0.14718 50.93065 29.50608
0.05714 19.48516 11.18191
0.03562 11.91587 6.83134
0.21471 70.11690 41.04614
0.03894 12.33494 7.07189
0.22317 68.98303 40.35323
0.24807 73.39603 43.05899
0.20272 56.99450 33.11441
0.38339 106.42701 64.29965
0.39967 107.06442 64.73152
0.39539 102.50118 61.66178
0.46097 116.79607 71.46198
0.43229 107.34468 64.92173
0.27732 66.42713 38.79690
0.00645 1.50319 0.86127
0.23077 52.11739 30.20978
0.01378 3.04112 1.74250
0.01492 3.18271 1.82363
0.05242 10.87089 6.23163
0.04117 8.19019 4.69395
0.04100 8.12086 4.65419
0.06661 12.67777 7.26870
0.01871 3.48960 1.99950
0.22622 41.13092 23.73564
0.12196 21.75615 12.49007
0.13310 23.39630 13.43585
0.04442 7.64626 4.38205
0.05447 9.23859 5.29520
0.03939 6.48980 3.71903
0.01521 2.46872 1.41451
0.01732 2.74821 1.57466
0.01404 2.18514 1.25202
0.04233 6.44830 3.69525
0.09139 13.65804 7.83157
0.04717 6.90218 3.95544
0.05007 7.02558 4.02619
0.01870 2.71004 1.55279
0.08774 12.18501 6.98582
0.02000 2.71484 1.55553
0.01304 1.74340 0.99891
0.01965 2.57777 1.47699
0.01912 2.48055 1.42129
0.01696 2.15225 1.23317
0.05204 6.55103 3.75414
0.02026 2.46378 1.41168
0.02484 3.07446 1.76161
0.08618 10.40199 5.96259
0.04043 4.85800 2.78370
0.06631 7.86115 4.50527
0.03066 3.60313 2.06455
0.10848 12.55166 7.19630
0.01271 1.45862 0.83574
0.02323 2.61447 1.49803
0.02954 3.28654 1.88313
0.07053 7.76377 4.44943
0.03471 3.77894 2.16530
0.04559 4.90910 2.81299
0.04539 4.81785 2.76069
0.04141 4.33696 2.48509
0.01367 1.40998 0.80787
0.01109 1.13820 0.65214
0.01765 1.75169 1.00366
0.12740 12.43355 7.12850
0.03507 3.40362 1.95023
0.30783 29.50355 16.96621
0.14855 14.08582 8.07727
0.01917 1.80200 1.03248
0.04133 3.86360 2.21382
0.14127 13.18395 7.55933
0.01489 1.39270 0.79797
0.01290 1.20805 0.69217
0.09564 8.98068 5.14728
0.41201 38.27862 22.06819
0.08581 7.97331 4.56958
0.02402 2.22594 1.27539
0.02617 2.43479 1.39506
0.05120 4.80209 2.75166
0.01825 1.71875 0.98478
0.01271 1.20021 0.68767
0.05627 5.27035 3.02004
0.16421 15.32998 8.79205
0.40305 37.43438 21.57557
0.04291 3.98847 2.28537
0.24337 22.62187 12.98918
0.04187 3.88106 2.22383
0.15477 14.41606 8.26696
0.11312 10.42209 5.97413
0.09142 8.51553 4.88051
0.02286 2.11266 1.21049
0.06145 5.66361 3.24544
0.10658 9.77057 5.60036
0.31304 28.65331 16.47382
0.08088 7.38363 4.23147
0.12378 11.12604 6.37804
0.15980 14.41203 8.26465
0.22475 20.51158 11.77297
0.11079 9.94630 5.70116
0.02865 2.56700 1.47082
0.04155 3.68976 2.11420
0.03683 3.25906 1.86739
0.01589 1.39276 0.79800
0.02505 2.19787 1.25931
0.01997 1.74650 1.00068
0.01434 1.25068 0.71659
0.06097 5.29402 3.03360
0.03127 2.69904 1.54648
0.05299 4.55066 2.60756
0.04051 3.46418 1.98493
0.02767 2.36442 1.35474
0.05559 4.74906 2.72127
0.03818 3.22289 1.84666
0.07621 6.40260 3.66904
0.08911 7.47941 4.28639
0.06976 5.84286 3.34819
0.00766 0.63589 0.36434
0.04952 4.12022 2.36088
0.05878 4.86221 2.78611
0.02842 2.33471 1.33772
0.05125 4.19170 2.40184
0.05658 4.61880 2.64661
0.11450 9.33584 5.35099
0.12871 10.46272 5.99743
0.14445 11.69637 6.70535
0.03627 2.93036 1.67903
0.12708 10.21776 5.85689
0.70244 56.39761 32.75779
0.50184 40.21025 23.19688
0.50461 40.18643 23.18295
0.06869 5.49291 3.14760
0.04883 3.85684 2.20995
0.07947 6.26592 3.59069
0.12054 9.47668 5.43177
0.11803 9.27174 5.31422
0.08397 6.60607 3.78569
0.09272 7.27232 4.16765
0.03931 3.08511 1.76771
0.04818 3.77161 2.16110
0.01699 1.34177 0.76879
0.05578 4.38339 2.51170
0.06525 4.97285 2.84953
0.13960 11.45880 6.56901
0.02850 2.27164 1.30158
0.05171 4.13675 2.37035
0.14096 11.29921 6.47742
0.09053 7.32272 4.19655
0.23219 19.12816 10.97640
0.09755 8.10862 4.64717
0.07363 6.13965 3.51831
0.05302 4.46086 2.55610
0.02918 2.47941 1.42063
0.07670 6.59256 3.77795
0.02644 2.29418 1.31450
0.02719 2.38537 1.36675
0.03110 2.74329 1.57184
0.02492 2.21032 1.26645
0.04389 3.89782 2.23343
0.06954 6.20253 3.55436
0.03390 3.03779 1.74059
0.06321 5.67888 3.25419
0.02914 2.62757 1.50553
0.07269 6.60125 3.78292
0.03147 2.86889 1.64381
0.04064 3.71654 2.12954
0.03509 3.19907 1.83301
0.04870 4.44074 2.54457
0.03477 3.18240 1.82346
0.03059 2.81431 1.61253
0.00781 0.72160 0.41345
0.05680 5.33325 3.05609
0.04183 3.95792 2.26787
0.04856 4.62310 2.64908
0.02738 2.62660 1.50497
0.03226 3.11573 1.78525
0.09611 9.41201 5.39467
0.10716 10.56856 6.05816
0.03045 3.03360 1.73819
0.08464 8.50986 4.87726
0.16416 16.60751 9.52637
0.06438 6.57012 3.76508
0.04886 5.03330 2.88417
0.03456 3.59391 2.05927
0.04562 4.78612 2.74250
0.13006 13.77968 7.90144
0.13232 14.38945 8.25168
0.07982 8.73696 5.00750
0.01027 1.15316 0.66071
0.06046 6.82188 3.90941
0.06190 7.06829 4.05068
0.05190 5.92399 3.39469
0.06555 7.54189 4.32221
0.06936 8.23088 4.71728
0.07271 8.58696 4.92148
0.01524 1.80997 1.03705
0.11874 14.05207 8.05788
0.04937 5.88596 3.37290
0.57704 68.63198 40.13902
0.10026 11.92250 6.83514
0.16159 19.28132 11.06457
0.20172 24.13639 13.86292
0.13678 16.31428 9.35779
0.16832 19.73220 11.32414
0.12167 14.72813 8.44624
0.15147 17.92574 10.28449
0.05020 5.92130 3.39315
0.11306 13.20098 7.56911
0.06344 7.40651 4.24459
0.11177 12.82027 7.35052
0.09406 10.65067 6.10527
0.00650 0.72362 0.41460
0.08666 9.64239 5.52683
0.21333 23.41174 13.44476
0.29237 31.55792 18.15724
0.04161 4.43247 2.53983
0.28576 30.07551 17.29761
0.06524 6.78394 3.88766
0.53802 55.33397 32.12310
0.14399 14.63735 8.39409
0.19968 20.06522 11.51590
0.23134 22.56620 12.95707
0.75274 75.26886 44.21485
0.73979 71.56959 41.93618
0.78327 74.93001 44.00537
0.84059 79.28656 46.71073
0.69775 65.72312 38.36954
0.62813 58.24810 33.86448
0.22018 20.14455 11.56158
0.48618 44.24133 25.55983
0.34471 30.84468 17.74352
0.59756 52.86651 30.65459
0.11611 10.20108 5.84732
0.51906 45.03019 26.02351
0.84166 72.33707 42.40747
0.58973 49.95452 28.92811
0.71174 59.36678 34.53508
0.82686 68.67798 40.16708
0.78715 64.04470 37.35288
0.71008 58.03499 33.73686
0.77166 62.20673 36.24307
0.79285 63.60428 37.08662
0.71815 57.25915 33.27263
0.94986 74.56821 43.78188
1.34303 104.59274 63.06252
0.87929 68.27479 39.92121
1.16603 89.78068 53.34670
1.06003 80.73349 47.61530
0.40434 30.54766 17.57129
0.77771 58.08680 33.76788
0.85003 63.23505 36.86356
1.35137 98.82597 59.22477
0.92579 67.18632 39.25839
0.79024 57.33565 33.31839
0.33320 24.01612 13.79351
0.29394 20.99405 12.05091
0.69810 49.57510 28.70366
0.86989 61.18022 35.62477
1.05349 73.92152 43.38284
0.87562 60.84723 35.42443
0.93782 64.71796 37.76032
1.68735 116.67907 71.37942
0.91154 61.96351 36.09647
1.05547 71.89674 42.13698
1.32870 89.31710 53.04965
0.16112 10.83584 6.21152
1.35717 91.10333 54.19636
1.64258 109.22183 66.20098
1.61052 107.26827 64.86985
1.33752 88.75089 52.68735
1.43811 95.34004 56.94022
0.67925 44.84255 25.91318
1.01406 66.73641 38.98483
0.10974 7.18073 4.11514
1.34559 88.10735 52.27627
0.53354 34.93423 20.11904
1.24341 81.25304 47.94087
0.65346 42.46117 24.51503
1.64848 107.22040 64.83735
0.06200 4.01236 2.29907
1.73139 112.36468 68.36398
0.11076 7.19098 4.12102
0.33907 22.20358 12.74799
1.06583 70.36836 41.20002
0.47616 31.76673 18.27841
0.52579 35.48646 20.44047
1.40225 94.49694 56.39141
0.61498 41.90793 24.19075
0.34049 23.38791 13.43102
0.25937 18.00697 10.33122
0.19930 13.98448 8.01906
0.05883 4.15375 2.38009
0.12766 9.14384 5.24086
0.27199 19.58472 11.23923
1.30228 94.90926 56.65963
0.01780 1.30996 0.75056
0.19414 14.39346 8.25398
0.11874 8.91439 5.10926
0.07362 5.63627 3.22977
0.15317 11.81350 6.77258
0.81628 63.29678 36.90084
1.11222 86.93682 51.53039
0.05569 4.40275 2.52279
0.08446 6.72784 3.85550
0.09629 7.72061 4.42468
0.15673 12.65449 7.25534
0.03373 2.75109 1.57631
0.04147 3.41625 1.95746
0.11294 9.38617 5.37986
0.08533 7.14334 4.09370
0.07288 6.13016 3.51287
0.07576 6.34936 3.63852
0.06438 5.64923 3.23720
0.06189 5.42559 3.10902
0.06380 5.67012 3.24918
0.10147 9.08745 5.20852
0.13991 12.71222 7.28848
0.08875 8.19701 4.69786
0.05534 5.12628 2.93747
0.03014 2.78846 1.59772
0.29135 27.09201 15.57045
0.03111 2.94326 1.68642
0.11123 10.65128 6.10562
0.05222 5.04355 2.89005
0.08736 8.50592 4.87500
0.06659 6.49719 3.72327
0.03962 3.89988 2.23461
0.04575 4.52399 2.59228
0.01627 1.62005 0.92823
0.03170 3.14403 1.80147
0.06574 6.53618 3.74562
0.04698 4.74947 2.72150
0.07651 7.72773 4.42876
0.05730 5.78235 3.31350
0.06984 7.05605 4.04366
0.01884 1.90728 1.09281
0.05675 5.76509 3.30361
0.03634 3.72330 2.13342
0.10079 10.35791 5.93730
0.06132 6.30520 3.61321
0.05816 5.98423 3.42923
0.03700 3.82188 2.18991
0.05910 6.10427 3.49803
0.04650 4.81120 2.75688
0.06378 6.59283 3.77810
0.10853 11.27353 6.46268
0.08971 9.35542 5.36222
0.12639 13.20448 7.57112
0.14420 15.12074 8.67182
0.26213 27.58764 15.85711
0.07278 7.70200 4.41401
0.03541 3.75614 2.15224
0.13704 14.50592 8.31858
0.05182 5.46252 3.13018
0.08712 9.15322 5.24624
0.09854 10.28574 5.89589
0.09953 10.31918 5.91508
0.06657 6.86401 3.93356
0.10649 10.93279 6.26715
0.18969 19.38201 11.12253
0.18582 18.91907 10.85606
0.14729 14.91669 8.55458
0.07112 7.20344 4.12816
0.11762 11.89056 6.81681
0.18392 18.57783 10.65968
0.11769 11.85733 6.79774
0.08355 8.37506 4.79996
0.27285 27.26647 15.67134
0.20166 20.53129 11.78432
0.09854 9.95721 5.70742
0.05639 5.69138 3.26136
0.06840 6.89246 3.94987
0.06049 6.12188 3.50813
0.04481 4.51996 2.58997
0.08015 8.09732 4.64069
0.02018 2.04679 1.17275
0.02977 3.00810 1.72358
0.10881 11.02424 6.31963
0.01241 1.25419 0.71860
0.06335 6.41521 3.67627
0.04117 4.17627 2.39300
0.04809 4.90086 2.80827
0.04838 4.93360 2.82703
0.51339 52.58332 30.48639
0.04356 4.48154 2.56795
0.04160 4.29662 2.46197
0.02783 2.89744 1.66017
0.04892 5.07733 2.90941
0.06253 6.47526 3.71070
0.04960 5.25763 3.01275
0.04844 5.10428 2.92486
0.05508 5.83358 3.34287
0.04898 5.16140 2.95759
0.05395 5.75031 3.29514
0.11067 11.78985 6.75901
0.07051 7.55633 4.33049
0.06506 6.94774 3.98156
0.12972 13.82950 7.93005
0.06186 6.57190 3.76610
0.07112 7.56145 4.33343
0.02317 2.45320 1.40561
0.02625 2.75745 1.57995
0.04276 4.45857 2.55478
0.04620 4.83877 2.77268
0.03197 3.34768 1.91817
0.02951 3.09574 1.77380
0.02785 2.91287 1.66901
0.01212 1.25841 0.72102
0.03687 3.83426 2.19700
0.07115 7.37826 4.22839
0.03479 3.60585 2.06611
0.00595 0.61314 0.35131
0.04808 4.94603 2.83415
0.02092 2.17032 1.24353
0.04101 4.21001 2.41234
0.01419 1.44852 0.82995
0.02271 2.30321 1.31967
0.06675 6.76150 3.87479
0.04771 4.83826 2.77239
0.01916 1.94297 1.11326
0.02528 2.56880 1.47185
0.05905 5.98937 3.43217
0.05029 5.11081 2.92860
0.03688 3.76430 2.15691
0.08541 8.72001 4.99778
0.05521 5.64163 3.23285
0.06911 7.01618 4.02080
0.10336 10.57391 6.06123
0.45151 46.19929 26.71149
0.08401 8.64428 4.95435
0.15144 15.35296 8.80526
0.01689 1.75620 1.00624
0.08865 9.05098 5.18760
0.04939 5.06388 2.90170
0.02286 2.35006 1.34651
0.04947 5.01222 2.87209
0.02385 2.45779 1.40824
0.03926 3.92487 2.24893
0.07112 7.31280 4.19086
0.03175 3.19413 1.83018
0.30752 30.83866 17.74003
0.03992 3.96549 2.27221
0.03235 3.20116 1.83421
0.06541 6.41917 3.67855
0.06772 6.66259 3.81809
0.05972 5.81721 3.33348
0.03883 3.76029 2.15461
0.04064 3.93652 2.25560
0.09974 9.58565 5.49428
0.02918 2.79763 1.60298
0.04863 4.63281 2.65464
0.04089 3.88145 2.22405
0.04284 4.04527 2.31793
0.04087 3.85862 2.21096
0.06985 6.54622 3.75138
0.06174 5.77205 3.30760
0.03917 3.64645 2.08938
0.04609 4.27043 2.44696
0.04015 3.70561 2.12328
0.04467 4.09110 2.34419
0.05330 4.88138 2.79710
0.05459 4.97155 2.84878
0.07952 7.21949 4.13736
0.07043 6.36952 3.65008
0.05535 5.00365 2.86718
0.12124 10.94825 6.27602
0.30812 27.67852 15.90968
0.04549 4.05638 2.32430
0.02844 2.51981 1.44378
0.07276 6.45673 3.70008
0.04068 3.59437 2.05954
0.03861 3.40543 1.95126
0.05226 4.59687 2.63405
0.05086 4.46175 2.55661
0.03778 3.30181 1.89189
0.04042 3.52934 2.02227
0.07534 6.60072 3.78262
0.06863 6.00983 3.44390
0.06790 5.95112 3.41024
0.06055 5.29105 3.03190
0.09072 7.96814 4.56662
0.05387 4.74045 2.71633
0.06318 5.57027 3.19194
0.05326 4.70326 2.69502
0.05640 5.00962 2.87060
0.05964 5.30298 3.03874
0.06557 5.82893 3.34020
0.02386 2.13291 1.22209
0.02094 1.87517 1.07441
0.03454 3.10006 1.77628
0.06249 5.61599 3.21815
0.06440 5.79666 3.32170
0.06960 6.27335 3.59496
0.06038 5.44235 3.11862
0.04549 4.10499 2.35215
0.07578 6.84854 3.92469
0.15162 13.73771 7.87733
0.03455 3.13951 1.79888
0.03384 3.06555 1.75650
0.04623 4.20193 2.40770
0.03233 2.93467 1.68150
0.09507 8.62350 4.94243
0.00253 0.23056 0.13210
0.02973 2.72812 1.56315
0.16911 15.55316 8.92031
0.02768 2.55725 1.46524
0.06643 6.14143 3.51933
0.02558 2.38877 1.36870
0.03023 2.84950 1.63270
0.04984 4.76495 2.73037
0.05446 5.27575 3.02313
0.05486 5.41137 3.10086
0.10602 10.55711 6.05159
0.01511 1.53295 0.87832
0.00412 0.42556 0.24383
0.57722 60.42405 35.16999
0.09329 9.83049 5.63472
0.05444 5.73348 3.28549
0.06810 7.19275 4.12203
0.04839 5.14539 2.94842
0.02776 2.95026 1.69043
0.03165 3.37859 1.93588
0.04301 4.61496 2.64441
0.11061 11.88445 6.81330
0.06352 6.91042 3.96017
0.02354 2.54178 1.45637
0.04853 5.26496 3.01695
0.13877 15.27510 8.76052
0.09423 10.23683 5.86784
0.03607 3.90263 2.23619
0.02783 3.05501 1.75046
0.02912 3.14759 1.80351
0.09049 9.94860 5.70248
0.04469 4.82759 2.76627
0.07412 7.98976 4.57901
0.05841 6.36191 3.64572
0.05405 5.79394 3.32015
0.03900 4.13449 2.36906
0.05027 5.30691 3.04099
0.08352 8.79517 5.04089
0.09114 9.59092 5.49730
0.08617 8.95027 5.12984
0.17398 17.86129 10.24742
0.07336 7.44469 4.26648
0.06553 6.60892 3.78732
0.04777 4.78724 2.74315
0.06409 6.35501 3.64177
0.05150 5.05075 2.89417
0.04896 4.74316 2.71789
0.05925 5.64397 3.23418
0.05091 4.79937 2.75010
0.04646 4.33493 2.48393
0.03322 3.07256 1.76051
0.03944 3.61735 2.07270
0.02620 2.38954 1.36914
0.02148 1.94838 1.11635
0.05104 4.59246 2.63152
0.04303 3.85786 2.21053
0.03693 3.28873 1.88439
0.05712 5.08067 2.91133
0.08910 7.94512 4.55342
0.18457 16.43075 9.42475
0.03698 3.29700 1.88913
0.03586 3.20048 1.83382
0.07320 6.51719 3.73474
0.01184 1.05314 0.60341
0.02978 2.65813 1.52304
0.04327 3.87550 2.22064
0.03435 3.09111 1.77115
0.05112 4.62350 2.64931
0.05818 5.25752 3.01269
0.05379 4.88421 2.79873
0.04668 4.25581 2.43859
0.05496 5.01133 2.87158
0.08309 7.60395 4.35779
0.03739 3.41802 1.95847
0.07517 6.84814 3.92446
0.04742 4.30583 2.46725
0.06713 6.09368 3.49196
0.06437 5.83524 3.34382
0.01151 1.04062 0.59623
0.05008 4.51829 2.58901
0.05483 4.93421 2.82738
0.01856 1.67437 0.95936
0.10415 9.39859 5.38698
0.04369 3.91737 2.24463
0.05880 5.26668 3.01794
0.07978 7.13437 4.08856
0.01324 1.18355 0.67813
0.04071 3.62636 2.07787
0.00874 0.77646 0.44488
0.10252 9.13404 5.23524
0.05344 4.76814 2.73220
0.01523 1.36156 0.78012
0.01947 1.74722 1.00109
0.03015 2.70745 1.55130
0.04668 4.18835 2.39992
0.02983 2.68745 1.53984
0.04801 4.33331 2.48300
0.02482 2.23818 1.28241
0.02292 2.07386 1.18825
0.05672 5.16047 2.95706
0.03251 2.97614 1.70527
0.05866 5.39281 3.09023
0.04665 4.27191 2.44781
0.03909 3.61002 2.06850
0.01882 1.74371 0.99909
0.03494 3.26187 1.86900
0.00284 0.26723 0.15311
0.03591 3.36886 1.93030
0.02290 2.16959 1.24311
0.07218 6.88510 3.94565
0.10900 10.42891 5.97804
0.02127 2.04208 1.17005
0.05306 5.11902 2.93330
0.07462 7.26422 4.16301
0.09087 8.90948 5.10644
0.09921 9.80814 5.62190
0.07269 7.17891 4.11410
0.05165 5.12930 2.93920
0.08683 8.69225 4.98186
0.02990 3.01333 1.72658
0.03593 3.63506 2.08285
0.04901 4.96651 2.84589
0.03348 3.40932 1.95349
0.09114 9.34504 5.35626
0.05213 5.36509 3.07434
0.04278 4.43692 2.54238
0.04530 4.69379 2.68959
0.03055 3.18393 1.82433
0.07450 7.75437 4.44404
0.04105 4.30374 2.46605
0.01770 1.87814 1.07611
0.03473 3.67441 2.10540
0.03076 3.27611 1.87716
0.11474 12.28799 7.04494
0.09019 9.74247 5.58423
0.05792 6.32806 3.62632
0.10504 11.55873 6.62635
0.05365 5.97721 3.42520
0.08651 9.76100 5.59486
0.07956 9.06712 5.19686
0.06103 7.09878 4.06816
0.07139 8.43614 4.83498
0.06227 7.49197 4.29359
0.03963 4.83674 2.77152
0.11012 13.56451 7.77786
0.06761 8.38589 4.80617
0.07165 8.93866 5.12318
0.04367 5.47069 3.13487
0.06350 7.97749 4.57198
0.05567 7.01279 4.01886
0.05815 7.30540 4.18662
0.02375 2.99094 1.71375
0.05236 6.60758 3.78655
0.09044 11.28878 6.47143
0.09603 12.23565 7.01489
0.07984 10.09031 5.78378
0.16271 20.51328 11.77395
0.08545 10.96994 6.28847
0.09301 11.72449 6.72149
0.05747 7.42221 4.25359
0.06175 7.75880 4.44658
0.04451 5.61500 3.21758
0.07373 9.49428 5.44187
0.10071 12.64242 7.24840
0.12991 16.29978 9.34946
0.10610 13.49954 7.74055
0.06374 7.92740 4.54325
0.05597 7.07613 4.05517
0.02808 3.46661 1.98632
0.05685 6.96843 3.99343
0.03698 4.59488 2.63291
0.05634 6.85155 3.92641
0.05390 6.64590 3.80852
0.08206 9.88894 5.66826
0.05013 5.99116 3.43320
0.06742 8.14134 4.66594
0.07436 8.83080 5.06132
0.10721 12.66453 7.26110
0.05863 6.96139 3.98939
0.09122 10.66317 6.11244
0.04856 5.68881 3.25989
0.04781 5.53083 3.16934
0.04766 5.51055 3.15771
0.04686 5.46075 3.12917
0.04302 4.95565 2.83967
0.08927 10.22403 5.86049
0.01456 1.68641 0.96625
0.09496 10.79829 6.18997
0.29036 32.98057 18.98318
0.00585 0.66654 0.38190
0.06894 7.77638 4.45666
0.08787 10.08041 5.77810
0.10533 11.93079 6.83990
0.04285 4.84945 2.77880
0.02261 2.61440 1.49798
0.03995 4.56732 2.61711
0.03614 4.15046 2.37821
0.01756 2.05879 1.17962
0.02799 3.22428 1.84746
0.02803 3.26404 1.87024
0.13295 15.23681 8.73852
0.12477 14.25617 8.17512
0.10026 11.53427 6.61232
0.04714 5.37742 3.08141
0.04667 5.28627 3.02916
0.00952 1.07681 0.61697
0.05696 6.34697 3.63716
0.01411 1.59031 0.91119
0.02416 2.68245 1.53698
0.04282 4.74101 2.71665
0.04613 5.15309 2.95283
0.04197 4.61145 2.64240
0.09842 10.76156 6.16890
0.04094 4.49984 2.57844
0.03346 3.61459 2.07112
0.04974 5.39145 3.08945
0.17577 18.77102 10.77086
0.16147 17.16074 9.84449
0.01977 2.10013 1.20331
0.02416 2.53481 1.45238
0.08921 9.28584 5.32231
0.03406 3.56063 2.04020
0.11204 11.52787 6.60865
0.26514 27.29756 15.68932
0.25632 26.07535 14.98273
0.11388 11.50945 6.59807
0.07892 8.00810 4.58953
0.89938 89.97288 53.46997
0.04358 4.33434 2.48359
0.02797 2.76577 1.58472
0.04273 4.17666 2.39322
0.01330 1.29871 0.74411
0.06860 6.66966 3.82214
0.08813 8.50504 4.87450
0.03251 3.13316 1.79524
0.06770 6.45642 3.69990
0.04382 4.17931 2.39474
0.16170 15.21401 8.72541
0.06381 5.99751 3.43684
0.02407 2.25928 1.29450
0.02079 1.93863 1.11077
0.12508 11.57160 6.63374
0.05515 5.05400 2.89603
0.18721 17.21518 9.87579
0.20287 18.53301 10.63389
0.02161 1.96167 1.12397
0.02261 2.04328 1.17073
0.07883 7.08870 4.06238
0.11556 10.33342 5.92325
0.10510 9.37711 5.37466
0.08311 7.39814 4.23979
0.04475 3.95863 2.26828
0.07647 6.72793 3.85555
0.08431 7.38066 4.22977
0.08926 7.78328 4.46062
0.03473 3.00894 1.72406
0.02287 1.96925 1.12832
0.06660 5.69158 3.26148
0.02441 2.08061 1.19212
0.10643 8.96660 5.13920
0.19315 16.42102 9.41916
0.07804 6.57200 3.76616
0.04531 3.59812 2.06168
0.10143 8.92250 5.11392
0.05935 4.91657 2.81727
0.01046 0.85956 0.49249
0.02014 1.64339 0.94161
0.08032 6.53159 3.74299
0.01152 0.93413 0.53522
0.05083 4.09991 2.34924
0.08116 6.51256 3.73208
0.04137 3.31000 1.89658
0.03312 2.64015 1.51274
0.04403 3.47896 1.99340
0.05563 4.35942 2.49796
0.00650 0.50874 0.29149
0.01674 1.30429 0.74731
0.06482 5.02219 2.87781
0.02534 1.95395 1.11955
0.03311 2.52316 1.44570
0.02205 1.66206 0.95230
0.03756 2.83432 1.62400
0.05647 4.24324 2.43138
0.03638 2.71626 1.55635
0.01920 1.42585 0.81696
0.06637 4.89169 2.80301
0.05957 4.37570 2.50729
0.06787 4.96093 2.84269
0.01897 1.37967 0.79050
0.06985 5.05892 2.89886
0.04285 3.08481 1.76754
0.03527 2.52948 1.44933
0.03577 2.55995 1.46678
0.05811 4.14454 2.37482
0.03476 2.47791 1.41977
0.04928 3.49370 2.00185
0.03218 2.28588 1.30974
0.05508 3.90060 2.23502
0.03724 2.64173 1.51364
0.06851 4.85054 2.77943
0.06231 4.41097 2.52751
0.05391 3.81897 2.18824
0.06342 4.49623 2.57637
0.07632 5.41875 3.10510
0.06875 4.87158 2.79148
0.06333 4.48649 2.57079
0.03403 2.41852 1.38574
0.09176 6.49651 3.72288
0.09058 6.39482 3.66459
0.04686 3.33129 1.90878
0.06425 4.58132 2.62513
0.07067 5.05473 2.89646
0.09744 6.98973 4.00564
0.11876 8.54064 4.89491
0.17177 12.31031 7.05775
0.11914 8.55282 4.90190
0.07213 5.19306 2.97574
0.06591 4.75151 2.72267
0.07058 5.10594 2.92580
0.08426 6.07604 3.48185
0.08429 6.12379 3.50922
0.03293 2.39349 1.37140
0.03401 2.48389 1.42320
0.02018 1.47661 0.84604
0.02747 2.01095 1.15221
0.03961 2.92238 1.67446
0.17535 12.97122 7.43718
0.03789 2.81066 1.61044
0.04434 3.29588 1.88848
0.07560 5.64434 3.23440
0.08900 6.67501 3.82521
0.51601 39.04061 22.51317
0.25446 19.55308 11.22102
0.03574 2.77286 1.58878
0.06602 5.19775 2.97843
0.05403 4.33157 2.48200
0.06398 5.21705 2.98949
0.03922 3.25258 1.86368
0.02311 1.93881 1.11087
0.07160 6.13254 3.51424
0.00784 0.68296 0.39131
0.10941 9.74356 5.58486
0.02180 1.97694 1.13272
0.04916 4.52856 2.59490
0.01868 1.74766 1.00135
0.03696 3.48011 1.99406
0.05943 5.65902 3.24281
0.03251 3.12825 1.79243
0.13682 13.24075 7.59194
0.06067 5.95011 3.40967
0.05868 5.78957 3.31764
0.19675 19.54316 11.21530
0.23675 23.42593 13.45295
0.01052 1.04154 0.59676
0.06060 5.97571 3.42434
0.04478 4.43624 2.54199
0.04483 4.42767 2.53707
0.01415 1.39753 0.80073
0.07254 7.23996 4.14910
0.14123 14.11170 8.09213
0.03878 3.86469 2.21444
0.04613 4.59240 2.63148
0.06562 6.48672 3.71727
0.04265 4.25256 2.43672
0.06098 6.02595 3.45314
0.01903 1.86102 1.06630
0.03368 3.30783 1.89533
0.04546 4.39652 2.51922
0.03526 3.38223 1.93797
0.02162 2.08069 1.19217
0.08274 7.83404 4.48972
0.03435 3.23854 1.85563
0.08555 8.17024 4.68251
0.04153 3.89582 2.23228
0.08892 8.41400 4.82229
0.01372 1.27377 0.72982
0.05490 5.07414 2.90758
0.11794 10.89900 6.24776
0.16813 15.28504 8.76623
0.03411 3.09009 1.77056
0.06862 6.29208 3.60569
0.06536 5.90378 3.38311
0.05496 4.97398 2.85018
0.05127 4.55934 2.61254
0.05212 4.60925 2.64114
0.04903 4.38254 2.51121
0.05794 5.07603 2.90866
0.04171 3.66371 2.09927
0.03423 3.02284 1.73203
0.02170 1.89390 1.08514
0.03943 3.46346 1.98452
0.04470 3.86185 2.21281
0.05276 4.55677 2.61106
0.14425 12.49295 7.16260
0.02440 2.09284 1.19913
0.04633 3.98088 2.28103
0.05625 4.80019 2.75057
0.07571 6.44307 3.69225
0.04360 3.69333 2.11624
0.04160 3.51275 2.01276
0.07613 6.47902 3.71286
0.04838 4.11928 2.36034
0.11440 9.77816 5.60471
0.13714 11.70601 6.71089
0.07616 6.52046 3.73661
0.05504 4.73141 2.71115
0.21839 18.80390 10.78978
0.09373 8.11695 4.65195
0.14325 12.45234 7.13928
0.03799 3.34908 1.91897
0.07561 6.72033 3.85119
0.08920 8.02160 4.59727
0.02561 2.32057 1.32962
0.04985 4.61590 2.64495
0.04076 3.84746 2.20457
0.07782 7.43404 4.26037
0.04220 4.12503 2.36364
0.13970 13.79383 7.90956
0.06987 7.02815 4.02766
0.03911 4.04116 2.31557
0.07951 8.29264 4.75270
0.07602 8.12160 4.65461
0.12149 13.33511 7.64613
0.07796 8.76269 5.02226
0.07750 9.11177 5.22247
0.09787 11.59426 6.64675
0.33803 41.41188 23.90016
0.06978 8.54314 4.89635
0.14540 17.93293 10.28863
0.01600 2.06227 1.18162
0.01154 1.46682 0.84043
0.06230 8.34463 4.78251
0.01878 2.48882 1.42602
0.01985 2.61690 1.49942
0.02092 2.91650 1.67109
0.04643 6.15533 3.52730
0.10386 14.51048 8.32120
0.05380 7.08592 4.06079
0.01040 1.36753 0.78355
0.02783 3.82947 2.19426
0.03690 4.94741 2.83495
0.03713 5.20732 2.98391
0.06833 9.33021 5.34776
0.09674 13.30254 7.62743
0.10984 15.39731 8.83075
0.07479 10.20302 5.84844
0.04957 6.88767 3.94712
0.06848 9.37437 5.37309
0.03596 4.90526 2.81079
0.05518 7.57128 4.33906
0.04108 5.59928 3.20857
0.05577 7.56543 4.33571
0.06588 8.90561 5.10422
0.04256 5.72351 3.27978
0.03558 4.74854 2.72097
0.05659 7.55006 4.32690
0.02195 2.92055 1.67341
0.03906 5.20125 2.98044
0.03824 5.07777 2.90966
0.04985 6.67535 3.82540
0.01540 2.05412 1.17695
0.05852 7.77804 4.45762
0.11306 14.93661 8.56602
0.10421 13.80734 7.91732
0.02082 2.75340 1.57763
0.06458 8.67394 4.97136
0.14961 20.33079 11.66884
0.17121 22.97060 13.19029
0.16167 22.36307 12.83995
0.17998 24.62209 14.14330
0.51817 73.94379 43.39657
0.13195 19.11270 10.96751
0.05549 7.95993 4.56191
0.03659 5.35021 3.06581
0.03968 5.78118 3.31283
0.00941 1.34923 0.77306
0.02805 4.06282 2.32799
0.03037 4.32620 2.47892
0.05538 7.98463 4.57607
0.08073 11.68647 6.69967
0.05460 7.68924 4.40670
0.05522 7.93481 4.54750
0.07401 10.69071 6.12824
0.12829 17.97088 10.31046
0.05814 8.41417 4.82239
0.01142 1.56631 0.89744
0.03132 4.42820 2.53738
0.01812 2.56888 1.47190
0.10946 14.94587 8.57134
0.03176 4.46636 2.55925
0.06459 8.93335 5.12014
0.08176 10.83754 6.21250
0.07092 9.62301 5.51571
0.05587 7.33098 4.20128
0.03350 4.45178 2.55089
0.05366 7.03842 4.03355
0.07924 10.15418 5.82042
0.11850 15.12703 8.67543
0.06956 8.75580 5.01831
0.07355 9.11806 5.22608
0.04539 5.58652 3.20126
0.07160 8.65098 4.95820
0.05942 7.09097 4.06368
0.08754 10.34128 5.92776
0.06409 7.47093 4.28152
0.10405 12.02919 6.89638
0.08037 9.23912 5.29551
0.07927 8.89989 5.10095
0.06001 6.67663 3.82614
0.05472 6.03179 3.45649
0.03952 4.32183 2.47642
0.04438 4.81052 2.75649
0.06776 7.24566 4.15237
0.11009 11.65349 6.68074
0.13704 14.31848 8.21091
0.06128 6.39464 3.66449
0.06406 6.59301 3.77820
0.02727 2.78331 1.59477
0.05859 5.94254 3.40533
0.01108 1.11380 0.63816
0.04317 4.30729 2.46808
0.09850 9.82263 5.63022
0.06074 6.03603 3.45891
0.13925 13.80418 7.91551
0.01339 1.32156 0.75721
0.43362 42.80335 24.71570
0.31308 30.86036 17.75261
0.38264 37.43614 21.57660
0.05820 5.68972 3.26041
0.07256 7.13178 4.08708
0.06957 6.83527 3.91708
0.11904 11.67475 6.69294
0.05594 5.48254 3.14166
0.09052 8.87111 5.08444
0.09259 9.08010 5.20430
0.08881 8.74216 5.01049
0.07059 6.92899 3.97081
0.04476 4.40736 2.52544
0.08974 8.78961 5.03770
0.05586 5.49355 3.14797
0.02819 2.77637 1.59080
0.02939 2.87792 1.64898
0.03070 3.03807 1.74075
0.03175 3.15326 1.80676
0.14275 14.15223 8.11541
0.23401 23.23459 13.34256
0.02283 2.26822 1.29962
0.01378 1.36344 0.78120
0.04433 4.39999 2.52121
0.09401 9.37967 5.37613
0.03051 3.02330 1.73229
0.02745 2.73718 1.56834
0.08455 8.37915 4.80230
0.09792 9.75477 5.59129
0.03509 3.50849 2.01032
0.06804 6.76513 3.87687
0.12354 12.34684 7.07872
0.00793 0.78765 0.45129
0.01073 1.06682 0.61125
0.03752 3.70256 2.12153
0.13236 13.29010 7.62028
0.20486 20.48064 11.75515
0.07311 7.30951 4.18897
0.05259 5.24357 3.00469
0.06328 6.31703 3.61999
0.07228 7.18144 4.11555
0.03343 3.31833 1.90135
0.04721 4.70190 2.69424
0.04626 4.61672 2.64542
0.02328 2.32351 1.33130
0.06489 6.47618 3.71123
0.07022 7.03514 4.03167
0.06978 7.01766 4.02165
0.02457 2.47432 1.41772
0.04905 4.95565 2.83967
0.05183 5.25400 3.01067
0.07516 7.63282 4.37435
0.04720 4.80667 2.75428
0.05059 5.18726 2.97242
0.00592 0.60507 0.34668
0.04251 4.36256 2.49976
0.03994 4.12378 2.36292
0.07385 7.54746 4.32540
0.09052 9.71886 5.57069
0.16461 17.44808 10.00974
0.11455 12.31043 7.05782
0.05689 6.18150 3.54231
0.13930 15.40788 8.83682
0.04291 4.85509 2.78203
0.06780 7.84401 4.49544
0.14681 17.60896 10.10227
0.06718 8.32067 4.76877
0.15261 19.27475 11.06079
0.09081 11.90085 6.82272
0.06500 8.79390 5.04016
0.09459 13.17943 7.55673
0.02220 3.17107 1.81697
0.10648 15.32489 8.78913
0.06404 9.18706 5.26565
0.03683 5.30588 3.04040
0.06670 9.75830 5.59331
0.10381 15.42137 8.84458
0.04149 6.18933 3.54679
0.06130 9.25267 5.30328
0.03198 4.87582 2.79391
0.06925 10.40482 5.96421
0.02982 4.66149 2.67108
0.08997 13.73767 7.87731
0.04229 6.75596 3.87162
0.06267 9.52695 5.46061
0.05477 8.78902 5.03736
0.04688 7.60249 4.35696
0.06925 10.53198 6.03717
0.01627 2.63379 1.50909
0.03503 5.25958 3.01386
0.04803 7.59052 4.35009
0.04075 6.36366 3.64673
0.06110 8.93092 5.11874
0.04476 6.92832 3.97043
0.06384 9.21036 5.27901
0.05410 8.20583 4.70291
0.04499 6.84640 3.92346
0.07793 11.10453 6.36570
0.05653 8.42019 4.82584
0.02894 4.09564 2.34679
0.06681 9.61096 5.50879
0.04982 7.03787 4.03324
0.05391 7.29821 4.18249
0.06350 8.62286 4.94206
0.05862 7.76524 4.45027
0.03382 4.39602 2.51893
0.03300 4.24551 2.43268
0.07586 9.41171 5.39451
0.05158 6.39115 3.66249
0.03216 3.87781 2.22196
0.07690 9.12350 5.22920
0.02629 3.05268 1.74912
0.02493 2.84421 1.62967
0.05729 6.41704 3.67733
0.03416 3.75366 2.15081
0.06398 6.94115 3.97779
0.07278 7.77343 4.45497
0.07610 8.08565 4.63400
0.06653 6.94053 3.97743
0.07919 8.16351 4.67865
0.07517 7.69854 4.41203
0.07453 7.50956 4.30367
0.06005 6.01667 3.44782
0.08331 8.27890 4.74481
0.06002 5.89211 3.37642
0.05109 4.96703 2.84619
0.05655 5.47621 3.13803
0.05161 4.95500 2.83930
0.04901 4.71225 2.70017
0.05491 5.22164 2.99212
0.08288 7.90589 4.53092
0.06783 6.44018 3.69059
0.07458 7.06773 4.05035
0.05845 5.50618 3.15521
0.04566 4.30758 2.46826
0.04590 4.33050 2.48139
0.07306 6.84724 3.92394
0.06848 6.40237 3.66891
0.07372 6.89846 3.95331
0.23451 22.04809 12.65835
0.04096 3.81815 2.18777
0.02077 1.96094 1.12356
0.08244 7.71805 4.42322
0.08854 8.25219 4.72950
0.02578 2.41367 1.38297
0.00292 0.27209 0.15590
0.09415 8.81624 5.05297
0.02320 2.18090 1.24959
0.10273 9.55645 5.47753
0.03568 3.32087 1.90281
0.04884 4.52719 2.59411
0.09286 8.54531 4.89759
0.16723 15.40138 8.83309
0.05607 5.11849 2.93300
0.19335 17.61220 10.10414
0.05939 5.35784 3.07018
0.05376 4.83777 2.77211
0.04291 3.84788 2.20481
0.00046 0.04083 0.02340
0.05190 4.62906 2.65249
0.07673 6.82402 3.91063
0.06384 5.64087 3.23241
0.07417 6.52736 3.74056
0.08922 7.81511 4.47887
0.08229 7.17848 4.11385
0.04762 4.10636 2.35293
0.06298 5.44450 3.11986
0.07131 6.12844 3.51189
0.03500 2.99547 1.71634
0.03504 2.97240 1.70312
0.07099 5.98386 3.42901
0.07461 6.24769 3.58025
0.07341 6.10977 3.50119
0.09981 8.31635 4.76629
0.04410 3.64081 2.08615
0.07249 5.95604 3.41306
0.03950 3.22090 1.84552
0.09200 7.49305 4.29421
0.15988 12.94470 7.42196
0.10803 8.67135 4.96988
0.05757 4.58460 2.62701
0.07399 5.89064 3.37558
0.06595 5.24201 3.00380
0.05095 4.03839 2.31398
0.06125 4.82495 2.76476
0.03340 2.62263 1.50270
0.08121 6.34113 3.63381
0.04757 3.69854 2.11923
0.04275 3.33242 1.90943
0.05849 4.53786 2.60022
0.08194 6.30946 3.61565
0.19437 14.88795 8.53807
0.03976 3.04938 1.74723
0.12146 9.30659 5.33421
0.06414 4.95442 2.83897
0.07655 5.88854 3.37437
0.02724 2.08958 1.19726
0.03462 2.64199 1.51379
0.06179 4.68006 2.68172
0.13306 10.06172 5.76737
0.07171 5.39748 3.09290
0.07986 6.00003 3.43828
0.07933 5.97112 3.42171
0.09014 6.76483 3.87670
0.04936 3.66785 2.10164
0.04358 3.22969 1.85056
0.05502 4.05558 2.32383
0.08318 6.10964 3.50111
0.23241 17.02032 9.76373
0.08974 6.58272 3.77230
0.09959 7.28636 4.17570
0.02083 1.52190 0.87200
0.04272 3.12649 1.79142
0.08395 6.10439 3.49810
0.14001 10.18601 5.83868
0.09407 6.81485 3.90538
0.14277 10.34745 5.93130
0.12566 9.09432 5.21246
0.08537 6.10954 3.50105
0.21077 15.09729 8.65834
0.08957 6.38637 3.65974
0.05402 3.83728 2.19873
0.08323 5.86757 3.36235
0.09490 6.66287 3.81825
0.04482 3.12219 1.78895
0.06108 4.25878 2.44028
0.07767 5.39744 3.09288
0.10111 6.99637 4.00944
0.10764 7.44434 4.26628
0.06892 4.77112 2.73391
0.16438 11.30349 6.47987
0.09649 6.61881 3.79299
0.10369 7.08973 4.06297
0.10868 7.37476 4.22639
0.09727 6.61678 3.79183
0.08425 5.69255 3.26203
0.07905 5.39610 3.09211
0.08164 5.53105 3.16946
0.09357 6.34863 3.63811
0.05129 3.47013 1.98834
0.18751 12.68170 7.27096
0.10536 7.16220 4.10452
0.13604 9.20156 5.27397
0.08427 5.72154 3.27865
0.14283 9.65512 5.53413
0.14933 10.10480 5.79209
0.07657 5.19740 2.97823
0.05409 3.64724 2.08983
0.04449 3.01897 1.72981
0.09382 6.39622 3.66539
0.06793 4.62142 2.64812
0.04320 2.94510 1.68748
0.06806 4.62551 2.65046
0.04699 3.19723 1.83195
0.07746 5.29917 3.03656
0.09229 6.30366 3.61233
0.09569 6.52855 3.74125
0.10390 7.07857 4.05657
0.10026 6.82319 3.91016
0.11927 8.13346 4.66141
0.11037 7.51915 4.30917
0.08431 5.75624 3.29854
0.06085 4.16522 2.38667
0.07060 4.84872 2.77839
0.03194 2.18612 1.25258
0.09169 6.29586 3.60786
0.14590 10.02563 5.74667
0.14750 10.13196 5.80767
0.09659 6.62326 3.79555
0.07251 4.97349 2.84989
0.06346 4.35872 2.49756
0.05657 3.86938 2.21713
0.10142 7.00606 4.01500
0.07503 5.17716 2.96663
0.08077 5.54531 3.17764
0.01287 0.88298 0.50591
0.08336 5.72228 3.27907
0.07945 5.51574 3.16068
0.06743 4.67624 2.67953
0.06289 4.36152 2.49916
0.06203 4.28783 2.45694
0.04452 3.08486 1.76756
0.07511 5.19164 2.97492
0.06977 4.83976 2.77325
0.04817 3.33591 1.91142
0.02982 2.07576 1.18935
0.14528 10.06327 5.76827
0.09700 6.70357 3.84158
0.06859 4.73199 2.71148
0.06421 4.43307 2.54017
0.03223 2.22475 1.27472
0.06347 4.36050 2.49858
0.04974 3.42454 1.96221
0.07271 4.99950 2.86480
0.10722 7.37474 4.22637
0.09189 6.31224 3.61725
0.08643 5.94794 3.40842
0.07470 5.14757 2.94966
0.07615 5.23590 3.00029
0.60893 42.03006 24.26232
0.08313 5.69697 3.26457
0.07207 4.97194 2.84901
0.00569 0.39312 0.22524
0.06585 4.56203 2.61408
0.04814 3.32168 1.90327
0.07808 5.39604 3.09208
0.11001 7.59033 4.34998
0.12613 8.64479 4.95464
0.17989 12.35778 7.08500
0.18604 12.73679 7.30258
0.11564 7.98719 4.57754
0.08571 5.94402 3.40618
0.05977 4.15017 2.37804
0.12514 8.66996 4.96908
0.05622 3.90369 2.23679
0.05080 3.53671 2.02649
0.10323 7.21517 4.13488
0.07128 4.97343 2.84986
0.07011 4.91353 2.81553
0.05355 3.73247 2.13867
0.07854 5.49554 3.14911
0.07636 5.35606 3.06916
0.10238 7.16615 4.10678
0.06778 4.74092 2.71660
0.11388 7.96713 4.56603
0.06585 4.62373 2.64944
0.10707 7.49166 4.29341
0.05900 4.11080 2.35548
0.12925 9.03810 5.18022
0.07062 4.92823 2.82396
0.16169 11.32041 6.48958
0.06249 4.38620 2.51331
0.14585 10.27328 5.88875
0.12601 8.88644 5.09323
0.10792 7.61677 4.36515
0.16512 11.60161 6.65097
0.06561 4.62268 2.64884
0.14498 10.22185 5.85924
0.17312 12.14840 6.96481
0.02868 2.00855 1.15083
0.05550 3.87421 2.21990
0.09750 6.80321 3.89871
0.08476 5.92165 3.39335
0.06561 4.59231 2.63143
0.04937 3.44350 1.97308
0.21312 14.81347 8.49527
0.11759 8.20074 4.70000
0.15072 10.51763 6.02894
0.11033 7.67844 4.40050
0.68418 47.90788 27.71871
0.12065 8.39580 4.81185
0.07758 5.39522 3.09161
0.05114 3.55373 2.03625
0.07151 4.94308 2.83246
0.05484 3.79418 2.17404
0.07643 5.29038 3.03152
0.09207 6.34485 3.63594
1.18913 81.63103 48.17800
0.09500 6.50420 3.72729
0.09807 6.73147 3.85758
0.23443 16.03780 9.19886
0.07901 5.42059 3.10615
0.05761 3.93052 2.25217
0.09397 6.40658 3.67133
0.12228 8.36018 4.79143
0.20557 14.08883 8.07900
0.04300 2.94159 1.68547
1.41178 96.12331 57.45135
0.05522 3.76066 2.15483
0.01389 0.94285 0.54021
0.06744 4.58118 2.62505
0.06677 4.54809 2.60609
0.09180 6.22581 3.56770
0.04997 3.39050 1.94271
0.03148 2.13081 1.22089
0.02562 1.73250 0.99266
0.03806 2.57791 1.47708
0.02720 1.83539 1.05162
0.05087 3.41270 1.95543
0.06195 4.14956 2.37769
0.05768 3.85130 2.20677
0.05189 3.44440 1.97359
0.05690 3.79697 2.17563
0.05852 3.91757 2.24475
0.03086 2.06384 1.18251
0.55215 36.69939 21.14703
0.05211 3.43874 1.97035
0.05657 3.75435 2.15121
0.06924 4.64800 2.66335
0.03667 2.47317 1.41706
0.04835 3.23870 1.85572
0.17227 11.47580 6.57876
0.06547 4.37934 2.50938
0.08705 5.82548 3.33823
0.04836 3.24467 1.85914
0.06060 4.03689 2.31312
0.05243 3.47669 1.99210
0.07329 4.85717 2.78323
0.08733 5.82008 3.33513
0.10888 7.26625 4.16417
0.24617 16.52964 9.48160
0.16573 11.12009 6.37463
0.58474 39.20546 22.60948
0.05625 3.76394 2.15671
0.11628 7.78866 4.46370
0.12062 8.11469 4.65065
0.10596 7.09352 4.06514
0.08820 5.93368 3.40025
0.08214 5.52470 3.16582
0.08992 6.04593 3.46459
0.17698 11.90677 6.82611
0.06880 4.62915 2.65254
0.13563 9.11913 5.22669
0.24142 16.26009 9.32664
0.47064 31.80620 18.30132
1.08646 73.24356 42.96509
0.09547 6.41323 3.67514
0.09334 6.28673 3.60263
0.07891 5.32881 3.05355
0.20044 13.39026 7.67780
0.07839 5.25041 3.00861
0.10149 6.76705 3.87797
0.94403 63.34546 36.93024
0.31006 20.55834 11.79990
0.03160 2.11403 1.21127
0.06553 4.34793 2.49138
0.10548 7.05566 4.04343
0.20565 13.74875 7.88367
0.09150 6.14039 3.51873
0.05629 3.78700 2.16992
0.04221 2.83919 1.62679
0.06542 4.37398 2.50631
0.03690 2.46175 1.41051
0.06850 4.59478 2.63285
0.23329 15.64752 8.97454
0.18401 12.40278 7.11083
0.56649 38.29358 22.07692
0.04041 2.73635 1.56786
0.04696 3.17668 1.82018
0.08805 6.00600 3.44170
0.15654 10.68269 6.12365
0.03190 2.17832 1.24811
0.05879 3.99932 2.29159
0.07164 4.82547 2.76506
1.53452 104.45618 62.97075
0.05842 4.00285 2.29362
0.10914 7.60881 4.36058
0.07321 5.14373 2.94747
0.10005 7.07007 4.05170
0.04812 3.42832 1.96438
0.06741 4.87399 2.79287
0.21323 15.65656 8.97974
0.06917 5.12884 2.93893
0.39412 29.57690 17.00870
0.18175 13.80706 7.91716
0.08392 6.50111 3.72552
0.03154 2.47059 1.41558
0.10765 8.47561 4.85762
0.05854 4.75768 2.72621
0.12614 10.39962 5.96123
0.09719 8.06886 4.62437
0.05488 4.64514 2.66171
0.10621 9.26267 5.30902
0.14928 13.51875 7.75158
0.08717 8.08487 4.63355
0.01294 1.23005 0.70477
0.04845 4.73217 2.71159
0.04020 4.09246 2.34497
0.03813 4.02704 2.30748
0.01897 2.08788 1.19629
0.02390 2.70394 1.54929
0.05725 6.76129 3.87467
0.02787 3.41402 1.95618
0.02158 2.73317 1.56604
0.01084 1.42542 0.81671
0.07995 10.88582 6.24020
0.03093 4.37047 2.50430
0.07925 11.71680 6.71708
0.02947 4.54436 2.60395
0.01852 2.98173 1.70847
0.05133 8.52169 4.88405
0.01150 1.92106 1.10071
0.00999 1.69973 0.97389
0.05566 9.55967 5.47938
0.00391 0.68600 0.39305
0.05029 8.89266 5.09680
0.03020 5.51293 3.15908
0.02250 4.14757 2.37655
0.03969 7.42487 4.25512
0.04786 9.10052 5.21601
0.04292 8.46690 4.85262
0.04522 8.90209 5.10221
0.03168 6.22711 3.56845
0.03246 6.43915 3.69000
0.04544 8.93731 5.12241
0.02835 5.60955 3.21446
0.03161 6.23252 3.57155
0.03410 6.55619 3.75709
0.01963 3.77489 2.16298
0.02434 4.58458 2.62700
0.01629 3.02943 1.73580
0.04218 7.74365 4.43790
0.04116 7.43795 4.26261
0.05061 9.05290 5.18870
0.05876 10.40348 5.96345
0.07045 12.19079 6.98914
0.04838 8.29105 4.75178
0.05266 8.87390 5.08604
0.05468 8.98361 5.14896
0.03851 6.27681 3.59694
0.04174 6.64433 3.80762
0.05122 8.07902 4.63020
0.07388 11.28823 6.47112
0.02467 3.73518 2.14023
0.02732 4.05953 2.32610
0.04538 6.66598 3.82003
0.02774 3.99190 2.28734
0.02197 3.11069 1.78237
0.05129 7.14730 4.09597
0.04340 5.95323 3.41145
0.04175 5.67934 3.25446
0.04068 5.43226 3.11284
0.02445 3.22978 1.85061
0.02529 3.29080 1.88558
0.02660 3.44769 1.97548
0.10807 13.79265 7.90888
0.06873 8.65733 4.96184
0.05791 7.19624 4.12403
0.03455 4.24119 2.43020
0.04545 5.52374 3.16527
0.04873 5.86178 3.35903
0.05232 6.19063 3.54754
0.05992 7.01671 4.02110
0.03766 4.38444 2.51230
0.03938 4.55456 2.60979
0.04821 5.61718 3.21883
0.04520 5.30637 3.04068
0.03124 3.70935 2.12542
0.05568 6.63895 3.80454
0.08053 9.71317 5.56743
0.04316 5.25279 3.00998
0.03543 4.36943 2.50370
0.03599 4.49784 2.57729
0.04741 5.99812 3.43719
0.04181 5.36900 3.07658
0.03227 4.19230 2.40219
0.01331 1.73844 0.99606
0.07962 10.43674 5.98253
0.02484 3.29980 1.89073
0.11568 15.66949 8.98716
0.01610 2.21292 1.26794
0.01530 2.10989 1.20890
0.06705 9.28169 5.31993
0.04661 6.52556 3.73953
0.06469 9.11335 5.22338
0.07876 11.24875 6.44846
0.08757 12.51232 7.17372
0.04078 5.77486 3.30921
0.04506 6.32149 3.62255
0.08217 11.44394 6.56048
0.06807 9.42613 5.40277
0.09548 13.26143 7.60382
0.03866 5.35836 3.07048
0.02447 3.39888 1.94751
