0.16048 -0.00231 0.24032
-0.03761 -0.03139 0.28914
0.03438 -0.03101 0.29533
0.20222 -0.03390 0.22742
0.02768 -0.03015 0.31306
0.20475 -0.02383 0.24934
0.22129 -0.01927 0.25474
0.17898 -0.02039 0.30670
-0.33244 -0.00273 0.13873
-0.34290 0.01562 0.14671
0.32932 -0.05636 0.19280
0.36916 -0.01390 0.13891
-0.36306 0.08707 0.15094
0.23363 -0.07606 0.33751
-0.02349 -0.00188 0.42820
0.19328 -0.09326 0.38732
-0.01517 -0.01793 0.45256
0.00622 -0.00129 0.46882
-0.05675 -0.03216 0.47774
0.03374 -0.00690 0.50148
0.03887 -0.00482 0.50335
0.06714 -0.02209 0.52065
0.01273 -0.01004 0.53579
-0.23270 -0.00285 0.49835
0.11254 -0.01408 0.54900
-0.12450 -0.05166 0.55271
-0.03836 -0.00172 0.57963
-0.05346 -0.01717 0.58694
0.02129 -0.03925 0.60526
-0.00091 -0.02277 0.61564
-0.01801 -0.00393 0.63002
-0.01203 -0.00275 0.64259
-0.04161 -0.01248 0.65495
-0.07085 -0.05724 0.66292
-0.04102 -0.02737 0.68161
-0.04642 -0.03988 0.71004
-0.01217 -0.02473 0.68964
-0.10019 -0.03060 0.71244
-0.01693 -0.02322 0.73627
-0.01302 -0.01648 0.74743
-0.02454 0.00402 0.76181
-0.02621 -0.00151 0.77055
-0.02487 -0.00342 0.78783
-0.05965 -0.00995 0.79205
-0.04197 -0.01144 0.82103
-0.04412 -0.01453 0.80676
-0.10982 -0.01480 0.82107
-0.04950 -0.03827 0.82986
-0.06982 -0.05347 0.83889
-0.04387 -0.00455 0.84982
-0.12356 -0.03054 0.85485
-0.02289 -0.01118 0.87097
-0.02984 0.00268 0.88784
-0.03757 0.00519 0.89814
-0.07965 -0.01080 0.90495
-0.04250 -0.01490 0.91735
-0.05240 -0.01362 0.92717
-0.05028 -0.02778 0.94030
-0.02992 -0.04349 0.95344
-0.01379 -0.02269 0.96893
0.00651 -0.00689 0.97453
-0.01356 -0.01316 1.00721
-0.11676 -0.01680 1.01782
-0.02028 -0.00811 1.03028
-0.29280 -0.03395 1.00087
-0.14490 -0.02328 1.04434
-0.01849 -0.01814 1.06378
-0.04143 -0.02275 1.06864
-0.14321 -0.02862 1.06150
0.00797 -0.00628 1.06900
-0.00763 -0.03352 1.06726
0.07854 -0.06403 1.06012
0.37626 -0.13639 0.99916
-0.10763 -0.02408 1.07054
-0.00782 0.00274 1.07920
-0.04738 -0.01913 1.07370
-0.06728 -0.05449 1.06261
-0.00305 -0.02173 1.06151
-0.01226 -0.01288 1.05868
-0.07175 -0.01489 1.06507
-0.17464 0.02828 1.05643
-0.40744 0.02589 0.99628
-0.04727 0.01329 1.07473
-0.25122 -0.04837 1.04495
-0.04709 -0.03303 1.07729
-0.16584 -0.05007 1.05951
-0.13036 -0.01337 1.07744
-0.10907 -0.04530 1.06702
-0.03371 -0.03741 1.08098
-0.08109 -0.03975 1.08116
-0.12481 -0.02445 1.08336
-0.31988 -0.08952 1.04079
-0.09811 -0.02613 1.09068
-0.13883 0.00807 1.10376
-0.17552 -0.02163 1.09463
-0.23888 -0.02260 1.06915
-0.13961 -0.01266 1.10498
-0.05321 -0.03602 1.11434
-0.07545 -0.03519 1.12303
-0.06478 -0.02102 1.12803
-0.03030 -0.04261 1.13964
-0.04394 -0.02930 1.13851
-0.03843 -0.03974 1.14209
-0.02467 -0.04107 1.14539
-0.06635 -0.06186 1.14805
-0.05014 -0.03149 1.15717
-0.04526 -0.06701 1.16160
0.01155 0.00219 1.16928
-0.03097 -0.04299 1.16908
-0.06208 -0.04798 1.16783
-0.03923 -0.04575 1.18299
-0.07608 -0.05424 1.18670
-0.08270 -0.06523 1.18670
-0.06904 -0.06303 1.19034
-0.01656 -0.02636 1.20392
-0.05666 -0.03255 1.20004
-0.05929 -0.05675 1.20609
-0.03823 -0.01072 1.21653
-0.06788 -0.03134 1.22034
-0.07591 -0.02885 1.22221
-0.13414 -0.00570 1.21913
-0.14609 -0.03719 1.22095
-0.16098 -0.03506 1.22400
-0.04734 -0.01707 1.23656
-0.13923 -0.02821 1.23560
-0.68468 0.03670 1.03980
-0.50370 -0.06563 1.13999
-0.51081 -0.01577 1.14696
0.05179 -0.03031 1.24900
-0.06454 -0.01145 1.26429
-0.09399 -0.01313 1.26481
-0.12607 -0.06159 1.26419
-0.12407 -0.06111 1.26546
-0.08377 -0.06303 1.26683
-0.08885 -0.06545 1.27022
-0.04344 -0.04086 1.27276
-0.01883 -0.07073 1.27535
0.00359 -0.03683 1.26605
-0.05879 -0.01048 1.27121
-0.06711 -0.02323 1.31020
-0.14197 -0.02223 1.20975
-0.00954 -0.05397 1.25358
-0.00031 -0.07625 1.24772
0.13331 -0.06099 1.23884
-0.07488 -0.06847 1.23212
0.21610 -0.10023 1.19026
-0.09960 -0.03393 1.19839
-0.08067 -0.03529 1.19604
-0.04066 -0.07029 1.18576
-0.03026 -0.04610 1.17564
-0.08679 -0.02907 1.15976
-0.02599 -0.05232 1.15102
-0.00653 -0.04702 1.13891
-0.00912 -0.05664 1.13235
-0.01384 -0.04902 1.12627
0.01709 -0.05389 1.12448
0.06573 -0.03873 1.11862
0.00291 -0.04914 1.11502
-0.05632 0.00507 1.11161
-0.01636 -0.03822 1.10824
-0.07033 -0.01807 1.09880
-0.02372 -0.02255 1.09647
-0.01732 -0.03405 1.09274
-0.01094 -0.02529 1.09662
-0.00407 -0.04820 1.09550
-0.01551 -0.00197 1.09257
0.02306 -0.02704 1.08620
0.00453 0.00123 1.08276
-0.03662 -0.03098 1.06388
0.00595 -0.04741 1.05570
-0.00506 -0.04972 1.04918
-0.01588 -0.02550 1.04204
0.00759 0.02460 1.03514
-0.08945 -0.03107 1.01673
-0.10185 -0.02895 1.00844
0.00884 -0.04460 1.00258
-0.08006 -0.01593 0.99131
-0.14589 -0.09572 0.97294
-0.07027 -0.01018 0.97738
-0.04969 -0.03847 0.96872
-0.02508 -0.04556 0.96019
-0.04556 -0.04044 0.95118
-0.13507 -0.02846 0.93373
-0.14077 -0.00900 0.90866
-0.08777 -0.00751 0.90936
-0.01447 -0.00340 0.89017
-0.06948 -0.01207 0.88340
-0.05863 -0.03696 0.87302
-0.04462 -0.03062 0.87438
-0.06221 -0.01563 0.86680
-0.06156 -0.03813 0.83952
-0.03422 -0.07209 0.84296
-0.00835 -0.01394 0.84194
-0.09203 -0.07797 0.83636
-0.03298 -0.04216 0.83702
-0.48828 -0.23516 0.64279
-0.05993 -0.08801 0.83420
-0.13999 -0.08406 0.82202
-0.17904 -0.09322 0.81100
-0.11610 -0.06754 0.82756
-0.15204 -0.06072 0.83718
-0.11262 -0.04193 0.81735
-0.13079 -0.07938 0.83103
-0.03786 -0.03302 0.84632
-0.07649 -0.08023 0.84926
-0.05326 -0.02283 0.85458
-0.10888 -0.02692 0.86459
-0.09060 -0.01813 0.87830
0.00117 -0.00345 0.89762
-0.08509 -0.03373 0.89410
-0.20927 -0.06057 0.88476
-0.28769 -0.03890 0.87979
0.03103 -0.03091 0.93770
-0.26534 -0.10241 0.90656
0.05952 -0.03287 0.95933
-0.51421 -0.05206 0.82357
-0.13846 -0.00952 0.97390
-0.19513 -0.02409 0.97555
-0.22572 0.00124 1.00000
-0.69221 -0.06681 0.71870
-0.67497 -0.07466 0.77930
-0.71312 -0.04115 0.76321
-0.74458 -0.13949 0.74173
-0.63063 -0.14414 0.84180
-0.56984 -0.10634 0.90932
-0.19051 -0.04703 1.07524
-0.44463 -0.08305 1.00151
-0.31719 -0.05187 1.07034
-0.54293 -0.11925 0.98420
-0.07720 -0.07954 1.13279
-0.45896 -0.17497 1.04281
-0.75277 -0.14889 0.87461
-0.54566 -0.09474 1.04256
-0.65070 -0.12199 0.99951
-0.75311 -0.10183 0.93380
-0.71116 -0.16764 0.98831
-0.65273 -0.14203 1.02511
-0.71348 -0.11279 1.00847
-0.72893 -0.14770 1.00036
-0.65687 -0.16575 1.05552
-0.86662 -0.09746 0.92848
-1.12822 -0.15637 0.59284
-0.80330 -0.13569 0.99745
-1.02136 -0.17148 0.78369
-0.93996 -0.20258 0.89409
-0.38645 -0.05751 1.26467
-0.72226 -0.14833 1.11756
-0.79678 -0.06268 1.08082
-1.16566 -0.09232 0.70891
-0.84835 -0.17387 1.07182
-0.72906 -0.17560 1.15640
-0.31922 -0.05556 1.34903
-0.28654 -0.04343 1.36981
-0.67008 -0.10130 1.23436
-0.81342 -0.16902 1.15387
-0.94939 -0.23185 1.03727
-0.81142 -0.18907 1.17332
-0.87132 -0.16398 1.14620
1.35893 0.19066 0.45641
-0.82476 -0.27541 1.18660
-0.97628 -0.04330 1.09550
-1.18620 0.04373 0.89669
0.08966 -0.16272 1.47529
-1.20274 -0.05312 0.87739
-1.37257 -0.04811 0.61273
-1.34974 -0.12067 0.64640
-1.17409 -0.22481 0.91770
-1.24495 -0.20016 0.82784
-0.63907 -0.13458 1.36673
-0.93121 -0.20493 1.18311
0.08089 -0.11028 1.52216
-1.19968 -0.02582 0.94472
-0.51366 -0.08703 1.43567
-1.11542 -0.18024 1.03205
-0.62897 0.02743 1.40430
1.39515 -0.03970 0.64482
-0.04614 -0.05470 1.54347
1.42445 0.16174 0.56484
-0.09299 -0.08362 1.53515
0.34134 -0.02871 1.48820
-0.99600 -0.09155 1.13743
-0.46493 -0.04034 1.42441
-0.51198 -0.08774 1.38761
-1.23227 -0.07625 0.82322
-0.58934 -0.06957 1.34212
-0.33140 -0.05829 1.41641
-0.25123 -0.04197 1.41770
-0.18662 -0.02758 1.41259
-0.04931 -0.03470 1.41493
-0.11491 -0.00754 1.39135
0.28449 -0.07310 1.35739
-1.12638 -0.18286 0.76195
0.02874 -0.04104 1.35776
-0.18287 -0.04996 1.33542
-0.11028 -0.03084 1.32705
-0.00148 -0.11004 1.30155
-0.14319 0.00290 1.28864
-0.74645 -0.21231 1.02996
-0.98906 -0.14689 0.79807
0.05161 -0.05574 1.26251
0.07635 -0.07592 1.25081
-0.08501 -0.05257 1.24312
0.14950 -0.08978 1.22616
0.03538 -0.05280 1.22453
0.02416 -0.06424 1.21189
-0.10606 -0.04272 1.19778
-0.07611 -0.04427 1.19128
-0.05780 -0.05753 1.18603
-0.05880 -0.06342 1.19008
-0.04711 -0.06453 1.13675
-0.03000 -0.08064 1.13751
-0.05483 -0.06125 1.12226
-0.09963 -0.05578 1.11070
-0.11820 -0.10880 1.08879
-0.06611 -0.09285 1.07673
0.04380 0.00885 1.07863
0.01480 -0.03774 1.08003
-0.26597 -0.13186 1.03362
0.01670 -0.04162 1.05603
0.05704 -0.11071 1.03680
-0.01884 -0.07223 1.03266
-0.01688 -0.10807 1.02115
-0.04458 -0.07906 1.02086
-0.01675 -0.05690 1.01411
-0.05917 -0.03675 1.00891
-0.02015 -0.03475 1.00332
-0.01799 -0.04809 1.00696
0.04277 -0.04986 1.00361
-0.01145 -0.06795 0.98677
0.00513 -0.09209 0.98581
-0.01697 -0.07610 0.98793
-0.01594 -0.09003 0.98560
-0.03251 -0.02880 0.98660
-0.03486 -0.07301 0.98103
-0.03704 -0.05496 0.97365
-0.08179 -0.09512 0.96497
-0.05799 -0.06144 0.96878
-0.02650 -0.07695 0.96840
-0.05320 -0.03265 0.96599
-0.06317 -0.05524 0.96458
-0.02014 -0.06726 0.96398
-0.08114 -0.02812 0.96354
-0.12233 -0.05084 0.95356
-0.10142 -0.04754 0.95239
-0.14181 -0.00562 0.94660
-0.15590 -0.05601 0.93918
-0.27725 -0.00496 0.90881
-0.01129 -0.08365 0.94114
-0.03146 -0.04576 0.94099
-0.15448 -0.03340 0.93138
-0.04974 -0.05422 0.94582
-0.10092 -0.01164 0.94636
-0.05064 -0.10018 0.95146
-0.09123 -0.06837 0.95779
0.00119 -0.07675 0.96685
-0.11577 -0.01686 0.96700
-0.18390 -0.08221 0.95771
-0.19709 -0.00323 0.96218
-0.15388 -0.04550 0.97429
0.04784 -0.06964 0.98365
-0.12622 -0.02213 0.98087
-0.18583 -0.04731 0.97125
-0.12156 -0.03273 0.98449
-0.07613 -0.06640 0.99247
-0.27692 -0.04863 0.96035
0.16390 -0.11675 0.96135
-0.10051 -0.06488 0.98238
0.03472 -0.04473 0.98917
0.04850 -0.02162 0.99098
-0.00204 -0.07715 0.98515
0.02367 -0.03387 0.99049
0.03008 -0.07993 0.98612
0.00086 -0.02695 0.98566
-0.02560 -0.04862 0.98818
-0.12392 -0.01661 0.97910
-0.02160 -0.02997 0.98857
-0.04910 -0.07526 0.98340
-0.02867 -0.06070 0.98352
-0.00473 -0.06803 0.97898
-0.01219 -0.07107 0.97798
-0.50591 -0.06052 0.83284
-0.05195 -0.04657 0.96939
-0.01104 -0.06003 0.96635
-0.03908 -0.03323 0.95923
-0.05089 -0.04972 0.96094
-0.02527 -0.08068 0.96195
-0.01108 -0.06835 0.94081
-0.06082 -0.04179 0.94612
-0.04346 -0.06477 0.94092
-0.04188 -0.06369 0.94581
-0.04906 -0.06327 0.93479
-0.10136 -0.08556 0.92931
-0.06850 -0.06558 0.92825
-0.07496 -0.04552 0.93228
-0.13327 -0.06988 0.92584
-0.05824 -0.06162 0.93743
-0.08658 -0.00716 0.93651
-0.03870 -0.01599 0.94371
-0.01182 -0.02007 0.95169
-0.09055 -0.03658 0.95407
-0.00268 -0.06161 0.95270
-0.03337 -0.06323 0.95219
-0.05716 -0.02228 0.95134
-0.00978 -0.04741 0.95497
-0.01835 -0.03431 0.96240
-0.05237 -0.03461 0.95964
0.05506 -0.04040 0.96191
-0.03149 -0.05129 0.96293
-0.02150 -0.01854 0.97020
0.00221 -0.06662 0.96973
0.00582 -0.01013 0.96395
0.00208 -0.05721 0.97246
-0.01585 -0.03414 0.97859
0.00950 -0.03638 0.98536
-0.05374 -0.06698 0.98347
-0.00188 -0.06764 0.98371
-0.01043 -0.04019 0.98538
-0.00626 -0.04438 0.98322
-0.03016 -0.07483 0.98258
-0.04479 -0.05343 0.98145
-0.03615 -0.04373 0.97799
-0.08650 -0.04835 0.97446
0.00057 -0.07451 0.97576
-0.01792 -0.08839 0.98082
0.07420 -0.09252 0.97024
0.41740 -0.13933 0.87264
0.05357 -0.07725 0.96732
-0.16024 -0.03259 0.97277
-0.02028 -0.02722 0.96100
0.05471 -0.08287 0.97440
-0.05621 -0.01196 0.97364
0.01763 -0.01418 0.97254
0.03871 -0.01247 0.98621
-0.00592 -0.03943 0.96950
0.02210 -0.03250 0.99964
-0.06961 -0.05684 0.96832
0.01518 -0.02911 0.99362
0.27545 -0.11301 0.95171
0.00417 -0.05031 1.00532
-0.00532 -0.04756 1.00937
-0.01990 -0.08102 1.01559
-0.00732 -0.08686 1.01268
-0.06237 -0.04698 1.02371
-0.04997 -0.02498 1.03109
0.02591 -0.02693 1.03171
0.05404 -0.08731 1.03539
-0.02253 -0.04417 1.04186
-0.00375 -0.06093 1.04798
-0.00899 -0.05596 1.05207
-0.03887 -0.05551 1.05694
-0.05632 -0.02391 1.05744
-0.08879 -0.02095 1.06319
-0.07694 -0.03856 1.06615
-0.05116 -0.04155 1.07221
-0.04663 -0.05464 1.07682
-0.05482 -0.02607 1.08174
-0.05688 -0.04099 1.08975
-0.07378 -0.01986 1.08929
-0.06293 -0.05064 1.09504
-0.06426 -0.08286 1.09640
-0.01187 -0.09281 1.10178
-0.06146 -0.04719 1.10350
-0.12825 -0.05224 1.09868
0.27417 -0.13738 1.07014
0.00714 -0.06020 1.11984
0.01037 -0.04372 1.12787
-0.05484 -0.07080 1.12339
-0.02799 -0.05313 1.13022
0.00364 -0.05800 1.13229
-0.04463 -0.05390 1.13468
-0.03933 -0.05456 1.13784
0.01828 -0.05439 1.14268
-0.03054 -0.05384 1.14347
-0.04539 -0.08893 1.13700
-0.06726 -0.06141 1.13830
-0.07138 -0.04938 1.13770
0.02032 -0.07653 1.14163
0.06279 -0.07579 1.13427
-0.00461 -0.07790 1.13360
0.03374 -0.06455 1.13193
-0.01342 -0.07946 1.12956
-0.04324 -0.07411 1.12251
-0.01910 -0.08558 1.12118
-0.04862 -0.08388 1.12076
-0.03537 -0.04496 1.11714
-0.02622 -0.04803 1.11552
-0.00635 -0.05493 1.11295
-0.08068 -0.04288 1.10892
-0.01237 -0.08851 1.10740
-0.04825 -0.08088 1.10548
-0.02794 -0.07926 1.10618
0.00877 -0.06875 1.10590
-0.06948 -0.05851 1.10274
-0.15405 -0.02836 1.09254
-0.00529 -0.06011 1.09875
-0.00867 -0.05939 1.10228
0.00094 -0.06913 1.09803
0.02109 -0.04277 1.10067
0.07873 -0.05764 1.09817
-0.01015 -0.02463 1.09806
0.00397 -0.05608 1.08835
0.12283 -0.14191 1.07101
0.00968 -0.05351 1.08108
-0.00807 -0.08827 1.07810
0.01924 -0.04188 1.06966
0.02195 -0.04552 1.05980
0.01502 -0.07677 1.04296
0.02045 -0.08165 1.02879
-0.02285 -0.07350 1.01092
0.10983 -0.06199 0.99628
0.02333 -0.03320 0.98461
0.00962 -0.02986 0.96763
0.54312 -0.11841 0.77690
0.09435 -0.02915 0.94383
-0.05308 -0.04902 0.94668
0.05712 -0.03972 0.94420
-0.03581 -0.06204 0.93766
0.00862 -0.02903 0.94028
-0.02179 -0.04965 0.93529
-0.03578 -0.05960 0.92937
-0.13331 -0.02415 0.92080
-0.06179 -0.07131 0.91431
-0.02463 -0.04094 0.92490
-0.03636 -0.06590 0.91869
-0.15710 -0.08167 0.89103
-0.12065 -0.06659 0.91015
-0.05668 -0.04668 0.92129
-0.06326 -0.03415 0.90808
-0.05502 -0.03927 0.92279
-0.12052 -0.06450 0.89920
-0.06420 -0.05745 0.92161
0.00202 -0.07744 0.92440
-0.02776 -0.07430 0.91463
-0.00215 -0.05797 0.93113
0.00372 -0.01613 0.94311
-0.00548 -0.05794 0.94555
-0.10007 -0.03912 0.94346
-0.10551 -0.03475 0.94377
-0.09570 -0.02553 0.95762
0.16152 -0.04657 0.95942
-0.03675 -0.07991 0.98142
-0.06100 -0.03847 0.98884
-0.02107 -0.05785 0.99598
-0.04923 -0.05417 1.00588
-0.02665 -0.05554 1.01782
0.00904 -0.05904 1.03053
0.04800 -0.04170 1.04782
0.01825 -0.05696 1.05910
-0.00363 -0.05987 1.07003
0.02301 -0.02571 1.08056
0.02398 -0.03323 1.08957
-0.02100 -0.03775 1.09548
-0.02234 0.00124 1.10213
0.02920 -0.05862 1.10950
-0.03683 -0.04791 1.11384
-0.03331 -0.04220 1.12150
-0.06043 -0.03552 1.12202
-0.04729 -0.10334 1.11570
0.14386 -0.12858 1.10661
-0.00306 -0.05987 1.12001
-0.03333 -0.05240 1.11889
0.03409 -0.07830 1.11995
-0.02487 -0.02401 1.12357
-0.03510 -0.04328 1.11893
-0.01568 -0.06842 1.11426
-0.03401 -0.05294 1.10939
-0.04479 -0.06399 1.10287
-0.05109 -0.06795 1.10329
-0.04565 -0.06616 1.09846
-0.02887 -0.06765 1.09448
-0.03792 -0.06682 1.09410
-0.04125 -0.10117 1.08718
-0.01116 -0.05865 1.09220
-0.06782 -0.05767 1.09410
-0.03809 -0.05611 1.09931
-0.04989 -0.06819 1.09840
-0.05777 -0.05730 1.10004
-0.01321 -0.03175 1.10541
-0.04092 -0.04999 1.10644
-0.04375 -0.05306 1.10918
0.01027 -0.03371 1.10779
-0.10225 -0.01476 1.10331
-0.03290 -0.03935 1.11404
-0.01677 -0.07182 1.11398
0.02111 -0.09294 1.11425
-0.00295 -0.02997 1.11812
-0.03701 -0.03787 1.12127
-0.00742 -0.02604 1.12472
-0.10517 -0.04060 1.11667
-0.05543 -0.03603 1.11881
-0.00434 -0.03390 1.11825
-0.00774 -0.03886 1.11338
-0.00275 -0.04831 1.11240
-0.03971 -0.04105 1.11298
-0.01123 -0.04825 1.10873
-0.03444 -0.05463 1.10598
-0.00775 -0.04732 1.10811
-0.00183 -0.04868 1.10423
-0.01568 -0.08201 1.09600
-0.02427 -0.04202 1.09124
-0.05381 -0.03575 1.08588
-0.03026 -0.05478 1.09017
-0.02199 -0.05291 1.08142
-0.01069 -0.03602 1.07859
0.01021 -0.06073 1.06936
0.01050 -0.02585 1.06259
0.03373 -0.04329 1.06447
0.01132 -0.04845 1.05437
-0.06121 -0.05137 1.04531
-0.10087 -0.00971 1.04022
-0.00505 -0.04197 1.04086
-0.04878 -0.02697 1.03497
-0.04080 -0.08631 1.02273
-0.07864 0.01172 1.01686
-0.08805 -0.06078 1.00580
-0.06812 -0.03070 1.00981
-0.03578 -0.05124 1.00507
-0.07167 -0.06361 0.99431
0.00237 -0.05118 0.99086
0.00269 -0.04926 0.98709
-0.00682 -0.06237 0.98475
-0.02342 -0.03634 0.98103
-0.07518 -0.06526 0.97020
-0.01548 -0.06592 0.96922
-0.02352 -0.05493 0.96230
-0.03911 -0.04590 0.96331
0.00940 -0.04118 0.95867
-0.07338 -0.04625 0.95680
-0.02073 -0.05403 0.95207
-0.01691 -0.02887 0.94197
-0.02885 -0.04460 0.94373
-0.03375 -0.02845 0.93781
-0.11476 -0.01029 0.92659
-0.09097 -0.01644 0.92116
-0.05837 -0.04527 0.91233
-0.10609 -0.02681 0.90211
-0.03636 -0.05566 0.89519
-0.08209 -0.03969 0.88162
-0.05650 -0.08053 0.87188
-0.04000 -0.07009 0.85591
-0.04473 -0.07830 0.84146
0.01818 -0.07744 0.82735
-0.00912 -0.05681 0.81740
-0.10153 -0.06887 0.80248
-0.01678 -0.08350 0.80169
0.02439 -0.08259 0.79696
0.00052 -0.05947 0.79608
-0.03133 -0.07294 0.79208
-0.03427 -0.05715 0.79106
-0.04867 -0.03818 0.79362
-0.00308 -0.03650 0.79325
0.05484 -0.03363 0.78978
0.09947 -0.03743 0.79404
-0.08311 -0.01263 0.78031
-0.05923 -0.02436 0.78868
-0.13529 -0.06577 0.77882
-0.06645 -0.01805 0.77585
-0.06014 -0.04444 0.78973
-0.02563 -0.03641 0.77307
0.00903 -0.07361 0.79242
0.06393 -0.05292 0.78838
-0.04152 -0.04114 0.77438
-0.06619 -0.04913 0.79233
-0.09650 -0.03343 0.79046
-0.07160 -0.04523 0.78141
-0.02164 -0.04966 0.80220
-0.01375 -0.05299 0.78908
0.02303 -0.04564 0.80852
-0.00433 -0.06243 0.81336
0.02401 -0.05671 0.80236
-0.00986 -0.05935 0.82016
-0.01418 -0.04789 0.80951
-0.03391 -0.07300 0.82595
-0.02343 -0.03830 0.83547
-0.03663 -0.05259 0.82562
-0.04631 -0.05094 0.83925
-0.05920 -0.08665 0.83998
-0.02858 -0.04640 0.84052
-0.05850 -0.06070 0.85129
-0.00768 -0.04909 0.85207
-0.01502 -0.04566 0.86308
0.00040 -0.06793 0.86228
-0.00975 -0.05156 0.85649
0.06179 -0.04031 0.86506
0.07354 -0.08843 0.86550
0.00541 -0.02736 0.86301
0.07888 -0.09052 0.87116
0.30022 -0.09489 0.82216
0.02711 -0.02437 0.87708
0.09317 -0.04630 0.88034
0.12230 -0.04553 0.86190
0.13315 -0.05452 0.87102
0.02517 -0.06622 0.88078
0.04653 -0.04438 0.86234
-0.00501 -0.03176 0.87401
0.06051 -0.04935 0.86732
0.04686 -0.04016 0.85045
0.02391 -0.05579 0.86597
0.06230 -0.01908 0.85613
-0.10304 -0.04365 0.86532
-0.10189 -0.01094 0.86915
-0.07225 -0.04887 0.86484
0.01869 -0.07052 0.87353
0.01590 -0.06412 0.88045
0.03673 -0.01246 0.88347
0.06740 -0.05074 0.89342
0.01893 -0.03361 0.88659
0.01275 -0.04707 0.89919
0.02027 -0.06553 0.90049
0.00611 -0.05434 0.89345
0.04307 -0.05860 0.90726
-0.06380 -0.05428 0.91071
0.02859 -0.05908 0.90746
0.04517 -0.05021 0.92330
0.07739 -0.05294 0.91782
0.19052 -0.07504 0.91371
0.17974 -0.05200 0.92212
0.02274 -0.03913 0.94021
0.00813 -0.04453 0.95206
-0.06526 -0.03861 0.95774
0.04096 -0.05746 0.95408
-0.07922 -0.06694 0.96633
-0.21211 -0.08340 0.94416
-0.22372 -0.07169 0.95452
-0.08848 -0.01962 0.98532
-0.01148 -0.08198 0.98206
-0.77784 -0.14899 0.60991
0.01605 -0.06532 1.00313
0.05199 -0.04369 1.00906
0.06119 -0.03592 1.02052
0.01654 -0.03639 1.02320
-0.03082 -0.05374 1.02668
-0.05930 -0.06999 1.03211
0.03435 -0.05705 1.03535
0.08527 -0.04165 1.04429
0.05127 -0.05595 1.04584
0.19137 -0.00999 1.04540
0.06890 -0.06849 1.05949
0.03686 -0.04138 1.06395
0.03933 -0.03990 1.07082
0.11147 -0.10577 1.06996
-0.02538 -0.05269 1.08956
-0.17253 -0.02789 1.07332
-0.17949 -0.08898 1.07613
0.00488 -0.03462 1.10110
0.03144 -0.04256 1.10549
-0.06306 -0.04232 1.10950
-0.09518 -0.04144 1.11347
0.09438 -0.08965 1.11324
0.03859 -0.10398 1.11786
0.00488 -0.06967 1.12838
0.06737 -0.07430 1.13215
-0.07121 -0.00647 1.14005
-0.08052 -0.01210 1.14397
-0.02700 -0.03823 1.15318
-0.01432 -0.04330 1.16047
0.04633 -0.06741 1.16731
-0.02337 -0.00686 1.17291
0.09749 -0.04697 1.18206
0.17524 -0.10518 1.15837
-0.04786 -0.09366 1.18281
-0.02537 -0.06753 1.25728
0.06790 -0.10146 1.13025
-0.06036 -0.03278 1.20522
-0.01185 -0.02471 1.21646
-0.02315 -0.02712 1.22501
-0.08331 -0.04323 1.22615
0.00661 -0.03226 1.23321
-0.04502 -0.05657 1.23775
-0.08296 -0.04548 1.24267
0.01595 -0.06903 1.24778
-0.01314 -0.05981 1.25285
-0.02134 -0.06894 1.26366
0.00483 -0.08346 1.27340
-0.00403 -0.03466 1.27623
-0.01223 -0.04712 1.28267
-0.06273 -0.06662 1.28739
-0.01625 -0.05239 1.29588
-0.03824 -0.03551 1.31104
-0.02844 -0.03333 1.32577
-0.01238 -0.06719 1.32350
-0.04606 -0.07248 1.32800
-0.02907 -0.06080 1.33768
0.00093 -0.04795 1.34594
-0.01305 -0.09793 1.35320
0.05314 -0.02580 1.36002
0.05351 -0.06391 1.36557
-0.01935 -0.04712 1.37416
0.02100 -0.09324 1.37742
-0.03764 -0.06347 1.38721
0.00359 -0.06420 1.39285
-0.02270 -0.06545 1.39573
-0.07351 -0.04965 1.39934
-0.03621 -0.06054 1.40099
-0.01526 -0.07898 1.40828
-0.01670 -0.06057 1.40623
-0.03128 -0.07990 1.40945
-0.02999 -0.05996 1.40808
-0.02597 -0.09621 1.40883
-0.00040 -0.09678 1.40933
-0.04097 -0.07807 1.40894
-0.05704 -0.07768 1.40729
-0.07548 -0.06347 1.40489
-0.06299 -0.06961 1.40820
-0.04264 -0.08546 1.40838
-0.01600 -0.06746 1.40554
-0.08940 -0.08591 1.40707
-0.07313 -0.10309 1.41082
-0.05297 -0.06507 1.40405
-0.07001 -0.05836 1.39937
-0.04230 -0.09820 1.39392
-0.08056 -0.10082 1.38808
-0.10803 -0.09963 1.38274
-0.17365 -0.07190 1.38260
-0.07658 -0.12930 1.38489
-0.05850 -0.08114 1.38542
-0.02656 -0.09455 1.38370
-0.06858 -0.05772 1.37936
-0.08575 -0.02409 1.38384
-0.06510 -0.08709 1.37216
-0.01796 -0.06180 1.37428
0.01956 -0.05614 1.36796
-0.00909 -0.05135 1.36558
-0.02223 -0.05235 1.36461
0.00317 -0.07048 1.35344
-0.15027 -0.12228 1.33785
0.02981 -0.05067 1.34690
-0.02255 -0.07334 1.34321
0.03530 -0.09445 1.33553
0.08071 -0.04984 1.32991
-0.50977 0.01059 1.21941
0.20765 -0.17098 1.27327
0.02153 -0.05743 1.28731
-0.03616 -0.09268 1.26628
-0.00080 -0.09151 1.24393
-0.01887 -0.09915 1.22220
-0.01259 -0.07436 1.20360
-0.00948 -0.05690 1.19052
0.00660 -0.10427 1.16288
-0.01130 -0.04278 1.14643
-0.11991 -0.05276 1.11522
-0.01084 -0.05397 1.10146
-0.06277 -0.04726 1.08262
-0.02864 -0.04757 1.06769
0.01521 -0.04804 1.06097
-0.07106 -0.06749 1.04565
-0.00796 -0.05960 1.03756
0.10238 -0.01917 1.02805
0.02557 -0.01929 1.01908
-0.00945 -0.08383 1.01009
-0.22713 -0.04413 0.97980
-0.25887 -0.07746 0.97382
-0.00863 -0.01881 1.00961
0.02590 -0.02986 1.01334
-0.05999 -0.00096 1.00768
-0.04691 -0.06279 1.00944
-0.02752 -0.01026 1.01223
0.04702 -0.00279 1.00077
0.10245 -0.02263 0.99531
-0.00735 -0.03149 1.00302
-0.00682 -0.06477 1.00245
0.02139 -0.04364 1.01039
0.00140 -0.06085 1.00110
-0.04656 -0.08453 1.00727
-0.05667 -0.03890 1.02025
-0.04903 -0.04977 1.01585
-0.00558 -0.03916 1.03329
-0.01593 -0.03891 1.04164
-0.02681 -0.04838 1.03739
-0.13066 -0.06054 1.04634
-0.02370 -0.04189 1.05959
-0.05575 -0.10638 1.04021
-0.09507 -0.03735 1.06114
-0.02632 -0.11148 1.05063
-0.04444 -0.03337 1.07565
-0.02209 -0.06931 1.07954
0.07267 -0.07532 1.07703
-0.18266 -0.12797 1.07713
-0.07792 -0.04734 1.09992
-0.01889 -0.09766 1.08607
-0.09754 -0.06232 1.10099
-0.07145 -0.06694 1.10070
-0.09405 -0.02301 1.12035
-0.08705 -0.05133 1.12634
-0.01962 -0.07547 1.11604
-0.08761 -0.05446 1.13676
-0.06891 -0.05080 1.13533
-0.04299 -0.05548 1.13030
-0.05151 -0.03507 1.14396
-0.06319 -0.04601 1.13567
-0.06609 -0.04953 1.15458
-0.06623 -0.06046 1.15442
-0.16711 -0.02429 1.14220
-0.04374 -0.03503 1.16462
-0.03350 -0.06808 1.16121
-0.05876 -0.06677 1.16849
-0.08339 -0.05857 1.17057
-0.04945 -0.05079 1.17839
-0.04070 -0.05827 1.18216
-0.08224 -0.04745 1.17126
-0.05502 -0.03532 1.17254
-0.11206 -0.07782 1.16192
-0.14283 -0.03800 1.16219
-0.07991 -0.05059 1.16423
-0.05714 -0.05458 1.16055
-0.21581 -0.06627 1.13925
-0.09069 -0.07195 1.14893
-0.15251 -0.02425 1.14001
-0.03857 -0.04956 1.13262
-0.05725 -0.08575 1.12030
-0.08755 -0.05928 1.10692
0.01999 -0.04615 1.10244
-0.04151 -0.05783 1.07764
-0.02171 -0.06584 1.05716
-0.06251 -0.06871 1.04265
0.00368 -0.06870 1.02074
-0.11742 -0.07776 1.00293
-0.04348 -0.07079 0.99060
-0.00223 -0.06120 0.96596
-0.06007 -0.05250 0.95550
-0.02104 -0.09108 0.93129
-0.07389 -0.10173 0.90230
-0.03499 -0.07739 0.88556
-0.04106 -0.06662 0.84692
-0.08181 -0.02126 0.83986
-0.31428 -0.01692 0.75316
-0.03000 -0.05762 0.81420
-0.12054 -0.06599 0.79908
0.03736 -0.03123 0.77431
0.01762 -0.02220 0.78609
0.01655 -0.06833 0.74321
0.02807 -0.03312 0.75341
0.05159 -0.04305 0.75563
0.05535 -0.02392 0.71470
-0.00017 -0.04368 0.75311
-0.03020 -0.04306 0.71383
-0.01546 -0.01691 0.75888
0.02991 -0.02156 0.75966
0.04019 -0.01317 0.72562
0.01755 -0.04918 0.74402
0.04701 -0.02164 0.71122
0.09498 -0.05166 0.72437
0.13117 -0.04014 0.71419
0.16261 -0.08017 0.68996
0.11248 -0.04772 0.72272
0.02485 -0.02061 0.71893
-0.00462 -0.06431 0.72764
0.00914 -0.03381 0.73217
0.00182 -0.03216 0.72809
0.00801 -0.03402 0.73287
-0.01243 -0.03142 0.73639
-0.01535 -0.02953 0.73899
0.00295 -0.02431 0.74328
0.02025 -0.03327 0.74836
0.07460 -0.03986 0.74477
0.04343 -0.01970 0.75010
0.05667 -0.04667 0.74738
0.05083 -0.04795 0.74979
0.06479 -0.06077 0.74153
0.02884 -0.01538 0.74908
0.06295 -0.05546 0.74768
-0.02334 -0.03605 0.75573
0.14048 -0.04721 0.74001
0.10664 -0.03034 0.74784
0.08329 -0.05547 0.73772
0.17999 -0.06508 0.71055
0.25721 -0.04136 0.69834
0.20242 -0.05218 0.69206
-0.08546 -0.01289 0.72585
0.51673 -0.04890 0.47082
-0.07745 -0.05184 0.68404
0.03929 -0.06542 0.69295
0.02445 -0.04979 0.68171
0.03910 -0.05574 0.68301
0.04358 -0.03014 0.69564
-0.01037 -0.01723 0.69023
0.06966 -0.02590 0.69812
0.07901 -0.01757 0.68890
0.09226 -0.04174 0.68331
0.08433 -0.05176 0.70316
0.07344 -0.05560 0.68974
0.01335 -0.09351 0.68579
-0.05142 -0.09681 0.70542
0.07288 -0.04842 0.68540
0.06466 -0.02257 0.72582
0.01321 -0.04132 0.70588
0.02187 -0.04017 0.70379
0.15679 -0.04874 0.71372
0.04793 -0.04559 0.70803
-0.02426 -0.02286 0.72227
-0.01593 -0.05486 0.75223
-0.03152 -0.02659 0.73579
0.00980 -0.05935 0.75968
0.03255 -0.04555 0.75035
-0.01378 -0.03525 0.76143
-0.04342 -0.02223 0.77880
-0.09236 -0.02091 0.77760
-0.03998 -0.04610 0.79209
-0.05236 -0.02111 0.80468
-0.02664 -0.03683 0.81123
-0.05683 -0.02997 0.82514
-0.04409 -0.01927 0.83655
-0.07092 -0.01660 0.84335
-0.04537 -0.04187 0.85568
-0.09050 -0.04304 0.85918
-0.07035 -0.01154 0.86692
-0.05855 -0.04354 0.88768
-0.05095 -0.01492 0.89718
-0.04980 -0.01905 0.90557
-0.02610 -0.04051 0.91326
-0.03677 -0.03280 0.92125
-0.04517 -0.04876 0.93282
-0.10259 -0.03127 0.93856
-0.12600 -0.04772 0.94758
-0.05337 -0.03165 0.95624
-0.05587 -0.03744 0.96925
-0.01954 -0.03400 0.97912
-0.05110 -0.04330 0.98360
-0.00507 -0.00675 0.99463
-0.03730 -0.03554 1.00104
-0.09544 -0.03579 0.99757
-0.06122 -0.01948 1.00432
-0.14024 -0.04870 0.99775
-0.00543 -0.00669 1.01325
0.37699 -0.20607 0.91744
0.30214 0.06443 0.96633
0.31852 -0.21936 0.94612
-0.04463 0.00764 1.02193
-0.05923 -0.06790 1.01341
-0.07289 -0.03901 1.01439
-0.12237 -0.05891 1.01058
-0.06328 -0.04849 1.01716
-0.09315 -0.05335 1.01478
-0.10413 -0.03239 1.01388
-0.07418 -0.09048 1.00916
-0.07877 -0.05199 1.01445
-0.06245 -0.02932 1.01314
-0.11150 -0.03897 1.01407
-0.07494 -0.02133 1.01386
-0.04995 -0.02325 1.01399
-0.04640 -0.01756 1.01986
-0.05191 -0.04084 1.00837
-0.05103 -0.02615 1.00523
-0.15675 -0.06421 0.99433
-0.25145 -0.02722 0.97491
-0.02508 -0.04791 1.00499
-0.02797 -0.02092 1.01006
-0.05959 -0.02324 1.00551
-0.09447 -0.08502 0.99413
-0.03105 -0.05158 1.00724
-0.04333 -0.04500 1.00077
-0.09195 -0.07065 1.00236
-0.11911 -0.03761 0.99603
-0.02591 -0.06009 0.99815
-0.08674 -0.04070 1.00111
-0.14347 -0.05659 0.98860
-0.02414 -0.02224 1.00600
-0.02890 -0.00885 1.00528
-0.00366 -0.04651 1.01217
0.08285 -0.10693 0.98669
0.16512 -0.12103 0.97909
-0.06659 -0.07942 0.99486
-0.05603 -0.04565 1.00043
-0.04396 -0.07199 0.99818
-0.05043 -0.07573 1.00236
-0.03572 -0.03742 1.00614
-0.06042 -0.02921 1.00172
-0.04107 -0.05320 0.99977
-0.00757 -0.04160 1.00098
-0.06914 -0.05362 0.99817
-0.07306 -0.05317 0.99404
-0.08241 -0.02688 0.99060
0.00485 -0.02279 0.99258
-0.05964 -0.04350 0.98696
-0.06169 -0.02996 0.98406
0.06418 -0.03072 0.98216
-0.04651 -0.06230 0.97893
-0.06490 -0.03536 0.97241
-0.01614 -0.02161 0.97810
-0.05146 -0.03295 0.97259
-0.04638 -0.04864 0.96608
-0.07008 -0.05980 0.97410
-0.07358 -0.07575 0.92539
-0.14917 -0.07887 0.92823
-0.10476 -0.06388 0.92235
-0.04252 -0.05051 0.91800
-0.13388 -0.06702 0.89162
-0.03485 -0.04951 0.88167
-0.07521 -0.04184 0.86000
-0.15723 -0.05876 0.81664
-0.07304 -0.03386 0.80342
-0.14394 -0.06268 0.77602
-0.08481 -0.04192 0.75717
-0.06021 -0.04822 0.73511
-0.07464 -0.07326 0.71008
-0.01933 -0.02005 0.69954
-0.08221 -0.04548 0.68847
-0.03740 0.03055 0.69535
-0.00300 -0.00956 0.69409
0.02094 -0.07046 0.67960
-0.05246 -0.05020 0.66925
0.01652 -0.03111 0.66940
-0.00843 -0.01604 0.66223
0.02148 -0.02107 0.65511
0.01805 -0.05705 0.66290
0.02243 -0.03215 0.63860
-0.01596 -0.03455 0.65384
0.00604 -0.02062 0.62555
0.02502 -0.02498 0.65689
0.01278 -0.03955 0.62173
0.02025 -0.04511 0.61466
0.02214 -0.03241 0.65635
0.04339 -0.01652 0.61614
0.05685 -0.01658 0.66333
0.04370 -0.04370 0.62977
0.04425 -0.03641 0.63785
0.02382 -0.02963 0.68313
0.02784 -0.02447 0.64494
0.02138 -0.03169 0.69208
0.03745 -0.04099 0.65689
0.03584 -0.03296 0.65537
-0.00753 -0.01455 0.70162
0.01719 -0.05052 0.66921
0.05901 -0.03674 0.70324
0.01950 -0.05341 0.69282
0.01175 -0.02536 0.70734
0.02016 -0.04608 0.73696
-0.01772 -0.02758 0.73565
-0.02019 -0.02162 0.75433
-0.00595 -0.02029 0.76897
0.03720 -0.04219 0.77534
-0.03516 -0.05103 0.80368
-0.01295 -0.04145 0.80583
-0.00633 -0.02582 0.82889
-0.05346 -0.03864 0.84034
-0.01129 -0.01958 0.86085
-0.01280 -0.02272 0.87623
-0.05081 -0.03083 0.89082
-0.02243 -0.02851 0.90919
-0.05229 -0.03098 0.91972
-0.04952 -0.04897 0.93363
-0.04660 -0.05520 0.93843
-0.04032 -0.05074 0.95631
-0.05664 -0.04130 0.96756
-0.05858 -0.04640 0.97351
-0.05354 -0.05206 0.98972
-0.04176 -0.05653 0.99566
-0.05162 -0.08051 1.00177
-0.05217 -0.04098 1.01640
-0.03586 -0.04694 1.02684
-0.05364 -0.03420 1.03060
-0.03683 -0.05075 1.03967
-0.03468 -0.05729 1.03791
-0.05772 -0.03953 1.04935
-0.08794 -0.04343 1.04370
-0.07394 -0.04068 1.04986
-0.08610 -0.02703 1.05136
-0.07146 -0.03118 1.05864
-0.05811 -0.03537 1.05773
-0.05541 -0.04436 1.05751
-0.08225 -0.03474 1.06325
-0.07813 -0.03105 1.06635
-0.08374 -0.04060 1.06457
-0.24750 -0.04386 1.03349
-0.04835 -0.04735 1.07061
-0.00512 -0.03503 1.05834
-0.00201 -0.10194 1.06325
-0.11048 -0.03959 1.06644
-0.00081 -0.02909 1.06752
-0.02331 -0.02455 1.07110
0.00157 -0.12257 1.06086
-0.00287 -0.03722 1.06321
0.03555 -0.11500 1.06822
-0.03379 -0.06613 1.07185
-0.06280 -0.06034 1.07526
0.03114 -0.10699 1.08097
0.08346 -0.16117 1.07053
-0.05293 -0.05932 1.09258
0.10767 -0.16775 1.07959
-0.04851 -0.06326 1.10563
-0.01772 -0.07526 1.10866
-0.04884 -0.03142 1.11369
-0.01054 -0.02292 1.11831
-0.00828 -0.08035 1.11818
-0.04351 -0.08470 1.12043
-0.05974 -0.05096 1.12896
-0.04426 -0.08177 1.13247
-0.07503 -0.06665 1.13722
-0.07536 -0.04855 1.14280
-0.02019 -0.06051 1.15791
-0.00256 -0.08321 1.15380
0.01433 -0.08514 1.16040
0.00445 -0.05098 1.16719
-0.02439 -0.03601 1.17790
-0.06443 -0.02548 1.18435
-0.06084 -0.01942 1.19249
-0.02822 -0.06317 1.19949
-0.07164 -0.04693 1.19713
0.06499 -0.01471 1.20948
-0.00275 -0.08560 1.21399
-0.02117 -0.04069 1.22561
-0.07962 -0.04466 1.22440
-0.14724 -0.06207 1.22471
-0.10023 -0.03303 1.24130
-0.03205 -0.05032 1.25431
0.03704 -0.08271 1.25284
-0.00347 -0.07851 1.25565
0.00082 -0.06492 1.25994
-0.01670 -0.06770 1.26750
-0.01784 -0.00999 1.27323
-0.02869 -0.07591 1.27814
-0.01583 -0.04354 1.28545
-0.01169 -0.04993 1.28190
-0.04754 -0.04271 1.28725
-0.06573 -0.04272 1.29626
-0.18777 -0.00033 1.29200
-0.02687 -0.02164 1.30327
-0.09185 -0.08022 1.29941
-0.05428 -0.02950 1.29322
-0.06654 -0.04229 1.29756
0.00950 -0.04900 1.30258
-0.02936 -0.04392 1.30931
-0.06829 -0.01597 1.31838
0.09202 -0.11078 1.31460
0.04180 -0.07285 1.32602
-0.07087 -0.01759 1.32901
-0.07530 -0.04779 1.32551
-0.08814 -0.01503 1.32953
-0.03241 -0.05487 1.34418
0.00930 -0.05779 1.34813
-0.04198 -0.04423 1.35531
0.00115 -0.09213 1.35833
0.17984 -0.16850 1.34306
-0.07400 -0.04727 1.36049
-0.09519 -0.02470 1.36326
-0.01285 -0.03919 1.36815
-0.02843 -0.05961 1.36474
-0.07253 -0.07161 1.37141
-0.13558 -0.06860 1.36611
-0.09501 -0.06328 1.37560
-0.14563 -0.01896 1.37194
-0.13110 -0.03047 1.37519
-0.08155 -0.06259 1.39349
0.17111 -0.15711 1.37660
-0.08192 -0.04833 1.39924
-0.04093 -0.05513 1.40609
-0.06513 -0.06060 1.41576
-0.08627 -0.03096 1.42143
0.03331 -0.05118 1.43432
-0.04153 -0.04607 1.43279
-0.02634 -0.06703 1.43721
-0.06172 -0.06719 1.44234
-0.05271 -0.08638 1.44245
-0.01691 -0.07326 1.44254
0.13589 -0.12033 1.44285
-0.02669 -0.08766 1.45501
-0.08912 -0.03209 1.45943
-0.08064 -0.05550 1.47045
-0.04307 -0.08602 1.46695
-0.05720 -0.04360 1.47827
0.05052 -0.08889 1.46141
-0.06505 -0.04282 1.47394
-0.07902 -0.04738 1.47094
-0.02714 -0.04934 1.47697
-0.17456 -0.01141 1.46816
-0.09040 -0.04279 1.46762
-0.11526 -0.06599 1.47242
-0.07012 -0.04817 1.47043
-0.13160 -0.03143 1.47307
-0.13884 -0.04061 1.47067
-0.06077 -0.05567 1.47093
-0.02179 -0.07946 1.48083
-0.03797 -0.06134 1.47180
-0.07356 -0.09152 1.46211
-0.05930 -0.06615 1.46717
-0.00686 -0.07955 1.46481
-0.06203 -0.03332 1.46976
-0.02640 -0.06846 1.46794
-0.06328 -0.08146 1.45816
-0.09138 -0.02523 1.46098
-0.09691 -0.04709 1.46170
-0.10612 -0.04574 1.46321
-0.09475 -0.04969 1.46555
-0.10784 -0.07507 1.46055
-0.10144 -0.06771 1.46274
-0.06645 -0.07886 1.46105
-0.00520 -0.09029 1.45820
-0.04808 -0.08097 1.45301
-0.00894 -0.06243 1.45987
-0.08713 -0.06927 1.45208
-0.13938 -0.08308 1.44620
-0.15625 -0.03925 1.44682
-0.09820 -0.06097 1.45369
-0.07488 -0.04818 1.45526
-0.06563 -0.04475 1.45383
-0.04855 -0.05778 1.45998
-0.08599 -0.09924 1.44166
-0.07400 -0.03529 1.44685
-0.02562 -0.09805 1.45308
-0.00436 -0.02434 1.45722
-0.06994 -0.04739 1.45430
-0.05992 -0.07442 1.43734
-0.02980 -0.09266 1.43861
-0.02797 -0.09453 1.43847
-0.04366 -0.08073 1.44375
-0.02276 -0.07759 1.44099
-0.03994 -0.10350 1.44239
-0.07310 -0.08090 1.43737
-0.05444 -0.05236 1.44206
-0.03159 -0.06845 1.43460
-0.15335 -0.04810 1.43471
-0.07665 -0.09262 1.44204
-0.04518 -0.08250 1.44645
-0.05275 -0.07553 1.44553
-0.03986 -0.01693 1.44795
-0.05018 -0.07681 1.45259
-0.05490 -0.04601 1.45067
-0.05952 -0.07675 1.45112
-0.10368 -0.07262 1.44830
-0.06987 -0.09025 1.45120
-0.07210 -0.08644 1.44880
-0.07628 -0.03662 1.44878
-0.07087 -0.06787 1.45100
-0.59820 0.01642 1.31942
-0.07774 -0.05970 1.45582
-0.06065 -0.07516 1.44626
-0.01057 -0.03612 1.44739
-0.07143 -0.06511 1.44027
-0.03884 -0.07019 1.44698
-0.08979 -0.04056 1.44354
-0.11012 -0.07636 1.44308
0.09974 -0.10036 1.45219
-0.18067 -0.02597 1.44416
-0.18276 -0.01450 1.44909
-0.11404 -0.05717 1.44222
-0.08890 -0.05212 1.43834
-0.06320 -0.03959 1.43827
-0.12848 -0.05301 1.43662
-0.05484 -0.07811 1.43710
-0.04270 -0.07986 1.43343
-0.10373 -0.04884 1.42609
-0.06958 -0.05282 1.43051
-0.06610 -0.07399 1.42339
-0.05093 -0.05565 1.43267
-0.06441 -0.06632 1.42625
-0.05829 -0.06560 1.42292
-0.07362 -0.07945 1.42451
-0.02315 -0.07624 1.42742
-0.09690 -0.04776 1.42526
-0.04525 -0.05392 1.42248
-0.07312 -0.08026 1.42503
-0.03872 -0.04858 1.43383
-0.10625 -0.07542 1.42414
-0.02894 -0.06915 1.43099
-0.13428 -0.09258 1.41897
-0.01864 -0.07602 1.42251
-0.13571 -0.06751 1.41158
-0.12186 -0.02558 1.41256
-0.09968 -0.03442 1.41300
-0.14555 -0.10946 1.41155
-0.04458 -0.06973 1.41689
-0.13459 0.03173 1.41160
-0.18011 -0.01828 1.41351
-0.01428 -0.04396 1.42712
-0.05255 -0.02684 1.43145
-0.09332 -0.04327 1.42948
-0.07817 -0.07546 1.42719
-0.05822 -0.06695 1.42591
-0.04561 -0.03680 1.43243
-0.13592 -0.19370 1.41912
-0.10222 -0.05269 1.42923
-0.13259 -0.07317 1.42498
-0.09496 -0.07052 1.43201
-0.65210 0.06179 1.26905
-0.11729 -0.06323 1.43081
-0.04150 -0.10159 1.43369
-0.04822 -0.06186 1.43678
-0.06154 -0.08055 1.44305
-0.05126 -0.06574 1.44303
-0.08245 -0.06393 1.44100
-0.09807 -0.07303 1.44588
-1.09087 -0.06301 0.96334
-0.09244 -0.08198 1.45530
-0.10083 -0.04962 1.45260
-0.23164 -0.06228 1.44192
-0.07527 -0.04922 1.45488
-0.03851 -0.06290 1.46390
-0.07664 -0.07708 1.46281
-0.11727 -0.04446 1.45724
-0.20026 -0.04638 1.44451
-0.02798 -0.05225 1.46047
1.23288 -0.13576 0.78658
-0.04425 -0.05374 1.46667
-0.01243 -0.02840 1.47250
-0.04162 -0.08041 1.46927
-0.01091 -0.09470 1.46499
-0.06624 -0.09668 1.46988
-0.04298 -0.05809 1.47215
-0.03095 -0.01938 1.47713
-0.01381 -0.05346 1.47769
-0.00544 -0.06972 1.47479
0.01642 -0.04785 1.48113
-0.03453 -0.07401 1.48822
0.01355 -0.09241 1.48993
0.02169 -0.08366 1.49510
-0.01023 -0.07170 1.50491
-0.05982 -0.03210 1.49700
0.02330 -0.08045 1.49145
-0.01238 -0.06974 1.49378
-0.55687 0.00336 1.39766
-0.06559 -0.02009 1.51387
-0.05198 -0.05036 1.50510
0.00774 -0.10445 1.48605
0.02857 -0.04945 1.48177
0.02052 -0.06557 1.49143
-0.18252 -0.04484 1.48935
-0.06898 -0.04874 1.49251
0.05673 -0.09103 1.49039
-0.03400 -0.06622 1.48863
-0.02591 -0.08334 1.49855
-0.02696 -0.06764 1.50634
-0.01687 -0.08972 1.50606
-0.08966 -0.02655 1.49757
-0.11188 -0.04205 1.49363
-0.22507 -0.15167 1.46430
-0.15846 -0.09383 1.47893
-0.57132 -0.12520 1.37202
-0.04757 -0.05491 1.49265
-0.07336 -0.11067 1.48699
-0.08781 -0.09831 1.48062
-0.06315 -0.09230 1.48954
0.02162 -0.10190 1.48284
-0.05546 -0.07959 1.48354
-0.04605 -0.09803 1.48338
-0.16548 -0.08294 1.47484
-0.07409 -0.02638 1.48420
-0.12693 -0.06251 1.48059
-0.24862 -0.05380 1.46281
0.33047 -0.34490 1.40049
-1.01984 0.02458 1.07689
-0.09317 -0.06911 1.48406
-0.05694 -0.10015 1.48031
-0.07881 -0.05581 1.47775
-0.18575 -0.02530 1.48516
-0.04418 -0.08989 1.48961
-0.09611 -0.04837 1.49586
0.87544 -0.20052 1.18925
-0.29077 -0.06263 1.47859
-0.01203 -0.04478 1.49415
-0.03801 -0.05720 1.50548
-0.08927 -0.07444 1.49045
-0.14052 -0.16574 1.47992
-0.07507 -0.07927 1.48608
-0.05382 -0.04409 1.48474
-0.03820 -0.04763 1.48546
-0.05217 -0.06026 1.49357
-0.02239 -0.04315 1.49806
-0.04639 -0.06859 1.48848
-0.22795 -0.07221 1.47158
-0.18035 -0.08411 1.47020
0.50741 -0.22446 1.37135
-0.04825 -0.03368 1.47558
-0.02585 -0.07021 1.47637
-0.09114 -0.06818 1.46164
-0.16060 -0.08450 1.45408
-0.05087 -0.03565 1.46311
-0.08084 -0.02691 1.46764
-0.08600 -0.05665 1.48097
-1.31178 0.03405 0.66046
-0.04638 -0.05394 1.45782
-0.09483 -0.08292 1.42887
-0.06274 -0.04976 1.42094
-0.07545 -0.08165 1.41073
-0.03329 -0.04951 1.40221
-0.06723 -0.04097 1.38084
-0.16896 -0.17987 1.33938
-0.08753 -0.04145 1.34515
-0.39638 -0.12995 1.26554
-0.19659 -0.05043 1.30061
-0.08197 -0.06785 1.28642
-0.03944 -0.03732 1.27532
-0.12106 -0.03930 1.26370
-0.09381 -0.02228 1.22674
-0.15605 -0.04624 1.20192
-0.12476 -0.00840 1.19803
-0.07106 -0.04729 1.17830
-0.11048 -0.08305 1.13829
-0.17265 -0.03967 1.08994
-0.11710 -0.04184 1.07104
-0.03006 -0.05456 1.05030
0.01951 -0.02979 1.02313
0.01472 -0.05211 0.98075
0.01771 -0.04771 0.94556
0.00667 -0.03261 0.90807
0.00256 -0.04305 0.88279
-0.02721 -0.06873 0.84348
-0.00201 -0.04516 0.81522
0.03033 -0.01894 0.78865
0.02116 -0.01988 0.76009
-0.04281 -0.03915 0.73216
0.01280 -0.02666 0.70714
0.01869 -0.08758 0.67044
0.01596 -0.03602 0.64728
0.02898 -0.02991 0.61963
0.00301 -0.01329 0.60219
0.04448 -0.00899 0.59700
0.07027 -0.01277 0.58365
0.00591 -0.03032 0.58144
0.06902 -0.01904 0.56579
0.11360 0.01389 0.55377
0.04876 -0.01857 0.54526
0.07919 -0.04254 0.53491
0.03546 -0.02566 0.53273
0.03627 -0.04470 0.52271
0.03039 -0.00641 0.50596
0.02079 -0.02211 0.50706
0.04264 -0.01340 0.50683
0.03518 -0.01989 0.50248
0.02533 -0.02142 0.50734
0.03950 -0.02385 0.50322
0.02752 -0.01073 0.50629
0.03824 -0.01140 0.51856
0.04702 -0.00545 0.51796
0.06103 -0.01178 0.52724
0.05673 -0.00960 0.53448
0.07960 -0.02475 0.53825
0.07010 -0.02287 0.54845
0.06406 -0.02145 0.55496
0.07508 -0.03010 0.55897
0.09653 -0.03952 0.56837
0.09203 -0.01950 0.57593
0.10099 -0.01171 0.58464
0.09536 -0.02232 0.60076
0.08390 -0.00649 0.60778
0.07784 -0.01717 0.62315
0.06200 -0.04216 0.62957
-0.01158 -0.04389 0.65289
0.03505 -0.02841 0.65883
0.03900 -0.04306 0.67042
-0.00474 -0.03841 0.67971
0.00177 -0.01431 0.69472
0.01633 -0.03299 0.70547
-0.02027 -0.03098 0.71672
0.06618 -0.02395 0.72568
-0.02091 -0.03350 0.73404
0.05634 -0.01650 0.74664
0.03452 -0.00933 0.75632
0.02799 -0.00964 0.76780
-0.00203 -0.04322 0.77032
0.11430 -0.02581 0.77475
0.08208 -0.01816 0.78940
0.07402 -0.01292 0.80116
-0.02777 -0.01404 0.81396
-0.02363 -0.04687 0.82112
-0.03513 -0.02161 0.83021
0.04238 -0.05326 0.84236
-0.04221 -0.03893 0.85209
-0.02444 -0.02639 0.85816
-0.00471 -0.06042 0.86257
-0.01773 -0.06395 0.85572
-0.02224 -0.04873 0.85010
-0.01412 -0.03547 0.84122
-0.03941 -0.04013 0.83675
-0.06857 -0.02909 0.82568
-0.03206 -0.03001 0.82050
0.00383 -0.05439 0.80913
-0.02005 -0.04217 0.79872
0.04178 -0.03249 0.78866
0.01316 -0.03753 0.77765
-0.02128 -0.02573 0.76891
-0.02969 0.00522 0.76518
0.06188 -0.02067 0.76007
0.00792 -0.01958 0.75240
-0.13024 -0.05178 0.72484
-0.00827 -0.01404 0.72739
-0.03938 -0.00812 0.72419
0.04253 -0.04070 0.71998
0.00416 -0.05744 0.71197
0.01984 -0.06806 0.70630
0.04698 -0.03474 0.69772
0.04709 -0.02538 0.69786
-0.01465 -0.03486 0.70520
0.00957 -0.01476 0.71264
0.05516 -0.02113 0.71557
0.02964 -0.03075 0.72087
0.05835 -0.03812 0.71658
-0.01105 -0.02877 0.72076
-0.03966 -0.02326 0.71853
