0.01212 4.19282 2.40249
0.01198 4.08668 2.34166
0.01041 3.48392 1.99624
0.01202 3.92627 2.24973
0.00856 2.71080 1.55322
0.00695 2.14969 1.23171
0.01476 4.36792 2.50283
0.01593 4.47860 2.56626
0.01396 3.87441 2.22001
0.00885 2.37194 1.35906
0.00980 2.53964 1.45515
0.00813 2.05871 1.17958
0.00217 0.53801 0.30826
0.00468 1.12004 0.64174
0.00092 0.21364 0.12241
0.00610 1.37769 0.78936
0.00243 0.53678 0.30755
0.00753 1.60686 0.92067
0.01269 2.63217 1.50816
0.00810 1.61232 0.92380
0.01135 2.24896 1.28859
0.01077 2.05068 1.17497
0.01781 3.32169 1.90328
0.01779 3.23523 1.85373
0.02027 3.61503 2.07137
0.01822 3.20331 1.83544
0.01651 2.84276 1.62884
0.02048 3.47410 1.99061
0.02199 3.62351 2.07623
0.01575 2.55621 1.46464
0.02058 3.26530 1.87096
0.02164 3.36770 1.92964
0.02078 3.16631 1.81424
0.01843 2.75429 1.57814
0.01436 2.10084 1.20372
0.01119 1.56948 0.89925
0.00446 0.64605 0.37016
0.00895 1.24289 0.71213
0.01269 1.72168 0.98646
0.01259 1.68399 0.96487
0.01063 1.39427 0.79887
0.01181 1.53226 0.87793
0.01537 1.95006 1.11732
0.01357 1.70845 0.97888
0.01266 1.53980 0.88225
0.01065 1.31768 0.75498
0.00469 0.56610 0.32435
0.00892 1.07125 0.61378
0.00332 0.39365 0.22554
0.01316 1.54592 0.88576
0.00432 0.49971 0.28631
0.00946 1.08513 0.62174
0.00963 1.08454 0.62140
0.00742 0.82508 0.47274
0.02004 2.20539 1.26362
0.01015 1.10496 0.63310
0.01847 1.98861 1.13941
0.01205 1.27943 0.73307
0.01872 1.96006 1.12305
0.01557 1.60617 0.92028
0.00767 0.78662 0.45070
0.01541 1.52974 0.87649
0.03541 3.45637 1.98045
0.02680 2.60112 1.49038
0.03332 3.19381 1.83000
0.02241 2.12526 1.21771
0.02247 2.11183 1.21001
0.01653 1.54485 0.88515
0.01877 1.75219 1.00394
0.01768 1.65338 0.94733
0.01949 1.82484 1.04557
0.01715 1.61080 0.92293
0.01484 1.37838 0.78976
0.00925 0.85911 0.49224
0.01221 1.13135 0.64822
0.02171 2.01982 1.15729
0.01818 1.70533 0.97709
0.01410 1.32808 0.76094
0.00466 0.43968 0.25192
0.02552 2.39077 1.36985
0.02042 1.90612 1.09214
0.02087 1.93838 1.11063
0.00923 0.85775 0.49146
0.01864 1.73231 0.99255
0.02057 1.90693 1.09261
0.01505 1.40188 0.80323
0.00439 0.40466 0.23185
0.00617 0.57432 0.32906
0.00042 0.03868 0.02216
0.00357 0.32921 0.18862
0.00328 0.30073 0.17231
0.00471 0.43120 0.24706
0.00209 0.19089 0.10937
0.00949 0.85284 0.48864
0.00794 0.71573 0.41008
0.01873 1.70939 0.97942
0.00965 0.86622 0.49631
0.00915 0.81942 0.46950
0.01407 1.24983 0.71610
0.01380 1.22150 0.69987
0.00711 0.62329 0.35712
0.01363 1.19560 0.68503
0.01416 1.23842 0.70957
0.00956 0.83372 0.47769
0.01286 1.11664 0.63979
0.01181 1.01914 0.58393
0.00186 0.16003 0.09169
0.01677 1.43394 0.82159
0.00923 0.78903 0.45208
0.01278 1.09174 0.62553
0.01546 1.30531 0.74789
0.01407 1.18237 0.67745
0.02284 1.91676 1.09824
0.00333 0.27928 0.16001
0.02586 2.14726 1.23031
0.01781 1.48195 0.84911
0.00527 0.43590 0.24975
0.01549 1.27242 0.72905
0.01211 0.99040 0.56746
0.01059 0.86464 0.49540
0.01820 1.48360 0.85005
0.01965 1.59768 0.91541
0.01772 1.43460 0.82197
0.01685 1.36158 0.78013
0.00926 0.74462 0.42663
0.01709 1.37206 0.78614
0.01858 1.48858 0.85290
0.02091 1.66508 0.95403
0.01816 1.45189 0.83188
0.00860 0.67951 0.38933
0.01973 1.55581 0.89142
0.01393 1.09533 0.62758
0.02005 1.57500 0.90242
0.01678 1.32011 0.75637
0.01783 1.39864 0.80137
0.02446 1.91947 1.09979
0.02145 1.67918 0.96211
0.01680 1.32635 0.75995
0.01819 1.42937 0.81897
0.01386 1.05637 0.60526
0.01930 1.58417 0.90767
0.01497 1.19275 0.68340
0.01208 0.96635 0.55368
0.01887 1.51279 0.86677
0.02447 1.97914 1.13398
0.00301 0.24826 0.14224
0.00907 0.75433 0.43220
0.00777 0.64826 0.37143
0.01467 1.23391 0.70698
0.00974 0.82744 0.47409
0.01058 0.90902 0.52083
0.00906 0.78596 0.45032
0.00892 0.78258 0.44839
0.00777 0.68563 0.39284
0.00463 0.41032 0.23509
0.01074 0.95406 0.54664
0.01145 1.02122 0.58512
0.02072 1.85647 1.06369
0.01670 1.50071 0.85985
0.02314 2.08696 1.19576
0.01699 1.54274 0.88393
0.01945 1.77313 1.01594
0.02364 2.16199 1.23875
0.02665 2.42970 1.39215
0.03242 2.95612 1.69379
0.03250 2.97442 1.70428
0.03629 3.33887 1.91312
0.03146 2.90567 1.66489
0.03500 3.28625 1.88297
0.03158 2.98795 1.71203
0.02585 2.46066 1.40989
0.02170 2.08165 1.19272
0.01846 1.78261 1.02137
0.01388 1.35880 0.77854
0.02421 2.38721 1.36780
0.01711 1.70479 0.97679
0.01253 1.25999 0.72193
0.01270 1.28501 0.73626
0.00599 0.61148 0.35035
0.01252 1.28927 0.73870
0.00397 0.41325 0.23678
0.00888 0.93174 0.53385
0.00301 0.31940 0.18300
0.01804 1.96157 1.12392
0.01474 1.61331 0.92437
0.00797 0.89501 0.51280
0.00257 0.28998 0.16615
0.01178 1.34483 0.77053
0.00856 0.97766 0.56016
0.00667 0.76790 0.43997
0.00840 0.99742 0.57148
0.01805 2.13200 1.22157
0.01064 1.26358 0.72398
0.01287 1.52269 0.87245
0.00076 0.09062 0.05192
0.00151 0.17965 0.10293
0.00379 0.45064 0.25820
0.00709 0.84646 0.48499
0.01518 1.81583 1.04041
0.01161 1.38537 0.79377
0.01171 1.37255 0.78642
0.00509 0.61571 0.35277
0.00644 0.76264 0.43696
0.00701 0.82709 0.47389
0.01322 1.54322 0.88421
0.01554 1.81447 1.03963
0.00717 0.82260 0.47132
0.01296 1.46785 0.84103
0.01698 1.89156 1.08380
0.01816 2.02008 1.15744
0.00257 0.28239 0.16180
0.01216 1.31223 0.75186
0.00656 0.69892 0.40045
0.01532 1.61288 0.92412
0.00271 0.28189 0.16151
0.00788 0.81011 0.46416
0.01364 1.38704 0.79472
0.01879 1.88780 1.08164
0.01195 1.16564 0.66787
0.00646 0.64577 0.37000
0.01609 1.55664 0.89190
0.02044 1.95567 1.12054
0.03444 3.24886 1.86154
0.07217 6.79760 3.89549
0.03485 3.23126 1.85145
0.01897 1.73602 0.99468
0.02043 1.85952 1.06544
0.01445 1.29258 0.74060
0.02408 2.13078 1.22087
0.02471 2.17077 1.24378
0.02119 1.83792 1.05306
0.02432 2.09019 1.19761
0.01562 1.32294 0.75799
0.06151 5.13020 2.93971
0.03840 3.18914 1.82732
0.04245 3.45418 1.97920
0.03343 2.73258 1.56570
0.02445 1.97120 1.12943
0.03704 2.97121 1.70244
0.02464 1.96470 1.12571
0.02667 2.09400 1.19980
0.03673 2.86011 1.63878
0.03104 2.40983 1.38076
0.01861 1.43306 0.82109
0.06340 4.82861 2.76686
0.02124 1.60491 0.91956
0.02191 1.63646 0.93763
0.01060 0.78829 0.45166
0.01026 0.75049 0.43000
0.07141 5.18211 2.96946
0.01702 1.23467 0.70742
0.02094 1.50943 0.86485
0.01223 0.87335 0.50039
0.04075 2.89375 1.65806
0.01052 0.74019 0.42410
0.02394 1.67980 0.96246
0.00394 0.27401 0.15700
0.08697 6.00135 3.43903
0.03245 2.24403 1.28576
0.01138 0.77355 0.44322
0.01514 1.03125 0.59087
0.00656 0.44114 0.25275
0.02652 1.78322 1.02172
0.01366 0.91677 0.52527
0.02429 1.61521 0.92546
0.03276 2.18189 1.25016
0.02106 1.39734 0.80063
0.00611 0.40526 0.23220
0.01117 0.73734 0.42246
0.02722 1.79120 1.02630
0.01604 1.04926 0.60119
0.03194 2.09110 1.19814
0.01095 0.71702 0.41082
0.01421 0.92850 0.53199
0.01892 1.22947 0.70444
0.01447 0.94102 0.53916
0.02075 1.34280 0.76937
0.01210 0.78506 0.44980
0.01161 0.75390 0.43196
0.01087 0.71204 0.40797
0.02878 1.90003 1.08865
0.01427 0.95214 0.54554
0.01108 0.74765 0.42837
0.01564 1.05425 0.60404
0.00594 0.40452 0.23177
0.01765 1.21234 0.69462
0.00439 0.30459 0.17452
0.02405 1.68788 0.96709
0.01445 1.02005 0.58445
0.01883 1.34909 0.77298
0.02457 1.76927 1.01373
0.00878 0.63976 0.36656
0.01403 1.03265 0.59167
0.02222 1.64711 0.94373
0.01016 0.76258 0.43693
0.01873 1.43365 0.82143
0.01351 1.04174 0.59688
0.03004 2.32942 1.33469
0.02474 1.93393 1.10808
0.01512 1.19549 0.68497
0.02277 1.81341 1.03902
0.02705 2.16934 1.24297
0.01306 1.05480 0.60436
0.02004 1.63430 0.93640
0.02158 1.77810 1.01879
0.02156 1.79216 1.02685
0.00931 0.77972 0.44675
0.01499 1.26064 0.72230
0.01650 1.38264 0.79220
0.01131 0.99264 0.56874
0.01925 1.68750 0.96688
0.01445 1.28377 0.73555
0.01594 1.42788 0.81812
0.02392 2.17353 1.24537
0.01342 1.23912 0.70997
0.02972 2.75328 1.57756
0.01884 1.74337 0.99889
0.02970 2.76167 1.58237
0.00855 0.80886 0.46344
0.01893 1.81298 1.03878
0.00882 0.85190 0.48810
0.01130 1.10014 0.63034
0.01269 1.23855 0.70964
0.00947 0.93263 0.53436
0.01212 1.19847 0.68668
0.01091 1.08638 0.62246
0.01215 1.20487 0.69034
0.03613 3.59189 2.05811
0.00998 1.00842 0.57779
0.01204 1.21589 0.69666
0.00996 1.00510 0.57588
0.01007 1.01773 0.58312
0.01659 1.68025 0.96272
0.01932 1.96219 1.12427
0.01159 1.18720 0.68022
0.01048 1.07723 0.61721
0.00764 0.78584 0.45025
0.01692 1.74113 0.99760
0.01257 1.29836 0.74391
0.00629 0.64922 0.37197
0.01118 1.15667 0.66273
0.00891 0.92110 0.52775
0.00453 0.47089 0.26980
0.01460 1.52229 0.87221
0.00509 0.53219 0.30492
0.00356 0.37364 0.21408
0.00201 0.21187 0.12139
0.00952 1.00710 0.57703
0.00132 0.14005 0.08024
0.00554 0.58655 0.33607
0.01784 1.88056 1.07750
0.00470 0.49394 0.28301
0.00998 1.04214 0.59710
0.00262 0.27165 0.15564
0.01885 1.94309 1.11333
0.00065 0.06624 0.03795
0.00869 0.88843 0.50903
0.01431 1.45689 0.83475
0.00743 0.75232 0.43105
0.00521 0.52722 0.30208
0.01827 1.84698 1.05826
0.02016 2.03644 1.16681
0.02083 2.09857 1.20241
0.01765 1.76924 1.01371
0.01305 1.30426 0.74729
0.01826 1.85874 1.06499
0.02178 2.20059 1.26087
0.01928 1.94576 1.11486
0.00946 0.95306 0.54606
0.01987 2.01039 1.15189
0.00818 0.82538 0.47291
0.01022 1.03214 0.59137
0.01270 1.28830 0.73815
0.00926 0.93528 0.53588
0.00785 0.79531 0.45568
0.01147 1.15988 0.66457
0.00619 0.62685 0.35916
0.00953 0.96656 0.55380
0.00826 0.84208 0.48248
0.00886 0.90350 0.51767
0.01138 1.16566 0.66788
0.00820 0.84406 0.48361
0.00458 0.47330 0.27118
0.01465 1.52537 0.87398
0.01614 1.67455 0.95946
0.01067 1.10470 0.63295
0.00427 0.45280 0.25944
0.01697 1.78772 1.02430
0.02117 2.24216 1.28469
0.00586 0.61766 0.35389
0.00373 0.39747 0.22774
0.00765 0.81484 0.46687
0.00894 0.95854 0.54920
0.00513 0.54800 0.31398
0.00456 0.48598 0.27845
0.01029 1.09313 0.62632
0.00463 0.49237 0.28211
0.00741 0.78423 0.44933
0.01695 1.78045 1.02014
0.03853 4.01781 2.30219
0.01746 1.82923 1.04809
0.01581 1.65607 0.94887
0.01291 1.35381 0.77568
0.01706 1.78419 1.02228
0.00775 0.80436 0.46087
0.00381 0.39603 0.22691
0.01653 1.71367 0.98187
0.01377 1.42761 0.81797
0.00505 0.51992 0.29789
0.00914 0.94067 0.53897
0.02241 2.32474 1.33201
0.00932 0.95688 0.54825
0.01080 1.10284 0.63189
0.01139 1.15480 0.66166
0.01276 1.29244 0.74052
0.01105 1.12055 0.64203
0.00890 0.90287 0.51731
0.01462 1.48504 0.85087
0.01970 1.99780 1.14467
0.01370 1.39221 0.79769
0.01596 1.62888 0.93329
0.01465 1.49545 0.85684
0.01248 1.27535 0.73072
0.02187 2.22000 1.27199
0.01799 1.84058 1.05459
0.00775 0.79286 0.45428
0.01676 1.72468 0.98818
0.01972 1.99888 1.14529
0.01536 1.59697 0.91501
0.02617 2.67206 1.53102
0.01631 1.67197 0.95798
0.02265 2.32855 1.33419
0.02022 2.04840 1.17367
0.02096 2.16034 1.23781
0.01226 1.22557 0.70221
0.01832 1.88348 1.07917
0.02285 2.29854 1.31700
0.01539 1.54324 0.88422
0.01565 1.55492 0.89091
0.01938 1.91759 1.09872
0.01801 1.76755 1.01275
0.01296 1.27522 0.73065
0.01490 1.45158 0.83170
0.00993 0.96169 0.55101
0.01542 1.49340 0.85566
0.02433 2.33831 1.33978
0.01521 1.45788 0.83531
0.02677 2.55015 1.46117
0.01139 1.08151 0.61966
0.01935 1.82723 1.04694
0.01959 1.84971 1.05982
0.01710 1.60247 0.91816
0.02011 1.88003 1.07720
0.02129 1.98227 1.13577
0.01671 1.54835 0.88715
0.01670 1.54097 0.88292
0.02927 2.68074 1.53600
0.01446 1.32431 0.75878
0.02305 2.09931 1.20284
0.01434 1.30165 0.74580
0.01461 1.32147 0.75715
0.01180 1.06689 0.61129
0.02348 2.12003 1.21471
0.02190 1.96720 1.12714
0.02085 1.85944 1.06540
0.02538 2.24848 1.28831
0.02886 2.56061 1.46716
0.02216 1.95828 1.12203
0.02482 2.18917 1.25433
0.02155 1.89606 1.08638
0.02432 2.13358 1.22247
0.02406 2.10307 1.20499
0.02086 1.82148 1.04365
0.02520 2.20807 1.26515
0.01741 1.52485 0.87368
0.01811 1.58738 0.90951
0.02533 2.21361 1.26833
0.01713 1.50470 0.86214
0.02022 1.77989 1.01981
0.02776 2.44754 1.40237
0.02751 2.42935 1.39195
0.02070 1.83883 1.05358
0.01787 1.58923 0.91057
0.01733 1.54061 0.88271
0.02476 2.21329 1.26815
0.01755 1.57147 0.90040
0.01201 1.07738 0.61730
0.02152 1.93451 1.10841
0.02255 2.02994 1.16309
0.02155 1.94222 1.11283
0.02803 2.52655 1.44764
0.01695 1.52999 0.87663
0.01476 1.33415 0.76442
0.01934 1.75221 1.00395
0.02107 1.91452 1.09695
0.02398 2.17239 1.24471
0.02140 1.94550 1.11471
0.02015 1.82860 1.04772
0.02231 2.02379 1.15957
0.02743 2.49715 1.43080
0.02160 1.98167 1.13543
0.02819 2.59302 1.48573
0.02487 2.29736 1.31632
0.03261 3.01439 1.72718
0.01527 1.42644 0.81730
0.01543 1.45399 0.83308
0.02133 2.03983 1.16876
0.01921 1.86143 1.06654
0.01809 1.78466 1.02255
0.01577 1.57058 0.89988
0.02168 2.19997 1.26052
0.01363 1.40816 0.80682
0.01864 1.95149 1.11814
0.02252 2.37288 1.35959
0.01451 1.52847 0.87576
0.02001 2.11318 1.21079
0.01624 1.72736 0.98971
0.01273 1.35329 0.77539
0.01079 1.15157 0.65980
0.01734 1.86021 1.06584
0.01046 1.12398 0.64400
0.01078 1.17294 0.67205
0.02000 2.15906 1.23708
0.01062 1.15187 0.65998
0.01538 1.69315 0.97011
0.01295 1.40657 0.80591
0.00763 0.82571 0.47310
0.01272 1.39592 0.79981
0.00788 0.85141 0.48783
0.01764 1.93916 1.11107
0.01261 1.36286 0.78087
0.00956 1.03039 0.59037
0.01136 1.23742 0.70899
0.00254 0.27276 0.15628
0.00519 0.55015 0.31521
0.01718 1.81350 1.03907
0.01249 1.31568 0.75383
0.00686 0.72185 0.41359
0.01188 1.23422 0.70716
0.01089 1.11796 0.64055
0.01121 1.13723 0.65159
0.01170 1.17996 0.67607
0.01472 1.47557 0.84545
0.01270 1.25879 0.72124
0.01823 1.78744 1.02414
0.01474 1.42747 0.81789
0.01158 1.10275 0.63183
0.01734 1.63479 0.93668
0.01709 1.59501 0.91388
0.01961 1.81415 1.03945
0.01392 1.27703 0.73169
0.01343 1.22523 0.70201
0.01266 1.14859 0.65810
0.01505 1.35434 0.77598
0.01832 1.64241 0.94104
0.01600 1.42491 0.81642
0.01983 1.76406 1.01074
0.01158 1.03261 0.59165
0.01603 1.42739 0.81784
0.01314 1.17178 0.67139
0.01492 1.33141 0.76285
0.01943 1.72962 0.99101
0.01501 1.33541 0.76514
0.01566 1.39786 0.80092
0.01655 1.48249 0.84941
0.01661 1.49458 0.85634
0.01681 1.52010 0.87096
0.01860 1.68051 0.96287
0.02124 1.92827 1.10483
0.02160 1.96918 1.12827
0.01495 1.36291 0.78090
0.03471 3.17690 1.82031
0.00762 0.69644 0.39903
0.00998 0.90912 0.52089
0.02110 1.91616 1.09790
0.00197 0.17852 0.10229
0.01095 0.99254 0.56869
0.01674 1.51357 0.86722
0.02025 1.82683 1.04671
0.03049 2.74325 1.57181
0.02255 2.03481 1.16588
0.01047 0.94513 0.54152
0.02456 2.20244 1.26193
0.02841 2.54472 1.45806
0.01934 1.72978 0.99110
0.02014 1.80059 1.03168
0.02017 1.79713 1.02970
0.02102 1.86874 1.07073
0.02501 2.22838 1.27679
0.01976 1.76275 1.00999
0.01899 1.69720 0.97243
0.01255 1.12682 0.64562
0.01650 1.48183 0.84903
0.01466 1.31520 0.75356
0.01783 1.60656 0.92050
0.01717 1.54960 0.88786
0.01647 1.48497 0.85083
0.02343 2.11946 1.21439
0.01327 1.20723 0.69170
0.02173 1.98905 1.13966
0.01317 1.21043 0.69353
0.02075 1.90051 1.08893
0.01677 1.54838 0.88716
0.01905 1.76470 1.01111
0.02097 1.95755 1.12161
0.01897 1.78483 1.02265
0.02770 2.59883 1.48906
0.01946 1.84397 1.05653
0.02277 2.17177 1.24436
0.02111 2.02001 1.15740
0.03914 3.75710 2.15279
0.02742 2.64584 1.51600
0.03273 3.18659 1.82586
0.02244 2.20004 1.26056
0.02391 2.36427 1.35466
0.02389 2.35931 1.35182
0.02750 2.73081 1.56469
0.02210 2.21217 1.26751
0.02396 2.41479 1.38360
0.02171 2.19631 1.25842
0.02101 2.12873 1.21970
0.02391 2.43482 1.39508
0.01960 2.00936 1.15130
0.01583 1.62931 0.93354
0.01379 1.43011 0.81940
0.02046 2.11990 1.21463
0.01818 1.89422 1.08532
0.01869 1.94567 1.11480
0.01747 1.83193 1.04964
0.01123 1.19137 0.68261
0.01149 1.21559 0.69649
0.01573 1.67567 0.96010
0.01020 1.09213 0.62575
0.01075 1.16153 0.66551
0.00872 0.95293 0.54599
0.00742 0.81628 0.46769
0.00909 1.01318 0.58051
0.01215 1.37112 0.78560
0.00609 0.69409 0.39769
0.00888 1.03328 0.59203
0.00756 0.89285 0.51157
0.00769 0.92486 0.52990
0.00838 1.02311 0.58620
0.01083 1.33428 0.76449
0.01124 1.39467 0.79909
0.01236 1.54157 0.88326
0.00678 0.84904 0.48646
0.01427 1.79225 1.02690
0.01048 1.31977 0.75618
0.00777 0.97578 0.55908
0.00901 1.13504 0.65033
0.00448 0.56521 0.32384
0.01504 1.87796 1.07601
0.02384 3.03699 1.74013
0.00954 1.20512 0.69049
0.00999 1.25882 0.72126
0.00966 1.24080 0.71093
0.01232 1.55327 0.88997
0.01050 1.35615 0.77702
0.02505 3.14780 1.80363
0.01245 1.57046 0.89982
0.01097 1.41273 0.80944
0.00902 1.13196 0.64857
0.01319 1.65534 0.94845
0.01020 1.29836 0.74391
0.01025 1.27514 0.73061
0.01068 1.35019 0.77361
0.01331 1.64293 0.94134
0.01840 2.25513 1.29212
0.01507 1.87224 1.07273
0.01722 2.09343 1.19947
0.01621 1.99828 1.14495
0.01688 2.03348 1.16512
0.01315 1.57172 0.90054
0.01491 1.80021 1.03146
0.01150 1.36591 0.78261
0.00892 1.05430 0.60407
0.01289 1.53075 0.87707
0.01274 1.48885 0.85306
0.01605 1.88014 1.07726
0.01291 1.49390 0.85595
0.01329 1.53630 0.88024
0.01639 1.91010 1.09442
0.01796 2.06910 1.18553
0.03265 3.74002 2.14300
0.01628 1.88576 1.08048
0.01454 1.65322 0.94724
0.01733 1.96804 1.12762
0.01786 2.03497 1.16597
0.01855 2.09306 1.19926
0.02529 2.90091 1.66216
0.01676 1.89898 1.08805
0.01967 2.22564 1.27522
0.02678 3.09646 1.77421
0.01290 1.47523 0.84525
0.01598 1.83468 1.05121
0.02474 2.90139 1.66243
0.01793 2.06561 1.18353
0.02761 3.21616 1.84280
0.01230 1.40943 0.80755
0.00741 0.84709 0.48535
0.02083 2.39624 1.37298
0.00860 0.98150 0.56236
0.00486 0.55086 0.31562
0.01766 1.99677 1.14409
0.01347 1.50106 0.86005
0.01630 1.83733 1.05273
0.00964 1.07084 0.61355
0.01361 1.50677 0.86332
0.01879 2.09957 1.20299
0.00808 0.88728 0.50837
0.00891 0.97471 0.55847
0.02200 2.41750 1.38516
0.00952 1.02864 0.58937
0.02477 2.68531 1.53862
0.00832 0.88897 0.50934
0.00595 0.63200 0.36211
0.02826 3.00202 1.72010
0.01155 1.21179 0.69431
0.01633 1.69934 0.97366
0.02784 2.90985 1.66728
0.01675 1.72397 0.98778
0.02715 2.79478 1.60134
0.01499 1.52499 0.87377
0.01584 1.60090 0.91726
0.02695 2.73436 1.56672
0.00896 0.89609 0.51343
0.01748 1.73904 0.99641
0.02190 2.16575 1.24091
0.01015 0.99266 0.56875
0.00520 0.50765 0.29086
0.02742 2.66562 1.52733
0.00951 0.91824 0.52612
0.02772 2.67217 1.53109
0.00826 0.78768 0.45131
0.01849 1.76330 1.01031
0.01982 1.86479 1.06846
0.01752 1.64658 0.94343
0.00996 0.93477 0.53558
0.02166 2.02035 1.15759
0.01559 1.44193 0.82617
0.02463 2.25734 1.29339
0.01291 1.18757 0.68043
0.02001 1.82810 1.04744
0.02601 2.36076 1.35265
0.01411 1.27489 0.73046
0.01356 1.21960 0.69879
0.02232 1.99625 1.14378
0.02177 1.94214 1.11278
0.02216 1.97234 1.13009
0.02293 2.02805 1.16201
0.01481 1.30280 0.74646
0.02757 2.41376 1.38302
0.01975 1.72251 0.98694
0.01648 1.42796 0.81817
0.01831 1.57621 0.90311
0.01347 1.15074 0.65933
0.01480 1.26167 0.72289
0.02191 1.84602 1.05771
0.00983 0.83547 0.47869
0.01448 1.21978 0.69889
0.01562 1.24019 0.71058
0.01551 1.36462 0.78188
0.01329 1.10056 0.63058
0.02105 1.73005 0.99126
0.01510 1.23179 0.70577
0.01209 0.98349 0.56350
0.01027 0.83248 0.47698
0.00835 0.67349 0.38588
0.00712 0.57159 0.32750
0.01748 1.39877 0.80144
0.02511 2.00169 1.14690
0.01475 1.16533 0.66769
0.02489 1.95075 1.11772
0.02225 1.74308 0.99872
0.03052 2.37761 1.36230
0.02061 1.59664 0.91482
0.01642 1.26580 0.72526
0.02269 1.72944 0.99091
0.01614 1.21668 0.69711
0.02148 1.62095 0.92875
0.02005 1.50655 0.86320
0.01374 1.02597 0.58784
0.01658 1.23141 0.70555
0.02287 1.68538 0.96566
0.01920 1.41068 0.80827
0.01447 1.05767 0.60600
0.01184 0.86107 0.49336
0.01808 1.30960 0.75035
0.01956 1.40787 0.80665
0.01537 1.10214 0.63148
0.02204 1.57719 0.90368
0.01553 1.10755 0.63458
0.01046 0.74594 0.42739
0.01845 1.30808 0.74948
0.01886 1.34015 0.76785
0.01832 1.29730 0.74331
0.01200 0.85150 0.48787
0.02220 1.57195 0.90067
0.01851 1.31037 0.75079
0.02150 1.52283 0.87252
0.02256 1.59929 0.91634
0.02204 1.56528 0.89685
0.02097 1.48570 0.85125
0.02636 1.86741 1.06996
0.01553 1.10324 0.63211
0.01390 0.98375 0.56365
0.02701 1.90712 1.09272
0.01294 0.92010 0.52718
0.01546 1.10260 0.63175
0.03192 2.28296 1.30807
0.02210 1.58502 0.90816
0.02110 1.51735 0.86939
0.02355 1.68810 0.96722
0.02904 2.08439 1.19429
0.01818 1.30896 0.74999
0.02496 1.79940 1.03100
0.02418 1.74963 1.00248
0.01837 1.32449 0.75888
0.02330 1.69302 0.97004
0.01103 0.80205 0.45954
0.01747 1.27620 0.73122
0.01702 1.24568 0.71373
0.02648 1.93898 1.11097
0.01611 1.18869 0.68107
0.02359 1.74508 0.99987
0.01744 1.29384 0.74132
0.02401 1.78459 1.02251
0.01643 1.22678 0.70289
0.02542 1.90659 1.09241
0.01594 1.20586 0.69091
0.01741 1.33783 0.76653
0.01628 1.26290 0.72360
0.02867 2.25689 1.29313
0.01149 0.92104 0.52772
0.02205 1.79778 1.03007
0.01723 1.42893 0.81872
0.01288 1.08088 0.61930
0.02096 1.79556 1.02879
0.01768 1.54067 0.88275
0.01444 1.28622 0.73696
0.01900 1.72271 0.98705
0.01623 1.49532 0.85676
0.01270 1.18745 0.68036
0.02144 2.01864 1.15661
0.00750 0.71388 0.40902
0.02599 2.50029 1.43260
0.01769 1.71194 0.98088
0.01423 1.39537 0.79950
0.02853 2.81463 1.61272
0.01797 1.78541 1.02298
0.02820 2.79029 1.59877
0.02011 1.99160 1.14112
0.02369 2.33595 1.33843
0.02879 2.85183 1.63403
0.02166 2.13945 1.22584
0.01259 1.24354 0.71250
0.02995 2.98893 1.71259
0.00905 0.90398 0.51795
0.00638 0.63601 0.36441
0.02363 2.35224 1.34777
0.01175 1.16148 0.66549
0.02218 2.21195 1.26738
0.00403 0.39795 0.22801
0.00495 0.48398 0.27730
0.02352 2.30943 1.32323
0.00403 0.38978 0.22333
0.00622 0.59636 0.34169
0.02421 2.33001 1.33503
0.00520 0.49202 0.28191
0.00356 0.33602 0.19252
0.03320 3.17018 1.81646
0.02515 2.35885 1.35155
0.03400 3.21712 1.84335
0.01144 1.06255 0.60880
0.00316 0.29236 0.16751
0.01822 1.68365 0.96467
0.01705 1.54975 0.88795
0.00701 0.63498 0.36382
0.02324 2.13088 1.22093
0.00943 0.85189 0.48810
0.02348 2.12478 1.21743
0.02000 1.77859 1.01907
0.01918 1.69611 0.97181
0.02341 2.09293 1.19918
0.01283 1.12370 0.64384
0.01706 1.49805 0.85833
0.02046 1.80676 1.03521
0.00962 0.83935 0.48091
0.01925 1.69129 0.96905
0.01287 1.11152 0.63686
0.01462 1.26280 0.72354
0.02372 2.05406 1.17691
0.01556 1.33461 0.76468
0.02044 1.75609 1.00618
0.01844 1.57337 0.90149
0.01621 1.37952 0.79041
0.01704 1.44333 0.82697
0.02576 2.17515 1.24629
0.01919 1.63308 0.93570
0.01544 1.31503 0.75346
0.01714 1.46539 0.83961
0.01612 1.37618 0.78850
0.02159 1.84821 1.05896
0.02020 1.73686 0.99516
0.02316 1.99441 1.14273
0.01613 1.39681 0.80032
0.01138 0.98962 0.56701
0.01187 1.04653 0.59962
0.00968 0.86042 0.49299
0.01489 1.33887 0.76712
0.01183 1.07156 0.61396
0.01219 1.12852 0.64660
0.01702 1.60690 0.92069
0.02065 1.97268 1.13028
0.01205 1.17803 0.67497
0.01682 1.66081 0.95159
0.01184 1.19086 0.68232
0.02282 2.35719 1.35060
0.01549 1.61603 0.92593
0.02148 2.29464 1.31476
0.01687 1.85200 1.06113
0.02112 2.37425 1.36038
0.01788 2.10218 1.20448
0.01635 1.93641 1.10950
0.02040 2.49953 1.43216
0.01178 1.44241 0.82645
0.02752 3.39477 1.94515
0.01614 2.08016 1.19186
0.01002 1.27370 0.72978
0.03294 4.41248 2.52837
0.00560 0.74157 0.42489
0.01088 1.43451 0.82192
0.03183 4.43772 2.54283
0.00673 0.89216 0.51117
0.03946 5.51266 3.15892
0.00473 0.62274 0.35681
0.00107 0.14099 0.08078
0.03749 5.15841 2.95588
0.02651 3.55483 2.03688
0.04755 6.66870 3.82159
0.02978 4.06666 2.33018
0.00954 1.31165 0.75152
0.05087 7.13028 4.08622
0.00616 0.84065 0.48166
0.03565 4.95372 2.83856
0.02369 3.24249 1.85789
0.02353 3.21005 1.83930
0.03686 5.05797 2.89831
0.03145 4.28593 2.45585
0.02983 4.04648 2.31862
0.03419 4.62161 2.64822
0.02434 3.27225 1.87494
0.03404 4.54296 2.60315
0.02574 3.43383 1.96753
0.01180 1.56997 0.89954
0.04114 5.47855 3.13937
0.01055 1.40044 0.80240
0.03701 4.95583 2.83977
0.01569 2.09220 1.19876
0.02578 3.42695 1.96359
0.04682 6.18545 3.54457
0.03051 4.04299 2.31662
0.04342 5.74382 3.29142
0.01826 2.45336 1.40571
0.02109 2.86552 1.64188
0.05177 6.94571 3.98040
0.02452 3.39146 1.94326
0.05428 7.42612 4.25583
0.02716 3.87645 2.22118
0.02075 3.00561 1.72215
0.03677 5.27471 3.02254
0.01433 2.09522 1.20050
0.00859 1.25152 0.71708
0.01398 2.00404 1.14825
0.01446 2.09465 1.20017
0.01290 1.83771 1.05294
0.00756 1.08985 0.62444
0.01604 2.32229 1.33060
0.01603 2.25757 1.29352
0.01267 1.82143 1.04362
0.00508 0.73334 0.42018
0.02402 3.36517 1.92819
0.01188 1.71866 0.98473
0.02583 3.54322 2.03022
0.01200 1.69638 0.97196
0.00649 0.91987 0.52705
0.02498 3.41120 1.95457
0.00689 0.96949 0.55548
0.01452 2.00885 1.15101
0.03547 4.70146 2.69399
0.01472 1.99723 1.14435
0.01988 2.60904 1.49491
0.01083 1.43882 0.82439
0.01371 1.79886 1.03068
0.03392 4.34755 2.49116
0.01764 2.25214 1.29041
0.01752 2.20540 1.26363
0.02211 2.74103 1.57054
0.01720 2.11734 1.21317
0.02094 2.52969 1.44945
0.01855 2.21334 1.26818
0.02403 2.83821 1.62623
0.02727 3.17854 1.82124
0.02220 2.56648 1.47052
0.02298 2.64195 1.51377
0.02344 2.63141 1.50773
0.01774 1.97333 1.13065
0.02019 2.22601 1.27544
0.02138 2.33755 1.33935
0.00945 1.02475 0.58714
0.02087 2.23154 1.27860
0.02469 2.61362 1.49754
0.03673 3.83710 2.19863
0.01417 1.47853 0.84714
0.01361 1.40089 0.80266
0.01280 1.30654 0.74860
0.01421 1.44115 0.82572
0.01795 1.80497 1.03419
0.01760 1.75551 1.00584
0.01070 1.06686 0.61127
0.01168 1.16079 0.66509
0.00858 0.85035 0.48722
0.00803 0.79283 0.45426
0.08662 8.55056 4.90060
0.08251 8.13250 4.66087
0.05327 5.21186 2.98651
0.02228 2.17800 1.24793
0.03593 3.53169 2.02361
0.02018 1.98295 1.13616
0.02285 2.24086 1.28395
0.01383 1.35536 0.77657
0.01802 1.76628 1.01201
0.01351 1.32492 0.75913
0.01626 1.60004 0.91677
0.01477 1.44949 0.83051
0.01875 1.84627 1.05785
0.01871 1.83270 1.05007
0.02145 2.10907 1.20843
0.00821 0.80818 0.46305
0.01924 1.88480 1.07992
0.01106 1.09404 0.62684
0.01471 1.46136 0.83731
0.01881 1.86473 1.06843
0.01801 1.78820 1.02458
0.01695 1.68438 0.96509
0.02644 2.61639 1.49912
0.02305 2.28823 1.31109
0.02927 2.92007 1.67314
0.01803 1.78721 1.02401
0.01727 1.72189 0.98658
0.02372 2.35043 1.34673
0.02023 2.01486 1.15445
0.02313 2.31240 1.32494
0.01782 1.77186 1.01521
0.02272 2.27037 1.30085
0.01755 1.74314 0.99876
0.02356 2.34301 1.34248
0.02292 2.26157 1.29581
0.02362 2.37150 1.35880
0.01649 1.64856 0.94457
0.01841 1.84012 1.05433
0.02005 1.99860 1.14513
0.01731 1.72762 0.98986
0.02925 2.90578 1.66495
0.02454 2.43558 1.39552
0.02102 2.09330 1.19939
0.02069 2.06507 1.18322
0.01673 1.66963 0.95664
0.01934 1.93041 1.10606
0.01246 1.24809 0.71511
0.01441 1.44892 0.83017
0.01360 1.36965 0.78476
0.01382 1.39619 0.79996
0.01554 1.57543 0.90266
0.01596 1.62038 0.92842
0.02044 2.08175 1.19277
0.01250 1.28168 0.73435
0.01420 1.45175 0.83180
0.01647 1.68968 0.96813
0.01456 1.50322 0.86129
0.01954 1.99735 1.14442
0.02226 2.38951 1.36912
0.03153 3.34170 1.91474
0.02286 2.45638 1.40744
0.03866 4.20049 2.40688
0.02384 2.63685 1.51085
0.02747 3.10848 1.78110
0.01300 1.50459 0.86207
0.01210 1.45177 0.83181
0.02316 2.86783 1.64320
0.02222 2.80642 1.60801
0.02497 3.27264 1.87517
0.01992 2.69450 1.54388
0.02517 3.50741 2.00970
0.01786 2.55098 1.46164
0.02909 4.18679 2.39903
0.03054 4.38092 2.51028
0.04227 6.08942 3.48952
0.03550 5.19279 2.97558
0.04292 6.37628 3.65396
0.03053 4.55427 2.60963
0.03397 5.12701 2.93788
0.02322 3.54119 2.02906
0.03005 4.51479 2.58701
0.01504 2.35142 1.34729
0.03892 5.94302 3.40560
0.01366 2.18295 1.25076
0.03881 5.89983 3.38084
0.01711 2.74627 1.57355
0.01420 2.30273 1.31939
0.04145 6.30373 3.61237
0.02182 3.53202 2.02380
0.04052 6.08462 3.48677
0.02599 4.10641 2.35296
0.03194 4.98790 2.85815
0.04137 6.04701 3.46521
0.03526 5.45855 3.12790
0.03684 5.31462 3.04541
0.03373 5.11665 2.93194
0.02394 3.64319 2.08751
0.02692 3.83561 2.19778
0.02844 4.23670 2.42763
0.03190 4.51474 2.58697
0.03324 4.78234 2.74034
0.02869 4.05294 2.32232
0.03243 4.38997 2.51547
0.02832 3.84544 2.20341
0.02309 3.05928 1.75291
0.01892 2.46014 1.40959
0.01975 2.54001 1.45536
0.02359 2.92640 1.67677
0.02671 3.30989 1.89651
0.02005 2.41718 1.38497
0.02920 3.46393 1.98478
0.02368 2.75021 1.57580
0.02304 2.62828 1.50594
0.02153 2.41127 1.38159
0.02911 3.19935 1.83317
0.03179 3.44928 1.97639
0.02498 2.66792 1.52865
0.03173 3.37078 1.93140
0.03347 3.49234 2.00106
0.03798 3.91469 2.24309
0.02305 2.36107 1.35282
0.03703 3.73055 2.13757
0.02378 2.38209 1.36487
0.02144 2.13003 1.22044
0.02281 2.23917 1.28298
0.03802 3.69639 2.11800
0.02217 2.14726 1.23031
0.02521 2.42028 1.38675
0.01580 1.51923 0.87046
0.02057 1.95632 1.12091
0.01351 1.28873 0.73840
0.01469 1.39500 0.79928
0.01608 1.52348 0.87290
0.01888 1.77862 1.01909
0.01338 1.26206 0.72311
0.01392 1.31348 0.75258
0.01734 1.62543 0.93131
0.01740 1.62698 0.93220
0.02491 2.33126 1.33575
0.01499 1.40975 0.80774
0.02173 2.02606 1.16087
0.01838 1.73602 0.99468
0.02151 2.01400 1.15396
0.01345 1.25382 0.71839
0.01345 1.25969 0.72175
0.01602 1.49517 0.85668
0.02227 2.08516 1.19473
0.02097 1.97114 1.12940
0.01623 1.50976 0.86503
0.01882 1.75196 1.00381
0.01422 1.31852 0.75546
0.01102 1.01451 0.58127
0.01636 1.50691 0.86340
0.01792 1.63557 0.93712
0.01424 1.29747 0.74340
0.01918 1.72997 0.99121
0.00999 0.89912 0.51516
0.01093 0.98010 0.56156
0.00737 0.65855 0.37732
0.01893 1.68872 0.96757
0.02545 2.26345 1.29689
0.02028 1.79202 1.02676
0.02380 2.09441 1.20003
0.02082 1.82390 1.04503
0.02026 1.76707 1.01247
0.02204 1.90030 1.08881
0.02282 1.97267 1.13027
0.02378 2.04335 1.17077
0.02358 2.01850 1.15654
0.02702 2.29273 1.31367
0.03381 2.84982 1.63288
0.02771 2.32071 1.32970
0.04318 3.59399 2.05932
0.04008 3.33918 1.91330
0.04000 3.30259 1.89233
0.04203 3.45393 1.97905
0.03053 2.48892 1.42608
0.03843 3.12984 1.79334
0.03040 2.46168 1.41047
0.03666 2.94290 1.68622
0.04396 3.50066 2.00583
0.03967 3.15817 1.80957
0.03140 2.49608 1.43019
0.03065 2.42937 1.39196
0.04577 3.60589 2.06613
0.01900 1.49197 0.85484
0.04103 3.20391 1.83579
0.02996 2.32954 1.33476
0.02817 2.19576 1.25810
0.01299 1.00812 0.57761
0.02722 2.09585 1.20086
0.03349 2.56489 1.46961
0.02055 1.57626 0.90314
0.05106 3.91224 2.24169
0.02713 2.09552 1.20067
0.01442 1.10892 0.63537
0.01979 1.51850 0.87005
0.02078 1.58546 0.90841
0.02337 1.77026 1.01430
0.03076 2.32561 1.33251
0.02579 1.94125 1.11227
0.03186 2.39382 1.37159
0.02266 1.70540 0.97714
0.02259 1.69510 0.97123
0.02754 2.04687 1.17279
0.02405 1.78216 1.02111
0.02903 2.13970 1.22598
0.03784 2.77944 1.59255
0.03257 2.38502 1.36655
0.02914 2.13757 1.22476
0.03437 2.51478 1.44090
0.01808 1.32106 0.75692
0.01484 1.08596 0.62221
0.01646 1.19712 0.68590
0.02121 1.54322 0.88421
0.02163 1.56692 0.89779
0.01441 1.04409 0.59822
0.01131 0.81859 0.46902
0.02036 1.45701 0.83481
0.03117 2.23258 1.27920
0.03133 2.23383 1.27992
0.02985 2.12019 1.21480
0.04001 2.82016 1.61588
0.03002 2.10758 1.20758
0.04060 2.82795 1.62035
0.03242 2.26086 1.29541
0.04646 3.22873 1.85001
0.04623 3.19882 1.83287
0.05649 3.90666 2.23849
0.03063 2.12039 1.21492
0.04738 3.25782 1.86668
0.06118 4.19625 2.40445
0.03612 2.46949 1.41495
0.05772 3.91633 2.24404
0.05748 3.90964 2.24020
0.04835 3.26664 1.87173
0.03203 2.18631 1.25269
0.04204 2.84793 1.63180
0.03647 2.47472 1.41795
0.03032 2.05109 1.17521
0.03658 2.47427 1.41769
0.02786 1.89416 1.08529
0.03380 2.28647 1.31008
0.02828 1.92000 1.10010
0.02598 1.75639 1.00635
0.04089 2.76670 1.58525
0.02917 1.97975 1.13433
0.03632 2.44883 1.40311
0.03502 2.37666 1.36176
0.03708 2.52795 1.44845
0.03422 2.32795 1.33384
0.03112 2.12161 1.21562
0.03734 2.53770 1.45403
0.04333 2.94786 1.68906
0.02893 1.97939 1.13413
0.03382 2.31011 1.32362
0.02916 1.98928 1.13979
0.03384 2.30547 1.32097
0.03360 2.28674 1.31023
0.03008 2.05146 1.17542
0.02430 1.65560 0.94860
0.01786 1.21955 0.69876
0.03550 2.43013 1.39240
0.01763 1.21092 0.69381
0.02163 1.48033 0.84817
0.02973 2.04113 1.16950
0.03829 2.63117 1.50759
0.02714 1.86452 1.06831
0.03140 2.15329 1.23377
0.02979 2.04299 1.17057
0.02782 1.91100 1.09494
0.03069 2.09939 1.20288
0.03761 2.59798 1.48858
0.03029 2.09017 1.19760
0.04750 3.26101 1.86850
0.03531 2.42303 1.38833
0.02951 2.02547 1.16053
0.03596 2.49636 1.43035
0.03490 2.42069 1.38699
0.02848 1.97536 1.13182
0.02460 1.70031 0.97422
0.02294 1.58952 0.91074
0.02318 1.60244 0.91814
0.01690 1.17248 0.67179
0.02065 1.43021 0.81946
0.00948 0.65984 0.37806
0.01348 0.93338 0.53479
0.02328 1.60852 0.92162
0.02846 1.96321 1.12486
0.02291 1.58167 0.90624
0.01842 1.27155 0.72855
0.03268 2.24546 1.28658
0.02167 1.49217 0.85496
0.02257 1.55186 0.88916
0.02781 1.91265 1.09588
0.02117 1.45438 0.83331
0.02727 1.87683 1.07536
0.02138 1.47313 0.84405
0.02368 1.62854 0.93309
0.02543 1.75532 1.00574
0.02522 1.72870 0.99049
0.03025 2.08689 1.19572
0.02059 1.42174 0.81461
0.00805 0.55738 0.31935
0.01992 1.37421 0.78737
0.02727 1.88467 1.07985
0.02013 1.38885 0.79576
0.03062 2.09876 1.20252
0.01882 1.29321 0.74096
0.02819 1.92982 1.10572
0.02329 1.60879 0.92178
0.02359 1.63600 0.93737
0.02857 1.98362 1.13655
0.01504 1.04204 0.59705
0.02306 1.60080 0.91720
0.02115 1.47251 0.84369
0.02326 1.62570 0.93147
0.02604 1.81686 1.04100
0.01899 1.33108 0.76266
0.01991 1.38796 0.79525
0.02485 1.73863 0.99618
0.02030 1.42381 0.81579
0.03892 2.72430 1.56096
0.03162 2.21140 1.26707
0.03683 2.57702 1.47656
0.02209 1.55134 0.88886
0.03670 2.56766 1.47120
0.01971 1.37369 0.78707
0.03945 2.75822 1.58040
0.02652 1.85095 1.06053
0.05489 3.84309 2.20206
0.01692 1.18731 0.68028
0.02893 2.03752 1.16743
0.01792 1.26390 0.72417
0.01874 1.32277 0.75790
0.01687 1.18520 0.67907
0.01451 1.02268 0.58596
0.01601 1.12894 0.64684
0.01536 1.07808 0.61770
0.02102 1.47247 0.84367
0.02767 1.93119 1.10651
0.04141 2.88923 1.65547
0.02370 1.65599 0.94883
0.01928 1.34968 0.77332
0.03202 2.23341 1.27968
0.02577 1.79133 1.02637
0.02775 1.93514 1.10877
0.02376 1.65820 0.95009
0.02770 1.92764 1.10447
0.02382 1.66819 0.95581
0.02548 1.77293 1.01583
0.02091 1.45423 0.83322
0.01899 1.31953 0.75604
0.01753 1.21183 0.69433
0.02190 1.51494 0.86800
0.01384 0.95776 0.54876
0.01327 0.91471 0.52409
0.01749 1.20065 0.68793
0.03016 2.06528 1.18334
0.01995 1.36936 0.78459
0.03954 2.70470 1.54973
0.01995 1.36854 0.78412
0.02152 1.46796 0.84108
0.02908 1.98266 1.13600
0.02428 1.66024 0.95126
0.03028 2.07552 1.18921
0.03411 2.33381 1.33721
0.02817 1.91820 1.09906
0.02719 1.85154 1.06087
0.01914 1.29976 0.74471
0.02153 1.46244 0.83792
0.02375 1.61807 0.92709
0.02267 1.53744 0.88090
0.01980 1.34348 0.76976
0.02235 1.51250 0.86661
0.02268 1.53392 0.87888
0.01113 0.75350 0.43173
0.00830 0.56034 0.32105
0.01875 1.25777 0.72065
0.02695 1.80517 1.03430
0.01877 1.25322 0.71805
0.02324 1.54221 0.88363
0.01748 1.16673 0.66849
0.01696 1.13541 0.65055
0.01282 0.85698 0.49102
0.00771 0.51222 0.29348
0.00697 0.45973 0.26341
0.03373 2.23833 1.28249
0.02454 1.64752 0.94397
0.01631 1.09994 0.63022
0.02248 1.50562 0.86267
0.03120 2.07836 1.19083
0.02272 1.51998 0.87089
0.03096 2.07174 1.18704
0.02104 1.41144 0.80870
0.02374 1.58148 0.90613
0.03907 2.59083 1.48448
0.04232 2.80471 1.60703
0.02369 1.57911 0.90478
0.02753 1.83715 1.05263
0.02289 1.53715 0.88073
0.02638 1.77032 1.01433
0.03320 2.22618 1.27553
0.02718 1.81852 1.04195
0.03582 2.39929 1.37472
0.03749 2.52227 1.44519
0.04590 3.07312 1.76084
0.04825 3.24600 1.85990
0.03020 2.03152 1.16400
0.03616 2.43092 1.39285
0.03239 2.17893 1.24846
0.03493 2.34991 1.34643
0.03553 2.38850 1.36854
0.03323 2.23829 1.28247
0.02377 1.60621 0.92030
0.02812 1.89553 1.08608
0.03177 2.13431 1.22289
0.03634 2.44779 1.40251
0.02085 1.40766 0.80654
0.03499 2.33722 1.33916
0.03782 2.53342 1.45158
0.04099 2.73349 1.56622
0.02951 1.98042 1.13472
0.04680 3.10307 1.77800
0.03940 2.63569 1.51018
0.04631 3.07266 1.76057
0.03942 2.63655 1.51067
0.03448 2.30495 1.32067
0.04615 3.09725 1.77467
0.03114 2.09479 1.20025
0.02057 1.38377 0.79285
0.04128 2.75972 1.58126
0.03021 2.01543 1.15478
0.03124 2.09528 1.20053
0.04652 3.12056 1.78802
0.02337 1.57548 0.90269
0.03345 2.26118 1.29559
0.00836 0.56589 0.32423
0.05170 3.49749 2.00402
0.02248 1.53347 0.87862
0.01784 1.21762 0.69765
0.01354 0.92487 0.52992
0.01376 0.93594 0.53625
0.01083 0.72970 0.41809
0.04457 3.03421 1.73854
0.03523 2.41391 1.38310
0.04921 3.43055 1.96566
0.02555 1.79524 1.02861
0.03617 2.55589 1.46446
0.02711 1.93163 1.10676
0.01699 1.22866 0.70398
0.00540 0.39617 0.22699
0.01527 1.13196 0.64857
0.01498 1.12410 0.64407
0.01437 1.09156 0.62542
0.01219 0.94471 0.54128
0.01517 1.18853 0.68098
0.03681 2.89819 1.66060
0.00755 0.61358 0.35155
0.01323 1.09117 0.62520
0.00396 0.32886 0.18843
0.02695 2.28112 1.30702
0.04842 4.22299 2.41978
0.01251 1.13248 0.64887
0.01237 1.14766 0.65756
0.01350 1.28298 0.73510
0.01468 1.43354 0.82136
0.00489 0.49809 0.28538
0.01660 1.75274 1.00426
0.00811 0.89202 0.51109
0.01435 1.62369 0.93031
0.01231 1.45364 0.83288
0.00900 1.10186 0.63132
0.01678 2.12595 1.21810
0.01379 1.81291 1.03874
0.02505 3.41100 1.95446
0.01570 2.21883 1.27132
0.04015 5.93660 3.40192
0.01323 2.03983 1.16876
0.00905 1.45750 0.83509
0.01229 2.04104 1.16945
0.00874 1.46039 0.83675
0.01188 2.02044 1.15765
0.01186 2.03731 1.16731
0.01435 2.51663 1.44196
0.00878 1.55288 0.88974
0.01931 3.52544 2.02004
0.01719 3.17005 1.81638
0.01470 2.74928 1.57527
0.01554 2.95427 1.69273
0.02244 4.42663 2.53648
0.01218 2.39734 1.37361
0.01952 3.83688 2.19850
0.01358 2.69474 1.54402
0.02153 4.23379 2.42597
0.01819 3.60056 2.06308
0.01232 2.43006 1.39236
0.01745 3.35560 1.92271
0.01478 2.84229 1.62857
0.02609 4.91390 2.81574
0.02656 4.94077 2.83114
0.03322 6.09994 3.49555
0.02892 5.22576 2.99448
0.03610 6.45799 3.70080
0.03436 6.08296 3.48581
0.02844 4.92225 2.82053
0.02045 3.50504 2.00835
0.01895 3.19256 1.82928
0.02474 4.06515 2.32932
0.02117 3.45063 1.97716
0.03070 4.88727 2.80048
0.01964 3.09794 1.77506
0.02998 4.58033 2.62457
0.01545 2.33935 1.34038
0.01423 2.11475 1.21168
0.01671 2.45440 1.40630
0.02932 4.21912 2.41756
0.03399 4.81179 2.75722
0.02864 3.99073 2.28667
0.02191 3.00546 1.72207
0.01744 2.37192 1.35904
0.02072 2.76674 1.58527
0.01023 1.35152 0.77437
0.01938 2.52239 1.44526
0.01158 1.50143 0.86027
0.01868 2.38412 1.36603
0.02230 2.80842 1.60916
0.02846 3.53702 2.02667
0.02369 2.90884 1.66670
0.02352 2.85899 1.63814
0.02660 3.20021 1.83366
0.01619 1.91515 1.09732
0.02229 2.61051 1.49576
0.00970 1.12899 0.64686
0.02419 2.79723 1.60275
0.02203 2.56643 1.47049
0.03249 3.81494 2.18593
0.02321 2.75573 1.57897
0.02307 2.75087 1.57618
0.01789 2.15848 1.23674
0.02265 2.75680 1.57958
0.01886 2.32529 1.33232
0.01834 2.29169 1.31307
0.02128 2.69281 1.54291
0.01458 1.87204 1.07262
0.01878 2.44032 1.39823
0.00752 0.98237 0.56286
0.01350 1.76909 1.01363
0.02090 2.77711 1.59122
0.00851 1.15328 0.66078
0.01344 1.84710 1.05832
0.00843 1.16260 0.66612
0.01372 1.89992 1.08859
0.01261 1.76470 1.01111
0.01710 2.40932 1.38047
0.01263 1.80345 1.03331
0.02408 3.44108 1.97169
0.02875 4.07050 2.33238
0.01391 1.95080 1.11775
0.01284 1.78853 1.02477
0.01793 2.48339 1.42291
0.01933 2.68462 1.53822
0.02718 3.76730 2.15863
0.01102 1.53023 0.87677
