0.00936 -0.00977 0.28867
0.00225 -0.00960 0.29309
-0.00053 -0.00658 0.29887
-0.00734 -0.00338 0.30610
-0.00795 -0.00803 0.31552
-0.01157 -0.00644 0.32325
-0.02595 -0.01229 0.33676
-0.03317 -0.01130 0.35396
-0.03301 -0.00813 0.35863
-0.02216 -0.00170 0.37263
-0.02167 -0.00324 0.38512
-0.02250 -0.00619 0.39399
-0.02422 -0.00514 0.40195
-0.02680 -0.01021 0.41649
-0.02125 -0.00698 0.42826
-0.01833 -0.01149 0.44227
-0.00709 -0.00883 0.45303
-0.01566 -0.00622 0.46856
-0.02409 -0.00897 0.48149
-0.01469 -0.00902 0.50237
-0.01298 -0.00902 0.50462
-0.00653 -0.00057 0.52538
-0.01078 -0.02258 0.53545
-0.02849 -0.00019 0.54927
-0.02536 0.00046 0.56002
-0.01511 -0.01102 0.56860
-0.01146 -0.00934 0.58071
-0.02020 -0.00917 0.58920
-0.02585 -0.01089 0.60625
-0.01559 -0.01084 0.61576
-0.01766 -0.01460 0.62987
-0.01748 -0.00840 0.64242
-0.01823 -0.01141 0.65604
-0.01904 -0.00440 0.66886
-0.01616 -0.00382 0.68319
-0.01701 -0.01339 0.71235
-0.01771 -0.00381 0.68995
-0.02363 -0.01080 0.71963
-0.02778 -0.00340 0.73630
-0.02333 -0.01044 0.74729
-0.01804 -0.00409 0.76200
-0.01872 -0.00900 0.77072
-0.02286 -0.00887 0.78784
-0.01887 0.00043 0.79413
-0.01177 -0.00786 0.82206
-0.02914 -0.01796 0.80737
-0.02413 -0.01391 0.82805
-0.02439 -0.00939 0.83181
-0.02029 -0.01230 0.84316
-0.01968 0.00115 0.85073
-0.02062 -0.01003 0.86397
-0.01851 -0.00679 0.87112
-0.01985 -0.00739 0.88809
-0.01892 -0.00781 0.89870
-0.02742 -0.02146 0.90784
-0.01772 -0.01542 0.91816
-0.02450 -0.00376 0.92842
-0.02090 -0.00818 0.94179
-0.02190 -0.01841 0.95447
-0.01960 -0.01692 0.96895
-0.00832 -0.01725 0.97439
-0.01130 -0.01180 1.00726
-0.02447 -0.01884 1.02416
-0.01225 -0.01012 1.03039
-0.02175 -0.01687 1.04301
-0.01653 -0.02513 1.05417
-0.02196 -0.01071 1.06381
-0.01665 -0.00722 1.06953
-0.01935 -0.02375 1.07106
-0.01872 -0.02284 1.06864
-0.02335 -0.02860 1.06718
-0.02434 -0.02311 1.06442
-0.02549 -0.01533 1.07592
-0.03176 -0.00798 1.07570
-0.02353 -0.01745 1.07884
-0.02808 -0.03468 1.07398
-0.02019 -0.03061 1.06550
-0.02264 -0.00761 1.06147
-0.02770 -0.02075 1.05826
-0.02298 -0.03663 1.06671
-0.01524 0.00522 1.07102
-0.02097 -0.03342 1.07596
-0.01938 -0.01906 1.07551
-0.02186 -0.02478 1.07530
-0.02725 -0.02452 1.07820
-0.02294 -0.02228 1.07310
-0.02061 -0.01196 1.08512
-0.02273 -0.01895 1.07313
-0.01967 -0.01902 1.08181
-0.01940 -0.02040 1.08456
-0.02029 -0.01484 1.09051
-0.02102 -0.02165 1.09209
-0.01982 -0.01776 1.09507
-0.01383 -0.00897 1.11236
-0.01442 -0.02278 1.10850
-0.02159 0.00088 1.09553
-0.02000 -0.02279 1.11342
-0.01859 -0.02105 1.11584
-0.02272 -0.02173 1.12568
-0.01768 -0.01411 1.12986
-0.02676 -0.02125 1.14033
-0.02192 -0.01596 1.13941
-0.02701 -0.01993 1.14293
-0.02644 -0.02351 1.14585
-0.02591 -0.01735 1.15120
-0.02710 -0.01237 1.15831
-0.02471 -0.01975 1.16398
-0.03018 -0.02046 1.16877
-0.02241 -0.02368 1.16982
-0.02633 -0.01968 1.17000
-0.02389 -0.01107 1.18423
-0.02278 -0.02157 1.18996
-0.02244 -0.03533 1.19063
-0.01415 -0.02444 1.19367
-0.01506 -0.00115 1.20422
-0.01824 -0.01253 1.20162
-0.01579 -0.02352 1.20855
-0.01910 -0.00867 1.21699
-0.02841 -0.02757 1.22199
-0.02999 -0.02628 1.22425
-0.03016 -0.00743 1.22611
-0.03587 -0.03037 1.22932
-0.03430 -0.01769 1.23443
-0.02551 -0.01406 1.23724
-0.02155 -0.02464 1.24331
-0.03039 -0.03194 1.24474
-0.03330 -0.02020 1.24743
-0.03719 -0.01598 1.25501
-0.03330 -0.03124 1.24961
-0.02502 -0.01903 1.26560
-0.03151 -0.01033 1.26793
-0.02193 -0.03227 1.27135
-0.03215 -0.02509 1.27234
-0.02639 -0.02371 1.27066
-0.02408 -0.02763 1.27448
-0.03234 -0.02308 1.27353
-0.02726 -0.02439 1.27692
-0.02099 -0.02221 1.26622
-0.02235 -0.02614 1.27215
-0.00977 -0.03580 1.31160
-0.02173 -0.02753 1.21775
-0.01715 -0.02081 1.25449
-0.01010 -0.03377 1.24955
-0.02187 -0.02773 1.24698
-0.01926 -0.03285 1.23570
-0.00630 -0.02785 1.21353
-0.00915 -0.02520 1.20270
-0.01427 -0.02549 1.19892
-0.01135 -0.03999 1.18781
-0.01779 -0.02475 1.17654
-0.01850 -0.03400 1.16273
-0.01416 -0.03097 1.15200
-0.01360 -0.02611 1.13951
-0.02250 -0.02808 1.13323
-0.01421 -0.02829 1.12698
-0.01061 -0.02125 1.12565
-0.01124 -0.01909 1.12100
-0.01687 -0.02787 1.11563
-0.01404 -0.01980 1.11278
-0.01914 -0.02343 1.10861
-0.01251 -0.02881 1.10074
-0.01214 -0.01835 1.09674
-0.00084 -0.02788 1.09305
-0.00669 -0.01535 1.09684
-0.00666 -0.02555 1.09625
-0.01080 -0.01935 1.09246
-0.01332 -0.02320 1.08645
-0.01309 -0.02091 1.08248
-0.00323 -0.03195 1.06447
-0.01105 -0.02799 1.05635
-0.01139 -0.01561 1.05020
-0.01349 -0.01784 1.04223
-0.00573 -0.01957 1.03526
-0.00841 -0.01769 1.02094
-0.01527 -0.02735 1.01350
-0.01276 -0.02130 1.00331
-0.00763 -0.01622 0.99450
-0.00641 -0.02506 0.98812
-0.00798 -0.02059 0.97970
-0.00207 -0.02662 0.97039
-0.00562 -0.02013 0.96137
-0.00329 -0.02101 0.95289
-0.00940 -0.01252 0.94375
-0.00901 -0.02330 0.91921
-0.01053 -0.02651 0.91317
-0.00200 -0.01405 0.89018
-0.01004 -0.01552 0.88602
-0.00268 -0.02268 0.87547
0.00049 -0.02020 0.87582
-0.00303 -0.01614 0.86901
0.00142 -0.02124 0.84237
0.00527 -0.02909 0.84621
0.00170 -0.00105 0.84210
0.00382 -0.02243 0.84470
0.00506 -0.01144 0.83864
0.00440 -0.01265 0.84066
0.00642 -0.01380 0.84083
0.00227 -0.01274 0.83799
0.00429 -0.01560 0.83559
0.00081 -0.01383 0.83827
-0.00155 -0.01923 0.85282
0.00261 -0.01197 0.82604
0.00060 -0.01668 0.84483
0.00206 -0.01653 0.84764
0.00352 -0.02017 0.85622
-0.00124 -0.01445 0.85642
-0.00221 -0.00935 0.87178
0.00144 -0.01249 0.88306
-0.00122 -0.02088 0.89738
0.00168 -0.02206 0.89850
-0.00493 -0.00326 0.91117
-0.00449 -0.01558 0.92631
0.00168 -0.01119 0.93865
-0.00031 -0.02161 0.94989
0.00070 -0.01023 0.96168
0.00249 -0.01641 0.97217
-0.00049 -0.01993 0.98354
-0.00361 -0.02600 0.99481
0.00715 -0.02135 1.02491
0.00834 -0.00671 1.00001
0.00358 -0.02409 1.03338
0.00039 -0.02557 1.04502
-0.01065 -0.01874 1.05997
-0.04843 -0.03999 1.05979
-0.00417 -0.00960 1.07833
0.01070 -0.00913 1.09290
0.01215 -0.03291 1.09836
0.00946 -0.02306 1.11728
0.00808 -0.03342 1.12980
-0.00006 -0.03034 1.13780
0.00284 -0.02196 1.15249
0.00215 -0.01653 1.16340
0.00609 -0.01277 1.18045
-0.02661 -0.04660 1.19768
-0.01221 -0.02509 1.20364
-0.01743 -0.02807 1.22862
-0.01112 -0.03423 1.22302
-0.00701 -0.01433 1.24037
-0.01977 -0.03552 1.24588
-0.00626 -0.02518 1.25395
-0.00621 -0.03458 1.27333
-0.01877 -0.03382 1.28347
-0.01113 -0.02785 1.28752
-0.00371 -0.02833 1.29843
-0.04226 -0.04661 1.31149
-0.00373 -0.00861 1.32362
0.00221 -0.04334 1.33818
0.00297 -0.01519 1.34414
0.00380 -0.02169 1.36724
-0.05197 -0.05689 1.37578
0.00022 -0.02528 1.37803
0.01264 -0.00564 1.38732
-0.00689 -0.02612 1.39987
-0.03360 -0.04229 1.40713
0.00960 -0.01454 1.42174
-0.01119 -0.03487 1.42467
0.00450 -0.01560 1.43895
-0.07215 -0.06300 1.44592
-0.01428 -0.00276 1.44607
0.01079 -0.01417 1.47098
0.01593 -0.03814 1.46745
0.00820 -0.02387 1.48741
-0.01409 -0.04546 1.48618
0.00742 -0.01542 1.48961
-0.01143 -0.03870 1.50335
-0.00474 -0.05522 1.50037
-0.00835 -0.03907 1.50652
0.01631 -0.02685 1.50808
0.00717 -0.02123 1.51459
-0.00101 -0.05434 1.51854
0.01833 -0.04071 1.52764
-0.01770 -0.03501 1.52671
0.00148 -0.03604 1.52685
0.00722 -0.03920 1.52977
-0.00229 -0.04312 1.53836
-0.00522 -0.02537 1.53725
-0.00839 -0.03811 1.54464
-0.00177 -0.03637 1.54044
0.00178 -0.03874 1.53975
-0.00079 -0.04028 1.52658
0.00097 -0.06103 1.51341
-0.00330 -0.04617 1.49820
-0.00867 -0.03204 1.48128
0.00055 -0.04556 1.48321
0.00570 -0.03159 1.46711
-0.00292 -0.04602 1.45510
0.00324 -0.03555 1.43996
-0.00711 -0.04698 1.42434
-0.00387 -0.03827 1.41569
-0.00707 -0.03937 1.39553
-0.00640 -0.04001 1.38821
0.00749 -0.03686 1.37162
0.00405 -0.03276 1.35829
0.00510 -0.05323 1.34775
0.00147 -0.04252 1.33131
-0.00749 -0.03716 1.30564
-0.00597 -0.02450 1.29633
-0.01031 -0.05349 1.28846
-0.01619 -0.03805 1.27868
-0.01110 -0.02842 1.26443
-0.01138 -0.04156 1.25469
-0.01638 -0.01563 1.24692
0.00227 -0.03894 1.23789
-0.00596 -0.03359 1.22570
-0.01577 -0.03718 1.21316
-0.01529 -0.03005 1.20275
-0.00233 -0.01949 1.19437
-0.00556 -0.03265 1.18837
-0.00913 -0.02848 1.19284
-0.00374 -0.03402 1.13904
-0.01223 -0.04017 1.13998
-0.01339 -0.02361 1.12494
-0.01483 -0.03499 1.11591
-0.01869 -0.04747 1.09939
-0.01568 -0.03414 1.08210
-0.00768 0.01201 1.07946
-0.02048 -0.02125 1.08039
-0.01782 -0.04017 1.07451
-0.01294 -0.02133 1.05669
-0.02193 -0.03457 1.04345
-0.01784 -0.01800 1.03504
-0.02015 -0.02950 1.02637
-0.02439 -0.02744 1.02423
-0.01796 -0.02577 1.01535
-0.02628 -0.02626 1.01063
-0.02312 -0.00941 1.00382
-0.02849 -0.01339 1.00778
-0.03142 -0.04926 1.00406
-0.01790 -0.01257 0.98893
-0.02339 -0.02688 0.98947
-0.02446 -0.02127 0.99047
-0.02618 -0.02387 0.98920
-0.02652 -0.00707 0.98718
-0.02439 -0.03696 0.98337
-0.01945 -0.01354 0.97561
-0.02170 -0.02788 0.97245
-0.01952 -0.01221 0.97219
-0.02678 -0.03381 0.97086
-0.02541 -0.00910 0.96763
-0.02286 -0.02088 0.96773
-0.02653 -0.01341 0.96608
-0.02538 -0.02428 0.96672
-0.02164 -0.01607 0.96234
-0.02822 -0.02694 0.95816
-0.01979 -0.01405 0.95687
-0.02059 -0.01820 0.95328
-0.02052 -0.01678 0.94980
-0.01789 -0.02081 0.94452
-0.01841 -0.01172 0.94237
-0.02024 -0.01847 0.94430
-0.01862 -0.03158 0.94797
-0.01747 -0.00865 0.95160
-0.01518 -0.01923 0.95774
-0.01194 -0.01180 0.96441
-0.01415 -0.02894 0.96935
-0.00891 -0.01363 0.97392
-0.01498 -0.01991 0.97835
-0.01313 -0.00402 0.98207
-0.01440 -0.02298 0.98704
-0.01313 -0.02511 0.98687
-0.02310 -0.01045 0.98888
-0.02081 -0.02850 0.98937
-0.02138 -0.00399 0.99227
-0.02374 -0.02665 0.99696
-0.01867 -0.00699 1.00047
-0.02111 -0.03438 0.98136
-0.01570 0.00358 0.98950
-0.02490 -0.02890 0.99006
-0.02436 -0.00894 0.99207
-0.03005 -0.03455 0.98711
-0.02676 -0.01790 0.99083
-0.02635 -0.02624 0.98912
-0.02683 -0.00987 0.98561
-0.02793 -0.01923 0.98912
-0.02226 -0.01597 0.98667
-0.02637 -0.01783 0.98874
-0.02233 -0.01868 0.98706
-0.02687 -0.01754 0.98529
-0.02456 -0.02166 0.98080
-0.02456 -0.02712 0.97995
-0.02532 -0.01509 0.97589
-0.02263 -0.01323 0.97155
-0.01920 -0.02303 0.96781
-0.02270 -0.00594 0.96032
-0.02235 -0.03145 0.96280
-0.02671 -0.02529 0.96495
-0.02175 -0.01560 0.94297
-0.02260 -0.00246 0.94872
-0.02662 -0.03514 0.94312
-0.02560 -0.02146 0.94829
-0.01914 -0.02200 0.93776
-0.01933 -0.02219 0.93827
-0.02005 -0.02419 0.93256
-0.02162 -0.01057 0.93608
-0.02125 -0.01390 0.93764
-0.02569 -0.02156 0.94066
-0.02044 -0.01646 0.94016
-0.02294 -0.01560 0.94423
-0.02070 -0.02923 0.95130
-0.01922 -0.00830 0.95882
-0.01796 -0.02602 0.95417
-0.02216 -0.02925 0.95417
-0.01813 -0.01766 0.95298
-0.01570 -0.01506 0.95595
-0.02358 -0.01610 0.96277
-0.01359 -0.02308 0.96131
-0.01329 -0.00618 0.96421
-0.02501 -0.03062 0.96400
-0.02022 -0.01753 0.97025
-0.01924 -0.03009 0.97136
-0.01673 0.00233 0.96387
-0.01851 -0.02639 0.97361
-0.01764 -0.01459 0.97904
-0.01393 -0.01164 0.98591
-0.01792 -0.02591 0.98671
-0.01322 -0.02750 0.98557
-0.00774 -0.01324 0.98613
-0.01854 -0.01595 0.98393
-0.02185 -0.02887 0.98522
-0.01857 -0.02287 0.98348
-0.02163 -0.02400 0.97910
-0.02026 -0.02129 0.97905
-0.01627 -0.01736 0.97831
-0.02078 -0.03325 0.98418
-0.01977 -0.03194 0.97674
-0.01343 -0.02015 0.97701
-0.02701 -0.02082 0.97128
-0.02795 -0.02740 0.98564
-0.01845 -0.00469 0.96141
-0.02737 -0.03417 0.97847
-0.02074 -0.01164 0.97505
-0.02753 -0.01967 0.97221
-0.02426 -0.02885 0.98633
-0.02814 -0.02444 0.96960
-0.02195 -0.00694 1.00015
-0.02671 -0.02623 0.97176
-0.03612 -0.02041 0.99330
-0.02833 -0.02013 0.99659
-0.02858 -0.01572 1.00606
-0.03175 -0.01777 1.00985
-0.02624 -0.02800 1.01828
-0.01809 -0.02865 1.01586
-0.02294 -0.02539 1.02612
-0.01971 -0.00985 1.03236
-0.02808 -0.01691 1.03186
-0.03165 -0.03578 1.03937
-0.03116 -0.01790 1.04242
-0.03126 -0.03764 1.04861
-0.02487 -0.01530 1.05319
-0.03014 -0.03331 1.05816
-0.03511 -0.01799 1.05847
-0.02996 -0.02927 1.06627
-0.03482 -0.03010 1.06863
-0.03572 -0.03232 1.07316
-0.03287 -0.02305 1.07846
-0.02936 -0.00717 1.08302
-0.03600 -0.04051 1.09065
-0.03473 -0.02205 1.09119
-0.03808 -0.03126 1.09691
-0.03276 -0.02018 1.10073
-0.02471 -0.03401 1.10494
-0.02261 -0.02723 1.10565
-0.03040 -0.03542 1.10639
-0.02944 -0.01989 1.11264
-0.02638 -0.02965 1.12078
-0.02828 -0.02263 1.12818
-0.02725 -0.03622 1.12604
-0.02266 -0.02943 1.13121
-0.02568 -0.02932 1.13311
-0.02418 -0.02431 1.13631
-0.02341 -0.02857 1.13922
-0.02529 -0.02509 1.14356
-0.02471 -0.02661 1.14457
-0.03085 -0.03425 1.14044
-0.02564 -0.02629 1.14135
-0.02597 -0.02246 1.14049
-0.03630 -0.03643 1.14322
-0.03125 -0.02997 1.13771
-0.03567 -0.02621 1.13542
-0.04300 -0.02708 1.13314
-0.04179 -0.03776 1.13103
-0.03339 -0.03165 1.12485
-0.03270 -0.02956 1.12374
-0.03403 -0.03018 1.12402
-0.04055 -0.04028 1.11714
-0.03996 -0.03007 1.11575
-0.03538 -0.02637 1.11345
-0.04227 -0.02771 1.11153
-0.03735 -0.03420 1.10984
-0.02984 -0.02851 1.10872
-0.02810 -0.03808 1.10836
-0.01836 -0.02151 1.10771
-0.01426 -0.03253 1.10591
-0.02078 -0.03306 1.10302
-0.02207 -0.03547 1.09961
-0.02774 -0.03491 1.10301
-0.03041 -0.02694 1.09945
-0.02499 -0.01831 1.10127
-0.03044 -0.03234 1.10160
-0.03313 -0.04327 1.09704
-0.02770 -0.02116 1.08924
-0.02328 -0.05026 1.08592
-0.01572 -0.00879 1.08229
-0.01556 -0.05067 1.08044
-0.01173 -0.01578 1.07047
-0.01772 -0.02325 1.06060
-0.01537 -0.03889 1.04505
-0.01094 -0.02190 1.03194
-0.00896 -0.03207 1.01330
-0.00431 -0.02063 1.00401
-0.00914 -0.03932 0.98462
-0.00765 -0.02995 0.96764
-0.01626 -0.03021 0.95467
-0.02124 -0.02600 0.94838
-0.01961 -0.02660 0.94886
-0.02719 -0.03012 0.94589
-0.02507 -0.03002 0.93958
-0.02804 -0.02301 0.94007
-0.02809 -0.02599 0.93608
-0.03724 -0.02832 0.93079
-0.03058 -0.02704 0.92982
-0.03458 -0.02473 0.91818
-0.04598 -0.03157 0.92445
-0.04514 -0.02430 0.92034
-0.04539 -0.02977 0.90683
-0.05160 -0.02412 0.91876
-0.05104 -0.01748 0.92264
-0.05032 -0.02471 0.90920
-0.04693 -0.01944 0.92387
-0.05788 -0.02743 0.90727
-0.05428 -0.02436 0.92371
-0.04898 -0.02006 0.92613
-0.04705 -0.02946 0.91639
-0.03688 -0.01760 0.93204
-0.03971 -0.01019 0.94236
-0.02807 -0.03160 0.94639
-0.02376 -0.03026 0.94878
-0.02327 -0.01687 0.94985
-0.02100 -0.01672 0.96235
-0.01880 -0.01495 0.97374
-0.01388 -0.02001 0.98505
-0.00971 -0.02124 0.99119
-0.00808 -0.02656 0.99749
-0.00990 -0.01914 1.00831
-0.01390 -0.02151 1.01936
-0.01365 -0.01070 1.03211
-0.01215 -0.01510 1.04957
-0.02190 -0.02006 1.06038
-0.02336 -0.01881 1.07129
-0.02286 -0.02596 1.08056
-0.02306 -0.02030 1.08991
-0.02131 -0.02137 1.09592
-0.01571 -0.02718 1.10191
-0.02094 -0.01937 1.11106
-0.02245 -0.02364 1.11500
-0.01988 -0.01904 1.12245
-0.01996 -0.03404 1.12351
-0.02066 -0.02543 1.12099
-0.02358 -0.02912 1.12268
-0.02159 -0.03200 1.12095
-0.02716 -0.02082 1.12009
-0.03054 -0.03109 1.12236
-0.02773 -0.02607 1.12346
-0.02624 -0.03163 1.11957
-0.02829 -0.03309 1.11562
-0.03261 -0.02717 1.11036
-0.02846 -0.03197 1.10480
-0.02790 -0.03359 1.10570
-0.02806 -0.03159 1.10059
-0.02707 -0.02684 1.09629
-0.01709 -0.02491 1.09637
-0.03016 -0.04879 1.09115
-0.01115 -0.01875 1.09361
-0.01560 -0.01809 1.09746
-0.02942 -0.02281 1.10077
-0.00622 -0.01479 1.10153
-0.00696 -0.02700 1.10270
-0.01850 -0.00985 1.10574
-0.01408 -0.03389 1.10772
-0.01930 -0.04160 1.11036
-0.02063 -0.00909 1.10812
-0.00821 -0.02071 1.10792
-0.02037 -0.01206 1.11497
-0.01675 -0.03747 1.11566
-0.01872 -0.01360 1.11807
-0.01711 -0.02955 1.11801
-0.02277 -0.01742 1.12215
-0.02359 -0.02862 1.12444
-0.02829 -0.02757 1.12165
-0.02467 -0.02011 1.12031
-0.02136 -0.03058 1.11816
-0.01383 -0.02818 1.11364
-0.01202 -0.03005 1.11298
-0.01183 -0.02534 1.11410
-0.01388 -0.02420 1.10949
-0.01265 -0.03209 1.10733
-0.01697 -0.02642 1.10870
-0.02166 -0.03523 1.10453
-0.00971 -0.03285 1.09864
-0.01594 -0.02825 1.09183
-0.00924 -0.02356 1.08750
-0.01245 -0.03356 1.09137
-0.00932 -0.03154 1.08244
-0.01313 -0.02963 1.07876
-0.01449 -0.03746 1.07038
-0.01064 -0.02147 1.06268
-0.01629 -0.04392 1.06485
-0.00861 -0.01620 1.05539
-0.01506 -0.03382 1.04771
-0.01248 -0.01743 1.04493
-0.02078 -0.05190 1.04022
-0.01003 -0.00386 1.03641
-0.01988 -0.04883 1.02582
-0.01612 -0.01615 1.01971
-0.01610 -0.03808 1.01063
-0.01864 -0.01579 1.01228
-0.01520 -0.03828 1.00617
-0.01710 -0.02238 0.99852
-0.01972 -0.03017 0.99153
-0.02081 -0.02153 0.98787
-0.01480 -0.02960 0.98619
-0.02065 -0.02430 0.98146
-0.01393 -0.02829 0.97478
-0.01501 -0.02884 0.97104
-0.01647 -0.02359 0.96372
-0.01821 -0.03151 0.96451
-0.01681 -0.02919 0.95901
-0.01643 -0.03241 0.96003
-0.01257 -0.03184 0.95322
-0.01118 -0.02566 0.94214
-0.01077 -0.03003 0.94469
-0.01719 -0.03073 0.93819
-0.01064 -0.02819 0.93324
-0.01173 -0.02042 0.92549
-0.01222 -0.02832 0.91479
-0.00176 -0.03099 0.90819
-0.00240 -0.02672 0.89725
-0.00988 -0.02223 0.88599
-0.00647 -0.02626 0.87700
-0.00989 -0.02157 0.85938
-0.00460 -0.02823 0.84579
-0.00724 -0.02439 0.83077
-0.01104 -0.02270 0.81903
-0.01134 -0.02561 0.81132
-0.00925 -0.02671 0.80571
-0.00587 -0.02746 0.80111
-0.00383 -0.02195 0.79799
-0.01093 -0.02779 0.79549
-0.00339 -0.02421 0.79349
0.00086 -0.02406 0.79566
-0.00198 -0.01273 0.79399
0.00161 -0.01386 0.79228
0.00499 -0.02710 0.80064
0.01326 -0.04252 0.78356
0.01108 -0.01883 0.79098
0.01140 -0.02255 0.79281
0.01580 -0.00671 0.77871
0.02019 -0.02666 0.79256
0.02111 -0.01372 0.77394
0.02199 -0.03894 0.79463
0.02159 -0.01724 0.79226
0.01944 -0.02368 0.77598
0.02108 -0.01702 0.79615
0.01980 -0.02304 0.79645
0.02120 -0.02106 0.78541
0.02499 -0.02346 0.80329
0.02085 -0.02358 0.79035
0.02011 -0.01874 0.80967
0.01775 -0.02941 0.81504
0.01786 -0.01706 0.80434
0.01648 -0.03015 0.82164
0.01444 -0.01199 0.81083
0.01527 -0.02961 0.82919
0.00935 -0.01893 0.83641
0.00864 -0.02597 0.82765
0.01150 -0.02444 0.84164
0.01545 -0.02294 0.84606
0.01383 -0.02732 0.84173
0.01000 -0.02165 0.85512
0.01469 -0.02520 0.85302
0.01374 -0.02013 0.86407
0.01129 -0.03422 0.86420
0.01274 -0.03087 0.85745
0.01033 -0.00827 0.86810
0.00557 -0.04758 0.87179
0.00425 -0.01368 0.86334
0.00598 -0.01988 0.87915
0.01438 -0.03179 0.87969
0.01575 -0.02836 0.87724
0.01000 -0.02539 0.88605
0.01258 -0.02043 0.87139
0.01657 -0.02551 0.88229
0.01491 -0.03109 0.88295
0.01733 -0.02172 0.86429
0.02103 -0.02199 0.87407
0.01888 -0.02677 0.87021
0.01590 -0.02421 0.85220
0.01242 -0.02923 0.86751
0.00762 -0.01779 0.85839
0.01591 -0.02038 0.87215
0.01504 -0.02435 0.87470
0.00696 -0.03690 0.86841
0.01121 -0.02040 0.87627
0.01794 -0.01565 0.88260
0.01214 -0.01048 0.88418
0.01212 -0.03403 0.89667
0.01262 -0.02342 0.88703
0.01322 -0.02473 0.90007
0.01575 -0.03379 0.90233
0.01813 -0.02287 0.89464
0.01762 -0.02323 0.90970
0.02178 -0.02803 0.91387
0.02041 -0.02524 0.90925
0.01737 -0.01974 0.92539
0.01482 -0.03183 0.92193
0.01622 -0.02783 0.93582
0.01579 -0.02465 0.94046
0.00853 -0.02442 0.94094
0.01119 -0.02975 0.95260
0.01170 -0.01283 0.96058
0.01298 -0.03337 0.95601
0.00805 -0.02748 0.97146
0.01792 -0.01614 0.97098
0.01192 -0.02661 0.98257
0.01671 -0.03273 0.98879
0.01647 -0.03624 0.98474
0.01637 -0.01510 0.99936
0.01107 -0.03587 1.00468
0.01369 -0.02127 1.01103
0.01184 -0.03015 1.02247
0.01545 -0.02312 1.02360
0.00692 -0.03726 1.02785
0.00773 -0.02762 1.03578
0.01249 -0.04418 1.03648
0.01136 -0.02530 1.04823
0.01144 -0.03865 1.04782
0.01202 -0.02884 1.06236
0.01578 -0.04276 1.06296
0.00752 -0.02665 1.06503
0.00424 -0.02472 1.07199
0.00162 -0.03407 1.08040
0.00280 -0.04097 1.09035
0.00333 -0.02111 1.08725
0.00127 -0.04367 1.09375
-0.00104 -0.01923 1.10149
0.00003 -0.03312 1.10626
0.00117 -0.03029 1.11168
-0.00335 -0.02087 1.11810
-0.00626 -0.03308 1.12031
-0.00634 -0.03998 1.12262
-0.01156 -0.02690 1.13016
-0.00304 -0.02773 1.13624
-0.01142 -0.03830 1.14159
-0.01123 -0.02787 1.14647
-0.00915 -0.03257 1.15363
-0.01790 -0.03131 1.16081
-0.01693 -0.03037 1.16965
-0.01816 -0.03293 1.17256
-0.02474 -0.03867 1.18612
-0.00800 -0.03635 1.17567
-0.01229 -0.04111 1.18670
-0.01476 -0.03584 1.25876
-0.01380 -0.03549 1.13618
-0.01323 -0.02476 1.20685
-0.01860 -0.01597 1.21652
-0.01669 -0.03458 1.22493
-0.01500 -0.03426 1.22917
-0.01364 -0.02443 1.23333
-0.01023 -0.03008 1.23945
-0.01035 -0.03129 1.24583
-0.01638 -0.03931 1.24907
-0.02048 -0.01483 1.25409
-0.01963 -0.02831 1.26525
-0.01778 -0.05114 1.27500
-0.02754 -0.02007 1.27625
-0.02690 -0.05517 1.28213
-0.02804 -0.02975 1.28999
-0.01778 -0.01819 1.29680
-0.02418 -0.04024 1.31123
-0.01979 -0.02260 1.32615
-0.02496 -0.04203 1.32436
-0.02744 -0.03709 1.32997
-0.02229 -0.02879 1.33888
-0.02521 -0.03157 1.34619
-0.02394 -0.04882 1.35571
-0.02357 -0.04043 1.36050
-0.02066 -0.02872 1.36765
-0.01919 -0.03141 1.37461
-0.02317 -0.03752 1.38003
-0.02850 -0.03863 1.38834
-0.02596 -0.03920 1.39354
-0.03281 -0.04682 1.39628
-0.02734 -0.04290 1.40122
-0.03089 -0.03006 1.40210
-0.02362 -0.04480 1.40966
-0.02294 -0.04204 1.40682
-0.02084 -0.04081 1.41132
-0.01736 -0.03268 1.40919
-0.02017 -0.04793 1.41139
-0.02599 -0.03731 1.41192
-0.02731 -0.03434 1.41102
-0.02734 -0.04957 1.40945
-0.02406 -0.03230 1.40778
-0.02445 -0.03909 1.41057
-0.02529 -0.05191 1.41044
-0.02161 -0.02959 1.40677
-0.03020 -0.02864 1.41191
-0.03405 -0.05311 1.41506
-0.02872 -0.03184 1.40590
-0.02509 -0.02713 1.40185
-0.03190 -0.05680 1.39649
-0.02687 -0.04374 1.39312
-0.02805 -0.04000 1.38966
-0.03013 -0.03591 1.39453
-0.03064 -0.04901 1.39182
-0.02203 -0.03543 1.38840
-0.02609 -0.04799 1.38610
-0.01950 -0.04932 1.38125
-0.02022 -0.03075 1.38621
-0.01466 -0.05096 1.37544
-0.01378 -0.03242 1.37534
-0.01644 -0.04234 1.36850
-0.02405 -0.03130 1.36601
-0.01998 -0.05303 1.36462
-0.02010 -0.03601 1.35465
-0.01622 -0.05006 1.35078
-0.01829 -0.02334 1.34786
-0.02512 -0.04682 1.34435
-0.01963 -0.03274 1.33879
-0.02556 -0.04830 1.33217
-0.02171 -0.03222 1.32115
-0.02089 -0.04281 1.30050
-0.01782 -0.02344 1.28843
-0.02023 -0.05880 1.26866
-0.01725 -0.04005 1.24652
-0.02154 -0.05287 1.22503
-0.02574 -0.04299 1.20492
-0.02204 -0.03069 1.19132
-0.02871 -0.04424 1.16637
-0.02806 -0.03639 1.14636
-0.02656 -0.03663 1.12198
-0.02946 -0.03964 1.10173
-0.03195 -0.03573 1.08441
-0.03203 -0.03220 1.06817
-0.03611 -0.03990 1.06080
-0.03223 -0.03123 1.04927
-0.04081 -0.03582 1.03788
-0.05097 -0.02150 1.03183
-0.04856 -0.02941 1.01800
-0.04395 -0.03939 1.01189
-0.03810 -0.00748 1.00600
-0.04801 -0.04353 1.00853
-0.03710 -0.01553 1.00902
-0.04485 -0.03848 1.01238
-0.04743 -0.01174 1.00828
-0.04287 -0.03892 1.01083
-0.04712 -0.01794 1.01140
-0.04856 -0.03640 1.00004
-0.04775 -0.02176 0.99944
-0.05012 -0.02555 1.00197
-0.04661 -0.03185 1.00297
-0.04997 -0.03309 1.00978
-0.04114 -0.02249 1.00186
-0.04034 -0.02801 1.01069
-0.04760 -0.02007 1.02126
-0.05011 -0.02692 1.01666
-0.05078 -0.02841 1.03241
-0.05408 -0.03011 1.04065
-0.05613 -0.02313 1.03709
-0.05903 -0.02975 1.05413
-0.05664 -0.02623 1.05885
-0.05936 -0.04789 1.04434
-0.06457 -0.00252 1.06409
-0.06131 -0.04120 1.05427
-0.05248 -0.01760 1.07566
-0.05952 -0.03003 1.07993
-0.05154 -0.01976 1.08069
-0.05711 -0.04147 1.09772
-0.05008 -0.02599 1.10225
-0.05916 -0.04063 1.08825
-0.04177 -0.01832 1.10612
-0.05065 -0.04323 1.10303
-0.05300 -0.01205 1.12321
-0.05465 -0.04011 1.12883
-0.04601 -0.04110 1.11706
-0.04781 -0.03285 1.13996
-0.05063 -0.03127 1.13700
-0.04322 -0.03133 1.13121
-0.03715 -0.02012 1.14488
-0.04817 -0.03222 1.13689
-0.04013 -0.03112 1.15641
-0.03873 -0.03411 1.15674
-0.03888 -0.03804 1.15333
-0.03605 -0.03049 1.16501
-0.03525 -0.03427 1.16265
-0.03474 -0.03660 1.17078
-0.02813 -0.03595 1.17411
-0.02786 -0.03430 1.17969
-0.02986 -0.03059 1.18352
-0.02666 -0.03293 1.17434
-0.02189 -0.03523 1.17362
-0.02325 -0.03845 1.16904
-0.02197 -0.03496 1.17083
-0.02641 -0.02542 1.16749
-0.02679 -0.03679 1.16235
-0.02428 -0.02650 1.16085
-0.01990 -0.04017 1.15388
-0.01666 -0.03866 1.14965
-0.01291 -0.02304 1.13405
-0.01489 -0.03368 1.12443
-0.01712 -0.03591 1.11125
-0.01354 -0.03316 1.10300
-0.01227 -0.03322 1.07941
-0.00932 -0.04521 1.05843
-0.01355 -0.03359 1.04615
-0.00761 -0.02864 1.02262
-0.00076 -0.03920 1.01201
0.00219 -0.03310 0.99352
0.00020 -0.04166 0.96700
0.00416 -0.02149 0.95857
0.00555 -0.04285 0.93498
0.00822 -0.03487 0.91031
0.01171 -0.04437 0.88844
0.00889 -0.02616 0.85008
0.00038 -0.01849 0.84390
0.00397 0.00360 0.81626
0.01629 -0.02016 0.81637
0.00640 -0.04493 0.80954
0.01585 -0.02134 0.77539
0.02398 -0.00945 0.78618
0.03245 -0.04358 0.74455
0.03784 -0.01918 0.75347
0.04508 -0.03522 0.75645
0.04493 -0.01537 0.71566
0.03663 -0.02327 0.75313
0.03016 -0.00974 0.71506
0.04251 -0.01140 0.75795
0.03821 -0.01520 0.75944
0.03268 -0.02392 0.72572
0.02885 -0.04054 0.74419
0.03504 -0.00675 0.71221
0.04625 -0.03189 0.73024
0.03100 -0.01384 0.72646
0.03305 -0.03150 0.71192
0.04365 -0.01358 0.73155
0.03571 -0.00686 0.71873
0.01770 -0.02536 0.72984
0.01717 -0.02432 0.73240
0.01351 -0.01479 0.72853
0.01286 -0.02532 0.73316
0.00919 -0.01706 0.73691
0.01295 -0.01507 0.73947
0.01630 -0.01164 0.74342
0.01469 -0.02657 0.74875
0.01469 -0.01982 0.74915
0.01629 -0.00861 0.75139
0.01386 -0.03110 0.75020
0.01813 -0.01808 0.75260
0.03771 -0.03807 0.74491
0.02316 0.00245 0.74943
0.03250 -0.03102 0.75103
0.03967 -0.00967 0.75585
0.04616 -0.04275 0.75208
0.04928 -0.01498 0.75426
0.03552 -0.02921 0.74305
0.03183 -0.02449 0.73478
0.04456 -0.02048 0.74373
0.03559 -0.01956 0.72180
0.04357 -0.02520 0.72924
0.04127 -0.03140 0.69884
0.02751 -0.01391 0.68967
0.03403 -0.02274 0.69594
0.02459 -0.00823 0.68347
0.03290 -0.02490 0.68515
0.03047 -0.01087 0.69690
0.03022 -0.01432 0.68971
0.03077 -0.01349 0.70126
0.03042 -0.01811 0.69274
0.03085 -0.00617 0.69006
0.03263 -0.02302 0.70896
0.03030 -0.03159 0.69449
0.03204 -0.02670 0.69101
0.02775 -0.01690 0.71315
0.03178 0.00380 0.69022
0.03499 -0.00485 0.72818
0.03557 -0.03305 0.70555
0.02536 -0.02908 0.70421
0.02715 -0.01834 0.73163
0.02862 -0.01883 0.71029
0.02490 -0.01324 0.72249
0.02365 -0.03082 0.75340
0.02944 -0.00530 0.73634
0.02681 -0.02444 0.76120
0.01816 -0.01761 0.75201
0.02033 -0.01433 0.76197
0.00905 -0.03118 0.77965
0.00812 -0.01340 0.78319
0.00606 -0.02148 0.79412
0.00364 -0.00445 0.80664
-0.00135 -0.02442 0.81213
-0.00603 -0.02146 0.82734
-0.00314 -0.01809 0.83774
-0.00392 -0.00254 0.84647
-0.00579 -0.03796 0.85705
-0.00819 -0.03067 0.86442
-0.01246 -0.00728 0.86972
-0.00906 -0.01778 0.89045
-0.00788 -0.00321 0.89871
-0.00372 -0.02769 0.90670
-0.00965 -0.03102 0.91395
-0.00541 -0.01731 0.92239
-0.00411 -0.02324 0.93488
-0.01078 -0.02447 0.94429
-0.01523 -0.03349 0.95641
-0.00922 -0.01517 0.95809
-0.00819 -0.02024 0.97133
-0.00718 -0.02613 0.97953
-0.01109 -0.02413 0.98552
-0.01183 -0.01768 0.99444
-0.00987 -0.03085 1.00184
-0.00790 -0.02681 1.00238
-0.01213 -0.02125 1.00607
-0.00745 -0.03325 1.00816
-0.00760 -0.01433 1.01316
-0.05990 -0.08147 1.00799
-0.01737 0.05918 1.01264
-0.01929 -0.06208 1.02004
0.00293 0.00123 1.02293
-0.02641 -0.05017 1.01582
-0.01916 -0.01258 1.01750
-0.02694 -0.03906 1.01856
-0.02663 -0.02379 1.01965
-0.02181 -0.03293 1.01967
-0.02571 -0.02290 1.01915
-0.02875 -0.03186 1.01501
-0.02765 -0.02556 1.01814
-0.03162 -0.01324 1.01491
-0.03739 -0.03923 1.01949
-0.02991 -0.01142 1.01634
-0.03248 -0.03469 1.01438
-0.03184 -0.01552 1.02045
-0.03227 -0.03587 1.00938
-0.03249 -0.02555 1.00602
-0.03647 -0.03640 1.00734
-0.03286 -0.00713 1.00662
-0.03640 -0.03273 1.00525
-0.02731 -0.00290 1.01029
-0.03187 -0.00964 1.00700
-0.03823 -0.05175 1.00016
-0.03174 -0.03211 1.00803
-0.03649 -0.01612 1.00192
-0.04359 -0.03091 1.00763
-0.04211 -0.02883 1.00254
-0.04062 -0.03321 0.99891
-0.02888 -0.01658 1.00514
-0.04200 -0.03803 0.99895
-0.03019 -0.00944 1.00604
-0.03894 -0.02280 1.00472
-0.03797 -0.03076 1.01206
-0.03713 -0.03690 0.99455
-0.02836 -0.01680 0.99973
-0.03057 -0.03842 0.99904
-0.03064 -0.02172 1.00233
-0.02876 -0.02560 1.00099
-0.03253 -0.03547 1.00533
-0.03103 -0.02927 1.00656
-0.03178 -0.02999 1.00301
-0.02799 -0.03018 1.00118
-0.02968 -0.02224 1.00118
-0.02698 -0.03414 1.00105
-0.02301 -0.01556 0.99776
-0.02755 -0.01909 0.99382
-0.02918 -0.03585 0.99177
-0.02590 -0.03283 0.98884
-0.02515 -0.02258 0.98587
-0.02649 -0.02254 0.98412
-0.03436 -0.03578 0.98076
-0.02652 -0.01885 0.97467
-0.02469 -0.02122 0.97793
-0.02582 -0.02818 0.97375
-0.02582 -0.03373 0.96748
-0.02295 -0.03261 0.97764
-0.02763 -0.02196 0.93073
-0.02470 -0.02969 0.94265
-0.02334 -0.02224 0.92992
-0.02695 -0.03997 0.91911
-0.02568 -0.02755 0.90332
-0.02302 -0.03940 0.88257
-0.02194 -0.02905 0.86353
-0.02500 -0.03368 0.83266
-0.02696 -0.02877 0.80648
-0.02559 -0.00881 0.79128
-0.01220 -0.02697 0.76248
-0.01863 -0.02828 0.73837
-0.01578 -0.03403 0.71676
-0.01604 -0.01652 0.69972
-0.01500 -0.00347 0.69468
-0.00320 -0.01143 0.69693
-0.00370 -0.01930 0.69388
0.01329 -0.03574 0.68250
0.00260 -0.02299 0.67278
0.01068 -0.00864 0.67018
0.01516 -0.00204 0.66230
0.03139 -0.01766 0.65481
0.03153 -0.01630 0.66465
0.03383 -0.02177 0.63854
0.03613 -0.02759 0.65337
0.03879 -0.02142 0.62435
0.04598 -0.01079 0.65615
0.04823 -0.02127 0.62089
0.04252 -0.02105 0.61482
0.04850 -0.02315 0.65532
0.02975 -0.01017 0.61709
0.04550 -0.00048 0.66441
0.04913 -0.02178 0.63051
0.04500 -0.02593 0.63831
0.04012 -0.01805 0.68277
0.03415 -0.01704 0.64488
0.04419 -0.01689 0.69152
0.04205 -0.01808 0.65764
0.04816 -0.01581 0.65521
0.04272 -0.00455 0.70049
0.03618 -0.02982 0.66970
0.02625 -0.01539 0.70601
0.03090 -0.01939 0.69420
0.02693 -0.00930 0.70732
0.02199 -0.01309 0.73824
0.01675 -0.01930 0.73594
0.01419 -0.01258 0.75468
0.00784 -0.01373 0.76909
0.00669 -0.01598 0.77719
0.00354 -0.01532 0.80591
-0.00005 -0.01719 0.80682
0.00167 -0.00757 0.82928
-0.00950 -0.02020 0.84263
-0.01151 -0.00832 0.86103
-0.01756 -0.01223 0.87636
-0.01906 -0.01418 0.89249
-0.02246 -0.02173 0.90938
-0.02059 -0.01937 0.92129
-0.01673 -0.01346 0.93597
-0.02021 -0.01782 0.94082
-0.01787 -0.02648 0.95797
-0.02009 -0.02168 0.96965
-0.01738 -0.01307 0.97613
-0.02586 -0.02660 0.99184
-0.02168 -0.02042 0.99770
-0.01895 -0.02437 1.00585
-0.02233 -0.00773 1.01829
-0.02840 -0.03611 1.02751
-0.02013 0.00135 1.03237
-0.02665 -0.02331 1.04096
-0.02165 -0.01454 1.03974
-0.02126 -0.03309 1.05094
-0.02090 -0.02164 1.04786
-0.02302 -0.01637 1.05287
-0.02418 -0.01342 1.05486
-0.02556 -0.04037 1.06043
-0.02668 -0.02713 1.05924
-0.02757 -0.02704 1.05918
-0.02641 -0.02902 1.06627
-0.02778 -0.02027 1.06911
-0.03462 -0.03093 1.06762
-0.03019 -0.02544 1.06288
-0.03624 -0.03033 1.07171
-0.03141 -0.01291 1.05839
-0.04134 -0.03631 1.06671
-0.03631 -0.01513 1.07215
-0.03962 -0.02621 1.06686
-0.03843 -0.01815 1.07079
-0.04582 -0.04799 1.06586
-0.02754 -0.01325 1.06342
-0.03499 -0.03540 1.07382
-0.03917 -0.02543 1.07340
-0.03513 -0.03521 1.07764
-0.02791 -0.02488 1.08605
-0.03085 -0.03715 1.08473
-0.02858 -0.01613 1.09498
-0.02010 -0.02428 1.09739
-0.02022 -0.03461 1.10778
-0.01573 -0.02859 1.11088
-0.01304 -0.02922 1.11474
-0.01686 -0.01969 1.11829
-0.02325 -0.04046 1.12012
-0.02960 -0.01997 1.12390
-0.02235 -0.02854 1.13110
-0.02492 -0.03043 1.13560
-0.02035 -0.02395 1.14121
-0.02025 -0.01605 1.14602
-0.01113 -0.03559 1.15907
-0.01299 -0.03497 1.15619
-0.01745 -0.02072 1.16329
-0.02054 -0.01671 1.16801
-0.02035 -0.02730 1.17821
-0.02324 -0.03017 1.18576
-0.01466 -0.01085 1.19406
-0.01511 -0.03310 1.20094
-0.01405 -0.02873 1.19977
-0.01577 -0.02264 1.21100
-0.02107 -0.03529 1.21631
-0.01990 -0.01705 1.22619
-0.02147 -0.03979 1.22697
-0.02552 -0.01427 1.23474
-0.02520 -0.03222 1.24511
-0.02770 -0.03548 1.25492
-0.02355 -0.03722 1.25534
-0.01700 -0.03126 1.25761
-0.02087 -0.02234 1.26124
-0.01608 -0.05005 1.26832
-0.00378 -0.01315 1.27332
-0.00397 -0.04427 1.27994
-0.00448 -0.02845 1.28596
-0.00704 -0.02928 1.28258
-0.00268 -0.01579 1.28874
-0.00969 -0.03202 1.29820
-0.01046 -0.04210 1.30485
-0.00846 -0.01527 1.30361
-0.00835 -0.06605 1.30342
-0.01060 -0.01277 1.29459
-0.00654 -0.02558 1.29968
-0.02662 -0.03561 1.30278
-0.01939 -0.03429 1.30978
-0.02364 -0.02440 1.31981
-0.01949 -0.03560 1.32185
-0.02255 -0.02427 1.32826
-0.01922 -0.03732 1.33035
-0.02071 -0.03235 1.32795
-0.01960 -0.03343 1.33197
-0.02410 -0.03287 1.34507
-0.02517 -0.02489 1.34893
-0.01804 -0.03292 1.35616
-0.01810 -0.03670 1.36084
-0.01334 -0.03502 1.36497
-0.01531 -0.02993 1.36290
-0.01838 -0.04226 1.36602
-0.01825 -0.02924 1.36834
-0.01724 -0.02146 1.36606
-0.01714 -0.03312 1.37469
-0.02125 -0.03559 1.37391
-0.02565 -0.04239 1.37944
-0.01639 -0.02857 1.37938
-0.01643 -0.03181 1.38130
-0.02368 -0.03181 1.39672
-0.02843 -0.03273 1.39539
-0.02432 -0.04000 1.40169
-0.02156 -0.03807 1.40709
-0.02751 -0.03875 1.41776
-0.02012 -0.03162 1.42389
-0.01533 -0.03698 1.43506
-0.01446 -0.03516 1.43363
-0.01752 -0.03340 1.43852
-0.01654 -0.03580 1.44468
-0.02322 -0.04275 1.44518
-0.00962 -0.02511 1.44425
-0.02222 -0.03403 1.45365
-0.01591 -0.05334 1.45683
-0.02350 -0.00999 1.46228
-0.03470 -0.03350 1.47292
-0.02374 -0.04910 1.46909
-0.01785 -0.04182 1.47932
-0.01853 -0.02383 1.46468
-0.02367 -0.03696 1.47535
-0.01750 -0.04140 1.47314
-0.01091 -0.03606 1.47756
-0.01722 -0.04585 1.47774
-0.01288 -0.01968 1.47084
-0.01312 -0.04516 1.47765
-0.01550 -0.03561 1.47238
-0.01494 -0.02770 1.47894
-0.02349 -0.05032 1.47672
-0.01803 -0.03029 1.47281
-0.02772 -0.04148 1.48228
-0.02895 -0.02978 1.47298
-0.03240 -0.04603 1.46574
-0.03079 -0.03921 1.46901
-0.02775 -0.03351 1.46634
-0.03116 -0.03186 1.47077
-0.03565 -0.04993 1.46849
-0.02720 -0.03200 1.46120
-0.03362 -0.03410 1.46327
-0.03205 -0.03240 1.46496
-0.03308 -0.04486 1.46671
-0.03166 -0.02778 1.46885
-0.02488 -0.04010 1.46569
-0.02241 -0.03388 1.46725
-0.01913 -0.03132 1.46423
-0.02989 -0.05299 1.45973
-0.01692 -0.03706 1.45549
-0.02445 -0.02362 1.46084
-0.03328 -0.03463 1.45555
-0.02711 -0.05870 1.45383
-0.03564 -0.01839 1.45521
-0.03236 -0.04970 1.45707
-0.03259 -0.02498 1.45741
-0.03091 -0.03491 1.45525
-0.02787 -0.04054 1.46111
-0.03853 -0.05518 1.44607
-0.02041 -0.01124 1.44898
-0.02388 -0.06047 1.45516
-0.02638 -0.01901 1.45707
-0.01911 -0.02664 1.45638
-0.02630 -0.04388 1.43960
-0.02558 -0.04635 1.44092
-0.02567 -0.03605 1.44117
-0.02430 -0.03188 1.44611
-0.03290 -0.04008 1.44233
-0.03237 -0.03559 1.44585
-0.03074 -0.03586 1.44073
-0.02858 -0.03423 1.44335
-0.02134 -0.04249 1.43579
-0.01941 -0.03216 1.44319
-0.02183 -0.04268 1.44625
-0.02439 -0.04661 1.44855
-0.02592 -0.04257 1.44761
-0.02624 -0.02221 1.44819
-0.03365 -0.05074 1.45421
-0.02917 -0.03471 1.45173
-0.02875 -0.02825 1.45381
-0.02730 -0.04713 1.45280
-0.02100 -0.03777 1.45504
-0.02538 -0.05024 1.45208
-0.02242 -0.03736 1.45060
-0.02761 -0.03681 1.45359
-0.02658 -0.04167 1.44795
-0.02651 -0.03177 1.45853
-0.03303 -0.04199 1.44850
-0.02680 -0.03447 1.44722
-0.01916 -0.03251 1.44302
-0.02679 -0.03979 1.44841
-0.03527 -0.05023 1.44560
-0.02771 -0.03817 1.44852
-0.02685 -0.04720 1.45806
-0.01851 -0.03432 1.45513
-0.02320 -0.04368 1.45980
-0.02372 -0.03475 1.44724
-0.02672 -0.04925 1.44094
-0.01995 -0.02666 1.43981
-0.01819 -0.04177 1.44261
-0.00681 -0.03537 1.43982
-0.01741 -0.04218 1.43556
-0.01798 -0.04247 1.42995
-0.02262 -0.03319 1.43261
-0.01998 -0.04044 1.42613
-0.02060 -0.04033 1.43394
-0.01650 -0.04149 1.42854
-0.01412 -0.02439 1.42535
-0.00979 -0.05182 1.42764
-0.01650 -0.03399 1.42914
-0.00826 -0.04704 1.42855
-0.00939 -0.02634 1.42395
-0.00756 -0.04714 1.42836
-0.00246 -0.02934 1.43488
-0.00975 -0.04965 1.42919
-0.00563 -0.03174 1.43259
-0.02173 -0.06226 1.42679
-0.00743 -0.02602 1.42440
-0.01822 -0.04285 1.41893
-0.00736 -0.03936 1.41747
-0.00947 -0.03163 1.41654
-0.01768 -0.03521 1.42270
-0.00578 -0.03590 1.41884
-0.01568 -0.01827 1.41815
-0.02054 -0.03932 1.42436
-0.01427 -0.03271 1.42742
-0.02241 -0.01023 1.43246
-0.01632 -0.05972 1.43184
-0.02472 -0.03171 1.43075
-0.01949 -0.03687 1.42805
-0.02510 -0.02080 1.43326
-0.01262 -0.05377 1.43765
-0.00905 -0.02611 1.43358
-0.01013 -0.04013 1.43241
-0.01730 -0.04188 1.43617
-0.01841 -0.04030 1.42744
-0.02496 -0.03811 1.43628
-0.01901 -0.03790 1.43726
-0.02415 -0.03521 1.43828
-0.02472 -0.03848 1.44588
-0.03010 -0.03883 1.44460
-0.02555 -0.03439 1.44414
-0.02650 -0.03888 1.45028
-0.02384 -0.03823 1.45601
-0.03014 -0.05341 1.45924
-0.02421 -0.01811 1.45663
-0.02028 -0.05454 1.46057
-0.02009 -0.02826 1.45724
-0.01514 -0.02531 1.46546
-0.01858 -0.04649 1.46598
-0.01968 -0.03556 1.46207
-0.02059 -0.04540 1.45822
-0.02560 -0.03694 1.46099
-0.02575 -0.03198 1.46815
-0.01868 -0.04166 1.46761
-0.01478 -0.03614 1.47230
-0.01964 -0.03583 1.47149
-0.01817 -0.04203 1.46738
-0.02168 -0.04203 1.47378
-0.02069 -0.03401 1.47338
-0.02169 -0.03714 1.47696
-0.02081 -0.04314 1.47795
-0.01617 -0.03303 1.47599
-0.01466 -0.03119 1.48159
-0.02189 -0.04119 1.48973
-0.01749 -0.05438 1.49176
-0.01535 -0.03883 1.49702
-0.01799 -0.03424 1.50615
-0.01719 -0.04198 1.49785
-0.02125 -0.03609 1.49322
-0.02565 -0.03787 1.49476
-0.02441 -0.03886 1.50381
-0.02359 -0.03669 1.51480
-0.02225 -0.05258 1.50576
-0.01841 -0.05435 1.48863
-0.01988 -0.02849 1.48247
-0.03240 -0.03423 1.49227
-0.02949 -0.05090 1.50001
-0.02839 -0.02236 1.49446
-0.01974 -0.05228 1.49320
-0.01932 -0.04220 1.48977
-0.01913 -0.04110 1.50040
-0.02031 -0.05600 1.50692
-0.01730 -0.05664 1.50766
-0.02425 -0.03275 1.49993
-0.02310 -0.04449 1.49756
-0.02620 -0.05083 1.48814
-0.03336 -0.03125 1.48965
-0.02847 -0.04817 1.49043
-0.02542 -0.03610 1.49377
-0.02344 -0.04763 1.49197
-0.02600 -0.04276 1.48564
-0.02581 -0.04535 1.49282
-0.02965 -0.05573 1.48515
-0.02821 -0.03207 1.48609
-0.02689 -0.04639 1.48636
-0.02820 -0.03616 1.48571
-0.02973 -0.04790 1.48522
-0.02253 -0.04609 1.48645
-0.03436 -0.04847 1.48357
-0.02726 -0.03334 1.47909
-0.04131 -0.02719 1.48253
-0.03657 -0.03960 1.48761
-0.02227 -0.05474 1.48361
-0.02345 -0.03814 1.48023
-0.01926 -0.02548 1.49660
-0.02921 -0.05095 1.49182
-0.03511 -0.03845 1.49882
-0.02844 -0.03546 1.48959
-0.02069 -0.04400 1.50743
-0.02571 -0.04000 1.49412
-0.02618 -0.04065 1.50627
-0.03294 -0.03986 1.49408
-0.02167 -0.04274 1.49502
-0.03721 -0.05404 1.48864
-0.02855 -0.04019 1.48555
-0.02259 -0.02945 1.48625
-0.02986 -0.04826 1.49462
-0.02874 -0.02948 1.49828
-0.02229 -0.04020 1.49008
-0.02296 -0.05751 1.48960
-0.02411 -0.03955 1.48288
-0.02545 -0.05419 1.47812
-0.01685 -0.02732 1.47640
0.01059 -0.07331 1.47641
-0.03178 -0.02055 1.46558
-0.02958 -0.03862 1.46455
-0.03291 -0.02731 1.46381
-0.02757 -0.04424 1.46918
-0.03277 -0.02729 1.48393
-0.02579 -0.05089 1.46795
-0.03116 -0.03645 1.45877
-0.03519 -0.06147 1.43266
-0.02003 -0.01909 1.42292
-0.02246 -0.04596 1.41418
-0.01861 -0.03321 1.40296
-0.01805 -0.02940 1.38265
-0.01797 -0.03101 1.36145
-0.02875 -0.05173 1.34733
-0.03258 -0.03414 1.33168
-0.01516 -0.04420 1.31552
-0.01272 -0.04239 1.29006
-0.01030 -0.01466 1.27635
-0.02842 -0.05720 1.26849
-0.02780 -0.02312 1.22999
-0.03078 -0.03872 1.21188
-0.03224 -0.02357 1.20388
-0.03930 -0.04600 1.17983
-0.04990 -0.07158 1.14333
-0.02931 -0.02739 1.10351
-0.03770 -0.02250 1.07734
-0.03889 -0.03017 1.05099
-0.03305 -0.02905 1.02280
-0.03016 -0.04798 0.98060
-0.02278 -0.03447 0.94602
-0.01835 -0.02906 0.90803
-0.01675 -0.03270 0.88308
-0.01183 -0.02201 0.84634
0.00067 -0.02555 0.81608
0.00786 -0.03336 0.78872
-0.00200 -0.01489 0.76050
0.01832 -0.02502 0.73380
0.02773 -0.01998 0.70693
0.02066 -0.04726 0.67443
0.02700 -0.01106 0.64782
0.03199 -0.01683 0.61997
0.04234 -0.00634 0.60082
0.04750 -0.00881 0.59677
0.05572 -0.01783 0.58509
0.04850 -0.01255 0.58010
0.05259 -0.01216 0.56775
0.06209 -0.01337 0.56189
0.06038 -0.01672 0.54416
0.06607 -0.02484 0.53780
0.05956 -0.01797 0.53090
0.05328 -0.01621 0.52292
0.05118 -0.01015 0.50422
0.05587 -0.01486 0.50466
0.05578 -0.01231 0.50559
0.05424 -0.01676 0.50090
0.05414 -0.01541 0.50530
0.04468 -0.01505 0.50312
0.05069 -0.00553 0.50458
0.05269 -0.00249 0.51741
0.05237 -0.00391 0.51747
0.05397 -0.01245 0.52799
0.04839 -0.01794 0.53509
0.05026 -0.01962 0.54199
0.04814 -0.01508 0.55108
0.04906 -0.01014 0.55681
0.04788 -0.01197 0.56263
0.04770 -0.01109 0.57578
0.04654 -0.00638 0.58167
0.04414 -0.00628 0.59174
0.04434 -0.01143 0.60697
0.04436 -0.00991 0.61189
0.03574 -0.01533 0.62703
0.03147 -0.00948 0.63317
0.02237 -0.01569 0.65390
0.02793 -0.00821 0.65973
0.02822 -0.01540 0.67216
0.01442 -0.01506 0.68049
0.00923 -0.00013 0.69481
0.00579 -0.00647 0.70638
0.00276 -0.00990 0.71760
0.00243 -0.01023 0.72901
-0.00192 -0.01251 0.73499
-0.00001 0.00131 0.74894
0.00051 -0.01447 0.75703
-0.00617 -0.01227 0.76825
-0.01165 -0.01790 0.77124
-0.01072 -0.01042 0.78342
-0.00721 -0.00349 0.79382
-0.01078 -0.01291 0.80450
-0.01632 -0.01139 0.81431
-0.01477 -0.02066 0.82241
-0.01047 -0.00186 0.83117
-0.00472 -0.01675 0.84493
-0.01018 -0.00962 0.85391
-0.00012 -0.01151 0.85883
-0.00795 -0.02150 0.86439
-0.00836 -0.02432 0.85790
-0.00600 -0.01864 0.85156
-0.00294 -0.01255 0.84199
-0.00661 -0.01816 0.83841
-0.00611 -0.02196 0.82872
-0.01136 -0.02382 0.82125
-0.01161 -0.02849 0.81038
-0.01195 -0.01481 0.79986
-0.01189 -0.02849 0.78983
-0.01623 -0.02032 0.77824
-0.01971 -0.01101 0.76930
-0.01616 -0.00667 0.76557
-0.01081 -0.01507 0.76264
-0.01144 -0.03074 0.75198
-0.01488 -0.02603 0.73766
-0.01905 -0.02100 0.72702
-0.01769 0.00149 0.72509
-0.01765 -0.01743 0.72196
-0.01600 -0.02566 0.71365
-0.02282 -0.03300 0.70872
-0.01708 -0.01273 0.69984
-0.01817 -0.00948 0.69961
-0.01459 -0.02158 0.70573
-0.02377 -0.00975 0.71240
-0.01601 -0.01217 0.71772
-0.02119 -0.01989 0.72155
-0.01960 -0.02053 0.71940
-0.03142 -0.02508 0.72030
-0.02327 -0.01385 0.71949
