0.01748 19.06669 10.94103
0.05268 55.81977 32.41286
0.01049 10.69576 6.13114
0.00588 5.63212 3.22739
0.00991 8.64321 4.95374
0.01649 12.88338 7.38675
0.01201 8.52458 4.88570
0.01875 12.13502 6.95713
0.01036 6.24430 3.57830
0.00474 2.72126 1.55921
0.03005 16.54037 9.48777
0.02588 13.70996 7.86139
0.02940 14.93294 8.56391
0.02285 11.15427 6.39424
0.02611 12.31589 7.06095
0.03526 16.12200 9.24726
0.04928 22.09049 12.68280
0.04765 21.25681 12.20230
0.06946 29.99253 17.24952
0.02364 10.08683 5.78178
0.05617 23.76502 13.64860
0.03547 14.66567 8.41036
0.02592 10.31259 5.91130
0.01738 6.60286 3.78385
0.01299 4.85075 2.77955
0.00427 1.55323 0.88994
0.00570 2.02212 1.15861
0.02460 8.37044 4.79731
0.00398 1.31144 0.75140
0.01338 4.21703 2.41636
0.01437 4.39832 2.52025
0.01832 5.43294 3.11323
0.00924 2.61366 1.49756
0.01658 4.52691 2.59395
0.01416 3.69808 2.11896
0.01638 4.17208 2.39060
0.00996 2.46376 1.41167
0.01613 3.82988 2.19449
0.00613 1.40323 0.80400
0.00531 1.17873 0.67537
0.00897 1.93003 1.10584
0.01663 3.48292 1.99567
0.01708 3.44693 1.97504
0.00606 1.18745 0.68036
0.00394 0.74359 0.42604
0.00395 0.72455 0.41514
0.01459 2.60967 1.49527
0.02168 3.75596 2.15213
0.02097 3.55423 2.03653
0.01089 1.79147 1.02645
0.00218 0.34890 0.19990
0.00539 0.84245 0.48269
0.00656 1.00103 0.57355
0.01061 1.59455 0.91362
0.00463 0.67652 0.38762
0.00811 1.15691 0.66286
0.00665 0.92669 0.53095
0.01088 1.48671 0.85183
0.00083 0.11143 0.06385
0.01513 2.00157 1.14684
0.00751 0.97836 0.56056
0.00704 0.89460 0.51257
0.01394 1.75555 1.00587
0.01239 1.54361 0.88443
0.02153 2.68267 1.53710
0.02413 2.98744 1.71174
0.02510 3.05221 1.74886
0.02194 2.63736 1.51114
0.02431 2.87575 1.64774
0.02453 2.88791 1.65471
0.01602 1.88757 1.08152
0.01099 1.29507 0.74203
0.02071 2.45630 1.40739
0.01308 1.55651 0.89183
0.00785 0.92844 0.53196
0.01421 1.68744 0.96685
0.00491 0.58137 0.33310
0.01301 1.55890 0.89319
0.01443 1.72395 0.98776
0.01387 1.65274 0.94696
0.01860 2.21514 1.26921
0.03372 3.99927 2.29157
0.02455 2.90912 1.66686
0.01186 1.41574 0.81116
0.01154 1.38167 0.79165
0.03346 4.01593 2.30111
0.01628 1.96171 1.12399
0.01494 1.80013 1.03141
0.01516 1.82704 1.04683
0.02552 3.08771 1.76920
0.02282 2.76202 1.58257
0.02042 2.47522 1.41823
0.01934 2.34448 1.34332
0.01145 1.38432 0.79316
0.01900 2.31984 1.32920
0.01666 2.04946 1.17428
0.02331 2.89091 1.65643
0.00872 1.08788 0.62331
0.00824 1.02859 0.58934
0.01703 2.13394 1.22268
0.01353 1.69809 0.97295
0.01086 1.37475 0.78768
0.01035 1.31682 0.75449
0.01745 2.22914 1.27723
0.01731 2.22285 1.27362
0.00994 1.28043 0.73363
0.01473 1.91820 1.09906
0.01874 2.46744 1.41378
0.00733 0.97619 0.55932
0.01037 1.40732 0.80634
0.00548 0.75131 0.43047
0.00622 0.87245 0.49988
0.00568 0.81397 0.46637
0.01200 1.75739 1.00692
0.01412 2.11499 1.21182
0.01261 1.93556 1.10901
0.01308 2.05446 1.17714
0.02655 4.27925 2.45202
0.02338 3.88354 2.22525
0.02373 4.06022 2.32650
0.01914 3.40830 1.95291
0.03178 5.87993 3.36944
0.03478 6.73480 3.85949
0.03577 7.20158 4.12709
0.03802 7.91821 4.53798
0.02796 6.05146 3.46776
0.01865 4.02269 2.30499
0.02794 6.22157 3.56527
0.04057 8.99507 5.15553
0.04037 9.21982 5.28444
0.02108 4.73235 2.71169
0.02610 5.99769 3.43694
0.03169 7.18292 4.11639
0.02134 4.84895 2.77851
0.01193 2.77529 1.59018
0.01660 3.88182 2.22426
0.01815 4.35027 2.49272
0.02217 5.13600 2.94303
0.03571 8.15223 4.67218
0.00544 1.17315 0.67217
0.01945 4.05328 2.32252
0.01563 3.21204 1.84044
0.02006 3.91393 2.24266
0.01179 2.25118 1.28986
0.01241 2.29326 1.31397
0.05430 9.66720 5.54106
0.01870 3.24210 1.85767
0.01336 2.24552 1.28661
0.01937 3.17191 1.81744
0.02348 3.73384 2.13946
0.02396 3.73361 2.13933
0.01867 2.84124 1.62796
0.02212 3.29770 1.88953
0.04335 6.31938 3.62134
0.03709 5.28903 3.03075
0.03551 4.95337 2.83836
0.03356 4.63176 2.65404
0.04742 6.42334 3.68094
0.02813 3.76666 2.15827
0.02079 2.72514 1.56144
0.01162 1.49806 0.85833
0.00279 0.35812 0.20519
0.00747 0.96069 0.55044
0.00610 0.79232 0.45396
0.01917 2.48802 1.42557
0.01236 1.59827 0.91575
0.00938 1.21423 0.69570
0.01030 1.33198 0.76317
0.01615 2.11078 1.20941
0.01174 1.53932 0.88198
0.01097 1.43922 0.82462
0.00909 1.19754 0.68614
0.00221 0.28713 0.16451
0.01669 2.19068 1.25519
0.01589 2.08732 1.19597
0.00791 1.04769 0.60028
0.00544 0.72525 0.41554
0.01075 1.42582 0.81694
0.01301 1.72470 0.98819
0.01897 2.50588 1.43580
0.03356 4.39077 2.51593
0.00803 1.04476 0.59861
0.00991 1.28329 0.73528
0.02324 2.98756 1.71181
0.02068 2.62947 1.50662
0.05190 6.58371 3.77287
0.04466 5.59134 3.20402
0.02638 3.30995 1.89655
0.02500 3.12276 1.78928
0.03884 4.77586 2.73663
0.02819 3.43208 1.96654
0.02912 3.49565 2.00296
0.03015 3.59564 2.06026
0.02249 2.65699 1.52239
0.01874 2.19597 1.25823
0.01718 2.00360 1.14800
0.00543 0.62937 0.36060
0.00983 1.13821 0.65215
0.01369 1.57975 0.90514
0.01136 1.30417 0.74724
0.01893 2.16925 1.24291
0.01198 1.36258 0.78071
0.00326 0.37041 0.21223
0.02927 3.34303 1.91551
0.04218 4.84883 2.77845
0.04512 5.24026 3.00279
0.06229 7.23028 4.14355
0.00541 0.63237 0.36232
0.01283 1.49813 0.85837
0.02399 2.80872 1.60933
0.02676 3.11509 1.78489
0.01818 2.12969 1.22024
0.03577 4.27100 2.44729
0.03558 4.27839 2.45152
0.03095 3.71911 2.13101
0.02768 3.34829 1.91852
0.01622 1.97410 1.13110
0.04329 5.29412 3.03366
0.03363 4.13930 2.37181
0.05852 7.19403 4.12276
0.04743 5.83997 3.34653
0.02637 3.24911 1.86169
0.01202 1.48542 0.85109
0.01849 2.30627 1.32142
0.00989 1.24492 0.71329
0.01130 1.41748 0.81216
0.00223 0.28262 0.16193
0.00578 0.73985 0.42390
0.00794 1.02104 0.58501
0.01371 1.77594 1.01755
0.01411 1.82393 1.04505
0.02086 2.70530 1.55007
0.00995 1.29205 0.74030
0.01383 1.80973 1.03691
0.03881 5.13485 2.94237
0.01125 1.49640 0.85738
0.00840 1.11484 0.63876
0.00510 0.67420 0.38629
0.02866 3.79101 2.17222
0.01906 2.50980 1.43805
0.00669 0.88956 0.50968
0.02249 3.03888 1.74121
0.00998 1.36261 0.78072
0.01741 2.36073 1.35263
0.02221 2.95540 1.69338
0.00962 1.27197 0.72879
0.02724 3.60269 2.06430
0.01385 1.85324 1.06185
0.00919 1.23224 0.70602
0.04524 6.05720 3.47105
0.00832 1.11385 0.63819
0.02031 2.69860 1.54623
0.01188 1.57179 0.90058
0.02137 2.84156 1.62815
0.01539 2.02400 1.15969
0.01039 1.35965 0.77903
0.02267 2.96164 1.69695
0.02479 3.26720 1.87205
0.01178 1.56467 0.89650
0.02751 3.64163 2.08661
0.01817 2.37993 1.36363
0.02760 3.56386 2.04205
0.02315 2.98995 1.71318
0.03273 4.23670 2.42763
0.03635 4.75398 2.72409
0.02541 3.31947 1.90200
0.02005 2.60932 1.49507
0.02570 3.30906 1.89604
0.02143 2.77465 1.58981
0.02472 3.21625 1.84285
0.02970 3.88390 2.22545
0.02390 3.13671 1.79728
0.02154 2.83305 1.62327
0.01759 2.31610 1.32706
0.03088 4.09549 2.34671
0.02938 3.94753 2.26191
0.03093 4.17751 2.39371
0.01177 1.60159 0.91766
0.01002 1.34939 0.77315
0.01405 1.90667 1.09246
0.02842 3.89635 2.23259
0.03184 4.47380 2.56351
0.04141 5.95321 3.41144
0.01777 2.63082 1.50739
0.02691 4.07061 2.33245
0.01406 2.17373 1.24548
0.01299 2.07225 1.18733
0.01867 3.06094 1.75386
0.01524 2.58629 1.48188
0.04114 7.30925 4.18882
0.01103 2.04468 1.17153
0.00753 1.46319 0.83835
0.07083 14.34431 8.22574
0.02957 6.27593 3.59643
0.02689 5.95398 3.41188
0.02348 5.37850 3.08203
0.01035 2.48925 1.42627
0.00733 1.83840 1.05334
0.02193 5.76935 3.30605
0.05957 16.42941 9.42398
0.01760 5.17756 2.96685
0.00608 1.91739 1.09860
0.01110 3.67630 2.10648
0.00781 2.74132 1.57071
0.01364 5.04463 2.89066
0.00549 2.16289 1.23927
0.01523 6.26648 3.59102
0.02312 10.13191 5.80764
0.02389 11.11947 6.37427
0.00902 4.21365 2.41442
0.02319 10.68219 6.12336
0.00438 2.05071 1.17499
0.01514 6.89207 3.94965
0.01945 8.90091 5.10153
0.03549 16.66353 9.55858
0.02219 10.11532 5.79813
0.02436 11.42843 6.55157
0.03381 15.58060 8.93608
0.01674 7.72981 4.42996
0.04264 20.22762 11.60942
0.03141 14.47276 8.29953
0.02181 9.93252 5.69326
0.01316 5.90553 3.38411
0.05940 23.61200 13.56031
0.01642 6.32858 3.62661
0.00274 0.94592 0.54197
0.01288 4.24401 2.43182
0.00068 0.22158 0.12695
0.01457 4.35826 2.49730
0.00308 0.87802 0.50307
0.02232 6.48099 3.71398
0.01508 4.02782 2.30793
0.01626 4.40246 2.52263
0.01338 3.36373 1.92737
0.05149 12.55285 7.19698
0.02121 5.18611 2.97176
0.01150 2.62921 1.50647
0.01799 3.98171 2.28150
0.01602 3.43809 1.96998
0.01709 3.48719 1.99812
0.01456 2.90210 1.66284
0.01434 2.72935 1.56385
0.01579 2.87725 1.64860
0.00948 1.68368 0.96469
0.02774 4.73022 2.71047
0.01180 1.97070 1.12915
0.02095 3.37025 1.93110
0.01057 1.65299 0.94710
0.01465 2.22171 1.27297
0.00915 1.35246 0.77491
0.01774 2.56599 1.47025
0.01115 1.57645 0.90325
0.02268 3.13818 1.79812
0.02341 3.15827 1.80963
0.01994 2.65116 1.51905
0.01681 2.17442 1.24588
0.02085 2.65598 1.52181
0.02190 2.72747 1.56278
0.01744 2.12793 1.21923
0.00935 1.11877 0.64101
0.00720 0.85106 0.48762
0.01420 1.64703 0.94369
0.01842 2.12325 1.21655
0.02317 2.62923 1.50648
0.01558 1.74240 0.99833
0.01498 1.64615 0.94319
0.02972 3.21754 1.84360
0.02304 2.47346 1.41723
0.02603 2.76135 1.58219
0.01651 1.73263 0.99273
0.01582 1.63562 0.93715
0.01377 1.40677 0.80603
0.02300 2.33004 1.33505
0.02375 2.41175 1.38186
0.02411 2.43612 1.39583
0.02366 2.39483 1.37217
0.02204 2.22745 1.27626
0.01954 1.97679 1.13263
0.02483 2.50528 1.43546
0.03275 3.28000 1.87939
0.03402 3.43031 1.96552
0.02364 2.37848 1.36280
0.03037 3.03949 1.74156
0.03719 3.75653 2.15246
0.03960 3.97105 2.27539
0.02757 2.78273 1.59444
0.01897 1.91322 1.09621
0.01116 1.13125 0.64816
0.02474 2.48841 1.42579
0.02953 2.96642 1.69969
0.01361 1.37315 0.78676
0.01521 1.54079 0.88282
0.01642 1.66484 0.95389
0.00984 0.99382 0.56942
0.01768 1.77887 1.01923
0.01823 1.84049 1.05454
0.02167 2.17562 1.24656
0.02287 2.31878 1.32859
0.02347 2.38901 1.36884
0.02385 2.42928 1.39191
0.01811 1.84012 1.05433
0.02723 2.75715 1.57978
0.01952 1.98876 1.13949
0.02414 2.47256 1.41671
0.02453 2.51580 1.44149
0.01833 1.88145 1.07801
0.01865 1.91419 1.09677
0.01800 1.85443 1.06252
0.02407 2.48321 1.42281
0.02255 2.34910 1.34597
0.01398 1.46778 0.84098
0.00765 0.80304 0.46011
0.00698 0.73535 0.42133
0.00736 0.77513 0.44412
0.00461 0.48716 0.27912
0.00935 0.99046 0.56749
0.01583 1.68145 0.96341
0.01571 1.67558 0.96005
0.01919 2.04986 1.17450
0.01471 1.57353 0.90158
0.01774 1.90306 1.09039
0.01466 1.57949 0.90499
0.02080 2.25061 1.28953
0.02745 2.98923 1.71277
0.01471 1.61671 0.92632
0.02176 2.41681 1.38477
0.02345 2.63615 1.51045
0.02818 3.19552 1.83098
0.01617 1.87053 1.07175
0.02680 3.13660 1.79721
0.02100 2.49965 1.43223
0.02212 2.67509 1.53276
0.02279 2.78424 1.59531
0.02333 2.89082 1.65638
0.02292 2.87028 1.64460
0.02521 3.19662 1.83161
0.01513 1.95543 1.12040
0.01966 2.59383 1.48620
0.01464 1.96941 1.12841
0.01373 1.88810 1.08182
0.01114 1.54971 0.88793
0.02077 2.99412 1.71557
0.02277 3.31956 1.90206
0.01599 2.37966 1.36347
0.01824 2.75966 1.58122
0.00188 0.28999 0.16615
0.00638 1.00015 0.57305
0.01823 2.90912 1.66686
0.01211 1.95809 1.12192
0.04014 6.56627 3.76287
0.01837 3.05981 1.75321
0.01813 3.06238 1.75468
0.00029 0.05098 0.02921
0.01078 1.90851 1.09351
0.00925 1.66497 0.95397
0.02662 4.90490 2.81058
0.01049 1.95406 1.11961
0.00581 1.10802 0.63485
0.03051 5.98636 3.43045
0.03776 7.49248 4.29388
0.02924 5.88516 3.37244
0.01928 3.91964 2.24593
0.03116 6.39168 3.66278
0.01261 2.58393 1.48053
0.03490 7.21295 4.13361
0.03878 8.04775 4.61227
0.01292 2.64441 1.51518
0.03357 7.08732 4.06158
0.02199 4.73369 2.71246
0.04248 9.03817 5.18026
0.01574 3.44548 1.97421
0.00587 1.25966 0.72173
0.00859 1.91689 1.09831
0.01711 3.86132 2.21251
0.03094 6.76106 3.87454
0.01256 2.78239 1.59424
0.03039 6.41892 3.67840
0.01816 3.87331 2.21938
0.01790 3.79185 2.17270
0.02111 4.41951 2.53240
0.00915 1.92659 1.10387
0.00571 1.17809 0.67500
0.00827 1.69899 0.97346
0.01303 2.63373 1.50906
0.00267 0.53240 0.30504
0.01022 2.00530 1.14897
0.01657 3.20022 1.83367
0.01705 3.23752 1.85504
0.01941 3.60245 2.06417
0.01778 3.23972 1.85631
0.02150 3.83203 2.19573
0.00674 1.17940 0.67575
0.00896 1.51118 0.86585
0.01208 2.00870 1.15092
0.01227 1.98176 1.13548
0.00911 1.43926 0.82464
0.01111 1.71841 0.98459
0.01093 1.66313 0.95291
0.00324 0.47889 0.27438
0.00905 1.29459 0.74175
0.01065 1.49132 0.85447
0.01332 1.82214 1.04402
0.00431 0.57588 0.32995
0.01666 2.18637 1.25273
0.01712 2.17843 1.24817
0.01509 1.88227 1.07848
0.00544 0.66734 0.38236
0.01414 1.71120 0.98046
0.01109 1.32754 0.76063
0.02404 2.80885 1.60941
0.00023 0.02661 0.01525
0.00040 0.04586 0.02627
0.01503 1.69662 0.97211
0.01449 1.61403 0.92478
0.02464 2.71953 1.55822
0.01663 1.81573 1.04035
0.00277 0.29846 0.17100
0.02033 2.16864 1.24256
0.02989 3.18024 1.82222
0.02120 2.25486 1.29197
0.02544 2.72220 1.55975
0.03539 3.79963 2.17716
0.02016 2.16140 1.23841
0.01663 1.77371 1.01627
0.02095 2.24257 1.28492
0.01462 1.57976 0.90514
0.00454 0.49470 0.28344
0.00597 0.65644 0.37611
0.00872 0.94534 0.54164
0.01020 1.11432 0.63846
0.01524 1.66346 0.95311
0.00369 0.40180 0.23022
0.01820 2.03162 1.16405
0.01233 1.36357 0.78127
0.00989 1.09986 0.63018
0.02121 2.38134 1.36444
0.03414 3.84919 2.20556
0.06121 6.93786 3.97590
0.00627 0.70992 0.40676
0.01319 1.51018 0.86528
0.00989 1.13376 0.64960
0.00972 1.12096 0.64227
0.02706 3.12453 1.79030
0.01881 2.17486 1.24613
0.03658 4.30476 2.46664
0.01067 1.25932 0.72154
0.03086 3.65142 2.09222
0.01504 1.75695 1.00667
0.00687 0.80310 0.46015
0.02384 2.78267 1.59441
0.01082 1.25606 0.71967
0.01855 2.13738 1.22465
0.01230 1.39315 0.79822
0.00267 0.30222 0.17316
0.00729 0.81909 0.46930
0.03101 3.47874 1.99327
0.02111 2.33385 1.33723
0.01202 1.29695 0.74310
0.03293 3.52521 2.01990
0.02727 2.87613 1.64796
0.00512 0.53978 0.30927
0.00633 0.66330 0.38004
0.01913 1.98735 1.13869
0.01655 1.68807 0.96720
0.00871 0.87449 0.50105
0.01460 1.45288 0.83245
0.00555 0.54893 0.31451
0.01339 1.30411 0.74720
0.01432 1.39379 0.79859
0.01276 1.22944 0.70442
0.01534 1.47372 0.84439
0.00682 0.64986 0.37234
0.00883 0.83649 0.47927
0.00545 0.51510 0.29513
0.00424 0.40014 0.22926
0.00745 0.70404 0.40338
0.02027 1.91192 1.09546
0.01832 1.72787 0.99001
0.01411 1.33599 0.76547
0.05673 5.40322 3.09619
0.02033 1.94191 1.11265
0.02042 1.95132 1.11804
0.00321 0.30781 0.17636
0.00753 0.72002 0.41254
0.00951 0.90748 0.51995
0.01096 1.06605 0.61080
0.00897 0.86916 0.49799
0.02957 2.87266 1.64597
0.01375 1.33766 0.76643
0.01087 1.06102 0.60792
0.00271 0.26545 0.15209
0.00443 0.43548 0.24951
0.01968 1.94478 1.11430
0.01774 1.75248 1.00411
0.00454 0.45223 0.25911
0.00542 0.53807 0.30829
0.01085 1.08525 0.62180
0.01754 1.76305 1.01016
0.02363 2.38344 1.36564
0.02423 2.44516 1.40101
0.02656 2.68831 1.54034
0.05878 5.96732 3.41953
0.00119 0.12061 0.06910
0.02119 2.17128 1.24408
0.02846 2.93204 1.68000
0.00626 0.64478 0.36943
0.03029 3.13012 1.79350
0.02645 2.74890 1.57505
0.01043 1.08632 0.62242
0.03252 3.40790 1.95268
0.05830 6.12631 3.51066
0.05117 5.41122 3.10078
0.01477 1.57092 0.90008
0.01942 2.08170 1.19275
0.02008 2.17668 1.24717
0.00580 0.63270 0.36251
0.01088 1.21443 0.69582
0.03063 3.46795 1.98709
0.00560 0.64467 0.36937
0.00366 0.42899 0.24580
0.01101 1.32203 0.75747
0.03534 4.35372 2.49469
0.02450 3.10789 1.78076
0.00824 1.07747 0.61735
0.00603 0.81546 0.46723
0.02364 3.30999 1.89657
0.03950 5.75727 3.29913
0.02631 3.99086 2.28675
0.02602 4.10731 2.35348
0.00854 1.40677 0.80602
0.01356 2.34151 1.34162
0.02386 4.28556 2.45563
0.02765 5.26534 3.01716
0.01764 3.55649 2.03782
0.01708 3.68437 2.11111
0.47590 109.03543 66.07354
0.46279 115.22044 70.35371
0.38475 103.94560 62.62801
0.39862 117.94105 72.27219
0.36777 119.42586 73.32915
0.04986 18.70727 10.73417
0.20593 83.99849 49.66822
0.03179 14.10703 8.08945
0.02694 13.34708 7.65300
0.01865 9.46143 5.42302
0.02715 14.34915 8.22853
0.01404 7.57227 4.33963
0.01189 6.72325 3.85286
0.01511 9.10870 5.22071
0.01587 10.50759 6.02318
0.01746 12.39715 7.10760
0.14064 105.81957 63.88904
0.02437 19.29062 11.06992
0.03228 26.95131 15.48909
0.01045 9.25113 5.30240
0.01573 14.88287 8.53515
0.00574 6.10665 3.49940
0.00499 6.39453 3.66442
0.01271 20.09108 11.53079
0.01103 22.54460 12.94461
0.00371 9.95042 5.70352
0.00209 7.86381 4.50679
0.00943 54.73066 31.76355
0.00543 57.46089 33.39329
0.00381 61.93957 36.08204
0.00299 39.54051 22.80529
0.00242 117.34717 71.85143
0.00368 84.71536 50.12122
0.00194 31.56907 18.16371
0.00244 57.96651 33.69586
0.00566 117.22933 71.76808
0.00607 109.63331 66.48265
0.00672 128.44244 79.91395
0.00920 138.68364 87.80261
0.00533 114.54272 69.87934
0.00598 112.83310 68.68872
0.00229 94.34282 56.29124
0.01030 114.93353 70.15272
0.00711 128.38285 79.86942
0.00801 114.03313 69.52356
0.00351 79.14223 46.62067
0.00723 118.74670 72.84480
0.00527 130.06485 81.13211
0.00673 111.58321 67.82360
0.00712 130.37590 81.36692
0.00807 106.27069 64.19390
0.01099 130.33678 81.33737
0.00774 109.76458 66.57259
0.00552 114.80043 70.05956
0.00492 108.00295 65.36928
0.00562 102.99980 61.99477
0.00433 104.85935 63.24182
0.00294 100.53817 60.35637
0.00131 75.54441 44.38530
0.00205 93.25840 55.58774
0.00206 118.52039 72.68374
0.00585 136.49174 86.07215
0.00378 132.49638 82.97887
0.00399 134.89323 84.82541
0.00315 137.02244 86.48886
0.00676 127.73156 79.38362
0.00454 114.67898 69.97461
0.00281 120.96548 74.43285
0.00077 107.20949 64.82995
0.00032 52.33836 30.34094
0.00115 122.03714 75.20587
0.00204 134.87339 84.81002
0.00447 69.92728 40.93015
0.00451 94.38247 56.31701
0.00172 51.72493 29.97694
0.00165 106.45007 64.31526
0.00208 58.69932 34.13482
0.00075 46.05739 26.62793
0.00116 119.94449 73.70005
0.00335 137.07839 86.53288
0.05311 102.22963 61.48068
0.04431 125.32169 77.60068
0.03818 120.66670 74.21803
0.02638 76.43207 44.93513
0.03935 135.84497 85.56620
0.05099 139.89005 88.76583
0.02516 75.95695 44.64070
0.04069 107.08130 64.74297
0.02295 64.81861 37.82127
0.03835 92.69142 55.22083
0.03826 89.40689 53.10715
0.00845 17.55361 10.07043
0.01283 25.43020 14.60998
0.01932 35.51219 20.45545
0.01306 21.29200 12.22258
0.01592 22.47426 12.90406
0.01695 19.56488 11.22781
0.01285 12.06770 6.91848
0.02758 23.34952 13.40887
0.01859 13.60193 7.79935
0.01534 10.07981 5.77776
0.00563 3.41511 1.95681
0.00740 4.09780 2.34803
0.01891 9.97890 5.71987
0.01346 6.75011 3.86826
0.02471 11.71252 6.71462
0.03011 13.65402 7.82927
0.01531 6.62557 3.79686
0.01323 5.42685 3.10974
0.00817 3.08030 1.76495
0.02966 10.29572 5.90162
0.00543 1.70175 0.97504
0.03698 10.84219 6.21516
0.03602 9.82372 5.63084
0.00317 0.78703 0.45094
0.03877 9.11278 5.22305
0.03159 6.92904 3.97084
0.02176 4.42954 2.53814
0.04571 8.99076 5.15306
0.02139 3.93695 2.25585
0.04234 7.69580 4.41045
0.03053 5.33529 3.05726
0.02164 3.55200 2.03525
0.04381 7.11663 4.07839
0.02673 4.09086 2.34405
0.01788 2.70642 1.55071
0.01578 2.29670 1.31594
0.01455 2.02484 1.16017
0.02285 3.10414 1.77861
0.01759 2.29676 1.31597
0.00718 0.90853 0.52055
0.00884 1.08680 0.62269
0.01322 1.58714 0.90937
0.01484 1.74037 0.99717
0.01438 1.64336 0.94159
0.00402 0.44638 0.25576
0.01325 1.43786 0.82384
0.02881 3.05364 1.74967
0.01967 2.03632 1.16675
0.01721 1.73903 0.99640
0.02202 2.16913 1.24284
0.02757 2.65511 1.52131
0.01655 1.56805 0.89844
0.01584 1.47042 0.84250
0.01920 1.75271 1.00424
0.00758 0.68083 0.39009
0.01686 1.49707 0.85776
0.01867 1.63207 0.93512
0.00303 0.26082 0.14944
0.02571 2.19189 1.25589
0.03375 2.84445 1.62980
0.00863 0.71874 0.41181
0.00283 0.23430 0.13425
0.00249 0.20567 0.11784
0.00549 0.45542 0.26094
0.01060 0.88394 0.50646
0.01048 0.87495 0.50131
0.03710 3.11172 1.78296
0.01182 0.99213 0.56845
0.01623 1.36067 0.77961
0.01761 1.47635 0.84589
0.00140 0.11757 0.06736
0.04031 3.39546 1.94555
0.01437 1.21635 0.69692
0.01646 1.39670 0.80026
0.01274 1.08187 0.61987
0.02066 1.75510 1.00561
0.01376 1.17210 0.67157
0.02031 1.74026 0.99711
0.03376 2.90684 1.66555
0.00482 0.41545 0.23804
0.01283 1.10824 0.63498
0.01048 0.90669 0.51950
0.02460 2.13495 1.22326
0.03610 3.14738 1.80339
0.02660 2.33170 1.33599
0.04362 3.83589 2.19794
0.02679 2.34823 1.34547
0.04446 3.92051 2.24643
0.02521 2.22699 1.27600
0.02471 2.19582 1.25814
0.03093 2.75943 1.58109
0.02667 2.37009 1.35799
0.00753 0.67310 0.38566
0.01192 1.06826 0.61207
0.01535 1.37943 0.79036
0.00190 0.17063 0.09777
0.02097 1.89533 1.08596
0.00731 0.66265 0.37967
0.00847 0.77017 0.44128
0.00867 0.78904 0.45209
0.01149 1.04476 0.59860
0.01764 1.59795 0.91557
0.02044 1.85780 1.06446
0.01218 1.10181 0.63130
0.00907 0.83408 0.47789
0.00340 0.30928 0.17720
0.00911 0.83063 0.47592
0.01110 1.02777 0.58887
0.00796 0.74034 0.42418
0.01969 1.84431 1.05672
0.01994 1.84441 1.05678
0.01876 1.74363 0.99904
0.01154 1.06853 0.61223
0.00585 0.54206 0.31058
0.01305 1.21211 0.69449
0.00957 0.89661 0.51372
0.02300 2.18587 1.25244
0.00851 0.80879 0.46340
0.02699 2.56429 1.46927
0.00766 0.73188 0.41934
0.01914 1.82136 1.04358
0.02626 2.46981 1.41513
0.04192 3.94698 2.26160
0.02033 1.90386 1.09085
0.02219 2.08553 1.19494
0.01792 1.68056 0.96290
0.02243 2.12202 1.21585
0.02886 2.72709 1.56256
0.01985 1.88516 1.08013
0.01962 1.86652 1.06945
0.01679 1.60820 0.92144
0.02316 2.23101 1.27830
0.01538 1.48338 0.84992
0.00617 0.60024 0.34391
0.00203 0.19574 0.11215
0.00684 0.66283 0.37978
0.00577 0.56267 0.32239
0.03342 3.27792 1.87819
0.03911 3.86372 2.21389
0.00584 0.57518 0.32956
0.01067 1.05183 0.60265
0.01466 1.45574 0.83409
0.01278 1.27093 0.72819
0.01083 1.08609 0.62229
0.00689 0.69338 0.39728
0.01224 1.24952 0.71593
0.00535 0.55848 0.31999
0.00273 0.29005 0.16619
0.01291 1.39643 0.80010
0.00659 0.72766 0.41692
0.01415 1.60046 0.91701
0.00238 0.27686 0.15863
0.00738 0.87678 0.50236
0.01824 2.22985 1.27764
0.00729 0.91065 0.52177
0.01168 1.48787 0.85250
0.04763 6.25734 3.58578
0.00190 0.25668 0.14706
0.01961 2.73435 1.56672
0.02236 3.20232 1.83487
0.02026 3.01925 1.72997
0.02964 4.53711 2.59979
0.04982 7.99243 4.58055
0.03083 5.08410 2.91329
0.03470 5.64532 3.23496
0.01526 2.76545 1.58453
0.03931 6.77238 3.88103
0.02814 5.20934 2.98507
0.01574 2.90869 1.66662
0.02134 4.02361 2.30552
0.04383 8.38910 4.80801
0.02626 5.12500 2.93673
0.02519 4.95225 2.83772
0.03691 7.23657 4.14716
0.13198 26.32147 15.12497
0.05346 10.78478 6.18222
0.03247 6.55081 3.75401
0.01274 2.63165 1.50787
0.01300 2.70701 1.55105
0.00538 1.11315 0.63779
0.00877 1.84802 1.05885
0.00445 0.93270 0.53440
0.00246 0.52394 0.30020
0.01815 3.83864 2.19951
0.02882 5.95948 3.41504
0.02218 4.64353 2.66078
0.00682 1.39600 0.79985
0.01502 3.15073 1.80531
0.04726 9.91467 5.68302
0.01786 3.66341 2.09910
0.02380 4.88823 2.80103
0.01459 2.92936 1.67846
0.01781 3.57995 2.05127
0.03024 5.94808 3.40850
0.00944 1.82518 1.04577
0.00730 1.39544 0.79953
0.00761 1.43286 0.82097
0.00594 1.09594 0.62793
0.00245 0.44051 0.25239
0.01814 3.16268 1.81215
0.00930 1.58352 0.90730
0.00811 1.34046 0.76803
0.00912 1.46663 0.84032
0.01112 1.74233 0.99830
0.01595 2.43748 1.39661
0.01266 1.89035 1.08311
0.00953 1.38713 0.79478
0.01150 1.62696 0.93219
0.01336 1.86303 1.06745
0.01558 2.12241 1.21608
0.02258 3.01681 1.72857
0.02426 3.19835 1.83259
0.02406 3.15572 1.80817
0.01697 2.21765 1.27065
0.03605 4.70732 2.69734
0.04117 5.39571 3.09189
0.05925 7.72272 4.42589
0.01777 2.31622 1.32712
0.01883 2.44904 1.40323
0.02491 3.24488 1.85926
0.01535 1.99620 1.14376
0.02104 2.74341 1.57191
0.00919 1.19509 0.68474
0.02414 3.14941 1.80455
0.04039 5.27674 3.02370
0.02791 3.64733 2.08988
0.02307 3.03093 1.73666
0.02645 3.47959 1.99376
0.02292 3.03311 1.73791
0.00557 0.74002 0.42400
0.02995 3.98802 2.28512
0.01967 2.63823 1.51164
0.00594 0.80087 0.45887
0.01180 1.61201 0.92362
0.01823 2.52187 1.44496
0.00507 0.71053 0.40710
0.01523 2.16715 1.24171
0.02266 3.28756 1.88372
0.01829 2.70354 1.54906
0.01276 1.91703 1.09840
0.01000 1.51734 0.86938
0.00613 0.93875 0.53787
0.00267 0.41046 0.23518
0.00813 1.25874 0.72121
0.00170 0.26631 0.15259
0.00576 0.90790 0.52019
0.00979 1.55650 0.89182
0.00012 0.01952 0.01118
0.01663 2.68086 1.53606
0.02520 4.08656 2.34159
0.02049 3.35024 1.91964
0.03221 5.27671 3.02368
0.04953 8.15969 4.67645
0.04503 7.43654 4.26181
0.03710 6.14968 3.52406
0.02865 4.77922 2.73855
0.02879 4.81239 2.75756
0.03948 6.62436 3.79618
0.02319 3.90284 2.23630
0.02923 4.97200 2.84904
0.01424 2.43371 1.39445
0.01986 3.42180 1.96064
0.03934 6.85717 3.92964
0.03400 6.04100 3.46177
0.01333 2.40136 1.37591
0.01811 3.32953 1.90777
0.01562 2.93580 1.68215
0.02312 4.43195 2.53953
0.01095 2.14932 1.23149
0.02094 4.21504 2.41522
0.01620 3.34013 1.91384
0.01431 3.00659 1.72271
0.01638 3.54381 2.03056
0.01296 2.85811 1.63763
0.02327 5.30586 3.04039
0.00286 0.67786 0.38838
0.01233 2.92130 1.67384
0.01110 2.99200 1.71435
0.01165 3.15290 1.80656
0.01319 3.84893 2.20541
0.00470 1.46143 0.83734
0.01686 5.53184 3.16991
0.00785 2.73325 1.56609
0.00296 1.07402 0.61537
0.01290 4.79026 2.74488
0.00390 1.49413 0.85608
0.01257 4.84730 2.77757
0.00837 3.23989 1.85640
0.01476 5.75537 3.29804
0.01096 4.32708 2.47943
0.01027 4.06123 2.32707
0.01140 4.53815 2.60039
0.00722 2.91872 1.67236
0.01411 5.67208 3.25030
0.02705 10.94244 6.27269
0.01806 7.32970 4.20055
0.02230 9.09753 5.21430
0.02049 8.41403 4.82231
0.02122 8.78978 5.03780
0.02435 10.05876 5.76568
0.02361 9.95010 5.70334
0.02207 9.36679 5.36874
0.02034 8.54004 4.89457
0.03507 14.89181 8.54028
0.02226 9.44940 5.41613
0.04160 17.85516 10.24389
0.00217 0.93860 0.53778
0.00269 1.16633 0.66826
0.00149 0.64970 0.37225
0.02979 13.08461 7.50229
0.00837 3.62066 2.07460
0.02701 11.88401 6.81305
0.01202 5.32949 3.05393
0.00247 1.09859 0.62945
0.01606 7.13813 4.09071
0.01432 6.39070 3.66223
0.01084 4.83873 2.77266
0.03386 14.87087 8.52825
0.03139 13.31604 7.63518
0.00697 2.81819 1.61476
0.01150 4.43751 2.54271
0.00556 2.05477 1.17732
0.00362 1.28616 0.73692
0.01115 3.80514 2.18031
0.01328 4.39938 2.52086
0.00879 2.84258 1.62873
0.00419 1.32287 0.75796
0.00163 0.50337 0.28841
0.00870 2.60037 1.48995
0.01547 4.53742 2.59997
0.01053 3.01409 1.72701
0.01743 4.89346 2.80402
0.02167 5.92766 3.39680
0.01547 4.10827 2.35403
0.00350 0.90373 0.51780
0.01368 3.40670 1.95199
0.06169 14.99922 8.60199
0.06822 16.83726 9.65847
0.04860 12.12318 6.95033
0.04618 11.79074 6.75951
0.02520 6.49888 3.72424
0.05756 15.07086 8.64316
0.05404 14.26325 8.17918
0.03010 8.01540 4.59372
0.02999 8.02590 4.59974
0.04331 11.58941 6.64397
0.05486 14.81770 8.49770
0.01907 5.26390 3.01634
0.02703 7.59222 4.35107
0.03099 8.77066 5.02683
0.00769 2.18418 1.25147
0.00668 1.91057 1.09469
0.00938 2.69426 1.54374
0.02100 6.10756 3.49992
0.00768 2.26662 1.29871
0.00851 2.54622 1.45892
0.00608 1.96074 1.12344
0.01067 3.87059 2.21782
0.00551 2.34723 1.34489
0.00775 3.90054 2.23498
0.00245 1.51538 0.86826
0.00709 5.60717 3.21309
0.01933 20.73645 11.90250
0.01422 24.82872 14.26260
0.00567 21.81988 12.52681
0.00123 110.67670 67.19889
0.00487 26.71144 15.35039
0.01043 106.93691 64.64504
0.00469 112.77408 68.64777
0.00410 84.16650 49.77432
0.00501 107.92102 65.31352
0.00048 31.37884 18.05334
