-0.02114 0.00311 0.08916
-0.05449 0.00119 0.07705
-0.01662 -0.00213 0.09661
-0.01060 -0.00547 0.10375
-0.00122 -0.00334 0.11464
0.00448 -0.00028 0.12789
-0.00311 -0.00004 0.14083
0.00269 0.00411 0.15442
-0.00752 -0.00218 0.16576
-0.01725 -0.00085 0.17333
-0.05471 -0.01660 0.17246
-0.05567 -0.01680 0.17961
-0.05941 -0.01906 0.18672
-0.01101 -0.00424 0.20450
-0.01159 -0.00394 0.21163
-0.00646 -0.00226 0.21862
0.00817 -0.00568 0.22286
0.00322 -0.00903 0.22394
0.01920 -0.00358 0.23076
-0.02434 -0.00196 0.23313
0.01384 0.00287 0.23592
-0.05679 -0.03161 0.23294
-0.03284 0.01098 0.24892
-0.08391 0.00245 0.24951
-0.08046 -0.00605 0.25528
-0.06689 -0.00872 0.26622
-0.05464 0.00237 0.27673
-0.08354 0.00193 0.28181
-0.06807 -0.00324 0.29611
-0.07865 0.00402 0.30745
-0.08077 0.00476 0.31651
-0.08705 0.00489 0.32581
-0.07746 0.00622 0.34492
-0.08610 0.00585 0.35585
-0.06540 0.00760 0.37727
-0.06370 0.00675 0.38739
-0.06620 -0.00283 0.39864
-0.07776 -0.00533 0.41398
-0.05176 -0.00151 0.43399
-0.04438 -0.00372 0.44806
-0.04479 -0.01389 0.46226
-0.04906 -0.01682 0.47469
-0.05047 -0.01150 0.49283
-0.02881 -0.00935 0.50940
-0.02172 0.00289 0.52913
-0.01575 0.00065 0.54504
-0.02636 -0.00200 0.55862
-0.03185 -0.00089 0.57630
-0.02543 -0.00091 0.58951
-0.01012 -0.00312 0.60782
0.00205 -0.00347 0.62343
-0.00141 -0.00642 0.63931
-0.00606 -0.01783 0.65485
-0.00937 -0.01887 0.66522
0.00168 -0.00895 0.68375
0.00593 0.00272 0.70062
0.00029 -0.00148 0.71724
-0.00576 -0.02157 0.73140
0.00023 -0.00913 0.74185
-0.00216 -0.02218 0.75551
-0.00447 -0.01352 0.76719
-0.00059 -0.00560 0.78738
-0.00618 -0.00283 0.79395
-0.00982 -0.01433 0.80231
-0.01214 -0.03425 0.80192
-0.01820 -0.02721 0.80717
-0.01252 -0.02497 0.82182
-0.01556 0.00235 0.83171
-0.02480 -0.01487 0.84495
-0.01974 0.00461 0.84909
-0.02115 -0.00942 0.84852
-0.01851 -0.02111 0.84792
-0.02469 -0.02855 0.84222
-0.01627 -0.01789 0.84004
-0.01192 -0.01475 0.84489
-0.01745 -0.01557 0.84156
-0.00625 -0.02540 0.84385
-0.00918 -0.03032 0.83379
-0.01465 -0.02378 0.83645
-0.01464 -0.01271 0.83911
-0.01276 -0.00703 0.83969
-0.02144 0.00890 0.84283
-0.01471 0.00326 0.84380
-0.01236 -0.01538 0.83715
-0.01172 -0.02275 0.83498
-0.00299 -0.05233 0.83142
-0.00977 -0.03499 0.82893
-0.01796 -0.02817 0.82952
-0.01506 -0.02827 0.82899
-0.02402 -0.03028 0.82562
-0.00921 -0.03656 0.82524
-0.01776 -0.01668 0.82463
-0.01703 -0.00243 0.82486
-0.01070 -0.01152 0.82689
-0.01660 -0.01290 0.81858
-0.01607 -0.02548 0.81238
-0.02405 -0.03966 0.80506
-0.01652 -0.02455 0.80067
-0.01909 -0.01734 0.80032
-0.02495 -0.01379 0.79777
-0.01609 -0.01438 0.79663
-0.01579 -0.02139 0.78967
-0.01278 -0.01527 0.78575
-0.01284 -0.00591 0.78251
-0.00789 -0.00454 0.77857
-0.00759 -0.00965 0.77660
-0.01614 -0.01511 0.76745
-0.01806 -0.01484 0.75914
-0.00593 -0.02674 0.75037
-0.01123 -0.02768 0.73601
-0.00539 -0.02526 0.72950
-0.00404 -0.02528 0.71197
-0.00405 -0.02421 0.69778
0.00632 -0.00868 0.68264
-0.00146 -0.00871 0.66735
-0.00185 -0.01314 0.65149
-0.00221 -0.01121 0.63632
-0.01590 -0.00849 0.62015
-0.00891 -0.00473 0.60186
-0.00292 -0.00441 0.58435
0.00579 -0.00774 0.56144
-0.00081 -0.01370 0.54036
0.00474 -0.01577 0.51611
0.00961 -0.01798 0.49630
0.00979 -0.01311 0.47992
0.02228 -0.01733 0.46115
0.03800 -0.01426 0.46179
0.04257 -0.03563 0.44566
0.08594 -0.05471 0.43935
0.08108 -0.05244 0.42708
0.07114 -0.02750 0.43896
0.04554 -0.00648 0.43274
0.03568 -0.00674 0.43971
0.05293 -0.01341 0.43662
0.07983 -0.01954 0.42209
0.05418 -0.02137 0.42368
0.04669 -0.01895 0.41408
0.03854 0.00316 0.43001
0.03078 0.00760 0.43691
0.05888 -0.00645 0.46023
0.04537 -0.00066 0.47775
0.05034 -0.00068 0.48402
0.03592 -0.00971 0.51125
0.05439 -0.01550 0.52075
0.04114 -0.01197 0.53964
-0.01692 0.00696 0.56134
0.01728 -0.00201 0.57642
0.01779 -0.00077 0.59473
0.01072 0.00696 0.61067
-0.00096 0.00454 0.62870
-0.00280 0.00922 0.64157
-0.00690 -0.01181 0.65710
-0.00166 -0.00969 0.67071
-0.02186 -0.00568 0.68567
-0.01740 -0.00286 0.70104
-0.01514 -0.00730 0.71678
-0.01239 -0.02851 0.72395
-0.02486 -0.03640 0.73698
-0.00814 -0.01986 0.74644
-0.00550 -0.00187 0.76284
-0.00215 -0.00236 0.77575
-0.00072 -0.01209 0.77922
0.00530 -0.02299 0.77713
0.00222 -0.01783 0.76909
-0.01266 -0.02114 0.76992
-0.00192 -0.00525 0.77340
-0.00019 -0.01734 0.77249
0.00195 -0.01956 0.77297
0.00784 -0.03902 0.76395
-0.00074 -0.02802 0.76211
0.00174 -0.02818 0.76162
0.00069 -0.02047 0.75856
-0.00081 -0.00745 0.76934
-0.00485 -0.00186 0.76168
-0.00550 -0.00361 0.76122
-0.00615 -0.01148 0.75455
-0.00181 -0.01844 0.74996
-0.00780 -0.02318 0.75324
-0.01187 -0.02026 0.75410
-0.01394 -0.01136 0.75679
-0.03106 -0.02492 0.76327
-0.01501 -0.01570 0.76831
-0.01562 -0.01969 0.77160
-0.02898 -0.01214 0.77736
-0.02161 -0.00634 0.78610
-0.05957 -0.02531 0.78564
-0.05525 -0.03060 0.79625
-0.02828 -0.03759 0.79548
-0.03222 -0.01641 0.79965
-0.03139 -0.03103 0.81206
-0.03199 -0.00964 0.82069
-0.03117 -0.01715 0.83231
-0.02714 -0.00538 0.83804
-0.02119 -0.00161 0.84631
-0.01428 -0.00283 0.85348
-0.01604 -0.01532 0.85699
-0.00884 -0.01877 0.86284
-0.00668 -0.02538 0.86326
-0.00286 -0.03059 0.86587
0.01038 -0.02837 0.87040
-0.01080 -0.02658 0.87234
-0.00466 -0.00764 0.87944
0.00101 -0.01836 0.87936
-0.02607 -0.03276 0.87458
-0.02658 -0.05587 0.86771
-0.04203 -0.04920 0.85865
-0.05754 -0.05424 0.85791
-0.01521 -0.01950 0.85503
-0.01554 -0.02145 0.85579
-0.00634 0.01244 0.85391
-0.02022 -0.03813 0.85783
-0.02704 -0.02730 0.85294
-0.03619 -0.02026 0.83654
-0.03234 -0.03178 0.83047
-0.03361 -0.02693 0.83119
-0.03515 -0.02875 0.82553
-0.02585 -0.02797 0.82089
-0.04519 -0.03226 0.81575
-0.03697 -0.03234 0.81091
-0.06546 -0.03538 0.81006
-0.05367 -0.01291 0.81034
-0.03181 -0.00889 0.81080
-0.01894 -0.02225 0.80886
-0.02313 -0.01339 0.80125
-0.01902 -0.01918 0.79429
-0.01690 -0.01573 0.79653
-0.00814 -0.02295 0.78749
-0.02613 -0.02359 0.78030
-0.02294 -0.02553 0.77640
-0.00858 -0.03026 0.77130
-0.02230 -0.02857 0.77266
-0.02354 0.00409 0.77087
-0.02385 -0.01099 0.76993
-0.02704 -0.01753 0.76330
-0.04502 -0.04415 0.75327
-0.02619 -0.01399 0.75093
-0.02174 -0.01557 0.75271
-0.01693 -0.01723 0.75660
-0.01989 0.01393 0.75560
-0.03592 -0.00807 0.75844
-0.01255 -0.01529 0.75206
-0.03221 -0.04122 0.73826
-0.01735 -0.01134 0.73219
-0.00717 -0.02457 0.73715
-0.00470 0.01873 0.75124
-0.02156 -0.01291 0.75623
-0.03399 -0.00224 0.75544
-0.01127 -0.03141 0.74676
-0.01026 -0.02645 0.74544
-0.04261 -0.04812 0.74414
-0.01147 -0.01576 0.74675
-0.02492 -0.02102 0.75205
-0.02245 -0.00478 0.75550
-0.03731 -0.00661 0.75112
0.00461 0.01023 0.76051
-0.01892 -0.00031 0.76425
-0.03917 -0.03068 0.76391
-0.04249 -0.03385 0.75679
-0.02919 -0.01035 0.75216
-0.01830 -0.02874 0.75454
-0.02749 -0.01082 0.76269
-0.04493 -0.00524 0.77304
-0.03172 -0.00854 0.77370
-0.02757 -0.04102 0.77101
-0.04401 -0.03190 0.76261
-0.03635 -0.01627 0.76445
-0.03367 -0.01188 0.76750
-0.03950 -0.00426 0.77549
-0.03346 -0.00767 0.77156
-0.03193 -0.01915 0.76761
-0.03733 -0.02425 0.76346
-0.02691 -0.02784 0.76096
-0.02991 -0.02196 0.75955
-0.03243 -0.01677 0.75853
-0.03575 -0.03336 0.75252
-0.03344 -0.03639 0.74259
-0.03449 -0.03646 0.73869
-0.01626 -0.01992 0.73425
-0.01299 0.00576 0.74224
-0.00847 -0.02169 0.73648
-0.03623 -0.01822 0.72832
-0.03687 -0.01728 0.71063
-0.04417 -0.02136 0.69382
-0.01681 -0.03233 0.67460
-0.02076 -0.03804 0.65969
-0.01652 -0.02258 0.64629
-0.01572 -0.01393 0.62665
-0.02328 -0.01275 0.60935
-0.02021 -0.01019 0.58872
-0.04296 -0.01292 0.56102
-0.00947 -0.01820 0.53893
-0.01097 -0.01316 0.51410
-0.07627 -0.04069 0.48613
-0.03595 -0.02352 0.46923
-0.03096 -0.01583 0.45030
-0.02801 0.00332 0.43571
-0.02037 0.00163 0.41532
-0.02152 -0.00074 0.39794
-0.02850 0.01123 0.37889
-0.06977 0.02115 0.35518
-0.02376 0.00519 0.33900
-0.00940 -0.00255 0.31706
-0.01266 0.00123 0.30177
-0.00869 -0.00418 0.28463
-0.01019 -0.00426 0.27015
-0.02377 -0.01068 0.25263
-0.03277 -0.02678 0.23931
-0.05011 -0.01618 0.22202
-0.04691 -0.01872 0.20882
-0.03822 -0.01049 0.21036
-0.06263 -0.00887 0.20766
-0.03348 0.00104 0.21080
-0.03939 0.01175 0.21578
-0.04223 0.01320 0.21404
-0.06818 0.01214 0.20140
-0.06088 0.01297 0.21037
-0.06029 0.01272 0.20409
-0.07020 0.00246 0.20528
-0.05879 -0.00390 0.20845
-0.00418 -0.00176 0.21073
-0.01284 -0.00641 0.21654
-0.01644 -0.00840 0.21876
-0.03356 -0.01750 0.21958
-0.10280 -0.00799 0.22946
-0.03988 -0.00833 0.25629
-0.04973 -0.00464 0.28504
-0.06279 -0.00689 0.29691
-0.06163 -0.00151 0.29982
-0.06695 -0.00989 0.32731
-0.05621 0.00140 0.34625
-0.08150 0.01571 0.33422
-0.05814 0.00808 0.36981
-0.05915 0.00489 0.36465
-0.06629 -0.00566 0.39208
-0.00551 0.00794 0.41011
-0.05417 0.00477 0.40533
-0.05179 0.00298 0.43418
-0.03456 0.00454 0.45058
-0.04723 -0.00360 0.46349
-0.03574 0.00558 0.48879
-0.07355 -0.00969 0.49624
-0.06024 -0.00658 0.52190
-0.03081 -0.00435 0.54784
-0.04394 -0.01201 0.56104
-0.06441 -0.01550 0.58267
-0.04376 -0.01930 0.59699
-0.00625 -0.00256 0.62167
-0.02934 -0.00873 0.63856
-0.02761 -0.00555 0.65867
-0.01991 -0.00548 0.67603
-0.03179 -0.01283 0.69060
-0.02282 -0.00743 0.70669
-0.03161 -0.01119 0.72182
-0.02877 -0.00705 0.74059
-0.02577 -0.00703 0.75174
-0.02120 -0.01082 0.77290
-0.02360 -0.02101 0.78453
-0.02247 -0.02148 0.80236
-0.01951 -0.01658 0.81919
-0.01420 -0.00864 0.83567
-0.01628 0.00098 0.84551
-0.02499 -0.00405 0.86169
-0.02570 -0.02371 0.86678
-0.02099 -0.03084 0.88062
-0.02143 -0.01577 0.89392
-0.01741 -0.01519 0.90997
-0.02755 -0.02716 0.92274
-0.02594 -0.02585 0.93080
-0.02704 -0.02789 0.94173
-0.02011 -0.02017 0.95238
-0.02175 -0.01728 0.96710
-0.01080 -0.00403 0.97846
-0.02321 -0.00589 0.98681
-0.02011 -0.00845 0.98437
-0.01631 -0.01211 0.98934
-0.01823 -0.01959 0.98775
-0.01890 -0.02052 0.98889
-0.01882 -0.01725 0.98831
-0.02115 -0.01830 0.99087
-0.02301 -0.00857 0.99815
-0.02484 -0.00649 0.99133
-0.01804 -0.03455 0.99324
-0.02690 -0.02245 0.99866
-0.02981 -0.02628 0.98918
-0.03046 -0.01520 0.99675
-0.02432 -0.02569 0.98999
-0.01458 -0.02728 0.99100
-0.00864 -0.02686 0.98645
-0.01533 -0.01861 0.99388
-0.02617 -0.02330 0.99476
-0.00819 -0.02355 0.99049
-0.00947 -0.02795 0.98698
-0.01039 -0.02609 0.98607
0.00063 -0.02063 0.98988
-0.00772 -0.01727 0.99346
-0.00473 -0.01056 0.99068
-0.00756 -0.00971 0.99581
-0.01613 -0.02752 0.98597
-0.01822 -0.03289 0.98169
-0.01774 -0.03167 0.98091
-0.01527 -0.01989 0.98375
-0.02056 -0.00758 0.98732
-0.01580 -0.02103 0.98103
-0.01936 -0.02687 0.97586
-0.01962 -0.03350 0.97412
-0.01369 -0.01020 0.97406
-0.01165 -0.00760 0.97416
-0.01451 -0.01708 0.97048
-0.01889 -0.01852 0.96896
-0.01882 -0.03396 0.95921
-0.01677 -0.02962 0.95154
-0.01041 -0.02783 0.95171
-0.00408 -0.03124 0.94928
-0.00959 -0.02634 0.94866
-0.00750 -0.02023 0.94583
-0.00741 -0.01500 0.94378
-0.01643 -0.02376 0.94088
-0.01528 -0.02502 0.93692
-0.01749 -0.03139 0.93558
-0.01076 -0.02646 0.93411
-0.01130 -0.01848 0.93182
-0.01013 -0.02815 0.92796
-0.01077 -0.03544 0.92338
-0.00981 -0.03579 0.91747
-0.00159 -0.02831 0.90954
-0.00518 -0.01750 0.90005
-0.00742 -0.01311 0.88934
-0.01328 -0.02839 0.88116
-0.00494 -0.02742 0.86423
-0.01249 -0.01818 0.85408
-0.00932 -0.01708 0.84001
-0.01032 -0.01568 0.82682
-0.01444 -0.02527 0.81799
-0.00803 -0.00771 0.80689
-0.00895 -0.00982 0.79842
-0.01078 -0.00757 0.78854
-0.00974 -0.01450 0.77364
-0.02188 -0.01315 0.75754
-0.02185 -0.01776 0.74276
-0.01910 -0.02037 0.72662
-0.01981 -0.01583 0.71849
-0.02991 -0.01712 0.69291
-0.03473 -0.02845 0.68438
-0.02492 -0.01981 0.67130
-0.03146 -0.01718 0.66006
-0.01543 -0.01709 0.64742
-0.01096 -0.01765 0.63742
-0.00613 -0.01499 0.62658
-0.01217 -0.01065 0.61835
0.01702 -0.03998 0.60976
-0.04078 -0.00854 0.59899
-0.04824 -0.00540 0.59014
-0.04403 -0.00779 0.57230
-0.03506 -0.00499 0.56388
-0.04938 -0.01577 0.55334
-0.04533 -0.01505 0.54065
-0.04211 -0.00023 0.53525
-0.05535 -0.01102 0.52123
-0.06121 -0.02615 0.50527
-0.10333 -0.02367 0.49272
-0.09235 -0.02216 0.48761
-0.09426 -0.02634 0.48214
-0.08577 -0.01306 0.47971
-0.06384 -0.00319 0.48399
-0.08361 0.00744 0.47648
-0.10117 -0.00606 0.47115
-0.10387 -0.00426 0.47736
-0.09476 -0.00508 0.46405
-0.06832 -0.00607 0.45942
-0.02631 -0.00815 0.46919
-0.06690 -0.01017 0.45192
-0.08237 -0.00991 0.45830
-0.07185 -0.01261 0.44204
-0.07143 0.00022 0.43729
-0.03892 0.00730 0.45597
-0.05842 -0.00246 0.44744
-0.04216 -0.00171 0.47150
-0.05090 0.00230 0.46597
-0.03335 0.00203 0.47084
-0.01775 0.00007 0.47726
-0.02942 -0.00633 0.47410
-0.03290 -0.00788 0.48349
-0.03482 -0.01476 0.48539
-0.00888 -0.00954 0.49460
-0.01681 -0.01546 0.50089
-0.02683 -0.01631 0.50891
-0.02799 -0.02115 0.51657
-0.02509 -0.01248 0.52586
-0.02667 -0.01160 0.53798
-0.02369 -0.01016 0.54822
-0.02526 -0.02612 0.55983
-0.01938 -0.01524 0.57117
-0.02136 -0.00823 0.59233
-0.01521 -0.00003 0.60133
-0.00674 -0.00587 0.61885
-0.00431 -0.02369 0.63246
-0.00427 -0.02711 0.64605
-0.00508 -0.01977 0.65688
-0.00434 -0.00531 0.67554
-0.00584 -0.00685 0.69875
-0.00623 -0.00031 0.71433
-0.01270 0.00081 0.73080
-0.01682 -0.01100 0.74731
-0.01293 0.00105 0.76182
-0.00121 0.00522 0.78566
-0.00830 0.00327 0.80184
-0.00581 -0.01602 0.81554
-0.01551 -0.03326 0.82569
-0.01125 -0.02155 0.83518
-0.02926 -0.00269 0.85527
-0.00817 -0.00947 0.86907
-0.01072 -0.01252 0.87744
-0.01075 -0.03170 0.88503
-0.00500 -0.02980 0.89724
-0.01805 -0.03848 0.90521
-0.02063 -0.03249 0.91517
-0.00863 -0.02226 0.92650
0.00681 -0.00294 0.93747
0.00893 0.00436 0.93978
-0.00451 -0.00586 0.94029
-0.00788 -0.00822 0.93462
-0.01899 -0.01134 0.93104
-0.00228 -0.00680 0.93248
-0.00307 -0.00553 0.93776
-0.00866 -0.02141 0.93371
-0.00840 -0.03495 0.92459
-0.00714 -0.03179 0.91730
-0.00233 -0.02122 0.90949
-0.00220 -0.02790 0.92147
-0.00155 -0.01003 0.91560
0.00094 -0.00722 0.91617
-0.00526 -0.02119 0.91871
0.01432 -0.02253 0.89535
0.01433 -0.02591 0.90363
-0.00289 -0.02098 0.89887
-0.00648 -0.02791 0.89030
-0.01163 -0.00794 0.88680
-0.02959 -0.00144 0.88177
0.02158 -0.01724 0.88217
0.04637 -0.01530 0.87192
0.04132 -0.02678 0.87061
0.04244 -0.02308 0.86573
0.02388 -0.03311 0.86510
0.02577 -0.03521 0.86391
0.03596 -0.05759 0.84694
0.04474 -0.01924 0.84605
0.01443 -0.03694 0.84435
0.01585 -0.02644 0.85530
0.02684 -0.02478 0.85429
0.02213 -0.04150 0.85529
0.02356 -0.02525 0.86081
0.00724 -0.00003 0.86775
0.00863 -0.00486 0.88265
0.01345 -0.01707 0.88439
0.01327 -0.02089 0.88946
-0.00924 -0.04161 0.89033
0.00982 -0.03176 0.90388
0.01283 0.00607 0.92702
0.04199 -0.02210 0.93295
0.03303 -0.01425 0.94744
-0.00329 -0.02130 0.94820
-0.01028 -0.02305 0.95459
-0.00223 -0.03335 0.96209
-0.00253 -0.01826 0.98017
-0.00748 -0.01596 0.99633
-0.02389 -0.00654 1.00453
-0.01501 -0.01870 1.01120
-0.02332 -0.01432 1.02670
-0.01815 -0.02891 1.02652
-0.01515 -0.03074 1.03737
-0.01447 -0.03315 1.04039
-0.00764 -0.02621 1.04857
-0.00133 -0.02060 1.05503
-0.00100 -0.02467 1.05691
-0.00037 -0.02385 1.05844
-0.01105 -0.02712 1.05748
-0.01285 -0.00414 1.05992
-0.01975 -0.01081 1.05978
0.01205 -0.02190 1.05598
0.05026 -0.04458 1.04780
-0.00210 -0.04069 1.04611
-0.02035 -0.02950 1.04599
0.00120 -0.01920 1.04383
-0.00330 -0.01313 1.04571
-0.00831 -0.01262 1.04745
-0.00757 -0.02837 1.02758
-0.00402 -0.02881 1.03160
0.02525 -0.03342 1.02854
0.00747 -0.01400 1.02783
-0.00721 -0.03298 1.02371
0.00108 -0.02722 1.02093
-0.00099 -0.02221 1.01638
-0.02377 -0.03017 1.01131
-0.02113 -0.02755 1.01182
-0.00909 -0.02369 1.00272
-0.01135 -0.02339 1.00668
-0.02157 -0.02349 0.99921
-0.02543 -0.03477 0.99394
-0.02757 -0.03829 0.99042
-0.02256 -0.03711 0.98991
-0.03560 -0.01476 0.98725
-0.06719 -0.03217 0.98215
-0.00962 -0.02270 0.98241
-0.02845 -0.01381 0.97556
-0.03830 -0.02601 0.96965
-0.01491 -0.02958 0.97101
-0.03843 -0.03688 0.96638
-0.02894 -0.03939 0.96081
-0.01301 -0.03354 0.95959
-0.04276 -0.03177 0.95282
-0.06543 -0.03894 0.94856
-0.05705 -0.03207 0.94340
-0.01437 -0.01059 0.93983
0.00305 -0.01044 0.93296
0.00082 -0.00884 0.92241
-0.00394 -0.02322 0.91562
-0.01502 -0.02421 0.89532
-0.03439 -0.03100 0.88210
-0.00155 -0.01894 0.86805
-0.00586 -0.02221 0.85270
0.00853 -0.01866 0.83289
0.03645 -0.02127 0.81064
0.02218 -0.00713 0.78812
0.00481 -0.02032 0.76431
-0.00024 -0.02294 0.73852
0.01551 -0.01154 0.71406
0.03744 -0.01604 0.68492
0.02654 -0.02510 0.65820
0.02292 -0.01714 0.63284
0.00498 -0.02491 0.60622
0.01443 -0.01934 0.57863
0.02450 -0.00934 0.55602
0.02630 -0.00553 0.52439
-0.01535 -0.01910 0.49533
-0.01157 -0.02339 0.46287
-0.39608 0.01027 0.18307
-0.37437 0.01445 0.14480
-0.32607 0.00909 0.17493
-0.31939 0.01403 0.10968
-0.29421 -0.00065 0.09093
-0.04605 0.00243 0.26248
-0.18423 0.01814 0.16073
-0.03134 -0.00103 0.22317
-0.02430 -0.00810 0.20017
-0.00632 -0.02160 0.19583
-0.01876 -0.01909 0.18730
-0.01396 -0.00888 0.18465
-0.01841 -0.00340 0.17590
-0.02075 -0.01084 0.16423
-0.01711 -0.01341 0.14942
-0.01975 -0.01051 0.13902
-0.12034 0.00879 0.05572
-0.02999 -0.00278 0.12267
-0.04066 -0.00524 0.11253
-0.00860 -0.00830 0.11230
-0.02727 -0.00822 0.10181
-0.02270 -0.00129 0.09127
-0.01873 -0.00279 0.07573
-0.02374 -0.00389 0.05851
-0.01927 -0.00358 0.04481
-0.01167 -0.00084 0.03536
-0.00811 -0.00145 0.02528
-0.01333 -0.00335 0.01040
-0.00116 0.00015 0.00938
-0.00234 0.00200 -0.00533
-0.00160 -0.00258 -0.00693
-0.00031 -0.00199 0.00043
0.00054 -0.00118 0.00415
0.00483 0.00081 0.00374
0.00379 0.00026 0.00183
0.00411 -0.00001 0.00253
0.00475 0.00027 0.00284
0.00423 0.00052 0.00304
0.00237 0.00059 0.00616
0.00076 -0.00013 0.00459
0.00049 -0.00008 0.00528
0.00100 0.00028 0.00220
-0.00014 -0.00084 0.00892
-0.00172 -0.00044 0.00524
0.00136 -0.00009 0.00689
0.00306 0.00240 0.00215
0.00098 0.00019 0.00601
-0.00083 0.00006 -0.00397
0.00483 0.00183 0.00310
-0.00499 -0.00081 -0.00207
-0.00705 -0.00024 -0.00282
-0.00771 0.00023 0.00340
-0.00043 0.00009 -0.00704
-0.00207 -0.00011 -0.00434
-0.00085 0.00009 -0.00447
0.00014 0.00028 -0.00545
-0.00142 -0.00010 -0.00387
-0.00199 0.00022 -0.00213
-0.00139 -0.00005 -0.00104
0.00172 0.00004 0.00136
0.00097 -0.00018 -0.00143
-0.00203 0.00015 0.00377
0.00257 0.00013 0.00122
-0.00179 0.00020 0.00235
0.00015 0.00008 -0.00229
-0.00001 0.00032 0.00529
-0.00372 0.00001 0.00137
0.00200 0.00018 0.00117
0.00064 0.00001 -0.00032
-0.00043 -0.00004 -0.00044
0.00083 -0.00000 -0.00043
0.00138 -0.00001 -0.00063
-0.00566 0.00007 0.00297
-0.00376 0.00016 0.00293
-0.00310 -0.00020 -0.00121
-0.00069 -0.00013 -0.00138
0.00327 0.00008 -0.00136
0.00137 0.00008 0.00087
0.00077 0.00001 -0.00058
-0.00042 0.00012 -0.00241
0.01555 -0.00050 0.04957
-0.00446 -0.00212 0.03501
0.02807 -0.00152 -0.01452
0.02949 -0.00097 0.01790
0.02710 -0.00084 -0.01020
-0.03164 0.00211 0.01797
-0.01405 0.00170 0.02995
-0.03009 0.00767 0.02191
-0.02109 0.00317 0.02826
0.03638 0.00288 0.01949
-0.03518 0.00467 0.02391
-0.00164 -0.00200 0.04805
0.00789 -0.00097 0.04984
0.01030 -0.00046 0.05341
0.00078 -0.00416 0.06119
-0.00785 -0.01010 0.06967
-0.00679 -0.01047 0.08572
0.00044 -0.00572 0.10634
0.00303 0.00432 0.11801
0.00416 0.00570 0.13647
-0.00374 0.00582 0.15206
-0.02376 0.00320 0.16324
-0.02100 0.00646 0.17924
-0.01152 0.00952 0.18886
-0.01101 0.00481 0.19901
-0.04503 0.01316 0.20567
-0.00977 0.01145 0.22000
-0.01939 0.00371 0.23030
-0.04628 -0.01104 0.23907
-0.06025 -0.01017 0.25802
-0.07671 -0.01263 0.27743
-0.06914 -0.00884 0.31114
-0.07692 -0.00858 0.33216
-0.07286 -0.01266 0.35911
-0.06967 -0.00119 0.39673
-0.08414 0.00727 0.41702
-0.01630 0.00550 0.45554
-0.08307 0.01315 0.48397
-0.09631 0.01287 0.49900
-0.08509 0.01367 0.53642
-0.08386 0.01072 0.54363
-0.07249 0.00769 0.56751
-0.08727 -0.00128 0.60288
-0.08967 -0.00555 0.60906
-0.08211 -0.00207 0.64825
-0.05726 -0.00935 0.65825
-0.05431 -0.01020 0.68481
-0.05550 -0.01439 0.71625
-0.04649 -0.02420 0.73409
-0.03816 -0.01868 0.76468
-0.00992 -0.01140 0.79021
-0.02070 -0.01273 0.81268
-0.02037 -0.02061 0.83259
-0.01377 -0.02499 0.85202
-0.02281 -0.01802 0.87460
-0.01982 -0.00649 0.90080
-0.02781 -0.00820 0.92106
-0.03846 -0.02097 0.94232
-0.02371 -0.01561 0.96535
-0.01674 -0.00488 0.98933
-0.02051 -0.01124 1.01467
-0.02847 -0.01545 1.03794
-0.01843 -0.01017 1.05554
-0.01876 -0.01473 1.07680
-0.03709 -0.01713 1.09475
-0.02929 -0.01444 1.11281
-0.01962 0.00447 1.12595
-0.02693 0.00366 1.14384
-0.01326 -0.01649 1.16006
-0.03072 -0.03302 1.17219
-0.02909 -0.04680 1.18541
-0.01905 -0.02189 1.20012
-0.00526 -0.01601 1.20621
-0.01067 -0.01781 1.21082
-0.00937 -0.01889 1.20444
-0.01718 -0.02589 1.19868
-0.00155 -0.02619 1.19781
-0.03546 -0.05650 1.19045
-0.00835 -0.03987 1.19118
-0.02236 -0.02988 1.19210
0.00581 -0.01658 1.19287
-0.00651 -0.02359 1.19113
-0.04545 -0.05130 1.18527
-0.01579 -0.03545 1.18042
-0.02279 -0.03540 1.17754
-0.01011 -0.00814 1.17775
-0.02085 -0.00559 1.17697
-0.02242 -0.02540 1.17366
0.00790 -0.03135 1.16678
-0.03240 -0.04743 1.16007
-0.00337 -0.02845 1.15891
-0.01011 -0.01305 1.15729
-0.01080 -0.01713 1.15620
-0.02235 -0.04338 1.15139
-0.03472 -0.04009 1.14569
-0.02706 -0.03259 1.14008
-0.04427 -0.02324 1.13606
-0.03212 -0.02042 1.14006
-0.04993 -0.03055 1.13250
-0.03402 -0.03064 1.13109
-0.03408 -0.03588 1.12431
-0.03780 -0.04000 1.11957
-0.02894 -0.02843 1.12467
-0.00048 -0.02537 1.11869
0.00036 -0.02181 1.11589
-0.01472 -0.02354 1.11239
-0.00429 -0.03345 1.11125
0.00282 -0.01102 1.10658
-0.01012 -0.03075 1.10308
-0.00851 -0.03593 1.09897
-0.00982 -0.02792 1.09817
0.01151 -0.02411 1.09902
-0.00472 -0.03839 1.10294
-0.01023 -0.03702 1.09974
-0.00227 -0.03243 1.10502
-0.00653 -0.01973 1.08739
-0.00193 -0.02168 1.09847
-0.00790 -0.02003 1.09607
-0.01479 -0.03112 1.07960
-0.01264 -0.03803 1.07511
-0.01827 -0.04651 1.06662
-0.01653 -0.04623 1.08024
-0.01198 -0.04359 1.07518
-0.01948 -0.03361 1.07935
-0.01093 -0.01777 1.07819
-0.00334 -0.01415 1.07644
-0.00544 -0.01969 1.06728
-0.03772 -0.02908 1.05131
-0.01666 -0.03309 1.05215
-0.03018 -0.04593 1.05094
-0.01787 -0.03113 1.04668
-0.02071 -0.04088 1.05004
-0.02475 -0.03836 1.06230
-0.03588 -0.04423 1.06060
-0.01078 0.00777 1.06796
-0.02106 -0.03128 1.06348
-0.02548 -0.02186 1.06589
-0.00849 -0.04486 1.05601
-0.02360 -0.04198 1.05729
-0.01765 -0.03855 1.05213
-0.01973 -0.03448 1.05057
-0.01480 -0.03282 1.04329
-0.02060 -0.03636 1.03742
-0.00783 -0.03488 1.03611
-0.00340 -0.02586 1.02807
0.00127 -0.01896 1.03460
0.00845 -0.01658 1.03163
0.00072 -0.02588 1.02590
-0.02026 -0.04077 1.01868
-0.02616 -0.03854 1.01127
-0.00230 -0.01362 1.01495
-0.00432 -0.01371 1.01386
-0.00901 -0.01473 1.00702
-0.00850 -0.03072 1.00493
-0.00642 -0.02000 0.99722
-0.00128 -0.01968 0.99415
-0.01051 -0.01915 0.97934
-0.00348 -0.02360 0.95771
-0.00273 -0.02616 0.93990
-0.01134 -0.01545 0.92461
-0.00873 -0.02203 0.90513
-0.01691 -0.01792 0.88405
-0.01200 -0.02768 0.85857
-0.01734 -0.02438 0.84168
-0.01160 -0.01306 0.81788
-0.02390 -0.02813 0.79920
-0.02505 -0.03515 0.78394
-0.05740 -0.04744 0.75755
-0.01419 -0.02955 0.73968
0.00179 -0.03081 0.71658
-0.00171 -0.02521 0.69763
-0.00695 -0.02406 0.67053
0.00092 -0.01014 0.65318
0.01463 -0.00113 0.62312
0.00014 -0.01814 0.60610
-0.00319 -0.03467 0.61363
-0.01821 -0.02305 0.55112
0.00248 -0.00629 0.58041
-0.00707 -0.00824 0.54011
-0.02811 -0.01617 0.54028
-0.02130 -0.01523 0.52962
-0.00714 -0.02903 0.52165
-0.02835 -0.03143 0.51066
-0.02291 -0.01234 0.50803
-0.01638 0.00758 0.50973
0.08038 0.02031 0.49451
-0.00793 -0.00487 0.49565
-0.04657 -0.01737 0.49313
-0.06293 -0.01705 0.47987
-0.05357 -0.01815 0.47676
-0.05213 -0.01086 0.48026
-0.07223 -0.00552 0.46881
-0.08069 -0.00571 0.47004
-0.06822 -0.00311 0.46445
-0.07514 0.00807 0.46677
-0.02933 0.00247 0.48272
-0.08006 -0.01225 0.47069
-0.08352 -0.01370 0.48150
-0.05836 -0.01346 0.47291
-0.09090 -0.02606 0.46717
-0.04601 -0.01857 0.48497
-0.05308 -0.01626 0.48362
-0.04995 -0.01210 0.49553
-0.05578 -0.00998 0.49429
-0.06243 -0.01474 0.50431
-0.03632 -0.00681 0.51599
-0.03125 -0.00563 0.52213
-0.02127 -0.01057 0.53050
-0.01977 -0.01347 0.54108
-0.01658 -0.01158 0.55553
-0.00255 -0.01145 0.57345
-0.02767 -0.00549 0.58649
-0.01002 -0.00500 0.60494
-0.01950 -0.00065 0.62143
-0.00511 -0.01038 0.63802
-0.02994 -0.01817 0.65357
-0.02474 -0.01674 0.66889
-0.01427 -0.01604 0.68690
-0.02271 -0.01696 0.70656
-0.02349 -0.00971 0.71670
-0.02103 -0.00384 0.73369
-0.02501 -0.00639 0.74815
-0.02429 0.00036 0.75800
-0.02628 -0.00662 0.76209
-0.02082 -0.01021 0.76506
-0.03808 -0.01100 0.76479
-0.04208 -0.00783 0.76183
-0.06290 -0.01018 0.76460
-0.02675 -0.01791 0.76639
-0.02339 -0.02608 0.76788
-0.03258 -0.02027 0.76657
-0.02250 -0.02122 0.76838
-0.02556 -0.02402 0.76626
-0.01586 -0.01907 0.76883
-0.02430 -0.01486 0.76598
-0.02974 -0.01146 0.76475
-0.02342 -0.01415 0.76463
-0.01964 -0.01248 0.76066
-0.02403 -0.01264 0.75957
-0.02016 -0.01354 0.75541
-0.00576 -0.02251 0.75288
-0.02886 -0.02383 0.75000
-0.01622 -0.02076 0.74510
0.00299 -0.02695 0.74113
-0.00860 -0.02291 0.73153
0.02311 -0.02839 0.72177
0.00765 -0.01946 0.71295
-0.00659 -0.00592 0.70292
0.01949 -0.03844 0.68805
0.01323 -0.03876 0.67519
-0.00448 -0.02578 0.66496
0.00651 -0.01520 0.65864
0.00615 -0.02550 0.65293
0.00090 -0.02509 0.64885
-0.00426 -0.02075 0.64555
0.00208 -0.01767 0.63809
-0.00450 -0.02092 0.63368
-0.00777 -0.02312 0.62841
-0.00042 -0.01436 0.62525
-0.01041 -0.00674 0.62004
-0.02080 -0.01398 0.61610
-0.01678 -0.01864 0.61107
-0.02845 -0.01641 0.60958
-0.04122 -0.01591 0.60545
-0.03983 -0.02187 0.60385
-0.02850 -0.01859 0.60228
-0.02161 -0.00980 0.59900
-0.02145 -0.02241 0.59738
-0.03104 -0.01826 0.59487
-0.01420 -0.01830 0.59361
-0.02187 -0.01020 0.58747
-0.00944 -0.00985 0.58510
-0.01435 -0.01689 0.57985
-0.03454 -0.01240 0.57255
-0.02747 -0.01420 0.56203
-0.01170 -0.01468 0.55464
-0.01137 -0.01415 0.54360
-0.00946 -0.01726 0.53159
-0.01372 -0.01050 0.52127
0.00122 -0.01634 0.50929
-0.01114 -0.01179 0.49652
0.00122 -0.02288 0.48447
-0.00301 -0.01671 0.47553
-0.01305 -0.01173 0.46194
-0.01093 -0.01106 0.45311
-0.01962 -0.00669 0.43804
0.00030 -0.01254 0.42220
-0.00949 -0.00476 0.42207
0.00085 0.00030 0.37114
-0.01378 -0.00879 0.36929
-0.01363 -0.01164 0.34210
0.00088 -0.01132 0.32134
-0.01331 -0.00848 0.30437
-0.00157 -0.00538 0.28707
0.00197 -0.01386 0.27564
-0.00834 -0.01235 0.26890
0.00130 -0.01067 0.26059
-0.00520 -0.00876 0.25920
-0.00227 -0.00834 0.25809
-0.00493 -0.00260 0.25642
0.00138 -0.00121 0.25333
-0.00482 -0.00378 0.25271
-0.00751 -0.00637 0.25110
-0.00461 -0.00630 0.24719
-0.01042 -0.00570 0.24854
-0.02429 -0.01015 0.24583
-0.01546 -0.00976 0.24573
-0.02299 -0.00602 0.24399
-0.02037 -0.00738 0.24258
-0.02109 -0.00666 0.24037
-0.02483 -0.00514 0.24072
-0.02619 -0.00588 0.23574
-0.02240 -0.01021 0.23428
-0.01868 -0.00704 0.23728
-0.03307 -0.00977 0.23294
-0.02364 -0.00231 0.23433
-0.04660 -0.00995 0.22806
-0.00836 -0.00772 0.23093
0.00097 -0.00831 0.23012
0.00422 -0.00330 0.22872
0.03283 -0.01375 0.22490
0.00543 -0.00213 0.23097
0.02735 -0.01380 0.22519
0.01194 -0.01105 0.22503
0.00350 -0.01001 0.22425
0.01742 -0.00554 0.22421
0.01865 -0.00780 0.22309
0.01737 -0.00741 0.22320
0.03738 -0.01914 0.22381
0.03433 -0.02060 0.23233
0.00433 -0.00651 0.24718
0.01946 -0.00830 0.25835
0.01377 -0.00651 0.27029
0.00701 -0.00285 0.28165
0.02471 -0.00756 0.29193
-0.00129 0.00003 0.30175
-0.00236 -0.00209 0.30923
0.00452 -0.00189 0.31701
0.01057 -0.00194 0.32456
0.01392 0.00244 0.33410
0.02105 0.00120 0.34020
0.00787 -0.01764 0.34896
0.00027 -0.01974 0.35571
-0.01090 -0.01712 0.36500
0.00967 -0.01845 0.37588
-0.00091 0.00114 0.38758
0.01435 -0.00129 0.40118
-0.00515 -0.01296 0.41106
-0.02158 -0.00552 0.40458
0.01949 -0.03697 0.39867
-0.01959 -0.02960 0.39006
-0.01703 -0.01364 0.38710
-0.06360 -0.02340 0.37587
-0.06264 -0.01981 0.37314
-0.03871 -0.00029 0.37357
-0.03227 0.00887 0.37212
-0.05426 0.00786 0.36968
-0.07956 0.00226 0.36159
-0.04328 0.00341 0.35976
-0.04746 0.00731 0.35281
-0.04580 0.00390 0.35031
-0.01488 0.00039 0.35197
-0.02349 -0.00356 0.34902
-0.01824 -0.00157 0.34755
-0.02347 0.00074 0.34302
0.01349 -0.00792 0.33832
0.02083 -0.01507 0.33314
0.02093 -0.01224 0.30918
0.01028 -0.00170 0.27549
0.01374 -0.00364 0.23435
0.01673 -0.01344 0.19748
0.00850 -0.00747 0.16106
0.01288 -0.01015 0.12537
0.02299 -0.01141 0.08962
0.01391 -0.00479 0.05534
0.00174 -0.00275 0.02579
-0.00086 0.00027 0.00065
0.00035 -0.00497 -0.01754
-0.00096 -0.00960 0.00139
-0.00124 -0.00354 0.00179
0.00075 0.00478 -0.00054
0.00033 0.00441 0.00143
0.00032 0.00003 0.00149
