0.01667 1.27203 0.72883
0.00900 0.68478 0.39235
0.01428 1.08450 0.62138
0.00834 0.63184 0.36202
0.00544 0.41161 0.23584
0.00341 0.25666 0.14706
0.01450 1.09035 0.62473
0.00267 0.20062 0.11495
0.02028 1.51947 0.87060
0.02465 1.84259 1.05574
0.02358 1.76133 1.00918
0.02968 2.19805 1.25942
0.02611 1.93163 1.10676
0.01780 1.31623 0.75415
0.03489 2.58049 1.47855
0.01804 1.33178 0.76306
0.00758 0.55556 0.31831
0.03298 2.41306 1.38262
0.02981 2.16551 1.24077
0.01791 1.30528 0.74787
0.00919 0.66855 0.38305
0.00799 0.58068 0.33271
0.01105 0.80077 0.45881
0.01405 1.01413 0.58106
0.00630 0.45547 0.26097
0.02960 2.12434 1.21718
0.00694 0.49687 0.28469
0.01709 1.22198 0.70015
0.01744 1.24958 0.71596
0.01475 1.05137 0.60239
0.00334 0.23738 0.13601
0.00384 0.27252 0.15614
0.00586 0.41555 0.23809
0.01472 1.04170 0.59685
0.01522 1.07512 0.61600
0.01399 0.98353 0.56352
0.00593 0.41677 0.23879
0.01192 0.83542 0.47866
0.00633 0.44321 0.25394
0.02038 1.42770 0.81802
0.01572 1.09773 0.62895
0.00527 0.36911 0.21149
0.01254 0.87776 0.50292
0.00236 0.16517 0.09464
0.00887 0.62282 0.35685
0.00132 0.09237 0.05292
0.00688 0.48438 0.27753
0.00706 0.49793 0.28529
0.00533 0.37695 0.21598
0.02359 1.66935 0.95648
0.01508 1.06643 0.61102
0.01908 1.35353 0.77552
0.02499 1.78434 1.02236
0.00936 0.66723 0.38229
0.03246 2.31474 1.32628
0.01323 0.94706 0.54263
0.01985 1.42378 0.81577
0.01299 0.93423 0.53528
0.00754 0.54385 0.31160
0.01522 1.09747 0.62881
0.01805 1.30168 0.74581
0.01437 1.03982 0.59578
0.01752 1.26507 0.72484
0.01338 0.97021 0.55589
0.02631 1.90979 1.09424
0.01309 0.95617 0.54785
0.01343 0.98260 0.56299
0.00563 0.41355 0.23695
0.02895 2.13198 1.22156
0.01697 1.25389 0.71843
0.01598 1.18168 0.67706
0.02323 1.72089 0.98601
0.02104 1.56400 0.89611
0.03013 2.23933 1.28307
0.01846 1.37654 0.78871
0.02202 1.64496 0.94250
0.02238 1.67459 0.95948
0.02587 1.92342 1.10205
0.02513 1.87349 1.07345
0.03701 2.76489 1.58422
0.03648 2.73800 1.56881
0.03809 2.86684 1.64263
0.01693 1.27892 0.73277
0.02389 1.79429 1.02807
0.02163 1.62253 0.92965
0.01017 0.76171 0.43643
0.01103 0.82683 0.47374
0.01754 1.30566 0.74809
0.04457 3.26677 1.87181
0.02709 1.99753 1.14452
0.03129 2.30160 1.31875
0.01520 1.12256 0.64318
0.03268 2.41034 1.38105
0.02711 1.99699 1.14421
0.02784 2.05017 1.17468
0.01091 0.80860 0.46329
0.02412 1.78075 1.02031
0.02459 1.81898 1.04221
0.01566 1.15685 0.66283
0.01209 0.89774 0.51437
0.01394 1.03124 0.59086
0.01318 0.97585 0.55912
0.01820 1.34769 0.77218
0.01387 1.02741 0.58866
0.02325 1.72463 0.98815
0.04707 3.49159 2.00063
0.01326 0.98648 0.56521
0.00340 0.25091 0.14376
0.00697 0.51650 0.29594
0.01650 1.22624 0.70259
0.00663 0.49350 0.28276
0.01870 1.38913 0.79592
0.02069 1.53534 0.87969
0.02357 1.74726 1.00112
0.01861 1.37817 0.78964
0.01426 1.05714 0.60570
0.01446 1.07365 0.61516
0.02595 1.92165 1.10104
0.02027 1.50144 0.86027
0.01648 1.21979 0.69889
0.02373 1.75599 1.00612
0.02347 1.72734 0.98971
0.01880 1.38135 0.79146
0.01580 1.16110 0.66526
0.01637 1.20368 0.68966
0.01303 0.95462 0.54696
0.01580 1.15432 0.66138
0.02176 1.58049 0.90557
0.04204 3.04688 1.74580
0.02061 1.49687 0.85765
0.02793 2.02993 1.16309
0.01129 0.81726 0.46826
0.02624 1.90216 1.08988
0.01205 0.86742 0.49700
0.00854 0.61260 0.35100
0.02163 1.54990 0.88804
0.01503 1.07362 0.61514
0.01266 0.90332 0.51757
0.01919 1.36578 0.78254
0.01151 0.81737 0.46832
0.01189 0.84408 0.48363
0.01894 1.33472 0.76475
0.01660 1.16939 0.67001
0.01920 1.34997 0.77348
0.01493 1.05093 0.60214
0.03625 2.54546 1.45848
0.03160 2.20347 1.26252
0.01958 1.36176 0.78023
0.01160 0.80679 0.46226
0.02135 1.48474 0.85070
0.00431 0.29769 0.17056
0.00297 0.20514 0.11753
0.01115 0.76630 0.43906
0.01574 1.07653 0.61681
0.00931 0.63726 0.36512
0.00512 0.34842 0.19963
0.00876 0.59464 0.34071
0.00522 0.35404 0.20285
0.00819 0.55343 0.31709
0.00821 0.55583 0.31847
0.00658 0.44294 0.25379
0.00695 0.46824 0.26828
0.00452 0.30344 0.17386
0.01371 0.91978 0.52700
0.01582 1.06077 0.60778
0.01581 1.05996 0.60732
0.01953 1.30651 0.74858
0.01026 0.68564 0.39284
0.01884 1.25913 0.72143
0.01571 1.04606 0.59935
0.01189 0.78929 0.45223
0.00927 0.61565 0.35274
0.01410 0.93306 0.53461
0.00510 0.33769 0.19348
0.00777 0.51215 0.29344
0.01196 0.78916 0.45216
0.01220 0.80221 0.45964
0.03380 2.21670 1.27010
0.01429 0.93938 0.53823
0.00929 0.60802 0.34837
0.01114 0.72901 0.41769
0.01726 1.12594 0.64512
0.00767 0.50058 0.28681
0.01206 0.78584 0.45026
0.00428 0.27834 0.15948
0.01917 1.24541 0.71357
0.01474 0.96011 0.55010
0.01868 1.21419 0.69568
0.01353 0.87953 0.50394
0.00554 0.35838 0.20533
0.02169 1.40703 0.80618
0.01948 1.26503 0.72481
0.02693 1.74905 1.00214
0.01202 0.77978 0.44678
0.02102 1.35888 0.77859
0.01635 1.06011 0.60740
0.03294 2.12884 1.21976
0.03598 2.33293 1.33670
0.03341 2.15417 1.23427
0.01680 1.08315 0.62060
0.01863 1.19874 0.68683
0.01006 0.64846 0.37154
0.01594 1.03134 0.59092
0.01580 1.01581 0.58202
0.02283 1.46861 0.84146
0.00213 0.13677 0.07836
0.00643 0.41267 0.23644
0.00828 0.53005 0.30370
0.02507 1.59697 0.91500
0.00208 0.13237 0.07584
0.01888 1.19626 0.68541
0.00395 0.24868 0.14248
0.01648 1.04012 0.59595
0.01538 0.96579 0.55336
0.00835 0.52308 0.29971
0.01564 0.97787 0.56028
0.01022 0.63709 0.36503
0.00768 0.47782 0.27377
0.00948 0.58716 0.33642
0.02113 1.31069 0.75098
0.02415 1.48684 0.85191
0.02021 1.24196 0.71159
0.02219 1.36194 0.78034
0.01036 0.63625 0.36455
0.01508 0.92498 0.52998
0.00729 0.44670 0.25594
0.02314 1.42264 0.81512
0.01794 1.10150 0.63112
0.01368 0.83904 0.48073
0.01491 0.91618 0.52493
0.01020 0.62716 0.35934
0.00464 0.28689 0.16437
0.02921 1.80281 1.03295
0.00444 0.27495 0.15753
0.02033 1.26458 0.72456
0.00976 0.60533 0.34683
0.01009 0.62750 0.35953
0.01553 0.96002 0.55005
0.00550 0.34243 0.19620
0.00986 0.61606 0.35298
0.02719 1.69629 0.97192
0.01196 0.74732 0.42818
0.01492 0.93374 0.53500
0.00614 0.38482 0.22048
0.02410 1.50711 0.86352
0.00656 0.41225 0.23620
0.01851 1.16132 0.66539
0.00933 0.58614 0.33583
0.00243 0.15282 0.08756
0.00635 0.39877 0.22848
0.00589 0.37132 0.21275
0.02208 1.38148 0.79153
0.02838 1.77611 1.01765
0.03241 2.02845 1.16223
0.02643 1.64572 0.94294
0.03188 2.00567 1.14919
0.01968 1.19955 0.68729
0.03401 2.11202 1.21012
0.03227 2.07365 1.18813
0.02124 1.32193 0.75742
0.02024 1.26055 0.72225
0.02512 1.55554 0.89127
0.02757 1.70868 0.97902
0.01563 0.96419 0.55244
0.01407 0.87339 0.50042
0.01534 0.94855 0.54348
0.01574 0.97246 0.55718
0.02319 1.43092 0.81986
