0.01392 -0.02910 1.31033
-0.00776 -0.03101 1.31446
0.01079 -0.03491 1.31610
0.00478 -0.03024 1.31914
-0.00161 -0.02162 1.32054
0.00067 -0.01677 1.32711
-0.01307 -0.02240 1.33000
-0.00116 -0.02409 1.33056
0.02018 -0.01921 1.33441
0.01811 -0.02635 1.33748
0.01395 -0.03163 1.33807
0.02519 -0.02839 1.34981
0.02177 -0.03473 1.35109
0.00851 -0.03711 1.35202
-0.02799 -0.03510 1.35133
-0.01703 -0.03378 1.35422
0.00085 -0.02321 1.36460
0.02504 -0.01506 1.36628
0.01203 -0.04597 1.37594
0.00967 -0.00964 1.37168
0.01260 -0.03273 1.37419
0.00819 -0.02619 1.37532
0.01056 -0.03032 1.37961
0.00918 -0.02737 1.38542
-0.00518 -0.01940 1.38259
0.01025 0.00039 1.39331
-0.00991 -0.02606 1.39717
0.00799 -0.00895 1.39814
0.00719 -0.00924 1.39586
-0.00771 -0.03278 1.40253
-0.00774 -0.02544 1.40660
-0.00181 -0.02718 1.40753
0.00484 -0.01956 1.40966
0.01444 -0.02769 1.41291
0.00799 -0.03433 1.41552
0.01248 -0.02142 1.42257
-0.00665 -0.02546 1.42244
0.00521 -0.01212 1.42622
0.00457 -0.02428 1.42872
0.02075 -0.02032 1.42731
0.01757 -0.02832 1.43172
0.00842 -0.02676 1.42874
0.01686 -0.02504 1.42795
0.00602 -0.02178 1.42953
-0.00504 -0.02403 1.42471
0.00293 -0.02759 1.42393
-0.00175 -0.02794 1.41976
-0.00428 -0.02762 1.41746
-0.00054 -0.02890 1.41360
-0.00519 -0.00554 1.41309
-0.00596 -0.01188 1.41420
-0.01393 -0.00996 1.40988
-0.02628 -0.01078 1.39996
-0.01063 -0.01744 1.40257
-0.03040 -0.00774 1.40190
-0.01436 -0.02001 1.39624
-0.01512 -0.01294 1.39421
-0.00858 -0.01616 1.39051
-0.00155 -0.01923 1.38553
-0.01149 -0.01384 1.38632
-0.02104 -0.01684 1.38641
-0.02122 -0.01742 1.38188
-0.01362 -0.01124 1.38466
-0.01089 -0.01243 1.37896
0.01301 -0.01627 1.37726
-0.01462 -0.01412 1.36892
-0.00380 -0.01642 1.36622
-0.00576 -0.02454 1.36206
0.00442 -0.00905 1.35766
-0.00782 -0.01130 1.35328
-0.00035 -0.01843 1.35180
-0.00279 -0.00713 1.35003
-0.02686 -0.01133 1.34499
0.00794 -0.00911 1.34532
0.00467 -0.02117 1.34058
0.00712 -0.02082 1.33868
0.01249 -0.00726 1.33639
0.00690 -0.01201 1.34477
0.00573 -0.00865 1.34137
0.01464 -0.01722 1.33843
0.01634 -0.01890 1.33214
0.01832 -0.01785 1.32850
0.00844 -0.01715 1.32367
0.00629 -0.00146 1.33166
0.01301 -0.00906 1.33295
-0.00703 -0.00947 1.33450
0.00778 -0.01912 1.33378
-0.00259 -0.01056 1.34335
-0.00891 0.00268 1.36433
-0.00825 -0.00871 1.35610
-0.00462 -0.00593 1.35963
-0.02560 -0.01761 1.35353
-0.00840 -0.01148 1.35593
-0.02401 -0.00761 1.35729
-0.00798 -0.01190 1.35777
-0.01757 -0.02051 1.34865
-0.03785 -0.02903 1.35343
-0.02545 -0.01692 1.35177
-0.01466 -0.02619 1.35333
-0.00828 -0.02357 1.34607
-0.01045 -0.02078 1.35191
-0.01555 -0.02025 1.35024
-0.01875 -0.02193 1.35038
-0.02782 -0.03668 1.34881
-0.00789 -0.00917 1.34789
-0.05940 -0.03135 1.34649
-0.00939 -0.02130 1.34348
-0.01045 -0.03452 1.35266
-0.00254 -0.02428 1.34924
0.00429 -0.04614 1.34459
-0.00732 -0.03562 1.34337
0.00087 -0.02902 1.34591
0.01189 -0.02196 1.34713
0.01840 -0.01236 1.34874
0.02244 -0.02025 1.34988
0.00940 -0.01309 1.34919
0.01797 -0.02495 1.34653
0.02312 -0.01731 1.35034
0.01450 -0.02366 1.34974
0.01030 -0.01983 1.35079
0.01662 -0.00931 1.35131
0.01551 -0.00904 1.35843
0.01273 -0.01527 1.36117
0.00629 -0.01417 1.36038
-0.00220 -0.01080 1.35983
0.00742 -0.00916 1.36466
0.01578 -0.00580 1.36905
-0.01972 -0.02358 1.37621
-0.03192 -0.01635 1.37932
-0.00773 -0.01790 1.37661
-0.01658 -0.01629 1.37550
-0.00935 -0.02250 1.38124
-0.02441 -0.02154 1.37923
-0.00858 -0.00459 1.38858
-0.00680 -0.00704 1.39436
-0.01516 -0.00531 1.39559
-0.00202 -0.00894 1.39965
-0.00192 -0.01512 1.40169
-0.01553 -0.01759 1.40457
-0.00383 -0.02002 1.40816
-0.00953 -0.02691 1.40857
-0.01480 -0.02410 1.41853
-0.00115 -0.01634 1.41968
-0.00363 -0.02605 1.42198
-0.01411 -0.02636 1.42037
-0.03422 -0.01810 1.42361
-0.00994 -0.00520 1.43383
-0.02873 -0.01261 1.43786
-0.00542 -0.01088 1.43784
-0.01172 -0.00346 1.43805
-0.00627 -0.02114 1.44794
-0.00509 -0.02501 1.44955
-0.00927 -0.01281 1.45541
-0.01009 -0.01743 1.46196
-0.00043 -0.02781 1.46050
-0.00531 -0.04104 1.46879
0.00552 -0.02968 1.47224
-0.00072 -0.03015 1.47500
-0.00054 -0.03360 1.48030
-0.00226 -0.02446 1.47743
-0.01106 -0.02763 1.48623
-0.01071 -0.02969 1.48409
-0.00396 -0.02991 1.48952
-0.00738 -0.03537 1.49004
-0.01155 -0.03743 1.49094
-0.00702 -0.03759 1.49070
0.00057 -0.03923 1.49402
0.00234 -0.03258 1.49661
-0.00020 -0.04495 1.49525
0.00246 -0.04577 1.50082
0.00953 -0.03540 1.50549
0.00597 -0.02836 1.50541
0.01134 -0.03263 1.51039
0.00368 -0.03240 1.51086
0.00432 -0.02977 1.51617
0.00992 -0.03402 1.51457
0.00758 -0.03190 1.52104
-0.02929 -0.04154 1.52396
0.01303 -0.02309 1.52048
0.00176 -0.03763 1.52801
0.00907 -0.02940 1.52759
0.01139 -0.03734 1.53261
-0.00057 -0.03127 1.53136
-0.01111 -0.03089 1.53439
-0.00136 -0.03207 1.53812
-0.01619 -0.03309 1.53893
-0.01291 -0.02965 1.53473
-0.01698 -0.02851 1.53779
-0.01080 -0.02250 1.53829
-0.00685 -0.03155 1.54589
-0.00642 -0.02691 1.54120
0.01242 -0.02937 1.53966
-0.02637 -0.02862 1.53948
-0.00680 -0.03223 1.54159
0.00545 -0.03093 1.54674
0.00755 -0.03372 1.54238
0.00198 -0.02569 1.54693
0.02041 -0.02288 1.54199
0.01502 -0.02993 1.55038
0.00544 -0.02525 1.55099
0.00596 -0.02344 1.55432
0.00096 -0.02543 1.55089
0.01239 -0.03652 1.54494
0.00537 -0.02651 1.55476
0.01211 -0.02035 1.55403
-0.00341 -0.02947 1.55684
-0.01031 -0.03152 1.55897
0.00385 -0.03244 1.56253
0.01902 -0.03202 1.56917
-0.00617 -0.03527 1.57174
-0.01498 -0.01619 1.57809
-0.00080 -0.02697 1.58667
0.01353 -0.03780 1.58424
0.01187 -0.03112 1.59200
0.00888 -0.03292 1.59645
0.01693 -0.03864 1.59904
0.00823 -0.03193 1.60312
-0.00053 -0.04109 1.60741
-0.00013 -0.03740 1.61429
0.00838 -0.03487 1.61158
0.00741 -0.03055 1.62400
0.01298 -0.03173 1.62717
0.01431 -0.03815 1.62883
0.00680 -0.04020 1.62831
0.00912 -0.03607 1.62981
0.00245 -0.03699 1.63156
0.01366 -0.03277 1.62596
0.00984 -0.04996 1.62816
0.00471 -0.03987 1.62950
0.01051 -0.02844 1.62675
0.00439 -0.03213 1.62668
-0.00450 -0.03215 1.61857
0.02004 -0.03099 1.62000
-0.00742 -0.04520 1.61288
-0.00729 -0.02277 1.60771
-0.01478 -0.03816 1.61135
-0.00908 -0.02595 1.60786
0.01161 -0.03379 1.61743
-0.00609 -0.03846 1.60639
-0.00796 -0.03634 1.59943
-0.02703 -0.02718 1.60266
0.01146 -0.03112 1.59963
-0.01403 -0.02850 1.59806
-0.00261 -0.03487 1.59462
0.01459 -0.04926 1.59817
-0.00421 -0.03446 1.59165
0.01055 -0.03233 1.59308
-0.00020 -0.03374 1.59117
-0.00473 -0.03565 1.59074
-0.00901 -0.03179 1.59133
-0.00024 -0.04090 1.58522
0.01599 -0.02891 1.59787
0.01960 -0.03737 1.59705
0.02562 -0.03545 1.59712
0.01187 -0.03865 1.60560
0.01857 -0.04051 1.58863
0.00049 -0.03501 1.64042
0.02080 -0.03098 1.61000
0.01852 -0.02915 1.55596
0.01056 -0.02563 1.60635
0.01332 -0.03058 1.60564
0.01714 -0.02645 1.61425
0.01651 -0.02565 1.61324
0.00655 -0.03288 1.62071
0.00221 -0.02698 1.61060
0.00330 -0.02631 1.61682
-0.00837 -0.01814 1.61814
-0.02196 -0.01656 1.62032
