0.23865 18.20724 10.44644
0.67328 51.20612 29.66932
1.42419 108.17078 65.48357
0.79723 60.41909 35.16701
1.47117 111.39164 67.69139
1.07398 80.91988 47.73205
1.51602 113.96498 69.47603
0.95645 71.87141 42.12143
0.10037 7.52024 4.30980
0.04753 3.55276 2.03569
0.09267 6.92341 3.96761
0.22656 16.77810 9.62445
0.18649 13.79674 7.91123
0.81752 60.44304 35.18141
0.50971 37.69830 21.72952
0.08678 6.40566 3.67080
0.02635 1.93065 1.10620
0.23579 17.25365 9.89792
1.34675 97.81992 58.56284
1.14836 83.71536 49.48954
0.13133 9.55374 5.47597
1.69366 123.12248 75.99287
0.09312 6.74766 3.86686
0.04349 3.13837 1.79823
0.11071 8.00692 4.58885
0.04343 3.11684 1.78589
0.35987 25.75212 14.79596
0.52140 37.29101 21.49196
0.23309 16.69831 9.57858
0.05503 3.92279 2.24774
0.07215 5.12854 2.93876
0.01869 1.32796 0.76087
0.44822 31.79288 18.29358
0.03791 2.68267 1.53710
0.03496 2.46867 1.41448
0.02782 1.95525 1.12029
0.07999 5.62256 3.22191
0.81701 57.28279 33.28677
0.15785 11.04682 6.33258
0.35543 24.89662 14.30181
0.66528 46.45478 26.86197
0.09475 6.63014 3.79948
0.04175 2.92294 1.67478
0.07107 4.97108 2.84851
0.05455 3.82840 2.19364
0.45152 31.70325 18.24157
0.16283 11.46659 6.57347
0.43332 30.56441 17.58101
0.28607 20.23257 11.61228
0.02813 1.99050 1.14049
0.03141 2.22096 1.27254
1.05345 74.71371 43.87174
0.00993 0.70920 0.40634
0.19590 13.96564 8.00824
0.06999 4.99095 2.85990
0.07382 5.28598 3.02899
0.62096 44.53418 25.73191
0.74579 53.63002 31.10843
0.46720 33.71700 19.41111
1.34112 96.73150 57.84911
0.05661 4.08235 2.33918
0.12255 8.86673 5.08193
0.05540 4.00079 2.29243
1.23107 89.26912 53.01892
1.52885 110.99408 67.41735
0.12567 9.17946 5.26129
0.41672 30.49955 17.54340
1.50054 110.14812 66.83568
0.05324 3.92165 2.24708
1.56797 115.85879 70.80180
1.58737 117.41592 71.90008
0.17675 13.09199 7.50653
0.05547 4.12321 2.36259
1.24986 92.90012 55.35581
0.27371 20.41443 11.71701
0.19984 14.92586 8.55985
1.02839 76.94823 45.25534
0.11715 8.71079 4.99249
1.62359 121.03587 74.48350
0.10153 7.58456 4.34668
0.40776 30.60417 17.60406
1.40808 105.97067 63.99109
1.46731 110.84040 67.31154
0.30453 22.86795 13.13109
1.05357 79.03542 46.55404
0.14265 10.68878 6.12714
0.18491 13.86185 7.94863
1.53120 113.97964 69.48626
1.06042 77.72290 45.73663
0.12924 9.52959 5.46212
1.49805 110.17944 66.85718
0.11196 8.26957 4.73947
0.14675 10.82247 6.20385
0.80145 59.03788 34.33779
0.04746 3.49520 2.00271
0.11893 8.81656 5.05315
0.13626 10.06139 5.76718
0.65507 48.44796 28.03755
0.06111 4.51408 2.58660
0.02788 2.07123 1.18675
0.12323 9.11360 5.22352
1.01036 74.81498 43.93430
0.06364 4.71154 2.69976
0.26716 19.79524 11.36044
1.09685 81.37232 48.01567
0.29021 21.52621 12.35755
0.27828 20.71046 11.88753
0.22704 16.77841 9.62463
0.25881 19.17847 11.00536
0.18321 13.61733 7.80819
0.53207 39.59230 22.83556
0.05582 4.14644 2.37591
0.69034 51.23643 29.68729
0.16134 11.96047 6.85694
0.06862 5.08196 2.91206
0.23902 17.71433 10.16288
0.28235 20.96346 12.03328
0.30225 22.37830 12.84873
0.69685 51.61719 29.91304
1.62949 120.61567 74.18138
0.20296 15.01778 8.61266
0.09582 7.05332 4.04210
1.18606 87.12582 51.65066
0.03534 2.59788 1.48852
0.13103 9.63535 5.52278
0.10143 7.43240 4.25943
0.00602 0.43942 0.25177
0.48767 35.42702 20.40586
0.30432 22.05538 12.66255
0.41838 30.38884 17.47923
0.77261 56.16161 32.61688
1.54032 111.49967 67.76594
1.57790 114.37276 69.76060
0.03161 2.27625 1.30423
0.94065 67.45925 39.42446
0.69670 49.91870 28.90692
0.13468 9.62249 5.51541
0.93947 67.01970 39.15705
1.13391 80.71850 47.60591
0.21494 15.26242 8.75323
1.52618 108.32714 65.59011
1.55300 109.45804 66.36262
0.06642 4.67852 2.68084
0.49300 34.66407 19.96185
0.32707 23.02200 13.21994
0.13971 9.81017 5.62307
0.08647 6.03072 3.45587
0.05212 3.62428 2.07667
0.07899 5.49372 3.14807
0.08333 5.79421 3.32030
0.04036 2.78687 1.59681
0.16517 11.39287 6.53117
0.12714 8.73513 5.00646
0.04142 2.83267 1.62305
0.40085 27.44120 15.77240
0.36987 25.17216 14.46094
0.05057 3.43421 1.96776
0.49312 33.42480 19.24129
0.42611 28.77822 16.54614
0.27200 18.40802 10.56197
0.54888 36.92364 21.27775
0.03021 2.03533 1.16618
0.10455 7.01733 4.02146
1.14885 77.07929 45.33671
0.13431 9.00542 5.16147
0.06864 4.60319 2.63767
0.07051 4.71774 2.70332
0.04849 3.23934 1.85609
0.36651 24.50066 14.07320
0.62915 41.90106 24.18673
0.85461 56.74923 32.96783
0.13144 8.72971 5.00335
0.05639 3.73243 2.13865
1.68562 111.54090 67.79439
0.12973 8.55503 4.90316
0.90877 59.98503 34.90622
0.10522 6.91573 3.96321
0.03256 2.13515 1.22338
0.21842 14.36299 8.23648
0.16340 10.69062 6.12819
1.12189 73.42663 43.07784
0.14459 9.43134 5.40577
0.09966 6.50688 3.72883
0.10969 7.14695 4.09577
0.17728 11.52343 6.60610
0.01456 0.94567 0.54183
0.17297 11.26801 6.45952
0.13933 9.05850 5.19191
1.15414 75.01751 44.05945
0.34303 22.18503 12.73730
0.16472 10.68633 6.12574
0.48608 31.56377 18.16064
0.03604 2.34018 1.34085
1.36000 88.20020 52.33553
0.20839 13.47018 7.72369
0.03217 2.08542 1.19488
0.08634 5.58054 3.19783
1.82374 118.24811 72.49018
1.57308 101.44019 60.95513
0.66634 42.95659 24.80559
0.34752 22.35579 12.83575
1.50782 97.20943 58.16220
0.12236 7.91787 4.53779
0.83248 53.53569 31.05233
0.07123 4.58303 2.62611
0.23265 14.94087 8.56847
1.75740 112.70275 68.59829
1.94409 124.39177 76.91864
0.14465 9.21573 5.28209
0.27917 17.75725 10.18757
1.60993 102.00797 61.33297
1.76617 111.29705 67.62615
1.15942 73.16112 42.91434
0.80581 50.60492 29.31313
0.10677 6.68646 3.83178
0.70098 43.82203 25.31355
0.98491 61.42384 35.77141
0.95069 59.12470 34.38986
1.83574 113.68713 69.28242
0.42582 26.41584 15.17951
0.28120 17.31231 9.93165
0.51369 31.56267 18.16000
1.17493 72.11085 42.26848
0.28780 17.66915 10.13689
1.05079 64.45657 37.60208
1.12365 68.85214 40.27335
0.16842 10.35572 5.93604
0.12759 7.83241 4.48879
0.06794 4.16789 2.38820
1.20214 73.88540 43.36057
0.10194 6.26533 3.59036
0.13649 8.43108 4.83208
1.78442 110.12047 66.81669
0.09238 5.72505 3.28066
1.54981 96.38799 57.62436
0.13450 8.34417 4.78225
0.38457 23.91427 13.73473
0.16551 10.23062 5.86427
0.28632 17.81878 10.22297
0.01804 1.12738 0.64594
0.11294 7.04483 4.03723
0.04799 2.99918 1.71847
0.23928 14.96994 8.58517
0.12234 7.67047 4.39594
0.05989 3.74541 2.14609
0.05688 3.57270 2.04712
0.08085 5.07365 2.90730
0.19495 12.24907 7.02260
1.73693 109.16187 66.15998
0.10245 6.43664 3.68856
0.31799 20.05272 11.50870
0.14119 8.83442 5.06340
0.32585 20.39642 11.70664
0.56632 35.44525 20.41647
1.37700 85.73558 50.76737
0.90519 56.95710 33.09206
0.33270 20.27673 11.63771
0.25829 16.03844 9.19923
1.24631 80.07947 47.20604
0.13124 8.16899 4.68179
0.21786 13.56546 7.77841
1.15180 71.33841 41.79436
0.24324 15.07505 8.64557
0.06524 4.02482 2.30621
0.05734 3.55935 2.03946
1.53207 94.74522 56.55288
0.74496 46.03469 26.61457
1.14180 70.45723 41.25442
