0.23884 -0.02438 1.28855
0.64379 -0.11424 1.14075
-1.18365 -0.18782 0.54513
-0.73255 -0.21585 1.07603
-1.18623 -0.29631 0.49936
-0.96839 -0.15859 0.89364
-1.23480 -0.16904 0.46503
-0.87167 -0.20775 0.98387
0.06634 -0.09147 1.32991
-0.04618 -0.02999 1.33672
-0.09486 -0.03673 1.33464
-0.22187 -0.07538 1.32986
-0.17603 0.03613 1.33972
-0.75973 -0.17157 1.10579
-0.46233 -0.20234 1.25436
-0.01868 -0.11051 1.35010
-0.02761 -0.01528 1.36444
0.21429 -0.09983 1.34599
-1.16927 -0.14351 0.71253
-1.02484 -0.20297 0.88892
-0.12636 -0.01325 1.36876
1.27897 0.37507 0.34029
-0.09314 -0.02232 1.37666
0.03776 -0.01462 1.38513
0.10682 -0.03875 1.37806
-0.04553 -0.01649 1.39250
0.35380 -0.01290 1.35186
0.48710 -0.17469 1.29890
0.22502 -0.07135 1.37580
-0.05362 -0.03739 1.40141
-0.05351 -0.07911 1.40361
-0.01961 -0.01700 1.40756
0.43870 -0.08802 1.33692
0.01444 0.01469 1.41311
-0.03335 -0.02772 1.41529
0.02620 -0.01975 1.42241
-0.06947 0.01913 1.42086
-0.76987 -0.16383 1.18942
-0.15495 0.00867 1.42048
-0.32649 -0.15501 1.38110
-0.58624 -0.29091 1.27382
-0.08870 -0.04508 1.42554
-0.03267 -0.00303 1.42789
-0.05405 -0.06371 1.42726
-0.04408 0.00110 1.42424
0.42507 -0.17015 1.34859
0.14524 0.05623 1.41147
0.42491 -0.09380 1.34930
-0.21088 -0.21369 1.38166
0.01679 -0.04582 1.41227
-0.01434 0.00300 1.41419
0.97136 0.03112 1.02153
-0.00832 -0.03519 1.39978
0.14159 -0.15409 1.38702
-0.03536 -0.09451 1.39861
-0.01524 0.04596 1.39562
0.54215 0.24470 1.26111
0.71569 0.04979 1.19128
0.44739 -0.12793 1.30519
-1.17037 -0.11348 0.73454
-0.02712 -0.07920 1.38414
-0.04671 -0.14125 1.37412
-0.01785 -0.08398 1.38211
1.09684 -0.02760 0.83545
-1.27405 -0.07945 0.51744
-0.08540 -0.12471 1.36070
-0.34905 -0.26157 1.29483
-1.24873 -0.15231 0.52278
-0.05003 -0.06980 1.35498
1.26740 0.11024 0.46162
-1.28525 0.09610 0.40816
0.12783 0.07584 1.34184
-0.06374 -0.01460 1.34372
-1.08650 -0.26809 0.74679
-0.27005 -0.11482 1.30824
-0.21157 -0.05030 1.32108
-0.94761 -0.11598 0.93528
-0.12952 -0.00756 1.33857
1.27756 0.16621 0.37366
-0.11695 -0.05921 1.33219
0.36566 0.09577 1.27763
-1.19609 -0.13087 0.56374
1.21785 0.02647 0.51828
0.29401 -0.00852 1.29879
0.91056 0.30241 0.92543
0.13747 -0.00811 1.32742
0.17876 0.01127 1.32186
-1.25070 -0.17467 0.45820
0.95942 -0.08946 0.96592
0.11024 -0.03668 1.35116
-1.25591 0.04195 0.51922
-0.06634 -0.12772 1.34621
-0.13922 -0.12778 1.34277
0.75069 -0.07033 1.12888
0.02221 -0.06038 1.35633
0.09693 -0.07385 1.34341
-0.14806 -0.05564 1.34500
0.61979 -0.03387 1.20122
-0.07947 -0.03224 1.35094
-0.04162 -0.02287 1.34546
-0.13741 -0.05221 1.34410
0.91250 -0.18796 0.97766
-0.06708 -0.00168 1.34902
-0.26620 -0.11698 1.31790
-0.91017 -0.45920 0.88186
-0.25853 -0.18212 1.31055
0.25736 -0.10847 1.31433
0.21245 -0.08542 1.33363
-0.25861 -0.06294 1.32296
0.17066 -0.07353 1.33249
-0.49013 -0.22918 1.23013
-0.07309 -0.03057 1.34389
-0.57859 -0.36666 1.16024
-0.16225 -0.03725 1.33861
-0.06043 -0.00128 1.34887
-0.23213 -0.01946 1.32902
-0.25802 -0.12849 1.31567
-0.28038 -0.13535 1.31427
-0.66784 -0.13913 1.16500
-1.20130 -0.50552 0.35562
-0.17068 -0.13509 1.33379
-0.07347 -0.08823 1.35368
1.00887 0.33118 0.85187
0.02154 -0.05250 1.35929
0.10654 -0.09390 1.35244
-0.06405 -0.07139 1.36134
0.01872 -0.02630 1.36877
0.48131 -0.00182 1.28966
0.27409 -0.16641 1.34201
0.40747 -0.11516 1.31001
0.74680 0.06647 1.15343
1.26437 0.18773 0.52396
-1.28741 -0.13551 0.47701
-0.01652 -0.04620 1.38774
0.80890 0.34009 1.08367
0.67631 0.04447 1.22006
-0.12753 0.00017 1.39386
0.88437 -0.01510 1.08749
1.03780 -0.04473 0.94570
0.21439 0.00714 1.39187
-1.27657 -0.13500 0.58053
-1.29038 -0.16539 0.56621
-0.03700 0.02151 1.41913
0.47961 -0.08918 1.33594
-0.32108 -0.12369 1.37838
-0.15388 -0.01573 1.41571
-0.05197 0.04611 1.43219
-0.05443 0.00971 1.43713
-0.08893 -0.01133 1.43510
-0.08520 -0.00221 1.43557
-0.03230 0.00381 1.44774
0.15795 -0.05032 1.44027
-0.12588 -0.06318 1.44867
-0.04604 -0.01508 1.46130
-0.34656 -0.23871 1.39884
0.33436 -0.16896 1.42081
-0.04878 -0.01044 1.47170
-0.43786 -0.23686 1.38878
0.40265 -0.12916 1.41902
0.25361 -0.10053 1.45223
0.51465 -0.17365 1.38375
-0.03147 -0.04032 1.48355
-0.10293 0.00082 1.48627
1.05034 -0.15227 1.04648
-0.11581 -0.09374 1.48400
0.04961 0.02432 1.49017
-0.06788 -0.02128 1.49284
-0.03396 0.00985 1.49655
-0.34060 -0.15155 1.44873
-0.59246 -0.20178 1.36486
-0.78511 -0.26645 1.25716
0.12677 -0.01064 1.50030
0.04745 -0.05571 1.50901
-1.39936 0.01127 0.57046
-0.13074 -0.05196 1.50993
-0.85627 -0.16570 1.23876
-0.09861 -0.06487 1.51681
0.00480 -0.05720 1.52372
0.21477 -0.05458 1.50448
-0.16364 -0.05028 1.51886
1.04229 -0.04749 1.11618
0.13843 -0.06291 1.52555
-0.08092 -0.08307 1.52729
-0.08500 -0.09603 1.52938
-0.16325 -0.09577 1.52677
-0.01205 -0.02916 1.53905
-0.12227 -0.14894 1.52293
0.14082 -0.03080 1.53138
1.06491 0.08344 1.10724
0.30706 0.10439 1.51183
-0.13128 0.05278 1.53494
0.46746 0.06008 1.46609
-0.02296 -0.07644 1.53790
-1.01583 -0.70869 0.91839
0.12910 -0.20471 1.52801
-0.03909 -0.03793 1.54180
-0.09613 -0.03880 1.54367
1.40082 0.42727 0.48356
1.32174 0.25599 0.76961
0.63113 0.10822 1.41287
0.27292 0.16863 1.52104
1.31488 -0.09458 0.81735
-0.04686 0.07413 1.54293
0.79493 -0.11108 1.33183
0.00198 -0.10632 1.55057
0.22536 -0.06508 1.53935
1.42651 -0.27373 0.56713
1.42433 0.52686 0.36917
-0.11703 -0.12739 1.56005
-0.27370 -0.10811 1.54436
-1.38180 -0.10371 0.75547
1.39542 0.43985 0.61448
1.07731 -0.01044 1.16221
-0.77171 -0.15516 1.38418
-0.10609 -0.03191 1.59297
-0.67254 -0.14879 1.44370
-0.89464 -0.31167 1.29367
-0.88722 -0.25612 1.31632
-1.50399 -0.18288 0.55848
-0.42157 -0.13849 1.54970
-0.28681 -0.10659 1.59523
-0.49451 -0.17244 1.54097
-1.08882 -0.19530 1.19629
-0.27905 -0.11922 1.60030
-0.99230 -0.14519 1.28526
-1.05714 -0.08025 1.24072
-0.15763 0.02695 1.61846
-0.13133 -0.06644 1.62229
-0.06110 -0.00589 1.62884
-1.10861 -0.17172 1.17845
-0.09725 -0.00648 1.62409
-0.13736 -0.04972 1.61229
-1.48633 -0.14554 0.62883
-0.09805 -0.05809 1.60950
1.34341 0.15028 0.87061
-0.11954 0.03787 1.60698
-0.37218 -0.14045 1.55812
-0.16218 0.01539 1.60960
-0.28036 -0.09884 1.57912
0.01607 -0.03197 1.59946
-0.10610 0.01165 1.59956
0.01215 0.01179 1.59989
-0.21740 -0.13339 1.57789
-0.11246 0.02095 1.59090
-0.06380 -0.04696 1.59703
-0.06328 -0.04976 1.58999
-0.04632 0.02855 1.59252
-0.19793 -0.00527 1.57917
-1.42212 -0.33615 0.62956
-0.10903 -0.02079 1.58780
0.31153 -0.03446 1.55446
-0.10805 0.06032 1.59342
-0.31450 -0.14544 1.55958
0.50324 -0.25941 1.49404
1.20719 -0.28773 1.01955
0.84203 -0.18970 1.33444
-0.33911 -0.11664 1.60113
0.22761 0.05520 1.59331
-1.12951 -0.24311 1.04274
-0.02246 0.09631 1.60354
-0.22340 -0.02050 1.59024
-1.05188 -0.27441 1.19375
-0.25064 -0.05510 1.59299
-0.06600 -0.00727 1.61970
-0.05207 0.00066 1.60999
-1.25870 -0.51703 0.87360
0.71616 -0.09346 1.44816
1.06277 -0.07962 1.22080
