0.05129 9.07084 5.19899
0.02521 4.48270 2.56861
0.01192 2.12067 1.21508
0.14556 25.88106 14.87045
0.14101 24.95767 14.33707
0.03642 6.33854 3.63232
0.61210 105.59905 63.74020
0.07205 12.26507 7.03178
0.10987 18.46966 10.59743
0.01242 2.06396 1.18258
0.09961 16.24387 9.31731
0.07088 11.31844 6.48846
0.11778 18.16015 10.41935
0.13153 19.77690 11.34987
0.73330 108.34014 65.59898
0.03460 5.05655 2.89750
0.20301 29.32388 16.86213
0.01979 2.78390 1.59511
0.06490 8.83723 5.06501
0.91704 120.59583 74.16713
0.08015 10.31999 5.91555
0.05196 6.58540 3.77384
0.04987 6.20457 3.55553
0.02186 2.66114 1.52477
0.05231 6.27910 3.59825
0.32598 38.51303 22.20504
0.07215 8.38894 4.80792
0.02989 3.38959 1.94218
0.07423 8.23659 4.72055
0.17558 19.07572 10.94622
0.03684 3.94137 2.25838
0.90272 94.68122 56.51124
0.08920 9.17672 5.25972
0.20132 20.61957 11.83518
0.02467 2.50895 1.43756
0.06799 6.88180 3.94376
0.04790 4.78213 2.74022
0.34878 34.60434 19.92711
0.10377 10.22551 5.86134
0.53185 52.06156 30.17665
0.40166 39.02881 22.50628
0.09922 9.57176 5.48631
0.27987 26.71476 15.35231
0.16318 15.45796 8.86560
0.35277 33.17175 19.09425
0.04876 4.58596 2.62779
1.14588 106.88675 64.61103
0.54039 50.23829 29.09605
0.18604 17.27294 9.90901
0.50464 46.80634 27.06910
0.09934 9.23049 5.29056
0.72359 67.31910 39.33918
0.13316 12.49503 7.16379
0.17783 16.73392 9.59905
0.02465 2.29609 1.31559
0.21764 20.16686 11.57443
0.05309 4.92822 2.82395
0.08022 7.45105 4.27012
0.34491 31.95893 18.38996
0.24958 23.30603 13.38378
0.13998 13.03647 7.47465
0.11715 10.90158 6.24924
0.34170 32.02707 18.42951
0.01688 1.57449 0.90212
0.04362 4.06977 2.33197
0.03233 2.97456 1.70436
0.87620 80.69320 47.59007
0.13708 12.65409 7.25511
0.77453 71.76546 42.05639
0.18273 16.94969 9.72312
0.85708 79.39861 46.78067
0.07155 6.61400 3.79023
0.61294 56.48603 32.81060
0.27649 25.30893 14.53993
0.02838 2.60615 1.49326
0.10930 10.06692 5.77036
0.19568 17.98768 10.32012
0.88436 81.57889 48.14527
0.19005 17.52876 10.05614
1.11770 103.47889 62.31528
0.22253 20.70545 11.88465
0.64034 59.86693 34.83529
0.87171 81.52386 48.11074
1.16468 109.27228 66.23549
1.23367 115.14344 70.29975
1.15585 108.37965 65.62591
0.71902 67.73511 39.59240
1.08660 102.95722 61.96632
0.12467 11.89895 6.82163
1.02657 98.74602 59.17210
0.00570 0.55557 0.31832
1.15978 114.65929 69.96084
1.09853 110.46902 67.05609
0.07959 8.18080 4.68856
0.09822 10.29789 5.90287
0.98265 105.50267 63.67519
0.04939 5.44801 3.12186
0.22509 25.40993 14.59827
0.10632 12.32501 7.06619
0.01425 1.69587 0.97167
0.26845 32.92583 18.95139
0.11993 15.23623 8.73818
0.18557 24.37731 14.00199
0.04235 5.81170 3.33033
0.50347 71.98427 42.19073
0.19718 29.58270 17.01206
0.27738 43.42730 25.08180
0.12192 20.07405 11.52098
0.11528 19.69407 11.30219
0.50399 89.28009 53.02595
0.61060 113.11826 68.88673
0.53007 102.34136 61.55517
0.44649 90.20564 53.61935
0.42984 90.60175 53.87377
0.31705 70.28980 41.15194
0.50302 116.38001 71.16859
0.29251 69.38507 40.59874
0.43011 104.16060 62.77226
0.46581 115.72399 70.70707
0.45453 113.20058 68.94393
0.41107 105.80989 63.88251
0.47888 123.17893 76.03391
0.45805 121.79869 75.03352
0.47495 124.82757 77.23787
0.40134 109.80243 66.59854
0.45802 124.19402 76.77402
0.35133 96.25410 57.53683
0.45180 127.61510 79.29692
0.44472 123.26977 76.09999
0.06368 18.42342 10.57083
0.40870 116.24470 71.07329
0.36437 107.19994 64.82347
0.26511 75.35551 44.26844
0.34088 98.63002 59.09568
0.26603 73.89831 43.36853
0.29587 81.64819 48.18876
0.33056 92.39722 55.03068
0.24201 64.52245 37.64195
0.35378 95.78116 57.22793
0.35788 93.97715 56.05376
0.30851 81.11273 47.85291
0.27570 70.87468 41.51009
0.36700 93.56874 55.78884
0.19467 49.53628 28.68070
0.39102 95.46326 57.02054
0.09787 23.32588 13.39523
0.43470 99.76445 59.84422
0.00326 0.73206 0.41944
0.07103 15.24461 8.74300
0.50600 104.37850 62.91857
0.02839 5.67588 3.25248
0.00961 1.84582 1.05759
0.00992 1.85139 1.06078
0.02431 4.38596 2.51317
0.44343 77.37001 45.51728
0.03425 5.78094 3.31270
0.64086 103.61566 62.40687
0.69126 107.42247 64.97456
0.13333 20.28123 11.64029
0.02924 4.32108 2.47599
0.04442 6.44652 3.69422
0.01539 2.16682 1.24152
0.68956 95.33918 56.93965
0.06387 8.64221 4.95316
0.50538 66.81049 39.02986
0.00710 0.92641 0.53080
0.62769 80.72654 47.61095
0.64314 82.38835 48.65374
0.03433 4.36284 2.49992
0.06836 8.56160 4.90694
0.03240 4.01668 2.30154
0.05252 6.42892 3.68413
0.00304 0.37212 0.21321
0.91895 111.74867 67.93787
0.00248 0.29811 0.17081
0.02900 3.45746 1.98108
0.04152 4.93162 2.82589
0.04510 5.34100 3.06053
0.08813 10.42302 5.97466
0.09049 10.79091 6.18574
0.20327 24.44236 14.03954
0.52744 64.18888 37.44009
0.51440 62.47013 36.40190
0.14630 17.57570 10.08314
0.05339 6.41723 3.67743
0.25965 31.58011 18.17012
0.03410 4.19190 2.40196
0.02018 2.48304 1.42271
0.90861 112.65087 68.56232
0.04188 5.20435 2.98221
0.06524 8.14939 4.67055
0.04569 5.73486 3.28629
0.05210 6.55230 3.75487
0.02028 2.56357 1.46886
0.08928 11.39097 6.53008
0.82818 105.93425 63.96649
0.04361 5.64723 3.23605
0.72206 93.29659 55.61248
0.03700 4.81265 2.75771
0.69869 91.77577 54.62957
0.03387 4.51336 2.58618
0.01177 1.60272 0.91830
0.02272 3.17538 1.81944
0.18699 26.48791 15.22118
0.11283 16.08344 9.22509
0.34221 49.01072 28.37000
0.61123 87.86392 52.12096
0.00934 1.34221 0.76903
0.27177 39.41877 22.73413
0.00834 1.21566 0.69653
0.05534 8.07948 4.63046
0.06700 9.90696 5.67859
0.03246 4.81704 2.76023
0.07692 11.47489 6.57824
0.68989 103.47414 62.31209
0.65951 99.68979 59.79487
0.39819 60.01003 34.92123
0.44149 65.73152 38.37463
0.10753 15.94413 9.14502
0.75498 111.07191 67.47097
0.06397 9.36319 5.36667
0.02656 3.84169 2.20126
0.76171 108.70682 65.84909
0.08882 12.44411 7.13456
0.01136 1.56149 0.89468
0.01664 2.28148 1.30722
0.74831 102.11359 61.40334
0.84335 114.26207 69.68330
0.10228 13.70454 7.85828
0.67646 90.25406 53.65043
0.03210 4.26314 2.44278
0.77038 101.81422 61.20395
0.08742 11.61983 6.66142
0.14671 19.30038 11.07554
0.17037 22.77432 13.07709
0.11793 15.74443 9.03023
0.07773 10.41796 5.97175
0.44616 59.20218 34.43633
0.54671 72.33135 42.40396
0.67158 88.24716 52.36551
0.04366 5.74469 3.29192
0.06248 8.16399 4.67892
0.85875 111.45070 67.73214
0.11804 15.18140 8.70667
0.07149 9.15088 5.24490
0.89867 114.22424 69.65690
0.06457 8.15901 4.67607
0.06562 8.22633 4.71467
0.09678 12.07360 6.92187
0.18853 23.43845 13.46017
0.13384 16.52332 9.47797
0.01788 2.19311 1.25658
0.05774 6.99310 4.00757
0.01605 1.92968 1.10564
0.04348 5.18409 2.97060
0.03466 4.11899 2.36017
0.07202 8.51394 4.87960
0.07741 9.04334 5.18322
0.80672 94.22504 56.21472
0.01567 1.82991 1.04848
0.01689 1.97839 1.13355
0.03932 4.60138 2.63663
0.90745 105.80352 63.87820
0.02926 3.37291 1.93263
0.11067 12.69391 7.27797
0.04221 4.83955 2.77313
0.70058 80.88567 47.71062
0.04069 4.67670 2.67980
0.04350 5.00115 2.86575
0.51386 59.15680 34.40911
0.07097 8.24523 4.72551
0.02991 3.47191 1.98936
0.46618 54.29068 31.50154
0.09814 11.43007 6.55252
0.45859 53.62079 31.10295
0.09802 11.57937 6.63820
0.06711 7.98948 4.57885
0.02219 2.65396 1.52065
0.02161 2.59061 1.48435
0.02753 3.30889 1.89594
0.03249 3.94503 2.26048
0.02462 3.00707 1.72299
0.27884 34.25799 19.72566
0.46881 57.82785 33.61286
0.53372 66.29246 38.71511
0.03787 4.74988 2.72174
0.58899 74.34677 43.64518
0.28636 36.39942 20.97222
0.01053 1.34015 0.76785
0.05262 6.73597 3.86016
0.15325 19.67762 11.29271
0.10074 13.06474 7.49088
0.12341 16.11376 9.24252
0.70907 92.44653 55.06254
0.05498 7.13124 4.08677
0.19479 25.11260 14.42654
0.02577 3.36439 1.92774
0.01606 2.12045 1.21495
0.24612 32.59971 18.76197
0.39755 52.86362 30.65288
0.17648 23.54093 13.51930
0.51467 69.04697 40.39226
0.01951 2.62219 1.50245
0.81890 109.77315 66.57847
0.79314 106.03888 64.03718
0.62658 84.67729 50.09715
0.77467 104.93669 63.29387
0.80991 110.79243 67.27852
0.56066 76.88308 45.21490
0.66502 91.53282 54.47296
0.77843 107.09464 64.75202
0.75977 104.79544 63.19883
0.70209 96.94836 57.99112
0.62624 86.80056 51.44371
0.34227 47.37734 27.40573
0.26834 37.28663 21.48940
0.75492 105.60790 63.74617
0.70439 98.40303 58.94624
0.48577 68.06691 39.79452
0.65069 91.71853 54.59266
0.06518 9.25192 5.30285
0.16070 23.17868 13.31031
0.43094 62.42457 36.37442
0.68032 98.87568 59.25754
0.79174 114.99203 70.19368
0.22898 33.49706 19.28328
0.68415 101.89713 61.25915
0.02290 3.44447 1.97363
0.42308 64.07865 37.37342
0.15693 23.83596 13.68954
0.10280 15.71006 9.01049
0.36954 57.07466 33.16233
0.08023 12.51282 7.17400
0.06484 10.16877 5.82879
0.05654 8.90644 5.10471
0.17052 27.00662 15.52107
0.09632 15.53237 8.90836
0.14260 23.33748 13.40192
0.18399 30.38876 17.47918
0.16545 27.45404 15.77983
0.39346 66.15878 38.63394
0.44356 74.49442 43.73632
0.44143 74.80189 43.92621
0.55087 93.63881 55.83427
0.60676 103.99427 62.66066
0.12826 22.16420 12.72529
0.51369 88.91773 52.79405
0.08617 15.05055 8.63149
0.03462 6.05980 3.47254
0.15514 27.36213 15.72667
0.51018 90.90314 54.06756
0.38191 67.97491 39.73846
0.03640 6.51622 3.73418
0.38284 68.29662 39.93452
0.29468 52.85611 30.64841
0.46224 82.84609 48.94173
0.38124 69.27980 40.53444
0.11995 21.92927 12.58986
0.46108 84.74735 50.14146
0.47319 87.80474 52.08321
0.53707 100.52726 60.34914
0.06894 13.03728 7.47511
0.10528 19.98817 11.47153
0.38256 73.40099 43.06204
0.32535 62.26571 36.27863
0.40725 78.87666 46.45503
0.07589 15.02070 8.61434
0.36528 72.24232 42.34925
0.55347 110.81366 67.29313
0.52738 106.49516 64.34578
0.35328 71.68434 42.00660
0.03010 6.16401 3.53227
0.02913 5.96080 3.41579
0.06820 14.02073 8.03988
0.02138 4.41830 2.53170
0.05265 10.99017 6.30008
0.15725 32.99488 18.99149
0.03225 6.73040 3.85697
0.36594 75.05728 44.08403
0.33924 68.07639 39.80029
0.40036 78.93034 46.48850
0.56446 109.61943 66.47313
0.34251 65.37159 38.15636
0.49956 93.83919 55.96423
0.02658 4.93114 2.82562
0.35950 65.61222 38.30227
0.01848 3.32557 1.90550
0.27792 49.65604 28.75153
0.37254 65.86277 38.45427
0.45845 80.26624 47.32285
0.64681 112.16772 68.22762
0.08097 14.07276 8.06976
0.20140 34.88919 20.09283
0.03648 6.34235 3.63451
0.26584 46.45370 26.86133
0.13227 23.23898 13.34510
0.63768 112.02133 68.12635
0.63478 112.33633 68.34435
0.13203 23.41414 13.44615
0.05561 9.93660 5.69560
0.21139 38.55137 22.22743
0.43578 80.70509 47.59751
0.53138 100.21702 60.14363
0.51419 99.60572 59.73931
0.57944 115.07818 70.25402
0.50341 102.39779 61.59281
0.54353 113.83375 69.38456
0.39201 85.61536 50.69114
0.11319 25.80018 14.82372
0.44055 103.88906 62.59010
0.33729 81.52511 48.11153
0.41438 101.65377 61.09717
0.42658 105.79594 63.87309
0.38368 97.10071 58.09094
0.25537 64.07943 37.37389
0.29411 74.55473 43.77356
0.47615 121.87795 75.09078
0.29100 74.58016 43.78926
0.39494 104.81764 63.21377
0.40243 104.78868 63.19428
0.22737 59.44325 34.58096
0.31158 84.56695 50.02738
0.30757 81.52110 48.10901
0.29202 80.45691 47.44215
0.18163 48.26523 27.92965
0.25645 67.02322 39.15919
0.04386 11.73990 6.73033
0.22169 55.34020 32.12682
0.16912 43.58782 25.17603
0.24541 58.84304 34.22097
0.32993 82.18901 48.52843
0.04393 10.08905 5.78305
0.18381 40.87797 23.58757
0.18011 41.37792 23.88027
0.37411 77.85794 45.82062
0.59474 126.17003 78.22574
0.40792 79.82169 47.04491
0.45723 87.30786 51.76657
0.47129 90.87995 54.05264
0.44664 80.06984 47.20002
0.57233 102.37810 61.57968
0.66794 112.41068 68.39585
0.52576 86.69372 51.37577
0.69073 110.99437 67.41755
0.78221 120.43408 74.05100
0.43882 66.63221 38.92150
0.19779 28.96361 16.65349
0.10189 14.68915 8.42385
0.26231 36.83346 21.22518
0.37967 52.12093 30.21188
0.76491 102.32394 61.54355
0.43416 56.95461 33.09057
0.50391 65.11897 38.00323
0.17286 21.81687 12.52507
0.60124 74.49227 43.73499
0.46430 56.81692 33.00828
0.08472 10.26451 5.88372
0.64724 76.94872 45.25565
0.15679 18.35685 10.53253
0.32372 37.28304 21.48730
0.38275 43.57171 25.16657
0.06229 6.96816 3.99327
0.16850 18.69309 10.72601
0.03276 3.59464 2.05969
0.06807 7.45765 4.27391
0.08146 8.92793 5.11703
0.53368 58.56707 34.05556
0.69106 75.67287 44.46481
0.61432 66.93167 39.10353
0.28168 30.70336 17.66157
0.22634 24.73098 14.20617
0.01135 1.23900 0.70990
0.25414 27.67528 15.90782
1.07100 110.11821 66.81514
0.93101 107.35968 64.93191
0.06272 6.82202 3.90949
1.05653 114.82448 70.07639
0.42876 46.46401 26.86740
0.04218 4.58390 2.62661
0.20984 22.87028 13.13244
0.11160 12.17226 6.97851
0.20289 22.11876 12.69909
0.04845 5.28779 3.03003
0.07169 7.86099 4.50518
0.08092 8.92148 5.11333
0.29392 32.58817 18.75527
0.19555 21.94027 12.59620
0.59833 67.49529 39.44640
0.03410 3.88699 2.22722
0.57557 66.37306 38.76406
0.05562 6.50916 3.73013
0.17150 20.56624 11.80445
0.28653 34.51092 19.87276
0.16428 20.84957 11.96766
0.65744 83.56651 49.39565
0.26319 34.28226 19.73977
0.29759 39.63186 22.85868
0.12386 16.96138 9.72984
0.20249 28.67153 16.48437
0.25081 36.84829 21.23382
0.20283 31.02638 17.84889
0.14194 22.63051 12.99415
0.30526 50.73461 29.38995
0.13297 22.99055 13.20180
0.18304 33.15311 19.08342
0.15258 28.65497 16.47478
0.12689 24.73985 14.21129
0.03947 7.92872 4.54401
0.54611 112.69142 68.59043
0.04855 10.08312 5.77965
0.20491 44.04196 25.44271
0.13075 27.87270 16.02204
0.52990 113.96130 69.47346
0.41314 90.51171 53.81592
0.41745 92.70570 55.23006
0.39201 90.06522 53.52922
0.33977 77.10516 45.35278
0.53726 122.95600 75.87187
0.44680 105.64050 63.76817
0.46914 108.99223 66.04402
0.36411 88.04624 52.23727
0.39637 94.14956 56.16570
0.19542 46.88471 27.11529
0.40600 101.01002 60.66936
0.45014 108.67938 65.83036
0.38958 97.43335 58.30906
0.43421 106.99575 64.68494
0.51809 128.70300 80.10885
0.43332 110.13851 66.82907
0.41596 105.83106 63.89680
0.52146 134.61259 84.60781
0.49022 127.44972 79.17392
0.33844 88.81491 52.72829
0.22393 58.29031 33.88976
0.26778 71.09687 41.64626
0.31160 80.61454 47.54082
0.25286 68.18836 39.86853
0.31309 84.72576 50.12780
0.21723 56.79451 32.99489
0.13027 36.14257 20.82257
0.11314 29.71138 17.08661
0.31073 85.91484 50.88108
0.16607 43.02852 24.84779
0.15529 41.94043 24.20979
0.20094 53.65339 31.12233
0.04317 11.01034 6.31165
0.23347 61.04027 35.54055
0.35889 89.95396 53.45783
0.03645 9.01102 5.16468
0.05707 13.60756 7.80259
0.23703 55.39193 32.15766
0.25041 56.44951 32.78879
0.30221 66.62429 38.91669
0.05592 11.96335 6.85859
0.47093 97.29527 58.21849
0.48033 95.25393 56.88410
0.49248 93.00058 55.42082
0.38832 70.65135 41.37329
0.41814 73.60336 43.18672
0.46844 80.11409 47.22769
0.45725 75.88961 44.59900
0.02529 4.06585 2.32972
0.59122 92.21835 54.91516
0.13593 20.70373 11.88365
0.00994 1.46415 0.83890
0.06792 9.77446 5.60258
0.00768 1.07692 0.61703
0.46914 64.14932 37.41616
0.12469 16.64192 9.54615
0.55350 72.13578 42.28379
0.13895 17.68609 10.14664
0.62621 78.15480 46.00533
0.75785 92.77131 55.27249
0.96318 115.38113 70.46639
0.14490 16.99344 9.74828
0.29115 33.69780 19.39995
0.16332 18.70442 10.73253
0.16462 18.79366 10.78389
0.83603 94.87115 56.63482
0.13177 14.95488 8.57652
0.07411 8.40140 4.81506
0.07730 8.75830 5.01974
0.02424 2.74025 1.57010
0.22082 24.79468 14.24295
0.05686 6.38162 3.65702
0.06222 6.95052 3.98315
0.04456 4.97212 2.84911
0.03762 4.18882 2.40019
0.12105 13.44861 7.71130
0.26368 29.35182 16.87831
0.07556 8.40669 4.81810
0.02625 2.91696 1.67136
0.24102 26.90540 15.46254
0.12399 13.87480 7.95606
0.18957 21.12252 12.12492
0.07332 8.12200 4.65485
1.03235 114.95084 70.16484
0.07888 8.79221 5.03919
0.02175 2.42220 1.38785
0.08532 9.49580 5.44274
0.02873 3.19824 1.83253
0.07100 7.93073 4.54516
0.13540 14.75964 8.46435
0.02267 2.60987 1.49539
0.69075 77.69043 45.71644
0.07874 8.88679 5.09343
0.02319 2.62693 1.50516
0.26837 30.33572 17.44844
0.73794 83.77998 49.53031
0.21907 24.90086 14.30426
0.16127 18.34046 10.52309
0.10614 12.14532 6.96304
0.81123 92.22406 54.91884
0.16058 18.39414 10.55398
0.69913 79.80438 47.03410
0.16474 18.72373 10.74364
0.37917 42.91732 24.78255
0.09817 11.05831 6.33918
0.08742 9.78480 5.60852
0.13683 15.25395 8.74837
0.03901 4.37324 2.50588
0.07276 8.04958 4.61332
0.08291 9.13628 5.23653
0.17179 18.90736 10.84932
0.27107 29.76146 17.11563
0.90876 99.61732 59.74698
0.16390 17.73036 10.17210
0.08428 9.10920 5.22099
0.02205 2.37098 1.35850
0.11060 11.85396 6.79580
0.45569 48.63117 28.14575
0.69986 73.61733 43.19533
0.17554 18.69209 10.72543
0.24275 25.53958 14.67317
0.16482 17.24182 9.89111
0.19365 20.22723 11.60920
0.09804 10.16672 5.82761
0.04598 4.77003 2.73329
0.16625 17.13572 9.83010
0.03853 3.95247 2.26474
0.00957 0.97716 0.55987
0.00704 0.71581 0.41013
0.17484 17.39757 9.98069
0.12531 12.92727 7.41195
0.07603 7.74863 4.44075
0.01766 1.79981 1.03123
0.01918 1.96019 1.12313
0.26200 26.81577 15.41071
0.06693 6.86260 3.93275
0.15995 16.43509 9.42725
0.31063 31.85139 18.32754
0.23316 23.90667 13.73034
0.29052 29.75326 17.11088
0.14568 14.93643 8.56592
0.26303 26.99464 15.51414
0.34516 35.34620 20.35881
1.13808 116.85849 71.50604
0.31369 32.20654 18.53369
0.04093 4.19215 2.40210
0.03775 3.87543 2.22060
0.11353 11.63112 6.66790
0.16213 16.65627 9.55440
0.00605 0.62156 0.35613
0.03823 3.90847 2.23953
0.01539 1.58124 0.90599
0.00954 0.97766 0.56016
0.02200 2.26554 1.29809
0.11372 11.69077 6.70214
0.08406 8.64785 4.95640
0.11033 11.34675 6.50470
0.03917 4.04711 2.31898
0.03570 3.69202 2.11549
0.01118 1.15495 0.66174
0.12922 13.35126 7.65540
0.09815 10.05443 5.76319
0.03331 3.43239 1.96671
0.17216 17.72526 10.16917
0.09751 10.05512 5.76359
0.09859 10.17710 5.83357
0.10845 11.13629 6.38393
0.15280 15.71817 9.01514
0.02705 2.74223 1.57123
0.05541 5.83287 3.34246
0.01200 1.23774 0.70918
0.10198 10.44965 5.98994
0.10385 10.63509 6.09633
0.04135 4.20742 2.41085
0.18402 18.90657 10.84887
0.12230 12.54490 7.19242
0.09478 9.66789 5.54145
0.13259 13.47294 7.72528
0.19576 19.87428 11.40595
0.05589 5.69365 3.26266
0.00781 0.79729 0.45681
0.03769 3.85113 2.20667
0.02964 3.02187 1.73147
0.08826 8.91322 5.10859
0.08511 8.58391 4.91973
0.14126 14.22841 8.15917
0.04508 4.55782 2.61166
0.08274 8.36012 4.79139
0.06815 6.85812 3.93018
0.02395 2.41028 1.38102
0.08015 8.05578 4.61687
0.21875 22.01710 12.64049
0.22100 22.20915 12.75120
0.05105 5.11576 2.93143
0.13555 13.55908 7.77474
0.08426 8.41435 4.82249
0.02908 2.89192 1.65701
0.04549 4.52489 2.59279
0.11374 11.31709 6.48768
0.03947 3.93408 2.25421
0.14546 14.46136 8.29299
0.04808 4.78542 2.74210
0.11781 11.71447 6.71574
0.30697 30.57632 17.58791
0.23915 23.83694 13.69011
0.16973 16.95060 9.72364
0.20341 20.41616 11.71801
0.21448 21.52108 12.35459
0.09724 9.80902 5.62241
0.30024 30.24329 17.39486
1.05242 106.65030 64.45082
0.14578 14.89873 8.54426
0.14952 15.27944 8.76302
0.28321 28.99642 16.67249
0.12169 12.40607 7.11272
0.61590 63.25821 36.87754
0.32597 33.68399 19.39193
0.16987 17.62019 10.10873
0.16101 16.76896 9.61920
0.06450 6.71597 3.84869
0.13978 14.57228 8.35671
0.01478 1.54634 0.88600
0.13073 13.75250 7.88582
0.09384 10.01346 5.73969
0.02045 2.18055 1.24939
0.11728 12.65869 7.25775
0.16997 18.48692 10.60737
0.20924 23.09037 13.25938
0.12886 14.28314 8.19061
0.04827 5.33992 3.05991
0.07655 8.71238 4.99341
0.98276 111.73742 67.93010
1.00007 114.65558 69.95824
0.47760 55.38501 32.15353
0.62973 74.09061 43.48712
0.32384 38.56361 22.23457
0.03232 3.92698 2.25014
0.09188 11.37088 6.51855
0.02751 3.48015 1.99408
0.04307 5.53782 3.17335
0.02256 2.95126 1.69101
0.04065 5.38050 3.08317
0.49812 66.61810 38.91293
0.37014 50.05992 28.99048
0.03998 5.44181 3.11831
0.20865 28.73674 16.52213
0.31020 43.00747 24.83544
0.16271 22.72912 13.05102
0.07730 10.90100 6.24891
0.69310 97.77755 58.53500
0.05472 8.07134 4.62579
0.04000 5.88742 3.37373
0.52910 78.80533 46.41057
0.68237 103.18364 62.11770
0.11036 16.97471 9.73751
0.59347 93.28086 55.60229
0.68592 110.18748 66.86270
0.13546 22.32729 12.81931
0.48461 81.96138 48.38541
0.63459 110.94292 67.38212
0.51479 92.58732 55.15353
0.47762 88.47138 52.50872
0.60746 115.37620 70.46293
0.08681 17.04211 9.77627
0.55879 112.66222 68.57019
0.39638 81.83590 48.30661
0.46670 98.90836 59.27908
0.52518 114.40817 69.78533
0.45288 101.14791 60.76092
0.48448 111.34805 67.66132
0.42105 99.99673 59.99784
0.39128 95.56765 57.08862
0.38580 96.34034 57.59320
0.46592 119.80677 73.60147
0.40480 107.20905 64.82965
0.34455 95.07395 56.76685
0.40974 116.88455 71.52444
0.42279 123.62081 76.35563
0.39082 114.27108 69.68959
0.02879 8.48214 4.86136
0.42530 119.56667 73.42976
0.38992 118.04073 72.34292
0.41684 122.03358 75.20329
0.41454 124.26700 76.82738
0.34662 104.08178 62.71936
0.34911 105.51961 63.68662
0.27918 88.05954 52.24575
0.42475 129.41292 80.64130
0.39075 122.66385 75.65979
0.29683 86.94672 51.53669
0.24642 72.40791 42.45101
0.44754 121.63379 74.91445
0.04810 12.70775 7.28591
0.47829 128.77279 80.16110
0.03847 9.77405 5.60235
0.44877 115.29446 70.40561
0.34724 83.58691 49.40851
0.40680 98.94435 59.30281
0.32962 75.30371 44.23640
0.30966 69.59769 40.72866
0.45924 97.21819 58.16794
0.04127 8.32785 4.77288
0.62845 122.98630 75.89388
0.03846 7.35178 4.21321
0.30423 57.78005 33.58425
0.60271 107.20985 64.83020
0.66095 115.07435 70.25134
0.52646 90.29216 53.67489
0.53155 87.05385 51.60485
0.00412 0.66689 0.38210
0.70997 110.72626 67.23299
0.70719 108.18333 65.49212
0.40337 60.35369 35.12770
0.77207 112.30144 68.32019
0.56159 79.91318 47.10209
0.67809 94.47207 56.37525
0.27755 38.10390 21.96621
0.84380 113.41042 69.08983
0.56576 74.32950 43.63452
0.53541 69.07196 40.40752
0.73828 93.87310 55.98623
0.27958 35.34907 20.36049
0.49381 61.82563 36.01339
0.43902 54.62667 31.70161
0.32699 40.33383 23.26916
0.05579 6.86781 3.93574
0.13376 16.49058 9.45914
0.13575 16.74268 9.60409
0.01350 1.66368 0.95323
0.05169 6.31858 3.62088
0.20175 24.48827 14.06604
0.16280 19.64479 11.27381
0.08120 9.82395 5.63097
0.02963 3.58802 2.05589
0.05656 6.85268 3.92707
0.47314 57.49862 33.41586
0.06552 7.95427 4.55866
0.92326 112.61713 68.53892
0.03844 4.71296 2.70058
0.01338 1.64428 0.94212
0.05660 6.96988 3.99425
0.16487 20.42406 11.72256
0.03453 4.30675 2.46778
0.14251 17.94833 10.29749
0.03610 4.56354 2.61494
0.05920 7.56304 4.33434
0.24572 31.76751 18.27886
0.02678 3.53016 2.02274
0.01451 1.95387 1.11950
0.77789 107.58028 65.08178
0.05490 7.77674 4.45687
0.59304 86.08064 50.98630
0.42755 63.86022 37.24133
0.29261 44.72118 25.84183
0.19347 30.45355 17.51674
0.17990 29.51622 16.97355
0.37975 64.39268 37.56341
0.42391 74.73340 43.88390
0.49375 89.93115 53.44320
0.42068 79.71100 46.97575
0.34591 68.21311 39.88361
0.29362 60.51686 35.22578
0.45126 97.18070 58.14337
0.48794 108.23188 65.52520
0.48130 108.57580 65.75968
0.41010 93.37318 55.66209
0.20135 45.76818 26.45768
0.47840 110.51728 67.08927
0.48881 112.43693 68.41403
0.17200 40.81477 23.55058
0.48088 114.49029 69.84270
0.35996 85.56693 50.66044
0.41704 102.91111 61.93550
0.51353 123.49494 76.26392
0.42999 107.99934 65.36683
0.49427 120.89675 74.38341
0.29473 76.14193 44.75529
0.38961 96.37982 57.61902
0.34878 90.38766 53.73622
0.40629 104.85938 63.24185
0.44863 122.21145 75.33198
0.42331 110.73746 67.24069
0.29591 76.42404 44.93015
0.34359 91.60130 54.51709
0.48676 122.39702 75.46635
0.29559 78.21417 46.04230
0.45534 113.47089 69.13190
0.29910 76.95650 45.26048
0.37356 90.79899 54.00057
0.50278 121.11161 74.53802
0.22729 56.72212 32.95163
0.34797 81.74053 48.24673
0.31057 73.70944 43.25209
0.34588 76.96861 45.26799
0.43484 92.87412 55.33899
0.29708 64.19373 37.44303
0.50760 104.33348 62.88833
0.01400 2.85083 1.63346
0.14649 28.82561 16.57358
0.47541 90.99265 54.12514
0.02648 4.88496 2.79915
0.04258 7.55111 4.32749
0.66316 115.82245 70.77625
0.04709 8.00170 4.58586
0.64681 107.81759 65.24314
0.65449 106.51452 64.35888
0.55726 87.54583 51.91816
0.11229 17.26376 9.90373
0.03409 5.07547 2.90834
0.17728 25.88091 14.87037
0.80498 115.20557 70.34329
0.08137 11.43358 6.55453
0.81103 111.77299 67.95468
0.85740 115.08313 70.25749
0.16483 21.54766 12.36991
0.78948 101.25822 60.83419
0.89333 112.76061 68.63843
0.05224 6.54923 3.75311
0.86496 107.01906 64.70075
0.83284 102.49662 61.65874
0.89517 111.31970 67.64177
0.41298 51.35027 29.75477
0.86035 106.75357 64.52078
0.11941 14.76005 8.46458
0.55633 68.80183 40.24264
0.07641 9.39535 5.38512
0.65759 81.00164 47.78328
0.77728 95.15399 56.81899
0.67280 80.68551 47.58525
0.49944 61.51581 35.82679
0.00528 0.64211 0.36790
0.01104 1.34530 0.77081
0.05372 6.53131 3.74283
0.05136 6.22549 3.56752
0.03491 4.22268 2.41960
0.05605 6.77455 3.88228
0.01101 1.32888 0.76140
0.09489 11.49290 6.58858
0.10858 13.12959 7.52811
0.05203 6.30985 3.61588
0.04361 5.29323 3.03315
0.04180 5.08464 2.91360
0.03291 4.01713 2.30180
0.03806 4.66324 2.67208
0.04904 6.01564 3.44723
0.03082 3.77892 2.16529
0.06146 7.57575 4.34162
0.03546 4.39873 2.52049
0.01376 1.72289 0.98716
0.02393 3.00573 1.72222
0.01308 1.65119 0.94607
0.06171 7.79301 4.46620
0.04713 5.96523 3.41833
0.04747 6.04381 3.46337
0.05568 7.07446 4.05422
0.01377 1.75501 1.00556
0.87201 111.44598 67.72889
0.08390 10.90732 6.25253
0.03299 4.28888 2.45754
0.00637 0.83014 0.47564
0.49177 64.26197 37.48432
0.06309 8.24840 4.72733
0.50512 66.28128 38.70832
0.82601 108.50625 65.71224
0.05677 7.48711 4.29080
0.01017 1.34790 0.77229
0.00622 0.83259 0.47704
0.15874 21.27405 12.21223
0.10141 13.58997 7.79249
0.00540 0.71552 0.40997
0.17892 24.47421 14.05792
0.01392 1.91109 1.09499
0.19495 27.23611 15.65378
0.58796 81.27667 47.95569
0.87452 119.96418 73.71414
0.64437 88.60812 52.59609
0.35320 49.02010 28.37555
0.06173 8.64195 4.95302
0.03308 4.65509 2.66741
0.14211 20.10048 11.53620
0.17045 24.19990 13.89958
0.02375 3.40202 1.94931
0.03825 5.50637 3.15531
0.60174 86.74797 51.41027
0.04046 5.88516 3.37244
0.74568 109.28689 66.24549
0.03828 5.64541 3.23501
0.06045 8.96330 5.13731
0.02048 3.06190 1.75441
0.05310 8.06324 4.62115
0.74253 113.70476 69.29470
0.02316 3.56297 2.04154
0.05684 8.75676 5.01886
0.04199 6.49608 3.72264
0.03070 4.76610 2.73103
0.04506 7.00972 4.01710
0.31453 49.46376 28.63782
0.02496 3.92982 2.25177
0.59668 94.78270 56.57727
0.16769 26.71948 15.35504
0.62477 99.87204 59.91536
0.07700 12.37973 7.09760
0.14581 23.37243 13.42209
0.08905 14.19018 8.13721
0.64286 101.28138 60.84958
0.23923 37.12717 21.39641
0.10402 15.90487 9.12245
0.03573 5.36518 3.07439
0.06950 10.36126 5.93923
0.15295 22.46802 12.90046
0.11775 17.02307 9.76532
0.74888 106.24732 64.17809
0.06825 9.52148 5.45747
0.24947 34.43989 19.83145
0.23136 31.61237 18.18884
0.12338 16.54205 9.48873
0.05674 7.42349 4.25432
0.00624 0.80084 0.45885
0.06889 8.67067 4.96949
0.90143 111.29017 67.62141
0.04485 5.45679 3.12690
0.91453 109.06514 66.09385
0.03323 3.91192 2.24151
0.04523 5.19168 2.97495
0.97290 112.70939 68.60290
0.16777 18.93712 10.86645
0.04326 4.77397 2.73554
0.60414 65.92787 38.49377
1.07490 115.76350 70.73483
0.99703 106.00035 64.01115
0.06407 6.73349 3.85874
0.17470 18.16466 10.42195
0.06657 6.87031 3.93717
0.72514 74.12653 43.50928
0.14063 14.17730 8.12981
0.72465 72.73883 42.65448
0.31498 31.69419 18.23631
0.68334 68.76955 40.22295
0.07064 7.07913 4.05689
0.03345 3.31685 1.90050
0.02972 2.94238 1.68592
1.18768 117.27606 71.80112
0.27507 27.25464 15.66450
0.02233 2.21543 1.26937
0.05353 5.33839 3.05904
0.52499 51.93390 30.10091
0.88620 88.41272 52.47124
0.06350 6.40483 3.67033
0.03418 3.40360 1.95021
0.18546 18.58743 10.66520
0.41615 41.74374 24.09455
0.80171 80.61062 47.53836
0.96339 96.86259 57.93494
0.17923 18.02724 10.34289
0.10455 10.56642 6.05694
0.12084 12.30690 7.05579
0.59072 60.30496 35.09842
0.71175 72.87941 42.74096
1.04691 107.10740 64.76067
0.65189 66.77590 39.00883
0.20129 20.94122 12.02047
0.21207 22.08372 12.67890
0.77343 80.95015 47.75102
0.96396 101.41421 60.93786
0.12679 13.33096 7.64374
0.03575 3.76053 2.15475
0.18261 19.30040 11.07555
0.08055 8.53548 4.89196
0.11441 12.29393 7.04834
0.06752 7.21694 4.13590
0.03857 4.13011 2.36654
0.03280 3.52727 2.02108
0.01054 1.13617 0.65098
0.04585 4.95703 2.84046
0.71922 77.67128 45.70454
0.02057 2.21594 1.26966
0.06650 7.16168 4.10422
0.24837 26.75393 15.37496
0.24306 26.19752 15.05333
0.17115 18.36796 10.53892
0.05335 5.72173 3.27876
0.52784 56.74585 32.96581
0.98029 105.47465 63.65630
0.04159 4.44764 2.54852
0.16343 17.27022 9.90744
0.19078 20.66433 11.86096
0.32784 34.99531 20.15459
0.70855 75.30644 44.23809
0.40655 43.06734 24.87057
0.50893 53.99317 31.32447
0.42258 44.86420 25.92591
0.09175 9.67532 5.54571
0.16265 17.17441 9.85235
0.70302 74.10841 43.49810
0.09522 10.06864 5.77134
0.20855 21.98252 12.62056
0.11781 12.44966 7.13774
0.31009 32.73134 18.83842
0.65235 68.33158 39.95583
0.09153 9.61564 5.51148
0.09492 10.04075 5.75535
0.93447 99.15356 59.44078
0.75386 80.46500 47.44721
0.17239 18.37257 10.54157
0.08327 8.87980 5.08943
0.35369 37.72822 21.74698
0.34614 36.85869 21.23988
0.04613 4.96495 2.84500
0.27508 29.69614 17.07778
1.03039 112.28664 68.30994
0.06249 6.88680 3.94663
0.47059 52.66789 30.53661
0.67082 75.75946 44.51841
1.05882 121.56682 74.86612
0.08254 9.71143 5.56643
0.09903 11.91821 6.83268
0.14570 17.76328 10.19104
0.94590 115.70989 70.69717
0.19934 24.39238 14.01069
0.02982 3.65242 2.09280
0.04659 5.70251 3.26774
0.07384 9.07738 5.20275
0.87296 107.31234 64.89977
0.15622 19.23855 11.03995
0.06748 8.35734 4.78980
0.05291 6.60290 3.78387
0.22372 28.22711 16.22712
0.12307 15.50438 8.89228
0.01199 1.50990 0.86512
0.05936 7.48285 4.28836
0.13151 16.71949 9.59076
0.06884 8.73837 5.00831
0.16393 20.79989 11.93905
0.06216 8.04927 4.61314
0.01758 2.27981 1.30627
0.54367 70.53610 41.30271
0.58729 76.29214 44.84839
0.34967 45.25100 26.15338
0.33044 42.78686 24.70602
0.08463 11.09155 6.35825
0.09657 12.81242 7.34601
0.13361 17.94073 10.29312
0.77425 106.03831 64.03680
0.01591 2.22813 1.27665
0.80977 116.14588 71.00373
0.69390 102.52355 61.67671
0.72876 111.18750 67.55063
0.46117 73.55998 43.15999
0.09737 16.20640 9.29578
0.23134 40.39780 23.30659
0.36599 66.70186 38.96383
0.13409 25.63894 14.73057
0.13100 26.17525 15.04046
0.15629 32.51038 18.71010
0.35370 75.71896 44.49333
0.43832 94.15315 56.16803
0.34622 76.06322 44.70653
0.51446 113.76726 69.33823
0.50872 114.20808 69.64561
0.08146 17.98539 10.31881
0.44024 107.11475 64.76566
0.49183 120.58388 74.15855
0.44888 115.58645 70.61048
0.40625 111.27762 67.61275
0.33733 99.03626 59.36342
0.30558 95.95597 57.34205
0.33800 106.27963 64.19994
0.30815 97.54281 58.38089
0.32855 104.07514 62.71492
0.34175 109.84482 66.62760
0.30715 99.49559 59.66657
0.27621 90.94503 54.09451
0.32647 107.53974 65.05423
0.35728 120.67694 74.22539
0.34783 118.25306 72.49370
0.34126 115.42675 70.49839
0.28108 93.83186 55.95947
0.34964 114.48217 69.83703
0.31900 104.14220 62.75991
0.29442 93.83029 55.95846
0.36475 114.30945 69.71638
0.32421 100.18707 60.12381
0.30373 92.33532 54.99070
0.42171 125.74031 77.90878
0.39913 114.99664 70.19691
0.30819 87.05535 51.60581
0.41475 112.66444 68.57172
0.45047 119.33176 73.26195
0.43760 111.81422 67.98316
0.36478 89.92417 53.43872
0.39616 96.05168 57.40456
0.42172 98.39211 58.93905
0.46670 106.76212 64.52657
0.32551 72.23118 42.34240
0.45351 97.82774 58.56797
0.55909 119.17723 73.15166
0.60667 125.01013 77.37181
0.35632 71.73422 42.03721
0.07825 15.47930 8.87787
0.37614 72.42239 42.45991
0.63285 121.76362 75.00819
0.45086 83.76599 49.52148
0.42220 77.61372 45.66875
0.46581 84.02549 49.68527
0.61534 107.85813 65.27073
0.58647 102.01245 61.33595
0.65900 111.45349 67.73407
0.23628 39.59827 22.83905
0.61457 99.40997 59.61002
0.60877 98.37774 58.92959
0.63492 100.84387 60.55909
0.75852 117.56089 72.00272
0.66667 104.12465 62.74814
0.57322 86.81645 51.45382
0.76480 116.80288 71.46679
0.05775 8.79125 5.03864
0.40958 60.40627 35.15930
0.35901 53.45301 31.00317
0.73078 105.14908 63.43687
0.78288 112.19503 68.24652
0.04469 6.23506 3.57301
0.84688 118.10854 72.39106
0.14424 19.90581 11.42410
0.06459 8.75974 5.02057
0.03184 4.29141 2.45898
0.04655 6.15349 3.52625
0.15348 20.25118 11.62299
0.08272 10.72559 6.14826
0.16273 20.87972 11.98504
0.23357 29.73282 17.09903
0.07495 9.49597 5.44284
0.23940 30.20873 17.37483
0.18035 22.56028 12.95366
0.37658 46.40307 26.83150
0.92828 112.99469 68.80089
0.93097 111.71150 67.91220
0.38893 46.74039 27.03024
0.96792 115.66428 70.66513
0.61533 73.16983 42.91970
0.10326 12.22854 7.01081
0.05293 6.21208 3.55983
0.07699 8.87456 5.08642
0.03632 4.36694 2.50227
0.09061 10.60317 6.07802
0.05239 6.12832 3.51182
0.18891 22.21395 12.75397
0.07341 8.54628 4.89815
0.04901 5.85411 3.35464
0.08750 10.37728 5.94841
0.09575 11.43489 6.55528
0.17884 21.48096 12.33147
0.21498 25.93774 14.90321
0.89388 109.24317 66.21558
0.38405 47.83497 27.67569
0.20052 25.43794 14.61445
0.26725 34.67432 19.96782
0.10495 13.93244 7.98917
0.09967 13.44912 7.71160
0.04077 5.82209 3.33628
0.20481 29.54617 16.99090
0.13368 19.46623 11.17101
0.43038 64.47214 37.61150
0.39396 62.18120 36.22768
0.58962 93.15365 55.51991
0.70948 114.12796 69.58971
0.64055 109.47604 66.37494
0.45218 76.34488 44.88108
0.06058 10.59769 6.07488
0.53026 93.04274 55.44811
0.50071 88.24661 52.36516
0.39733 71.87198 42.12178
0.12418 22.59618 12.97436
0.07542 14.22092 8.15487
0.60605 117.48938 71.95208
0.40988 79.07404 46.57813
0.37251 75.07664 44.09600
0.60536 118.75505 72.85074
0.46767 97.00325 58.02707
0.54199 107.80668 65.23573
0.56158 119.59953 73.45325
0.54234 108.92305 65.99675
0.49967 108.30708 65.57644
0.59808 121.02133 74.47303
0.48019 106.02067 64.02488
0.46525 103.64669 62.42766
0.59842 124.43202 76.94810
0.27686 61.98325 36.10836
0.50095 103.89863 62.59652
0.44532 97.94074 58.64222
0.57037 116.00294 70.90315
0.04647 9.98619 5.72405
0.50412 101.37580 60.91233
0.03484 7.23547 4.14652
0.51666 104.38055 62.91994
0.02121 4.06065 2.32674
0.34862 66.98523 39.13609
0.50585 92.15545 54.87455
0.02502 4.66287 2.67187
0.60401 106.08846 64.07068
0.04293 7.77430 4.45547
0.03701 6.36642 3.64830
0.01435 2.40091 1.37565
0.50961 82.05087 48.44163
0.54255 87.54481 51.91751
0.57525 89.20007 52.97472
0.40106 61.02736 35.53279
0.63790 95.37322 56.96184
0.04675 6.82820 3.91303
0.04760 6.83515 3.91702
0.09951 13.97826 8.01549
0.02891 3.98362 2.28260
0.14386 19.44239 11.15729
0.08496 11.26463 6.45757
0.07857 10.28167 5.89356
0.07902 10.12379 5.80298
0.15754 19.91814 11.43120
0.08932 11.11155 6.36973
0.07126 8.72422 5.00019
0.07709 9.29742 5.32895
0.01219 1.44924 0.83036
0.14268 16.71846 9.59016
0.06216 7.16469 4.10594
0.10504 11.99416 6.87627
0.10414 11.68709 6.70002
0.22854 25.38567 14.58426
0.27098 29.79804 17.13682
0.12983 14.13648 8.10636
0.10692 11.55187 6.62242
0.10451 11.19012 6.41482
0.81900 87.14195 51.66093
0.14468 15.30751 8.77914
0.03849 4.05695 2.32462
0.88010 92.54916 55.12886
0.04196 4.39608 2.51897
0.04288 4.50058 2.57886
0.00884 0.92832 0.53189
0.09931 10.43299 5.98038
0.59452 62.77801 36.58764
0.11184 11.71457 6.71580
0.06954 7.30450 4.18610
1.05951 111.26921 67.60695
0.05152 5.44179 3.11830
0.11196 11.88201 6.81190
0.06381 6.78541 3.88850
0.03020 3.21387 1.84149
0.18605 19.81495 11.37179
0.10039 10.73770 6.15521
0.01998 2.13972 1.22599
0.00857 0.91962 0.52691
0.05794 6.23684 3.57403
0.02421 2.60662 1.49353
0.07662 8.28373 4.74758
0.05058 5.44586 3.12063
0.15276 16.45681 9.43973
0.13372 14.39918 8.25727
0.22139 23.75871 13.64496
0.07048 7.58905 4.34925
0.81748 87.79906 52.07959
1.00818 108.38066 65.62660
0.19185 20.53587 11.78696
0.12508 13.34306 7.65069
0.98026 104.39468 62.92944
0.08198 8.68366 4.97693
0.13663 14.47045 8.29821
0.12070 12.72989 7.29863
0.01573 1.64837 0.94446
0.05523 5.77997 3.31214
0.04862 5.08789 2.91546
0.06607 6.90186 3.95526
0.30794 31.84796 18.32555
0.23764 24.45250 14.04539
0.11837 12.09529 6.93432
0.10229 10.41222 5.96846
0.23159 23.37487 13.42349
0.26910 27.03922 15.53992
0.19334 19.32411 11.08920
0.10763 10.57751 6.06330
0.24713 24.50327 14.07470
0.02388 2.33422 1.33744
0.20060 19.67607 11.29183
0.09378 9.15280 5.24600
0.02596 2.50697 1.43642
0.19922 19.09872 10.95946
0.16366 15.59406 8.94382
0.07646 7.23555 4.14657
0.08737 8.26758 4.73833
0.07339 6.87531 3.94004
0.13230 12.42431 7.12319
0.05110 4.78591 2.74239
0.14826 13.86688 7.95151
0.25267 23.65418 13.58465
0.15941 14.92117 8.55715
0.02583 2.41096 1.38141
0.65073 60.89337 35.45218
0.43676 40.83661 23.56336
0.08673 8.10292 4.64390
0.28457 26.62443 15.30010
0.80280 75.19547 44.16946
0.14759 13.79470 7.91006
0.28965 27.13012 15.59249
0.10364 9.68453 5.55100
0.05249 4.92200 2.82038
0.12529 11.73550 6.72781
0.03632 3.39651 1.94615
0.10497 9.84089 5.64069
0.06487 6.06324 3.47451
0.28013 26.22866 15.07133
0.10510 9.86548 5.65480
0.04356 4.07665 2.33591
0.05444 5.10851 2.92728
0.06019 5.64984 3.23755
0.02688 2.52368 1.44600
0.01548 1.44955 0.83054
0.03561 3.31245 1.89798
0.14554 13.50340 7.74277
0.15466 14.37652 8.24425
0.06872 6.36273 3.64619
0.05705 5.28031 3.02575
0.09916 9.18161 5.26252
0.97807 90.18737 53.60762
0.95155 87.88404 52.13379
0.24405 22.56199 12.95465
0.17193 15.82071 9.07408
0.07173 6.58688 3.77468
0.30323 27.62890 15.88098
0.06896 6.28392 3.60101
0.01669 1.51890 0.87028
1.02146 92.92763 55.37361
0.20017 17.98250 10.31715
0.94932 85.33075 50.51077
0.62144 55.87019 32.44294
0.06176 5.57830 3.19654
0.40581 36.40291 20.97425
0.06170 5.48762 3.14457
0.01716 1.50783 0.86393
0.04131 3.64115 2.08634
0.13290 11.68078 6.69641
0.14072 12.30934 7.05720
0.13144 11.47078 6.57588
0.05864 5.09734 2.92088
0.03135 2.71851 1.55764
0.12289 10.59947 6.07590
0.10410 8.97701 5.14518
0.33744 28.91901 16.62766
0.00612 0.52249 0.29937
0.10071 8.58718 4.92161
0.03086 2.63739 1.51115
0.13836 11.87598 6.80844
0.07650 6.55830 3.75830
0.18937 16.27976 9.33795
0.44694 38.51508 22.20624
0.28974 24.97679 14.34811
0.09682 8.36937 4.79669
0.12501 10.82151 6.20330
0.05725 4.97809 2.85253
1.25938 109.37664 66.30690
0.50949 44.47467 25.69694
0.11357 9.99484 5.72901
0.02423 2.12908 1.21989
0.20192 17.79337 10.20835
0.29997 26.43026 15.18785
0.23716 21.02909 12.07109
0.15786 14.04165 8.05190
0.11863 10.70269 6.13512
0.23429 21.14847 12.13987
0.13044 11.87557 6.80820
0.04629 4.28214 2.45367
0.04269 3.98125 2.28124
0.09459 8.93696 5.12221
0.22669 21.74327 12.48265
0.19987 19.35409 11.10646
0.09000 8.97103 5.14174
0.11048 11.08593 6.35502
0.66869 68.36379 39.97547
0.81317 84.49463 49.98165
0.86738 91.28291 54.31197
0.29048 31.28772 18.00048
0.04942 5.40212 3.09557
0.76029 84.62975 50.06709
0.79999 91.00029 54.13005
0.04352 5.03513 2.88522
0.02302 2.72602 1.56194
0.02870 3.43122 1.96604
0.06360 7.76418 4.44966
0.72460 89.49693 53.16483
0.61730 79.80904 47.03700
0.70949 99.64817 59.76737
0.10694 15.00397 8.60473
0.04903 6.87804 3.94161
0.65682 92.15002 54.87104
0.09606 13.49920 7.74036
0.09762 13.71814 7.86609
0.54523 76.55949 45.01414
0.77998 109.62392 66.47621
0.30194 42.46484 24.51718
0.56454 79.47699 46.82960
0.50747 71.36819 41.81263
0.50473 71.07320 41.63176
0.63128 88.89246 52.77788
0.60818 85.66546 50.72291
0.72851 98.99108 59.33362
0.56313 91.92094 54.72320
0.29068 48.90337 28.30657
0.36932 64.03790 37.34877
0.18062 32.46785 18.68540
0.56083 105.22067 63.48510
0.59401 115.40315 70.48183
0.31863 65.24764 38.08122
0.52950 114.03946 69.52797
0.38465 88.13693 52.29514
0.49747 121.03902 74.48577
0.46719 121.08626 74.51977
0.19363 53.96074 31.30517
0.39420 118.38102 72.58463
0.35581 114.92543 70.14705
0.29511 102.21685 61.47216
0.31519 118.09287 72.37993
0.28164 114.32867 69.72980
0.26894 115.83160 70.78269
0.25862 116.87828 71.52002
0.20060 93.42198 55.69372
0.22626 108.70934 65.85081
0.23644 116.62087 71.33837
0.15645 78.90313 46.47154
0.21971 111.42567 67.71487
0.23698 119.41556 73.32179
0.22154 111.23651 67.58441
0.20473 102.85038 61.89493
0.22686 114.84660 70.09187
0.18105 91.70785 54.58577
0.24273 122.26188 75.36848
0.21133 106.77673 64.53647
0.16653 84.27548 49.84316
0.19412 96.62013 57.77621
0.23091 108.66782 65.82247
0.27528 120.20288 73.88517
0.25184 100.45322 60.30008
0.29767 109.86941 66.64446
0.32269 111.47053 67.74583
0.21341 70.04342 41.00119
0.33706 104.01091 62.67182
0.41181 120.28391 73.94327
0.41298 112.02772 68.13077
0.41478 106.15283 64.11420
0.41453 100.01083 60.00717
0.43788 99.32162 59.55169
0.45002 97.06937 58.07040
0.53359 109.26417 66.22995
0.28978 57.22913 33.25468
0.03406 6.46681 3.70585
0.07114 13.08969 7.50520
0.06859 12.29943 7.05151
0.05133 8.90044 5.10126
0.64230 107.50719 65.03212
0.12395 20.00520 11.48134
0.08558 13.35941 7.66008
0.46892 70.79026 41.45837
0.72438 106.54199 64.37748
0.06266 9.06609 5.19627
0.16974 24.02858 13.80070
0.01019 1.41718 0.81199
0.15865 21.32423 12.24115
0.20335 26.44556 15.19670
0.09464 11.95345 6.85291
0.52978 65.67887 38.34270
0.02166 2.66381 1.52630
0.13895 16.68186 9.56912
0.07137 8.47894 4.85953
0.37268 43.00295 24.83279
0.27071 30.72034 17.67141
0.85440 95.95253 57.33980
0.73405 81.44146 48.05904
0.07332 8.02413 4.59872
0.24923 26.95906 15.49357
0.02282 2.44403 1.40036
0.29029 30.70430 17.66212
0.03404 3.55092 2.03463
0.77498 79.89930 47.09341
1.05799 107.59406 65.09115
0.04832 4.88632 2.79994
0.02842 2.85237 1.63434
0.05139 5.12416 2.93625
0.00616 0.61292 0.35118
0.12162 11.96839 6.86148
0.05960 5.83128 3.34155
0.58548 56.96250 33.09528
0.04305 4.17590 2.39279
0.85322 82.10336 48.47461
0.05651 5.42976 3.11141
0.85918 81.69181 48.21614
0.36625 34.74316 20.00787
0.91334 86.70274 51.38151
0.05543 5.22158 2.99208
0.07046 6.63795 3.80396
0.14264 13.41705 7.69318
1.17941 110.83262 67.30618
0.14953 14.07980 8.07381
0.16798 15.76464 9.04185
0.36345 34.31796 19.76053
0.74344 70.08157 41.02452
0.31542 29.61838 17.03273
0.19332 18.06638 10.36541
0.05040 4.71061 2.69923
0.02691 2.53157 1.45052
0.05656 5.35427 3.06814
0.13169 12.47382 7.15162
0.79203 74.81012 43.93129
0.14160 13.26921 7.60829
0.03220 3.01054 1.72498
0.43904 41.02714 23.67489
0.17595 16.48014 9.45314
0.05682 5.32509 3.05141
0.21457 20.13433 11.55569
0.06404 6.00271 3.43982
0.12043 11.23014 6.43778
0.10589 9.87373 5.65953
0.11857 11.01845 6.31630
0.43768 40.96828 23.64043
0.28150 26.33397 15.13219
0.12535 11.70492 6.71026
0.27028 25.10775 14.42374
0.38732 35.82172 20.63569
0.14285 13.20643 7.57224
0.03649 3.38817 1.94137
0.47373 44.05715 25.45163
0.07118 6.59702 3.78050
0.40224 37.24993 21.46799
0.19821 18.34581 10.52617
0.25693 23.77086 13.65197
0.11362 10.49939 6.01847
0.18636 17.20948 9.87251
0.22180 20.51888 11.77718
0.40853 37.83774 21.81088
0.01483 1.36762 0.78359
0.07617 7.00156 4.01242
0.03310 3.02711 1.73447
0.07726 7.06598 4.04935
0.11212 10.27176 5.88787
0.02975 2.72744 1.56276
0.09394 8.60502 4.93184
0.20717 19.01751 10.91272
0.19239 17.71638 10.16406
0.13908 12.66065 7.25887
0.17108 15.58632 8.93937
0.18014 16.44169 9.43104
0.34953 31.84842 18.32582
0.18068 16.44321 9.43191
0.14834 13.50711 7.74490
0.12241 11.12556 6.37777
0.71076 64.63853 37.71223
0.08363 7.57556 4.34151
0.08424 7.64186 4.37953
0.77143 70.01985 40.98677
0.14397 13.03265 7.47245
0.08836 7.98298 4.57513
0.19225 17.30856 9.92950
0.31337 28.30263 16.27083
0.87378 78.90417 46.47219
0.09573 8.62265 4.94195
0.19782 17.75129 10.18414
0.17218 15.47408 8.87486
0.05590 5.02023 2.87668
0.06316 5.64019 3.23202
0.04454 3.98726 2.28469
0.04009 3.57463 2.04822
0.17850 15.99689 9.17534
0.11945 10.66100 6.11120
0.39168 34.93924 20.12196
0.19198 17.06849 9.79143
0.29289 25.91575 14.89050
0.10690 9.45807 5.42110
0.11577 10.23784 5.86842
0.54359 48.02918 27.79030
0.24306 21.44099 12.30844
0.31379 27.72505 15.93661
0.24801 21.82444 12.52943
0.19925 17.56687 10.07806
0.12864 11.30732 6.48207
0.81489 71.49577 41.89089
0.70658 62.11126 36.18552
1.12822 98.79823 59.20650
0.23762 20.80073 11.93953
0.19379 17.00448 9.75463
0.16699 14.66457 8.40973
0.14790 12.94842 7.42409
0.05615 4.90933 2.81312
0.13477 11.75649 6.73986
0.01673 1.47320 0.84409
0.27523 24.12983 13.85913
0.14184 12.45896 7.14308
0.17324 15.17397 8.70241
0.04119 3.63314 2.08175
0.02288 2.02037 1.15761
0.04730 4.15834 2.38272
0.07791 6.81236 3.90395
0.09208 8.14456 4.66778
0.16300 14.48329 8.30559
0.18823 16.90330 9.69644
0.11273 10.11814 5.79975
0.14079 12.56097 7.20164
0.66958 59.60774 34.67968
0.18933 16.91832 9.70508
0.04790 4.32082 2.47584
0.04432 4.01967 2.30326
0.10915 10.04986 5.76057
0.11775 10.89843 6.24744
0.05806 5.34325 3.06182
0.88874 81.09531 47.84199
0.04605 4.22149 2.41892
0.10509 9.80466 5.61991
0.02290 2.17129 1.24408
0.05777 5.50348 3.15366
0.06954 6.82486 3.91112
0.24062 23.31425 13.38852
0.07188 6.94096 3.97768
0.19371 18.75387 10.76099
0.08619 8.44106 4.83781
0.66117 65.32574 38.12856
0.03315 3.31595 1.89999
0.70781 71.10327 41.65019
0.06914 6.99160 4.00671
0.24661 25.29634 14.53266
0.17078 17.42277 9.99518
0.41576 42.58763 24.58918
0.25431 26.22275 15.06791
0.32713 34.28289 19.74014
0.25636 27.02384 15.53103
0.02560 2.69567 1.54455
0.12244 12.97742 7.44074
0.02218 2.36116 1.35288
0.01596 1.72365 0.98759
0.40662 44.07720 25.46341
0.18735 20.39296 11.70465
0.04792 5.22646 2.99488
0.06573 7.20619 4.12974
0.09484 10.45343 5.99211
0.19204 21.22252 12.18255
0.22837 25.47676 14.63688
0.27431 30.90667 17.77946
0.16200 18.25465 10.47372
0.19736 22.22488 12.76027
0.17811 20.02469 11.49256
0.21876 24.85191 14.27600
0.10200 11.71468 6.71586
0.26666 30.91734 17.78565
0.14910 17.37640 9.96851
0.69914 81.59120 48.15300
0.41964 48.92134 28.31718
0.05735 6.74023 3.86260
0.05723 6.76599 3.87737
0.17800 21.32465 12.24139
0.46457 55.77129 32.38393
0.11532 14.01063 8.03408
0.12866 15.87897 9.10757
0.16787 21.19375 12.16597
0.00196 0.24950 0.14295
0.47487 61.48547 35.80852
0.04849 6.35619 3.64244
0.65869 87.77224 52.06249
0.80133 108.52359 65.72407
0.09016 12.30848 7.05670
0.64884 90.62526 53.88888
0.64023 90.68914 53.92994
0.46968 67.60932 39.51581
0.77098 112.44570 68.42011
0.03966 5.88368 3.37159
0.75208 112.99026 68.79782
0.75358 115.27516 70.39207
0.52236 81.42025 48.04574
0.75372 119.92916 73.68906
0.60668 98.58812 59.06809
0.44884 74.75928 43.89989
0.63762 108.05009 65.40138
0.51033 87.63612 51.97570
0.50680 88.97079 52.82799
0.50828 90.04768 53.51796
0.31146 56.69231 32.93382
0.57701 107.10261 64.75742
0.59269 113.13380 68.89752
0.46817 90.59645 53.87037
0.33735 66.71621 38.97255
0.39673 79.95074 47.12557
0.50069 103.06507 62.03841
0.48073 101.68604 61.11864
0.10097 21.75798 12.49113
0.25921 57.47808 33.40357
0.46177 106.20251 64.14779
0.01312 3.11539 1.78506
0.50024 122.65060 75.65018
0.41168 104.64409 63.09704
0.34229 88.48254 52.51584
0.41349 112.51700 68.46951
0.44130 121.32715 74.69328
0.43134 122.10948 75.25819
0.41520 123.53097 76.29016
0.38722 113.53648 69.17754
0.40715 127.57955 79.27048
0.28929 88.70790 52.65987
0.29903 92.81212 55.29888
0.40669 130.72429 81.63041
0.37057 116.81462 71.47507
0.28666 93.44194 55.70665
0.37564 120.73015 74.26363
0.30607 100.53121 60.35176
0.27727 93.66451 55.85093
0.27953 92.75761 55.26363
0.38589 130.43372 81.41061
0.30702 104.02363 62.68035
0.25787 90.58167 53.86087
0.26873 94.10121 56.13430
0.06441 22.13899 12.71076
0.28993 98.50333 59.01226
0.25075 84.66412 50.08882
0.24737 83.55852 49.39061
0.24885 85.69564 50.74204
0.25569 86.42637 51.20586
0.35074 118.32339 72.54367
0.29271 99.14536 59.43537
0.32993 109.64395 66.48993
0.34488 114.72734 70.00843
0.32466 105.64391 63.77047
0.23889 76.15966 44.76628
0.30369 93.76346 55.91510
0.35686 108.89220 65.97568
0.24852 74.90368 43.98910
0.26479 78.87805 46.45590
0.28795 82.32632 48.61474
0.32262 93.55844 55.78216
0.30888 85.64158 50.70776
0.32974 89.29179 53.03344
0.25245 67.11332 39.21399
0.31896 82.45620 48.69641
0.18780 46.10571 26.65639
0.26820 63.70349 37.14658
0.42753 97.19799 58.15470
0.40239 86.84160 51.46982
0.45184 94.95042 56.68642
0.29247 59.47435 34.59963
0.21936 42.70644 24.65886
0.40655 75.88373 44.59536
0.31144 55.78727 32.39347
0.64154 110.75313 67.25147
0.27061 44.67104 25.81235
0.27344 43.69801 25.24072
0.65996 101.09841 60.72804
0.40528 59.25832 34.47001
0.80581 113.24713 68.97628
0.21124 28.46228 16.36324
0.83347 109.10755 66.12284
0.74492 94.77680 56.57342
0.21891 27.10124 15.57579
0.56550 67.56178 39.48687
0.80080 92.91767 55.36717
0.54572 61.79548 35.99523
0.86626 95.62942 57.12891
0.08071 8.71451 4.99463
0.69815 73.52912 43.14098
0.59794 61.37677 35.74307
0.37844 37.92568 21.86220
0.55416 54.23699 31.46958
0.66004 63.18348 36.83241
0.42833 40.13174 23.15096
0.77644 71.29303 41.76654
0.93614 84.18682 49.78715
0.94770 83.04396 49.06632
1.04948 90.40867 53.74972
0.70597 59.74763 34.76366
0.12081 10.17343 5.83146
0.42788 35.99933 20.73913
0.23586 19.96245 11.45672
0.34511 29.35505 16.88019
0.41528 35.38200 20.37965
0.77949 66.18114 38.64752
0.47633 40.46562 23.34626
0.14036 11.94235 6.84653
0.31324 26.49647 15.22612
0.69351 58.86342 34.23319
0.96784 82.04389 48.43724
1.33356 113.06384 68.84892
1.05878 89.84223 53.38617
0.29562 25.11792 14.42961
1.20182 102.29860 61.52666
0.48578 41.52226 23.96481
0.58382 49.82348 28.85058
0.17053 14.64972 8.40120
0.71889 61.70147 35.93860
0.27366 23.59402 13.54993
0.12719 10.96286 6.28440
0.06674 5.76383 3.30289
0.35461 30.68982 17.65372
0.81741 70.91238 41.53319
0.40759 35.46555 20.42830
0.14739 12.85411 7.36994
0.23136 20.19254 11.58922
0.24759 21.73741 12.47927
0.36896 32.45953 18.68057
0.74339 65.59463 38.29160
0.02604 2.29723 1.31624
0.58803 51.97019 30.12244
0.51229 45.21534 26.13240
0.27169 24.14485 13.86781
0.26469 23.69795 13.60990
0.29448 26.41952 15.18164
0.21389 19.26429 11.05476
0.14962 13.42894 7.70001
0.50023 45.09680 26.06268
0.12724 11.54711 6.61969
0.15449 14.06626 8.06604
0.27213 24.76434 14.22543
0.17177 15.62454 8.96133
0.13153 11.95857 6.85584
0.25261 22.97334 13.19187
0.12574 11.48329 6.58306
0.03210 2.95538 1.69337
0.19573 18.02532 10.34178
0.02439 2.24286 1.28509
0.46998 42.99455 24.82785
1.25574 114.50450 69.85263
0.02703 2.46528 1.41254
0.39896 36.27660 20.90065
0.82902 75.87767 44.59160
0.78780 72.29346 42.38067
0.03127 2.87608 1.64793
0.61521 56.60593 32.88222
0.45000 41.52981 23.96923
0.07583 7.01656 4.02102
0.47983 44.42556 25.66808
0.39678 36.85430 21.23732
0.23805 22.07248 12.67242
0.02893 2.69676 1.54518
0.33320 31.14046 17.91506
1.12323 105.24223 63.49963
0.81736 76.89770 45.22398
0.75497 70.88510 41.51648
0.27167 25.59053 14.70260
0.18549 17.55981 10.07400
0.08036 7.59546 4.35293
0.24011 22.81690 13.10165
0.66434 63.10752 36.78654
0.37995 36.36151 20.95013
0.02113 2.01752 1.15597
0.33543 32.21162 18.53663
0.68815 66.23792 38.68199
0.19064 18.34752 10.52716
0.79133 76.31853 44.86474
0.10038 9.72739 5.57558
0.65900 64.25611 37.48077
0.12190 11.81413 6.77294
0.45110 43.97107 25.40108
0.22357 21.86066 12.55031
0.12457 12.22370 7.00803
0.12963 12.75955 7.31565
0.18893 18.57362 10.65726
0.73263 72.28882 42.37782
0.15696 15.56584 8.92760
0.44828 44.57322 25.75486
0.08251 8.24319 4.72434
0.58348 58.18680 33.82776
0.26692 26.73602 15.36461
0.39616 39.78645 22.94905
0.41304 41.72624 24.08430
0.28368 28.77498 16.54427
0.88484 89.76858 53.33894
0.91567 93.26930 55.59480
0.87988 89.79424 53.35539
0.86520 88.58635 52.58218
0.69411 71.31432 41.77959
1.09043 112.23581 68.27475
0.53835 55.83156 32.41989
0.54418 56.38669 32.75127
0.39251 40.71787 23.49386
0.56520 58.74077 34.15966
0.64701 67.27339 39.31136
0.70843 74.16206 43.53120
0.63061 65.89090 38.47134
0.53286 55.72329 32.35529
0.91216 94.88237 56.64213
0.42209 43.89275 25.35508
0.47064 48.94166 28.32919
0.88558 91.72729 54.59831
0.26722 27.67731 15.90899
1.01552 104.60256 63.06913
1.10585 113.73956 69.31894
0.84221 86.03583 50.95786
0.35831 36.33190 20.93287
0.41796 42.36615 24.45932
0.58385 58.48034 34.00360
1.10567 110.84931 67.31767
1.19499 119.43869 73.33831
1.05858 104.41325 62.94190
0.71851 70.75612 41.43746
0.41681 40.86092 23.57759
1.17480 114.69676 69.98704
0.08898 8.64041 4.95213
0.04654 4.48980 2.57268
0.33321 31.73821 18.26186
0.07513 7.11542 4.07770
0.72768 68.32020 39.94889
0.89375 83.68254 49.46883
0.03265 3.04387 1.74407
0.03419 3.15955 1.81036
1.19869 110.28242 66.92788
0.16384 15.00012 8.60251
0.63796 57.91662 33.66600
0.09652 8.73859 5.00844
0.21506 19.32115 11.08749
0.01176 1.05244 0.60301
0.15306 13.46345 7.71983
0.46829 42.50845 24.54275
0.81642 73.30421 43.00244
0.45435 40.47754 23.35324
0.11750 10.52462 6.03295
0.66798 59.89926 34.85471
0.42839 38.44998 22.16823
1.07909 97.48985 58.34613
0.87602 79.18084 46.64476
0.71276 64.55970 37.66450
0.02190 1.98636 1.13812
0.29753 27.12288 15.58830
0.91201 82.92578 48.99190
0.12547 11.50997 6.59837
0.58224 53.51393 31.03940
0.36098 33.20418 19.11309
0.04041 3.73751 2.14156
0.53989 50.01894 28.96623
0.77281 71.96361 42.17804
0.12002 11.23789 6.44223
0.31815 29.87490 17.18136
0.36524 34.50244 19.86783
0.02577 2.44187 1.39912
0.03813 3.63272 2.08151
1.15770 110.38644 66.99934
1.20081 115.06484 70.24468
0.69512 67.27510 39.31241
0.37760 36.56148 21.06665
0.58442 57.15767 33.21195
0.77914 77.04801 45.31729
0.06617 6.66528 3.81963
0.75637 78.03210 45.92897
1.03007 108.91260 65.98961
0.80751 87.73704 52.04005
0.76913 86.36441 51.16649
0.38778 44.84491 25.91457
0.95055 113.28479 69.00246
0.52901 64.86843 37.85145
0.41761 53.10613 30.79697
0.54352 71.91751 42.14973
0.23578 32.31102 18.59434
0.31373 44.78005 25.87644
0.41409 61.15848 35.61169
0.44663 66.64405 38.92870
0.39423 64.40823 37.57282
0.56719 92.90439 55.35857
0.59779 100.93041 60.61652
0.33663 58.68967 34.12903
0.49797 89.19575 52.97195
0.60207 109.87791 66.65029
0.56790 106.51183 64.35706
0.57165 109.17081 66.16609
0.49995 97.67576 58.46816
0.31774 64.14574 37.41400
0.47599 98.32773 58.89668
0.47830 103.72595 62.48076
0.48795 108.85034 65.94708
0.46065 106.29452 64.21001
0.44302 108.37963 65.62590
0.41476 106.21967 64.15939
0.37571 104.16238 62.77346
0.31191 92.00229 54.77569
0.33778 107.09243 64.75052
0.38418 129.82304 80.94985
0.35008 118.52320 72.68574
0.11582 39.97533 23.05949
0.36404 126.03888 78.12893
0.14902 50.81183 29.43569
0.24490 86.65580 51.35167
0.26900 94.35181 56.29708
0.29077 105.56649 63.71824
0.10154 37.27996 21.48551
0.27562 98.21518 58.82265
0.29293 104.88756 63.26081
0.28697 97.12342 58.10582
0.36600 122.67727 75.66953
0.19050 60.12497 34.99028
0.27339 85.35963 50.52907
0.35897 108.31267 65.58025
0.25853 73.79466 43.30462
0.26829 75.78322 44.53312
0.23070 61.03647 35.53827
0.47667 124.49383 76.99334
0.29644 74.12510 43.50840
0.50263 117.40861 71.89490
0.47422 107.64554 65.12615
0.55032 117.19702 71.74523
0.29586 61.05016 35.54650
0.45150 87.28949 51.75486
0.05261 10.08945 5.78328
0.25127 45.55604 26.33283
0.48702 84.21248 49.80336
0.16117 26.93173 15.47776
0.15146 24.37267 13.99931
0.63485 98.42207 58.95876
0.64097 95.77964 57.22693
0.72747 104.27425 62.84855
0.63063 88.71980 52.66748
0.68572 93.69320 55.86954
0.33778 44.95696 25.98045
0.29816 38.75080 22.34389
0.61261 77.66759 45.70225
0.08761 10.76382 6.17020
0.05930 7.07216 4.05289
0.04740 5.52658 3.16690
0.06584 7.52594 4.31307
0.69429 77.70475 45.72535
0.67327 73.94302 43.39609
0.27281 29.29324 16.84439
0.67202 70.83604 41.48642
0.07601 7.88789 4.52060
0.66424 68.21655 39.88571
0.03377 3.28024 1.87952
0.08938 9.33694 5.35162
0.07386 7.27176 4.16733
0.05333 5.12737 2.93809
0.05465 5.21586 2.98881
0.08619 8.12421 4.65611
0.05822 5.38697 3.08688
0.25126 23.06580 13.24520
0.84699 76.72657 45.11778
1.10212 98.74694 59.17270
0.02832 2.50186 1.43350
0.04056 3.52192 2.01801
0.11504 9.91887 5.68543
0.18263 15.69212 9.00017
0.03804 3.24085 1.85695
0.08341 7.03630 4.03234
0.10351 8.68199 4.97598
0.05921 4.93913 2.83020
0.05551 4.61210 2.64277
1.14886 95.84258 57.26801
0.04276 3.55155 2.03499
0.14974 12.39040 7.10373
0.07409 6.11931 3.50665
0.85935 70.80700 41.46862
1.06602 88.23827 52.35984
1.31598 108.85995 65.95365
0.06938 5.73815 3.28817
0.69249 57.42648 33.37271
1.21021 100.61065 60.40441
0.20773 17.49185 10.03491
0.48683 40.96939 23.64108
0.05950 4.98108 2.85425
0.06746 5.64565 3.23515
0.09510 7.98125 4.57413
0.05027 4.23232 2.42512
1.10024 92.10864 54.84433
0.19464 16.29706 9.34789
0.45553 38.40242 22.14046
0.99428 83.30711 49.23211
1.12673 94.25370 56.23334
0.06502 5.40583 3.09769
0.03306 2.75493 1.57851
0.06815 5.68326 3.25671
0.11243 9.38669 5.38015
0.05160 4.31893 2.47476
0.14396 12.06545 6.91719
0.10083 8.43561 4.83468
0.18297 15.31676 8.78446
0.07184 6.00345 3.44024
0.11625 9.80968 5.62279
0.48548 41.17981 23.76427
0.55433 47.15475 27.27447
0.55638 47.36382 27.39775
0.30558 26.10209 14.99818
0.31790 27.13527 15.59547
0.06293 5.41515 3.10303
0.56384 48.75121 28.21667
0.39653 34.33947 19.77304
0.40576 35.15819 20.24938
1.27830 110.70168 67.21607
0.71613 62.95061 36.69181
0.06049 5.35055 3.06600
1.04562 92.51716 55.10818
0.95238 84.04106 49.69510
0.75770 66.59884 38.90123
1.33035 116.77581 71.44768
0.52092 46.11925 26.66435
0.81600 73.27011 42.98144
0.03728 3.30855 1.89574
0.26829 23.70290 13.61275
0.25664 22.67127 13.01766
0.08879 7.92227 4.54032
0.12384 11.09936 6.36273
0.04160 3.70076 2.12050
0.07852 6.97936 3.99969
0.02832 2.51196 1.43928
0.22282 19.78625 11.35526
0.06966 6.19398 3.54946
1.22206 108.04970 65.40112
0.43912 38.99232 22.48496
0.91812 81.84654 48.31328
0.10664 9.56536 5.48264
0.42270 38.04921 21.93429
1.22369 108.39806 65.63846
0.26705 23.70841 13.61593
0.03849 3.41428 1.95634
0.13099 11.64222 6.67427
0.11829 10.52993 6.03600
0.10085 8.98374 5.14904
0.05432 4.85113 2.77976
0.04863 4.32323 2.47722
0.05041 4.48456 2.56968
0.75544 67.00810 39.15000
0.81579 72.38648 42.43783
0.02870 2.55209 1.46228
1.13666 101.14531 60.75919
1.23740 110.30901 66.94615
1.04532 93.28290 55.60361
1.16525 104.11951 62.74469
0.16507 14.71742 8.44009
0.05599 4.86612 2.78836
0.26014 24.10422 13.84436
0.89671 80.83316 47.67772
0.85672 77.50115 45.59878
0.80019 72.36231 42.42298
0.13496 12.21480 7.00292
0.34341 31.21562 17.95865
0.60626 55.24829 32.07202
0.66023 60.18402 35.02575
0.92466 84.48916 49.97819
1.23539 112.63758 68.55310
0.20890 19.18348 11.00825
0.03435 3.14652 1.80290
0.02432 2.24220 1.28471
0.05138 4.74998 2.72180
0.12838 11.89822 6.82120
0.05706 5.28265 3.02709
0.19709 18.25125 10.47176
0.21106 19.61929 11.25913
0.09702 9.07667 5.20234
0.16762 15.75307 9.03521
0.02942 2.75914 1.58092
0.06751 6.35243 3.64028
0.07087 6.75321 3.87004
0.07860 7.47051 4.28128
0.03987 3.79278 2.17323
0.20211 19.19442 11.01454
0.06248 5.96034 3.41553
1.09613 105.35084 63.57282
0.04046 3.91363 2.24249
0.49835 48.41703 28.01928
0.04320 4.17920 2.39468
0.04853 4.72104 2.70521
1.08115 105.65186 63.77583
0.14699 14.35077 8.22946
1.16766 114.25985 69.68175
0.58112 57.48208 33.40597
0.31551 31.73668 18.26097
0.01402 1.41182 0.80892
0.13353 13.57390 7.78326
0.02708 2.78263 1.59438
0.06039 6.25422 3.58399
0.70851 74.57582 43.78658
0.02926 3.12971 1.79327
0.71972 78.02224 45.92284
0.88515 96.76527 57.87121
0.05470 6.04112 3.46184
0.54819 61.26228 35.67416
1.02042 115.88460 70.81994
0.72157 82.84177 48.93901
0.02003 2.39144 1.37023
0.08550 10.36629 5.94211
0.06006 7.46438 4.27777
0.12083 15.42749 8.84809
0.03320 4.34083 2.48731
0.02336 3.13026 1.79358
0.03004 4.11461 2.35767
0.15440 21.65846 12.43377
0.09046 13.00573 7.45699
0.04373 6.48022 3.71354
0.13882 21.10889 12.11707
0.08428 13.15075 7.54027
0.02725 4.38733 2.51396
0.02615 4.30199 2.46505
0.02860 4.83314 2.76946
0.44565 77.31846 45.48526
0.53348 95.48048 57.03177
0.49221 91.01060 54.13669
0.01005 1.94326 1.11342
0.35840 72.22054 42.33586
0.50543 106.61671 64.42807
0.46211 103.28216 62.18360
0.32051 76.38072 44.90329
0.34625 87.48538 51.87965
0.39394 105.25850 63.51059
0.28947 81.96683 48.38883
0.34635 105.26545 63.51527
0.33660 108.37663 65.62385
0.31147 104.88829 63.26130
0.31474 110.63460 67.16993
0.12064 43.62056 25.19525
0.27904 104.75862 63.17406
0.28441 110.06792 66.78063
0.27567 108.66334 65.81942
0.31292 124.41997 76.93928
0.24703 98.86960 59.25353
0.28016 112.96910 68.78313
0.30693 125.84567 77.98643
0.22619 99.08651 59.39655
0.22958 116.94376 71.56625
0.17026 110.02245 66.74943
0.04870 45.06446 26.04366
0.02020 27.81462 15.98843
0.00583 14.21291 8.15027
0.00872 97.48118 58.34045
0.01910 123.22120 76.06466
0.00388 29.08860 16.72586
0.00315 95.73231 57.19605
0.00330 109.31278 66.26320
0.00196 56.27438 32.68420
0.00148 65.29772 38.11157
0.00058 27.94622 16.06457
0.00318 96.45405 57.66756
0.00359 102.18465 61.45069
0.00487 129.33105 80.57979
0.00453 136.29119 85.91504
0.00385 134.90503 84.83457
0.00447 132.02795 82.62106
0.00472 119.34903 73.27428
0.00360 136.63836 86.18713
0.00167 43.86314 25.33769
0.00137 66.61489 38.91097
0.00374 77.41123 45.54289
0.00114 43.66561 25.22170
0.00368 101.96250 61.30268
0.00078 37.15506 21.41267
0.00185 65.53689 38.25658
0.00321 106.62989 64.43700
0.00233 63.12299 36.79588
0.00179 67.18338 39.25661
0.00194 77.71690 45.73290
0.00263 111.85795 68.01339
0.00098 43.00622 24.83470
0.00293 86.94408 51.53501
0.00215 100.75786 60.50203
0.00183 67.94768 39.72187
0.00287 138.22519 87.43861
0.00545 140.79199 89.49116
0.00240 141.11753 89.75408
0.00426 114.51330 69.85878
0.00206 90.88989 54.05903
0.00188 85.92670 50.88861
0.00188 125.10606 77.44224
0.00206 118.67101 72.79091
0.00049 38.68318 22.30440
0.00071 71.15487 41.68182
0.00144 97.38637 58.27824
0.00199 111.34862 67.66172
0.00243 137.53334 86.89138
0.00181 123.33034 76.14407
0.00149 79.16519 46.63500
0.00091 60.28160 35.08438
0.00172 132.97470 83.34525
0.00123 128.43412 79.90773
0.00139 123.29763 76.12026
0.00022 27.98156 16.08502
0.00137 119.23681 73.19417
0.00104 115.33846 70.43646
0.00233 127.22816 79.00929
0.00066 92.84880 55.32261
0.00311 139.72029 88.62981
0.00125 125.68793 77.87019
0.00202 116.17837 71.02659
0.00219 136.27566 85.90289
0.00157 107.53635 65.05193
0.00175 109.01492 66.05952
0.00108 47.95764 27.74808
0.00027 6.70519 3.84251
0.00819 120.37097 74.00571
0.01364 130.04331 81.11586
0.00523 36.77893 21.19339
0.00453 26.45343 15.20124
0.00932 49.09170 28.41786
0.02583 121.67014 74.94068
0.03145 126.37899 78.38013
0.04491 126.35130 78.35967
0.06525 128.08110 79.64413
0.09198 124.94047 77.32069
0.10801 111.85519 68.01148
0.15635 126.57539 78.52540
0.15865 106.71008 64.49131
0.03672 21.44151 12.30873
0.12318 62.24228 36.26450
0.28505 127.86519 79.48315
0.22133 88.51879 52.53901
0.20915 76.33046 44.87213
0.17379 58.79746 34.19364
0.03398 10.67784 6.12086
0.04953 14.59250 8.36832
0.04872 13.52037 7.75251
0.04595 12.11406 6.94509
0.31451 79.43488 46.80331
0.28084 67.40296 39.39021
0.25406 58.65119 34.10597
0.24417 54.54850 31.65505
0.56838 120.12267 73.82768
0.65432 131.68183 82.35731
0.06018 11.49671 6.59076
0.37304 68.65400 40.15245
0.66725 118.85090 72.91901
0.50408 85.61401 50.69028
0.72991 118.29815 72.52574
0.69034 107.39437 64.95547
0.52865 79.48741 46.83611
0.76908 112.25142 68.28556
0.80784 113.60624 69.22610
0.73869 100.83366 60.55232
0.78542 103.86435 62.57353
0.77994 100.63519 60.42068
0.94166 117.86251 72.21648
0.39543 48.34166 27.97477
0.52654 62.97998 36.70954
0.30779 35.68260 20.55467
0.13797 15.64272 8.97178
0.10205 11.23454 6.44031
1.05630 114.07162 69.55040
0.29342 30.85176 17.74762
0.39362 40.51800 23.37691
0.06734 6.74882 3.86752
0.70221 68.93336 40.32291
0.08950 8.62271 4.94198
0.31844 29.99466 17.25076
0.14117 13.03488 7.47373
0.07674 6.91909 3.96514
0.12199 10.83202 6.20933
1.27896 112.10432 68.18375
0.15606 13.60460 7.80089
0.07805 6.80005 3.89689
0.25786 22.42334 12.87470
0.86200 74.91049 43.99331
0.89770 78.07182 45.95369
1.06330 92.54991 55.12935
0.07028 6.16411 3.53234
0.98084 85.80324 50.81028
0.58876 51.48476 29.83451
0.13158 11.46492 6.57252
0.03030 2.64657 1.51642
0.04478 3.94098 2.25816
0.12595 11.09241 6.35875
0.01851 1.63670 0.93777
0.33398 29.65927 17.05642
0.16877 15.02410 8.61629
0.02697 2.41157 1.38176
0.08355 7.43589 4.26143
1.28363 114.00845 69.50634
1.19085 105.89766 63.94178
1.18954 106.45679 64.31981
0.01736 1.56132 0.89458
0.89130 80.68678 47.58605
0.08938 8.10428 4.64468
0.63524 57.74384 33.56258
0.40967 37.27745 21.48405
1.08748 98.17967 58.79929
0.08029 7.30235 4.18487
0.83071 75.82725 44.56038
0.23223 21.21354 12.17737
0.35274 32.38792 18.63899
1.07087 98.41746 58.95573
0.05983 5.50902 3.15684
0.63767 59.07842 34.36210
0.56996 53.03695 30.75586
0.21956 20.53168 11.78455
0.13107 12.20244 6.99583
1.08902 101.56611 61.03886
1.09393 102.00228 61.32918
0.93416 87.82858 52.09841
0.64023 60.44922 35.18512
0.40955 38.61149 22.26253
1.07873 102.02471 61.34412
0.02902 2.75944 1.58109
0.77162 73.67352 43.22996
1.10729 105.08019 63.39048
1.15899 110.42388 67.02507
0.05779 5.53602 3.17231
0.51782 49.78980 28.83066
0.24107 23.21842 13.33324
0.04905 4.72581 2.70794
0.08004 7.73086 4.43056
0.40762 39.49410 22.77816
0.03933 3.81505 2.18599
0.02104 2.04737 1.17308
0.73869 72.00170 42.20144
0.15069 14.83077 8.50521
0.77166 76.16451 44.76928
0.82979 81.75865 48.25810
0.07602 7.45236 4.27087
0.08548 8.37052 4.79736
0.10855 10.67453 6.11896
0.07850 7.78212 4.45995
0.07748 7.79081 4.46494
0.07676 7.74968 4.44135
0.06286 6.32211 3.62290
0.08882 8.88338 5.09148
0.07377 7.32438 4.19750
0.03293 3.24817 1.86115
0.11346 11.07351 6.34790
0.07858 7.60898 4.36068
0.05852 5.63200 3.22732
0.03276 3.11921 1.78725
0.07068 6.67237 3.82370
0.03017 2.81474 1.61278
0.08619 8.03985 4.60773
0.07041 6.51119 3.73130
0.01178 1.08583 0.62214
0.05205 4.78050 2.73929
0.14944 13.60625 7.80183
0.06811 6.09595 3.49326
0.30680 27.20341 15.63487
0.19427 17.12499 9.82392
0.04120 3.62728 2.07839
0.03216 2.81102 1.61065
0.66404 57.77153 33.57916
0.57491 49.65182 28.74904
1.06129 91.68671 54.57215
0.50793 43.91163 25.36616
0.22016 19.02057 10.91448
0.10869 9.44471 5.41343
0.19441 16.90770 9.69898
0.06815 5.94722 3.40801
0.22566 19.59917 11.24755
0.06019 5.26522 3.01710
0.70212 61.57833 35.86443
0.16138 14.22044 8.15459
0.11273 9.94169 5.69852
0.52882 46.51914 26.89988
0.02011 1.77491 1.01696
0.03363 2.98918 1.71274
0.59588 53.30533 30.91537
0.18951 17.05910 9.78603
0.27604 24.99629 14.35937
0.10292 9.38056 5.37664
0.02846 2.61709 1.49953
0.54533 50.53833 29.27370
0.44305 41.55113 23.98172
0.70881 66.63607 38.92385
0.32045 30.30650 17.43150
0.08073 7.68224 4.40268
0.26905 25.77899 14.81148
0.26513 25.65333 14.73888
0.52608 51.07546 29.59188
0.56179 54.70075 31.74574
1.14439 112.32148 68.33407
0.31115 30.68113 17.64868
0.05599 5.52451 3.16571
0.04959 4.89087 2.80254
0.03997 3.95951 2.26878
0.42170 42.01559 24.25384
0.06198 6.20495 3.55574
0.06070 6.00051 3.43855
0.30518 29.99896 17.25325
0.02857 2.79793 1.60315
0.17043 16.65639 9.55447
0.28930 28.08251 16.14344
0.13662 13.19398 7.56509
1.07739 103.33271 62.21743
0.20997 19.90910 11.42600
0.17337 16.43737 9.42855
0.19006 18.10098 10.38531
0.84847 80.30380 47.34634
0.34384 32.39463 18.64289
1.16371 108.60437 65.77917
0.95726 88.60029 52.59109
1.12801 103.64171 62.42432
0.21222 19.34076 11.09879
0.95006 86.18814 51.05455
0.05058 4.56302 2.61465
0.82223 73.81827 43.31918
0.19210 17.09022 9.80393
0.86236 76.72025 45.11386
0.06059 5.37717 3.08126
0.35185 31.25304 17.98036
0.48747 43.62352 25.19699
0.25047 22.41862 12.87197
0.05615 5.00039 2.86531
0.70838 63.13318 36.80204
1.15464 103.40835 62.26805
0.93516 84.32069 49.87173
0.24200 21.79646 12.51330
0.01211 1.09272 0.62609
0.07486 6.80577 3.90017
0.84760 77.12006 45.36203
0.00451 0.41310 0.23669
1.20334 110.72020 67.22882
0.07333 6.83431 3.91653
0.23243 21.99562 12.62811
0.01536 1.47634 0.84589
0.07898 7.73955 4.43554
0.04370 4.37453 2.50662
0.03601 3.66975 2.10273
0.01914 1.96235 1.12436
0.18885 19.67086 11.28882
0.08782 9.20317 5.27489
0.08288 8.75788 5.01950
0.67593 71.77004 42.05920
0.06188 6.57858 3.76993
0.02807 3.00328 1.72082
0.99966 106.88269 64.60828
0.01539 1.65366 0.94749
0.93400 100.56868 60.37659
0.03229 3.48395 1.99626
0.01371 1.48231 0.84931
0.04612 4.98461 2.85627
0.99912 108.00059 65.36768
0.84586 91.21092 54.26562
0.18946 20.53815 11.78827
0.65429 71.25894 41.74563
0.02844 3.08274 1.76635
0.74910 80.47178 47.45145
0.67684 71.76444 42.05576
0.88352 93.74506 55.90317
0.98249 102.49584 61.65822
0.04137 4.28162 2.45338
1.15573 119.05076 73.06145
0.33881 34.76306 20.01945
0.57580 58.73225 34.15456
0.19915 20.06722 11.51705
0.01131 1.13109 0.64807
0.04841 4.77982 2.73889
0.01053 1.02890 0.58952
1.07570 104.03406 62.68735
0.78158 74.73088 43.88234
1.16507 110.62875 67.16591
0.73253 68.56398 40.09754
0.06445 5.95649 3.41332
0.74317 67.65304 39.54243
0.98321 88.20565 52.33901
1.19670 106.40892 64.28741
0.05664 4.98565 2.85686
1.09206 95.43991 57.00532
0.33035 28.65325 16.47379
0.19846 17.04346 9.77704
0.08010 6.80394 3.89912
0.89802 75.93821 44.62909
0.13444 11.36513 6.51525
0.38451 32.64314 18.78719
0.12717 10.80171 6.19194
0.04639 3.95850 2.26820
0.07301 6.26122 3.58800
0.07610 6.55096 3.75409
0.02852 2.45612 1.40729
0.11071 9.54619 5.47164
0.25252 21.78798 12.50842
0.09659 8.31993 4.76834
0.16389 14.19535 8.14018
0.40404 35.21406 20.28190
0.22992 20.24744 11.62084
0.05555 4.88990 2.80199
0.28841 25.55175 14.68019
1.04550 93.48262 55.73301
0.04288 3.87126 2.21821
0.03942 3.58587 2.05466
1.22620 113.75121 69.32705
0.16494 15.52150 8.90212
0.12229 11.67916 6.69548
0.12890 12.45656 7.14171
0.19118 18.75761 10.76314
0.00861 0.85531 0.49006
1.04521 105.69874 63.80748
0.10899 11.26608 6.45841
0.22991 24.25224 13.92979
0.05714 6.09483 3.49262
0.20808 22.23700 12.76726
0.02945 3.15115 1.80555
0.38692 41.35937 23.86941
1.04021 111.82445 67.99023
0.02829 3.04332 1.74376
0.58340 63.10858 36.78718
0.46610 50.81335 29.43659
0.06201 6.74670 3.86631
0.06563 7.13861 4.09099
0.31142 33.79012 19.45362
0.06451 6.95242 3.98425
0.02783 2.98467 1.71015
0.04489 4.80090 2.75098
0.08362 8.88841 5.09436
0.04384 4.65964 2.67002
0.05326 5.59545 3.20638
0.48168 50.37609 29.17763
0.26778 27.57281 15.84853
0.03578 3.67146 2.10371
0.04981 5.08566 2.91418
0.07683 7.77060 4.45335
0.05252 5.19107 2.97460
0.07596 7.45511 4.27246
0.22030 21.48464 12.33359
0.74484 72.66045 42.60628
0.28185 27.30104 15.69133
0.79804 75.55391 44.39118
0.09788 9.16820 5.25483
0.12736 11.95371 6.85306
0.03867 3.62043 2.07447
0.02340 2.17970 1.24890
0.30339 27.93880 16.06028
0.01927 1.76385 1.01062
0.03899 3.54159 2.02929
0.01422 1.28124 0.73410
0.03254 2.90376 1.66379
0.01474 1.31056 0.75090
0.04073 3.61354 2.07052
0.01645 1.44767 0.82946
0.03861 3.39090 1.94294
0.30235 26.47889 15.21596
0.18059 15.61343 8.95495
0.26437 22.65270 13.00695
0.34615 29.40553 16.90942
0.22154 18.71855 10.74066
0.04157 3.46834 1.98731
1.07725 89.25765 53.01158
0.41313 34.24030 19.71537
0.44325 36.70144 21.14822
0.10894 9.01561 5.16731
0.04395 3.62924 2.07951
0.38115 31.65780 18.21520
0.11846 9.91113 5.68099
0.68651 57.56815 33.45746
0.34547 29.13630 16.75349
0.22851 19.12843 10.97656
0.16785 14.14639 8.11206
0.20305 17.13356 9.82885
0.13273 11.29222 6.47341
0.10520 8.99017 5.15273
0.35768 30.52822 17.56002
0.11996 10.27661 5.89066
0.18903 16.29256 9.34530
0.07250 6.31413 3.61833
0.06737 5.89866 3.38017
0.02409 2.09786 1.20201
0.11458 9.97441 5.71729
0.05955 5.21866 2.99041
0.81752 72.40852 42.45138
0.81662 72.81474 42.70117
0.00467 0.42044 0.24089
0.02403 2.17043 1.24359
0.30275 27.28179 15.68020
0.00585 0.52854 0.30283
0.10251 9.31319 5.33800
