-0.04668 0.00068 0.56352
-0.01692 0.00782 0.56209
-0.00044 -0.00808 0.56195
-0.14805 -0.03074 0.54169
-0.14120 -0.00225 0.54707
-0.03500 0.00800 0.57340
-0.52254 0.00369 0.25085
0.05021 0.02182 0.58486
-0.11639 -0.01613 0.58314
0.00074 -0.02257 0.60110
0.08220 0.02969 0.60695
-0.01484 0.06275 0.62292
0.05938 0.08937 0.63961
0.08739 0.08037 0.65436
0.61203 0.03210 0.28725
-0.04247 -0.03413 0.68201
-0.17563 -0.12853 0.65721
0.00806 -0.01877 0.71058
-0.04718 0.04481 0.73148
0.71235 0.17370 0.20159
-0.07010 0.02295 0.77313
-0.04914 -0.01183 0.78736
-0.03884 -0.03268 0.80216
0.00961 0.01167 0.82125
-0.03562 -0.03814 0.83140
0.31774 -0.10395 0.77759
-0.05268 -0.02973 0.85794
0.00848 0.02181 0.88150
-0.06590 -0.01887 0.89861
-0.15570 -0.07809 0.90381
-0.02846 -0.02534 0.93398
0.79558 -0.04767 0.52327
0.09535 0.00224 0.96728
0.20029 -0.04659 0.95447
-0.01960 -0.02425 0.98268
-0.06397 -0.02657 0.98557
-0.04593 -0.00826 1.00063
-0.31340 -0.15141 0.94591
0.09678 -0.05730 1.00859
-0.48820 -0.16776 0.88155
-0.37748 -0.12595 0.94908
-0.07845 -0.07577 1.03088
-0.26656 -0.08374 1.00968
0.15986 0.02035 1.04328
-0.34361 -0.06461 1.00436
-0.04019 -0.05080 1.06136
-0.95224 -0.16396 0.46439
-0.48741 -0.16211 0.94509
-0.17608 -0.05483 1.06117
-0.47071 -0.14947 0.95838
0.10013 -0.02821 1.07114
-0.67656 -0.10371 0.82876
-0.13700 -0.03329 1.05635
0.14828 -0.09632 1.04790
-0.03015 -0.01613 1.07286
-0.21110 -0.07103 1.05595
0.04081 -0.04314 1.07555
-0.06884 0.02474 1.07410
0.32870 -0.09670 1.02340
0.23939 -0.07709 1.04093
0.12072 -0.07110 1.06457
0.10214 -0.06355 1.06782
-0.30353 -0.17513 1.00772
-0.01958 -0.00825 1.07199
0.01044 0.02820 1.07127
-0.01264 0.02276 1.08662
-0.77706 -0.21681 0.72680
-0.13636 -0.03752 1.07402
-0.70477 -0.16110 0.80134
0.16955 -0.08406 1.06131
-0.77993 -0.11950 0.73666
-0.06738 -0.03075 1.07929
-0.56067 -0.18630 0.91017
-0.26636 -0.09320 1.05536
-0.03037 -0.00267 1.08852
-0.10684 -0.02316 1.08021
-0.18960 -0.03886 1.07051
-0.78834 -0.17378 0.72352
-0.18806 -0.02989 1.06738
-0.94909 -0.13946 0.49643
-0.19272 -0.13350 1.04885
-0.59484 -0.17297 0.87196
-0.78187 -0.17826 0.70727
-0.95691 -0.21792 0.41578
0.99439 0.14444 0.37185
-0.96607 -0.14125 0.42911
-0.67846 -0.07729 0.81273
-0.92708 -0.12198 0.48938
-0.11787 -0.06918 1.03883
-0.88912 -0.10544 0.52833
-0.00218 -0.02156 1.02540
0.94126 0.12000 0.35039
-0.90416 -0.16321 0.38045
0.07444 -0.01556 0.96986
0.08217 -0.06246 0.94821
-0.82786 -0.14011 0.40314
-0.05869 -0.02647 0.90426
-0.22145 -0.08102 0.85387
-0.11746 -0.01773 0.85440
0.00410 -0.02684 0.83964
-0.26951 -0.08773 0.76446
-0.12951 -0.04062 0.77534
-0.19698 -0.05690 0.73310
-0.05256 -0.00782 0.72670
-0.45781 -0.16227 0.50325
-0.19539 -0.08997 0.63087
-0.26991 -0.09747 0.57063
-0.12708 -0.04889 0.59191
-0.11812 -0.05612 0.57058
0.44381 0.02885 0.34766
-0.50196 -0.05958 0.18936
-0.45358 -0.02989 0.24826
-0.39371 -0.02120 0.29923
-0.37698 -0.04654 0.28424
-0.28608 -0.05590 0.34423
-0.40080 -0.06388 0.14862
-0.25699 -0.05616 0.32944
0.37510 0.02272 0.17115
-0.36745 -0.04778 0.15722
-0.35961 -0.05027 0.17140
0.36298 0.00644 0.13834
-0.36519 -0.02820 0.13031
-0.34755 -0.04271 0.13716
-0.35710 -0.02808 0.12829
-0.31198 0.00109 0.19043
-0.34497 -0.02729 0.12751
-0.28044 -0.02238 0.23254
-0.33413 0.00157 0.11703
-0.33346 -0.00514 0.13760
-0.00319 -0.00152 0.34562
-0.31085 -0.01102 0.16390
-0.27673 -0.03573 0.19411
0.27621 0.02463 0.21651
0.31817 0.04015 0.12888
0.27544 0.04602 0.22719
-0.23218 0.01225 0.27795
0.32424 0.04302 0.14494
0.27017 0.01443 0.25978
0.34214 0.00766 0.13896
0.34115 0.04366 0.16348
0.32303 0.04169 0.19641
0.29258 0.02347 0.25527
0.34837 0.01501 0.17958
0.23774 0.02335 0.31205
0.36594 0.02158 0.18274
0.15134 0.00828 0.39123
0.39884 0.01136 0.17508
0.04011 -0.00077 0.44338
-0.04486 0.00364 0.46376
-0.42268 -0.03210 0.23520
0.04796 -0.00159 0.49792
0.03059 -0.01893 0.51938
0.03871 -0.01962 0.53410
0.02709 -0.03215 0.55266
0.41962 0.01740 0.38998
-0.02244 -0.01664 0.59177
-0.53537 -0.09233 0.29563
0.55402 0.19967 0.25939
0.13020 -0.04478 0.64281
-0.03151 -0.01050 0.67586
-0.05394 -0.01117 0.68677
-0.01557 -0.00568 0.71012
-0.60081 -0.08084 0.39448
0.06273 -0.01884 0.73611
0.46957 -0.04566 0.59128
-0.00901 -0.00638 0.76585
0.57421 0.00189 0.52428
-0.58311 -0.07103 0.51411
-0.03053 0.00072 0.78634
-0.05962 -0.02601 0.79581
-0.00622 -0.04062 0.80568
-0.05168 -0.03256 0.81457
-0.00334 -0.01741 0.81794
0.75929 0.04863 0.31202
-0.00708 -0.01178 0.83127
0.01313 0.00216 0.83880
0.00459 0.01994 0.84168
-0.04896 -0.03695 0.84213
-0.10248 -0.01733 0.83908
-0.10159 -0.04118 0.83140
-0.18863 -0.11059 0.80239
-0.44769 -0.23674 0.64709
-0.47391 -0.13134 0.66045
-0.14617 0.00436 0.81943
-0.04797 0.00456 0.83061
-0.25211 -0.05466 0.78069
0.02175 0.00434 0.81315
0.00977 -0.03366 0.81201
0.74839 0.04458 0.29746
0.03909 -0.03345 0.80311
-0.02529 -0.08200 0.79593
0.02189 -0.05462 0.79460
0.04207 0.00348 0.79400
-0.01645 -0.00522 0.79093
0.08660 -0.02823 0.77848
-0.70130 -0.06134 0.34001
0.04457 -0.01567 0.77075
-0.63381 -0.07495 0.43778
0.02081 0.00974 0.76851
0.61960 -0.01523 0.44210
0.02121 0.00073 0.75022
-0.01209 -0.02666 0.73368
0.01783 -0.01496 0.71524
-0.17985 -0.08049 0.67789
-0.10947 -0.05782 0.69054
-0.32778 -0.09538 0.60910
-0.53873 -0.12959 0.42060
-0.00482 -0.02397 0.69519
-0.26146 -0.07329 0.63371
-0.01610 -0.01836 0.68586
-0.06039 -0.03510 0.68136
-0.05830 -0.04622 0.67217
-0.03207 -0.00869 0.67314
0.06856 0.00996 0.66679
0.58792 0.00468 0.31441
0.57292 -0.06192 0.32495
0.38786 -0.03744 0.53708
-0.41167 -0.04403 0.52888
-0.10788 -0.01754 0.66550
-0.62564 -0.03051 0.26394
-0.03751 -0.06220 0.67932
-0.02476 -0.00272 0.69099
-0.63754 -0.03763 0.28829
0.07872 0.03520 0.70854
0.00382 -0.00419 0.72761
-0.01775 -0.00314 0.72924
0.64321 -0.00662 0.35110
0.69339 0.02865 0.25130
-0.08713 -0.04418 0.73992
-0.60011 -0.06562 0.44420
-0.03707 -0.00181 0.75215
0.66076 -0.00911 0.36855
0.04388 -0.00448 0.75105
0.07115 -0.00948 0.75677
0.11900 0.02849 0.73801
-0.12862 -0.06672 0.73491
-0.04582 0.00906 0.74466
-0.43003 -0.07994 0.61371
-0.51419 -0.05984 0.55074
-0.60453 -0.10573 0.45001
0.02856 -0.06501 0.75667
0.04819 -0.02131 0.76346
0.70492 0.06790 0.30360
0.10673 -0.01116 0.77008
0.00842 0.04080 0.78011
0.73363 -0.03020 0.28258
0.05754 -0.01499 0.78920
-0.06925 -0.02046 0.79436
-0.10002 -0.04856 0.79380
-0.18314 -0.07772 0.77937
0.12654 0.01346 0.79995
0.00727 -0.02889 0.81455
-0.06081 -0.03124 0.82289
-0.01613 -0.01141 0.83170
0.03546 -0.02346 0.83759
-0.04377 -0.00327 0.84036
-0.07632 0.01449 0.84233
0.05858 0.02778 0.85353
-0.70525 -0.12971 0.46776
-0.00627 -0.00824 0.85630
0.00604 -0.01624 0.85366
0.02799 -0.00319 0.85397
0.76434 0.01698 0.38870
-0.04057 -0.01955 0.86637
0.10278 -0.00969 0.86567
0.00384 0.02256 0.87187
0.63488 0.03268 0.58826
-0.03753 0.00731 0.86930
-0.01816 0.02231 0.86933
-0.48696 -0.08754 0.71396
-0.07314 -0.01753 0.85746
-0.03057 -0.03045 0.86029
-0.44059 -0.12537 0.72628
0.08770 -0.03292 0.85346
-0.44270 -0.10504 0.72418
-0.10478 -0.03932 0.83905
-0.05160 -0.07292 0.83523
-0.02274 -0.03141 0.83515
0.00985 -0.00193 0.83394
-0.02298 -0.00369 0.83164
-0.02746 -0.04131 0.82218
-0.02136 -0.00744 0.81853
-0.26058 -0.11416 0.76259
-0.44312 -0.10812 0.67021
-0.50409 -0.07187 0.62363
-0.03673 -0.03596 0.79558
-0.54222 -0.09631 0.56950
-0.27769 -0.07895 0.73182
0.00624 -0.01968 0.78528
0.04968 -0.00553 0.77962
-0.12883 -0.09886 0.76170
-0.08975 -0.08149 0.76146
-0.11346 -0.08246 0.75290
-0.60424 -0.17278 0.43971
-0.04786 0.01187 0.76939
-0.19569 -0.03335 0.74984
-0.02005 -0.03975 0.76464
-0.01423 -0.02321 0.75707
-0.22723 -0.10973 0.71156
-0.37782 -0.10351 0.64193
0.17518 -0.02078 0.72861
-0.47364 -0.11631 0.56369
-0.02536 0.00088 0.74364
0.67726 -0.09820 0.29696
-0.65997 -0.11884 0.33134
0.57165 -0.01233 0.46969
-0.64700 -0.13126 0.33037
0.67477 0.02697 0.27989
-0.50730 -0.09021 0.51604
-0.57714 -0.10122 0.42955
0.66129 0.02362 0.30078
0.65297 0.02428 0.31412
-0.60142 -0.08715 0.39388
-0.55495 -0.02869 0.46014
-0.31629 0.01798 0.64927
-0.24678 -0.03789 0.67498
0.64342 -0.03526 0.30944
-0.60707 -0.05321 0.37555
-0.43924 -0.09142 0.55501
-0.56639 -0.07467 0.42065
-0.06150 -0.01208 0.70169
-0.13588 -0.09224 0.67357
-0.40089 -0.09999 0.55303
0.59269 -0.01764 0.34903
-0.63752 -0.11318 0.23412
-0.22123 0.00342 0.64679
-0.58746 -0.05166 0.32096
-0.02325 -0.01729 0.66418
-0.39684 -0.06199 0.52403
-0.15515 -0.03971 0.63858
-0.10156 -0.00261 0.64641
-0.35439 -0.04318 0.54015
-0.08112 -0.01085 0.63594
-0.06212 0.00476 0.63457
-0.00967 -0.06961 0.63098
-0.16349 -0.03579 0.60881
-0.09803 -0.02557 0.61181
-0.14161 -0.06119 0.59124
-0.18245 -0.05244 0.57494
-0.15264 -0.07846 0.57768
-0.37467 -0.05587 0.45847
-0.42114 -0.04276 0.41874
-0.41555 -0.02385 0.41834
-0.49181 -0.00314 0.32280
-0.52234 -0.04747 0.25559
-0.13880 -0.04417 0.56003
-0.47177 -0.01044 0.33329
-0.09381 -0.04501 0.56301
-0.05462 -0.03147 0.56789
-0.17478 -0.05868 0.53618
-0.45912 -0.10292 0.30594
-0.37018 -0.08513 0.41399
0.00006 -0.03903 0.55731
-0.37356 -0.05329 0.41452
-0.29388 -0.06442 0.46938
-0.42421 -0.04141 0.36005
0.35822 0.04352 0.41546
0.12701 -0.02430 0.53149
-0.40766 -0.01731 0.35989
-0.41133 -0.07619 0.33974
0.46696 0.03511 0.25718
-0.05942 0.00533 0.52544
-0.08953 -0.01810 0.51874
-0.33213 -0.08952 0.39156
-0.28721 -0.07566 0.42989
-0.35973 -0.06503 0.36462
-0.06505 -0.01198 0.50088
-0.33277 -0.02618 0.37979
-0.45437 -0.01102 0.20708
-0.43665 -0.05050 0.22810
-0.32025 -0.05860 0.36997
-0.02423 -0.00208 0.48770
0.02334 -0.00741 0.48810
-0.07098 -0.02097 0.48077
-0.00101 -0.03740 0.48247
0.04813 -0.03456 0.47534
0.14651 -0.02577 0.45277
0.03138 -0.01947 0.47778
-0.34045 -0.01709 0.34858
-0.31707 -0.04793 0.38144
-0.36697 -0.03536 0.34838
-0.46843 -0.03046 0.21164
-0.31199 -0.06548 0.41581
-0.43677 -0.05174 0.29993
-0.01879 -0.02364 0.53819
0.34049 -0.05689 0.42550
0.01172 -0.02722 0.55492
-0.25827 -0.05591 0.49337
-0.34762 -0.06709 0.44113
-0.41983 -0.03262 0.38588
-0.53492 0.00395 0.21534
0.08904 -0.02623 0.56782
-0.17575 -0.09096 0.54228
-0.03704 -0.02426 0.57342
-0.24799 -0.08264 0.50907
-0.12592 -0.04847 0.55295
-0.52482 -0.06753 0.20987
-0.52347 -0.06579 0.20236
-0.13402 -0.03859 0.54636
-0.05843 -0.02854 0.55586
-0.20675 -0.06505 0.50368
-0.40390 -0.03192 0.35695
-0.46442 -0.00933 0.25567
-0.45046 -0.01651 0.25160
-0.47734 -0.00230 0.16024
-0.43418 0.03674 0.22766
-0.44860 0.01500 0.16283
-0.35925 -0.02172 0.28306
-0.12458 -0.01292 0.42045
-0.38445 -0.01710 0.17813
0.29320 -0.01813 0.29133
-0.36603 0.01890 0.17842
-0.37022 -0.04386 0.15360
-0.33738 -0.08280 0.18829
-0.26506 -0.02999 0.29609
-0.29741 -0.01587 0.25870
0.36291 0.02046 0.14321
-0.30160 -0.02238 0.24653
-0.35205 -0.02384 0.13214
-0.35841 -0.04217 0.13133
-0.24801 -0.03330 0.28930
-0.30060 -0.03535 0.21009
-0.30522 -0.03284 0.21934
-0.29143 -0.01241 0.21598
-0.20932 -0.04565 0.30938
-0.27507 -0.01020 0.26578
-0.08356 -0.01618 0.36379
-0.25076 -0.04147 0.30964
-0.21286 -0.02976 0.32303
-0.28430 -0.02738 0.30391
-0.33482 -0.02048 0.22050
-0.09571 -0.00838 0.42471
-0.22119 -0.04342 0.38909
-0.21628 -0.04050 0.37558
-0.38096 -0.03619 0.29059
0.43676 0.06937 0.16319
-0.41032 -0.06705 0.29718
-0.44482 -0.01373 0.27605
-0.45312 -0.00444 0.25218
-0.44266 -0.00291 0.33941
-0.51467 0.03121 0.21599
-0.56424 -0.06844 0.17327
-0.50359 -0.03433 0.33617
-0.58868 0.02155 0.20066
0.61327 0.00940 0.21367
-0.44166 0.00385 0.48849
-0.22294 -0.02364 0.64503
-0.12540 -0.01810 0.68200
-0.26387 -0.08981 0.65535
-0.37621 -0.07672 0.61904
-0.66586 -0.02516 0.33885
-0.43020 -0.06794 0.62563
-0.48399 -0.11406 0.59292
-0.19271 0.00050 0.76853
-0.56213 -0.10600 0.56940
-0.45544 -0.04738 0.67685
-0.09560 -0.00526 0.81976
-0.57126 -0.18666 0.58849
-0.15300 -0.04025 0.83937
-0.29550 -0.12414 0.80694
-0.37042 -0.03990 0.79552
-0.05690 0.00786 0.89204
-0.16752 -0.01676 0.88553
0.02103 0.01226 0.91091
0.03094 0.04444 0.91119
-0.06056 -0.07275 0.90752
0.48983 -0.16492 0.75048
0.63885 -0.09341 0.64586
0.57337 -0.11413 0.70756
0.26624 -0.10791 0.87130
-0.21215 -0.08070 0.88660
0.00909 -0.00881 0.91583
-0.24220 -0.08525 0.88166
0.89318 -0.06122 0.38002
0.78540 -0.00407 0.36763
0.02862 0.03675 0.91824
0.86313 0.02680 0.31768
-0.42062 -0.03955 0.82037
-0.04367 -0.01077 0.91907
-0.20171 -0.08320 0.89121
-0.11326 -0.04053 0.90893
-0.20109 -0.05450 0.89330
-0.05056 -0.02745 0.91452
-0.07455 -0.00586 0.90884
0.07538 -0.03783 0.90314
-0.28670 -0.07319 0.85200
-0.18447 -0.09254 0.86708
-0.55390 -0.13659 0.67851
-0.03693 -0.00330 0.87656
-0.52106 -0.17879 0.66972
-0.05432 0.01303 0.85273
-0.16679 -0.07444 0.81365
-0.25094 -0.16028 0.77504
-0.16268 -0.06638 0.76807
-0.58253 -0.16374 0.50277
-0.25031 -0.10073 0.71874
-0.28487 -0.09939 0.68762
-0.12311 -0.06106 0.71721
-0.19633 -0.08791 0.67269
-0.25506 -0.01409 0.63092
-0.18863 -0.10287 0.61741
-0.13751 -0.06707 0.60828
-0.27137 -0.14653 0.51663
-0.12808 -0.06847 0.55985
-0.16895 -0.08959 0.51793
-0.15185 -0.04259 0.50858
-0.11085 -0.07473 0.49516
-0.04447 -0.02190 0.49528
-0.43661 -0.12545 0.16876
-0.05252 -0.01763 0.47834
-0.20364 -0.01583 0.41803
-0.13375 0.00247 0.44960
0.43203 0.00211 0.17191
-0.37787 -0.01764 0.25544
-0.38182 -0.00160 0.23870
-0.36649 -0.03625 0.23199
-0.33235 -0.04499 0.28583
0.41427 0.00978 0.13862
-0.39643 -0.03130 0.14405
-0.40696 -0.02834 0.13733
-0.36045 -0.01157 0.20238
-0.37450 -0.02485 0.19073
-0.23430 -0.01841 0.34424
-0.37732 -0.05519 0.12704
-0.39385 -0.03888 0.12219
-0.37483 -0.02050 0.13769
-0.38484 -0.02085 0.12708
0.38509 -0.00580 0.11714
0.31591 0.03582 0.23175
-0.37216 -0.04104 0.11956
0.36392 0.02116 0.13105
0.36262 -0.02045 0.12664
-0.33242 -0.01915 0.18531
-0.28530 -0.01244 0.25697
-0.28334 -0.01000 0.24795
-0.34016 -0.00546 0.18349
-0.27497 -0.03669 0.24609
-0.31315 -0.02782 0.19421
-0.27917 -0.02826 0.25992
-0.18684 -0.02151 0.30746
-0.20354 -0.02884 0.32054
-0.31458 -0.02127 0.17718
-0.23086 -0.03907 0.30682
-0.19987 -0.02422 0.31073
-0.22987 -0.06645 0.28810
-0.07780 -0.04894 0.38117
-0.24953 -0.03211 0.28810
-0.33885 -0.00112 0.21062
-0.05994 0.01359 0.39980
-0.09072 -0.03318 0.40809
-0.25869 -0.00552 0.34082
-0.26799 -0.03437 0.35182
-0.29517 -0.06044 0.33908
-0.05957 -0.03835 0.46205
-0.41649 -0.06331 0.23835
-0.42296 -0.08356 0.26155
0.42055 -0.01614 0.32139
-0.38304 -0.05553 0.39024
-0.39360 -0.12801 0.38914
-0.43000 -0.11798 0.37826
-0.42686 -0.08729 0.41617
-0.03663 -0.01354 0.62072
-0.52652 -0.07062 0.35890
-0.14042 -0.04362 0.63986
-0.00556 -0.00074 0.67916
-0.06465 -0.04774 0.69017
-0.00414 -0.00008 0.71299
-0.44527 -0.02553 0.57959
-0.11757 -0.02160 0.73963
-0.51188 -0.03790 0.57036
-0.12846 -0.04125 0.77395
-0.56965 -0.05777 0.56049
-0.66408 -0.05686 0.47232
-0.78024 -0.06495 0.28961
-0.12609 -0.05189 0.84169
-0.27019 -0.05830 0.81860
-0.14849 -0.01005 0.86040
0.17598 -0.00744 0.85806
-0.71600 -0.15129 0.49092
0.13406 -0.05138 0.86933
-0.06640 -0.03048 0.87908
-0.07257 -0.00730 0.87953
-0.02121 -0.02762 0.88405
-0.21978 -0.04990 0.86160
-0.05925 -0.03006 0.88846
-0.06698 -0.03195 0.89217
-0.04874 -0.02792 0.89438
-0.02874 0.01195 0.89754
-0.12319 -0.02526 0.89129
-0.25818 -0.07040 0.85756
-0.08095 -0.02168 0.89491
-0.03219 -0.02030 0.89905
-0.22830 -0.09313 0.86120
-0.11729 -0.06128 0.88375
-0.18838 -0.05376 0.87582
0.06625 0.00924 0.90025
0.84382 0.01932 0.30683
0.07633 -0.02810 0.89341
-0.01010 0.00174 0.89798
0.08151 -0.03728 0.89400
0.02594 -0.02933 0.89749
-0.06835 -0.00007 0.89265
-0.12897 -0.05626 0.90650
0.00239 0.00162 0.86870
-0.61154 -0.18576 0.61807
-0.06961 -0.05604 0.88151
0.00089 -0.04410 0.88166
-0.24778 -0.11557 0.84135
-0.66733 -0.07219 0.57033
-0.20809 -0.07868 0.85119
-0.15239 -0.06898 0.86324
-0.10511 -0.01694 0.86741
-0.70672 -0.14818 0.50233
-0.14319 -0.08823 0.85665
0.62243 0.14643 0.59884
-0.16337 -0.02541 0.86417
-0.35750 -0.11302 0.79999
0.09965 0.00039 0.88214
-0.08359 -0.02812 0.88903
-0.13314 -0.03719 0.88628
-0.02824 0.00593 0.89163
-0.06492 -0.01708 0.90141
-0.07341 -0.00842 0.90444
-0.16695 -0.05789 0.89127
-0.25717 -0.09602 0.86846
-0.70590 -0.35257 0.45781
-0.16131 -0.05497 0.90853
-0.08843 -0.03459 0.92029
-0.01336 0.00066 0.92991
-0.11030 -0.00180 0.92647
-0.43422 -0.10614 0.82353
-0.64519 -0.12508 0.68694
-0.17488 -0.06585 0.92033
-0.24191 -0.06389 0.91698
-0.16960 -0.02698 0.94040
-0.19406 -0.07398 0.93460
-0.10116 -0.04787 0.95780
-0.04542 -0.04330 0.96187
-0.16574 -0.06141 0.95398
0.03542 -0.02443 0.97399
-0.00500 -0.00855 0.97896
-0.00800 -0.01821 0.98298
-0.17729 -0.01422 0.98908
-0.12880 -0.01140 0.96070
-0.07903 -0.03908 0.97730
-0.02448 -0.02267 0.98087
0.00129 -0.00210 0.97858
-0.26451 -0.02127 0.94032
-0.06555 -0.05207 0.97165
-0.15082 -0.08489 0.95768
-0.29885 -0.10927 0.92189
-0.22539 -0.09854 0.94378
-0.29048 -0.05619 0.93053
-0.14602 -0.05768 0.96260
-0.25402 -0.09752 0.93561
-0.33391 -0.10058 0.91213
0.92119 0.04335 0.31305
-0.31185 -0.04559 0.92160
-0.03797 -0.00002 0.97554
0.03354 -0.02445 0.97332
-0.11681 -0.01015 0.96905
-0.15775 -0.07459 0.95760
-0.00949 -0.01330 0.97375
0.03009 -0.00521 0.97757
-0.01787 -0.01630 0.97316
-0.00769 -0.01481 0.97592
-0.00724 -0.00021 0.97108
-0.10974 -0.06562 0.96425
-0.08950 -0.03210 0.96739
-0.10047 -0.08299 0.96355
0.03135 -0.03103 0.96691
-0.03804 0.00033 0.96623
0.00097 -0.02527 0.96753
-0.12636 -0.06098 0.95761
-0.09748 -0.02857 0.97084
0.03411 -0.00769 0.96980
-0.16991 -0.02776 0.95591
-0.09415 -0.03337 0.96459
-0.09593 -0.01541 0.96382
-0.10978 -0.01135 0.96759
-0.15096 -0.05234 0.95891
-0.00700 -0.04733 0.98532
-0.05559 -0.02400 0.94804
0.00043 -0.00587 0.96919
-0.10064 -0.01029 0.97070
-0.09739 0.01704 0.97145
0.04150 -0.00421 0.98200
-0.18182 -0.01927 0.95600
-0.12124 -0.02787 0.96691
-0.08765 0.01706 0.97631
-0.12936 -0.00933 0.97553
-0.19491 0.01370 0.96543
0.05135 -0.00424 0.98020
0.00597 -0.01979 0.97944
-0.01077 0.01188 0.97848
-0.00666 0.00894 0.98093
-0.08609 0.00361 0.98643
-0.08625 -0.02059 0.98750
-0.13987 -0.04654 0.98180
-0.04274 0.00066 0.98813
-0.08531 -0.00598 0.98599
-0.06886 -0.01315 0.99122
0.01442 -0.00549 0.99334
-0.08143 -0.03605 0.99095
-0.21055 -0.08986 0.96681
-0.21890 -0.06390 0.96859
-0.05407 -0.02801 0.99608
-0.13543 -0.06099 0.98857
-0.08252 -0.05135 0.99671
0.00194 0.00794 1.00568
-0.04341 0.00071 1.00438
-0.11900 -0.03687 0.99728
-0.03991 -0.04016 1.00170
-0.14693 -0.04351 0.99414
-0.05043 -0.04134 1.00250
0.10487 -0.06982 0.99773
-0.29344 -0.10477 0.95437
-0.23670 -0.06389 0.97287
-0.16157 -0.08338 0.98468
-0.20361 -0.04542 0.97423
-0.21328 -0.06150 0.97157
-0.10108 -0.01503 0.98600
-0.28466 -0.11387 0.94421
0.88840 -0.01319 0.42936
-0.13851 -0.07366 0.96582
-0.15173 -0.04180 0.96583
-0.28229 -0.04899 0.93375
-0.11831 0.02193 0.97352
-0.57632 -0.12341 0.77497
-0.32222 -0.05583 0.91081
-0.16791 -0.06786 0.94690
-0.15166 -0.08449 0.94432
-0.06954 -0.02041 0.95770
-0.14515 -0.03423 0.94752
-0.01525 -0.00848 0.95584
-0.13743 -0.02504 0.94030
-0.10047 -0.02318 0.93149
0.01098 -0.02654 0.93720
-0.12350 -0.03680 0.91749
-0.17699 -0.03331 0.90161
-0.21365 -0.04420 0.87952
-0.13608 -0.01569 0.89170
-0.05608 -0.01244 0.90218
-0.08041 -0.04256 0.87389
-0.80482 -0.15186 0.32058
-0.81704 -0.09376 0.29062
-0.42865 -0.19314 0.72288
-0.54982 -0.22749 0.60692
-0.31294 -0.10650 0.77197
-0.03330 -0.04139 0.82132
-0.09863 -0.04265 0.80086
-0.03195 -0.03386 0.78897
-0.03820 -0.04857 0.77521
-0.00951 0.00417 0.76451
-0.01287 -0.05709 0.75332
-0.45699 -0.12580 0.57830
-0.33613 -0.13763 0.64403
-0.03410 -0.03716 0.73300
-0.20314 -0.05326 0.69502
-0.29950 -0.06072 0.65334
-0.15940 -0.01474 0.69772
0.02491 0.05905 0.70618
-0.60317 -0.05818 0.36780
-0.05222 -0.03391 0.67512
-0.03619 -0.03366 0.67764
-0.48397 -0.06742 0.46044
-0.57861 -0.09023 0.30725
-0.10493 -0.03888 0.64044
0.52605 -0.03188 0.35641
0.57150 0.04766 0.24213
-0.13153 -0.02755 0.59162
-0.43525 -0.05830 0.39592
0.52997 0.03101 0.21296
0.46203 0.00472 0.30928
0.43190 0.01409 0.32359
-0.49102 -0.05369 0.18227
-0.07745 -0.00518 0.50345
-0.45620 -0.01132 0.19432
-0.35027 -0.05097 0.33063
-0.39656 -0.03310 0.25355
-0.42413 -0.04668 0.16927
-0.38097 -0.04269 0.23132
0.40935 0.00712 0.14731
-0.35229 -0.04128 0.22690
-0.32848 -0.04008 0.24109
-0.32559 -0.03896 0.22986
-0.36511 -0.02863 0.13081
0.35035 -0.00598 0.14068
-0.28368 0.01327 0.22513
-0.31809 -0.02854 0.14455
-0.32272 0.00833 0.11293
-0.30562 -0.02976 0.15060
0.00977 0.01485 0.33893
-0.32691 -0.03011 0.13690
-0.29853 -0.02341 0.13946
-0.31573 -0.01265 0.12974
-0.31314 -0.00483 0.11490
0.31267 0.04227 0.10657
-0.26602 -0.01149 0.19637
0.27271 0.02813 0.15923
-0.30617 -0.05006 0.10713
-0.29551 -0.01908 0.11741
-0.23069 -0.01830 0.25099
0.25899 0.02943 0.21881
-0.32696 -0.06142 0.15719
0.11268 -0.02621 0.36040
-0.35211 -0.03490 0.11292
0.06984 0.02848 0.38628
-0.34604 -0.03109 0.17549
0.35166 0.00042 0.22118
0.37428 0.02803 0.16782
0.33422 0.06099 0.27600
0.31982 0.03569 0.30725
0.41691 0.07979 0.20727
0.08924 -0.00095 0.48752
-0.47770 -0.06242 0.17036
0.01546 -0.00350 0.52284
-0.24569 -0.08101 0.45860
0.51383 0.10814 0.20081
-0.51117 -0.11949 0.23308
-0.44053 -0.07287 0.37494
-0.44871 -0.08388 0.40554
0.02896 -0.00360 0.61692
-0.57624 -0.07770 0.27025
-0.57862 -0.09830 0.28785
-0.35745 -0.10837 0.55423
-0.62870 -0.08776 0.26398
-0.49524 -0.12460 0.48277
-0.58262 -0.12076 0.40146
-0.26301 -0.06236 0.67638
-0.68247 -0.13639 0.26305
-0.50530 -0.16440 0.54497
-0.50189 -0.08928 0.58393
-0.62841 -0.18381 0.43572
-0.26374 -0.08505 0.74079
-0.45487 -0.13243 0.64303
-0.40234 -0.13606 0.68229
-0.31090 -0.08011 0.74443
-0.01704 0.03719 0.81133
-0.13579 -0.03299 0.79903
-0.12889 -0.05168 0.79884
-0.00332 -0.00421 0.81141
0.04258 -0.04413 0.81584
-0.19155 -0.06958 0.79828
-0.14778 -0.07659 0.81182
-0.07495 -0.03732 0.82232
-0.02732 -0.02760 0.82500
-0.05075 0.00669 0.82377
-0.43575 -0.12939 0.68594
-0.05250 0.00934 0.82193
0.76243 0.01263 0.30108
-0.02296 0.00513 0.81523
-0.00395 -0.03406 0.81273
-0.05650 -0.01533 0.80997
-0.14973 -0.09237 0.78783
-0.03308 -0.03480 0.80035
-0.13831 -0.05146 0.78018
-0.03534 -0.01002 0.79018
-0.05090 0.01567 0.78096
-0.24295 -0.02983 0.73375
-0.01669 -0.00278 0.75830
-0.00986 -0.01272 0.74261
0.65518 -0.01488 0.30554
-0.04989 0.00892 0.70416
-0.53068 -0.09888 0.42807
-0.39961 -0.08455 0.53048
-0.28144 -0.06956 0.58656
-0.19060 -0.06112 0.60293
-0.17799 -0.05647 0.58020
-0.35503 -0.08485 0.46318
-0.39542 -0.00904 0.40658
-0.43938 -0.06680 0.32237
-0.38583 -0.04026 0.35783
-0.32471 -0.04211 0.38722
-0.27604 -0.05550 0.39514
-0.39092 -0.03849 0.24764
-0.40719 -0.02845 0.19141
-0.39761 -0.04958 0.18961
-0.35150 -0.05765 0.25695
-0.17597 -0.05899 0.39886
-0.38995 -0.02919 0.18565
-0.39261 -0.03304 0.18374
-0.13152 -0.07640 0.39300
-0.37984 -0.06989 0.16507
-0.30375 -0.05737 0.28533
-0.33607 -0.05662 0.21925
-0.38984 -0.05080 0.13549
0.37606 0.04887 0.12127
-0.37526 -0.02575 0.16021
0.30750 0.02605 0.23367
0.36161 0.05511 0.17210
0.33916 0.03095 0.18141
0.36031 0.04400 0.13554
-0.33707 -0.04714 0.13754
0.35204 0.09568 0.11417
0.29028 0.08816 0.24059
0.33894 0.01059 0.16032
-0.36689 0.00528 0.15335
-0.22163 -0.00522 0.30608
-0.36177 -0.03861 0.16930
-0.24690 -0.05269 0.29550
0.34831 0.00643 0.21887
-0.37573 -0.08645 0.15394
0.28311 0.00422 0.28355
0.35236 0.00323 0.23886
0.33077 0.02676 0.25962
0.33647 0.03558 0.29575
0.41024 0.03339 0.22315
0.31211 0.00920 0.34157
0.45041 0.01748 0.18310
0.07552 -0.00978 0.48529
0.18424 0.01662 0.47334
-0.38813 -0.08318 0.33972
0.00267 -0.00983 0.54207
0.06322 0.01636 0.56009
-0.52984 -0.02685 0.21536
0.06876 -0.00043 0.58441
0.55444 0.00216 0.22911
0.56449 -0.00090 0.24274
-0.47942 -0.06150 0.41418
-0.08974 -0.01716 0.64398
-0.02322 -0.01357 0.67105
0.17555 -0.06876 0.65852
0.65508 0.08919 0.22615
-0.06564 -0.02459 0.70821
-0.65424 -0.13579 0.28292
-0.69617 -0.07594 0.25425
0.13375 0.07879 0.74906
0.67841 -0.02297 0.38355
0.73357 0.05687 0.29372
0.05212 -0.01481 0.79580
0.71988 0.10688 0.35155
-0.71688 -0.02898 0.38144
-0.74156 -0.10085 0.29423
-0.40082 -0.07033 0.69368
-0.72851 -0.05716 0.33989
-0.12167 0.01974 0.79958
0.51267 0.03707 0.62420
0.05452 0.01731 0.81126
-0.60441 -0.08700 0.53495
-0.68944 -0.06312 0.43353
-0.61536 -0.11365 0.55112
-0.48404 -0.09549 0.64479
-0.02216 -0.01530 0.82261
-0.03258 -0.02041 0.81941
0.03869 -0.01993 0.82129
-0.05854 0.01227 0.82279
-0.02999 0.01318 0.82614
-0.06970 -0.01222 0.82428
-0.01358 -0.00762 0.82809
-0.09899 -0.04419 0.81853
-0.11010 -0.05135 0.81799
-0.06291 -0.03623 0.82134
0.01534 -0.05569 0.82178
0.02528 -0.03947 0.82075
0.01768 -0.00368 0.81899
0.02274 0.00514 0.81582
0.03698 -0.01279 0.81431
0.02006 -0.01883 0.81499
0.05028 -0.01372 0.80954
0.02495 -0.03403 0.80502
0.00491 -0.01271 0.79879
-0.00234 -0.04162 0.79497
-0.02023 -0.01560 0.79192
0.05548 -0.02860 0.78944
-0.05292 -0.01755 0.78811
0.03887 -0.01534 0.78432
-0.06324 -0.01408 0.78431
-0.01717 -0.01545 0.78437
0.72129 0.01619 0.30282
-0.08927 -0.03734 0.76308
-0.03947 -0.01858 0.76799
-0.00761 -0.02103 0.76743
-0.45354 -0.13146 0.60219
-0.06838 -0.00364 0.76184
-0.47888 -0.08340 0.58694
0.68896 -0.03101 0.32231
0.03345 0.01742 0.75734
-0.00175 -0.01023 0.75431
-0.00227 -0.01654 0.74744
-0.16144 -0.07437 0.72468
0.08780 -0.04880 0.73942
-0.00575 -0.01688 0.75511
-0.17289 -0.08052 0.70574
-0.01297 -0.01279 0.72796
-0.19188 -0.05307 0.68753
-0.51956 -0.13362 0.48530
0.68893 0.11183 0.21044
-0.57650 -0.10661 0.43025
-0.34148 -0.09645 0.62709
-0.06511 -0.03305 0.71055
0.02838 -0.01631 0.70986
-0.14724 -0.06627 0.68833
-0.18434 -0.02199 0.67943
0.00726 0.00025 0.69805
0.03193 -0.02606 0.69335
-0.54320 -0.06183 0.42694
0.02258 -0.04778 0.68547
-0.62368 0.01926 0.27605
-0.02822 0.00824 0.67745
-0.05110 0.02206 0.67210
0.00560 -0.00387 0.66890
-0.05599 0.00383 0.65619
0.60743 -0.02947 0.23794
-0.01633 -0.03863 0.64880
0.01498 -0.06924 0.64524
0.03236 0.00491 0.64559
0.02574 -0.01510 0.64342
0.02797 -0.03767 0.64114
-0.28291 -0.13416 0.55346
-0.02049 -0.01678 0.63469
0.52259 -0.08636 0.34021
0.16418 0.00157 0.60572
-0.54229 -0.01419 0.31153
0.07902 -0.00692 0.61686
0.14665 -0.05969 0.60343
0.09592 -0.02770 0.61958
-0.54285 -0.10607 0.31137
-0.22662 -0.04632 0.60141
0.10546 0.01505 0.64530
-0.02434 0.00039 0.66552
0.07994 -0.02555 0.66545
-0.13910 -0.05014 0.66449
-0.11519 -0.02355 0.68165
-0.62910 -0.07869 0.30798
0.02323 0.05154 0.71456
0.24320 -0.08952 0.67643
-0.22474 -0.00726 0.69647
-0.11678 -0.01147 0.73655
0.05646 0.01521 0.76204
0.00347 -0.00380 0.77888
0.07235 0.00196 0.79116
-0.74037 -0.10496 0.31128
0.04381 0.00829 0.82066
-0.76424 0.03767 0.34297
-0.03324 -0.01119 0.84863
-0.02788 -0.04760 0.86954
0.78571 0.16716 0.31594
-0.15613 -0.06453 0.86969
-0.04355 -0.01168 0.90514
-0.56137 -0.10207 0.71707
0.87093 0.08504 0.31049
0.84305 0.04489 0.41470
0.05732 -0.00705 0.94970
-0.16729 -0.09114 0.94271
0.05457 -0.02360 0.96712
-0.67936 -0.04195 0.70262
0.13175 -0.01251 0.98307
-0.67750 -0.10804 0.72236
-0.29031 -0.15332 0.93800
-0.63805 -0.11139 0.75355
0.05614 -0.05046 0.99506
-0.03637 -0.01255 1.00766
-0.02711 -0.00315 1.00958
0.95295 0.13479 0.31517
0.25777 -0.10618 0.97001
-0.02507 -0.02744 1.00731
-0.05033 0.00146 1.00153
-0.49129 -0.15148 0.87038
0.78995 0.05672 0.61438
-0.06482 -0.02831 0.98894
-0.03488 -0.03251 1.00297
0.17733 -0.03905 0.98113
-0.40732 -0.08475 0.90595
-0.73608 -0.02923 0.66816
-0.83930 -0.11797 0.52046
-0.18435 -0.00517 0.97699
-0.10555 0.00393 0.98380
-0.12556 -0.02243 0.97359
-0.55201 -0.16568 0.79207
-0.66154 -0.11623 0.70897
-0.88234 -0.12211 0.40244
-0.61845 -0.10498 0.74802
-0.20745 -0.03409 0.93793
-0.21221 -0.06834 0.93408
-0.70669 -0.10215 0.63483
-0.83066 -0.04676 0.45968
-0.12571 -0.01401 0.94261
-0.01651 0.01357 0.95031
-0.18057 -0.07338 0.92583
0.07641 -0.01964 0.94043
0.10473 -0.05599 0.92305
0.06269 -0.01162 0.93337
0.03616 -0.03292 0.93255
0.03133 -0.01822 0.92914
0.00752 -0.02618 0.92743
0.04376 -0.00727 0.92386
-0.64706 -0.16286 0.64205
-0.01583 -0.01405 0.92818
-0.05798 -0.03797 0.92590
0.24716 -0.00126 0.89485
-0.23308 -0.03944 0.89717
0.17003 0.03407 0.91550
0.05374 0.01375 0.93079
0.51086 0.02661 0.77689
0.83526 -0.04871 0.40468
0.05162 -0.01869 0.93353
0.17418 -0.02390 0.92981
0.20162 -0.00668 0.90091
-0.30874 -0.07393 0.88136
-0.63778 -0.12209 0.68089
-0.37758 -0.07185 0.86221
-0.46133 -0.14219 0.80959
-0.38713 -0.10483 0.85226
0.10557 -0.01976 0.94219
-0.14556 -0.06058 0.93385
-0.62371 -0.18617 0.69011
-0.08854 -0.04117 0.94067
-0.18898 -0.09450 0.92489
-0.10914 -0.06367 0.93780
-0.30470 -0.05030 0.89563
-0.61084 -0.05663 0.73150
-0.08635 0.01386 0.94781
-0.08978 -0.05363 0.93953
-0.81178 -0.07650 0.47263
-0.69290 -0.05079 0.62853
-0.17777 -0.00450 0.92128
-0.09425 -0.02084 0.93277
0.33223 0.01419 0.87652
-0.34709 -0.07161 0.86967
-0.02478 0.01930 0.92863
-0.27906 -0.02360 0.88296
-0.85368 -0.04996 0.33287
-0.06007 -0.04276 0.90433
-0.41505 -0.19855 0.76594
-0.57549 -0.25157 0.62415
0.82913 0.12372 0.23630
0.01865 0.05093 0.84814
-0.10223 -0.05221 0.82298
-0.14697 -0.01893 0.80675
-0.63245 -0.45181 0.25325
-0.18756 -0.10735 0.78815
0.00466 0.00719 0.81629
0.04185 -0.02046 0.81572
-0.07554 -0.00640 0.80995
-0.73468 -0.07996 0.33999
-0.15416 -0.04600 0.79593
-0.06596 -0.02697 0.80426
-0.05085 -0.01583 0.79951
-0.19205 -0.13708 0.75663
-0.10532 -0.08749 0.78185
-0.01444 -0.01243 0.79372
-0.06421 -0.00916 0.79060
-0.13219 -0.07273 0.77194
-0.07228 -0.04807 0.78298
-0.16100 -0.07365 0.76801
-0.06861 -0.02973 0.76861
-0.01178 -0.04015 0.76982
-0.51055 -0.04418 0.57575
0.53865 -0.05048 0.54761
0.33235 -0.06254 0.69480
0.31845 -0.01379 0.70344
0.07061 -0.05675 0.75761
0.07772 -0.06871 0.74652
0.12461 -0.05054 0.73248
-0.65162 -0.11701 0.30795
-0.01308 -0.03203 0.71332
0.65516 0.04799 0.23358
-0.58717 -0.11273 0.31719
-0.60674 -0.01005 0.24771
-0.43047 -0.05362 0.45261
-0.09326 -0.06506 0.58994
-0.20868 -0.09979 0.52387
-0.34019 -0.03829 0.42881
-0.10219 -0.09096 0.50476
-0.12703 -0.04667 0.48183
-0.15211 -0.04565 0.45377
-0.32287 -0.02215 0.33684
0.39459 -0.00937 0.24687
-0.31212 -0.03668 0.32927
-0.41880 -0.01721 0.16972
-0.41467 -0.02718 0.16036
-0.06611 -0.01734 0.44776
0.37747 0.01468 0.16192
-0.38806 0.01123 0.12508
0.37040 -0.01522 0.11570
0.34127 -0.00655 0.12951
0.29814 -0.00107 0.16471
0.27400 -0.00535 0.16221
0.29186 -0.01328 0.12564
0.27467 0.02520 0.15402
0.28762 0.01139 0.12962
0.29073 0.01723 0.10943
0.27431 0.01585 0.14073
0.25412 -0.00311 0.16628
-0.26856 -0.01066 0.14115
-0.28122 0.00804 0.09223
-0.27508 -0.00139 0.10417
-0.27233 -0.02374 0.11261
0.25724 -0.01794 0.15244
-0.28012 0.01086 0.12120
0.28142 -0.01764 0.11967
0.27108 -0.00147 0.15803
0.30451 -0.01835 0.09356
0.28881 -0.02474 0.14388
0.27848 0.01313 0.17459
-0.31999 -0.02381 0.09757
-0.31797 0.00479 0.13906
0.29345 -0.02171 0.19682
0.34908 0.00422 0.11681
-0.35022 -0.04033 0.13500
0.36940 0.02003 0.12769
0.33975 0.01379 0.22122
0.36851 0.01316 0.18475
0.38119 0.01409 0.19546
0.41112 0.03043 0.14542
0.32379 0.01367 0.31315
0.41816 0.01618 0.19946
-0.43620 -0.03543 0.16898
-0.46371 -0.02935 0.14008
0.36943 -0.03346 0.33037
-0.04091 0.02608 0.50317
0.38304 0.02207 0.35005
-0.48716 -0.07109 0.16658
0.44268 -0.01079 0.30596
0.41263 0.01512 0.35415
-0.40146 -0.00248 0.38229
0.53629 -0.00501 0.19454
-0.48818 -0.01890 0.30305
0.56314 0.00784 0.18005
0.25595 0.00792 0.53895
-0.50518 0.00122 0.35636
0.54441 0.07258 0.28509
0.55821 0.09204 0.27630
-0.59382 -0.05218 0.24689
0.58312 0.02832 0.26287
0.55318 0.01106 0.36032
-0.60228 -0.03960 0.25382
0.09936 0.00034 0.64939
0.43181 0.00382 0.52274
-0.30661 -0.07208 0.59321
0.64032 0.04899 0.26572
-0.62980 -0.07009 0.29213
0.08484 -0.00145 0.71176
-0.67271 -0.04703 0.24369
-0.11725 -0.02083 0.71476
-0.03539 -0.01372 0.73638
-0.00811 -0.00174 0.74197
0.05424 0.02210 0.75414
-0.12463 -0.06160 0.74502
-0.06066 -0.01682 0.76871
-0.13528 -0.05990 0.76520
-0.21054 -0.06683 0.75388
-0.05202 -0.04686 0.78615
-0.19702 -0.11562 0.75886
-0.15896 0.03338 0.78276
-0.34244 -0.11040 0.72742
0.75336 0.15586 0.28820
-0.75829 -0.11922 0.32449
-0.35148 -0.10414 0.74701
-0.78292 -0.06697 0.28781
0.57695 -0.00581 0.61182
-0.09549 -0.04092 0.83799
0.05300 0.00742 0.85041
0.08019 -0.02505 0.86347
-0.03331 -0.00739 0.83097
-0.08686 -0.00559 0.85009
-0.04965 -0.01812 0.85319
-0.18820 -0.00918 0.82930
-0.07601 -0.00856 0.85560
-0.03995 0.01521 0.83605
-0.09309 -0.01725 0.83783
-0.10270 -0.02374 0.83068
-0.18200 -0.03264 0.81176
-0.21460 -0.06038 0.79830
-0.75091 -0.03570 0.32308
-0.37736 -0.05924 0.70618
-0.19663 -0.07539 0.75963
-0.26050 -0.08318 0.72061
-0.10818 -0.03260 0.74473
-0.09854 -0.05242 0.73262
-0.04199 -0.02238 0.69858
-0.19620 -0.07333 0.66079
-0.13189 -0.01288 0.67384
-0.40589 -0.04482 0.52807
-0.37314 -0.01864 0.51169
-0.51966 -0.02982 0.36012
-0.58064 -0.00942 0.22185
0.53755 0.01772 0.23036
0.42056 0.03428 0.41565
0.06773 -0.00529 0.56762
-0.46296 -0.02190 0.33164
-0.43528 -0.07436 0.35628
-0.35684 -0.03191 0.42103
-0.09941 -0.00192 0.54049
-0.04323 0.01463 0.52836
-0.47963 -0.04244 0.18502
-0.34196 -0.09655 0.37740
-0.31556 -0.06674 0.37704
-0.47116 0.00114 0.19457
0.42902 0.03703 0.21683
0.47778 0.01424 0.15580
-0.43257 -0.03300 0.17963
0.47490 0.03573 0.14528
0.43926 0.02620 0.13857
-0.45573 -0.03687 0.18756
0.42213 0.05786 0.15359
-0.36707 -0.05021 0.25343
-0.44960 -0.04050 0.16584
0.31081 0.00871 0.32068
0.44849 0.03895 0.17264
-0.35185 -0.06985 0.27939
-0.44309 -0.05702 0.20535
0.10100 0.01607 0.45394
0.45584 0.03789 0.19508
0.08759 0.01155 0.47334
-0.41309 -0.04589 0.26879
0.02271 0.00916 0.52171
0.36312 0.01031 0.37268
0.46741 0.00217 0.28781
0.03252 -0.03401 0.53460
-0.49787 -0.07064 0.26700
-0.00999 -0.04138 0.55058
-0.01204 -0.03098 0.58045
-0.00006 -0.01533 0.59754
-0.45170 -0.07590 0.41947
-0.47857 -0.05840 0.38941
-0.50886 -0.04003 0.39415
-0.37325 -0.05860 0.53772
-0.55608 -0.03737 0.36978
-0.03491 -0.03058 0.68311
-0.00526 0.03638 0.69541
-0.09261 -0.04675 0.70426
0.02421 -0.00722 0.72538
-0.14706 -0.04396 0.72384
-0.09330 -0.01861 0.74824
-0.08254 -0.03172 0.75901
-0.07383 -0.05020 0.77542
-0.14510 -0.07769 0.77362
-0.09167 -0.01654 0.79843
-0.07095 -0.02687 0.81332
0.07275 0.00600 0.82598
-0.00712 -0.00188 0.84103
-0.13802 -0.05788 0.84018
-0.06668 -0.01382 0.86487
-0.10210 -0.04450 0.86865
0.09845 -0.04483 0.88446
0.22444 -0.03627 0.87109
-0.26349 -0.06499 0.86795
-0.12633 -0.04181 0.90872
-0.10318 -0.04312 0.91875
-0.10690 -0.02804 0.92739
0.73339 0.02350 0.58729
-0.14377 -0.05594 0.93250
-0.03506 -0.04253 0.94702
-0.78396 -0.02654 0.53761
-0.04596 0.00071 0.95338
-0.04900 -0.02136 0.95128
-0.01665 -0.01468 0.95160
-0.10051 -0.05103 0.94515
0.55757 -0.06609 0.76261
-0.10338 -0.07567 0.94608
-0.07595 -0.03533 0.94826
0.87861 0.00825 0.36698
0.04465 -0.00673 0.94575
-0.10949 -0.05934 0.93396
-0.04273 -0.07229 0.93670
0.01031 -0.04779 0.93834
-0.17269 -0.09546 0.91797
-0.10161 -0.04374 0.92834
-0.02350 -0.01906 0.93334
-0.01167 -0.01737 0.93126
-0.05408 -0.04698 0.92623
0.00022 -0.04220 0.92780
-0.07559 -0.04637 0.92067
-0.04634 -0.04626 0.92638
-0.14663 -0.06720 0.91412
-0.13607 -0.02296 0.91832
-0.22058 -0.04926 0.90400
-0.07292 -0.02723 0.92544
-0.69505 -0.25044 0.56666
-0.83627 -0.14585 0.38038
-0.18138 -0.08150 0.91281
-0.12562 -0.02304 0.92867
0.82998 0.09556 0.42863
-0.07806 0.00404 0.94082
-0.13542 -0.00715 0.93442
-0.11748 -0.03192 0.94035
0.02201 -0.01545 0.95376
-0.05077 -0.05073 0.95285
-0.04555 0.00229 0.95445
0.06485 -0.03785 0.95428
-0.29180 -0.11799 0.91424
-0.22956 -0.09820 0.93921
-0.12172 -0.04209 0.97017
-0.10739 -0.02145 0.97631
-0.22494 -0.08804 0.96088
-0.27091 -0.06785 0.95524
-0.20061 -0.04086 0.97936
-0.11830 -0.02074 1.01043
-0.24733 -0.08801 0.97378
0.01047 -0.01378 1.02291
-0.19982 -0.07568 0.99690
-0.09677 -0.04829 1.01892
-0.02185 -0.03858 1.03464
-0.18531 -0.09068 1.02249
-0.15768 -0.05714 1.03600
-0.07554 -0.01413 1.05398
-0.08611 0.00058 1.05328
-0.07604 -0.02780 1.06437
-0.13489 -0.04652 1.05522
-0.05262 -0.00363 1.06641
-0.15222 -0.03524 1.05768
-0.23713 -0.11763 1.03485
-0.15230 -0.08098 1.05434
-0.01089 -0.04717 1.07035
-0.61189 -0.12709 0.86684
-0.41699 -0.11866 0.97772
-0.08511 -0.04614 1.06597
-0.26510 -0.11858 1.02862
-0.72768 -0.17747 0.76078
-0.14970 -0.02237 1.05912
-0.28343 -0.07846 1.02632
-0.09987 0.01329 1.06540
0.04835 -0.03825 1.06461
-0.12769 -0.03866 1.05927
-0.04003 -0.02839 1.06831
-0.10467 -0.04848 1.06040
0.05925 -0.02680 1.06794
-0.26799 -0.11063 1.02793
-0.10168 -0.05963 1.05875
-0.04768 -0.01351 1.06733
-0.05968 -0.04287 1.06306
0.05330 -0.00808 1.06390
-0.01499 -0.00152 1.06485
0.00777 -0.03314 1.06713
0.02670 0.00244 1.07481
-0.13494 -0.06188 1.06757
-0.15177 -0.02766 1.06467
-0.06349 -0.01349 1.07814
-0.04852 -0.00466 1.07926
-0.09645 -0.00670 1.07567
0.87225 0.03404 0.64353
-0.84654 -0.12893 0.66263
-0.23940 -0.05921 1.05318
-0.16686 -0.06353 1.07195
-0.06917 -0.00103 1.08672
-0.29117 -0.09036 1.05433
-0.05551 0.01452 1.09598
-0.01681 -0.01770 1.09868
-0.89024 -0.17484 0.62060
-0.20106 -0.02283 1.09460
-0.86169 0.02070 0.70340
-0.58900 -0.14008 0.93308
-0.05768 0.00785 1.10567
-0.39356 -0.11393 1.03676
-0.05981 0.01641 1.12264
0.00443 -0.00545 1.13804
-0.04688 -0.00496 1.13343
-0.14223 -0.02869 1.12844
-0.14562 -0.05174 1.13274
-0.13655 -0.00739 1.13765
-0.06258 -0.03253 1.14829
-0.03054 -0.03960 1.15198
0.11363 -0.05078 1.15273
0.09611 -0.04002 1.15496
-0.32833 -0.11537 1.11372
-0.00871 -0.01462 1.17148
0.08739 -0.04973 1.16842
0.02301 -0.02808 1.16943
0.13085 -0.02756 1.15738
-0.07500 -0.05902 1.16249
-0.19326 -0.05415 1.14577
-0.42605 -0.14680 1.06935
-0.29251 -0.05468 1.12123
-0.09738 -0.04946 1.15168
-0.12603 -0.04989 1.14721
-0.06222 -0.02863 1.14793
1.05256 0.02497 0.46610
-0.47069 -0.19514 1.02601
-0.11459 -0.04267 1.12968
-0.01668 -0.04599 1.13705
0.19943 -0.03030 1.11670
-0.29710 -0.02696 1.09504
-0.23345 -0.07075 1.10106
-0.16253 -0.02151 1.11223
-0.12376 -0.01912 1.10127
-0.23321 -0.07647 1.08030
-0.13823 -0.01465 1.08955
-0.05162 -0.01363 1.07979
-0.03851 0.00065 1.07163
0.08622 -0.01887 1.05472
-0.22451 -0.09198 1.01397
-0.20371 -0.05925 1.01068
-0.09585 -0.04154 0.99773
-0.11610 -0.05330 0.98836
-0.62494 -0.13511 0.74023
0.72961 0.04586 0.62592
-0.75612 -0.18643 0.54445
-0.28264 -0.09360 0.87939
-0.05307 -0.03822 0.91239
-0.64888 -0.25744 0.56546
-0.68479 -0.21908 0.50587
-0.04770 -0.02376 0.86270
-0.00878 -0.04975 0.84291
-0.01395 -0.00095 0.83619
-0.05846 -0.03451 0.81634
-0.64363 -0.06555 0.48678
-0.52508 -0.17966 0.53877
0.64179 0.03637 0.30614
-0.04791 -0.04692 0.70959
0.00389 -0.00688 0.71282
-0.54075 -0.14320 0.44173
-0.04635 0.01870 0.70988
-0.04490 0.03252 0.70945
-0.47630 -0.08801 0.52208
0.66177 -0.03438 0.25906
-0.26708 -0.09325 0.65233
-0.50342 -0.07701 0.49517
-0.46318 -0.06800 0.53521
-0.46073 -0.09609 0.53181
-0.56462 -0.03173 0.42957
-0.54537 -0.10037 0.44331
-0.63660 -0.06223 0.36396
-0.49422 -0.09145 0.35027
0.27797 0.00725 0.52535
-0.35016 -0.03861 0.45663
-0.18031 -0.03898 0.52482
-0.47125 -0.09241 0.23125
-0.48687 -0.02708 0.16483
-0.30529 -0.00961 0.38102
0.43026 0.04459 0.16873
-0.34832 -0.02876 0.26136
0.39218 0.03282 0.11847
0.36765 0.03043 0.11302
-0.19179 -0.02133 0.30253
0.31396 0.02706 0.10763
0.28843 0.00886 0.11218
0.25013 -0.00423 0.14412
0.25224 0.01474 0.08598
0.23011 -0.00613 0.08774
0.21843 0.01208 0.07781
-0.20977 -0.00241 0.07038
-0.17701 -0.02555 0.11882
-0.18986 -0.00913 0.08477
-0.19115 0.01240 0.06640
-0.14258 0.00600 0.13767
0.18145 0.00388 0.07707
0.18838 0.01490 0.06060
0.18350 -0.00229 0.07739
0.17627 0.00647 0.09227
-0.18493 -0.00997 0.06871
-0.16099 0.00306 0.11422
0.19144 0.00426 0.05242
-0.18026 0.00042 0.08173
-0.15418 0.00871 0.12327
-0.17424 -0.00570 0.09987
-0.19696 -0.01732 0.07784
0.21743 0.01604 0.07010
-0.21938 -0.01994 0.11971
-0.25034 -0.00930 0.10318
-0.26848 -0.02250 0.10590
-0.19977 -0.02747 0.22841
-0.28939 0.00434 0.14577
0.32675 0.02028 0.10019
-0.34427 -0.02008 0.13027
-0.35494 0.00784 0.16319
-0.36172 -0.01613 0.20173
-0.38119 -0.00603 0.22142
-0.39275 -0.02382 0.24519
-0.44627 0.03705 0.19480
0.27239 0.00470 0.42681
-0.02559 0.02002 0.52566
-0.06088 0.00699 0.54004
-0.04487 0.02813 0.55516
-0.03726 0.01578 0.57531
-0.54319 -0.03490 0.24631
-0.13344 -0.00273 0.60503
-0.08232 0.02035 0.63492
-0.42497 -0.07677 0.50229
-0.60968 -0.06832 0.29308
-0.07054 -0.03181 0.68683
-0.17754 -0.00110 0.68371
0.00296 -0.00262 0.71932
-0.14814 -0.06874 0.72582
-0.18793 -0.07365 0.74198
-0.09383 -0.01632 0.78595
-0.48231 -0.14559 0.62994
-0.02129 -0.02825 0.81247
-0.12780 -0.07982 0.81922
0.00322 -0.07882 0.83804
-0.36698 -0.05879 0.78291
-0.27281 -0.05711 0.83596
-0.74211 -0.13572 0.47300
-0.65944 -0.14144 0.59793
-0.08041 -0.01468 0.91006
-0.24027 -0.09299 0.88784
-0.02724 -0.02208 0.93312
-0.28073 -0.09414 0.89789
0.02867 0.00062 0.95824
-0.70741 -0.07683 0.65914
-0.88568 -0.10467 0.41414
0.04539 0.00259 0.98792
0.02943 -0.01815 0.99568
-0.04847 -0.02958 1.00121
-0.00221 -0.02138 1.00551
-0.12104 -0.01135 1.00885
-0.05862 -0.00756 1.02044
-0.54069 -0.16194 0.85898
0.03473 -0.00211 1.03035
-0.77161 -0.13546 0.68280
-0.05551 -0.00591 1.03917
0.78088 0.04437 0.70314
-0.35639 -0.09914 0.98712
-0.81766 -0.10756 0.65539
-0.05322 -0.01184 1.06021
-0.06795 -0.02446 1.05900
-0.14085 -0.02331 1.05351
-0.97895 -0.07549 0.41030
0.12053 -0.10531 1.04988
0.16193 -0.05094 1.05193
-0.35790 -0.08113 0.99346
-0.69842 -0.00682 0.79844
-0.30925 -0.08373 1.01563
-0.19190 -0.03184 1.05220
0.04510 0.00100 1.06901
-0.02644 -0.01012 1.06270
0.03492 0.01686 1.05568
-0.13197 -0.02024 1.04727
-0.72576 -0.12894 0.75997
-0.13762 -0.03466 1.05762
0.03156 -0.02159 1.06885
-0.39521 -0.17567 0.97882
-0.17070 -0.04921 1.05276
-0.05444 -0.02591 1.06540
-0.20164 -0.08688 1.04285
-0.05750 0.00621 1.06524
-0.11766 -0.01780 1.06575
-0.10038 0.00716 1.06773
-0.11745 -0.04071 1.06894
-0.39723 -0.18132 0.97504
-0.28095 -0.05398 1.02995
-0.11341 -0.08095 1.06180
-0.26651 -0.07060 1.04056
-0.37759 -0.08552 1.00956
-0.14084 -0.03576 1.07185
-0.01557 0.00768 1.07684
-0.43241 -0.18683 0.96660
-0.07342 -0.00381 1.07649
-0.38735 -0.13735 0.99856
-0.20179 -0.02757 1.06103
-0.25014 -0.08906 1.04773
-0.11681 -0.02107 1.07558
-0.17803 -0.07210 1.06571
-0.22333 -0.05119 1.05637
-0.40422 -0.05248 0.99978
0.00888 -0.01896 1.08402
-0.06008 0.03061 1.08584
-0.01715 0.01066 1.09337
-0.05799 0.03617 1.09130
-0.12120 -0.03822 1.08407
-0.03123 -0.01009 1.09036
-0.09166 -0.06481 1.08591
-0.20796 -0.07382 1.06680
-0.18634 -0.09390 1.06572
-0.14912 -0.03541 1.08782
-0.17964 -0.04526 1.08187
-0.19163 -0.03551 1.07815
-0.34055 -0.12789 1.03545
-0.19251 -0.04009 1.08107
-0.15481 -0.05680 1.08575
-0.13309 -0.00134 1.09221
-0.67991 -0.06336 0.86185
-0.09763 -0.01979 1.09945
-0.09297 -0.04360 1.09760
-0.72589 -0.08961 0.82394
-0.14761 -0.04442 1.09388
-0.05777 0.05217 1.10409
-0.19799 -0.01099 1.09290
-0.28635 -0.16360 1.05694
-0.80361 -0.11342 0.75344
-0.10291 -0.02199 1.10524
-0.20364 -0.03068 1.09518
-0.17702 -0.00684 1.09850
-0.06046 -0.02771 1.11148
0.05390 0.00496 1.11848
-0.04093 -0.03120 1.11593
-0.02257 0.00600 1.12120
-0.16827 -0.09547 1.09896
0.10533 -0.07115 1.11318
-0.35739 -0.17985 1.04720
-0.18987 -0.08687 1.10523
-0.29051 -0.06364 1.09034
-0.10861 -0.01416 1.12492
-0.11630 0.00835 1.12475
-0.52438 -0.10904 0.99703
-0.23512 -0.09976 1.10447
-0.29521 -0.13653 1.08406
-0.24232 -0.09574 1.10611
-0.20218 -0.05893 1.11451
-0.13046 -0.01527 1.13011
-0.76175 -0.09058 0.84299
-0.67307 -0.06139 0.91506
-0.97920 -0.06389 0.58405
-0.23412 -0.06317 1.11631
-0.17131 -0.11589 1.12071
-0.16515 -0.07011 1.12450
-0.14779 -0.06513 1.13076
-0.05527 0.00783 1.14228
-0.12818 -0.08268 1.13617
-0.01503 -0.01306 1.13576
-0.27474 -0.04411 1.10616
-0.14124 -0.04871 1.12860
-0.17804 -0.01918 1.12755
-0.04882 -0.02307 1.13253
-0.02918 -0.01314 1.13220
-0.00206 0.02582 1.13723
-0.07816 0.00946 1.14101
-0.08958 0.01575 1.12687
-0.16114 -0.07167 1.11156
-0.18485 -0.09934 1.09364
-0.11844 -0.05704 1.10632
-0.14973 -0.01849 1.11064
-0.62296 -0.17709 0.91782
-0.19457 -0.03095 1.10157
-0.05487 -0.02149 1.10712
0.03439 -0.03114 1.10152
-0.11207 -0.03020 1.07983
-0.11868 -0.05568 1.07248
-0.05399 0.01081 1.08512
-0.81325 -0.02484 0.73420
-0.04151 -0.01773 1.09002
-0.11085 -0.00982 1.06609
-0.02532 -0.00921 1.05424
-0.04508 0.01378 1.04856
-0.04782 0.02878 1.01745
-0.23881 -0.08829 1.00018
-0.04242 0.04588 1.03369
0.17649 0.03305 1.01717
0.07495 -0.01415 1.01825
-0.63053 -0.03174 0.79107
0.01061 -0.05683 0.99817
-0.66478 -0.02884 0.74041
-0.06918 -0.05330 0.98503
-0.23222 -0.11243 0.94010
-0.16670 -0.06159 0.96399
-0.39246 -0.13189 0.88409
-0.24782 -0.09639 0.93262
-0.32420 -0.07901 0.89396
-0.23766 -0.11928 0.91061
-0.03132 -0.00844 0.94909
0.11440 -0.02977 0.93606
0.01530 -0.02690 0.93883
0.00464 -0.03356 0.92525
0.36145 -0.15312 0.83483
-0.18566 -0.08376 0.89586
-0.05218 -0.04037 0.91447
-0.07941 -0.03604 0.90802
-0.09422 0.00946 0.90230
-0.19247 -0.03436 0.88351
-0.23262 -0.06334 0.86337
-0.27786 -0.01046 0.84287
-0.16679 -0.00739 0.87159
-0.20345 -0.04852 0.86304
-0.18267 -0.06739 0.86789
-0.23035 -0.03085 0.84902
-0.10879 -0.04312 0.86277
-0.26099 -0.10203 0.81571
-0.14968 -0.08295 0.84079
-0.64691 -0.06887 0.55768
-0.41100 -0.10513 0.74552
0.04263 -0.00901 0.84981
0.03976 0.00318 0.84487
-0.18386 -0.06831 0.81135
-0.43757 -0.13800 0.69524
-0.12901 -0.04225 0.81185
0.10493 0.02377 0.80308
-0.17122 -0.06925 0.77023
-0.00731 -0.01795 0.78541
-0.44799 -0.08140 0.62383
0.03795 0.00848 0.76183
-0.58048 -0.08046 0.46879
-0.66328 -0.08830 0.31224
0.10046 -0.02851 0.72501
-0.57079 -0.05892 0.42816
-0.56009 -0.09771 0.41849
-0.42781 -0.08327 0.54098
-0.62289 -0.12303 0.25881
0.03275 -0.05366 0.67121
-0.61408 -0.05025 0.25183
-0.60840 -0.04657 0.23459
-0.46488 -0.01147 0.44198
-0.59237 -0.08284 0.19289
-0.51544 -0.05462 0.33169
-0.40051 -0.05093 0.44435
-0.52514 -0.07748 0.25782
-0.44041 -0.08120 0.37222
-0.44039 -0.06115 0.35608
-0.44165 -0.03957 0.34928
-0.28562 -0.04720 0.46692
-0.47855 -0.07268 0.23655
-0.48185 -0.04194 0.20128
-0.40869 -0.02631 0.31517
-0.30980 -0.03552 0.39805
-0.35947 -0.02835 0.34090
-0.42958 0.01924 0.22603
-0.41523 -0.00970 0.22582
-0.10351 -0.02426 0.45170
-0.25204 -0.04273 0.37153
-0.39400 -0.03985 0.17952
-0.01433 0.00348 0.42085
0.38863 0.03623 0.11833
0.33881 0.01739 0.19920
-0.31892 -0.02712 0.21727
0.32757 0.04374 0.16072
0.34188 0.03306 0.11966
0.33139 0.02335 0.12006
0.31071 0.03657 0.12286
0.29953 0.03419 0.15947
0.29711 0.03138 0.11219
-0.27204 -0.07452 0.16370
-0.28203 -0.03813 0.15103
0.29189 0.05231 0.09410
0.28554 0.03238 0.13435
-0.27850 -0.01852 0.12731
0.28360 0.01889 0.12659
-0.28411 -0.02877 0.10558
-0.27410 -0.01059 0.11131
-0.27111 -0.01581 0.13062
0.27834 0.02068 0.09813
-0.27656 -0.01405 0.10212
-0.25330 -0.02853 0.12675
-0.25701 -0.03304 0.12004
0.02016 0.00427 0.29020
-0.27313 -0.01772 0.10825
-0.24863 -0.02788 0.15848
-0.24356 -0.05306 0.15969
-0.23706 -0.04118 0.16258
-0.24062 -0.04113 0.16715
0.26315 0.08321 0.10815
-0.26154 -0.03742 0.13175
-0.28258 -0.03933 0.09564
-0.28432 -0.04609 0.08605
-0.27965 -0.06230 0.11115
-0.23559 -0.03270 0.20449
-0.28179 -0.02784 0.15725
-0.31103 -0.01656 0.10191
-0.24976 -0.01539 0.21787
-0.26699 -0.02083 0.20241
-0.28400 -0.01542 0.20358
-0.30720 -0.04461 0.15014
-0.29689 -0.05021 0.19853
-0.30778 -0.05984 0.19511
-0.27173 -0.01786 0.25948
-0.30341 -0.07413 0.22821
-0.22982 -0.02869 0.33506
-0.28391 -0.05478 0.30602
-0.38892 -0.04387 0.20073
-0.38555 -0.02296 0.25598
-0.40651 -0.07684 0.23514
-0.31124 -0.03850 0.37877
-0.23688 -0.06021 0.45178
-0.38968 -0.06914 0.36110
-0.30956 -0.04359 0.46252
-0.53534 -0.05133 0.21520
-0.27243 -0.03751 0.53978
-0.27346 -0.07624 0.55765
-0.57532 -0.07577 0.29900
-0.39480 -0.09218 0.55079
-0.66455 -0.09229 0.23697
-0.22928 -0.01475 0.70572
0.68619 0.07572 0.32703
-0.65668 -0.12325 0.41392
-0.22386 -0.06948 0.77299
-0.53534 -0.09370 0.63656
-0.70717 -0.12187 0.47730
-0.51910 -0.10872 0.70612
-0.76226 -0.07800 0.48317
-0.08296 -0.03339 0.92180
-0.63404 -0.16561 0.68710
-0.56589 -0.08989 0.78789
-0.37059 -0.04880 0.92518
-0.53163 -0.07449 0.86936
-0.62090 -0.10114 0.83399
-0.41337 -0.10809 0.97804
-0.71087 -0.17284 0.80678
-0.84677 -0.11917 0.71082
-0.84712 -0.20018 0.73800
-0.93962 -0.06798 0.67822
0.66622 0.05526 0.97430
0.09975 0.04507 1.18245
-0.39920 -0.16253 1.10767
-0.23021 -0.07802 1.15622
-0.32871 -0.13462 1.12070
-0.40236 -0.13299 1.09454
-0.74148 -0.03319 0.91452
-0.45669 -0.15999 1.07307
-0.15061 -0.02343 1.16542
-0.29801 -0.12616 1.13702
-0.66594 -0.07543 0.96898
0.87871 0.04499 0.78577
-1.10105 -0.02654 0.42208
-0.93884 -0.14974 0.69642
-0.29293 -0.08911 1.13639
-1.01949 -0.20168 0.54787
-0.47353 -0.10917 1.06422
-0.53880 -0.21095 1.01894
-0.17494 -0.04142 1.15006
-0.66408 -0.19877 0.93646
-0.27092 -0.07343 1.12541
-0.12749 -0.04897 1.15210
-0.06823 -0.02222 1.15572
-0.35089 -0.07959 1.09803
-0.73943 -0.22890 0.85415
-0.39513 -0.11927 1.07259
-0.15330 -0.03975 1.13562
-0.23699 -0.03388 1.12050
-0.24024 -0.10214 1.10871
-0.36853 -0.06228 1.07346
-0.70166 -0.10744 0.88347
-0.03118 -0.01815 1.13294
-0.57016 -0.08543 0.97358
-0.49754 -0.10579 1.01239
-0.26765 -0.08678 1.08950
-0.25769 -0.09121 1.08297
-0.28825 -0.09337 1.07267
-0.20753 -0.08271 1.08760
-0.15019 -0.05311 1.10268
-0.48417 -0.06847 0.99564
-0.11392 -0.07874 1.09319
0.15839 0.00559 1.08684
-0.26318 -0.04621 1.06589
0.17515 -0.02077 1.08510
-0.12032 -0.08065 1.09026
-0.25843 -0.04138 1.06798
-0.12840 -0.05370 1.08608
-0.02958 -0.05680 1.08439
-0.20096 -0.03050 1.06668
-0.02130 -0.01749 1.08708
-0.45780 -0.04547 0.99159
-1.02454 -0.10780 0.37600
-0.02600 -0.00748 1.09616
-0.39616 -0.04214 1.02508
-0.74575 -0.21343 0.76943
0.73202 -0.01387 0.80713
0.02417 -0.00956 1.08707
-0.56296 -0.19575 0.90882
-0.43162 -0.12246 0.98632
0.02958 0.04507 1.07940
-0.45329 -0.15637 0.96781
-0.38071 -0.13460 0.99801
-0.24009 -0.06964 1.04914
-0.03589 -0.02538 1.07180
-0.32771 -0.09153 1.01446
0.95194 -0.03524 0.48132
-0.75841 -0.05299 0.74283
-0.69730 -0.15768 0.78947
-0.26333 -0.10652 1.02290
-0.18681 -0.06682 1.03752
-0.08487 -0.01479 1.05443
-0.24095 -0.06059 1.02260
-0.61109 -0.19154 0.83551
-0.36711 -0.11266 0.97182
-0.00021 -0.04650 1.04619
-0.32722 -0.09232 0.98425
-0.64253 -0.13014 0.80595
-0.18062 -0.08884 1.01939
-0.71708 -0.16836 0.72978
-0.10040 -0.01784 1.02691
-0.62498 -0.02475 0.81279
-0.11874 -0.05715 1.02338
-0.43514 -0.09238 0.92443
-0.21647 -0.07917 0.99640
0.11077 -0.07728 1.01013
-0.12569 -0.05803 1.00645
-0.18602 -0.05915 0.99830
-0.68160 -0.06912 0.74684
-0.15753 -0.02995 0.99553
-0.42370 -0.12894 0.90294
-0.06529 -0.07637 0.99594
-0.54539 -0.14955 0.82809
-0.26032 -0.08620 0.95997
-0.38791 -0.08300 0.91328
-0.40673 -0.07023 0.89973
-0.28935 -0.04023 0.94159
-0.79423 -0.07979 0.57829
-0.81151 -0.10866 0.54174
-0.78943 -0.10903 0.57015
-0.77831 -0.11515 0.57867
-0.65930 -0.06520 0.71303
-0.89596 -0.15677 0.34145
-0.52434 -0.08842 0.80436
-0.52498 -0.13016 0.79927
-0.39676 -0.05977 0.87650
-0.55323 -0.07514 0.78365
-0.61667 -0.11115 0.72963
-0.67178 -0.05656 0.67677
-0.60424 -0.13738 0.72936
-0.52539 -0.10864 0.79157
-0.81342 -0.11309 0.49977
-0.43399 -0.06323 0.85580
-0.47770 0.00888 0.83454
-0.79675 -0.12838 0.52991
-0.28821 -0.04993 0.92011
-0.87886 -0.05293 0.40905
-0.91230 -0.11554 0.31567
-0.77128 -0.10549 0.59352
-0.38169 -0.05410 0.90775
-0.43312 -0.05665 0.88458
-0.57357 -0.13011 0.80674
-0.90788 -0.20775 0.35708
0.93649 0.15334 0.31700
-0.91264 -0.11184 0.42712
-0.68770 -0.11061 0.73894
-0.43860 -0.05525 0.91930
0.94514 0.10547 0.38039
-0.09144 -0.07730 1.02288
0.01657 -0.03070 1.03592
-0.35030 -0.06346 0.98767
-0.09898 -0.02269 1.05093
-0.68672 -0.15537 0.79919
-0.81591 -0.13084 0.67664
-0.02915 0.01052 1.07213
0.01216 0.00422 1.08208
-0.98965 -0.16906 0.41645
-0.15368 -0.08913 1.07772
-0.59329 -0.17884 0.91069
0.09148 -0.03831 1.10002
-0.21783 -0.03066 1.09113
-0.00054 -0.03252 1.11733
0.15067 -0.03061 1.12638
-0.45507 -0.08582 0.99957
-0.75555 -0.08869 0.81345
-0.44155 -0.06722 1.02978
0.11932 -0.04842 1.10897
-0.62968 -0.07532 0.91729
-0.41200 -0.04975 1.03398
-0.93262 -0.11182 0.58558
-0.78909 -0.13691 0.76328
-0.66131 -0.10490 0.87780
0.02848 -0.01136 1.10227
-0.28193 -0.02761 1.05976
-0.81411 -0.11727 0.73008
-0.10177 -0.07090 1.08298
-0.53698 -0.13910 0.93598
-0.33280 -0.12372 1.02754
-0.03295 -0.01652 1.08055
-0.50944 -0.11492 0.94463
-0.70648 -0.13901 0.79674
-0.11008 -0.00763 1.06224
-0.28155 -0.14729 1.01643
-0.33883 -0.12078 0.99561
0.02946 -0.03912 1.05430
-0.03220 -0.02029 1.04900
-0.96244 -0.04624 0.41412
0.98185 0.06645 0.34734
-0.63972 -0.13157 0.80065
-0.35583 -0.10815 0.96350
-0.54667 -0.12224 0.85536
-0.69047 -0.20971 0.70843
-0.04983 0.01630 0.99134
-0.67664 -0.17707 0.67108
-0.86092 -0.09266 0.38044
-0.71752 -0.12884 0.56183
-0.69253 -0.08571 0.55331
-0.37696 -0.08362 0.77371
0.78121 0.02183 0.30544
-0.49611 -0.11447 0.63706
-0.40586 -0.07965 0.66880
-0.50560 -0.09579 0.55350
-0.23980 -0.04117 0.68796
-0.30998 -0.05673 0.62572
-0.39660 -0.07490 0.54362
-0.41696 -0.10146 0.51476
-0.37161 -0.08533 0.47881
-0.50386 -0.05980 0.33951
-0.51897 -0.04175 0.28235
-0.32811 -0.05388 0.46736
-0.44805 -0.07736 0.32397
-0.50896 -0.01177 0.20263
-0.48383 -0.07061 0.21262
-0.48515 0.00055 0.19703
-0.44429 -0.03160 0.25217
-0.31350 -0.02493 0.38270
-0.42438 -0.01331 0.23251
-0.41868 -0.01475 0.19267
0.39793 0.02371 0.20503
-0.40012 -0.04979 0.15886
-0.38363 -0.00972 0.14081
0.33113 0.02058 0.20593
-0.33342 -0.04329 0.13062
-0.29602 -0.03434 0.16163
-0.29635 -0.04538 0.09799
0.28538 0.01186 0.07741
0.26645 0.04546 0.11909
-0.13786 -0.02706 0.25338
0.27352 0.02723 0.08870
-0.17746 -0.00314 0.23349
0.19218 0.02372 0.20584
0.20877 0.02192 0.19291
-0.25993 -0.01969 0.08898
-0.13078 -0.00847 0.23878
-0.25713 -0.03195 0.10778
-0.26251 -0.03195 0.08980
-0.26927 -0.02262 0.11953
0.27841 0.01516 0.10616
-0.21049 -0.01132 0.23655
-0.26678 -0.01282 0.17675
-0.31200 -0.03646 0.10569
-0.26436 -0.02074 0.22895
-0.26597 -0.03869 0.23041
-0.24638 -0.02179 0.28579
0.36108 0.05620 0.11432
-0.29984 -0.00392 0.26460
0.39066 0.04167 0.17007
-0.41390 -0.00070 0.15085
0.43367 0.01683 0.17927
-0.30512 -0.00367 0.37648
-0.41847 -0.05426 0.29913
-0.07550 -0.00387 0.51597
-0.25983 -0.06022 0.48279
-0.45573 -0.05888 0.35115
-0.18778 -0.00815 0.56817
-0.16624 -0.05975 0.59579
0.53949 0.01149 0.35338
-0.56746 -0.10102 0.34004
-0.63050 -0.00924 0.29849
-0.57686 -0.07787 0.40796
0.58738 0.06013 0.43245
-0.35112 -0.04230 0.66291
-0.30971 -0.01212 0.70425
-0.57292 -0.11025 0.53080
-0.11552 0.01481 0.80553
-0.07056 0.03276 0.83488
-0.04334 0.03507 0.85582
0.03355 0.02339 0.87390
0.62415 -0.00009 0.63935
-0.63950 -0.00494 0.64813
-0.28023 -0.06131 0.88602
-0.61933 -0.15728 0.70123
-0.07933 -0.03187 0.95986
-0.62552 -0.05359 0.74430
-0.02442 -0.03496 1.02859
-0.08722 -0.01975 0.95312
-0.07117 -0.02100 1.01303
-0.05352 -0.00877 1.03875
-0.05180 0.00398 1.04647
0.08219 0.01352 1.05763
-0.03576 -0.06081 1.07843
-0.24498 -0.05446 1.06002
-0.77944 -0.05211 0.77998
-0.95512 -0.07081 0.57308
-0.02058 0.00202 1.13160
-0.02452 0.01666 1.15121
-0.11222 -0.00574 1.15430
0.17960 0.03574 1.14934
-0.01350 0.01360 1.17361
-0.07396 -0.02668 1.18279
-0.08880 -0.05102 1.18787
0.02538 0.03629 1.19792
0.06240 -0.03568 1.20141
-0.99795 -0.13689 0.64978
-0.01490 0.01223 1.20383
-0.14477 -0.03042 1.19945
-0.00844 0.05060 1.20963
-0.79861 -0.04293 0.91286
-0.93700 -0.18001 0.74107
-1.09832 -0.09073 0.49682
-0.01347 0.04170 1.20838
-0.65622 -0.08500 1.00810
1.03854 -0.12514 0.59384
0.19496 0.05553 1.17018
-0.45045 -0.16062 1.08780
-0.04626 -0.05700 1.19236
-0.05777 0.01318 1.19344
0.07452 0.03169 1.18877
0.04453 -0.02374 1.18679
-0.97699 -0.06470 0.68421
0.19257 -0.03175 1.17826
-0.40250 -0.21418 1.09509
-0.89164 -0.16245 0.77656
-0.97380 -0.21696 0.65853
0.05815 -0.01129 1.20137
-0.00810 0.00868 1.19999
-0.06822 -0.01121 1.19719
-0.11271 -0.02556 1.19212
-0.05369 -0.02702 1.19323
0.12596 -0.09081 1.18303
0.09575 -0.03322 1.19095
0.17608 -0.03290 1.18106
0.03512 0.03267 1.19575
0.11343 -0.03773 1.17896
-0.46017 -0.14899 1.07514
-0.52787 -0.14176 1.04075
-0.53412 -0.12764 1.03843
-0.29797 -0.09672 1.12800
-0.31576 -0.06164 1.12650
0.05633 -0.00953 1.16075
-0.54222 -0.12231 1.01425
0.38059 -0.08964 1.08654
-0.40240 -0.05345 1.08035
1.05969 0.08597 0.45061
-0.64939 -0.22053 0.90764
-0.05384 -0.00909 1.12925
-0.91448 -0.15407 0.64602
-0.84174 -0.19478 0.73332
-0.70534 -0.08653 0.88848
-1.07691 0.03208 0.37027
-0.43848 -0.26085 1.00771
-0.72622 -0.21609 0.81622
0.02908 0.00898 1.12641
0.26343 -0.10195 1.09607
-0.25191 -0.03398 1.10310
-0.09161 -0.02457 1.11668
0.07492 0.07938 1.11042
-0.03716 -0.00058 1.12351
0.07857 -0.00811 1.12231
0.01353 0.00759 1.12745
-0.21472 -0.06333 1.10364
0.06889 -0.01446 1.12245
-1.02525 0.10021 0.46693
-0.42493 -0.13781 1.03379
-0.83053 -0.15744 0.73740
0.06217 0.05491 1.11181
0.38391 0.13520 1.03368
-1.01454 -0.15306 0.47083
0.27269 -0.05556 1.09149
-0.01015 0.00926 1.12732
-0.12501 -0.03116 1.11769
-0.11203 -0.04190 1.11702
-0.09030 -0.05473 1.11756
-0.04808 -0.02369 1.11846
0.05378 -0.03284 1.12303
-0.00379 0.02559 1.12387
0.71468 -0.00385 0.87190
-0.74683 -0.14934 0.83070
0.03105 -0.03358 1.12355
-0.97851 -0.04014 0.55118
-1.03075 0.00052 0.44261
-0.92282 -0.03336 0.63484
-0.99066 -0.09497 0.51191
0.16180 0.00228 1.10988
-0.04799 0.00612 1.14955
-0.25143 -0.08031 1.04647
-0.81461 -0.09439 0.74708
-0.78777 -0.05941 0.77322
-0.74052 -0.09521 0.81571
-0.13520 -0.02348 1.09630
-0.31663 -0.14218 1.04393
-0.56973 -0.15029 0.92572
-0.62842 -0.09033 0.89464
-0.83541 -0.10027 0.69984
-1.01708 -0.09561 0.39918
-0.20532 -0.01530 1.06930
-0.02648 -0.00465 1.09134
-0.02225 -0.02295 1.08431
0.01028 0.02731 1.08137
0.11408 -0.08548 1.06957
-0.04244 0.01460 1.07919
0.19608 -0.00186 1.06191
0.19372 -0.09704 1.05374
0.09428 -0.05800 1.06313
-0.11733 -0.14728 1.04724
0.02712 -0.01221 1.06603
-0.01585 0.04104 1.06187
-0.05977 -0.06259 1.04587
-0.07550 0.00185 1.04937
-0.03940 -0.00292 1.05043
0.19724 -0.04030 1.03355
0.02465 0.03203 1.04742
0.93078 -0.00981 0.46485
-0.03839 -0.02018 1.03291
0.48147 -0.08480 0.90578
-0.03581 -0.00174 1.03304
-0.00693 0.02454 1.02755
-0.91437 -0.07712 0.45294
0.14967 -0.03810 1.01255
0.95859 0.01209 0.35399
0.55791 -0.04609 0.84181
-0.29945 -0.10261 0.94242
-0.00269 -0.03755 0.99225
-0.13229 -0.04785 0.97365
0.02840 -0.02366 0.97253
-0.05774 -0.00338 0.96385
0.60979 -0.26134 0.68004
0.02512 -0.01257 0.93444
-0.65995 -0.08377 0.63903
-0.77384 -0.03615 0.48644
0.03788 0.01963 0.90441
0.52130 -0.05962 0.72484
-0.82610 0.08828 0.29178
-0.65452 0.02624 0.57410
-0.01770 -0.01684 0.83712
0.05695 0.04159 0.82177
-0.06158 -0.02663 0.80185
0.11450 0.00935 0.77472
-0.02461 0.00068 0.76453
0.00674 0.00362 0.74612
-0.00791 0.01034 0.72996
-0.13960 -0.08954 0.69334
-0.08156 -0.06593 0.68755
0.03220 0.00963 0.67404
0.13540 0.00523 0.64354
-0.07409 -0.06410 0.63335
-0.00944 0.00842 0.62108
-0.02287 -0.01903 0.60724
0.03374 -0.01856 0.59040
0.41521 -0.00224 0.39976
-0.46421 0.00373 0.31092
-0.43159 -0.04924 0.32218
-0.00352 -0.01551 0.51684
0.33600 -0.00672 0.36514
-0.42592 -0.03752 0.20474
-0.38917 -0.07749 0.20673
-0.29496 -0.02752 0.29719
0.31133 0.00811 0.24424
-0.33523 -0.02627 0.16434
0.26376 -0.02360 0.23364
0.29430 -0.00440 0.14706
-0.28438 -0.00333 0.12480
-0.26761 -0.00742 0.12849
-0.26478 -0.00979 0.10358
0.10606 0.01265 0.25511
-0.24222 0.01075 0.11029
-0.24146 -0.00408 0.09192
-0.23460 0.02321 0.09372
0.24116 -0.01078 0.07058
0.20314 0.00497 0.14539
0.22042 -0.00543 0.11352
0.23139 0.01024 0.07640
-0.20625 0.00325 0.09777
0.18010 0.00750 0.07777
-0.14545 0.00413 0.05268
-0.05586 -0.00338 0.09246
-0.02709 -0.00775 0.06694
-0.00399 -0.00491 0.04052
0.00579 0.00112 0.00672
0.01271 -0.00816 -0.00348
-0.00307 -0.00395 -0.01238
0.00005 -0.00053 -0.00325
-0.00178 -0.00002 0.00244
-0.00068 0.00307 0.00149
0.00130 0.00033 0.00183
-0.00039 0.00013 0.00204
0.00012 -0.00000 -0.00330
0.00282 -0.00080 0.00193
0.00141 -0.00094 -0.00336
0.00026 0.00011 -0.00331
-0.00136 0.00006 -0.00250
0.00081 0.00018 -0.00328
0.00343 0.00167 -0.00103
0.00004 -0.00024 0.00262
0.00336 -0.00044 0.00172
0.00178 -0.00049 -0.00090
0.00201 -0.00040 0.00437
0.00244 0.00007 0.00090
0.00306 0.00005 -0.00191
0.00119 0.00006 0.00174
0.00234 0.00019 0.00155
0.00273 -0.00015 -0.00127
0.00249 -0.00002 0.00272
0.00204 0.00005 0.00172
0.00234 -0.00019 -0.00084
0.00199 -0.00016 -0.00124
0.00209 -0.00000 0.00092
0.00308 -0.00024 -0.00133
0.00195 -0.00012 -0.00084
0.00156 0.00037 0.00217
0.00112 -0.00025 -0.00173
0.00190 -0.00037 -0.00335
0.00106 -0.00004 -0.00133
0.00271 -0.00028 -0.00252
0.00114 0.00018 0.00195
0.00103 0.00019 0.00192
0.00116 -0.00014 -0.00095
-0.00030 -0.00012 0.00170
0.00104 -0.00008 0.00072
0.00054 -0.00011 0.00083
0.00102 0.00002 0.00107
0.00104 -0.00018 0.00144
-0.00024 0.00014 0.00174
0.00025 -0.00000 -0.00145
0.00173 -0.00043 -0.00060
0.00116 -0.00003 0.00098
-0.00021 -0.00006 0.00127
-0.00022 0.00004 0.00093
0.00069 -0.00018 -0.00088
0.00074 -0.00006 0.00027
-0.00080 0.00001 0.00082
0.00002 -0.00017 -0.00088
-0.00169 -0.00027 0.00065
0.00043 -0.00008 0.00056
0.00129 -0.00007 -0.00181
0.00045 -0.00018 0.00087
-0.00116 0.00006 -0.00129
-0.00003 0.00017 0.00160
0.00082 -0.00005 0.00120
-0.00061 -0.00050 -0.00139
-0.00167 0.00032 0.00146
-0.00197 0.00054 0.00343
0.00592 0.00053 0.00332
0.00959 0.00094 0.00414
0.00037 0.00148 0.01414
-0.00241 0.00147 0.01690
-0.01236 0.00154 0.01434
0.01854 0.00122 0.01027
0.02287 0.00268 0.00944
0.03239 0.00051 0.01463
0.04782 -0.00093 0.01755
0.06831 -0.00021 0.02745
0.08347 0.00354 0.04843
0.11567 0.01025 0.04213
-0.14147 -0.01344 0.04372
0.01144 -0.00661 0.17076
-0.13608 0.01303 0.14310
0.21058 0.02785 0.06766
-0.21759 -0.01231 0.12256
-0.21804 -0.01119 0.16557
-0.19320 -0.03239 0.22133
-0.04407 0.02867 0.31390
-0.03740 0.03906 0.33512
-0.01613 0.01422 0.35969
-0.01605 0.00055 0.37900
-0.32414 -0.03599 0.22449
-0.30796 -0.00269 0.28063
-0.28936 0.03328 0.32063
-0.28472 -0.01111 0.34522
0.42980 -0.05026 0.19140
0.47432 0.07950 0.12492
-0.11790 0.01560 0.50974
-0.39405 -0.03214 0.37274
0.51369 0.01373 0.22610
-0.49405 -0.02557 0.31926
-0.57669 -0.17398 0.13362
-0.59889 0.05272 0.22750
0.40099 0.21055 0.48702
0.61711 -0.06261 0.29099
0.64950 -0.05351 0.28449
-0.65328 -0.01738 0.33106
-0.69003 -0.02099 0.30862
-0.69050 -0.06833 0.34524
0.74582 0.05191 0.28174
0.34351 -0.07296 0.73878
0.46221 -0.08618 0.69131
0.25329 -0.09553 0.81899
-0.17177 0.00192 0.86514
0.07044 -0.01574 0.90552
0.85729 0.03590 0.34819
-0.29912 -0.08308 0.89897
-0.39203 -0.08985 0.88430
0.04686 0.02322 0.99641
-0.64819 -0.16358 0.76865
-0.09351 -0.03701 1.03308
-0.29705 -0.12872 1.01108
-0.13051 -0.06770 1.07299
-0.06796 -0.04695 1.10604
0.10283 0.04817 1.12050
1.04998 0.12015 0.42976
-0.15852 -0.04988 1.13502
-0.08335 -0.02393 1.14446
0.24845 -0.05070 1.12168
-0.77209 -0.23197 0.82110
-0.82288 -0.12530 0.79328
-0.92410 -0.21269 0.64866
-0.06369 0.01057 1.13830
-0.86426 -0.22821 0.71254
-0.56587 -0.10966 0.98768
-0.12410 0.03301 1.14046
-0.02857 -0.01646 1.14423
-0.02666 0.00629 1.13602
-0.08496 -0.12079 1.12578
-0.01597 -0.02220 1.13034
0.32916 -0.06817 1.07470
-0.15187 -0.09228 1.10920
-0.02256 -0.02374 1.11795
-0.04265 0.04518 1.12183
1.02978 0.22792 0.39403
-0.99460 -0.17526 0.49459
-0.98170 -0.22600 0.48348
-0.00963 -0.03189 1.11113
-0.78953 -0.19196 0.74835
-0.08318 -0.04716 1.09871
-0.59976 -0.11627 0.91487
-0.39217 -0.10289 1.02145
0.94446 -0.06949 0.57450
-0.04044 0.04373 1.09783
-0.76428 -0.08431 0.78036
-0.22621 -0.04573 1.07012
-0.34047 -0.07810 1.03158
-0.90836 -0.21446 0.55930
-0.04999 0.00094 1.08496
-0.59255 -0.15315 0.88908
-0.52830 -0.16575 0.92103
-0.21004 -0.08141 1.04538
0.12933 -0.02639 1.06599
-0.91966 -0.19902 0.51409
-0.92380 -0.19351 0.50921
-0.83688 -0.09870 0.64898
-0.59850 -0.15073 0.86071
-0.37265 -0.17159 0.97816
-0.92650 -0.07497 0.50389
-0.02494 -0.03906 1.05072
-0.70749 -0.13683 0.76006
-0.93584 -0.12484 0.46801
-0.96103 -0.11905 0.40483
0.05498 -0.01192 1.04240
-0.48818 -0.13821 0.90786
-0.21367 -0.12796 1.00798
-0.00925 0.02860 1.03745
-0.08079 -0.01625 1.03201
-0.37546 -0.15709 0.94846
-0.01464 0.01829 1.03061
0.00597 -0.00246 1.02761
-0.64975 -0.25045 0.75341
-0.13404 -0.09052 1.00312
0.71363 0.00940 0.71911
0.75603 -0.06407 0.67408
-0.04960 0.03793 1.01818
-0.05162 0.04698 1.01881
-0.07166 0.05514 1.01286
-0.06831 0.00251 1.00635
-0.04353 0.03378 0.99292
-0.04075 0.03510 0.98902
-0.05209 0.01051 0.99293
0.08655 -0.01780 0.99589
-0.07683 0.00010 1.00424
-0.03167 -0.00063 1.01316
-0.07547 0.07432 1.01913
-0.08386 -0.00595 1.02932
-0.01003 0.03987 1.03824
0.02259 0.00372 1.04989
0.06577 0.00106 1.05718
0.02930 -0.01417 1.07126
-0.08572 -0.01303 1.06848
-0.06157 0.00469 1.07965
0.00516 -0.01450 1.08436
-0.02931 -0.06466 1.08651
0.13837 0.04020 1.08886
-0.06266 0.02140 1.11532
-0.30375 0.03180 1.08567
-0.19438 -0.03872 1.11697
-0.04154 -0.00714 1.13513
0.01068 0.00221 1.14405
-0.59484 -0.24867 0.95157
-0.55996 -0.04796 1.01233
-0.91976 -0.23015 0.66401
-0.48575 -0.14132 1.04023
-0.21926 -0.06821 1.13446
-0.11087 -0.04796 1.14443
0.19049 -0.01292 1.13384
0.05472 0.00833 1.14450
-0.22793 -0.02608 1.12827
-0.03005 0.02385 1.14254
-0.63537 -0.23802 0.91636
-0.14832 -0.09702 1.12093
0.11139 -0.01730 1.12834
-0.51145 -0.08171 1.01194
-0.02010 -0.02299 1.13250
-0.01202 0.00418 1.12489
-0.54654 -0.21133 0.95198
-0.16714 -0.12617 1.09096
-0.27196 -0.06600 1.06828
-0.10243 -0.04662 1.09136
0.02266 -0.01157 1.08713
0.52473 -0.10512 0.93699
0.43100 -0.08653 0.97143
0.65476 -0.16836 0.82123
0.31015 -0.09395 1.00646
-0.02039 0.04498 1.04966
-0.24731 -0.13108 1.00543
-0.25950 -0.07032 0.99791
-0.49498 -0.12999 0.89387
-0.51474 -0.18594 0.86905
0.94578 -0.01100 0.37874
-0.28769 -0.10908 0.96635
-0.04701 -0.00400 1.01238
-0.03919 0.00268 1.01315
0.01699 0.01647 1.00913
-0.41134 -0.07073 0.91276
-0.05753 0.01595 0.99717
-0.06938 -0.02566 1.00893
-0.30755 -0.04085 0.96883
0.00303 -0.04244 1.02035
-0.16499 -0.05032 1.00858
-0.25950 -0.11233 0.99061
-0.12261 0.02193 1.02798
-0.91561 -0.11112 0.48622
0.20348 0.05878 1.03318
0.17994 -0.02631 1.03893
-0.16436 -0.10080 1.03212
-0.75173 -0.21231 0.71147
-0.29649 -0.17375 1.00424
-0.96758 -0.14653 0.43642
-0.82394 -0.24574 0.65426
-0.95681 -0.13781 0.50006
0.21394 -0.05803 1.07465
-0.83967 -0.15942 0.69614
-0.03807 -0.04934 1.10681
-0.74171 -0.18354 0.81047
-0.18796 -0.07034 1.10595
-0.76540 -0.23125 0.79003
-0.05533 0.00047 1.12546
-0.33102 -0.10668 1.07076
-0.44928 -0.16200 1.01025
-0.22401 -0.11807 1.08815
0.05239 0.01309 1.12155
-0.66231 -0.13454 0.89568
0.98742 -0.01730 0.52101
-0.83099 -0.18048 0.71195
-0.23869 -0.05634 1.08283
-0.00367 -0.03756 1.10789
-0.06602 -0.00261 1.09797
0.77745 -0.10192 0.77016
-0.00012 -0.02199 1.09185
-1.00179 -0.05872 0.41735
-0.06665 0.00160 1.07088
-0.21883 -0.08862 1.03000
0.01942 -0.03094 1.03957
-0.08260 -0.02903 1.01671
-0.02674 -0.06800 0.99620
-0.04039 -0.02316 0.98009
0.00676 -0.01301 0.97535
-0.18617 0.02070 0.94160
0.01931 0.05576 0.95238
0.07516 -0.05829 0.94153
0.62473 -0.08058 0.70015
-0.06121 -0.00178 0.93860
0.00512 0.00313 0.93458
0.84441 0.00545 0.40214
-0.00963 -0.01354 0.93029
-0.79675 -0.13658 0.45723
-0.02901 -0.02253 0.92607
-0.00766 -0.01444 0.92468
0.04296 -0.02097 0.92407
-0.82555 -0.18622 0.37364
-0.74956 0.00136 0.54606
-0.15988 -0.13098 0.89900
0.60507 -0.02293 0.69024
-0.02734 -0.02331 0.92180
-0.67865 -0.12623 0.62454
-0.63129 -0.13669 0.68725
-0.78500 -0.08533 0.51453
-0.84778 -0.08598 0.43900
-0.01758 0.02601 0.96573
0.91581 0.11338 0.30142
-0.34218 -0.04595 0.91144
-0.53375 -0.17508 0.80349
0.18101 -0.03664 0.97507
-0.01248 -0.01113 1.00004
0.03164 0.02480 1.01207
-0.00141 -0.00510 1.02378
-0.89846 -0.18194 0.47832
-0.69920 -0.16809 0.75941
0.96835 0.08492 0.40518
-0.66432 -0.18980 0.81492
0.05302 0.01539 1.08060
-0.69582 -0.11314 0.84246
-0.87811 -0.12929 0.67433
-1.00586 -0.13364 0.48494
0.05240 0.00481 1.13489
-0.95182 -0.13135 0.62135
-0.30810 -0.11797 1.10470
-0.17657 -0.09378 1.14711
-0.08094 -0.01011 1.17444
-0.82579 -0.11504 0.83863
-0.12928 0.01097 1.17576
-0.37152 -0.09333 1.11388
0.12788 -0.02926 1.16997
-0.04467 -0.03327 1.17060
-0.07314 -0.04824 1.16284
0.06804 -0.06684 1.15777
0.02674 -0.01511 1.16062
0.11470 -0.04066 1.15334
0.25231 -0.08014 1.12836
-0.02747 0.06536 1.15883
0.16208 -0.01931 1.14294
0.38532 0.06390 1.07886
0.22035 -0.05666 1.11253
0.04859 -0.01399 1.13481
0.27819 -0.06474 1.09199
0.91288 -0.17218 0.62273
-0.01154 0.01549 1.10742
-0.01163 0.00887 1.09918
-1.00904 -0.04338 0.37681
-0.15905 -0.08319 1.04738
-0.12134 -0.06131 1.03818
-0.13183 -0.03608 1.02576
-0.18598 -0.07582 0.99923
0.00016 -0.03223 1.00627
-0.82947 -0.32860 0.42642
-0.10588 -0.05752 0.95985
-0.21769 -0.10326 0.91687
0.03942 0.01364 0.93664
-0.20837 -0.04139 0.91129
0.02978 -0.01271 0.93414
-0.37659 -0.04577 0.85513
-0.86204 -0.02893 0.34834
0.03022 -0.00298 0.92922
-0.53813 -0.14610 0.73733
-0.45252 0.01343 0.79777
-0.06399 -0.00275 0.91692
0.03077 0.04847 0.91761
-0.30188 -0.07725 0.86736
-0.06773 -0.01606 0.92525
-0.00104 0.01356 0.93221
-0.03435 -0.01743 0.93433
-0.07518 0.00666 0.93776
0.04531 0.00401 0.93977
-0.04920 -0.00822 0.95046
-0.44218 -0.14224 0.83576
-0.25890 -0.01084 0.93595
-0.01163 -0.04367 0.97362
0.04831 -0.03242 0.97775
-0.07341 -0.00632 0.98593
0.05169 0.02321 1.01008
0.08121 -0.00109 1.01565
0.21777 -0.08176 0.99865
0.69252 0.08260 0.75127
0.28473 -0.02688 0.99198
0.74289 -0.01540 0.75071
0.07484 0.04857 1.06386
-0.12276 -0.01339 1.05824
0.00582 0.02299 1.06796
0.02834 -0.01176 1.07289
-0.29226 -0.07055 1.04347
-0.01135 -0.00430 1.09216
-0.03529 -0.01892 1.10015
0.00079 0.00748 1.10990
0.00427 0.02268 1.12041
-0.00505 0.00010 1.12455
-0.03400 -0.02066 1.12657
-0.00195 -0.00015 1.13610
0.04211 -0.03503 1.13722
-0.27588 -0.11448 1.10210
-0.17017 -0.06078 1.14246
-0.25531 -0.05645 1.13737
-0.33400 -0.08668 1.12545
-0.21749 -0.03152 1.16293
-0.03926 -0.00996 1.19779
0.96307 -0.02765 0.72686
-0.40388 -0.08435 1.13383
-0.43444 -0.05011 1.12575
-0.10287 0.00758 1.20389
0.00953 0.01404 1.21092
-0.37831 -0.07402 1.14059
0.11554 -0.04347 1.18886
-0.65565 -0.12284 0.98849
-0.34293 -0.08770 1.13162
-0.23521 -0.06918 1.16916
-0.17311 -0.03878 1.17316
-0.20921 -0.03990 1.16579
-0.13981 -0.04664 1.16612
-0.11687 -0.05538 1.16299
-0.36243 -0.07154 1.11187
-0.13048 -0.04508 1.15913
-0.19215 -0.06971 1.14206
0.04762 0.01078 1.14717
-0.06017 0.00526 1.14049
-0.00301 0.00020 1.14854
0.08207 0.05209 1.14462
-0.01696 0.03393 1.14047
-0.75240 -0.16982 0.82448
-0.72383 -0.28022 0.80952
-0.01724 -0.02909 1.10976
-0.00220 -0.00195 1.10721
-0.29943 -0.10009 1.06385
-0.01219 -0.02446 1.10608
0.09519 -0.01757 1.09648
