0.10398 113.41216 69.09104
0.07251 76.83120 45.18271
0.11418 116.45245 71.21963
0.02245 21.49844 12.34154
0.12707 110.78349 67.27236
0.01997 15.60211 8.94844
0.04745 33.68866 19.39465
0.07221 46.73585 27.02757
0.11569 69.71792 40.80214
0.02395 13.75237 7.88575
0.02027 11.15820 6.39650
0.02786 14.75701 8.46284
0.01873 9.51578 5.45420
0.02257 11.01827 6.31620
0.01804 8.50968 4.87716
0.06914 31.60831 18.18648
0.05563 24.93753 14.32543
0.05439 24.26529 13.93732
0.07880 34.02626 19.59091
0.09788 41.75558 24.10149
0.07267 30.74876 17.68790
0.02028 8.38516 4.80575
0.04141 16.47587 9.45069
0.07503 28.50132 16.38584
0.03450 12.88560 7.38802
0.05570 20.28069 11.63998
0.20049 71.07603 41.63349
0.04466 15.19250 8.71306
0.23929 78.75288 46.37787
0.20464 64.48015 37.61635
0.07501 22.96218 13.18544
0.01900 5.63255 3.22764
0.03123 8.83283 5.06248
0.09481 25.89290 14.87730
0.01044 2.72649 1.56221
0.02368 6.03176 3.45647
0.02270 5.61846 3.21956
0.03275 7.77525 4.45602
0.01733 3.96511 2.27199
0.02026 4.49903 2.57797
0.00882 1.89782 1.08739
0.00814 1.70362 0.97612
0.00816 1.64723 0.94380
0.00496 0.97221 0.55704
0.00536 1.01160 0.57961
0.00890 1.63153 0.93481
0.02213 3.95770 2.26774
0.02103 3.64301 2.08741
0.00585 0.99093 0.56776
0.02493 4.10172 2.35027
0.01392 2.23342 1.27968
0.00476 0.74517 0.42695
0.00470 0.71692 0.41076
0.00813 1.22192 0.70011
0.01746 2.55264 1.46259
0.01852 2.64278 1.51424
0.01607 2.23997 1.28343
0.00560 0.76514 0.43839
0.00642 0.86566 0.49599
0.00669 0.88518 0.50717
0.00383 0.49957 0.28623
0.01662 2.11101 1.20954
0.01742 2.19365 1.25689
0.01289 1.60663 0.92054
0.01490 1.85660 1.06377
0.01358 1.68057 0.96291
0.01596 1.94116 1.11222
0.01825 2.19335 1.25672
0.01736 2.05338 1.17652
0.01434 1.68886 0.96766
0.01533 1.80635 1.03498
0.01176 1.38663 0.79449
0.01325 1.57131 0.90030
0.00865 1.02888 0.58951
0.01528 1.80775 1.03578
0.00886 1.05197 0.60274
0.00752 0.89113 0.51058
0.01385 1.65989 0.95106
0.01060 1.26605 0.72540
0.01290 1.53666 0.88045
0.01459 1.73718 0.99535
0.01807 2.14279 1.22775
0.01818 2.15364 1.23397
0.00638 0.76137 0.43623
0.01286 1.53992 0.88232
0.00745 0.89426 0.51237
0.00405 0.48759 0.27937
0.00574 0.69120 0.39603
0.00954 1.15045 0.65916
0.02212 2.67601 1.53329
0.01410 1.70739 0.97828
0.02610 3.16357 1.81267
0.03202 3.88139 2.22401
0.01285 1.55324 0.88995
0.02992 3.65346 2.09339
0.01803 2.21800 1.27084
0.01506 1.86815 1.07038
0.00731 0.91258 0.52287
0.00606 0.75682 0.43363
0.01142 1.43116 0.82000
0.01227 1.53972 0.88220
0.00783 0.99074 0.56765
0.02157 2.74441 1.57248
0.00906 1.15738 0.66313
0.00837 1.07534 0.61612
0.01273 1.63884 0.93899
0.01011 1.31621 0.75414
0.00985 1.29636 0.74277
0.01280 1.70464 0.97670
0.00938 1.27303 0.72940
0.00707 0.96826 0.55477
0.01380 1.93699 1.10983
0.01185 1.69771 0.97273
0.01325 1.94063 1.11191
0.01372 2.05524 1.17759
0.01221 1.87360 1.07351
0.01698 2.66876 1.52913
0.02416 3.89350 2.23095
0.02959 4.91609 2.81700
0.04393 7.51721 4.30806
0.01749 3.11408 1.78431
0.04051 7.49355 4.29449
0.00546 1.05813 0.60627
0.02618 5.26986 3.01976
0.04526 9.42475 5.40199
0.03468 7.50651 4.30193
0.05318 11.47168 6.57640
0.07872 17.52734 10.05533
0.07880 17.47223 10.02363
0.10762 24.57911 14.11849
0.09319 20.91531 12.00554
0.08729 20.05793 11.51170
0.08777 19.89267 11.41654
0.02240 5.09048 2.91695
0.03504 8.14819 4.66986
0.04146 9.69350 5.55614
0.02289 5.48695 3.14419
0.01586 3.67454 2.10548
0.00880 2.00941 1.15133
0.03693 7.95951 4.56167
0.05918 12.33112 7.06970
0.04537 9.32322 5.34375
0.13336 26.01684 14.94892
0.02676 5.10818 2.92709
0.00890 1.64491 0.94248
0.05892 10.49061 6.01343
0.04402 7.63413 4.37510
0.01344 2.25847 1.29404
0.02052 3.36015 1.92532
0.01702 2.70671 1.55088
0.03137 4.88832 2.80108
0.02791 4.24619 2.43307
0.01909 2.84519 1.63023
0.01510 2.20120 1.26122
0.00382 0.54538 0.31248
0.01332 1.85807 1.06461
0.01727 2.38277 1.36526
0.01906 2.58144 1.47910
0.01089 1.45821 0.83550
0.00994 1.30280 0.74646
0.01773 2.28489 1.30918
0.00522 0.66967 0.38369
0.01248 1.60497 0.91959
0.01215 1.57879 0.90459
0.02237 2.90404 1.66395
0.04397 5.68479 3.25759
0.03190 4.12818 2.36544
0.01032 1.33457 0.76466
0.01269 1.65869 0.95037
0.01543 2.02391 1.15963
0.01813 2.37938 1.36332
0.00860 1.13310 0.64922
0.01682 2.18635 1.25271
0.02419 3.17596 1.81977
0.01814 2.38344 1.36564
0.00821 1.08814 0.62346
0.00965 1.28624 0.73696
0.06264 8.31224 4.76393
0.00665 0.88089 0.50471
0.00423 0.55921 0.32040
0.02889 3.77934 2.16553
0.00398 0.51748 0.29650
0.00920 1.19225 0.68311
0.00660 0.84865 0.48624
0.01621 2.06176 1.18132
0.02031 2.57678 1.47643
0.01380 1.72755 0.98982
0.01430 1.79421 1.02802
0.03359 4.19686 2.40480
0.02043 2.51198 1.43929
0.05378 6.54799 3.75239
0.01325 1.59101 0.91159
0.01503 1.79225 1.02690
0.02009 2.37266 1.35947
0.02183 2.55696 1.46507
0.01287 1.50120 0.86013
0.01994 2.30984 1.32347
0.00756 0.87492 0.50129
0.00621 0.71720 0.41092
0.00276 0.31721 0.18175
0.01275 1.46113 0.83717
0.00885 1.00669 0.57679
0.00304 0.34593 0.19820
0.00962 1.09828 0.62927
0.01715 1.97183 1.12979
0.02919 3.38950 1.94213
0.02556 2.96715 1.70011
0.02677 3.12988 1.79336
0.00784 0.91541 0.52449
0.02679 3.13664 1.79724
0.01760 2.04950 1.17430
0.00823 0.96406 0.55237
0.01601 1.91158 1.09527
0.02666 3.20575 1.83684
0.01556 1.86934 1.07107
0.01665 2.01423 1.15409
0.01571 1.91204 1.09553
0.01744 2.13320 1.22226
0.02305 2.83703 1.62555
0.03705 4.55512 2.61012
0.04203 5.17443 2.96506
0.02886 3.55682 2.03802
0.03128 3.86499 2.21462
0.03271 4.08054 2.33814
0.02333 2.93524 1.68183
0.00798 1.00187 0.57403
0.01662 2.10994 1.20893
0.04543 5.81558 3.33255
0.00543 0.69884 0.40040
0.00822 1.06538 0.61042
0.01543 1.99432 1.14268
0.05549 7.19468 4.12314
0.02518 3.26889 1.87302
0.00590 0.77272 0.44274
0.05619 7.43302 4.25979
0.01151 1.53132 0.87739
0.02318 3.07769 1.76346
0.00611 0.80748 0.46266
0.06218 8.22472 4.71374
0.02469 3.25158 1.86310
0.01029 1.36772 0.78365
0.02107 2.84681 1.63116
0.00971 1.32497 0.75916
0.01635 2.21678 1.27015
0.02685 3.57297 2.04727
0.00395 0.52214 0.29916
0.02635 3.48514 1.99694
0.02057 2.75136 1.57647
0.03292 4.41243 2.52834
0.02675 3.58197 2.05243
0.01424 1.90648 1.09235
0.01471 1.95446 1.11984
0.01877 2.48366 1.42307
0.01498 1.99207 1.14139
0.02164 2.84465 1.62992
0.01606 2.10044 1.20348
0.01011 1.32110 0.75694
0.03356 4.42354 2.53471
0.01835 2.43708 1.39638
0.02596 3.43732 1.96954
0.01269 1.66196 0.95224
0.01508 1.94715 1.11565
0.01889 2.43953 1.39778
0.02677 3.46447 1.98509
0.02581 3.37602 1.93441
0.02312 3.02032 1.73058
0.02138 2.78211 1.59408
0.02190 2.82059 1.61613
0.02920 3.78077 2.16635
0.03171 4.12676 2.36463
0.01947 2.54604 1.45881
0.02304 3.02443 1.73294
0.01119 1.47088 0.84276
0.01085 1.42827 0.81835
0.02595 3.44133 1.97184
0.02632 3.53609 2.02614
0.01482 2.00214 1.14716
0.00510 0.69466 0.39801
0.00784 1.05622 0.60517
0.02227 3.02281 1.73201
0.02379 3.26193 1.86903
0.01065 1.49674 0.85757
0.01374 1.97475 1.13147
0.01979 2.92890 1.67820
0.02707 4.09488 2.34636
0.00737 1.13867 0.65241
0.04708 7.50894 4.30332
0.03086 5.05921 2.89902
0.05020 8.52007 4.88312
0.01315 2.33605 1.33849
0.03686 6.83448 3.91663
0.01856 3.60762 2.06712
0.02704 5.47700 3.13848
0.03544 7.52094 4.31020
0.01910 4.22984 2.42370
0.03822 8.75264 5.01650
0.04431 10.65685 6.10882
0.02347 5.88968 3.37503
0.23281 61.24464 35.66354
0.03850 10.61779 6.08641
0.02469 7.26539 4.16368
0.02131 6.71677 3.84915
0.02270 7.51400 4.30622
0.02537 8.90876 5.10603
0.02339 8.64922 4.95718
0.01562 6.14995 3.52422
0.01714 7.05105 4.04079
0.01531 6.70816 3.84421
0.05112 23.79232 13.66436
0.03830 17.89199 10.26508
0.02843 13.09488 7.50819
0.03855 18.06213 10.36296
0.03945 17.95917 10.30373
0.04034 18.45868 10.59111
0.05365 25.19334 14.47317
0.03491 15.91094 9.12594
0.01960 9.19366 5.26943
0.03931 18.11670 10.39435
0.06540 30.18918 17.36350
0.03221 15.28351 8.76535
0.01648 7.59285 4.35143
0.04051 18.45133 10.58689
0.05320 23.87438 13.71171
0.02054 8.16442 4.67917
0.05738 22.11009 12.69410
0.25328 87.52409 51.90431
0.16981 55.93882 32.48390
0.23156 75.65042 44.45091
0.00538 1.60934 0.92209
0.04222 12.03523 6.89985
0.02585 7.50604 4.30165
0.03154 8.42203 4.82690
0.04813 13.02873 7.47020
0.03811 9.58362 5.49311
0.25261 61.57897 35.86482
0.02820 6.89451 3.95105
0.02182 4.98994 2.85932
0.01833 4.05516 2.32359
0.07012 15.05096 8.63172
0.08567 17.47821 10.02707
0.02337 4.65743 2.66875
0.01765 3.36002 1.92524
0.02288 4.16899 2.38883
0.04226 7.50828 4.30294
0.04583 7.81478 4.47868
0.02036 3.39964 1.94794
0.02689 4.32486 2.47816
0.01031 1.61275 0.92405
0.02373 3.59962 2.06254
0.02520 3.72595 2.13493
0.02885 4.17265 2.39093
0.02718 3.84418 2.20269
0.02946 4.07712 2.33618
0.03497 4.71841 2.70370
0.03970 5.27721 3.02397
0.02675 3.45892 1.98191
0.01398 1.78085 1.02037
0.02806 3.49437 2.00223
0.01437 1.75392 1.00493
0.01460 1.74649 1.00068
0.00258 0.30547 0.17502
0.00814 0.94394 0.54084
0.01025 1.18162 0.67702
0.01611 1.82732 1.04699
0.01318 1.47325 0.84412
0.01424 1.56413 0.89619
0.01985 2.14925 1.23145
0.00921 0.98861 0.56644
0.04197 4.45321 2.55171
0.03452 3.62323 2.07607
0.02092 2.16252 1.23906
0.01584 1.61898 0.92762
0.02701 2.73621 1.56778
0.03609 3.66584 2.10049
0.03280 3.31486 1.89936
0.00453 0.45813 0.26249
0.03778 3.81925 2.18840
0.02307 2.33394 1.33728
0.03549 3.57997 2.05128
0.07518 7.52960 4.31516
0.03021 3.04670 1.74570
0.02296 2.30987 1.32349
0.02673 2.67493 1.53267
0.02867 2.89637 1.65955
0.03513 3.52214 2.01814
0.02665 2.68972 1.54114
0.03673 3.70443 2.12260
0.01898 1.92302 1.10182
0.03841 3.86312 2.21355
0.03908 3.92642 2.24982
0.01966 1.98410 1.13683
0.01178 1.19321 0.68366
0.00945 0.95792 0.54885
0.02446 2.47046 1.41551
0.01327 1.33596 0.76545
0.02275 2.29589 1.31548
0.03260 3.27391 1.87590
0.02280 2.31173 1.32455
0.03093 3.14861 1.80409
0.00982 1.00017 0.57306
0.01865 1.89525 1.08591
0.01932 1.95636 1.12093
0.01795 1.82880 1.04784
0.02048 2.09777 1.20196
0.07455 7.64650 4.38219
0.02418 2.48217 1.42222
0.03652 3.74865 2.14794
0.02025 2.08608 1.19526
0.02970 3.06402 1.75562
0.04127 4.29870 2.46316
0.00854 0.89744 0.51420
0.02466 2.58968 1.48382
0.00047 0.04955 0.02839
0.02009 2.11630 1.21257
0.00965 1.02010 0.58448
0.00198 0.20934 0.11994
0.01202 1.27727 0.73183
0.00150 0.16050 0.09196
0.00125 0.13312 0.07627
0.02632 2.81621 1.61362
0.02577 2.76461 1.58406
0.02390 2.57388 1.47476
0.01149 1.24365 0.71256
0.02012 2.19098 1.25536
0.01281 1.40799 0.80672
0.02864 3.18190 1.82317
0.02530 2.84395 1.62952
0.02832 3.21159 1.84018
0.03011 3.48252 1.99544
0.04596 5.37974 3.08274
0.04152 4.94127 2.83143
0.03509 4.24266 2.43105
0.03689 4.50690 2.58248
0.03373 4.17992 2.39509
0.03146 3.93981 2.25749
0.03092 3.92086 2.24663
0.03318 4.28738 2.45667
0.02059 2.71697 1.55675
0.02634 3.54375 2.03052
0.02368 3.25658 1.86596
0.01866 2.59527 1.48702
0.02405 3.46607 1.98601
0.02836 4.13503 2.36937
0.01168 1.73762 0.99560
0.02101 3.17767 1.82075
0.00819 1.26406 0.72426
0.02523 3.95679 2.26722
0.04968 7.92674 4.54288
0.04442 7.18071 4.11513
0.00891 1.45767 0.83519
0.01819 3.02911 1.73562
0.01037 1.75086 1.00318
0.01553 2.70574 1.55032
0.02517 4.45523 2.55287
0.00821 1.47778 0.84671
0.05415 9.97748 5.71905
0.05813 10.82737 6.20666
0.02673 5.09826 2.92140
0.03054 5.99321 3.43437
0.01963 3.89536 2.23202
0.02664 5.36210 3.07262
0.06214 12.62993 7.24124
0.03390 6.95370 3.98498
0.02894 5.92902 3.39758
0.29033 60.00854 34.92033
0.32776 68.01055 39.76018
0.31254 63.97187 37.30884
0.02718 5.73757 3.28784
0.39111 84.19693 49.79354
0.31367 66.73874 38.98624
0.21319 46.65385 26.97925
0.21496 46.15360 26.68459
0.02808 6.26658 3.59108
0.19489 43.98325 25.40823
0.01439 3.14307 1.80092
0.24885 55.14693 32.01160
0.04760 10.05609 5.76415
0.03867 8.24918 4.72777
0.03999 8.47289 4.85606
0.02867 6.00279 3.43986
0.02743 5.77310 3.30820
0.02674 5.51805 3.16201
0.06679 13.71741 7.86567
0.01256 2.53763 1.45399
0.02811 5.60696 3.21297
0.03067 6.01589 3.44737
0.00331 0.63975 0.36655
0.00299 0.56857 0.32577
0.01112 2.06410 1.18266
0.03511 6.39724 3.66597
0.00475 0.84681 0.48519
0.01864 3.26067 1.86831
0.00885 1.49216 0.85495
0.01250 2.07870 1.19103
0.00884 1.42767 0.81800
0.00973 1.53729 0.88081
0.01907 2.94896 1.68969
0.01643 2.49974 1.43228
0.01672 2.47460 1.41788
0.01952 2.79317 1.60042
0.02126 2.97569 1.70501
0.02482 3.39609 1.94591
0.00991 1.32495 0.75915
0.02540 3.33335 1.90996
0.03270 4.16154 2.38456
0.02300 2.86819 1.64341
0.01671 2.04910 1.17407
0.02337 2.82773 1.62023
0.00545 0.65176 0.37343
0.00855 0.99956 0.57271
0.00884 1.01684 0.58261
0.00750 0.85421 0.48943
0.00915 1.03292 0.59182
0.01139 1.26912 0.72715
0.01942 2.14332 1.22805
0.03832 4.18331 2.39703
0.02963 3.19665 1.83162
0.00746 0.79576 0.45594
0.02939 3.12679 1.79159
0.02753 2.92752 1.67740
0.03130 3.34923 1.91906
0.02907 3.12137 1.78849
0.03129 3.35536 1.92257
0.01461 1.55815 0.89276
0.01695 1.81494 1.03990
0.01453 1.57065 0.89993
0.00923 1.00546 0.57609
0.00814 0.89486 0.51272
0.00705 0.76441 0.43798
0.03879 4.23591 2.42718
0.03250 3.54741 2.03262
0.02950 3.20988 1.83921
0.02662 2.97179 1.70277
0.01324 1.46454 0.83913
0.01825 2.02928 1.16271
0.02584 2.90076 1.66207
0.06976 7.86599 4.50804
0.06093 6.90592 3.95759
0.02020 2.28873 1.31137
0.03020 3.45812 1.98146
0.00279 0.31994 0.18331
0.01323 1.52610 0.87440
0.01430 1.65129 0.94613
0.00664 0.76796 0.44001
0.02591 3.04966 1.74739
0.02153 2.54079 1.45580
0.01604 1.89785 1.08740
0.00380 0.44398 0.25438
0.01594 1.86454 1.06832
0.01936 2.25996 1.29489
0.00704 0.81711 0.46817
0.01869 2.15391 1.23412
0.01089 1.23366 0.70684
0.02064 2.33331 1.33692
0.02107 2.36843 1.35704
0.02322 2.60543 1.49284
0.01997 2.20828 1.26527
0.02697 2.90911 1.66685
0.01400 1.49822 0.85842
0.02520 2.65745 1.52265
0.00348 0.36732 0.21046
0.00668 0.69930 0.40067
0.02088 2.16847 1.24246
0.02279 2.32469 1.33198
0.01819 1.82587 1.04616
0.01264 1.25778 0.72066
0.00608 0.60140 0.34458
0.02547 2.47971 1.42080
0.01237 1.20410 0.68990
0.01420 1.36817 0.78391
0.05627 5.40574 3.09764
0.01997 1.90401 1.09093
0.00266 0.25172 0.14422
0.00979 0.92569 0.53039
0.00387 0.36599 0.20969
0.01612 1.52347 0.87289
0.08684 8.19270 4.69538
0.16088 15.17716 8.70424
0.05737 5.43090 3.11206
0.02237 2.13047 1.22069
0.01207 1.15261 0.66040
0.02515 2.40276 1.37671
0.02032 1.94594 1.11496
0.02565 2.45232 1.40511
0.04054 3.87006 2.21752
0.02435 2.36871 1.35720
0.01046 1.01313 0.58048
0.02633 2.55747 1.46536
0.03665 3.56550 2.04299
0.00859 0.83891 0.48066
0.01810 1.77190 1.01524
0.01277 1.25596 0.71962
0.02563 2.53251 1.45106
0.00536 0.52903 0.30311
0.01144 1.14039 0.65340
0.02439 2.42241 1.38797
0.00955 0.95558 0.54751
0.01323 1.33024 0.76218
0.01768 1.78330 1.02177
0.02355 2.37649 1.36166
0.03622 3.66619 2.10069
0.02429 2.46655 1.41327
0.02227 2.26635 1.29855
0.04869 4.98875 2.85864
0.04339 4.46940 2.56099
0.02443 2.51477 1.44089
0.04210 4.34954 2.49230
0.04216 4.38183 2.51080
0.02647 2.75682 1.57959
0.02652 2.77904 1.59232
0.01496 1.57172 0.90054
0.07114 7.52283 4.31128
0.05139 5.46656 3.13250
0.01452 1.55604 0.89155
0.03499 3.79347 2.17363
0.03487 3.80731 2.18156
0.00853 0.95248 0.54574
0.02328 2.63508 1.50983
0.01243 1.43137 0.82012
0.09653 11.31612 6.48713
0.03964 4.75773 2.72623
0.02343 2.88633 1.65380
0.03170 4.02009 2.30350
0.01582 2.06898 1.18546
0.02140 2.89564 1.65914
0.02953 4.13395 2.36875
0.03243 4.72705 2.70865
0.02926 4.43799 2.54299
0.01424 2.24820 1.28815
0.01591 2.62287 1.50284
0.01298 2.24057 1.28378
0.54720 98.30347 58.88072
0.56661 107.90864 65.30510
0.58863 118.68932 72.80395
0.39948 86.16931 51.04260
0.50434 115.55283 70.58688
0.45834 114.11355 69.57965
0.30666 82.84930 48.94375
0.40237 119.05007 73.06097
0.34591 112.32680 68.33775
0.29041 108.97233 66.03042
0.22031 89.86379 53.39999
0.24387 108.21018 65.51041
0.20797 103.05245 62.02997
0.16159 81.97701 48.39523
0.03692 19.51240 11.19759
0.00973 5.24671 3.00649
0.01442 8.15344 4.67287
0.14788 89.14465 52.93924
0.18617 123.29496 76.11832
0.15743 111.79879 67.97250
0.12831 96.54244 57.72538
0.15206 120.37905 74.01151
0.11036 92.14012 54.86465
0.14028 124.21406 76.78867
0.12632 119.48259 73.36968
0.00995 10.58106 6.06533
0.00347 4.44155 2.54503
0.02295 36.27857 20.90180
0.01445 29.55433 16.99562
0.00725 19.46707 11.17150
0.00410 15.42006 8.84382
0.02437 141.41150 89.99202
0.00138 14.63907 8.39508
0.00795 129.15062 80.44433
0.00211 27.86361 16.01677
0.00053 25.62238 14.72100
0.00407 93.80161 55.93985
0.00155 25.15961 14.45369
0.00204 48.37847 27.99651
0.00523 108.50855 65.71381
0.00622 112.30769 68.32452
0.00596 113.96226 69.47413
0.00932 140.50468 89.25962
0.00604 129.85583 80.97455
0.00589 111.00778 67.42679
0.00339 139.48106 88.43840
0.01225 136.66681 86.20946
0.00770 139.11612 88.14700
0.00848 120.81182 74.32233
0.00604 136.01734 85.70084
0.00846 139.02417 88.07370
0.00494 121.81254 75.04352
0.00816 135.31423 85.15256
0.00756 138.46041 87.62522
0.01058 139.28434 88.28124
0.01000 118.56286 72.71395
0.00997 141.33686 89.93155
0.00462 96.10871 57.44182
0.00503 110.53442 67.10105
0.00606 111.05440 67.45890
0.00515 124.92070 77.30619
0.00335 114.88025 70.11542
0.00157 90.76901 53.98129
0.00090 41.02992 23.67652
0.00182 104.48464 62.98987
0.00545 127.23554 79.01477
0.00399 140.07057 88.91064
0.00418 141.22830 89.84367
0.00304 132.29318 82.82354
0.00573 108.29577 65.56874
0.00446 112.55319 68.49460
0.00320 137.78012 87.08629
0.00078 108.62331 65.79210
0.00051 81.63301 48.17924
0.00129 137.19134 86.62179
0.00213 140.42324 89.19407
0.00469 73.39068 43.05569
0.00381 79.88656 47.08545
0.00352 105.55631 63.71137
0.00144 92.78653 55.28233
0.00325 91.63321 54.53766
0.00166 102.27291 61.50953
0.00117 120.82670 74.33303
0.00288 117.77014 72.15099
0.06941 133.59900 83.82501
0.04422 125.06670 77.41334
0.03411 107.80093 65.23181
0.04780 138.51788 87.67086
0.03215 110.96474 67.39714
0.04026 110.45910 67.04927
0.02428 73.30706 43.00420
0.03625 95.40182 56.98049
0.04109 116.04656 70.93384
0.04352 105.19636 63.46872
0.04918 114.92905 70.14959
0.05062 105.18701 63.46243
0.05729 113.53338 69.17538
0.01253 23.02767 13.22321
0.01429 23.29330 13.37643
0.08764 123.73355 76.43782
0.01273 14.69327 8.42621
0.02337 21.94335 12.59797
0.01912 16.18133 9.28136
0.00757 5.53873 3.17386
0.00728 4.78579 2.74232
0.01779 10.78216 6.18072
0.01745 9.66504 5.53982
0.02368 12.49692 7.16488
0.04026 20.19526 11.59079
0.02386 11.31192 6.48472
0.02260 10.24664 5.87346
0.01797 7.77600 4.45644
0.01456 5.97503 3.42395
0.01525 5.75115 3.29562
0.03117 10.81964 6.20222
0.04973 15.59779 8.94596
0.03224 9.45277 5.41806
0.02140 5.83703 3.34485
0.35215 87.42490 51.84111
0.01133 2.66212 1.52533
0.11830 25.94987 14.91022
0.01650 3.35862 1.92444
0.17674 34.76529 20.02075
0.07881 14.50614 8.31871
0.20560 37.37058 21.53836
0.05862 10.24537 5.87273
0.02201 3.61339 2.07043
0.02004 3.25587 1.86556
0.03603 5.51427 3.15985
0.03603 5.45207 3.12419
0.01638 2.38430 1.36614
0.01380 1.92009 1.10015
0.05108 6.93997 3.97711
0.03918 5.11632 2.93175
0.00898 1.13614 0.65096
0.01284 1.57983 0.90519
0.01043 1.25180 0.71723
0.02576 3.02122 1.73109
0.01493 1.70600 0.97748
0.03587 3.98068 2.28091
0.00631 0.68428 0.39206
0.02389 2.53204 1.45079
0.02931 3.03537 1.73920
0.05097 5.15072 2.95147
0.03351 3.30167 1.89180
0.03730 3.59173 2.05802
0.03092 2.92874 1.67811
0.02855 2.65087 1.51888
0.02388 2.17967 1.24889
0.02921 2.62340 1.50314
0.02274 2.01917 1.15692
0.02142 1.87187 1.07252
0.03346 2.88380 1.65236
0.02745 2.34032 1.34093
0.02088 1.75981 1.00831
0.00451 0.37605 0.21546
0.02826 2.34231 1.34207
0.02778 2.29432 1.31458
0.00950 0.78873 0.45191
0.01213 1.01150 0.57955
0.00938 0.78295 0.44860
0.02940 2.46554 1.41269
0.02400 2.01374 1.15381
0.03436 2.88060 1.65052
0.04160 3.48681 1.99790
0.11306 9.48943 5.43909
0.05613 4.72758 2.70896
0.01344 1.13771 0.65186
0.02164 1.83645 1.05222
0.03896 3.30781 1.89532
0.02737 2.32547 1.33242
0.01316 1.12121 0.64241
0.01145 0.98105 0.56210
0.05867 5.05086 2.89424
0.05102 4.40097 2.52177
0.06069 5.24328 3.00452
0.03943 3.40937 1.95352
0.02557 2.21845 1.27110
0.06671 5.81677 3.33323
0.05486 4.80899 2.75562
0.02406 2.11561 1.21218
0.02470 2.16548 1.24075
0.01959 1.72739 0.98973
0.01542 1.36216 0.78047
0.03438 3.05464 1.75025
0.03559 3.17517 1.81931
0.05093 4.52568 2.59325
0.08684 7.76107 4.44788
0.04374 3.91879 2.24544
0.03104 2.78974 1.59846
0.01586 1.42611 0.81711
0.04477 4.04594 2.31831
0.01195 1.08317 0.62061
0.01053 0.95788 0.54883
0.03551 3.23205 1.85191
0.03487 3.17224 1.81763
0.02042 1.85052 1.06029
0.01995 1.81259 1.03855
0.00840 0.75954 0.43519
0.02067 1.90099 1.08920
0.01482 1.34898 0.77292
0.00800 0.73007 0.41830
0.04052 3.75123 2.14942
0.02293 2.13147 1.22127
0.00625 0.58543 0.33543
0.00415 0.38368 0.21983
0.00603 0.56062 0.32121
0.00674 0.62426 0.35767
0.03554 3.29547 1.88825
0.01089 1.01199 0.57983
0.01260 1.18070 0.67649
0.01989 1.88982 1.08280
0.02632 2.49984 1.43234
0.01233 1.17179 0.67139
0.02984 2.84936 1.63262
0.03000 2.85470 1.63568
0.02808 2.64116 1.51332
0.03703 3.48663 1.99779
0.01864 1.74530 1.00000
0.01458 1.36991 0.78490
0.02049 1.92133 1.10086
0.02490 2.35560 1.34969
0.03340 3.15556 1.80808
0.02778 2.63811 1.51157
0.01826 1.73639 0.99489
0.02451 2.34803 1.34535
0.02562 2.46730 1.41369
0.00167 0.16136 0.09245
0.02077 2.01977 1.15726
0.05331 5.15168 2.95202
0.02707 2.62340 1.50314
0.02565 2.49911 1.43192
0.00947 0.92878 0.53215
0.04098 4.04806 2.31952
0.03870 3.81247 2.18452
0.03214 3.16934 1.81597
0.02751 2.73149 1.56508
0.01508 1.49992 0.85940
0.01405 1.40831 0.80691
0.02193 2.20588 1.26390
0.01463 1.49366 0.85581
0.00826 0.86241 0.49413
0.04831 5.13794 2.94415
0.02831 3.06121 1.75401
0.03223 3.55973 2.03968
0.01892 2.13909 1.22563
0.00272 0.31626 0.18120
0.02092 2.48420 1.42338
0.02486 3.03861 1.74107
0.01263 1.57807 0.90418
0.01833 2.33493 1.33785
0.02539 3.33511 1.91097
0.01687 2.27883 1.30570
0.02587 3.60662 2.06655
0.03775 5.40767 3.09875
0.01823 2.71704 1.55680
0.02888 4.42068 2.53307
0.03283 5.26721 3.01824
0.05464 9.01037 5.16431
0.03035 4.93862 2.82991
0.02378 4.30939 2.46929
0.03848 6.62935 3.79904
0.01091 2.01886 1.15674
0.01350 2.49428 1.42916
0.01488 2.80626 1.60792
0.03987 7.63087 4.37323
0.03246 6.33502 3.63031
0.04299 8.45111 4.84357
0.01686 3.30620 1.89440
0.06668 13.29823 7.62495
0.11016 22.22177 12.75848
0.08305 16.75741 9.61256
0.04828 9.96858 5.71394
0.07601 15.83205 9.08060
0.50857 105.25069 63.50533
0.43613 91.93815 54.73431
0.31760 66.58872 38.89508
0.28022 59.69189 34.73020
0.14885 31.48059 18.11237
0.02105 4.35191 2.49366
0.02702 5.65839 3.24245
0.02116 4.32824 2.48009
0.01881 3.94695 2.26158
0.07217 15.14071 8.68330
0.05761 11.81808 6.77521
0.01663 3.41629 1.95749
0.02393 4.80431 2.75293
0.09227 18.54626 10.64151
0.28002 55.08238 31.97312
0.01428 2.76017 1.58151
0.32193 61.54391 35.84371
0.00336 0.63244 0.36236
0.02010 3.71147 2.12664
0.06953 12.50785 7.17115
0.01702 2.96742 1.70027
0.01346 2.29185 1.31316
0.07357 12.15962 6.97125
0.05231 8.41409 4.82234
0.04984 7.81069 4.47634
0.01854 2.83227 1.62283
0.00720 1.07528 0.61610
0.01796 2.61306 1.49722
0.02055 2.90578 1.66495
0.03363 4.68890 2.68679
0.02015 2.74490 1.57276
0.02977 3.97630 2.27840
0.38680 51.00280 29.54883
0.02617 3.43227 1.96664
0.00442 0.57757 0.33092
0.03503 4.57457 2.62127
0.03106 4.07069 2.33249
0.01552 2.02337 1.15932
0.00844 1.10086 0.63075
0.03105 4.04000 2.31491
0.02501 3.25788 1.86671
0.01667 2.16747 1.24189
0.02422 3.15720 1.80902
0.01621 2.10737 1.20745
0.02409 3.14269 1.80070
0.03571 4.66581 2.67356
0.02173 2.84043 1.62750
0.03395 4.46062 2.55596
0.02287 3.00884 1.72401
0.02565 3.39430 1.94489
0.00778 1.03280 0.59175
0.00483 0.64276 0.36827
0.00470 0.62974 0.36081
0.01075 1.44940 0.83045
0.00943 1.28883 0.73845
0.02755 3.81215 2.18434
0.02181 3.05749 1.75188
0.01872 2.66350 1.52612
0.02122 3.07854 1.76394
0.01071 1.58282 0.90690
0.02295 3.44886 1.97615
0.03620 5.49403 3.14825
0.04914 7.52033 4.30985
0.04459 6.86749 3.93556
0.01148 1.77810 1.01879
0.01727 2.70547 1.55017
0.04950 7.80736 4.47443
0.04614 7.33644 4.20442
0.01105 1.76725 1.01257
0.01549 2.49708 1.43076
0.04073 6.60534 3.78527
0.10203 16.68364 9.57014
0.01560 2.55620 1.46463
0.04424 7.28809 4.17669
0.02948 4.86882 2.78991
0.01989 3.29647 1.88882
0.04328 7.21926 4.13723
0.00942 1.57400 0.90185
0.05510 9.24526 5.29903
0.01044 1.75703 1.00671
0.01790 3.04427 1.74431
0.05486 9.37315 5.37239
0.01699 2.92776 1.67754
0.04037 7.03707 4.03277
0.42050 74.70495 43.86633
0.32447 58.46741 33.99585
0.02616 4.81010 2.75625
0.30693 57.69767 33.53495
0.01443 2.76678 1.58530
0.01890 3.70924 2.12536
0.04908 9.87919 5.66267
0.00149 0.30629 0.17549
0.02037 4.28052 2.45274
0.01863 4.03072 2.30959
0.00679 1.49714 0.85780
0.02575 5.87125 3.36446
0.02240 5.30309 3.03880
0.02501 5.92290 3.39407
0.03422 9.21997 5.28453
0.05937 16.06072 9.21204
0.11878 34.67406 19.96767
0.01403 4.36349 2.50029
0.02056 6.74558 3.86566
0.20342 70.84564 41.49230
0.04306 15.60148 8.94808
0.09805 36.40915 20.97788
0.07480 28.67893 16.48866
0.07364 28.39046 16.32166
0.07231 28.00190 16.09679
0.10885 42.43857 24.50178
0.17163 67.74575 39.59888
0.06570 25.99116 14.93408
0.07334 29.18323 16.78067
0.20925 84.60662 50.05246
0.08208 32.98872 18.98792
0.25775 104.25081 62.83282
0.08248 33.47404 19.26991
0.20252 82.61192 48.79436
0.25689 105.47827 63.65873
0.25128 104.09668 62.72937
0.18922 78.17356 46.01701
0.20343 85.74176 50.77129
0.22192 94.20848 56.20397
0.21842 91.72476 54.59668
0.26963 114.50529 69.85318
0.22273 94.56520 56.43579
0.22834 98.00971 58.68754
0.01459 6.30997 3.61595
0.20033 86.99915 51.57004
0.06654 29.08528 16.72395
0.02556 11.22493 6.43479
0.25666 111.08669 67.48115
0.21714 95.54708 57.07520
0.24372 108.02344 65.38323
0.03635 16.19285 9.28799
0.22229 98.81606 59.21824
0.03243 14.47853 8.30285
0.17392 77.64426 45.68774
0.07801 34.25964 19.72661
0.04257 18.05902 10.36117
0.28234 114.16699 69.61694
0.10314 39.79131 22.95189
0.26321 97.22484 58.17231
0.06231 22.11527 12.69708
0.03058 10.43552 5.98183
0.03294 10.91469 6.25676
0.02694 8.71064 4.99241
0.01902 5.99896 3.43767
0.01792 5.51971 3.16296
0.27599 82.53294 48.74467
0.03025 8.87458 5.08643
0.03528 10.09392 5.78585
0.01365 3.83081 2.19503
0.04718 12.90700 7.40031
0.01502 3.98913 2.28575
0.02498 6.44398 3.69277
0.30666 76.38997 44.90902
0.40734 99.03680 59.36377
0.10201 25.17567 14.46296
0.03482 8.68632 4.97846
0.23611 60.28409 35.08588
0.37976 97.94889 58.64757
0.38384 100.50034 60.33130
0.29501 77.86395 45.82436
0.23438 62.40536 36.36284
0.23376 62.56745 36.46060
0.03818 10.21665 5.85626
0.07464 20.16021 11.57060
0.07274 20.07370 11.52078
0.02123 5.96284 3.41696
0.02898 8.20133 4.70033
0.29120 82.66149 48.82555
0.05254 15.01818 8.61289
0.05911 16.98475 9.74328
0.27822 80.91971 47.73195
0.03885 11.47162 6.57636
0.02791 8.35159 4.78650
0.02532 8.16426 4.67907
0.03002 10.88743 6.24112
0.02003 8.53055 4.88913
0.00893 4.49764 2.57717
0.00802 4.96485 2.84494
0.01008 7.97485 4.57046
0.00393 4.21094 2.41287
0.00331 5.78310 3.31393
0.00940 36.16935 20.83817
0.00122 109.95344 66.70209
0.00957 52.46825 30.41806
0.00610 62.56252 36.45763
0.00350 84.22690 49.81247
0.00319 65.53933 38.25806
0.00569 122.58968 75.60599
0.00051 33.49014 19.27926
