0.08207 -0.01842 0.03649
-0.06682 0.01958 0.06372
0.09003 -0.01163 0.03705
-0.03073 0.00336 0.09975
0.10021 -0.01471 0.05382
-0.02512 0.01445 0.12464
-0.05729 0.01737 0.12751
-0.07862 0.02543 0.13055
-0.11551 0.03435 0.11409
-0.03971 0.01153 0.16921
-0.01042 0.00489 0.18132
-0.04134 0.01870 0.18326
-0.04979 0.00176 0.19046
-0.01562 0.01085 0.20396
-0.03217 0.01591 0.20892
0.02703 0.00648 0.21695
0.01421 0.00579 0.22255
0.00999 0.00490 0.22387
0.02892 0.00320 0.22975
0.05081 0.00811 0.22869
0.03024 0.00867 0.23425
-0.02593 0.01196 0.24015
-0.08763 0.02008 0.23468
0.00272 0.01523 0.26280
-0.08428 0.02473 0.25291
-0.10890 0.02347 0.25102
-0.22522 0.01142 0.16946
-0.10111 0.01016 0.27582
-0.25856 0.01610 0.15878
-0.24044 0.02866 0.20516
-0.13542 0.02323 0.29638
-0.08725 0.00601 0.32573
-0.10229 -0.00179 0.33844
-0.16183 0.00598 0.32841
-0.06819 0.00427 0.37682
-0.08134 -0.00010 0.38413
-0.08024 -0.00344 0.39605
-0.09378 -0.01130 0.41052
-0.04182 0.00353 0.43505
-0.02989 0.00078 0.44927
-0.05113 -0.00183 0.46181
-0.02970 -0.01347 0.47640
-0.04103 -0.01072 0.49372
-0.02880 -0.00824 0.50942
-0.01760 -0.00544 0.52926
-0.01286 0.00502 0.54509
-0.03487 -0.00404 0.55814
-0.03292 -0.01613 0.57601
-0.01044 -0.00901 0.58990
-0.02289 0.00405 0.60747
-0.00641 0.00596 0.62338
0.00043 -0.01641 0.63914
-0.00506 -0.01625 0.65490
-0.00717 -0.00250 0.66551
0.01521 0.00247 0.68363
0.01929 -0.00205 0.70038
0.01513 -0.01127 0.71700
0.00174 -0.00703 0.73171
0.00549 -0.00612 0.74186
0.00210 -0.01315 0.75572
-0.00349 -0.00422 0.76730
0.01532 0.00738 0.78722
-0.00031 0.00562 0.79396
-0.00359 -0.00092 0.80249
-0.00996 -0.02739 0.80221
-0.00467 -0.02747 0.80736
-0.00629 -0.01817 0.82207
-0.00802 0.00624 0.83180
-0.01477 -0.01999 0.84508
-0.01391 -0.00404 0.84920
-0.01963 -0.00787 0.84857
-0.00949 -0.03300 0.84769
-0.00974 -0.03343 0.84235
-0.01100 -0.01992 0.84008
-0.01284 -0.00065 0.84501
-0.00733 -0.01059 0.84178
-0.00589 -0.01302 0.84414
-0.00894 -0.03135 0.83376
-0.01017 -0.02346 0.83652
-0.00959 -0.00612 0.83925
-0.00330 -0.00572 0.83979
0.00018 0.00080 0.84315
-0.01048 -0.00157 0.84387
-0.00338 -0.01436 0.83725
-0.01116 -0.01560 0.83515
-0.00766 -0.02312 0.83271
-0.00692 -0.02133 0.82942
-0.01102 -0.02197 0.82983
-0.00404 -0.00618 0.82958
-0.02258 -0.01235 0.82612
-0.00906 -0.02469 0.82569
-0.02185 -0.00335 0.82469
-0.00960 0.01748 0.82480
-0.01172 -0.01043 0.82689
-0.01948 0.00166 0.81862
-0.01666 -0.01629 0.81260
-0.02330 -0.02377 0.80571
-0.01634 -0.01605 0.80089
-0.01723 -0.01612 0.80039
-0.01361 -0.00719 0.79813
0.00314 -0.02849 0.79641
-0.01217 -0.02234 0.78971
-0.02562 -0.02007 0.78533
-0.00115 -0.02645 0.78219
-0.00736 -0.01707 0.77841
-0.01277 -0.00996 0.77653
-0.00592 -0.01102 0.76767
-0.01000 -0.02216 0.75911
-0.01288 -0.02232 0.75043
-0.00867 -0.02948 0.73597
0.00351 -0.01665 0.72976
0.01107 -0.01287 0.71223
0.01061 -0.01616 0.69795
0.01387 -0.01341 0.68245
0.02044 -0.01486 0.66693
0.02085 -0.02056 0.65097
0.00360 -0.00363 0.63640
-0.00934 -0.00264 0.62034
-0.00823 0.00554 0.60187
-0.02167 0.00341 0.58396
0.01201 -0.00308 0.56138
-0.00729 -0.00357 0.54048
0.03918 -0.01158 0.51475
0.03846 0.00794 0.49516
0.00380 -0.00472 0.48016
0.01698 -0.00617 0.46166
0.01528 0.01869 0.46294
-0.01188 0.00928 0.44885
-0.00437 -0.00954 0.45088
-0.02702 0.01436 0.43679
-0.01148 0.02316 0.44479
-0.01332 0.01609 0.43468
-0.01766 0.01495 0.44060
0.06414 0.01161 0.43517
0.11397 0.01119 0.41449
0.08448 0.02411 0.41854
0.06823 0.00942 0.41140
0.07033 0.00445 0.42595
0.07010 -0.00945 0.43231
0.05080 0.03366 0.46001
0.01066 0.02382 0.47919
0.10301 0.02318 0.47504
0.17850 -0.04551 0.47836
0.03031 0.01134 0.52282
0.04818 0.00225 0.53918
-0.02013 0.01397 0.56111
-0.00774 0.00212 0.57663
0.02304 0.00455 0.59453
0.03722 0.01337 0.60952
0.00328 -0.01419 0.62855
-0.00606 0.01607 0.64141
0.02781 0.01295 0.65653
0.03582 0.00338 0.66982
0.02190 0.00853 0.68564
0.02095 -0.00240 0.70094
0.00992 -0.00069 0.71691
0.00284 -0.02253 0.72426
0.00468 -0.02806 0.73775
0.00869 -0.01429 0.74656
0.02507 -0.00363 0.76244
0.01972 0.00812 0.77546
0.00561 -0.01690 0.77911
0.01683 -0.01416 0.77718
0.01835 -0.01045 0.76901
-0.01532 -0.00791 0.77013
-0.01941 0.02144 0.77288
0.03650 0.00089 0.77182
0.02243 -0.02146 0.77260
0.02438 -0.02870 0.76405
0.01939 -0.01387 0.76225
0.01821 -0.01760 0.76173
0.00609 -0.01797 0.75860
-0.00127 0.00715 0.76935
-0.02440 0.00030 0.76130
0.00791 -0.01057 0.76113
0.00693 -0.01544 0.75447
-0.00599 -0.02157 0.74985
0.06414 -0.00941 0.75084
0.00710 -0.02099 0.75414
-0.00030 -0.02106 0.75671
-0.02682 -0.01363 0.76372
-0.00862 -0.01259 0.76846
-0.01503 -0.01913 0.77162
-0.00086 -0.01978 0.77774
-0.01181 -0.00180 0.78634
-0.02406 -0.00516 0.78791
-0.02405 -0.01289 0.79829
-0.01395 -0.03234 0.79609
-0.03982 -0.00635 0.79945
-0.01896 -0.01719 0.81286
-0.05654 -0.00025 0.81942
-0.01452 -0.00661 0.83292
0.00080 0.00795 0.83846
-0.00632 0.01026 0.84649
-0.00181 0.00619 0.85358
-0.00731 -0.00799 0.85721
0.01629 -0.01549 0.86279
-0.00753 -0.02174 0.86335
-0.00355 -0.01716 0.86623
0.00841 -0.01477 0.87076
-0.00663 -0.02195 0.87251
0.00498 -0.01108 0.87940
0.00718 -0.01924 0.87931
-0.00376 -0.02834 0.87511
0.00533 -0.03344 0.86926
0.02061 -0.02490 0.86047
0.01270 -0.03561 0.86072
0.01650 -0.02418 0.85488
-0.01009 -0.00991 0.85608
-0.00116 0.01549 0.85389
-0.01638 -0.02959 0.85825
-0.01657 -0.02105 0.85339
-0.01506 -0.01806 0.83724
-0.02515 -0.02229 0.83103
-0.01876 -0.02107 0.83183
-0.02429 -0.01946 0.82619
-0.02669 -0.02316 0.82101
-0.01934 -0.02737 0.81695
-0.02644 -0.03038 0.81140
-0.04348 -0.03348 0.81162
0.03446 -0.00614 0.81146
-0.03184 -0.00350 0.81084
-0.03871 -0.02261 0.80815
-0.03440 -0.00403 0.80094
-0.03217 -0.01628 0.79393
-0.01317 -0.01472 0.79662
0.00440 -0.01142 0.78777
-0.05599 -0.04980 0.77749
-0.01908 -0.02490 0.77652
-0.00542 -0.02168 0.77162
-0.02408 -0.02897 0.77259
-0.06362 0.02000 0.76835
-0.03503 -0.00053 0.76958
-0.01320 -0.02259 0.76353
-0.05154 -0.06284 0.75152
-0.02743 -0.01730 0.75082
-0.03401 -0.00695 0.75239
-0.01891 -0.01551 0.75659
0.00980 0.04091 0.75482
-0.02590 0.00434 0.75887
-0.02380 -0.01984 0.75169
0.00451 -0.03172 0.73942
-0.01948 -0.01190 0.73213
0.00065 -0.02012 0.73732
-0.02650 0.01107 0.75094
-0.01514 -0.01097 0.75642
-0.03587 -0.00795 0.75531
-0.02820 -0.01991 0.74671
0.02418 -0.01411 0.74546
-0.02338 -0.04051 0.74545
-0.01522 -0.00702 0.74681
-0.02225 -0.01023 0.75236
-0.00166 -0.00217 0.75584
-0.00520 0.00763 0.75202
0.00960 0.01427 0.76040
0.00644 0.00141 0.76446
-0.02914 -0.02271 0.76463
-0.05291 -0.03732 0.75597
-0.03290 -0.01980 0.75182
-0.01310 -0.02921 0.75463
-0.01957 0.00226 0.76300
-0.01053 0.00607 0.77427
-0.01315 0.00344 0.77428
-0.02820 -0.03113 0.77145
-0.03349 -0.02944 0.76325
-0.03499 -0.01130 0.76460
-0.03481 -0.00462 0.76752
-0.03202 0.00317 0.77584
-0.03621 0.00384 0.77146
-0.03893 -0.00700 0.76749
-0.02877 -0.01139 0.76413
-0.02081 -0.03251 0.76096
-0.01564 -0.00196 0.76029
-0.01356 -0.02367 0.75891
-0.02534 -0.03519 0.75286
-0.03212 -0.03325 0.74279
-0.02142 -0.02647 0.73961
-0.01645 -0.01061 0.73444
-0.01559 0.00362 0.74220
-0.03422 -0.00836 0.73601
-0.03190 -0.01562 0.72859
-0.01547 -0.01886 0.71138
-0.01682 -0.01370 0.69521
-0.02668 -0.02294 0.67466
0.01788 -0.01457 0.66070
-0.00245 -0.01246 0.64677
-0.04342 0.01357 0.62535
-0.00762 0.01779 0.60962
0.03904 0.01077 0.58776
-0.00570 0.00206 0.56278
-0.03424 0.00443 0.53821
-0.02229 -0.00985 0.51380
0.01620 -0.02341 0.49293
-0.02278 0.01745 0.47032
-0.02364 -0.01323 0.45083
-0.02676 0.02831 0.43488
-0.04494 0.02494 0.41263
-0.04044 0.00290 0.39645
-0.23604 0.02451 0.29695
-0.04417 0.02043 0.35930
-0.01796 0.01539 0.33904
-0.00290 0.01161 0.31699
0.00372 0.00845 0.30190
-0.01220 0.01613 0.28408
-0.01456 0.01192 0.26972
-0.01904 0.00239 0.25325
-0.02384 0.00383 0.24182
-0.03248 0.00369 0.22582
-0.07588 0.00041 0.20100
0.00085 0.01428 0.21358
-0.06744 0.00843 0.20616
-0.07032 0.01126 0.20121
-0.06084 0.02259 0.20986
-0.06421 0.01560 0.20833
-0.08232 0.02267 0.19511
-0.06831 0.02341 0.20716
-0.05536 0.01159 0.20555
-0.07052 0.01609 0.20456
-0.10291 0.00741 0.19047
-0.07218 0.01205 0.19767
-0.04128 0.00882 0.21287
-0.07129 0.01092 0.20735
-0.09450 -0.00434 0.20174
-0.02678 0.00023 0.25013
0.00163 -0.00501 0.25945
-0.25530 0.00941 0.13592
-0.20332 -0.00313 0.22539
-0.25368 0.01552 0.17058
-0.05921 -0.00493 0.32891
-0.09837 0.00950 0.33658
-0.09188 0.00962 0.33175
-0.07903 0.01143 0.36582
-0.10948 0.01294 0.35261
-0.08392 0.01335 0.38850
-0.27989 0.02427 0.29892
-0.04877 0.00922 0.40594
-0.03304 0.00540 0.43598
-0.04193 0.00865 0.44989
0.00596 0.00664 0.46582
-0.12369 0.02690 0.47350
-0.06061 0.01585 0.49782
-0.06006 -0.01727 0.52168
-0.02450 0.00109 0.54817
-0.00811 -0.00068 0.56283
-0.08275 -0.01717 0.58030
-0.01573 -0.01616 0.59847
-0.00194 0.00264 0.62170
-0.02908 -0.01070 0.63854
-0.03725 -0.00862 0.65816
-0.03584 -0.01886 0.67513
-0.04181 -0.01866 0.68994
-0.03879 -0.01374 0.70590
-0.03697 -0.01953 0.72139
-0.04050 -0.01186 0.73998
-0.04398 -0.02150 0.75063
-0.02751 -0.02369 0.77242
-0.01668 -0.01937 0.78475
-0.02386 -0.03005 0.80205
-0.01375 -0.01984 0.81923
-0.01860 -0.01274 0.83554
-0.01405 -0.00326 0.84554
-0.01698 -0.01694 0.86173
-0.00391 -0.01868 0.86728
-0.00755 -0.02781 0.88094
-0.01992 -0.01311 0.89400
-0.00786 -0.02394 0.90992
-0.02100 -0.01797 0.92313
-0.01532 -0.01510 0.93127
-0.03824 -0.03974 0.94092
-0.03541 -0.03057 0.95165
0.01416 -0.00954 0.96734
-0.01236 -0.00252 0.97845
-0.01830 0.00598 0.98691
-0.02751 0.00327 0.98422
-0.02125 -0.00196 0.98932
0.00427 -0.01702 0.98796
-0.03467 -0.02142 0.98844
-0.02020 -0.01049 0.98838
-0.02782 -0.00568 0.99086
-0.05701 0.01697 0.99668
-0.02281 -0.01062 0.99134
0.02180 -0.01058 0.99371
-0.01864 -0.03609 0.99845
-0.02084 -0.01961 0.98957
-0.02575 -0.01505 0.99689
-0.02049 -0.03653 0.98974
-0.03214 -0.02045 0.99075
0.00433 -0.00424 0.98683
-0.02418 -0.00559 0.99386
-0.03437 -0.01463 0.99468
-0.01422 -0.02289 0.99044
-0.00612 -0.02523 0.98708
-0.00340 -0.02491 0.98615
-0.01246 -0.01412 0.98992
0.00078 -0.01275 0.99356
0.00363 0.00152 0.99074
-0.00881 0.00427 0.99584
-0.01465 -0.02036 0.98617
-0.02571 -0.02006 0.98187
-0.00469 -0.01855 0.98139
-0.01188 -0.00791 0.98396
0.00551 -0.00359 0.98754
-0.00995 -0.01206 0.98125
-0.01329 -0.01607 0.97620
-0.06588 -0.05245 0.97125
0.00031 0.00335 0.97421
-0.03430 -0.01325 0.97356
-0.01643 -0.02864 0.97018
-0.02482 -0.01913 0.96882
-0.03572 -0.04197 0.95841
-0.01202 -0.02350 0.95178
-0.01606 -0.04490 0.95098
-0.00567 -0.02415 0.94948
0.01718 -0.02546 0.94858
-0.01216 -0.02724 0.94561
-0.00447 -0.02204 0.94366
-0.00328 -0.01100 0.94125
-0.00043 -0.02496 0.93705
-0.00175 -0.02277 0.93599
0.01962 -0.00112 0.93434
-0.00608 0.00059 0.93205
-0.01661 -0.01192 0.92822
0.01001 -0.01604 0.92393
-0.00125 -0.03568 0.91753
0.00164 -0.00802 0.90994
0.00771 -0.00221 0.90019
0.00075 -0.00562 0.88945
-0.01350 -0.02920 0.88113
-0.01723 -0.01866 0.86430
-0.02577 -0.00220 0.85397
-0.02363 -0.00132 0.83990
-0.01742 -0.00354 0.82684
-0.02755 -0.01632 0.81788
-0.01697 -0.00219 0.80679
-0.01519 -0.00384 0.79838
-0.00571 0.00396 0.78862
-0.01235 0.00486 0.77373
-0.01591 -0.00785 0.75776
-0.02850 -0.00787 0.74271
-0.02823 -0.01642 0.72643
-0.02270 -0.00874 0.71852
-0.03407 -0.02584 0.69244
-0.03792 -0.03681 0.68381
-0.00681 -0.01167 0.67191
-0.03483 -0.02106 0.65978
-0.01696 -0.01092 0.64751
0.00478 -0.00510 0.63772
0.02400 -0.00580 0.62630
0.01925 -0.00110 0.61827
-0.00798 -0.01149 0.61114
-0.03805 -0.00295 0.59922
-0.02914 0.00263 0.59141
-0.03429 -0.01979 0.57268
-0.02159 -0.01243 0.56444
-0.04181 -0.00300 0.55418
-0.01304 -0.00499 0.54257
0.00490 0.00792 0.53682
-0.03081 -0.00477 0.52335
-0.05371 -0.01051 0.50669
-0.05188 -0.00210 0.50131
-0.09472 0.00362 0.48765
-0.02179 0.00034 0.49149
-0.08354 0.00960 0.48018
-0.07640 0.02332 0.48161
-0.31857 0.02016 0.36357
-0.35364 0.01302 0.32715
-0.36464 0.01644 0.32474
-0.06166 0.01245 0.46945
-0.38334 0.00736 0.26225
-0.34357 0.02546 0.31970
-0.25072 0.01190 0.38185
-0.27591 -0.01286 0.37501
-0.08836 0.00446 0.43919
-0.24001 -0.00266 0.37244
-0.05475 0.00172 0.45440
-0.27947 0.00713 0.35421
-0.02725 0.00717 0.47255
-0.06578 0.01950 0.46370
-0.03746 0.02488 0.46988
-0.03480 0.01350 0.47613
-0.04399 0.00905 0.47292
-0.04065 0.01204 0.48281
0.03416 0.01457 0.48545
-0.01250 -0.00383 0.49460
0.00884 -0.01082 0.50122
0.01267 -0.00582 0.50968
-0.01096 -0.01100 0.51752
-0.00998 -0.00731 0.52646
0.00314 -0.00591 0.53873
0.02675 0.00565 0.54815
-0.01009 -0.00789 0.56086
-0.03367 -0.01682 0.57046
-0.01369 -0.01221 0.59249
0.00818 -0.00756 0.60142
-0.00143 -0.00491 0.61890
0.00835 -0.02421 0.63240
-0.01370 -0.03350 0.64561
0.00620 -0.02190 0.65681
-0.00756 -0.02307 0.67514
-0.01456 -0.01567 0.69848
0.00637 -0.00043 0.71432
0.00262 -0.00208 0.73091
-0.00889 -0.00851 0.74748
0.00385 0.00601 0.76190
0.01873 0.00878 0.78541
-0.01338 0.01031 0.80171
-0.00156 -0.00420 0.81571
0.00296 -0.03543 0.82575
-0.00342 -0.00706 0.83550
-0.01344 -0.00436 0.85566
-0.01293 -0.00219 0.86906
-0.00400 -0.00874 0.87754
-0.00576 -0.01179 0.88556
-0.00162 -0.01613 0.89760
-0.02266 -0.02646 0.90554
-0.04504 -0.02542 0.91452
-0.03224 -0.00755 0.92621
-0.00987 -0.01380 0.93734
-0.00623 0.00663 0.93979
0.00964 -0.00069 0.94026
-0.01352 -0.00516 0.93458
-0.00892 -0.00836 0.93123
0.00781 0.00677 0.93245
0.00138 -0.00626 0.93776
-0.00472 -0.02297 0.93370
-0.00769 -0.01889 0.92506
-0.01221 -0.03157 0.91726
-0.00261 -0.01899 0.90954
-0.00084 -0.01236 0.92181
-0.04025 -0.01097 0.91471
-0.02912 -0.00520 0.91572
-0.02700 -0.00726 0.91854
0.01601 -0.00413 0.89559
0.00697 -0.01196 0.90401
0.00319 -0.00705 0.89909
-0.01219 -0.02330 0.89037
-0.04277 -0.04714 0.88462
0.07100 0.02423 0.87908
0.02574 -0.00268 0.88222
0.00682 -0.01505 0.87313
0.03454 -0.01862 0.87112
0.04425 -0.00218 0.86594
0.03778 -0.03039 0.86470
0.04391 -0.01847 0.86370
0.04458 -0.04859 0.84709
0.05119 -0.03097 0.84533
0.02443 -0.02438 0.84457
0.02853 -0.01255 0.85529
0.04717 -0.01467 0.85365
0.02467 -0.03772 0.85540
0.02831 -0.00827 0.86099
0.02881 0.00351 0.86729
0.01900 -0.00542 0.88249
-0.00451 -0.01668 0.88448
-0.00105 -0.01053 0.88974
-0.00630 -0.03284 0.89072
-0.00550 -0.01853 0.90428
0.00569 0.01928 0.92691
0.02533 -0.01312 0.93372
0.02915 -0.02276 0.94740
-0.00162 -0.01320 0.94835
-0.01312 -0.01660 0.95469
0.00700 -0.02621 0.96229
0.00333 -0.00939 0.98029
0.00232 -0.00786 0.99645
-0.01156 -0.00013 1.00477
-0.01149 -0.02255 1.01117
-0.03186 -0.02839 1.02618
-0.01858 -0.00829 1.02689
0.00119 -0.01372 1.03784
0.04496 -0.00877 1.04001
-0.01817 -0.03728 1.04810
-0.00847 -0.02221 1.05496
0.00244 -0.02849 1.05681
-0.00153 -0.02777 1.05834
0.00779 -0.01335 1.05777
-0.08164 -0.05370 1.05549
-0.14863 -0.09125 1.04557
-0.03561 0.02713 1.05533
-0.00422 -0.00045 1.04994
-0.00935 -0.01151 1.04679
-0.01943 -0.03867 1.04571
0.00544 -0.00184 1.04399
-0.00736 0.00453 1.04576
0.03517 0.00132 1.04696
-0.02109 -0.03294 1.02725
0.00612 -0.01226 1.03192
0.02178 -0.00684 1.02914
0.01680 0.00807 1.02778
-0.00629 -0.01531 1.02413
0.01101 -0.00987 1.02119
0.00234 -0.01300 1.01654
-0.02902 -0.01783 1.01146
-0.00226 -0.01996 1.01222
-0.00256 -0.01009 1.00298
-0.01518 0.00595 1.00689
-0.01488 -0.03064 0.99914
-0.01231 -0.03499 0.99418
-0.02349 -0.00689 0.99124
-0.02673 -0.03282 0.98996
-0.04405 -0.00886 0.98698
-0.03129 -0.01019 0.98442
-0.02777 -0.01026 0.98227
-0.05229 0.00002 0.97467
-0.05148 -0.01334 0.96930
-0.01345 -0.00389 0.97147
0.03097 -0.01638 0.96721
0.03566 -0.02546 0.96105
0.01897 -0.02204 0.95983
0.01539 -0.02324 0.95390
0.00572 -0.03156 0.95107
-0.07245 -0.05100 0.94151
0.03083 0.01081 0.93943
0.00695 -0.02368 0.93270
-0.00542 0.00688 0.92241
-0.03771 -0.03838 0.91434
-0.00933 -0.03542 0.89503
-0.02355 -0.03996 0.88209
-0.01088 -0.03410 0.86752
-0.09293 -0.05484 0.84616
-0.03798 -0.03856 0.83138
-0.01445 -0.03914 0.81067
0.00392 -0.05667 0.78642
0.01231 -0.01364 0.76437
0.00807 -0.00734 0.73880
0.00538 0.00082 0.71431
0.02382 -0.00579 0.68569
-0.02889 -0.02794 0.65799
-0.00333 -0.00847 0.63343
-0.00349 -0.00411 0.60673
-0.00114 -0.01035 0.57904
0.47861 -0.00585 0.28415
-0.47481 0.01064 0.22394
-0.47302 0.00238 0.14900
0.36205 0.02159 0.28876
-0.40957 -0.00258 0.15080
-0.37290 -0.00354 0.14920
-0.27464 0.01764 0.24752
-0.32128 0.00498 0.10484
-0.28485 0.00909 0.11666
-0.24308 -0.00407 0.10918
-0.19584 -0.00274 0.14746
-0.20515 -0.00094 0.09329
0.17915 0.00618 0.09270
-0.14652 0.01495 0.13102
-0.03255 -0.01743 0.18557
-0.01184 0.00368 0.18498
-0.02414 0.00559 0.17515
0.12458 0.00254 0.10951
0.14227 0.00351 0.05044
0.12816 0.00355 0.05823
0.11036 0.00908 0.07350
0.11961 0.00113 0.04058
0.09176 0.00736 0.07662
0.10595 0.00309 0.03898
0.09607 0.00616 0.04370
-0.00799 0.00331 0.09366
-0.01182 0.00182 0.07714
-0.03371 -0.00180 0.05350
-0.02292 -0.00238 0.04314
-0.01578 0.00023 0.03373
-0.01142 -0.00027 0.02401
0.01535 0.00360 0.00696
-0.00516 0.00063 0.00790
-0.00422 -0.00150 0.00423
-0.00277 -0.00199 -0.00675
-0.00069 -0.00055 -0.00187
0.00372 0.00205 -0.00092
0.00566 0.00040 0.00240
0.00397 0.00018 0.00140
0.00446 0.00012 0.00182
0.00443 0.00036 0.00330
0.00485 -0.00028 -0.00194
0.00521 -0.00100 -0.00398
0.00417 -0.00007 -0.00206
0.00483 0.00063 -0.00210
0.00212 -0.00027 -0.00116
0.00707 0.00060 -0.00547
-0.00493 0.00016 0.00251
-0.00228 0.00043 0.00663
-0.00300 -0.00009 0.00327
0.00522 -0.00005 -0.00313
-0.00263 0.00020 0.00308
0.00524 0.00075 -0.00288
-0.00406 -0.00006 0.00365
-0.00600 -0.00002 0.00466
-0.00742 -0.00114 -0.00384
-0.00553 0.00008 0.00438
0.00340 0.00050 -0.00337
0.00243 -0.00031 -0.00384
0.00307 0.00002 -0.00451
0.00294 -0.00006 -0.00289
-0.00269 -0.00001 -0.00114
-0.00159 -0.00006 -0.00068
0.00205 0.00017 -0.00077
0.00045 0.00008 -0.00168
0.00350 0.00053 -0.00241
-0.00170 -0.00012 0.00228
0.00209 0.00000 -0.00209
-0.00070 0.00025 0.00218
-0.00364 0.00026 0.00383
-0.00349 0.00018 0.00186
0.00204 -0.00012 -0.00109
0.00065 -0.00003 -0.00030
-0.00023 -0.00006 -0.00057
0.00023 0.00010 0.00091
-0.00137 -0.00008 -0.00065
-0.00512 0.00022 0.00381
-0.00440 -0.00050 -0.00179
-0.00174 0.00020 0.00283
-0.00130 0.00004 0.00085
0.00260 0.00001 -0.00241
0.00092 -0.00003 -0.00134
0.00074 0.00003 -0.00062
-0.00201 -0.00008 0.00140
0.03041 0.00034 -0.04212
0.02669 -0.00013 -0.02319
0.03001 0.00072 -0.00999
0.02665 0.00018 -0.02192
-0.01814 0.00224 0.02248
-0.02125 0.00199 0.02954
0.02797 0.00210 0.01763
0.03546 0.00233 0.01346
0.03363 0.00143 0.01099
0.03884 0.00247 0.01403
0.03964 0.00202 0.01601
0.04388 0.00235 0.01961
0.04556 0.00275 0.02153
0.00392 0.00201 0.05422
0.00474 0.00343 0.06105
0.06413 0.00188 0.03002
-0.00371 0.00311 0.08649
-0.03208 -0.00330 0.10149
-0.00659 0.00876 0.11762
-0.01940 0.00513 0.13517
-0.02092 0.00646 0.15064
-0.00884 0.01133 0.16437
-0.02383 0.01663 0.17823
-0.04794 0.01192 0.18290
0.01454 0.01319 0.19840
-0.04154 0.01574 0.20622
-0.05013 0.01711 0.21406
-0.04211 0.01329 0.22689
-0.02773 0.00938 0.24200
-0.04354 0.00260 0.26154
-0.02488 0.01563 0.28662
-0.02165 0.01497 0.31776
-0.06769 0.01826 0.33377
-0.03293 0.02195 0.36451
-0.35345 0.01788 0.19235
-0.05713 0.00348 0.42161
-0.16136 0.00883 0.42626
-0.05933 0.01412 0.48742
-0.22335 0.00991 0.45657
-0.14157 0.02790 0.52379
-0.24199 0.01142 0.49396
-0.09855 0.01784 0.56334
-0.08764 -0.01540 0.60263
-0.06611 -0.00765 0.61204
-0.08966 0.00375 0.64724
-0.07541 -0.01091 0.65639
-0.05377 -0.00466 0.68491
-0.05546 -0.01216 0.71629
-0.07586 -0.02934 0.73145
-0.05893 -0.02522 0.76317
-0.01126 0.00014 0.79028
-0.02497 -0.01293 0.81256
-0.01984 -0.01667 0.83269
-0.02365 -0.03285 0.85153
-0.02619 -0.01356 0.87459
-0.04997 -0.01785 0.89948
-0.01265 -0.00421 0.92142
-0.03545 -0.01102 0.94261
-0.03393 -0.01009 0.96512
-0.04864 0.00636 0.98827
-0.03146 -0.00257 1.01445
-0.03749 -0.00035 1.03777
-0.03187 -0.00270 1.05527
-0.03138 -0.01645 1.07648
-0.02911 -0.03055 1.09470
-0.04337 -0.03105 1.11201
-0.03033 0.00367 1.12571
-0.03666 -0.01496 1.14348
-0.03802 -0.03445 1.15912
-0.03894 -0.02133 1.17222
-0.02978 -0.02874 1.18597
-0.01754 -0.01675 1.20023
-0.02984 0.00259 1.20595
-0.03329 -0.03356 1.21007
-0.00486 -0.03214 1.20419
-0.01802 -0.02936 1.19859
-0.02097 -0.02656 1.19762
-0.03681 -0.04086 1.19105
-0.03393 -0.02522 1.19113
-0.03933 -0.03626 1.19148
0.03064 -0.01473 1.19252
-0.11292 -0.06225 1.18438
0.03783 -0.00716 1.18663
0.00262 -0.01486 1.18097
0.01032 -0.02420 1.17800
-0.01425 0.01780 1.17760
-0.01034 0.00427 1.17711
-0.00437 -0.01031 1.17410
-0.00370 -0.01689 1.16710
-0.05553 -0.05810 1.15871
-0.05152 -0.04627 1.15720
-0.06361 -0.04770 1.15467
-0.04033 -0.04032 1.15497
0.02095 -0.02088 1.15205
-0.06219 -0.05365 1.14397
-0.04759 -0.05458 1.13857
-0.02356 -0.01710 1.13679
-0.00947 -0.00085 1.14066
-0.02217 -0.01521 1.13369
-0.02474 -0.02362 1.13150
-0.04447 -0.03412 1.12400
-0.04182 -0.04253 1.11933
-0.04729 -0.00887 1.12438
0.07464 0.00785 1.11646
-0.03780 -0.00991 1.11542
-0.02871 -0.01641 1.11225
0.00907 -0.02180 1.11151
-0.04577 -0.04641 1.10472
0.00770 -0.03715 1.10290
-0.00788 -0.01968 1.09939
-0.03465 -0.04016 1.09729
0.02769 -0.00553 1.09898
-0.01851 -0.02713 1.10313
-0.01265 -0.03380 1.09982
0.00325 -0.02932 1.10511
-0.00001 0.00052 1.08759
-0.00286 -0.01028 1.09863
-0.01080 -0.02371 1.09597
0.02610 -0.00360 1.07983
-0.02861 -0.03487 1.07491
-0.00013 -0.02805 1.06742
-0.01971 -0.02949 1.08077
-0.00426 -0.02972 1.07571
-0.01624 -0.01849 1.07977
-0.02850 0.00660 1.07800
-0.02071 -0.01790 1.07619
-0.02454 -0.01898 1.06703
-0.02321 -0.00599 1.05212
-0.03765 -0.03870 1.05142
-0.02666 -0.02673 1.05170
-0.03816 -0.04391 1.04568
-0.02882 -0.04861 1.04952
-0.03730 -0.01745 1.06248
-0.03780 -0.03329 1.06093
-0.01565 0.00115 1.06793
-0.01329 -0.02835 1.06369
-0.02014 -0.00866 1.06620
-0.02104 -0.03424 1.05624
-0.03330 -0.03128 1.05740
-0.02935 -0.03533 1.05198
-0.02224 -0.02809 1.05072
-0.02596 -0.02940 1.04318
0.02339 -0.02910 1.03759
0.00140 -0.02082 1.03652
0.01736 -0.00956 1.02821
0.04911 -0.00018 1.03361
0.00059 0.00698 1.03177
-0.01936 -0.01013 1.02599
-0.00332 -0.01603 1.01957
-0.02856 -0.03832 1.01122
-0.03090 -0.03696 1.01390
-0.02616 -0.02123 1.01340
-0.02444 -0.02081 1.00666
-0.00945 -0.02302 1.00513
-0.00725 -0.01634 0.99728
0.01944 -0.01496 0.99405
0.00647 -0.01411 0.97946
0.00231 -0.01943 0.95780
0.04571 -0.01466 0.93904
0.01528 -0.00424 0.92467
0.01045 -0.00010 0.90538
-0.01489 -0.01081 0.88420
-0.01107 -0.02418 0.85869
-0.00720 -0.00173 0.84218
-0.02708 -0.00811 0.81758
-0.02649 -0.02319 0.79928
-0.01602 -0.01147 0.78488
-0.01422 -0.00296 0.76107
-0.00543 -0.01417 0.74025
-0.00670 -0.00450 0.71720
0.00837 -0.00923 0.69798
-0.00921 -0.02356 0.67052
-0.00528 -0.00414 0.65323
-0.00738 -0.00309 0.62324
0.02178 -0.00799 0.60593
-0.01172 -0.01447 0.61434
-0.01672 -0.00669 0.55160
-0.01796 0.01265 0.58003
-0.03211 -0.00621 0.53922
-0.03204 -0.00729 0.54025
-0.03351 -0.00158 0.52921
-0.00878 -0.00665 0.52239
-0.01579 -0.02291 0.51166
-0.00538 -0.00330 0.50866
-0.03598 0.00334 0.50876
0.01526 0.01303 0.50101
0.04463 0.02506 0.49309
0.00311 0.00930 0.49553
-0.02193 0.01566 0.48352
0.01327 0.02206 0.47941
-0.45488 -0.00090 0.16299
-0.42111 0.00042 0.21839
-0.35733 -0.01170 0.31569
-0.32226 0.00545 0.34131
-0.20067 0.02248 0.42756
-0.05937 0.01793 0.47963
-0.07653 0.01277 0.47126
-0.10327 0.00032 0.47785
-0.05782 0.00879 0.47308
0.01772 0.01241 0.47616
0.00684 -0.00464 0.48743
-0.02979 0.00683 0.48584
-0.04564 0.02532 0.49545
-0.13692 0.00840 0.47824
-0.29727 0.02507 0.41164
-0.01655 0.00563 0.51702
-0.32503 0.01070 0.40971
-0.01830 -0.00665 0.53067
0.00100 -0.01196 0.54147
-0.08732 -0.01468 0.54880
-0.00329 -0.00832 0.57350
-0.02766 0.00275 0.58651
0.04749 0.02640 0.60260
0.03384 0.01219 0.62070
0.03330 -0.00285 0.63725
-0.00178 0.00170 0.65450
-0.00817 -0.01246 0.66939
-0.02548 -0.00255 0.68676
-0.02543 0.00352 0.70667
-0.03227 -0.03426 0.71560
0.01437 -0.00843 0.73381
-0.03204 -0.00438 0.74790
-0.37526 0.00777 0.65900
-0.02513 0.00210 0.76215
-0.00063 -0.00928 0.76535
-0.03675 -0.00802 0.76489
-0.02902 -0.00002 0.76248
-0.00125 0.00143 0.76725
-0.01062 -0.00412 0.76698
0.01213 0.00890 0.76853
-0.02107 0.00898 0.76719
0.00358 -0.00271 0.76898
-0.02503 0.00130 0.76665
-0.01285 0.00100 0.76912
-0.01717 -0.00017 0.76631
-0.00900 0.00900 0.76531
-0.00950 -0.00388 0.76505
0.01261 0.01044 0.76084
0.00261 0.00287 0.76004
-0.01983 -0.00682 0.75551
0.00644 -0.02317 0.75286
0.00539 -0.01799 0.75070
0.00331 -0.01397 0.74542
0.01246 -0.01367 0.74139
0.01195 -0.02727 0.73133
-0.01567 -0.00546 0.72251
0.01850 -0.00671 0.71298
0.00648 -0.00743 0.70291
0.01598 -0.01218 0.68911
-0.00102 -0.03183 0.67568
0.03091 -0.02541 0.66427
-0.03391 -0.03259 0.65716
0.03910 -0.05361 0.65008
0.04562 -0.01264 0.64761
0.00896 -0.01145 0.64573
0.01460 -0.03158 0.63739
0.04874 -0.01805 0.63190
0.04445 -0.01333 0.62717
0.00851 -0.00799 0.62531
0.00605 -0.00014 0.62013
-0.03445 -0.00493 0.61563
-0.09618 -0.00095 0.60397
0.01058 -0.00609 0.61035
-0.00401 0.01944 0.60674
-0.01243 0.00166 0.60543
-0.00742 -0.00720 0.60315
-0.03712 -0.01337 0.59817
0.00402 -0.00883 0.59811
-0.04327 -0.03362 0.59344
0.01840 -0.01487 0.59359
0.00366 -0.02738 0.58732
-0.04798 -0.02629 0.58270
-0.01203 -0.01408 0.57998
-0.03315 -0.02669 0.57215
-0.38531 -0.00072 0.41033
-0.30874 0.00264 0.46114
-0.01462 0.00553 0.54368
-0.28917 0.00181 0.44649
-0.00515 -0.00509 0.52151
-0.00512 0.00366 0.50952
-0.03982 -0.00938 0.49510
0.00678 -0.00896 0.48489
0.02689 -0.00961 0.47497
-0.01526 -0.01231 0.46185
0.00840 -0.00879 0.45322
-0.02232 -0.00730 0.43790
-0.01787 -0.00457 0.42199
-0.02428 -0.00793 0.42143
-0.03541 -0.00724 0.36938
-0.06094 -0.01892 0.36410
-0.11736 -0.00605 0.32178
-0.01217 -0.01299 0.32105
-0.01673 -0.00698 0.30424
-0.18938 -0.00267 0.21580
-0.04117 -0.00447 0.27287
-0.09230 -0.00373 0.25298
-0.06612 0.01456 0.25187
-0.06506 0.00440 0.25107
-0.06498 0.00613 0.24986
-0.09709 0.00524 0.23734
-0.15199 0.00944 0.20246
-0.05880 0.00717 0.24575
-0.06735 0.00797 0.24197
-0.18687 0.01603 0.16122
-0.07705 0.00846 0.23644
-0.21866 0.00530 0.11525
-0.07912 -0.00322 0.23334
-0.18470 0.00434 0.16113
-0.21821 0.00376 0.10811
-0.21451 0.00184 0.11068
-0.17455 -0.00389 0.16765
-0.18544 -0.00234 0.14799
-0.19599 -0.00337 0.13065
-0.19293 0.00681 0.13940
0.22117 -0.01395 0.07960
-0.19674 0.00923 0.12916
-0.20118 0.01486 0.11655
-0.02049 -0.00468 0.23025
-0.17825 0.02011 0.14438
-0.06191 0.00772 0.22012
0.01178 0.01948 0.22656
0.21321 -0.02137 0.08641
-0.18879 0.01909 0.12507
-0.20336 0.02250 0.09508
0.01189 0.02525 0.22276
-0.19093 0.01808 0.11758
0.02602 0.01557 0.22194
-0.15285 0.02500 0.16183
-0.07005 0.00448 0.21663
0.02983 0.02939 0.23200
-0.22673 0.02324 0.09598
-0.09252 -0.00353 0.24212
0.23350 -0.03156 0.13331
-0.04936 0.01291 0.27709
0.04333 0.00365 0.28983
0.03515 0.01652 0.29924
-0.00183 0.02105 0.30852
0.01257 0.01360 0.31650
0.02026 0.01170 0.32390
0.25621 -0.01884 0.21406
0.03164 0.01192 0.33917
0.04186 0.00530 0.34694
0.01412 0.00734 0.35590
-0.03937 -0.01060 0.36328
0.01663 0.00161 0.37609
-0.00955 0.02087 0.38691
0.29677 -0.01451 0.26994
-0.32747 0.02620 0.24748
-0.05633 0.00801 0.40118
0.01395 -0.00210 0.40060
-0.20803 -0.01867 0.33133
-0.32924 0.00347 0.20473
-0.33783 0.00602 0.17806
0.26077 -0.02111 0.27406
-0.22962 0.00300 0.29719
-0.22537 0.00242 0.29798
-0.03767 0.02434 0.37102
-0.09099 0.02703 0.35788
-0.08949 0.02910 0.34994
-0.03758 0.00958 0.35394
0.00253 0.01570 0.35295
-0.27132 0.03507 0.22194
0.03277 -0.00220 0.34828
0.03709 0.01414 0.34576
-0.25644 0.01180 0.22872
0.04363 0.00093 0.33586
0.03955 0.00681 0.33171
0.03699 0.01466 0.30756
0.04762 0.00886 0.27140
0.02675 0.00288 0.23323
0.01787 -0.00426 0.19779
0.01463 0.00005 0.16079
0.02157 -0.00395 0.12452
0.00922 0.00071 0.09276
0.00266 0.00058 0.05720
0.00566 -0.00244 0.02525
-0.00000 0.00010 -0.00111
-0.00621 -0.01134 -0.01285
-0.00321 0.00070 -0.00918
-0.00068 -0.00396 -0.00107
0.00095 0.00436 -0.00195
0.00182 0.00415 0.00103
0.00035 0.00005 0.00149
