0.12947 10.79430 6.18769
0.06358 5.36254 3.07288
0.15427 12.94316 7.42107
0.83963 70.43396 41.24017
0.07852 6.56836 3.76407
0.07134 5.99029 3.43270
0.23981 20.10029 11.53610
0.07201 6.04263 3.46270
0.49558 41.57817 23.99756
0.42247 35.44501 20.41634
0.39871 33.43427 19.24679
0.02486 2.08530 1.19481
0.24712 20.70507 11.88442
0.15453 12.97124 7.43719
0.10487 8.78385 5.03439
0.69133 57.80634 33.59999
0.28719 24.05300 13.81480
0.71271 59.64862 34.70422
0.09249 7.74174 4.43680
0.33392 27.95347 16.06877
1.23822 103.67067 62.44373
1.00992 84.39117 49.91626
0.51835 43.23093 24.96655
0.52561 43.95370 25.39087
0.25720 21.58351 12.39057
0.70660 58.87615 34.24081
0.75221 62.44774 36.38839
0.66073 55.57712 32.26810
0.03288 2.75101 1.57626
0.23122 19.29443 11.07211
0.79020 65.99451 38.53422
1.02171 85.27184 50.47346
0.87658 73.09865 42.87588
1.13883 95.09227 56.77878
0.37712 31.50772 18.12811
0.14748 12.31300 7.05930
0.34384 28.64482 16.46891
0.80177 66.78559 39.01472
0.19194 15.98255 9.16710
0.13092 10.85871 6.22465
0.13526 11.24076 6.44387
0.59545 49.65892 28.75323
0.22987 19.13561 10.98070
0.28053 23.34949 13.40885
0.34212 28.37847 16.31472
0.30815 25.58979 14.70217
0.40348 33.47368 19.26970
0.62211 51.50680 29.84758
0.25690 21.31621 12.23653
0.04192 3.47488 1.99106
0.07554 6.27494 3.59587
0.02781 2.30995 1.32354
0.02472 2.05641 1.17826
0.04485 3.73611 2.14076
0.08890 7.38907 4.23459
0.34492 28.80077 16.55920
0.18865 15.80196 9.06330
0.33074 27.68410 15.91291
0.10801 9.06628 5.19638
0.59428 49.92841 28.91266
0.16870 14.21668 8.15243
0.08564 7.22313 4.13945
0.02741 2.32653 1.33304
0.11318 9.62899 5.51914
0.03807 3.23756 1.85507
1.29621 109.98358 66.72276
0.25101 21.38059 12.27363
0.27803 23.84052 13.69217
0.14904 12.79523 7.33614
0.07696 6.63957 3.80489
0.06444 5.55631 3.18394
0.79081 68.17719 39.86172
0.97457 84.41076 49.92864
0.25036 21.70800 12.46232
0.26978 23.45376 13.46901
0.13661 11.86983 6.80491
1.22407 106.06056 64.05183
0.27557 23.84193 13.69298
0.47931 41.42575 23.90829
0.35034 30.28374 17.41830
0.28887 25.02742 14.37735
0.09406 8.11194 4.64907
0.78830 67.91555 39.70230
0.15102 12.91582 7.40537
0.38741 32.93474 18.95656
0.99522 84.17068 49.77696
0.34804 29.34762 16.87588
0.15535 13.02258 7.46667
0.35603 29.68350 17.07046
0.39480 32.88191 18.92587
0.36860 30.57001 17.58426
0.20195 16.72093 9.59158
0.36542 30.10375 17.31398
0.81251 66.79657 39.02140
0.92917 76.35035 44.88446
0.56366 46.22829 26.72856
0.77268 63.29760 36.90134
1.02195 83.52383 49.36873
1.20424 98.22715 58.83052
0.95506 77.73210 45.74235
1.08451 88.03297 52.22880
1.02637 83.42305 49.30519
1.23637 99.58909 59.72833
1.43307 115.48870 70.54186
0.76882 61.92093 36.07081
0.21542 17.28284 9.91470
0.35074 28.05163 16.12557
0.37662 30.13099 17.32977
0.17096 13.67199 7.83958
0.01671 1.33072 0.76245
1.40518 111.68822 67.89612
0.02135 1.69122 0.96901
0.14956 11.83679 6.78595
0.73733 58.35679 33.92958
0.24815 19.58466 11.23919
0.15083 11.89962 6.82201
0.11667 9.15695 5.24838
0.00531 0.41605 0.23838
0.03477 2.72838 1.56329
0.09789 7.68971 4.40697
0.04894 3.84928 2.20561
0.32830 25.84591 14.85015
0.69943 55.18401 32.03370
0.48131 38.01005 21.91143
0.55473 43.82127 25.31310
0.63033 49.85569 28.86964
0.77276 60.89166 35.45116
0.42217 33.40046 19.22715
0.82983 65.57549 38.27999
1.41997 112.33453 68.34311
0.14284 11.32420 6.49176
0.68399 54.07634 31.37396
0.28920 22.91603 13.15882
0.55970 44.38890 25.64654
0.80565 63.81070 37.21139
0.82666 65.36580 38.15284
0.97109 76.93607 45.24779
0.41821 33.11261 19.05989
0.78048 61.80797 36.00275
0.52789 41.71149 24.07566
0.06880 5.44358 3.11933
1.31581 103.87841 62.58296
0.57802 45.71904 26.42876
0.02388 1.88796 1.08174
0.53862 42.70047 24.65536
0.05381 4.24353 2.43154
0.10347 8.19004 4.69386
0.36705 29.11209 16.73947
0.02691 2.13236 1.22177
0.32252 25.55338 14.68114
0.02906 2.29699 1.31611
0.27506 21.87633 12.55935
0.23303 18.63756 10.69405
0.08202 6.56219 3.76053
0.24875 19.94450 11.44638
0.38018 30.47621 17.52988
0.65842 52.84651 30.64271
0.13113 10.57852 6.06388
0.48174 39.02615 22.50472
0.04060 3.29680 1.88901
0.04557 3.71328 2.12768
0.06395 5.23669 3.00075
0.06020 4.94371 2.83282
0.08381 6.90751 3.95850
0.02519 2.08468 1.19446
0.21068 17.52886 10.05620
0.21325 17.84262 10.23668
1.26652 106.59093 64.41061
0.77067 65.35787 38.14804
0.97467 83.25183 49.19727
0.14853 12.83448 7.35867
0.08043 7.03561 4.03194
0.02324 2.05647 1.17829
0.06594 5.92825 3.39714
0.05973 5.44299 3.11899
0.15707 14.48267 8.30523
0.06912 6.45557 3.69941
0.06810 6.42703 3.68305
0.04589 4.39535 2.51855
0.11736 11.31147 6.48446
0.11125 10.87771 6.23554
0.29717 29.59301 17.01803
0.05031 5.11240 2.92951
0.67249 69.56543 40.70894
0.22742 24.14143 13.86583
0.09816 10.65929 6.11022
0.15056 16.78227 9.62685
0.10648 12.17182 6.97825
0.33616 39.36249 22.70124
0.02382 2.86790 1.64324
0.03081 3.78539 2.16900
0.04607 5.79749 3.32218
0.05450 7.00448 4.01409
0.04411 5.81506 3.33225
0.04941 6.65874 3.81588
0.02988 4.08557 2.34102
0.03551 4.87580 2.79390
0.57088 78.90126 46.47038
0.12822 17.74700 10.18167
0.71252 99.19596 59.46876
0.03114 4.35812 2.49722
0.25023 35.18215 20.26332
0.37007 52.34706 30.34611
0.04989 7.09052 4.06342
0.47902 68.41526 40.00685
0.19444 27.91438 16.04615
0.38001 54.86416 31.84308
0.42066 61.12430 35.59112
0.08045 11.69709 6.70577
0.08961 13.00867 7.45868
0.29409 42.39851 24.47829
0.01335 1.91755 1.09869
0.05099 7.25775 4.15930
0.08122 11.54899 6.62077
0.01511 2.14513 1.22909
0.03869 5.46288 3.13039
0.10023 14.01857 8.03864
0.15089 20.89818 11.99567
0.37036 50.87059 29.47049
0.63926 87.10853 51.63966
0.33290 44.85369 25.91973
0.16410 21.99167 12.62583
0.11004 14.61299 8.38009
0.54939 72.18749 42.31556
0.49217 63.55515 37.05693
0.08862 11.30202 6.47903
0.52430 66.59558 38.89924
0.30500 38.36901 22.12096
0.14614 18.38244 10.54725
0.00379 0.46973 0.26914
0.82773 101.18690 60.78681
0.21457 25.89211 14.87684
0.05789 6.92765 3.97004
0.04009 4.78826 2.74373
0.09586 11.41680 6.54490
0.17855 21.38392 12.27555
0.42276 50.46134 29.22811
0.09226 10.98589 6.29762
0.16075 19.05813 10.93610
0.08071 9.57554 5.48848
0.84350 100.34054 60.22543
0.95898 113.57691 69.20568
0.28001 33.15068 19.08201
0.06963 8.21474 4.70802
0.07278 8.56870 4.91100
0.05319 6.26693 3.59128
0.19520 22.85807 13.12539
0.06780 7.93784 4.54924
0.05257 6.13738 3.51701
0.91131 106.50550 64.35277
0.11820 13.84947 7.94152
0.14140 16.50151 9.46543
0.30032 35.18223 20.26337
0.15194 17.83293 10.23110
0.64923 76.34570 44.88158
0.11882 13.99741 8.02649
0.08189 9.68037 5.54861
0.13696 16.31635 9.35898
0.16281 19.52516 11.20494
0.82232 100.11348 60.07509
0.03656 4.49311 2.57458
0.23475 29.31504 16.85701
0.08745 11.14766 6.39045
0.07720 10.05818 5.76535
0.02437 3.24906 1.86166
0.13646 18.67031 10.71290
0.04081 5.76200 3.30184
0.75207 109.08974 66.11066
0.09239 13.83326 7.93221
0.61890 95.04147 56.74570
0.34343 53.76494 31.18869
0.02590 4.11270 2.35657
0.59284 96.68519 57.81879
0.01213 2.00237 1.14729
0.20394 35.07118 20.19874
0.69914 120.47305 74.07897
0.15154 26.63243 15.30472
0.49365 90.55670 53.84482
0.47269 86.12292 51.01314
0.35991 66.89581 39.08172
0.57930 114.18894 69.63226
0.02263 4.37189 2.50511
0.28869 59.75986 34.77100
0.07782 15.47549 8.87568
0.58847 117.91214 72.25168
0.37384 80.81994 47.66944
0.53867 110.23754 66.89707
0.57140 117.98293 72.30190
0.31847 70.86147 41.50200
0.32634 68.43512 40.01896
0.23652 53.75305 31.18161
0.37260 79.06196 46.57060
0.56818 122.66856 75.66321
0.35968 84.08913 49.72545
0.48631 108.21730 65.51526
0.42471 96.16676 57.47974
0.37932 91.83556 54.66813
0.20119 47.40748 27.42350
0.36929 89.86302 53.39950
0.50371 120.17448 73.86481
0.51572 121.98560 75.16859
0.57402 133.95298 84.09784
0.24438 55.50463 32.22487
0.50316 112.41949 68.40195
0.63264 134.73856 84.70544
0.49494 105.58473 63.73054
0.37382 75.30533 44.23740
0.44227 90.39105 53.73840
0.50256 100.67563 60.44750
0.26115 48.57084 28.11012
0.41683 79.02690 46.54872
0.47937 83.79169 49.53770
0.38014 67.11999 39.21805
0.54509 92.05554 54.81006
0.49415 77.95073 45.87834
0.49267 77.47828 45.58456
0.64073 93.62038 55.82232
0.32788 48.07616 27.81803
0.64337 88.53958 52.55229
0.39188 53.95480 31.30164
0.70251 93.50059 55.74466
0.48196 60.53557 35.23702
0.25318 31.52146 18.13608
0.25849 30.53242 17.56246
0.32799 38.65140 22.28584
0.23381 26.15814 15.03057
0.17883 19.93734 11.44226
1.05572 114.53401 69.87326
0.80198 83.05573 49.07373
0.70243 72.55807 42.54332
0.29505 29.41861 16.91700
0.14547 14.36411 8.23712
1.20613 115.65415 70.65801
1.24052 115.30035 70.40974
0.29324 26.88307 15.44963
0.08797 7.85032 4.49906
0.21208 18.63336 10.69163
0.34735 29.77728 17.12480
0.29409 24.93257 14.32257
0.20548 17.21588 9.87619
0.83166 68.64241 40.14538
0.14668 11.93541 6.84255
0.17485 13.98844 8.02133
0.06931 5.48866 3.14517
0.50705 39.54795 22.80963
0.77327 59.62512 34.69011
1.04497 79.76783 47.01125
0.09659 7.28989 4.17772
1.55068 116.25249 71.07877
0.41530 31.11622 17.90100
1.20244 90.15768 53.58856
0.13468 10.12951 5.80627
0.07211 5.37164 3.07810
0.93363 69.65186 40.76177
0.86905 64.72903 37.76702
0.17080 12.67569 7.26751
0.04006 2.96719 1.70014
0.41173 30.44860 17.51387
0.01398 1.03515 0.59310
0.04781 3.52202 2.01807
0.01409 1.04171 0.59686
0.27657 20.35388 11.68214
0.19698 14.39707 8.25606
0.14966 10.93392 6.26780
0.02812 2.04606 1.17233
0.07791 5.67134 3.24987
1.57266 113.60588 69.22585
0.06953 5.03448 2.88485
1.02051 73.68791 43.23883
0.05986 4.30748 2.46820
1.16310 83.48048 49.34140
1.51341 108.18184 65.49111
0.05276 3.76505 2.15734
0.02327 1.66032 0.95131
0.11870 8.45334 4.84485
0.04287 3.05107 1.74820
1.30890 92.64760 55.19249
0.30740 21.69001 12.45195
0.25895 18.22712 10.45788
1.66078 116.64644 71.35640
1.05026 73.70822 43.25134
0.06267 4.38114 2.51041
0.03782 2.64682 1.51656
0.03291 2.28964 1.31190
0.15510 10.77214 6.17497
0.19851 13.76376 7.89229
0.34451 23.90138 13.72729
1.52032 105.02568 63.35378
0.09771 6.72886 3.85608
1.14159 78.49388 46.21648
0.66499 45.50853 26.30488
0.82201 56.14457 32.60671
1.30546 89.18151 52.96284
1.56309 106.76548 64.52885
0.07336 5.02485 2.87933
0.04566 3.10732 1.78044
1.57054 107.21232 64.83187
0.22758 15.57077 8.93043
1.22029 83.55822 49.39042
1.41305 97.03947 58.05080
0.05790 3.97496 2.27763
0.15399 10.59702 6.07449
0.29585 20.41672 11.71833
0.33916 23.40949 13.44347
0.04648 3.22216 1.84624
0.06509 4.50642 2.58221
0.20009 13.89278 7.96639
0.23081 16.05622 9.20945
1.59070 111.15165 67.52591
0.20399 14.30450 8.20288
0.44390 31.15040 17.92083
0.83752 59.23571 34.45644
1.43184 101.68484 61.11785
0.34480 24.76086 14.22342
1.59752 115.61897 70.63331
1.27128 93.14581 55.51483
0.33266 24.72652 14.20360
0.83045 62.85926 36.63668
0.79769 61.11376 35.58478
0.42123 32.82236 18.89128
0.93827 74.44391 43.70514
0.14049 11.39826 6.53427
0.15968 13.19197 7.56393
0.03587 3.02881 1.73544
0.02285 1.96869 1.12799
0.04913 4.33443 2.48364
0.10623 9.57070 5.48570
0.22244 20.56307 11.80263
0.06355 6.04098 3.46176
0.26777 26.00645 14.94291
0.73093 73.00426 42.81779
0.01428 1.46227 0.83783
0.03934 4.14369 2.37433
0.11387 12.34110 7.07542
0.03667 4.07149 2.33296
0.60825 69.24151 40.51106
0.04804 5.56966 3.19159
0.05282 6.24771 3.58026
0.90674 108.99884 66.04854
0.75153 91.76709 54.62397
0.06807 8.49198 4.86701
0.00890 1.13685 0.65137
0.03439 4.47882 2.56639
0.85549 112.63229 68.54943
0.20257 26.97754 15.50425
0.19721 26.54303 15.25304
0.11243 15.31427 8.78303
0.04638 6.42695 3.68300
0.03991 5.58617 3.20105
0.18470 26.06592 14.97728
0.72045 102.25929 61.50045
0.11832 16.87731 9.68150
0.13955 19.95462 11.45221
0.17001 24.37994 14.00351
0.43511 62.51005 36.42598
0.03535 5.08278 2.91253
0.10474 15.21291 8.72478
0.39420 57.94271 33.68162
0.18555 27.18370 15.62347
0.38839 56.69048 32.93272
0.78276 112.22843 68.26964
0.57864 81.66710 48.20063
0.11884 16.43990 9.43001
0.77341 105.61349 63.74994
0.30861 41.62545 24.02525
0.46493 61.83333 36.01803
0.44137 57.81540 33.60541
0.86146 110.04694 66.76623
0.47143 58.78934 34.18878
0.11187 13.66056 7.83302
0.20746 24.83101 14.26393
0.18883 22.25085 12.77525
0.20221 23.32231 13.39317
0.52872 59.91861 34.86633
0.08907 9.89809 5.67351
0.43264 46.98432 27.17400
0.38928 41.53025 23.96949
0.41901 43.75366 25.27340
0.38085 39.20926 22.61171
0.04802 4.86791 2.78938
0.03044 3.03464 1.73879
0.40383 39.50739 22.78592
0.54920 52.71719 30.56590
0.05935 5.60987 3.21464
0.23031 21.47779 12.32964
0.51451 47.18098 27.28994
0.22319 20.18462 11.58466
1.01601 89.68894 53.28788
0.08830 7.65621 4.38775
0.51161 43.83645 25.32202
0.89325 76.02665 44.68387
0.42432 35.51369 20.45632
0.76665 63.22917 36.86000
0.33320 27.17043 15.61580
0.85481 68.84854 40.27115
0.28738 22.84482 13.11775
0.34180 26.75482 15.37547
0.08985 6.98432 4.00254
0.12719 9.74682 5.58673
0.29272 22.22018 12.75756
0.04548 3.44007 1.97111
0.01816 1.34974 0.77335
1.48467 108.10477 65.43861
0.14462 10.42737 5.97715
0.22777 16.31063 9.35569
0.08604 6.12659 3.51082
0.08039 5.63072 3.22659
0.92442 64.04298 37.35185
0.05587 3.83502 2.19744
0.24378 16.57283 9.50643
0.94733 64.27474 37.49204
1.25578 85.06148 50.34025
0.40355 27.36283 15.72707
1.20166 81.56903 48.13908
0.13062 8.89530 5.09832
0.37240 25.33564 14.55536
0.49018 33.38744 19.21958
0.47250 32.13909 18.49453
0.23417 15.98200 9.16678
0.13155 8.98796 5.15145
1.45084 98.61600 59.08644
0.37779 25.69341 14.76204
0.03820 2.60198 1.49086
0.19384 13.24863 7.59647
0.23427 16.11210 9.24157
1.23673 84.78664 50.16631
0.13509 9.27326 5.31509
1.47637 101.51395 61.00417
0.25829 17.74009 10.17770
0.13951 9.61569 5.51151
0.02913 2.01211 1.15287
0.20776 14.44074 8.28114
0.82153 57.07782 33.16422
0.30585 21.24589 12.19601
1.10952 77.23562 45.43380
0.25001 17.39312 9.97813
0.02674 1.87194 1.07256
0.20043 14.04235 8.05230
0.14116 9.89848 5.67373
0.90825 63.95304 37.29745
0.59872 42.24470 24.38812
1.19565 83.99165 49.66390
0.14216 10.02895 5.74858
1.40809 99.81545 59.87794
1.56073 110.87471 67.33515
0.76250 54.29064 31.50152
0.85612 61.23236 35.65615
1.00190 71.96704 42.18015
0.30339 21.91391 12.58101
0.49455 35.71942 20.57611
1.05298 76.27679 44.83887
0.51797 37.64828 21.70034
1.17752 85.88202 50.86026
0.45410 33.20396 19.11296
1.17101 85.23640 50.45101
0.07495 5.47482 3.13723
0.10890 7.97233 4.56902
0.05244 3.84214 2.20152
1.52935 112.50451 68.46086
0.38636 28.32661 16.28471
0.96741 71.03737 41.60979
1.44693 106.13258 64.10051
1.17400 85.83823 50.83248
1.16062 84.56229 50.02443
0.52236 38.02533 21.92035
1.54815 112.39271 68.38340
0.03419 2.47915 1.42049
0.55644 40.19115 23.18571
0.21563 15.51310 8.89729
1.04283 74.94434 44.01423
0.75214 53.77940 31.19729
0.75641 54.21688 31.45761
0.15258 10.91483 6.25684
0.58693 41.80506 24.13048
0.17993 12.77565 7.32490
0.04871 3.46568 1.98579
0.79508 56.41202 32.76639
0.68860 48.80627 28.24920
0.15797 11.12499 6.37744
0.91663 64.52066 37.64087
0.96820 68.14077 39.83952
0.41815 29.38445 16.89722
0.13944 9.81713 5.62706
0.20938 14.66574 8.41040
0.10846 7.56997 4.33831
0.06671 4.67987 2.68161
0.09974 7.00743 4.01578
0.11020 7.73792 4.43461
0.02541 1.78380 1.02205
0.19297 13.57632 7.78465
0.24963 17.61869 10.10787
0.25913 18.28439 10.49083
0.03599 2.54324 1.45721
0.33563 23.81874 13.67960
0.74865 53.38512 30.96281
0.14864 10.57217 6.06023
0.16723 11.87852 6.80990
0.04921 3.49912 2.00495
0.26578 18.94452 10.87071
0.39120 27.89664 16.03588
0.37307 26.56037 15.26306
0.51921 37.20466 21.44160
1.11838 79.77660 47.01673
0.80832 57.61806 33.48732
0.24483 17.49339 10.03580
0.05316 3.79865 2.17660
0.96480 68.96717 40.34355
0.01980 1.41207 0.80906
0.27147 19.39806 11.13177
0.33088 23.63096 13.57125
0.38419 27.52117 15.81866
0.56757 40.76200 23.51969
0.01724 1.23492 0.70756
1.43703 103.47437 62.31225
0.40335 29.11819 16.74300
0.06646 4.79129 2.74547
0.25432 18.41456 10.56573
0.29097 21.08061 12.10078
0.12634 9.22073 5.28496
0.30992 22.67089 13.01744
0.28853 21.20733 12.17379
0.30768 22.55939 12.95315
0.11053 8.10644 4.64592
0.39193 28.93237 16.63540
1.39427 103.33047 62.21593
0.17371 12.93487 7.41631
1.00008 74.41615 43.68800
0.12898 9.64087 5.52595
0.21221 15.91614 9.12893
0.15210 11.38652 6.52753
0.73823 55.76358 32.37933
1.44340 109.00355 66.05176
0.21348 16.15599 9.26680
0.68108 51.67559 29.94768
1.02289 77.88256 45.83593
0.45587 34.86989 20.08160
0.35031 26.81086 15.40788
0.22984 17.64671 10.12399
0.17903 13.77628 7.89949
0.87879 67.91446 39.70164
1.42066 110.37947 66.99455
0.07000 5.42605 3.10928
1.43832 112.09813 68.17947
0.11191 8.72050 4.99806
1.00652 78.85194 46.43962
0.25164 19.78585 11.35503
0.82133 64.63466 37.70988
0.94409 74.71822 43.87452
0.01372 1.09043 0.62478
0.45245 36.05837 20.77352
0.12844 10.27720 5.89100
0.17514 14.11471 8.09386
0.70969 57.65617 33.51012
1.34461 110.00815 66.73962
0.83333 68.61647 40.12956
0.11855 9.83232 5.63577
0.58239 48.60583 28.13079
0.93463 78.85151 46.43935
0.31347 26.67888 15.33157
0.21761 18.69901 10.72942
0.28556 24.76007 14.22297
0.95228 83.71160 49.48716
0.16141 14.43874 8.27999
0.97645 89.03196 52.86713
1.01658 94.09773 56.13204
0.47019 44.35333 25.62564
0.26868 26.01189 14.94606
0.48338 47.90700 27.71819
0.71122 72.51814 42.51877
0.06972 7.30050 4.18381
0.07867 8.50212 4.87282
0.67779 75.63177 44.43937
0.12419 14.29031 8.19473
0.68397 82.00990 48.41589
0.23697 29.31360 16.85618
0.04927 6.30439 3.61275
0.24563 32.49224 18.69956
0.83911 115.20413 70.34228
0.59871 84.66605 50.09004
0.44152 65.19203 38.04751
0.72017 111.97903 68.09710
0.55569 88.63040 52.61033
0.55460 91.08379 54.18379
0.55964 97.92370 58.63102
0.22403 39.12444 22.56215
0.52789 98.73745 59.16644
0.45930 83.58373 49.40651
0.03494 6.42087 3.67952
0.36324 70.69236 41.39840
0.56789 106.44440 64.31142
0.60830 115.62990 70.64099
0.41560 83.43151 49.31052
0.62576 121.82343 75.05139
0.46397 94.46860 56.37299
0.55965 111.83498 67.99751
0.41189 83.31959 49.23997
0.44333 92.51904 55.10939
0.35363 73.09900 42.87610
0.48137 100.60234 60.39891
0.44572 93.45346 55.71412
0.62822 130.92954 81.78588
0.28181 57.56788 33.45730
0.60083 121.93453 75.13168
0.56112 112.68495 68.58595
0.62443 121.83999 75.06336
0.34961 69.07464 40.40916
0.29043 55.61300 32.28950
0.46453 90.20380 53.61816
0.68940 130.56716 81.51151
0.45742 81.34778 48.00029
0.12052 21.84395 12.54068
0.33875 57.74350 33.56238
0.01163 2.03388 1.16535
0.39883 68.23381 39.89623
0.30663 49.33950 28.56434
0.32172 52.24877 30.28776
0.60170 91.46223 54.42747
0.60668 94.03528 56.09149
0.59882 91.00010 54.12993
0.61921 88.25488 52.37044
0.41431 59.59370 34.67125
0.57514 78.72709 46.36180
0.31797 43.08257 24.87950
0.07646 9.89297 5.67057
0.72117 91.49999 54.45180
0.68531 84.52358 49.99995
0.04495 5.37724 3.08131
0.17321 20.28702 11.64363
0.93752 106.97248 64.66916
0.07403 8.27473 4.74243
0.70012 76.38150 44.90378
0.73901 78.96057 46.50736
0.97655 101.85431 61.23064
0.78539 80.38363 47.39629
0.68009 68.18325 39.86541
0.47491 46.85037 27.09505
0.66387 64.38516 37.55886
0.67051 63.75621 37.17845
0.27502 25.69782 14.76458
0.42161 38.78274 22.36254
0.32039 29.00292 16.67625
0.27769 24.76217 14.22418
0.14268 12.52078 7.17857
0.14804 12.80936 7.34425
0.29632 25.37121 14.57591
0.42829 36.04148 20.76368
1.32920 110.44197 67.03750
0.26865 22.02295 12.64386
0.09659 7.84498 4.49600
0.74665 60.06862 34.95642
0.16623 13.18672 7.56092
0.38946 30.40480 17.48848
0.11107 8.58360 4.91955
0.06856 5.23638 3.00057
0.34431 26.09228 14.99251
0.43149 32.33275 18.60696
0.72501 53.50614 31.03476
0.10051 7.34530 4.20949
0.04253 3.08124 1.76549
0.04630 3.32380 1.90449
0.21220 15.05161 8.63210
0.89716 63.01114 36.72835
0.27932 19.44441 11.15845
0.09994 6.87294 3.93868
0.03446 2.34103 1.34134
0.13755 9.29935 5.33006
1.00189 66.63308 38.92203
1.17581 77.83140 45.80411
0.36062 23.82293 13.68202
0.40098 26.53486 15.24832
0.99814 66.12517 38.61353
0.75802 50.31961 29.14419
0.19679 13.09225 7.50668
1.13795 75.53243 44.37789
0.86613 57.74553 33.56360
1.03953 68.70368 40.18276
0.08426 5.59881 3.20830
0.09259 6.15559 3.52745
0.10967 7.29521 4.18078
1.64114 109.19291 66.18121
0.68226 45.32453 26.19663
0.43125 28.70283 16.50250
0.88557 59.20581 34.43851
0.81012 54.25485 31.48021
0.91566 61.55248 35.84887
1.09646 73.40899 43.06698
0.85875 57.57669 33.46257
0.19329 13.03931 7.47628
0.96039 64.70968 37.75531
0.16748 11.31718 6.48773
0.22939 15.49613 8.88753
0.46376 31.54672 18.15074
0.06988 4.74566 2.71932
0.67469 45.70412 26.41998
0.58105 39.59840 22.83912
0.38950 26.62389 15.29978
0.07497 5.12852 2.93875
0.15832 10.85408 6.22198
0.35334 24.26584 13.93764
0.14415 9.91530 5.68338
0.29280 20.16818 11.57519
0.96273 66.39936 38.78003
1.39312 96.53565 57.72094
0.91344 63.13458 36.80288
0.54330 37.65405 21.70371
0.67874 47.14228 27.26712
0.96032 66.92245 39.09792
0.06424 4.47712 2.56542
0.23012 16.05636 9.20953
0.71069 49.64447 28.74469
1.06101 74.30166 43.61734
0.15906 11.18374 6.41115
0.25820 18.18122 10.43148
1.10545 78.03574 45.93124
0.43913 30.88646 17.76775
0.64242 45.61263 26.36614
0.39024 27.78500 15.97129
0.56699 40.38855 23.30117
0.70367 50.19408 29.06988
0.22379 16.00510 9.18007
0.41090 29.40415 16.90863
0.29886 21.44186 12.30894
0.36426 26.31053 15.11865
0.27539 19.89930 11.42036
0.01538 1.11505 0.63888
0.54506 39.58860 22.83339
0.03414 2.48665 1.42478
0.39414 28.77105 16.54199
0.39595 28.87361 16.60137
0.27305 19.98224 11.46811
0.28456 20.84504 11.96506
0.03268 2.39396 1.37167
0.04779 3.50687 2.00939
0.21657 15.85247 9.09233
0.03909 2.87283 1.64607
0.77832 57.22343 33.25128
0.10019 7.36943 4.22333
0.13746 10.13310 5.80833
0.05851 4.29927 2.46349
0.14359 10.58963 6.07025
0.09642 7.10788 4.07337
0.73479 54.19910 31.44703
0.77522 57.31367 33.30524
0.63318 46.74109 27.03065
0.12248 9.04940 5.18670
0.24334 18.01108 10.33359
0.57024 42.14403 24.32912
0.52863 39.15699 22.58116
0.08032 5.94669 3.40771
0.05335 3.95945 2.26874
0.29969 22.25112 12.77540
0.60776 45.11641 26.07421
1.54226 115.01109 70.20703
0.71084 52.97447 30.71874
0.85840 64.12416 37.40095
0.45853 34.44338 19.83348
0.64608 48.66980 28.16857
0.53491 40.15704 23.16576
0.32911 24.84845 14.27400
0.01485 1.12415 0.64409
0.89793 68.18602 39.86710
0.45815 34.91848 20.10988
0.50643 38.60094 22.25637
1.02026 78.02286 45.92322
0.63806 48.82681 28.26133
0.05008 3.85609 2.20951
1.44260 111.13583 67.51501
0.95784 73.82176 43.32133
0.09666 7.45118 4.27020
0.07542 5.84078 3.34699
0.03347 2.59738 1.48823
0.28742 22.48217 12.90862
0.35406 27.59382 15.86069
0.15355 12.02220 6.89237
0.31476 24.70379 14.19047
0.37965 29.91669 17.20557
0.27921 21.94098 12.59661
0.04114 3.23947 1.85616
0.06765 5.35330 3.06758
0.21498 17.04711 9.77914
0.02544 2.02711 1.16147
0.12288 9.76296 5.59599
0.02762 2.20646 1.26423
0.02348 1.87466 1.07412
0.78147 62.81017 36.60705
0.19885 16.05630 9.20949
0.03165 2.54779 1.45981
0.40401 32.67485 18.80561
0.96811 78.56680 46.26191
0.25126 20.46873 11.74829
0.05776 4.75635 2.72545
0.11656 9.69003 5.55415
0.07298 6.18729 3.54562
0.02514 2.15901 1.23705
0.41596 36.14710 20.82521
0.20648 18.39119 10.55228
0.04211 3.80123 2.17808
0.22137 20.13683 11.55714
0.15466 14.12095 8.09744
0.03885 3.54550 2.03153
1.08677 98.97730 59.32453
0.06657 6.07374 3.48053
0.15674 14.43733 8.27918
0.09610 8.87460 5.08644
0.29065 26.93117 15.47744
0.31236 28.97735 16.66144
0.18011 16.76569 9.61732
0.67632 63.25333 36.87459
0.39026 36.68720 21.13993
0.55679 52.38989 30.37154
0.43566 41.33033 23.85240
0.58695 55.70127 32.34216
0.04024 3.80932 2.18271
0.39245 36.93676 21.28539
0.35018 32.82303 18.89167
0.83017 77.25437 45.44544
0.72278 67.04646 39.17333
0.62565 57.82092 33.60871
0.71568 65.65627 38.32898
0.89525 81.71783 48.23248
0.52835 48.05931 27.80809
0.47127 42.61351 24.60436
0.79109 71.14769 41.67742
0.38133 33.99089 19.57034
0.30291 26.87122 15.44278
1.20291 105.90709 63.94815
1.28331 112.77750 68.65015
1.03381 90.25687 53.65223
1.00241 86.96189 51.54634
1.34964 116.05055 70.93664
1.24812 106.97468 64.67065
1.32111 112.23290 68.27274
0.44343 37.48101 21.60277
0.37300 31.30480 18.01039
0.77041 64.00497 37.32886
0.71267 58.92335 34.26912
0.76677 62.87198 36.64435
0.33999 27.67858 15.90972
0.76611 61.99779 36.11713
0.42495 34.09592 19.63141
0.22715 18.06171 10.36272
0.41986 33.00442 18.99704
0.25042 19.55112 11.21989
0.19835 15.32611 8.78983
0.17739 13.62777 7.81419
0.10832 8.27303 4.74145
0.34287 25.85252 14.85397
0.15881 11.88872 6.81575
0.03791 2.82398 1.61807
0.01045 0.76842 0.44028
0.36734 26.88473 15.45059
0.74915 54.54294 31.65174
0.44216 31.95932 18.39018
0.90942 65.51231 38.24168
0.61326 43.66038 25.21863
0.67304 47.62260 27.55039
0.10620 7.46200 4.27641
0.07532 5.27248 3.02126
0.05746 4.00042 2.29222
0.08856 6.13597 3.51620
0.30833 21.39007 12.27909
0.69503 48.15237 27.86302
0.35601 24.71100 14.19463
0.73951 51.33801 29.74750
1.44721 100.62367 60.41305
0.04684 3.25982 1.86782
0.66489 46.27103 26.75374
0.39176 27.31175 15.69753
1.16962 81.15678 47.88052
0.36961 25.77403 14.80861
0.36036 25.15323 14.45000
0.29986 20.99610 12.05209
0.81456 57.24586 33.26469
0.12305 8.63599 4.94959
0.12463 8.78219 5.03344
0.48638 34.38420 19.79906
0.07668 5.42264 3.10732
0.34908 24.71810 14.19873
0.07200 5.10241 2.92378
0.14026 10.00930 5.73730
0.25187 18.06251 10.36317
0.01961 1.40759 0.80650
0.16000 11.47767 6.57984
0.05666 4.06713 2.33045
0.09266 6.68223 3.82935
0.11186 8.10256 4.64369
0.25437 18.48677 10.60728
0.02944 2.14085 1.22664
0.34018 24.78591 14.23789
0.34014 24.87765 14.29086
0.16867 12.35146 7.08137
0.20837 15.35751 8.80788
0.13181 9.69807 5.55877
1.06016 78.34373 46.12296
0.98204 72.92193 42.76712
1.29093 96.07264 57.41825
0.02655 1.98321 1.13632
1.20801 90.10617 53.55550
0.04638 3.47441 1.99079
0.16514 12.45625 7.14153
1.20561 91.55927 54.49000
0.03938 3.02822 1.73511
0.13303 10.38072 5.95039
0.29368 23.31183 13.38713
0.28810 23.31248 13.38750
0.14914 12.33854 7.07396
0.21329 18.10140 10.38555
0.31023 26.81322 15.40924
0.23061 20.47637 11.75269
0.33359 30.46836 17.52532
0.02884 2.71391 1.55500
0.12158 11.72242 6.72030
0.02566 2.56380 1.46899
0.25638 26.38757 15.16318
0.12430 13.23543 7.58889
0.05546 6.14198 3.51965
1.02022 116.84501 71.49652
0.04135 4.91984 2.81915
0.16571 20.50706 11.77036
0.45257 57.52466 33.43144
0.10411 13.44672 7.71022
0.20563 26.55858 15.26203
0.20684 26.77557 15.38747
0.79212 102.77038 61.84149
0.69837 90.80658 54.00545
0.49081 64.36347 37.54573
0.41599 54.44203 31.59165
0.26698 35.24417 20.29942
0.46080 61.05522 35.54955
0.67089 89.25989 53.01301
0.49590 66.29913 38.71916
0.01645 2.20596 1.26395
0.43552 58.62989 34.09321
0.05253 7.12493 4.08315
0.03925 5.32572 3.05177
0.02239 3.01994 1.73036
0.16337 21.89775 12.57169
0.11049 14.66142 8.40792
0.20859 27.56190 15.84223
0.68651 90.23617 53.63894
0.29364 38.31158 22.08743
0.42740 55.67618 32.32719
0.06395 8.27031 4.73989
0.44278 56.60128 32.87943
0.23097 29.23020 16.80788
0.61038 76.54598 45.00576
0.02697 3.39198 1.94355
0.91603 115.15683 70.30913
0.19742 24.64232 14.15498
0.25367 31.43082 18.08350
0.25941 31.65385 18.21290
0.67836 82.45414 48.69511
0.10927 13.19107 7.56342
0.03200 3.84701 2.20431
0.02551 3.04863 1.74681
0.02772 3.28119 1.88007
0.36912 43.24141 24.97271
0.18894 21.77525 12.50108
0.05769 6.58864 3.77570
0.22775 25.73031 14.78335
0.08440 9.44898 5.41588
0.05409 5.99553 3.43570
0.11246 12.35832 7.08531
0.04319 4.69970 2.69298
0.07888 8.52323 4.88493
0.15311 16.41532 9.41588
0.13906 14.86704 8.52605
0.05691 6.06352 3.47467
0.09587 10.23872 5.86892
0.14719 15.72003 9.01621
0.35440 37.87333 21.83165
0.24366 26.08389 14.98766
0.18052 19.32273 11.08841
0.11795 12.64580 7.25035
0.21240 22.75065 13.06344
0.05697 6.14101 3.51910
0.31039 33.56364 19.32198
0.16413 17.80263 10.21367
0.30825 33.53926 19.30781
0.29844 32.59230 18.75767
0.02885 3.16532 1.81367
0.10058 11.18414 6.41138
0.10886 12.32412 7.06568
0.45282 52.59792 30.49506
0.02882 3.41437 1.95639
0.25582 30.79849 17.71673
0.04759 5.75628 3.29856
0.89535 108.51574 65.71871
0.03101 3.76073 2.15487
0.12188 14.85715 8.52037
0.08264 10.13779 5.81102
0.14512 17.86562 10.24991
0.12692 15.70486 9.00750
0.14047 17.36422 9.96151
0.70208 87.35210 51.79474
0.05987 7.48809 4.29136
0.85994 107.80052 65.23153
0.78282 98.31193 58.88629
