0.10903 -0.06794 1.19251
0.01414 0.02975 1.18514
-0.16199 0.00782 1.18080
-0.78100 -0.16502 0.88535
0.06430 -0.00409 1.19363
0.06140 -0.03212 1.18883
-0.21579 -0.14513 1.16435
-0.07924 -0.03776 1.18850
-0.47182 -0.16074 1.08270
-0.40849 -0.12933 1.11224
-0.39024 -0.10462 1.12198
-0.00349 -0.00141 1.19199
-0.25038 -0.02486 1.16670
-0.15200 -0.06096 1.18005
-0.10541 -0.03744 1.18860
-0.64975 -0.15236 0.99242
-0.28251 -0.07670 1.15753
-0.66816 -0.15612 0.97818
0.08847 -0.03457 1.19085
-0.32813 -0.08198 1.14569
-1.05542 -0.10879 0.54845
-0.89707 -0.20649 0.76468
-0.45796 -0.23894 1.08204
-0.50148 -0.13360 1.07734
-0.24008 -0.11623 1.16144
-0.63756 -0.24455 0.98694
-0.70030 -0.16903 0.96536
-0.60997 -0.19875 1.00091
-0.02128 -0.00009 1.19499
-0.21340 -0.11110 1.17396
-0.74669 -0.04555 0.93492
-0.91732 -0.12849 0.76003
-0.81541 -0.06847 0.87660
-0.99969 0.06279 0.65645
-0.37193 -0.07169 1.13540
-0.15014 -0.02997 1.18794
-0.33963 -0.09024 1.14776
-0.75694 -0.04955 0.93049
0.18048 0.03345 1.18682
0.11842 0.02954 1.19943
-0.12694 -0.07545 1.19419
-0.57614 -0.02887 1.05120
-0.22802 -0.06247 1.17778
-0.27990 -0.06489 1.16659
-0.33628 -0.07889 1.15503
-0.29897 -0.10351 1.16187
-0.39311 -0.10680 1.13444
-0.58483 -0.17910 1.04149
-0.25689 0.01433 1.17741
-0.04645 -0.01631 1.20530
-0.06925 -0.06608 1.20010
-0.03073 -0.03009 1.20314
0.01129 -0.00545 1.20213
-0.02463 0.01563 1.20008
-0.08154 0.01485 1.20032
-0.33866 -0.09245 1.14501
-0.19065 -0.05677 1.17717
-0.32773 -0.08674 1.14557
-0.11182 -0.00602 1.18610
-0.56961 -0.13023 1.03698
-0.16951 -0.04929 1.17340
-0.08545 -0.04976 1.18149
0.02263 -0.01323 1.17801
-0.10100 -0.06539 1.16928
0.03997 -0.02743 1.17475
-1.07879 0.06604 0.46993
-0.24206 -0.07082 1.14660
-0.25217 -0.13523 1.13056
-0.14160 -0.05388 1.15492
-0.06555 -0.05648 1.15591
-0.05726 -0.00632 1.15833
-0.72739 -0.16205 0.88887
-0.84406 -0.27279 0.73903
-0.24376 -0.05334 1.12600
-0.25822 -0.07876 1.11812
-0.13269 -0.02671 1.14294
1.03941 0.01613 0.50136
-0.25828 -0.09688 1.12242
-0.44705 -0.14699 1.05700
-0.33258 -0.09777 1.10371
-0.27707 -0.07439 1.11798
-0.08310 -0.05161 1.15534
-0.71660 -0.19439 0.89216
-0.14404 -0.04960 1.15933
-0.36867 -0.11505 1.11107
0.89871 -0.09597 0.76233
-0.34030 -0.07267 1.13372
-0.15367 -0.01153 1.18296
-0.34412 -0.10307 1.14438
-0.38223 -0.10666 1.13318
-0.34703 -0.14780 1.14525
-0.20421 -0.02300 1.19014
-0.36096 -0.07032 1.15683
-0.75773 -0.14801 0.93997
-0.84733 -0.16986 0.85687
-0.53841 -0.14594 1.08419
-0.71626 -0.19542 0.96899
-0.91954 -0.16477 0.79016
-1.04003 -0.16656 0.62739
-0.87484 -0.13967 0.85131
-0.96883 -0.13807 0.74831
-0.93187 -0.08430 0.79888
-1.07260 -0.07610 0.62047
-1.16818 -0.09244 0.40814
-0.70836 -0.20873 0.99812
-0.21063 -0.09105 1.22513
-0.34925 -0.07150 1.19845
-0.36116 -0.12315 1.19027
-0.17201 -0.03494 1.23804
0.00775 -0.00665 1.25566
-1.16199 -0.08039 0.47561
0.01345 -0.04255 1.26185
-0.12828 0.04812 1.25609
-0.68506 -0.17106 1.04777
-0.23179 -0.09330 1.24219
-0.14098 -0.06589 1.25796
-0.11656 -0.02838 1.26840
-0.00564 -0.02713 1.27535
0.03016 -0.02127 1.27395
-0.05321 -0.11126 1.26702
-0.04970 -0.01635 1.27022
-0.29419 -0.17171 1.22368
-0.64363 -0.22073 1.06932
-0.44509 -0.18898 1.17031
-0.49760 -0.24152 1.13865
-0.57062 -0.24445 1.10143
-0.72950 -0.14045 1.02891
-0.40843 -0.12028 1.19010
-0.78033 -0.12959 0.98776
-1.15859 -0.21121 0.45924
-0.14062 -0.06478 1.25180
-0.63722 -0.19468 1.07513
-0.29091 -0.02736 1.22771
-0.53569 -0.14181 1.13261
-0.75682 -0.14162 1.00062
-0.77525 -0.14187 0.98907
-0.88190 -0.18955 0.88289
-0.41436 -0.05249 1.19192
-0.71712 -0.21873 1.01609
-0.51519 -0.08686 1.15270
-0.07033 -0.01478 1.26185
1.12145 -0.07356 0.58432
-0.54691 -0.16670 1.12761
-0.01637 -0.00792 1.26457
-0.52079 -0.11300 1.14328
-0.05079 -0.00676 1.26705
-0.10406 -0.02812 1.25882
-0.36047 -0.04829 1.20721
0.00871 -0.05128 1.26108
-0.31841 -0.01782 1.22117
0.02130 -0.00507 1.26497
-0.27327 -0.05325 1.22612
-0.23203 -0.05918 1.22718
-0.08358 -0.02555 1.24685
-0.23918 -0.08714 1.22094
-0.36704 -0.10385 1.18772
-0.61726 -0.17131 1.06863
-0.12865 -0.02736 1.23257
-0.44174 -0.18947 1.13699
-0.03548 -0.02458 1.23063
0.04796 -0.04298 1.22552
-0.04140 0.01270 1.22044
-0.02552 0.02316 1.21718
-0.07722 -0.00805 1.21077
-0.00747 -0.00779 1.20815
-0.19813 -0.09012 1.18200
-0.20930 -0.04175 1.17595
-1.06791 -0.08095 0.51463
-0.71423 -0.15406 0.92550
-0.88431 -0.04724 0.76578
-0.14457 -0.03550 1.14765
-0.07793 -0.03029 1.14009
0.02205 -0.01751 1.12963
-0.06658 -0.03459 1.10973
-0.06041 -0.03905 1.09502
-0.15556 -0.05991 1.07166
-0.07061 -0.02852 1.06803
0.06564 -0.01725 1.05746
0.04094 -0.04401 1.04230
-0.11699 -0.03474 1.03032
-0.11294 -0.03574 1.01584
-0.29451 -0.06350 0.95792
-0.04094 0.00975 0.98316
-0.63131 -0.05856 0.72975
-0.22483 -0.06885 0.91221
-0.09077 -0.07038 0.91370
-0.14979 -0.05481 0.88285
-0.10822 -0.01454 0.86797
-0.32978 -0.07238 0.78443
-0.02409 -0.01358 0.83023
-0.03091 -0.03795 0.81242
-0.04690 -0.02907 0.79269
-0.05359 -0.01862 0.77596
-0.04185 -0.02852 0.75686
-0.04466 -0.00526 0.74065
0.02603 -0.00432 0.73093
0.03656 -0.01076 0.72725
-0.50704 -0.14194 0.49625
-0.12096 -0.05245 0.71038
-0.61644 -0.02865 0.36759
-0.02584 -0.00772 0.71403
-0.23711 -0.07480 0.66637
0.35909 -0.03782 0.60779
-0.04037 -0.03943 0.70132
-0.43922 -0.09113 0.53761
-0.17953 -0.07065 0.66931
-0.35284 -0.09260 0.58880
-0.38407 -0.11435 0.55951
-0.07136 -0.04170 0.68275
0.09265 -0.01438 0.68243
-0.27800 -0.07630 0.63090
-0.00990 -0.01722 0.69612
-0.04289 0.01172 0.70119
-0.07807 -0.03220 0.69820
-0.01000 -0.02632 0.70402
0.03600 -0.02856 0.70675
-0.09932 -0.02182 0.70768
-0.14950 -0.02315 0.70598
-0.35157 -0.08130 0.63233
-0.57221 -0.07935 0.45259
-0.32649 -0.02055 0.66621
-0.15536 -0.06711 0.72674
-0.10668 -0.01024 0.74536
-0.50418 -0.08413 0.56386
-0.45859 -0.10620 0.61491
-0.09488 0.00810 0.77834
-0.48905 -0.09130 0.61019
-0.28649 -0.08905 0.73612
0.12448 -0.08638 0.78045
-0.00551 -0.01124 0.80641
0.71277 0.03684 0.39971
0.20852 0.04534 0.80076
0.01918 0.04280 0.83431
0.01802 0.02445 0.83674
-0.08876 0.01684 0.83472
-0.17810 -0.03850 0.81483
-0.40088 -0.09028 0.73008
-0.09006 -0.01858 0.83474
0.15715 -0.04764 0.82734
-0.07433 0.01590 0.83948
-0.72642 -0.07845 0.41573
0.78841 -0.05956 0.29630
-0.26414 -0.07471 0.79881
-0.06077 0.00839 0.84536
-0.06378 0.01012 0.84690
-0.04965 0.00013 0.84737
-0.19292 -0.03240 0.83126
-0.06812 -0.01867 0.85119
-0.04441 0.01217 0.85532
-0.77055 0.04217 0.36962
-0.11398 -0.06143 0.84361
-0.14095 -0.05505 0.84344
-0.29752 -0.04878 0.79859
-0.15455 -0.03921 0.83699
-0.60185 -0.05153 0.59856
-0.12173 -0.03413 0.83942
-0.08551 -0.02670 0.84123
-0.13877 -0.04387 0.82671
-0.16439 -0.05266 0.81577
-0.71174 -0.07770 0.40258
-0.04094 -0.02430 0.81233
-0.23477 -0.04209 0.76443
-0.09167 -0.03408 0.77837
-0.08381 -0.03209 0.76226
-0.03061 -0.00383 0.74940
-0.13588 -0.05849 0.71574
-0.03645 -0.04508 0.70593
-0.62815 -0.09490 0.26778
-0.10298 0.00288 0.65986
-0.54399 -0.09992 0.34371
-0.33735 -0.07190 0.53763
-0.04064 -0.00212 0.62845
-0.53077 0.00231 0.30701
-0.01810 -0.00970 0.60554
-0.22169 -0.06182 0.53403
0.54717 0.03581 0.19001
-0.18047 -0.04192 0.53798
-0.46208 -0.02464 0.28817
-0.44731 -0.05699 0.31290
-0.36648 -0.05863 0.38949
0.45655 -0.02922 0.21928
-0.06909 -0.01644 0.51262
-0.31714 -0.02523 0.36353
-0.09857 -0.07036 0.48807
0.45818 0.02293 0.19652
-0.37483 -0.06745 0.26252
-0.46142 -0.06701 0.14621
0.44297 0.03175 0.19319
-0.34866 -0.03005 0.28198
-0.34480 -0.02926 0.32810
-0.29321 -0.00923 0.32797
-0.36563 -0.08122 0.28605
0.42997 0.04428 0.16645
-0.38257 -0.02675 0.18942
-0.42927 -0.05600 0.12058
-0.40287 -0.00916 0.18072
-0.38732 -0.02284 0.14168
0.14387 0.01438 0.39899
-0.38145 0.00181 0.15289
0.38321 0.02441 0.16804
0.39115 -0.00383 0.16038
0.39834 0.01753 0.15701
-0.28057 0.01204 0.33909
0.38898 0.03871 0.21798
0.43853 0.05003 0.16013
-0.44287 0.00126 0.15363
-0.41985 0.02906 0.26324
-0.42390 -0.03432 0.24193
-0.45898 -0.01832 0.19543
-0.34439 -0.03936 0.41100
-0.41964 -0.00668 0.31947
-0.49223 -0.03010 0.29000
-0.39824 -0.02472 0.40194
-0.51246 -0.02824 0.29530
-0.50232 -0.02601 0.38583
-0.48184 -0.02878 0.41393
-0.60241 -0.01187 0.32457
-0.36106 -0.03244 0.57767
-0.61378 -0.07712 0.38124
-0.41309 -0.08258 0.59167
-0.64406 -0.07368 0.37983
-0.49966 -0.08982 0.61331
-0.29138 -0.05200 0.74666
-0.31171 -0.06491 0.78446
-0.36387 -0.05441 0.76468
-0.28207 -0.00131 0.84816
-0.21792 -0.00447 0.87010
0.82455 0.20086 0.35974
-0.72943 -0.20702 0.59786
0.62072 -0.09065 0.73736
0.24767 -0.05114 0.97054
0.10759 -0.02832 1.00657
0.96930 -0.06979 0.37840
0.99341 -0.12618 0.39343
0.25392 0.03858 1.06012
-0.11692 -0.00427 1.11443
-0.23812 0.02700 1.11268
0.31382 -0.05743 1.12203
-0.31469 -0.03485 1.13627
-0.22488 -0.05622 1.17084
-0.78841 -0.12514 0.91141
0.12552 0.02018 1.22231
0.16256 -0.03671 1.23881
0.06894 -0.03616 1.26046
-0.49183 -0.07099 1.18189
-0.72874 -0.12175 1.06584
-0.94201 -0.17875 0.89263
0.10233 -0.02413 1.32085
-1.25726 0.06849 0.44030
-0.40389 -0.08046 1.26954
-1.06914 0.05451 0.79545
-0.12819 -0.00312 1.32335
0.06749 0.00375 1.34072
-0.84647 -0.23809 1.01171
0.82170 -0.08745 1.05817
-0.16529 -0.00044 1.33729
0.04340 -0.01761 1.34938
-0.39443 -0.10279 1.28930
0.00693 -0.01209 1.35069
-0.04342 -0.02220 1.35660
-0.01196 -0.02742 1.35198
0.26266 -0.10892 1.32873
0.19686 -0.03669 1.35344
0.14736 -0.05986 1.35953
0.02775 -0.01080 1.37426
0.07602 -0.03609 1.37120
-1.29383 -0.01420 0.49206
0.07062 -0.01533 1.37928
-0.94427 -0.10507 1.00761
-0.05846 -0.00691 1.38851
-1.04306 -0.18806 0.90433
1.26776 0.09261 0.58419
0.01578 0.02345 1.40095
-0.01798 -0.00793 1.40125
0.11139 -0.00823 1.39977
-0.00409 0.01427 1.40491
1.15624 -0.09932 0.80571
-0.30471 -0.03209 1.38375
0.24980 -0.08815 1.39576
1.34746 -0.06364 0.45546
-0.95221 -0.24648 1.03096
-0.04684 0.01413 1.42955
-0.04015 -0.03481 1.42788
0.02891 -0.00874 1.43706
0.15155 -0.04527 1.43114
-0.20328 0.00514 1.42789
-0.33616 -0.11478 1.39695
-1.27888 -0.22536 0.63963
0.08512 -0.05029 1.44870
-1.04678 -0.14016 0.99989
-0.63266 -0.18445 1.30420
-0.78128 -0.16750 1.22684
-1.14735 -0.25788 0.87169
1.31594 0.09219 0.63500
0.06860 -0.03307 1.45797
0.03909 -0.01097 1.46886
-1.31077 0.20265 0.62186
-0.19292 -0.15819 1.44016
1.08975 -0.20161 0.95111
1.21349 -0.22830 0.77183
-0.06334 -0.02679 1.45502
-0.15561 -0.05532 1.44375
0.27725 -0.12057 1.41718
-0.33500 -0.08691 1.40686
0.04167 -0.02643 1.44165
-0.02424 0.02921 1.44398
-0.19650 -0.08301 1.42439
-0.22130 -0.10521 1.41647
1.29444 -0.27988 0.54235
-0.20524 -0.04917 1.41038
-0.43609 -0.08870 1.35376
-0.74987 -0.30669 1.15874
1.23160 -0.07434 0.67855
0.33004 -0.11944 1.34756
1.30297 -0.04510 0.45756
1.12321 0.03208 0.77467
-0.32014 -0.11337 1.30180
-0.78589 -0.09678 1.05753
-0.74961 -0.14948 1.05803
-0.41589 -0.07410 1.21184
-0.86545 -0.13281 0.90658
-0.05192 -0.16893 1.21985
-0.15500 -0.08624 1.19738
0.00863 -0.00213 1.18433
0.00579 -0.05793 1.15922
-0.02273 0.01009 1.13327
0.06940 0.04414 1.10687
-0.21128 -0.10878 1.05531
0.01939 0.02427 1.05153
0.26536 -0.03320 0.99428
0.67714 -0.08756 0.73229
-0.01339 -0.03911 0.97565
-0.03598 -0.01123 0.94858
-0.09241 0.03771 0.91727
-0.02959 -0.00480 0.90024
-0.57106 -0.00213 0.66750
-0.03976 0.00305 0.86165
-0.04042 -0.06180 0.84216
-0.75774 0.04011 0.34097
-0.66754 -0.01724 0.47410
-0.06550 0.00821 0.79881
-0.01088 -0.02429 0.78236
0.02044 0.00946 0.76756
0.70534 0.04177 0.27867
-0.20117 0.00899 0.72337
-0.19591 0.00051 0.71667
-0.11089 -0.04227 0.72452
-0.04094 0.00219 0.72047
-0.03680 -0.00510 0.71348
-0.15838 -0.10882 0.68205
-0.61870 -0.02428 0.33614
-0.11719 -0.02980 0.69052
-0.13806 -0.04914 0.68384
-0.16838 -0.05607 0.67438
-0.41495 -0.01135 0.55874
-0.02739 0.00743 0.69492
-0.11062 -0.01782 0.67931
-0.37738 -0.10247 0.55672
-0.18962 -0.02977 0.65504
-0.35252 -0.11731 0.57561
-0.64956 -0.03968 0.25093
-0.53469 -0.03389 0.46366
-0.12438 0.00811 0.71204
-0.65889 -0.03079 0.31809
-0.30563 -0.03318 0.67465
-0.44403 -0.05731 0.60408
-0.41965 -0.09365 0.63081
0.71467 0.03485 0.31752
0.44336 0.01368 0.66804
-0.10462 0.04316 0.81107
-0.20912 0.00499 0.80889
-0.18923 -0.04282 0.82617
-0.19753 -0.05963 0.84213
0.50002 0.03034 0.72642
-0.08974 0.00390 0.89542
-0.41518 -0.09909 0.81592
-0.37120 -0.10910 0.85377
-0.41221 -0.02908 0.86390
-0.37474 -0.03104 0.89560
-0.05041 -0.00491 0.98518
-0.03446 -0.00479 1.00260
-0.38343 -0.12488 0.93927
-0.52054 -0.13185 0.89274
0.05293 -0.00674 1.05657
-0.21634 -0.10260 1.04524
-0.43591 -0.26359 0.96421
-0.21821 -0.04922 1.08289
-0.88491 -0.20553 0.67673
0.08234 0.01762 1.15028
-0.49611 -0.07513 1.05372
-0.79057 -0.25956 0.82949
-0.41693 -0.07104 1.11744
-0.72668 -0.09321 0.96613
-0.32439 -0.09129 1.17911
-0.80023 -0.08157 0.94578
0.28063 -0.06993 1.22428
-0.32797 -0.10759 1.23001
-0.08243 -0.05612 1.28257
0.12479 -0.04158 1.29826
0.27323 -0.11183 1.28387
0.04254 -0.00153 1.32148
0.00533 -0.03301 1.34527
1.22951 0.21878 0.57145
0.13339 0.04044 1.37988
-0.22434 -0.05941 1.37702
0.05155 -0.08663 1.40071
0.07562 0.00865 1.42570
0.86000 -0.18379 1.14461
-0.03173 -0.06543 1.45493
0.23000 -0.09813 1.44953
0.88957 -0.12304 1.16870
1.13394 0.01838 0.94518
0.39456 0.00833 1.42104
1.09598 -0.00389 0.98441
0.03863 -0.15709 1.45945
0.36629 -0.06468 1.42204
0.47489 -0.10216 1.38546
-0.46048 -0.12754 1.39035
0.20267 -0.14086 1.44424
0.03547 -0.15784 1.45470
-1.25636 0.12212 0.75571
0.35262 -0.14270 1.42034
-0.03540 -0.00694 1.46769
-0.18932 -0.09658 1.44758
-0.22771 -0.11203 1.43170
-1.11577 -0.17023 0.92396
0.12561 -0.04698 1.45059
-1.26333 -0.19230 0.69438
0.23585 -0.11833 1.43184
0.11259 -0.10126 1.44294
0.01359 -0.01693 1.44780
-0.01050 -0.24393 1.41783
0.76517 -0.18570 1.20485
-0.30267 -0.09436 1.40422
-0.99602 -0.26917 0.99956
0.22428 -0.12853 1.41399
0.01431 -0.01932 1.42833
0.18997 -0.04967 1.41376
0.10410 -0.11826 1.41738
0.85493 -0.04122 1.13327
0.56513 -0.16440 1.28927
1.08247 -0.05928 0.92260
0.13417 -0.06472 1.40964
1.21749 0.00201 0.71257
-1.28815 -0.19885 0.53160
-0.72558 -0.17833 1.18924
-0.81751 -0.10356 1.12950
-0.91897 -0.21895 1.02259
-0.30633 -0.03351 1.34975
-0.48932 -0.01578 1.29510
0.96329 -0.14337 0.97837
-0.50592 -0.11812 1.27396
-1.06109 -0.14061 0.85685
-0.44252 -0.14944 1.28537
-1.06454 -0.07697 0.86502
-0.06958 -0.07131 1.36528
-0.11035 -0.05481 1.36045
0.05222 -0.02886 1.36361
-1.26309 0.02820 0.50168
-0.36726 -0.13768 1.30635
0.89743 -0.11893 1.01739
-1.19442 -0.30161 0.58399
-1.02855 -0.29635 0.85137
-1.00839 -0.33434 0.86899
-0.50208 -0.16069 1.26855
1.27520 0.07640 0.51516
-0.03383 -0.04783 1.37785
-0.54412 -0.10884 1.26842
-0.21281 -0.09235 1.37050
-0.94817 -0.23586 0.99072
-0.71777 -0.16798 1.18852
-0.72888 -0.12775 1.18274
0.10996 -0.12491 1.38799
0.53872 -0.19700 1.28146
-0.18170 -0.07223 1.39477
-0.05158 -0.05339 1.40351
-0.76912 -0.05765 1.17966
-0.67312 0.02352 1.23973
-0.15920 0.00734 1.41101
-0.85288 -0.19470 1.11939
-0.90976 -0.08709 1.08797
-0.40125 -0.14807 1.35722
-0.09565 -0.13744 1.41044
-0.19980 -0.11102 1.40928
-0.09983 -0.08004 1.42702
0.02183 -0.08909 1.42262
0.03208 -0.12501 1.41748
-0.09691 -0.08414 1.41833
0.00927 -0.05360 1.42370
0.16531 -0.12944 1.40577
-0.24663 -0.07248 1.39334
-0.25172 -0.09187 1.39164
-0.01190 0.00358 1.41518
-0.30647 -0.16431 1.36551
-0.70687 -0.17614 1.19830
-0.14866 -0.04839 1.39725
-0.16332 0.01847 1.39821
-0.05190 -0.03620 1.40493
0.23101 -0.15017 1.37564
-0.37990 -0.11323 1.34512
-0.36177 -0.11266 1.35253
-0.48311 -0.19465 1.29471
-0.97862 -0.33002 0.94799
-0.77294 -0.09821 1.16664
-0.19515 -0.17453 1.37483
-0.03025 -0.07198 1.39738
0.89601 -0.13819 1.06540
-0.01087 -0.00720 1.40229
-0.25905 -0.12087 1.36998
-0.32672 -0.10382 1.35759
-0.37977 -0.09675 1.33985
-0.55932 -0.04976 1.27415
0.01232 -0.03679 1.39540
1.22724 0.02252 0.64968
-0.40196 -0.06848 1.32384
-0.04518 0.02400 1.38607
-0.24704 -0.10498 1.35473
0.27607 -0.09825 1.34881
0.08487 -0.12121 1.36221
-0.31041 -0.09215 1.32813
-0.29199 -0.07513 1.32669
-0.31333 -0.05304 1.32633
-0.10454 0.02274 1.35922
-0.39073 -0.06963 1.29521
-1.17332 -0.24808 0.61845
-0.17572 -0.06456 1.32983
-0.90845 -0.24061 0.96067
0.11972 -0.01519 1.33236
-0.22059 -0.03553 1.31444
0.14300 -0.04684 1.32728
-0.70872 -0.12580 1.11108
1.20520 0.05358 0.54595
0.20070 -0.07686 1.30374
0.64951 -0.07494 1.14439
-0.93102 -0.19253 0.90614
-0.45392 -0.06772 1.22414
-0.35067 -0.07544 1.25639
-0.22555 -0.10180 1.27874
-0.18481 -0.02666 1.28608
-0.83211 -0.05329 0.98950
-1.18440 0.07326 0.49838
-0.07688 -0.02865 1.28755
-1.19287 -0.04229 0.47074
-0.11896 -0.02411 1.27758
-0.92911 -0.00485 0.87526
-0.25034 -0.09149 1.24359
0.76701 -0.10886 1.00727
-0.87412 -0.12637 0.90359
-0.01647 -0.03865 1.25745
-0.43279 -0.15630 1.16736
-0.13196 -0.05804 1.24144
-0.17439 -0.08058 1.22589
-0.66914 -0.17093 1.01889
-1.12538 -0.02204 0.47645
0.77786 -0.01269 0.93258
-0.12248 -0.00494 1.19942
-0.56951 -0.07103 1.05179
-0.86046 -0.08920 0.81031
-0.30854 -0.09531 1.12973
-0.21928 -0.06075 1.14127
-0.28055 -0.09350 1.11477
-0.85420 -0.17698 0.73013
-0.16283 -0.05013 1.10484
-0.83360 -0.28601 0.65280
-0.88677 -0.17640 0.59133
-0.43620 -0.18110 0.94908
-0.26901 -0.06183 0.99535
-0.46222 -0.13108 0.88726
-0.66084 -0.10659 0.71680
-0.07146 -0.01282 0.95220
-0.08035 -0.04079 0.92089
0.62208 -0.07054 0.64121
-0.12430 -0.06009 0.85801
-0.62507 -0.08374 0.54574
-0.24448 -0.04820 0.76903
-0.06883 -0.02322 0.77817
-0.26723 -0.04992 0.70538
0.67041 0.05291 0.27978
-0.56770 -0.02827 0.42067
-0.44767 -0.06474 0.50406
-0.61114 -0.05161 0.19355
-0.52572 -0.04942 0.33804
-0.50833 -0.13036 0.30879
-0.51893 -0.00112 0.23944
-0.27239 -0.05217 0.50096
-0.48412 -0.09211 0.20730
-0.45839 -0.02959 0.30160
-0.10559 -0.01358 0.53366
-0.38413 -0.11410 0.32163
-0.50418 -0.06119 0.16336
0.46535 -0.03922 0.24221
-0.43484 0.01872 0.24227
0.46870 0.03722 0.20684
-0.45823 -0.02902 0.17436
0.42742 0.00864 0.26013
-0.41960 -0.00656 0.26130
-0.44291 -0.02072 0.18170
-0.37574 -0.00249 0.30471
-0.44620 -0.01297 0.17229
-0.44145 -0.04449 0.17499
0.45807 0.02155 0.14117
-0.35249 -0.01156 0.33949
0.45124 0.05226 0.19092
0.42748 0.06279 0.24753
0.45223 0.02322 0.24001
-0.37652 -0.08100 0.32841
-0.36777 -0.00535 0.37074
-0.45384 -0.02468 0.24212
0.50123 0.07260 0.14927
-0.48385 -0.01074 0.28628
-0.19091 -0.00791 0.51757
-0.40938 -0.01161 0.42003
-0.06552 -0.01420 0.56784
-0.42698 -0.05317 0.39561
-0.37165 -0.02928 0.49724
-0.36903 -0.03840 0.49142
-0.58215 -0.00284 0.30640
0.48440 0.04174 0.42408
-0.57387 -0.01104 0.32182
-0.59719 -0.09598 0.35553
-0.45389 0.00129 0.52661
-0.57365 -0.08086 0.44506
-0.36190 -0.08381 0.63775
0.01334 -0.00543 0.77273
-0.66195 -0.08709 0.41885
-0.64305 -0.06672 0.48930
-0.06998 0.02266 0.83264
-0.20199 -0.06139 0.82729
-0.80223 -0.08763 0.34182
-0.07619 -0.06795 0.88877
-0.64723 -0.14816 0.63190
-0.67309 -0.13833 0.63542
0.84021 -0.00861 0.46176
-0.68371 -0.22872 0.65943
-0.63298 -0.08491 0.76616
-0.44525 -0.13620 0.90041
-0.60768 -0.18326 0.81258
-0.63151 -0.10308 0.83463
-0.27212 -0.04950 1.03384
-0.40650 -0.09271 1.00399
-0.31207 -0.07234 1.05721
-0.26632 -0.09268 1.08540
-0.14411 -0.03055 1.12996
-0.15032 -0.03710 1.14531
-0.27845 -0.11804 1.12811
-0.39817 -0.15609 1.10870
-1.09000 -0.20884 0.46558
-0.26189 -0.07547 1.18901
0.08619 0.02164 1.22798
-0.69574 -0.16386 1.01693
-0.16159 -0.04980 1.24916
-0.38496 -0.04147 1.22101
-0.11091 -0.00427 1.28926
-0.06972 -0.01015 1.30738
-0.33770 -0.08952 1.27248
-0.42399 -0.10300 1.26118
-0.69003 -0.15874 1.15529
-0.10412 -0.03975 1.36388
-0.04849 -0.02067 1.37935
0.04053 -0.02656 1.39218
-0.20744 -0.07503 1.39244
-0.85191 -0.08303 1.13781
-0.27967 -0.06857 1.40736
-0.10332 -0.01213 1.45036
-0.02957 0.00964 1.47148
-0.13617 -0.05348 1.47187
-0.92941 -0.19087 1.16643
-1.04273 -0.31110 1.04794
0.32871 0.11391 1.47324
0.38834 0.04206 1.45978
0.93648 -0.08428 1.18084
-0.70827 -0.22255 1.31077
0.19220 -0.07432 1.48889
-1.03000 -0.23865 1.07327
-0.80533 -0.21587 1.24683
-0.96477 -0.15918 1.15465
0.06666 -0.08732 1.50101
0.09629 -0.03150 1.50072
0.11202 -0.02525 1.49894
1.37502 0.05055 0.60471
-0.65042 -0.14223 1.35002
-0.40080 -0.16418 1.43869
-0.79940 -0.29653 1.22893
-0.76799 -0.15818 1.27072
-0.85710 -0.19697 1.19982
-1.01503 -0.12360 1.08876
-0.79517 -0.23680 1.23942
-0.18466 -0.06769 1.46924
-0.90276 -0.09374 1.17428
0.17151 -0.02396 1.46970
-0.22309 -0.06250 1.46207
-0.45463 -0.06768 1.39637
-0.06117 0.00268 1.47117
-0.64833 -0.12938 1.31990
-0.55978 -0.12666 1.35045
-0.37312 -0.12764 1.40880
0.07240 -0.02130 1.45989
-0.15726 -0.06057 1.44883
-0.34281 -0.10511 1.41129
0.13436 -0.08792 1.44495
-0.26295 -0.15112 1.41978
-0.88910 -0.19638 1.12835
1.19438 -0.27559 0.76163
-0.85310 -0.15989 1.15755
-0.51856 -0.14567 1.33856
-0.64753 -0.14872 1.27730
-0.87149 -0.26559 1.10866
0.06274 -0.04443 1.43286
-0.22127 -0.09124 1.41310
-0.67093 -0.17628 1.25226
-0.96798 -0.19852 1.03087
-0.15091 -0.06931 1.41256
-0.24806 -0.07629 1.39626
-1.00397 -0.17400 0.98413
-0.42744 -0.08991 1.35298
-0.61108 -0.14764 1.26034
-0.38459 -0.05717 1.34961
-0.54858 -0.10563 1.28789
-0.66797 -0.15515 1.22273
0.22416 -0.05102 1.37921
-0.39839 -0.10165 1.33556
-0.29342 0.00360 1.36258
-0.35830 -0.05610 1.33611
-0.26718 -0.08401 1.35526
-0.01415 -0.03103 1.37870
-0.53231 -0.09362 1.26630
0.01122 0.00082 1.37301
-0.38439 -0.10718 1.31051
-0.38575 -0.09952 1.31219
-0.27128 -0.05154 1.33829
-0.28168 -0.04081 1.33510
-0.03336 -0.02588 1.36459
0.02373 0.01134 1.36247
-0.21658 -0.05334 1.34783
-0.04095 -0.02404 1.35980
-0.73640 -0.14779 1.13395
-0.09945 -0.01384 1.35578
-0.13199 -0.06800 1.34839
-0.04829 -0.06360 1.35852
0.13731 -0.07296 1.34699
0.09605 -0.03595 1.35261
-0.68267 -0.21789 1.15086
-0.72631 -0.18488 1.12596
-0.60059 -0.16320 1.20323
-0.12000 -0.03717 1.34766
-0.23755 -0.06942 1.32821
-0.54396 -0.13337 1.23172
-0.50384 -0.14323 1.24426
-0.07866 -0.03386 1.34800
-0.04578 -0.05572 1.34546
-0.28147 -0.12709 1.31095
-0.57604 -0.16262 1.20680
-1.23659 -0.26061 0.44847
-0.67024 -0.16864 1.15018
-0.79596 -0.18113 1.06095
-0.43996 -0.13070 1.24965
-0.60755 -0.17327 1.16749
-0.50652 -0.16376 1.22104
-0.31510 -0.10717 1.28196
0.00990 -0.01855 1.32070
-0.83655 -0.12524 1.00929
-0.43883 -0.11987 1.23068
-0.49456 -0.03655 1.21462
-0.93856 -0.05360 0.90894
-0.61801 -0.06751 1.14942
0.03864 -0.00024 1.29810
-1.20143 -0.04180 0.48966
-0.89129 -0.07078 0.94026
0.09104 -0.03757 1.29356
0.07084 -0.01254 1.28930
0.00457 0.00238 1.28855
-0.28635 -0.04831 1.24500
-0.34029 -0.13262 1.23005
-0.15747 -0.01545 1.26736
-0.31415 -0.06596 1.23302
-0.37825 -0.06652 1.20951
-0.28127 -0.04174 1.24040
0.03670 -0.02068 1.26911
-0.07042 -0.02450 1.26152
-0.21611 -0.05923 1.24104
-0.02221 -0.01309 1.25495
0.10938 -0.07988 1.25129
0.01667 -0.00540 1.25146
-0.02417 -0.02143 1.25190
-0.71768 -0.21900 0.99245
-0.19687 -0.07233 1.22056
0.02644 -0.02636 1.24188
-0.39737 -0.09155 1.16726
-0.87093 -0.21544 0.84464
-0.25043 -0.02849 1.20135
-0.05285 -0.05424 1.21208
-0.10518 -0.07163 1.19617
-0.05770 -0.06454 1.17628
0.00126 -0.00081 1.16449
-0.40259 -0.08248 1.07485
-0.20235 -0.03175 1.10388
-0.03020 -0.05558 1.10611
-0.20848 -0.08173 1.07628
-0.13295 -0.09182 1.08329
0.03643 0.00376 1.09523
0.94351 0.07563 0.55648
-0.06345 -0.00727 1.09422
0.14865 -0.07102 1.07306
-0.08815 -0.05485 1.07784
-0.27979 -0.08685 1.03871
-0.30464 -0.05948 1.03230
-0.17637 -0.03882 1.05897
-0.63310 -0.11341 0.85415
-0.37732 -0.08260 0.99115
-0.53186 -0.08767 0.91593
-0.41284 -0.12581 0.96168
-0.55230 -0.14117 0.88623
-0.03695 -0.04403 1.05473
-0.38294 -0.09968 0.98607
-0.33983 -0.10704 1.00562
-0.76484 -0.11258 0.74639
-0.68216 -0.09997 0.82874
-0.59276 -0.14449 0.89364
-0.68067 -0.08067 0.84756
-0.81386 -0.13931 0.72002
-0.49317 -0.18198 0.96554
-0.44799 -0.14145 1.00117
-0.72668 -0.15441 0.82729
-0.36787 -0.08048 1.05677
-0.29431 -0.04086 1.08739
-1.01148 -0.11282 0.50424
-1.04721 -0.14684 0.42028
-0.90372 -0.16431 0.68429
-0.89214 -0.09193 0.72413
-1.08210 -0.17230 0.38970
-1.03827 -0.15642 0.50874
-1.07265 -0.19460 0.44403
-0.42745 -0.01756 1.10302
-0.35909 -0.04812 1.13509
-0.72260 -0.08011 0.95931
-0.67093 -0.12559 0.99846
-0.72018 -0.12014 0.97686
-0.32482 -0.08926 1.18125
-0.71081 -0.16943 0.99649
-0.40385 -0.11825 1.17315
-0.21181 -0.07781 1.23722
-0.40505 -0.08333 1.20304
0.23901 -0.09992 1.25437
-0.18957 -0.06838 1.27843
-0.16874 -0.07363 1.28863
-0.10795 -0.03341 1.30441
-0.33150 -0.10388 1.27995
-0.16141 -0.04173 1.32533
0.00464 0.01399 1.34242
-0.01686 -0.01572 1.36011
-0.34322 -0.16711 1.31194
-0.71387 -0.15984 1.16248
-0.39083 -0.22983 1.30711
-0.81805 -0.29260 1.08267
-0.57196 -0.20836 1.26584
-0.62459 -0.22116 1.24834
-0.10108 0.01567 1.41951
-0.04186 0.03847 1.42748
0.05550 -0.02396 1.43514
-0.08537 -0.00148 1.44082
-0.26156 -0.18906 1.40486
-0.63184 -0.26125 1.27118
-0.34457 -0.11512 1.39414
-0.69795 -0.18503 1.24642
-1.25168 -0.03761 0.70740
0.02824 0.00427 1.43647
-0.63891 -0.13746 1.27973
-0.38149 -0.10407 1.37882
-1.05769 -0.17286 0.96355
-0.36179 -0.09156 1.38462
-0.32952 -0.16865 1.38402
0.28096 -0.12990 1.39424
-0.76726 -0.17017 1.18619
-0.12288 -0.02712 1.41932
-0.12269 -0.02315 1.41361
-0.47315 -0.08972 1.33006
-0.06528 -0.06463 1.41115
-0.34125 -0.07413 1.36837
-0.06728 -0.01002 1.40949
-0.13963 -0.05094 1.39335
-0.25256 -0.03450 1.37094
-0.02077 -0.03546 1.39267
-0.15287 -0.07923 1.38330
-0.01235 0.02486 1.39276
-0.09107 -0.04341 1.38298
-0.10702 -0.06513 1.37491
-0.24819 -0.08021 1.35102
-0.01894 -0.00866 1.37481
-0.32842 -0.11132 1.32793
-0.33621 -0.06946 1.32346
0.16104 -0.07732 1.35383
-0.20837 -0.04013 1.34008
-0.13013 -0.01995 1.35279
-0.97078 -0.11281 0.93598
-0.90321 -0.15760 0.98639
-1.12976 -0.07269 0.72380
0.00904 -0.05925 1.33748
-1.07599 -0.07167 0.79651
0.04716 -0.04024 1.33335
-0.16341 -0.03700 1.31515
-1.04675 -0.24629 0.75992
-0.01914 0.00084 1.30014
-0.13005 -0.02489 1.27467
-0.27763 -0.10674 1.22415
-0.27973 -0.08366 1.20083
-0.14635 -0.02768 1.19949
-0.20803 -0.00593 1.15980
-0.29768 -0.09219 1.11425
-0.22166 -0.08852 1.10065
-0.32730 -0.03520 1.04420
-0.01779 -0.01124 1.06264
-0.12041 -0.02331 1.02990
-0.00068 -0.00758 1.00092
-0.25132 -0.04762 0.93732
-0.11923 -0.01559 0.93144
0.05349 -0.01026 0.90137
0.81888 0.11581 0.27998
0.03246 0.00060 0.83977
-0.15054 -0.09362 0.78836
-0.40984 -0.16386 0.65127
-0.08835 -0.07716 0.76534
-0.18945 -0.08712 0.74564
-0.18533 -0.08984 0.74454
-0.66099 -0.14363 0.36952
-0.60444 -0.12986 0.45745
-0.45174 -0.09627 0.60677
-0.39441 -0.07140 0.65053
-0.25043 -0.08297 0.71008
-0.42106 -0.12688 0.61337
-0.59285 -0.09968 0.45112
-0.45460 -0.12426 0.58083
-0.01652 -0.00322 0.74545
-0.40271 -0.12670 0.61120
-0.04538 -0.04955 0.73417
-0.02798 -0.04696 0.73502
-0.03000 -0.01596 0.74056
-0.16612 -0.02354 0.72695
-0.10636 -0.05655 0.74391
-0.20410 -0.06388 0.72598
-0.61531 0.03490 0.44608
-0.28482 -0.08184 0.70683
-0.39898 -0.11966 0.64481
-0.06164 0.00086 0.77078
-0.41800 -0.08278 0.65602
-0.23671 -0.01157 0.75381
-0.55214 -0.13405 0.55948
-0.02409 -0.01519 0.79456
0.74684 0.05100 0.26905
-0.19322 -0.05786 0.77535
-0.24479 -0.07326 0.76557
-0.25402 -0.04528 0.77786
-0.61088 -0.08657 0.54424
-0.10349 -0.01929 0.82161
-0.00469 0.01602 0.83161
-0.00098 0.00893 0.83682
-0.00376 0.01336 0.84463
-0.35639 -0.05683 0.77358
-0.18744 -0.00366 0.84720
-0.03633 0.03129 0.87434
-0.22645 -0.00646 0.85564
0.06625 0.03678 0.88995
-0.02418 0.03067 0.90130
-0.10748 0.00128 0.90360
-0.00191 0.02392 0.91874
0.03698 0.05141 0.92332
-0.15383 -0.01651 0.91980
-0.12084 0.05452 0.92592
-0.00482 0.03463 0.93785
-0.09913 -0.00680 0.93101
-0.15029 -0.05002 0.92286
-0.34867 -0.09145 0.86355
-0.23559 -0.10486 0.89782
-0.18932 -0.02791 0.91445
-0.12725 -0.02882 0.92356
-0.21375 -0.07189 0.90594
-0.06472 -0.02542 0.92505
-0.30469 -0.09548 0.86792
-0.16660 -0.05793 0.90493
-0.29977 -0.09610 0.86347
-0.28491 -0.11254 0.86291
0.00643 0.00480 0.91142
-0.10793 -0.02547 0.89248
-0.10873 -0.05833 0.87461
-0.42839 -0.13363 0.73471
-0.01363 0.00487 0.84391
-0.25688 -0.05832 0.78775
-0.05219 -0.01317 0.82499
-0.75135 -0.07404 0.33281
-0.02413 0.00653 0.82406
-0.12455 -0.02216 0.81053
-0.08171 0.00434 0.81103
-0.14574 -0.00843 0.79907
-0.12825 -0.01082 0.79784
-0.13852 0.00428 0.79702
-0.62368 -0.11813 0.49301
-0.04744 0.01861 0.79795
-0.72556 0.00796 0.33144
-0.67383 -0.12193 0.40634
