0.04043 7.14938 4.09717
0.04006 7.12224 4.08161
0.02562 4.55943 2.61259
0.04201 7.46915 4.28051
0.01328 2.35108 1.34710
0.02980 5.18623 2.97183
0.01731 2.98698 1.71148
0.02092 3.56209 2.04104
0.03333 5.60278 3.21058
0.02575 4.28007 2.45249
0.03078 5.01969 2.87637
0.00716 1.14378 0.65534
0.05152 7.94362 4.55255
0.02548 3.83140 2.19536
0.00511 0.75453 0.43232
0.02624 3.83487 2.19735
0.03161 4.56619 2.61646
0.02370 3.33324 1.90990
0.02721 3.70527 2.12309
0.01846 2.42753 1.39090
0.01695 2.18202 1.25023
0.00395 0.50126 0.28720
0.03897 4.84854 2.77828
0.03191 3.88501 2.22609
0.04346 5.21668 2.98928
0.03642 4.30316 2.46572
0.04885 5.68001 3.25485
0.03637 4.12476 2.36348
0.04734 5.25309 3.01015
0.04105 4.46001 2.55561
0.04402 4.70914 2.69839
0.04013 4.20895 2.41173
0.04035 4.15164 2.37889
0.02387 2.44439 1.40057
0.03395 3.45341 1.97876
0.02583 2.61467 1.49814
0.03361 3.35525 1.92250
0.02289 2.27146 1.30148
0.02208 2.17596 1.24676
0.02714 2.65677 1.52226
0.03394 3.29779 1.88958
0.02199 2.12169 1.21566
0.02096 2.00083 1.14641
0.04468 4.23206 2.42497
0.04722 4.43987 2.54407
0.02719 2.55711 1.46516
0.04072 3.79799 2.17622
0.06206 5.76939 3.30607
0.03938 3.65656 2.09517
0.05498 5.09915 2.92191
0.03988 3.70548 2.12320
0.02836 2.63829 1.51167
0.02951 2.76920 1.58669
0.03556 3.34661 1.91755
0.02621 2.44136 1.39883
0.02208 2.04620 1.17240
0.01433 1.32986 0.76196
0.01580 1.46747 0.84081
0.04714 4.36823 2.50301
0.02325 2.17123 1.24405
0.02702 2.51661 1.44195
0.04180 3.89031 2.22912
0.05227 4.89946 2.80747
0.04204 3.92110 2.24677
0.01678 1.56536 0.89689
0.04353 4.00447 2.29454
0.03715 3.42144 1.96044
0.03218 2.97062 1.70210
0.04691 4.34658 2.49060
0.05311 4.92661 2.82302
0.06290 5.82702 3.33911
0.04354 4.02484 2.30622
0.03010 2.77410 1.58949
0.05169 4.73151 2.71121
0.01655 1.51977 0.87077
0.03471 3.19711 1.83189
0.02347 2.15709 1.23595
0.03526 3.25221 1.86346
0.01205 1.11138 0.63678
0.02211 2.04691 1.17281
0.02968 2.76205 1.58259
0.02930 2.73937 1.56959
0.04018 3.75738 2.15295
0.03481 3.26638 1.87158
0.03062 2.85810 1.63763
0.02073 1.94404 1.11387
0.02840 2.67507 1.53275
0.05710 5.40999 3.10007
0.03645 3.47887 1.99335
0.06236 5.99844 3.43737
0.03851 3.75502 2.15159
0.02272 2.24655 1.28721
0.04127 4.15027 2.37810
0.02296 2.35960 1.35199
0.01553 1.62792 0.93274
0.02973 3.19183 1.82886
0.04202 4.63477 2.65577
0.05376 6.06912 3.47789
0.03091 3.58322 2.05314
0.01554 1.85008 1.06003
0.03173 3.89149 2.22980
0.05456 6.93095 3.97194
0.02517 3.30632 1.89447
0.02742 3.76278 2.15604
0.05528 7.90357 4.52959
0.04558 6.83775 3.91850
0.02163 3.38695 1.94067
0.00792 1.30324 0.74671
0.00728 1.24360 0.71254
0.00952 1.68638 0.96623
0.00830 1.53672 0.88048
0.01509 2.91353 1.66939
0.01191 2.40667 1.37895
0.01749 3.68581 2.11193
0.03639 8.06754 4.62361
0.01250 2.89232 1.65724
0.02159 5.12136 2.93464
0.01539 3.72748 2.13581
0.02222 5.52068 3.16352
0.01561 3.88791 2.22775
0.02494 6.41874 3.67830
0.00186 0.47838 0.27409
0.02690 7.15274 4.09909
0.01745 4.58570 2.62764
0.02259 6.18064 3.54181
0.01246 3.37724 1.93511
0.01225 3.35738 1.92373
0.00714 2.01786 1.15617
0.01080 2.99432 1.71568
0.00857 2.47979 1.42085
0.00615 1.75022 1.00281
0.02694 7.92490 4.54182
0.02673 7.59773 4.35423
0.01421 4.11175 2.35603
0.01030 2.86027 1.63887
0.02068 5.70778 3.27076
0.00360 1.00510 0.57588
0.00727 1.93785 1.11032
0.03016 8.16434 4.67912
0.01707 4.48191 2.56816
0.02266 5.95769 3.41401
0.00548 1.40960 0.80765
0.03509 8.94672 5.12780
0.02308 5.87312 3.36553
0.03352 8.18454 4.69071
0.02964 7.06478 4.04867
0.02121 4.86868 2.78982
0.02278 5.11646 2.93184
0.01675 3.59566 2.06027
0.00606 1.24941 0.71586
0.01330 2.65912 1.52361
0.01304 2.50558 1.43563
0.03616 6.74741 3.86671
0.04116 7.42687 4.25626
0.03121 5.44578 3.12059
0.02131 3.59672 2.06088
0.01542 2.49302 1.42843
0.02101 3.26548 1.87107
0.02474 3.76347 2.15644
0.02850 4.21174 2.41333
0.03187 4.62550 2.65045
0.03090 4.34982 2.49246
0.02906 4.01806 2.30233
0.02507 3.39166 1.94337
0.02579 3.40881 1.95320
0.01602 2.09107 1.19812
0.02254 2.89897 1.66104
0.02095 2.68410 1.53792
0.01050 1.33402 0.76435
0.01908 2.38929 1.36900
0.02259 2.80057 1.60466
0.02069 2.53317 1.45144
0.02094 2.55962 1.46659
0.02191 2.66411 1.52647
0.01932 2.32437 1.33180
0.00924 1.10193 0.63136
0.01367 1.62377 0.93036
0.00558 0.66035 0.37835
0.02375 2.80887 1.60942
0.00431 0.51354 0.29424
0.05205 6.25844 3.58641
0.01680 2.04486 1.17164
0.01196 1.45192 0.83190
0.00827 0.99372 0.56936
0.02143 2.57516 1.47550
0.00410 0.49855 0.28565
0.01651 2.02908 1.16260
0.02302 2.83282 1.62314
0.01401 1.73647 0.99493
0.01571 1.95269 1.11883
0.01456 1.81853 1.04196
0.02319 2.91021 1.66748
0.00564 0.70940 0.40646
0.01882 2.37888 1.36303
0.01492 1.90323 1.09049
0.01833 2.34521 1.34374
0.00527 0.68272 0.39117
0.01051 1.35833 0.77827
0.00639 0.83151 0.47642
0.00521 0.68467 0.39229
0.01497 1.99404 1.14252
0.00456 0.62043 0.35548
0.01083 1.51356 0.86721
0.02926 4.14521 2.37520
0.01830 2.60821 1.49444
0.01654 2.36812 1.35686
0.01620 2.32877 1.33432
0.00922 1.32537 0.75938
0.00843 1.22338 0.70095
0.00462 0.67373 0.38602
0.02005 2.92660 1.67688
0.01766 2.61120 1.49615
0.00928 1.37715 0.78906
0.01321 1.96988 1.12867
0.01612 2.41833 1.38563
0.02057 3.10874 1.78125
0.02716 4.09349 2.34556
0.02239 3.33376 1.91019
0.02863 4.24575 2.43282
0.01220 1.79537 1.02868
0.01055 1.54457 0.88498
0.00726 1.05065 0.60198
0.05486 7.82974 4.48726
0.01011 1.41610 0.81137
0.00845 1.16138 0.66542
0.00964 1.32142 0.75712
0.03618 4.93677 2.82885
0.01647 2.23165 1.27867
0.02620 3.51051 2.01148
0.00394 0.52514 0.30088
0.00413 0.54864 0.31435
0.00627 0.82832 0.47459
0.05927 7.87787 4.51485
0.10730 14.11557 8.09436
0.04306 5.75652 3.29870
0.06873 9.17511 5.25880
0.03259 4.36747 2.50258
0.04003 5.31172 3.04375
0.03404 4.50405 2.58085
0.03000 3.94198 2.25874
0.03091 4.06713 2.33045
0.02490 3.25397 1.86447
0.00744 0.96499 0.55290
0.02989 3.84410 2.20264
0.02274 2.91088 1.66787
0.02162 2.74763 1.57432
0.01661 2.09894 1.20263
0.01548 1.94037 1.11177
0.01492 1.86148 1.06657
0.02711 3.36996 1.93094
0.03515 4.33895 2.48623
0.03857 4.73257 2.71181
0.01206 1.46105 0.83713
0.00800 0.96208 0.55124
0.02108 2.51336 1.44009
0.00876 1.04064 0.59624
0.02492 2.94620 1.68811
0.01926 2.25059 1.28952
0.03882 4.53384 2.59792
0.01491 1.74144 0.99778
0.03693 4.32549 2.47852
0.02789 3.26421 1.87034
0.02855 3.32827 1.90705
0.02688 3.09793 1.77505
0.03966 4.54957 2.60694
0.02619 3.00257 1.72041
0.01644 1.89812 1.08756
0.01711 1.96655 1.12677
0.02612 3.00274 1.72051
0.01955 2.25037 1.28939
0.01034 1.20134 0.68832
0.03510 4.07450 2.33468
0.03627 4.22416 2.42044
0.04216 4.91087 2.81401
0.02423 2.83322 1.62337
0.02819 3.33064 1.90841
0.01918 2.28275 1.30795
0.01408 1.68366 0.96468
0.00774 0.92846 0.53197
0.00328 0.39449 0.22602
0.01008 1.22410 0.70136
0.02809 3.43107 1.96596
0.03199 3.93044 2.25212
0.02469 3.04579 1.74518
0.00291 0.36204 0.20744
0.04492 5.63425 3.22861
0.03579 4.51764 2.58864
0.02886 3.66863 2.10209
0.01458 1.85560 1.06320
0.00760 0.97267 0.55730
0.01887 2.42295 1.38828
0.03345 4.33779 2.48556
0.03654 4.77081 2.73373
0.01089 1.41999 0.81360
0.02443 3.16891 1.81572
0.00845 1.08954 0.62426
0.00900 1.17551 0.67352
0.02529 3.33794 1.91258
0.03508 4.64703 2.66279
0.02106 2.80032 1.60452
0.05074 6.76843 3.87877
0.04193 5.62463 3.22310
0.01659 2.22992 1.27768
0.01280 1.71563 0.98300
0.00363 0.48589 0.27839
0.01418 1.91589 1.09774
0.02915 3.94882 2.26265
0.01185 1.62081 0.92867
0.01205 1.65219 0.94665
0.02573 3.54176 2.02938
0.02127 2.92616 1.67663
0.02505 3.45508 1.97971
0.02649 3.65748 2.09570
0.01222 1.69376 0.97046
0.01494 2.06842 1.18514
0.01032 1.43388 0.82156
0.01969 2.75430 1.57815
0.00984 1.37430 0.78742
0.00170 0.23792 0.13632
0.00824 1.16096 0.66518
0.01951 2.77002 1.58715
0.04145 5.97835 3.42585
0.02491 3.60863 2.06771
0.02375 3.45197 1.97793
0.01957 2.84162 1.62818
0.02016 2.94972 1.69013
0.01635 2.43475 1.39504
0.02677 4.02621 2.30700
0.02969 4.49749 2.57709
0.03746 5.68954 3.26031
0.02539 3.88008 2.22326
0.02233 3.44859 1.97599
0.03638 5.67323 3.25096
0.04385 6.87740 3.94124
0.02841 4.47428 2.56378
0.00876 1.38694 0.79467
0.02692 4.34122 2.48753
0.05040 8.24820 4.72721
0.04000 6.60630 3.78582
0.03082 5.11400 2.93042
0.01547 2.60062 1.49009
0.00888 1.49097 0.85427
0.01070 1.81241 1.03845
0.00545 0.92584 0.53047
0.01388 2.37809 1.36258
0.01927 3.33051 1.90833
0.01356 2.34661 1.34454
0.02652 4.63257 2.65451
0.01957 3.42509 1.96253
0.00753 1.32855 0.76121
0.00637 1.13446 0.65000
0.00651 1.15934 0.66426
0.02866 5.12963 2.93938
0.00586 1.04454 0.59848
0.01468 2.63259 1.50841
0.02456 4.40250 2.52265
0.00235 0.42778 0.24510
0.00589 1.07607 0.61655
0.01506 2.76728 1.58558
0.01155 2.14374 1.22830
0.02020 3.78008 2.16596
0.01930 3.64970 2.09124
0.03466 6.57991 3.77069
0.01984 3.80614 2.18089
0.01267 2.42536 1.38966
0.02571 4.97874 2.85290
0.00872 1.72588 0.98887
0.01080 2.13655 1.22418
0.01843 3.69018 2.11444
0.02784 5.62228 3.22176
0.00785 1.59288 0.91267
0.03437 7.03770 4.03314
0.01516 3.10214 1.77747
0.01127 2.31692 1.32753
0.00920 1.90029 1.08880
0.00934 1.95023 1.11742
0.03457 7.25408 4.15720
0.02028 4.23286 2.42543
0.01984 4.06885 2.33144
0.00680 1.36550 0.78238
0.02881 5.67983 3.25474
0.02610 5.06894 2.90460
0.01736 3.31369 1.89869
0.00973 1.82791 1.04733
0.02808 5.20942 2.98512
0.01124 2.05070 1.17499
0.02530 4.55248 2.60861
0.04001 7.14833 4.09656
0.01871 3.30795 1.89540
0.02366 4.14162 2.37314
0.02175 3.77118 2.16086
0.01141 1.98297 1.13618
0.03324 5.75789 3.29949
0.01842 3.20205 1.83472
0.03745 6.54356 3.74985
0.01043 1.83274 1.05010
0.03621 6.36041 3.64486
0.00590 1.04398 0.59816
0.03551 6.29723 3.60864
0.02302 4.11413 2.35739
0.03629 6.61871 3.79293
0.02196 4.06732 2.33056
0.00919 1.73372 0.99336
0.02979 5.77100 3.30700
0.01986 3.94407 2.25993
0.04495 9.14405 5.24098
0.04636 9.70952 5.56533
0.03610 7.88371 4.51821
0.01154 2.63050 1.50721
0.01310 3.08879 1.76982
0.02172 5.25092 3.00890
0.04112 10.08771 5.78229
0.05056 12.53981 7.18950
0.02203 5.57548 3.19493
0.02150 5.39561 3.09183
0.03594 9.10942 5.22112
0.02605 6.66877 3.82163
0.00651 1.66849 0.95599
0.00919 2.43884 1.39738
0.01895 4.93533 2.82802
0.02185 5.71143 3.27285
0.03377 9.16454 5.25274
0.01578 4.18195 2.39625
0.01972 5.43285 3.11318
0.00980 2.60397 1.49201
0.02093 5.46884 3.13380
0.01159 3.10301 1.77796
0.00477 1.19140 0.68262
0.02046 5.27206 3.02102
0.00775 1.85766 1.06438
0.02246 5.59391 3.20549
0.04309 9.89676 5.67274
0.03606 8.01826 4.59536
0.01456 3.34546 1.91690
0.00401 0.83376 0.47771
0.01230 2.60895 1.49486
0.01603 3.13615 1.79696
0.01591 3.03824 1.74085
0.00545 1.05170 0.60258
0.03164 5.67244 3.25050
0.02903 5.19256 2.97545
0.01855 3.12140 1.78850
0.05159 8.50625 4.87519
0.01226 1.96988 1.12868
0.02516 3.87316 2.21929
0.01865 2.83154 1.62241
0.02038 2.98380 1.70966
0.04213 6.07424 3.48082
0.02977 4.17959 2.39491
0.03040 4.17362 2.39148
0.04635 6.20035 3.55311
0.02139 2.80639 1.60800
0.02854 3.68853 2.11349
0.02763 3.48669 1.99783
0.00991 1.22736 0.70323
0.03240 3.96539 2.27215
0.00231 0.27951 0.16015
0.01779 2.11484 1.21174
0.01973 2.30988 1.32350
0.01419 1.63434 0.93642
0.01965 2.23680 1.28162
0.00343 0.38358 0.21977
0.00917 1.01719 0.58281
0.04390 4.81745 2.76046
0.04964 5.43806 3.11616
0.01237 1.35619 0.77705
0.03834 4.20739 2.41084
0.06117 6.69790 3.83833
0.02158 2.35152 1.34735
0.01408 1.53469 0.87932
0.00608 0.66475 0.38088
0.03169 3.46036 1.98274
0.03584 3.90305 2.23642
0.05428 5.58142 3.19833
0.02486 2.86670 1.64255
0.01722 1.87282 1.07306
0.02647 2.87659 1.64822
0.02322 2.51644 1.44185
0.02814 3.05811 1.75224
0.02738 2.98367 1.70958
0.04674 5.09774 2.92111
0.04086 4.45488 2.55267
0.09070 9.89803 5.67347
0.09037 9.90997 5.68032
0.02232 2.46014 1.40959
0.02632 2.91848 1.67222
0.03325 3.73010 2.13731
0.01415 1.59591 0.91440
0.01378 1.57033 0.89974
0.01037 1.19631 0.68544
0.03223 3.77182 2.16122
0.03726 4.46817 2.56028
0.04685 5.64298 3.23362
0.02863 3.63343 2.08191
0.04269 5.42594 3.10922
0.02042 2.65981 1.52400
0.04781 6.36720 3.64875
0.02183 2.98944 1.71289
0.01484 2.10119 1.20392
0.02813 4.13315 2.36829
0.02700 4.13058 2.36681
0.06485 10.33987 5.92695
0.00631 1.04879 0.60092
0.00364 0.63002 0.36098
0.03774 6.83529 3.91710
0.01578 2.96276 1.69760
0.02360 4.60068 2.63623
0.00994 1.99638 1.14386
0.03094 6.38367 3.65820
0.04252 8.82982 5.06076
0.03496 7.51421 4.30634
0.04425 9.43230 5.40632
0.02038 4.38205 2.51093
0.00674 1.47575 0.84555
0.01332 2.95730 1.69447
0.01768 4.06214 2.32760
0.02321 5.26781 3.01858
0.02561 5.86063 3.35837
0.01515 3.58110 2.05193
0.01242 2.88479 1.65292
0.01175 2.84107 1.62787
0.02215 5.26102 3.01469
0.01834 4.39902 2.52066
0.00696 1.73062 0.99159
0.03473 8.38491 4.80561
0.01100 2.75193 1.57679
0.01376 3.39044 1.94267
0.02654 6.59309 3.77825
0.00735 1.86810 1.07036
0.01873 4.76597 2.73096
0.02415 6.23512 3.57304
0.01118 2.90587 1.66500
0.01762 4.62395 2.64956
0.03391 8.82628 5.05873
0.00819 2.17369 1.24546
0.03825 9.89670 5.67271
0.01480 3.99234 2.28760
0.01753 4.74353 2.71810
0.02110 5.51550 3.16055
0.01321 3.66568 2.10040
0.02186 5.74066 3.28961
0.00627 1.73357 0.99327
0.02700 6.99482 4.00855
0.02580 6.96924 3.99389
0.00522 1.39390 0.79865
0.04018 10.24680 5.87356
0.01587 4.14993 2.37790
0.00482 1.20842 0.69238
0.02274 5.62163 3.22138
0.01645 3.92316 2.24795
0.03224 7.53330 4.31729
0.02050 4.62178 2.64832
0.01281 2.82455 1.61840
0.01870 4.00117 2.29265
0.02492 5.14748 2.94962
0.00892 1.76951 1.01387
0.04208 7.94685 4.55441
0.02287 4.16171 2.38466
0.01322 2.32653 1.33304
0.04179 7.14777 4.09624
0.01450 2.40605 1.37860
0.02996 4.81644 2.75988
0.03298 5.14400 2.94762
0.05037 7.67267 4.39719
0.02028 2.98597 1.71090
0.01242 1.78748 1.02417
0.00767 1.07532 0.61612
0.04076 5.57354 3.19382
0.01895 2.52922 1.44917
0.00928 1.20952 0.69301
0.01628 2.07253 1.18749
0.01156 1.44244 0.82646
0.02670 3.26867 1.87289
0.03855 4.61788 2.64608
0.02195 2.57421 1.47495
0.03244 3.75460 2.15136
0.01738 1.99020 1.14032
0.00744 0.84918 0.48655
0.01026 1.16445 0.66718
0.00185 0.20944 0.12000
0.01225 1.38927 0.79600
0.00569 0.64416 0.36908
0.00681 0.76965 0.44098
0.01465 1.64478 0.94240
0.00940 1.05458 0.60423
0.02006 2.24015 1.28354
0.02774 3.09595 1.77392
0.01393 1.55148 0.88894
0.03729 4.14283 2.37384
0.01208 1.34422 0.77019
0.02632 2.92830 1.67785
0.00435 0.48338 0.27696
0.02305 2.57302 1.47428
0.02963 3.31573 1.89986
0.01863 2.07605 1.18951
0.02785 3.08507 1.76769
0.01812 2.01771 1.15608
0.01201 1.33902 0.76720
0.02101 2.34007 1.34079
0.02161 2.40475 1.37785
0.00766 0.85242 0.48840
0.00914 1.02062 0.58477
0.00824 0.89782 0.51442
0.01623 1.86810 1.07036
0.01824 2.05182 1.17563
0.01787 2.01713 1.15575
0.00667 0.75563 0.43294
0.01029 1.16259 0.66612
0.01205 1.36845 0.78407
0.00670 0.76204 0.43662
0.00783 0.88998 0.50992
0.00880 1.00732 0.57716
0.01235 1.40385 0.80435
0.02629 3.01187 1.72574
0.01067 1.21844 0.69812
0.01254 1.42508 0.81652
0.02321 2.62748 1.50548
0.01101 1.24052 0.71077
0.01259 1.40900 0.80730
0.01313 1.46374 0.83867
0.00865 0.96944 0.55545
0.02939 3.25129 1.86293
0.01384 1.52556 0.87409
0.00821 0.90342 0.51762
0.02944 3.23257 1.85220
0.02264 2.48160 1.42189
0.02373 2.56724 1.47096
0.01664 1.79830 1.03037
0.03951 4.24867 2.43449
0.01956 2.09640 1.20117
0.01510 1.61170 0.92344
0.00886 0.93247 0.53427
0.03637 3.87314 2.21928
0.04088 4.30123 2.46461
0.02940 3.07572 1.76233
0.06169 6.44318 3.69231
0.03929 4.07416 2.33449
0.03796 3.93852 2.25675
0.03610 3.72050 2.13181
0.02122 2.17679 1.24724
0.02139 2.18498 1.25193
0.03286 3.34253 1.91522
0.03729 3.71096 2.12635
0.03284 3.38769 1.94109
0.03288 3.35033 1.91969
0.00643 0.65472 0.37513
0.01008 1.03052 0.59045
0.01456 1.48981 0.85361
0.01528 1.56711 0.89790
0.01382 1.42055 0.81392
0.02597 2.66323 1.52596
0.01941 1.99019 1.14031
0.02265 2.31971 1.32912
0.02751 2.82072 1.61621
0.00766 0.78624 0.45048
0.12749 13.05542 7.48553
0.02847 2.92304 1.67484
0.04899 5.02939 2.88193
0.04607 4.71905 2.70407
0.02832 2.90698 1.66563
0.00858 0.87918 0.50373
0.02088 2.14484 1.22893
0.01460 1.49912 0.85894
0.00721 0.73739 0.42249
0.02395 2.46065 1.40988
0.02228 2.28285 1.30801
0.03069 3.16080 1.81108
0.02272 2.33567 1.33827
0.00600 0.61755 0.35383
0.01474 1.51545 0.86830
0.03952 4.08304 2.33957
0.02168 2.24204 1.28462
0.02052 2.11975 1.21455
0.00933 0.96402 0.55234
0.01497 1.53372 0.87877
0.00549 0.56528 0.32388
0.01614 1.66124 0.95183
0.00207 0.21369 0.12244
0.01265 1.30631 0.74847
0.01097 1.12598 0.64514
0.01112 1.14438 0.65569
0.02575 2.61000 1.49546
0.01388 1.46124 0.83724
0.02467 2.54511 1.45828
0.01843 1.88847 1.08203
0.02178 2.23031 1.27790
0.02810 2.85933 1.63833
0.02276 2.33863 1.33997
0.01901 1.95028 1.11745
0.03267 3.33240 1.90942
0.03634 3.69274 2.11590
0.02839 2.88184 1.65123
0.03238 3.29901 1.89028
0.03224 3.29140 1.88592
0.02244 2.29306 1.31386
0.01110 1.13166 0.64840
0.02320 2.34292 1.34243
0.02836 2.86004 1.63874
0.01405 1.41491 0.81069
0.02286 2.31154 1.32444
0.02816 2.84494 1.63009
0.02490 2.50626 1.43602
0.02352 2.36728 1.35638
0.02799 2.81282 1.61168
0.03597 3.62013 2.07429
0.03326 3.34256 1.91523
0.04500 4.50881 2.58358
0.03979 3.98060 2.28086
0.03154 3.14940 1.80455
0.02962 2.94554 1.68773
0.03573 3.55373 2.03624
0.02303 2.29112 1.31274
0.02653 2.64397 1.51493
0.03051 3.03319 1.73796
0.02428 2.41683 1.38478
0.03577 3.55700 2.03812
0.02634 2.62384 1.50339
0.03431 3.41962 1.95939
0.01760 1.75805 1.00730
0.02719 2.72860 1.56342
0.02472 2.48032 1.42115
0.01876 1.89264 1.08442
0.03268 3.29238 1.88648
0.04086 4.14072 2.37263
0.02116 2.16264 1.23913
0.02518 2.57273 1.47410
0.04458 4.56425 2.61535
0.03879 3.95456 2.26594
0.01897 1.94857 1.11647
0.03164 3.26921 1.87320
0.03170 3.28847 1.88424
0.03005 3.12958 1.79319
0.02237 2.32888 1.33438
0.04569 4.76384 2.72974
0.01246 1.30301 0.74657
0.03157 3.32127 1.90304
0.02523 2.69167 1.54226
0.03557 3.79345 2.17362
0.01891 2.04131 1.16961
0.03571 3.88403 2.22552
0.09984 11.01748 6.31575
0.02191 2.42859 1.39151
0.03976 4.39867 2.52046
0.02839 3.23083 1.85121
0.02360 2.68289 1.53723
0.02209 2.53237 1.45098
0.01562 1.81106 1.03767
0.02069 2.43456 1.39494
0.01244 1.48161 0.84891
0.00805 0.97808 0.56040
0.02474 3.06197 1.75445
0.04982 6.30407 3.61256
0.02222 2.85781 1.63746
0.03173 4.14996 2.37792
0.04106 5.43471 3.11424
0.01809 2.41950 1.38631
0.02925 3.95653 2.26707
0.04940 6.72411 3.85336
0.02963 4.08152 2.33870
0.01893 2.62485 1.50397
0.02219 3.09944 1.77592
0.00828 1.16773 0.66906
0.00380 0.53545 0.30679
0.00977 1.44177 0.82608
0.02198 3.23438 1.85324
0.01504 2.24038 1.28367
0.01191 1.80145 1.03217
0.01268 1.95062 1.11764
0.01800 2.82984 1.62143
0.00733 1.17817 0.67505
0.00398 0.65627 0.37602
0.00596 1.00749 0.57725
0.00293 0.51257 0.29368
0.00835 1.50207 0.86063
0.01040 1.92644 1.10379
0.01816 3.44831 1.97583
0.00448 0.87867 0.50344
0.01285 2.59127 1.48473
0.01865 3.85128 2.20675
0.04071 8.62875 4.94545
0.03348 7.29247 4.17920
0.03852 8.60335 4.93088
0.03858 8.86594 5.08147
0.04089 9.71126 5.56633
0.07110 17.36612 9.96260
0.03816 9.53028 5.46252
0.05820 14.96561 8.58268
0.05914 15.66363 8.98380
0.03614 9.97160 5.71567
0.03154 8.99763 5.15701
0.02254 6.58995 3.77645
0.01997 5.84018 3.34665
0.01758 5.18085 2.96874
0.01785 5.01917 2.87607
0.02953 8.94002 5.12396
0.02080 6.08793 3.48867
0.04896 14.67698 8.41686
0.03212 9.64492 5.52828
0.04607 13.92464 7.98469
0.04719 14.88367 8.53561
0.04181 12.73968 7.30424
0.03041 9.54584 5.47144
0.04363 12.78051 7.32769
0.02979 8.75213 5.01621
0.04301 11.69043 6.70194
0.04418 11.67120 6.69090
0.01892 5.09517 2.91963
0.01603 4.07406 2.33442
0.02573 6.61063 3.78830
0.01882 4.53053 2.59603
0.02178 5.29792 3.03584
0.03671 8.38579 4.80611
0.00368 0.82602 0.47327
0.04811 10.18488 5.83803
0.04944 9.97597 5.71819
0.05173 10.12331 5.80271
0.04551 8.70029 4.98647
0.05111 9.70701 5.56389
0.07362 13.09580 7.50871
0.05971 10.39614 5.95924
0.07685 13.18113 7.55771
0.07923 12.97568 7.43974
0.03467 5.61347 3.21670
0.03015 4.70204 2.69432
0.02101 3.21326 1.84114
0.00868 1.29931 0.74445
0.00171 0.24808 0.14214
0.00698 0.99340 0.56918
0.04686 6.52823 3.74106
0.00298 0.40934 0.23454
0.00926 1.24452 0.71306
0.02255 2.96312 1.69780
0.05987 7.72317 4.42615
0.04932 6.27049 3.59332
0.03751 4.74285 2.71771
0.07631 9.55394 5.47609
0.01692 2.10516 1.20619
0.03253 4.01273 2.29928
0.09176 11.29500 6.47500
0.03548 4.37456 2.50664
0.02022 2.49373 1.42884
0.02323 2.86306 1.64047
0.02053 2.50908 1.43763
0.01907 2.31434 1.32605
0.06143 7.41299 4.24830
0.02682 3.24525 1.85947
0.03223 3.90257 2.23615
0.02360 2.85982 1.63861
0.06231 7.57214 4.33955
0.04783 5.80697 3.32762
0.06251 7.62484 4.36977
0.06350 7.78655 4.46249
0.05169 6.35408 3.64123
0.03247 3.99793 2.29080
0.03158 3.91152 2.24128
0.03273 4.08152 2.33870
0.01242 1.56368 0.89593
0.03007 3.80197 2.17850
0.04919 6.28362 3.60084
0.02557 3.30573 1.89413
0.01200 1.58160 0.90620
0.00872 1.17397 0.67264
0.01872 2.58929 1.48360
0.03763 5.32964 3.05402
0.02555 3.70798 2.12464
0.02983 4.45535 2.55294
0.04310 6.58699 3.77475
0.04331 6.81717 3.90671
0.02866 4.70252 2.69459
0.04921 8.34457 4.78247
0.02256 3.97796 2.27935
0.04158 7.57334 4.34024
0.02991 5.66792 3.24791
0.01962 3.86956 2.21723
0.00309 0.63638 0.36462
0.00489 1.05229 0.60292
0.00821 1.82103 1.04339
0.01513 3.41405 1.95620
0.01657 3.77233 2.16151
0.02610 5.93317 3.39995
0.02787 6.43788 3.68927
0.02073 4.76827 2.73227
0.02920 6.92987 3.97132
0.03386 8.06242 4.62068
0.01367 3.24978 1.86207
0.04516 11.14366 6.38816
0.04981 11.97750 6.86671
0.01694 4.25488 2.43805
0.00980 2.39733 1.37360
0.02885 7.45358 4.27158
0.01313 3.24789 1.86099
0.02737 7.09358 4.06517
0.02083 5.37560 3.08036
0.02896 7.88862 4.52102
0.03719 9.72862 5.57629
0.02417 6.24276 3.57742
0.03466 9.24006 5.29605
0.03698 9.29959 5.33019
0.01510 3.99658 2.29003
0.02130 5.30705 3.04107
0.01919 4.93673 2.82883
0.00432 1.05089 0.60212
0.01728 4.16360 2.38574
0.02129 5.31395 3.04503
0.02321 5.45128 3.12374
0.02655 6.30226 3.61153
0.00530 1.17957 0.67585
0.02657 5.67463 3.25176
0.02304 4.97900 2.85305
0.04377 8.99718 5.15675
0.03626 7.38088 4.22989
0.06253 12.30493 7.05466
0.03461 6.62387 3.79589
0.02667 4.92008 2.81928
0.01334 2.36611 1.35571
0.01208 2.10985 1.20888
0.01338 2.27401 1.30294
0.02353 3.92264 2.24765
0.02546 4.14415 2.37459
0.03640 5.71788 3.27655
0.06173 9.49090 5.43993
0.01672 2.48971 1.42653
0.05988 8.74265 5.01076
0.02448 3.50403 2.00776
0.05291 7.43436 4.26056
0.04409 6.07579 3.48171
0.03350 4.49662 2.57659
0.00638 0.83393 0.47781
0.01102 1.41298 0.80958
0.02818 3.55660 2.03789
0.01084 1.35920 0.77877
0.02454 3.03662 1.73992
0.03269 4.02268 2.30498
0.01987 2.47097 1.41580
0.04153 5.16339 2.95873
0.03974 4.93140 2.82577
0.01323 1.63578 0.93724
0.01712 2.11669 1.21280
0.02753 3.38460 1.93932
0.02790 3.43667 1.96916
0.01918 2.34827 1.34549
0.02943 3.52894 2.02204
0.01117 1.37634 0.78859
0.01304 1.58446 0.90784
0.01342 1.63569 0.93719
0.02942 3.57740 2.04981
0.01272 1.54153 0.88324
0.01813 2.19332 1.25671
0.00390 0.47142 0.27010
0.01105 1.33438 0.76455
0.01180 1.42959 0.81910
0.01642 1.98598 1.13790
0.01174 1.42403 0.81592
0.00847 1.02870 0.58940
0.02923 3.55502 2.03698
0.02753 3.36024 1.92536
0.03402 4.16861 2.38861
0.01350 1.65633 0.94902
0.01559 1.91172 1.09535
0.01286 1.58524 0.90828
0.01166 1.44640 0.82874
0.03454 4.32349 2.47737
0.02129 2.67503 1.53272
0.02176 2.74583 1.57329
0.01508 1.90393 1.09089
0.01180 1.49329 0.85560
0.00735 0.93564 0.53608
0.00254 0.32235 0.18469
0.00938 1.19576 0.68513
0.00703 0.89839 0.51474
0.01042 1.35440 0.77602
0.02485 3.23068 1.85112
0.01976 2.57404 1.47486
0.01687 2.20503 1.26341
0.01698 2.22030 1.27216
0.01263 1.65767 0.94979
0.01569 2.06151 1.18118
0.00981 1.29336 0.74105
0.02161 2.86496 1.64156
0.01942 2.59801 1.48859
0.02492 3.33945 1.91345
0.01277 1.71086 0.98026
0.00461 0.61046 0.34977
0.05244 7.17364 4.11108
0.02611 3.58546 2.05443
0.03702 5.17259 2.96401
0.00635 0.87715 0.50257
0.02554 3.50306 2.00721
0.01984 2.72824 1.56321
0.02006 2.78404 1.59519
0.00798 1.11761 0.64035
0.01535 2.15972 1.23745
0.00389 0.54951 0.31485
0.02049 2.90895 1.66677
0.02893 4.14489 2.37502
0.02753 3.96334 2.27097
0.01945 2.80434 1.60682
0.00783 1.13905 0.65263
0.00832 1.21865 0.69824
0.01172 1.72809 0.99014
0.00868 1.28640 0.73706
0.01463 2.18748 1.25336
0.02351 3.56936 2.04520
0.01965 3.00897 1.72408
0.02302 3.54135 2.02915
0.01875 2.88931 1.65551
0.00900 1.39246 0.79783
0.00655 1.01767 0.58308
0.02195 3.41470 1.95658
0.01074 1.68943 0.96799
0.01341 2.11062 1.20932
0.01633 2.59332 1.48590
0.01007 1.60406 0.91907
0.01805 2.88597 1.65360
0.01641 2.63843 1.51175
0.03570 5.72186 3.27883
0.03016 4.80655 2.75422
0.02632 4.14730 2.37640
0.00505 0.78326 0.44878
0.02451 3.74687 2.14693
0.02355 3.53688 2.02659
0.01330 1.98272 1.13603
0.00958 1.40656 0.80590
0.01705 2.46555 1.41269
0.02195 3.11470 1.78466
0.00536 0.74837 0.42879
0.02925 4.03854 2.31407
0.02551 3.48598 1.99742
0.03872 5.19088 2.97449
0.00766 1.00257 0.57443
0.00150 0.19306 0.11062
0.01324 1.66684 0.95504
0.01025 1.26498 0.72478
0.01045 1.27179 0.72869
0.00450 0.53714 0.30776
0.00652 0.76736 0.43967
0.04400 5.05043 2.89399
0.02529 2.93013 1.67890
0.02630 2.96809 1.70065
0.01816 2.00433 1.14841
0.02098 2.28968 1.31192
0.02093 2.25366 1.29128
0.03596 3.82345 2.19081
0.02023 2.12577 1.21800
0.03973 4.13119 2.36716
0.02793 2.88249 1.65160
0.02692 2.75193 1.57679
0.03087 3.11173 1.78296
0.04776 4.79395 2.74699
0.03532 3.55434 2.03659
0.03256 3.27647 1.87736
0.04028 4.03605 2.31264
0.04310 4.27451 2.44930
0.02000 1.98050 1.13476
0.02897 2.86064 1.63908
0.06772 6.70966 3.84507
0.06651 6.59799 3.78105
0.03337 3.32742 1.90656
0.06702 6.63030 3.79958
0.06028 6.01427 3.44644
0.01733 1.74837 1.00175
0.04420 4.40197 2.52235
0.04279 4.28814 2.45711
0.12360 12.39832 7.10827
0.03255 3.27276 1.87524
0.05076 5.10376 2.92456
0.03426 3.44587 1.97443
0.06630 6.70071 3.83994
0.03527 3.59211 2.05824
0.02048 2.09071 1.19791
0.03002 3.07362 1.76112
0.04768 4.87840 2.79539
0.01128 1.15586 0.66226
0.04166 4.33415 2.48348
0.01509 1.57153 0.90043
0.06371 6.66765 3.82099
0.05024 5.28528 3.02859
0.03797 3.99278 2.28785
0.03338 3.51205 2.01236
0.00730 0.77152 0.44205
0.00727 0.77030 0.44135
0.01079 1.15965 0.66443
0.00754 0.80610 0.46186
0.00670 0.71701 0.41082
0.01712 1.84084 1.05474
0.00576 0.62082 0.35570
0.01545 1.67004 0.95687
0.02730 2.94813 1.68922
0.01273 1.37156 0.78585
0.01664 1.79262 1.02711
0.02066 2.22530 1.27503
0.02966 3.19645 1.83151
0.00299 0.32102 0.18393
0.03584 3.84326 2.20216
0.02174 2.33690 1.33898
0.01923 2.06940 1.18570
0.00814 0.87046 0.49874
0.01989 2.10219 1.20449
0.02700 2.92507 1.67600
0.03289 3.51057 2.01151
0.02387 2.53684 1.45354
0.02392 2.53339 1.45156
0.06839 7.25598 4.15828
0.01105 1.17266 0.67189
0.00897 0.94568 0.54183
0.03501 3.69641 2.11801
0.01034 1.08977 0.62439
0.03290 3.47869 1.99324
0.03337 3.51764 2.01556
0.02853 3.01509 1.72759
0.02029 2.14120 1.22684
0.03433 3.59603 2.06048
0.03844 4.03899 2.31433
0.02857 3.02180 1.73143
0.05048 5.35606 3.06916
0.04942 5.27513 3.02278
0.01851 1.97259 1.13023
0.01972 2.10265 1.20475
0.02569 2.74045 1.57021
0.01576 1.67864 0.96180
0.01407 1.51449 0.86775
0.02615 2.82296 1.61749
0.02983 3.25053 1.86250
0.02749 3.03019 1.73624
0.02109 2.36056 1.35253
0.02508 2.83283 1.62315
0.00267 0.30703 0.17592
0.03737 4.39740 2.51972
0.01997 2.40274 1.37670
0.02679 3.26595 1.87133
0.04353 5.32446 3.05105
0.02291 2.80357 1.60638
0.01178 1.44324 0.82692
0.01561 1.91033 1.09456
0.01383 1.70006 0.97408
0.02823 3.47077 1.98870
0.00922 1.13490 0.65025
0.00935 1.15741 0.66315
0.07816 9.75385 5.59076
0.01561 1.96973 1.12859
0.02895 3.64752 2.08999
0.02106 2.65217 1.51963
0.03693 4.65594 2.66790
0.04449 5.65681 3.24155
0.02519 3.19768 1.83221
0.03749 4.75724 2.72596
0.05258 6.80939 3.90225
0.03609 4.68082 2.68215
0.02680 3.47748 1.99255
0.03594 4.66872 2.67522
0.03940 5.09926 2.92198
0.02179 2.82140 1.61660
0.02441 3.19952 1.83327
0.08338 11.06292 6.34182
0.03243 4.35400 2.49486
0.02019 2.76516 1.58437
0.01349 1.88949 1.08262
0.03006 4.31136 2.47042
0.05687 8.40264 4.81577
0.00893 1.36290 0.78089
0.01165 1.85762 1.06435
0.02528 4.20693 2.41057
0.05227 9.12698 5.23119
0.03500 6.37830 3.65512
0.01921 3.67251 2.10431
0.00870 1.73791 0.99576
0.00502 1.04488 0.59867
0.01707 3.65367 2.09351
0.02229 4.78692 2.74297
0.01794 3.94049 2.25788
0.01916 4.23715 2.42789
0.02402 5.39257 3.09009
0.00943 2.08286 1.19341
0.00712 1.73187 0.99230
0.00392 0.96214 0.55127
0.00966 2.48731 1.42516
0.00702 1.92202 1.10125
0.00520 1.52540 0.87400
0.02064 6.48260 3.71491
0.02220 6.98046 4.00032
0.01221 3.86471 2.21445
0.03454 10.94122 6.27199
0.01134 3.64644 2.08937
0.00488 1.58083 0.90576
0.00985 3.24209 1.85766
0.01054 3.47185 1.98932
0.01352 4.56598 2.61634
0.02356 8.00998 4.59061
0.03117 10.54228 6.04308
0.03678 12.27687 7.03855
0.04793 15.69518 9.00193
0.04883 15.94060 9.14299
0.04715 15.02489 8.61675
0.02202 6.90128 3.95493
0.03977 12.28856 7.04526
0.02774 8.43270 4.83301
0.01182 3.52468 2.01960
0.02710 7.80920 4.47548
0.01716 4.84716 2.77749
0.01213 3.29416 1.88750
0.00386 1.02275 0.58599
0.00179 0.45690 0.26178
0.00619 1.52572 0.87418
0.02411 5.84675 3.35042
0.01732 4.04148 2.31576
0.03655 8.36216 4.79256
0.02424 5.37990 3.08283
0.06184 13.34005 7.64896
0.06740 14.36681 8.23867
0.04454 9.17860 5.26080
0.11275 22.69893 13.03361
0.02208 4.36740 2.50254
0.07357 14.16549 8.12303
0.03103 5.96990 3.42101
0.04143 7.69653 4.41088
0.02107 3.87411 2.21984
0.03628 6.54431 3.75028
0.04636 8.12528 4.65673
0.05494 9.55648 5.47755
0.05000 8.45679 4.84683
0.08730 14.63120 8.39055
0.06222 10.06485 5.76917
0.08144 13.16063 7.54594
0.03822 6.07049 3.47867
0.05050 7.82678 4.48556
0.02445 3.81890 2.18820
0.05757 8.71992 4.99773
0.05625 8.59004 4.92324
0.02265 3.44805 1.97569
0.04278 6.30914 3.61547
0.05864 8.73066 5.00389
0.06754 9.71828 5.57036
0.06941 9.94771 5.70197
0.05878 8.20005 4.69960
0.04210 5.87076 3.36418
0.03591 4.95630 2.84004
0.05855 7.94058 4.55082
0.05349 7.20826 4.13092
0.06657 8.80122 5.04435
0.02160 2.85067 1.63337
0.03752 4.86408 2.78719
0.03044 3.90574 2.23797
0.05982 7.61458 4.36389
0.06039 7.65155 4.38509
0.05568 7.02577 4.02630
0.03052 3.81767 2.18749
0.02558 3.15207 1.80608
0.02949 3.58914 2.05654
0.01383 1.65961 0.95090
0.05879 7.06533 4.04898
0.04901 5.85620 3.35584
0.03235 3.84693 2.20426
0.11310 13.39394 7.67991
0.01335 1.56678 0.89771
0.03748 4.32042 2.47561
0.02427 2.91869 1.67234
0.04343 5.08272 2.91249
0.00132 0.15466 0.08862
0.01394 1.63892 0.93904
0.02972 3.46010 1.98259
0.02769 3.30779 1.89531
0.04365 5.17650 2.96625
0.02979 3.55792 2.03864
0.04848 5.82366 3.33719
0.03894 4.69770 2.69183
0.04493 5.49060 3.14628
0.02792 3.47806 1.99288
0.05139 6.51971 3.73618
0.04638 6.01718 3.44811
0.07110 9.43936 5.41036
0.02882 3.88862 2.22816
0.04239 6.05436 3.46942
0.03222 4.64843 2.66359
0.02340 3.40801 1.95274
0.00860 1.28789 0.73791
0.02000 3.15697 1.80889
0.00728 1.14989 0.65884
0.02403 3.86477 2.21449
0.01377 2.35371 1.34861
0.01411 2.38244 1.36507
0.02555 4.46945 2.56102
0.02111 3.70444 2.12261
0.01173 2.06754 1.18463
0.02017 3.64764 2.09006
0.02111 3.84210 2.20150
0.01649 3.10933 1.78159
0.00911 1.76635 1.01205
0.01284 2.47779 1.41970
0.01538 3.10047 1.77651
0.03626 7.11240 4.07597
0.03865 8.01639 4.59428
0.06031 11.99606 6.87736
0.02402 5.11466 2.93080
0.02358 4.73665 2.71416
0.03533 7.65827 4.38894
0.01859 3.76248 2.15587
0.01522 3.36008 1.92527
0.01966 4.38025 2.50990
0.02494 5.18683 2.97217
0.02058 4.60720 2.63996
0.00676 1.40247 0.80356
0.02812 6.18418 3.54384
0.01623 3.30043 1.89109
0.01258 2.70294 1.54872
0.02752 5.53491 3.17168
0.01463 3.03925 1.74143
0.02182 4.40739 2.52545
0.03569 6.83270 3.91561
0.04471 8.59151 4.92409
0.01424 2.59500 1.48687
0.01559 2.90452 1.66422
0.02368 4.15902 2.38311
0.02639 4.77809 2.73790
0.05734 9.86212 5.65287
0.06371 10.65923 6.11019
0.03918 6.30829 3.61498
0.03600 5.80941 3.32901
0.02096 3.24941 1.86186
0.02070 3.14960 1.80466
0.00613 0.91674 0.52525
0.00929 1.35639 0.77716
0.01246 1.78953 1.02534
0.01905 2.67604 1.53331
0.02118 2.91766 1.67175
0.02095 2.83186 1.62259
0.01263 1.67406 0.95918
0.00582 0.76215 0.43668
0.00976 1.24985 0.71612
0.00994 1.25695 0.72018
0.02177 2.70829 1.55178
0.01029 1.26016 0.72202
0.01376 1.65966 0.95093
0.02481 2.94983 1.69019
0.01180 1.38267 0.79222
0.03871 4.46253 2.55705
0.02819 3.21859 1.84419
0.03503 3.93166 2.25282
0.02941 3.26668 1.87175
0.01154 1.26951 0.72738
0.01284 1.39811 0.80106
0.00928 1.00230 0.57428
0.01185 1.26857 0.72684
0.01784 1.89841 1.08773
0.01707 1.80554 1.03451
0.01071 1.12932 0.64706
0.03535 3.71730 2.12998
0.03916 4.10300 2.35101
0.01869 1.96147 1.12386
0.01117 1.17324 0.67222
0.01240 1.30254 0.74631
0.01917 2.02466 1.16006
0.01875 1.96429 1.12547
0.00707 0.74302 0.42572
0.01915 2.01096 1.15221
0.02691 2.84176 1.62826
0.01810 1.92105 1.10070
0.03357 3.56911 2.04506
0.02091 2.22553 1.27516
0.02175 2.31655 1.32731
0.01810 1.93632 1.10945
0.03205 3.43195 1.96646
0.02224 2.38755 1.36800
0.03047 3.27946 1.87908
0.03029 3.26162 1.86886
0.02205 2.38355 1.36571
0.01007 1.08406 0.62113
0.00860 0.92623 0.53069
0.01559 1.67892 0.96196
0.00200 0.21453 0.12291
0.02045 2.20198 1.26167
0.03116 3.34708 1.91782
0.02289 2.46030 1.40968
0.01474 1.57818 0.90424
0.01239 1.32122 0.75701
0.01094 1.16548 0.66778
0.00962 1.01893 0.58381
0.00083 0.08793 0.05038
0.00525 0.55368 0.31723
0.02336 2.44823 1.40277
0.02572 2.69205 1.54248
0.01938 2.02814 1.16206
0.01991 2.07986 1.19169
0.02080 2.15101 1.23246
0.01375 1.41455 0.81048
0.02823 2.88462 1.65282
0.01866 1.89958 1.08840
0.01448 1.46180 0.83756
0.00470 0.47275 0.27087
0.03458 3.45647 1.98051
0.02344 2.30368 1.31994
0.04548 4.50957 2.58401
0.05331 5.21063 2.98581
0.03093 3.03373 1.73827
0.05364 5.23480 2.99966
0.02206 2.13036 1.22063
0.03945 3.78190 2.16700
0.03444 3.28145 1.88022
0.03251 3.07621 1.76261
0.04894 4.63096 2.65358
0.03490 3.26986 1.87357
0.01992 1.87106 1.07206
0.02304 2.15750 1.23618
0.00499 0.46633 0.26719
0.00661 0.61882 0.35456
0.01783 1.66892 0.95623
0.01363 1.27238 0.72902
0.01773 1.65910 0.95061
0.01078 1.00773 0.57739
0.03158 2.95048 1.69056
0.04731 4.42603 2.53614
0.02419 2.26566 1.29815
0.04178 3.90474 2.23739
0.03776 3.53642 2.02633
0.02370 2.21456 1.26887
0.02292 2.14971 1.23172
0.02142 2.00606 1.14941
0.01818 1.69984 0.97395
0.01095 1.02629 0.58802
0.01381 1.29098 0.73968
0.05421 5.07566 2.90845
0.02080 1.95295 1.11897
0.00742 0.69452 0.39793
0.04059 3.80900 2.18253
0.02809 2.63716 1.51102
0.03744 3.51535 2.01425
0.01022 0.95764 0.54869
0.00244 0.22724 0.13020
0.01171 1.08656 0.62256
0.00667 0.62033 0.35542
0.01654 1.53149 0.87749
0.02003 1.85418 1.06238
0.02332 2.15899 1.23703
0.01360 1.25374 0.71834
0.01674 1.54589 0.88574
0.05290 4.89017 2.80214
0.02490 2.29110 1.31273
0.03603 3.30894 1.89597
0.02779 2.53179 1.45065
0.02248 2.04836 1.17364
0.02794 2.54207 1.45654
0.04109 3.73795 2.14181
0.03121 2.80333 1.60624
0.02530 2.27392 1.30289
0.07486 6.72989 3.85667
0.05450 4.92260 2.82073
0.03555 3.18939 1.82746
0.02201 1.95756 1.12162
0.04437 3.89889 2.23404
0.03387 2.98536 1.71055
0.05683 4.99540 2.86245
0.02492 2.17981 1.24896
0.01859 1.62250 0.92963
0.01900 1.65114 0.94604
0.02551 2.21249 1.26769
0.04318 3.72395 2.13379
0.03007 2.59297 1.48570
0.03474 2.97740 1.70599
0.07018 5.99031 3.43271
0.03948 3.36637 1.92888
0.03677 3.14245 1.80057
0.05837 5.00969 2.87064
0.03163 2.71141 1.55357
0.02120 1.82211 1.04401
0.04356 3.75409 2.15106
0.03813 3.28655 1.88314
0.02292 1.98168 1.13544
0.02977 2.57731 1.47673
0.01942 1.68853 0.96747
0.04030 3.49980 2.00534
0.04390 3.83203 2.19573
0.03445 3.03204 1.73730
0.04836 4.24944 2.43493
0.03083 2.71639 1.55643
0.04767 4.19990 2.40654
0.02533 2.24639 1.28711
0.04572 4.06704 2.33041
0.04731 4.26883 2.44605
0.04000 3.61059 2.06883
0.05266 4.79413 2.74710
0.04320 3.99601 2.28969
0.06181 5.76377 3.30286
0.02335 2.20631 1.26415
0.04580 4.39252 2.51693
0.03619 3.50412 2.00781
0.04391 4.37702 2.50805
0.02637 2.64556 1.51584
0.09279 9.48615 5.43721
0.03092 3.21238 1.84064
0.04314 4.53976 2.60131
0.02675 2.88090 1.65069
0.01462 1.59800 0.91559
0.00589 0.65561 0.37564
0.00637 0.72473 0.41524
0.01189 1.37589 0.78833
0.01739 2.05951 1.18003
0.01288 1.54042 0.88260
0.00225 0.27435 0.15719
0.02140 2.64286 1.51429
0.00984 1.27183 0.72871
0.02307 3.24039 1.85669
0.03523 4.94284 2.83233
0.00481 0.67507 0.38678
0.02741 3.84557 2.20348
0.10376 14.58062 8.36150
0.12612 17.72271 10.16770
0.01047 1.47044 0.84250
0.00574 0.80629 0.46197
0.00525 0.73892 0.42337
0.02403 3.38349 1.93869
0.02985 4.19777 2.40532
0.04131 5.81677 3.33323
0.06951 9.78743 5.61003
0.05122 7.21416 4.13431
0.65022 88.35327 52.43327
0.02953 4.82004 2.76195
0.06248 10.51069 6.02495
0.01970 3.41642 1.95756
0.04786 8.60296 4.93066
0.06722 12.61231 7.23112
0.05111 9.92985 5.69173
0.02301 4.71248 2.70030
0.02321 4.99940 2.86475
0.05512 12.62932 7.24089
0.04833 11.75956 6.74162
0.03955 10.25172 5.87638
0.03748 10.44531 5.98745
0.03903 11.72198 6.72005
0.03258 10.52195 6.03142
0.02953 10.22669 5.86202
0.02289 8.57510 4.91468
0.02925 11.87292 6.80668
0.03293 14.18136 8.13215
0.02983 13.47891 7.72871
0.01429 6.65314 3.81267
0.01359 6.52811 3.74100
0.03922 19.34753 11.10268
0.04502 22.70329 13.03613
0.03434 17.41786 9.99235
0.01763 8.88606 5.09301
0.02413 12.11622 6.94634
0.02495 12.53469 7.18656
0.02520 12.75916 7.31543
0.00725 3.67471 2.10557
0.02049 10.32086 5.91604
0.02341 11.82953 6.78178
0.00848 4.29171 2.45916
0.02841 14.14232 8.10972
0.02791 13.13363 7.53044
0.03528 15.40626 8.83589
0.03585 14.30017 8.20039
0.02293 8.46347 4.85066
0.02233 7.71507 4.42150
0.01403 4.60515 2.63879
0.02620 8.08543 4.63387
0.02524 7.37212 4.22487
0.02055 5.57486 3.19458
0.01337 3.42074 1.96003
0.01738 4.19294 2.40255
0.01220 2.76634 1.58505
0.01516 3.26959 1.87342
0.01585 3.24581 1.85979
0.01692 3.34078 1.91422
0.01815 3.44612 1.97458
0.01216 2.23770 1.28214
0.01706 3.05955 1.75306
0.01011 1.75237 1.00405
0.04956 8.29512 4.75412
0.02862 4.61927 2.64688
0.03463 5.40613 3.09786
0.01543 2.32872 1.33429
0.03315 4.87512 2.79351
0.05935 8.58719 4.92161
0.03028 4.28671 2.45629
0.00979 1.36139 0.78002
0.01605 2.15712 1.23596
0.04365 5.67692 3.25307
0.00993 1.25419 0.71860
0.03733 4.62782 2.65178
0.02759 3.39208 1.94361
0.03506 4.20886 2.41168
0.02792 3.31726 1.90073
0.02787 3.21612 1.84278
0.01617 1.83528 1.05155
0.03596 4.03853 2.31407
0.03504 3.88729 2.22740
0.01402 1.53476 0.87936
0.01383 1.49551 0.85687
0.03755 4.02124 2.30416
0.02717 2.87338 1.64638
0.01823 1.90207 1.08982
0.01611 1.66111 0.95176
0.03761 3.82449 2.19140
0.02180 2.20426 1.26297
0.00789 0.79185 0.45370
0.04278 4.26630 2.44460
0.02495 2.48082 1.42144
0.02671 2.62885 1.50626
0.04150 4.06042 2.32661
0.04120 4.00820 2.29668
0.05180 5.02470 2.87924
0.02228 2.14408 1.22849
0.02861 2.74936 1.57532
0.01376 1.30813 0.74951
0.02209 2.09574 1.20079
0.03119 2.96066 1.69640
0.01587 1.49450 0.85629
0.01590 1.49800 0.85830
0.01847 1.73717 0.99534
0.02433 2.28677 1.31025
0.03058 2.87963 1.64996
0.02484 2.33155 1.33591
0.02609 2.46354 1.41154
0.02101 1.98048 1.13475
0.04351 4.08536 2.34090
0.01741 1.62717 0.93231
0.01601 1.49592 0.85711
0.02486 2.33824 1.33974
0.03459 3.27477 1.87639
0.03935 3.72743 2.13579
0.02752 2.59912 1.48923
0.02130 1.99610 1.14370
0.02546 2.38068 1.36406
0.01591 1.48660 0.85177
0.03854 3.61008 2.06854
0.04678 4.38427 2.51220
0.04686 4.39659 2.51926
0.02183 2.04601 1.17230
0.04057 3.78316 2.16772
0.02852 2.65961 1.52389
0.02520 2.34150 1.34161
0.02814 2.63425 1.50936
0.06583 6.15885 3.52932
0.04006 3.74119 2.14367
0.02412 2.24084 1.28393
0.03164 2.92610 1.67659
0.01744 1.61273 0.92404
0.00661 0.61379 0.35168
0.04552 4.23340 2.42574
0.02506 2.32263 1.33080
0.03479 3.22142 1.84582
0.03514 3.25295 1.86389
0.04584 4.24113 2.43017
0.05787 5.34782 3.06444
0.03162 2.92001 1.67310
0.05134 4.74999 2.72180
0.01669 1.54577 0.88567
0.03874 3.57313 2.04736
0.02935 2.69787 1.54581
0.00507 0.46329 0.26544
0.03000 2.74394 1.57221
0.04743 4.34585 2.49018
0.04167 3.81977 2.18870
0.05780 5.29411 3.03366
0.04719 4.33148 2.48195
0.04590 4.22621 2.42162
0.00742 0.67554 0.38706
0.02117 1.92867 1.10506
0.02399 2.18977 1.25467
0.02231 2.03242 1.16451
0.02090 1.90240 1.09001
0.02105 1.91637 1.09801
0.03679 3.34325 1.91563
0.01306 1.18798 0.68066
0.00968 0.87688 0.50242
0.03494 3.16942 1.81602
0.04252 3.85948 2.21146
0.02180 1.97305 1.13049
0.09362 8.45826 4.84767
0.02269 2.04307 1.17061
0.02222 2.00701 1.14995
0.02121 1.91526 1.09738
0.03456 3.11281 1.78358
0.03504 3.14401 1.80146
0.03093 2.78006 1.59291
0.03391 3.04563 1.74508
0.01403 1.25248 0.71762
0.04492 4.02071 2.30385
0.02183 1.94653 1.11529
0.02264 2.02898 1.16254
0.05948 5.30877 3.04206
0.00412 0.36792 0.21081
0.02191 1.94752 1.11587
0.01581 1.39866 0.80138
0.02084 1.84383 1.05645
0.01875 1.65837 0.95019
0.02878 2.54257 1.45682
0.04681 4.12959 2.36625
0.02825 2.49620 1.43025
0.03435 3.02295 1.73209
0.04460 3.93215 2.25310
0.03242 2.84989 1.63292
0.04022 3.52916 2.02216
0.00720 0.63252 0.36241
0.01221 1.06933 0.61268
0.02643 2.31347 1.32555
0.02428 2.13013 1.22050
0.03668 3.22131 1.84575
0.02544 2.22731 1.27618
0.01722 1.50604 0.86290
0.02244 1.95741 1.12153
0.04886 4.30174 2.46490
0.02941 2.57812 1.47719
0.02982 2.61960 1.50097
0.01699 1.48828 0.85273
0.02218 1.95644 1.12098
0.03898 3.44125 1.97179
0.01396 1.22693 0.70298
0.03387 2.96110 1.69665
0.01970 1.74297 0.99866
0.05603 4.97802 2.85249
0.00074 0.06653 0.03812
0.02936 2.63563 1.51015
0.01511 1.34783 0.77226
0.02028 1.80571 1.03461
0.02612 2.33387 1.33724
0.01890 1.70507 0.97694
0.01843 1.67129 0.95759
0.05283 4.86471 2.78755
0.01891 1.74980 1.00257
0.03464 3.18818 1.82677
0.06537 5.96471 3.41803
0.03413 3.12803 1.79231
0.01200 1.11936 0.64135
0.04652 4.41125 2.52767
0.01783 1.69904 0.97349
0.01665 1.63356 0.93597
0.01860 1.80217 1.03258
0.01952 1.88520 1.08016
0.01610 1.55845 0.89294
0.01885 1.84608 1.05774
0.02428 2.39928 1.37472
0.02621 2.62111 1.50183
0.04889 4.91167 2.81446
0.05630 5.69293 3.26225
0.03416 3.50412 2.00782
0.02431 2.47997 1.42095
0.01768 1.81094 1.03761
0.02204 2.27315 1.30244
0.01858 1.94723 1.11570
0.02092 2.20524 1.26354
0.00483 0.50840 0.29129
0.01704 1.80614 1.03486
0.04330 4.60981 2.64146
0.01414 1.52728 0.87508
0.06514 7.06068 4.04631
0.03059 3.32995 1.90801
0.02442 2.66327 1.52599
0.02654 2.90944 1.66705
0.04175 4.60142 2.63665
0.03021 3.33822 1.91275
0.07122 7.94500 4.55335
0.03900 4.39444 2.51803
0.04685 5.27976 3.02543
0.05720 6.44121 3.69118
0.04880 5.48677 3.14408
0.03286 3.73256 2.13873
0.02806 3.22310 1.84678
0.04104 4.75797 2.72637
0.05422 6.31895 3.62110
0.03450 4.02620 2.30700
0.03283 3.82697 2.19283
0.01444 1.69752 0.97262
0.02018 2.38629 1.36728
0.01853 2.22021 1.27211
0.01057 1.26889 0.72702
0.03560 4.32505 2.47826
0.01585 1.95677 1.12116
0.00987 1.24606 0.71395
0.01090 1.38725 0.79484
0.00202 0.26093 0.14950
0.00888 1.16370 0.66676
0.01890 2.51811 1.44281
0.03184 4.31163 2.47057
0.02372 3.23775 1.85517
0.01813 2.53264 1.45113
0.01421 2.01339 1.15361
0.01501 2.16134 1.23838
0.01767 2.57762 1.47691
0.03769 5.59024 3.20339
0.02200 3.30583 1.89419
0.03694 5.65067 3.23803
0.04322 6.73704 3.86077
0.07312 11.63377 6.66943
0.03010 4.89213 2.80326
0.02323 3.86922 2.21704
0.00538 0.91093 0.52193
0.02049 3.51809 2.01582
0.02984 5.23873 3.00191
0.03478 6.16238 3.53135
0.00569 1.03544 0.59327
0.03344 6.20620 3.55646
0.01367 2.60957 1.49522
0.01153 2.23153 1.27860
0.02525 4.99336 2.86128
0.01124 2.26557 1.29810
0.01233 2.53709 1.45368
0.02914 6.16398 3.53226
0.03343 7.20439 4.12871
0.01677 3.71771 2.13022
0.00063 0.14433 0.08270
0.01506 3.57679 2.04946
0.01251 3.06683 1.75723
0.01404 3.56887 2.04492
0.00572 1.47841 0.84707
0.02204 5.99722 3.43667
0.03817 10.49407 6.01542
0.05049 14.29358 8.19661
0.01849 5.50050 3.15195
0.03466 10.16340 5.82571
0.01300 4.07338 2.33404
0.01446 4.43250 2.53984
0.00672 2.08620 1.19532
0.04137 13.29850 7.62511
0.03553 11.20176 6.42150
0.02481 8.08814 4.63543
0.00155 0.49796 0.28531
0.01729 5.67811 3.25376
0.01506 5.08846 2.91579
0.00440 1.46042 0.83677
0.03232 10.92440 6.26234
0.02010 6.81058 3.90293
0.01560 5.48045 3.14046
0.01390 4.86613 2.78836
0.00714 2.45358 1.40584
0.00698 2.37092 1.35847
0.01172 3.95797 2.26790
0.02286 7.72339 4.42628
0.01180 4.06431 2.32884
0.02620 8.85445 5.07488
0.00572 1.92805 1.10471
0.01601 5.42291 3.10748
0.03541 11.76705 6.74592
0.02199 7.31616 4.19279
0.03608 11.74028 6.73055
0.01833 5.84293 3.34823
0.02072 6.39671 3.66567
0.01779 5.42929 3.11114
0.01890 5.69635 3.26421
0.00152 0.45294 0.25951
0.00731 2.09109 1.19813
0.00684 1.98240 1.13585
0.02211 6.12936 3.51241
0.01008 2.72975 1.56408
0.01585 4.21439 2.41485
0.01590 4.11137 2.35581
0.03040 7.46327 4.27713
0.00771 1.83152 1.04940
0.00661 1.50355 0.86148
0.02050 4.42415 2.53506
0.02669 5.60770 3.21340
0.00883 1.79535 1.02867
0.02833 5.51582 3.16073
0.02699 5.03722 2.88642
0.00971 1.73854 0.99612
0.01502 2.59355 1.48603
0.05655 9.33548 5.35078
0.02983 4.76716 2.73164
0.01947 2.98312 1.70926
0.04435 6.48477 3.71615
0.03749 5.26841 3.01892
0.02705 3.64442 2.08821
0.01965 2.57274 1.47411
0.04799 6.10592 3.49898
0.03762 4.65702 2.66852
0.06376 7.61762 4.36563
0.02327 2.69951 1.54675
0.03185 3.60671 2.06660
0.03073 3.39250 1.94385
0.01481 1.59913 0.91625
0.01230 1.29585 0.74247
0.02106 2.16187 1.23868
0.01117 1.11970 0.64154
0.00474 0.46422 0.26598
0.01783 1.70700 0.97805
0.03328 3.11804 1.78658
0.03587 3.29384 1.88732
0.00358 0.32163 0.18428
0.03095 2.71189 1.55385
0.00754 0.64929 0.37202
0.02889 2.44484 1.40083
0.01949 1.64104 0.94026
0.02225 1.87237 1.07280
0.04490 3.79987 2.17729
0.06436 5.47435 3.13696
0.03852 3.28229 1.88070
0.03804 3.22976 1.85060
0.03557 3.02151 1.73127
0.02947 2.50756 1.43677
0.03370 2.85085 1.63347
0.04602 3.90618 2.23822
0.01557 1.32016 0.75640
0.02344 1.98753 1.13879
0.06576 5.58020 3.19764
0.08217 6.98145 4.00089
0.05077 4.32122 2.47607
0.02555 2.18370 1.25119
0.02384 2.03487 1.16591
0.05142 4.41728 2.53112
0.02576 2.21061 1.26661
0.04066 3.50546 2.00858
0.02831 2.43974 1.39791
0.01592 1.37506 0.78786
0.04187 3.62333 2.07613
0.00095 0.08244 0.04723
0.05270 4.58545 2.62750
0.04741 4.13515 2.36944
0.04641 4.05037 2.32085
0.03342 2.93409 1.68117
0.05201 4.57593 2.62205
0.10170 8.97343 5.14312
0.03895 3.43625 1.96892
0.04431 3.91644 2.24410
0.01169 1.03171 0.59113
0.01474 1.31009 0.75063
0.08350 7.47537 4.28407
0.04640 4.16296 2.38538
0.02991 2.69376 1.54346
0.00314 0.28149 0.16128
0.01135 1.02311 0.58620
0.01962 1.78079 1.02033
0.05724 5.21173 2.98644
0.03129 2.84774 1.63169
0.02654 2.41395 1.38312
0.02272 2.06533 1.18337
0.02457 2.23482 1.28048
0.01044 0.95382 0.54650
0.02320 2.13596 1.22384
0.02941 2.70858 1.55195
0.05878 5.40497 3.09720
0.04084 3.73587 2.14062
0.04750 4.33095 2.48165
0.00471 0.42981 0.24626
0.01482 1.34784 0.77226
0.01922 1.75880 1.00773
0.04816 4.41961 2.53246
0.01225 1.12689 0.64567
0.03222 2.96501 1.69889
0.04175 3.85266 2.20755
0.03020 2.79406 1.60093
0.04865 4.50441 2.58106
0.04144 3.84870 2.20528
0.06040 5.60004 3.20901
0.03311 3.08631 1.76839
0.03167 2.96005 1.69605
0.00642 0.60190 0.34486
0.06349 5.97325 3.42293
0.02284 2.14423 1.22857
0.04478 4.21782 2.41681
0.06010 5.68948 3.26027
0.00257 0.24254 0.13897
0.03396 3.22707 1.84906
0.03424 3.25211 1.86340
0.03510 3.35897 1.92464
0.07362 7.02994 4.02869
0.02698 2.59082 1.48447
0.01959 1.88521 1.08016
0.01705 1.64100 0.94023
0.00668 0.64445 0.36924
0.01696 1.64358 0.94171
0.00810 0.79024 0.45277
0.02436 2.36061 1.35256
0.02018 1.96686 1.12695
0.03889 3.80235 2.17872
0.01653 1.62171 0.92918
0.00349 0.34331 0.19670
0.02175 2.13783 1.22491
0.00684 0.67443 0.38642
0.01381 1.36906 0.78442
0.00395 0.39316 0.22526
0.02411 2.40864 1.38008
0.00660 0.65776 0.37687
0.00852 0.85388 0.48924
0.04583 4.60270 2.63739
0.01451 1.46607 0.84000
0.05270 5.34504 3.06285
0.01080 1.09537 0.62761
0.02075 2.11345 1.21094
0.01486 1.51676 0.86905
0.00832 0.85227 0.48832
0.03801 3.90498 2.23753
0.08785 9.04241 5.18269
0.04495 4.66201 2.67138
0.02846 2.94899 1.68971
0.01918 1.98930 1.13980
0.04511 4.68811 2.68634
0.01388 1.44356 0.82711
0.10864 11.37297 6.51975
0.00691 0.72214 0.41376
0.02847 2.97686 1.70568
0.02820 2.93382 1.68101
0.01073 1.11574 0.63928
0.03873 4.02744 2.30771
0.03875 4.01406 2.30004
0.01169 1.21128 0.69401
0.05224 5.38062 3.08324
0.02185 2.24747 1.28773
0.01072 1.09489 0.62733
0.00217 0.21964 0.12584
0.00973 0.98608 0.56498
0.02097 2.10081 1.20370
0.00904 0.90608 0.51915
0.02915 2.91362 1.66944
0.01667 1.64380 0.94184
0.03554 3.50012 2.00552
0.02943 2.88552 1.65334
0.06036 5.89332 3.37711
0.02188 2.12418 1.21709
0.03787 3.65358 2.09346
0.00850 0.81006 0.46413
0.03804 3.60274 2.06433
0.01574 1.47742 0.84651
0.02641 2.47313 1.41703
0.01388 1.29378 0.74129
0.03776 3.48972 1.99957
0.03358 3.08923 1.77007
0.02226 2.03793 1.16767
0.04454 4.04332 2.31681
0.09533 8.63158 4.94707
0.07900 7.09735 4.06734
0.04152 3.71460 2.12843
0.02974 2.61597 1.49888
0.05505 4.99696 2.86335
0.04573 4.10623 2.35286
0.06922 6.16688 3.53392
0.00593 0.53076 0.30410
0.06237 5.59287 3.20489
0.01777 1.59499 0.91387
0.04196 3.79050 2.17192
0.01553 1.40397 0.80442
0.04229 3.83060 2.19491
0.03326 3.01595 1.72808
0.02351 2.14299 1.22787
0.01349 1.22645 0.70271
0.01233 1.13112 0.64809
0.02229 2.04836 1.17365
0.01330 1.22322 0.70086
0.01378 1.27451 0.73024
0.05881 5.44811 3.12192
0.05343 4.97538 2.85098
0.01150 1.07653 0.61681
0.01315 1.23484 0.70752
0.01361 1.28522 0.73638
0.01886 1.78731 1.02407
0.01737 1.65446 0.94795
0.01394 1.32882 0.76137
0.00997 0.95499 0.54717
0.02329 2.25390 1.29142
0.01815 1.75713 1.00677
0.02757 2.69642 1.54498
0.01335 1.31991 0.75626
0.03977 4.00614 2.29550
0.03164 3.26374 1.87007
0.04698 4.96782 2.84665
0.02804 3.04701 1.74588
0.00951 1.06801 0.61193
0.02720 3.14598 1.80259
0.07100 8.46202 4.84983
0.02819 3.45724 1.98095
0.04570 5.81162 3.33028
0.04441 5.87564 3.36698
0.03348 4.58783 2.62886
0.03266 4.66189 2.67131
0.02458 3.63107 2.08056
0.03603 5.37628 3.08075
0.03191 5.21301 2.98718
0.06000 9.82870 5.63370
0.02359 3.98323 2.28237
0.03704 6.45788 3.70074
0.03271 5.85927 3.35760
0.00940 1.71614 0.98329
0.04388 8.22992 4.71673
0.01290 2.46341 1.41146
0.03054 5.96578 3.41865
0.02867 5.78740 3.31640
0.03722 7.68934 4.40675
0.01957 4.24381 2.43170
0.02024 4.51605 2.58773
0.01302 3.00356 1.72098
0.02303 5.63361 3.22824
0.01189 3.04387 1.74407
0.01349 3.74003 2.14301
0.01558 4.59635 2.63374
0.01302 4.12692 2.36472
0.02536 8.56977 4.91162
0.00987 3.34113 1.91441
0.01404 4.84580 2.77671
0.02729 9.44798 5.41531
0.04138 14.10752 8.08973
0.03008 10.64221 6.10042
0.01725 6.05127 3.46765
0.00501 1.81898 1.04221
0.00270 0.99033 0.56742
0.01486 5.29672 3.03515
0.04262 15.26126 8.75256
0.01250 4.23092 2.42432
0.02733 9.15937 5.24977
0.02859 9.02237 5.17119
0.01093 3.41133 1.95464
0.01982 5.98043 3.42704
0.01981 5.65465 3.24031
0.02701 7.62952 4.37245
0.03038 8.03878 4.60712
0.02495 6.51538 3.73370
0.03949 9.87407 5.65973
0.01874 4.37768 2.50843
0.01018 2.31055 1.32388
0.03402 7.24486 4.15191
0.03595 7.41905 4.25178
0.02318 4.48087 2.56756
0.01429 2.74039 1.57018
0.00907 1.64441 0.94219
0.01913 3.30823 1.89556
0.02768 4.62519 2.65027
0.00805 1.29554 0.74229
0.01355 2.10114 1.20389
0.01743 2.60494 1.49256
0.01662 2.38283 1.36529
0.02045 2.87681 1.64835
0.02420 3.30700 1.89486
0.01425 1.89614 1.08643
0.03351 4.35464 2.49522
0.02690 3.40980 1.95377
0.06857 8.42437 4.82823
0.05626 6.70962 3.84505
0.02090 2.43640 1.39599
0.01927 2.20292 1.26220
0.01224 1.36969 0.78478
0.01186 1.30224 0.74613
0.03429 3.68206 2.10979
0.05709 6.01746 3.44827
0.01023 1.06107 0.60795
0.03816 3.91918 2.24567
0.04192 4.07229 2.33341
0.03738 3.90432 2.23716
0.01157 1.13918 0.65270
0.02230 2.14430 1.22862
0.00958 0.91478 0.52413
0.01352 1.27393 0.72991
0.04776 4.41966 2.53249
0.02804 2.57402 1.47485
0.07119 6.44887 3.69557
0.04733 4.24054 2.42983
0.01651 1.45849 0.83566
0.01282 1.11313 0.63778
0.03096 2.66925 1.52941
0.01146 0.98475 0.56422
0.02006 1.70866 0.97900
0.04140 3.49256 2.00119
0.04381 3.67414 2.10525
0.01977 1.64914 0.94490
0.03530 2.93321 1.68067
0.05641 4.70635 2.69679
0.02668 2.21582 1.26960
0.02021 1.67194 0.95796
0.08217 6.78697 3.88940
0.01257 1.03562 0.59337
0.06921 5.72832 3.28254
0.00545 0.45108 0.25845
0.02195 1.81518 1.04004
0.02318 1.92230 1.10141
0.02072 1.72217 0.98674
0.06192 5.21400 2.98774
0.07348 6.18360 3.54351
0.02146 1.79644 1.02930
0.02679 2.24199 1.28459
0.01837 1.54155 0.88325
0.01445 1.21666 0.69710
0.00665 0.55689 0.31907
0.07551 6.32267 3.62322
0.02117 1.78472 1.02258
0.04977 4.16987 2.38933
0.00933 0.78031 0.44709
0.00106 0.08820 0.05053
0.00781 0.65109 0.37304
0.00928 0.77372 0.44331
0.01349 1.12600 0.64515
0.03127 2.61726 1.49962
0.01574 1.31936 0.75594
0.02371 1.98347 1.13646
0.01155 0.96686 0.55397
0.00890 0.74342 0.42595
0.02375 2.00431 1.14841
0.06638 5.63054 3.22649
0.05657 4.81257 2.75767
0.03559 3.02967 1.73594
0.03453 2.94961 1.69007
0.03692 3.15105 1.80549
0.06002 5.16431 2.95926
0.04686 4.05154 2.32152
0.00981 0.84949 0.48673
0.03559 3.08399 1.76707
0.03138 2.71734 1.55697
0.03142 2.76179 1.58244
0.03530 3.12268 1.78924
0.04130 3.65446 2.09397
0.00937 0.82697 0.47382
0.02380 2.09209 1.19870
0.05450 4.78418 2.74140
0.06074 5.37765 3.08154
0.03713 3.33357 1.91008
0.03681 3.26656 1.87169
0.01974 1.74395 0.99922
0.02161 1.90861 1.09357
0.04837 4.31600 2.47308
0.01645 1.47396 0.84453
0.03631 3.22997 1.85072
0.02997 2.66393 1.52636
0.00543 0.48116 0.27568
0.02646 2.34948 1.34619
0.01693 1.50500 0.86231
0.03998 3.53484 2.02542
0.01216 1.07971 0.61863
0.03846 3.42835 1.96440
0.02941 2.63767 1.51132
0.05320 4.78860 2.74393
0.04241 3.75647 2.15242
0.05031 4.46604 2.55907
0.01653 1.46632 0.84015
0.01472 1.30868 0.74982
0.00373 0.33227 0.19038
0.01387 1.23544 0.70786
0.01668 1.48983 0.85362
0.00737 0.65559 0.37562
0.01536 1.36654 0.78298
0.02460 2.18234 1.25041
0.00697 0.61825 0.35423
0.01679 1.49353 0.85574
0.03281 2.91981 1.67299
0.04039 3.60028 2.06292
0.03031 2.70479 1.54978
0.03767 3.36628 1.92883
0.03129 2.78949 1.59831
0.02509 2.18028 1.24923
0.05188 4.80698 2.75446
0.04337 3.90972 2.24025
0.06572 5.94493 3.40669
0.00811 0.73347 0.42025
0.01160 1.04957 0.60136
0.02865 2.60456 1.49235
0.02770 2.52395 1.44616
0.01513 1.37880 0.79000
0.02863 2.61642 1.49914
0.01920 1.75037 1.00290
0.02539 2.33197 1.33615
0.03002 2.74995 1.57566
0.04069 3.75080 2.14917
0.05035 4.65476 2.66722
0.03267 3.02745 1.73467
0.00951 0.88076 0.50464
0.00516 0.47803 0.27389
0.01325 1.23208 0.70594
0.03158 2.95412 1.69265
0.04136 3.88718 2.22733
0.10825 10.15087 5.81852
0.02457 2.31189 1.32465
0.06909 6.58341 3.77270
0.01298 1.23388 0.70697
0.01326 1.26111 0.72257
0.01767 1.67838 0.96165
0.03558 3.39407 1.94475
0.04203 4.03967 2.31472
0.02781 2.69050 1.54159
0.04787 4.65040 2.66472
0.01054 1.01995 0.58439
0.00187 0.18212 0.10435
0.00801 0.78311 0.44869
0.01844 1.80029 1.03150
0.01286 1.25846 0.72105
0.02418 2.39197 1.37053
0.01801 1.81178 1.03809
0.02740 2.75960 1.58119
0.02550 2.59164 1.48494
0.02851 2.92909 1.67830
0.00473 0.48938 0.28039
0.01160 1.22096 0.69956
0.04816 5.15167 2.95202
0.06419 6.95845 3.98770
0.01136 1.24139 0.71127
0.02071 2.28783 1.31086
0.01817 2.03060 1.16347
0.00929 1.05463 0.60426
0.03987 4.57768 2.62304
0.02374 2.83494 1.62435
0.02620 3.17597 1.81978
0.03740 4.64753 2.66308
0.05162 6.59072 3.77689
0.05532 7.23144 4.14421
0.03620 4.85213 2.78034
0.07502 10.27555 5.89005
0.05240 7.35076 4.21263
0.00570 0.81908 0.46930
0.04318 6.39768 3.66623
0.04101 6.23583 3.57345
0.02720 4.24374 2.43166
0.04821 7.76028 4.44743
0.09766 16.06285 9.21326
0.01076 1.81846 1.04192
0.02638 4.57657 2.62241
0.03552 6.35702 3.64292
0.01429 2.64235 1.51400
0.03068 5.93272 3.39970
0.02154 4.34015 2.48692
0.05335 11.25367 6.45128
0.03550 7.93342 4.54671
0.04919 11.72172 6.71990
0.05931 14.98485 8.59374
0.00607 1.62097 0.92876
0.01873 5.30277 3.03862
0.03463 10.52407 6.03263
0.03804 12.24834 7.02218
0.02509 8.45053 4.84324
0.02825 9.92891 5.69118
0.03489 12.61650 7.23352
0.02252 8.45516 4.84590
0.00521 2.01696 1.15565
0.01418 5.58854 3.20241
0.01890 7.51344 4.30590
0.01512 6.05349 3.46892
0.01931 7.78826 4.46347
0.01630 6.68297 3.82977
0.01884 8.25311 4.73003
0.03756 19.13080 10.97792
0.01065 6.88381 3.94491
0.01555 14.38981 8.25189
0.02020 27.80650 15.98373
0.03878 94.55525 56.42932
0.00057 6.32765 3.62608
0.01025 66.11929 38.60997
0.01442 108.00434 65.37023
0.00338 102.91545 61.93841
0.00405 133.97525 84.11503
0.00139 40.00729 23.07818
0.00114 50.44299 29.21724
0.00044 20.94881 12.02484
0.00360 109.11268 66.12634
0.00472 134.32397 84.38442
0.00515 136.90481 86.39637
0.00420 126.17079 78.22631
0.00107 37.47625 21.59999
0.00437 129.18626 80.47108
0.00191 48.43106 28.02757
0.00355 135.07013 84.96277
0.00476 125.32915 77.60616
0.00172 83.80822 49.54812
0.00461 95.37608 56.96370
0.00212 81.50082 48.09629
0.00468 129.65254 80.82149
0.00216 102.45460 61.63071
0.00306 108.61137 65.78395
0.00311 103.01926 62.00778
0.00323 87.47596 51.87364
0.00242 90.73329 53.95833
0.00183 73.22639 42.95452
0.00273 115.78856 70.75244
0.00296 129.41381 80.64197
0.00427 126.84883 78.72789
0.00202 94.70549 56.52703
0.00318 117.92834 72.26317
0.00280 134.66739 84.65028
0.00055 14.10815 8.09009
0.00240 140.88495 89.56618
0.00366 98.35180 58.91252
0.00160 70.71072 41.40965
0.00268 122.76967 75.73657
0.00053 35.11788 20.22592
0.00201 115.79308 70.75561
0.00159 125.09677 77.43542
0.00094 95.14235 56.81141
0.00185 125.46906 77.70907
0.00190 106.32134 64.22815
0.00202 114.28138 69.69678
0.00204 138.83100 87.91984
0.00266 141.30633 89.90684
0.00193 127.48957 79.20355
0.00182 140.78793 89.48789
0.00083 85.97810 50.92122
0.00128 112.88346 68.72368
0.00103 129.76539 80.90643
0.00157 137.06013 86.51851
0.00017 19.37041 11.11585
0.00238 130.22588 81.25362
0.00025 35.52068 20.46039
0.00277 124.67525 77.12621
0.00133 132.80503 83.21516
0.00181 104.11188 62.73957
0.00146 90.94963 54.09746
0.00174 119.14702 73.13011
0.00203 126.82902 78.71321
0.00259 115.41127 70.48753
0.00295 73.91691 43.38000
0.00805 118.33906 72.55481
0.00113 10.75994 6.16797
0.00324 22.80749 13.09622
0.00673 39.31193 22.67170
0.00469 24.70120 14.18897
0.00826 38.92967 22.44837
0.01120 44.98961 25.99964
0.03494 98.28363 58.86767
0.01895 37.19462 21.43574
0.02073 28.15466 16.18519
0.01864 19.30573 11.07862
0.02115 17.12193 9.82217
0.02130 14.32851 8.21667
0.01927 11.25243 6.45057
0.03242 16.37980 9.39546
0.02171 9.73873 5.58209
0.05294 21.17420 12.15470
0.01581 5.76912 3.30592
0.02465 8.34142 4.78067
0.02155 6.76965 3.87946
0.02732 8.04753 4.61214
0.03573 9.91587 5.68370
0.01130 2.97854 1.70664
0.02499 6.31195 3.61708
0.01919 4.60541 2.63894
0.15246 35.19491 20.27075
0.01640 3.66387 2.09936
0.02393 5.05738 2.89797
0.01952 3.92922 2.25142
0.03476 6.64017 3.80524
0.01708 3.14314 1.80096
0.01940 3.45557 1.97999
0.03991 6.77930 3.88500
0.02185 3.54131 2.02913
0.02805 4.36310 2.50007
0.01839 2.76492 1.58423
0.04261 6.21900 3.56380
0.01952 2.74493 1.57278
0.04923 6.72037 3.85122
0.02106 2.78468 1.59556
0.00430 0.55461 0.31777
0.00812 1.01677 0.58257
0.01097 1.34132 0.76853
0.03514 4.20261 2.40809
0.01851 2.14582 1.22949
0.00663 0.75187 0.43079
0.02041 2.24663 1.28725
0.03644 3.93569 2.25513
0.03020 3.17572 1.81963
0.03806 3.91815 2.24508
0.02668 2.67355 1.53188
0.03191 3.13288 1.79508
0.02145 2.06646 1.18401
0.02013 1.89648 1.08662
0.00895 0.82615 0.47335
0.03692 3.32843 1.90714
0.07432 6.59850 3.78135
0.03144 2.75620 1.57923
0.04081 3.55753 2.03842
0.04481 3.90396 2.23694
0.06645 5.77797 3.31100
0.01169 1.01576 0.58199
0.03788 3.29408 1.88746
0.02642 2.29968 1.31765
0.04062 3.56287 2.04148
0.03877 3.39148 1.94327
0.02022 1.76830 1.01317
0.02195 1.91279 1.09596
0.02528 2.20874 1.26554
0.03412 3.00246 1.72035
0.04129 3.63682 2.08386
0.03743 3.31003 1.89659
0.00578 0.51316 0.29402
0.03928 3.49632 2.00335
0.03646 3.26034 1.86812
0.02735 2.43443 1.39486
0.01648 1.46386 0.83874
0.04059 3.60956 2.06824
0.01289 1.15319 0.66073
0.03197 2.87598 1.64787
0.04573 4.13965 2.37201
0.03901 3.53722 2.02679
0.04295 3.90446 2.23723
0.01038 0.94418 0.54098
0.02308 2.08361 1.19384
0.05036 4.58066 2.62475
0.02262 2.06487 1.18310
0.01551 1.41663 0.81168
0.02945 2.70416 1.54942
0.01985 1.82451 1.04538
0.04072 3.74944 2.14840
0.03483 3.22732 1.84920
0.03384 3.14927 1.80447
0.04150 3.88055 2.22353
0.02254 2.09834 1.20228
0.05364 5.00268 2.86662
0.05171 4.82123 2.76263
0.03103 2.91718 1.67148
0.04779 4.51187 2.58533
0.03986 3.75768 2.15312
0.03661 3.46207 1.98372
0.04815 4.57800 2.62323
0.02976 2.84103 1.62784
0.01249 1.18532 0.67914
0.03045 2.90129 1.66238
0.02420 2.31780 1.32803
0.03584 3.44603 1.97453
0.02765 2.66311 1.52589
0.02038 1.96362 1.12509
0.01065 1.02872 0.58941
0.02125 2.05899 1.17973
0.01579 1.53138 0.87742
0.03429 3.33686 1.91197
0.03115 3.03648 1.73984
0.04276 4.20835 2.41139
0.04479 4.42130 2.53342
0.02055 2.02525 1.16040
0.01989 1.94947 1.11698
0.01660 1.62591 0.93159
0.00961 0.94482 0.54134
0.02572 2.54976 1.46095
0.03734 3.75525 2.15172
0.01662 1.67774 0.96129
0.03049 3.06601 1.75676
0.02308 2.30874 1.32284
0.01884 1.87073 1.07187
0.03881 3.82858 2.19375
0.02604 2.54158 1.45626
0.02328 2.25383 1.29137
0.03761 3.62003 2.07424
0.07373 7.02093 4.02352
0.02593 2.44783 1.40254
0.06098 5.69008 3.26062
0.07027 6.55546 3.75667
0.03150 2.91283 1.66899
0.05671 5.22962 2.99669
0.04545 4.17405 2.39173
0.02776 2.52743 1.44815
0.02262 2.02494 1.16023
0.03137 2.78184 1.59393
0.02815 2.48108 1.42159
0.02744 2.41528 1.38389
0.05771 5.04405 2.89033
0.09376 8.15708 4.67496
0.05316 4.59142 2.63092
0.09793 8.46068 4.84906
0.02467 2.13248 1.22185
0.01559 1.34708 0.77182
0.02591 2.25130 1.28993
0.01518 1.31996 0.75629
0.05618 4.90326 2.80964
0.01375 1.19401 0.68412
0.04622 4.04288 2.31656
0.04007 3.51409 2.01353
0.04098 3.61081 2.06895
0.02394 2.11094 1.20950
0.06065 5.33497 3.05708
0.04907 4.33141 2.48191
0.01916 1.70320 0.97587
0.02751 2.46074 1.40994
0.07876 7.09028 4.06328
0.02754 2.49365 1.42879
0.00574 0.52309 0.29971
0.00907 0.83423 0.47798
0.03670 3.40089 1.94866
0.09652 9.05170 5.18802
0.00707 0.66478 0.38089
0.01645 1.55567 0.89134
0.03179 3.02544 1.73351
0.01382 1.32442 0.75884
0.00703 0.68062 0.38996
0.01306 1.26829 0.72668
0.01639 1.59566 0.91426
0.01786 1.75324 1.00454
0.05154 5.08205 2.91212
0.02335 2.30360 1.31989
0.00457 0.45070 0.25823
0.00115 0.11383 0.06522
0.03555 3.54189 2.02946
0.01206 1.20733 0.69176
0.03002 2.96729 1.70019
0.01555 1.52850 0.87578
0.04989 4.88549 2.79946
0.03642 3.55894 2.03923
0.04763 4.62362 2.64937
0.03414 3.29656 1.88888
0.01822 1.74791 1.00149
0.01223 1.15994 0.66460
0.02154 2.04190 1.16994
0.03453 3.28867 1.88435
0.02811 2.66094 1.52465
0.06229 5.86870 3.36300
0.06052 5.64793 3.23646
0.05724 5.29803 3.03591
0.01839 1.69004 0.96834
0.08901 8.11168 4.64893
0.01902 1.72523 0.98849
0.02576 2.32376 1.33145
0.01727 1.55051 0.88838
0.00861 0.76565 0.43869
0.03047 2.71093 1.55329
0.01561 1.38500 0.79355
0.02178 1.93483 1.10859
0.04635 4.14759 2.37656
0.02157 1.93091 1.10635
0.06283 5.59525 3.20626
0.03262 2.90750 1.66593
0.04289 3.84161 2.20121
0.03168 2.85693 1.63696
0.01584 1.42639 0.81727
0.01585 1.43007 0.81938
0.01765 1.60495 0.91958
0.05622 5.11480 2.93089
0.08988 8.23015 4.71686
0.02041 1.87752 1.07576
0.01610 1.50012 0.85951
0.01393 1.31815 0.75525
0.02159 2.07545 1.18917
0.02489 2.43918 1.39758
0.03477 3.48055 1.99431
0.02430 2.47705 1.41928
0.01720 1.76360 1.01048
0.02359 2.45664 1.40759
0.01263 1.32364 0.75839
0.02838 2.99899 1.71836
0.01810 1.92161 1.10102
0.02424 2.57751 1.47684
0.02166 2.31810 1.32820
0.01302 1.39243 0.79781
0.00094 0.10099 0.05786
0.00845 0.91004 0.52142
0.01414 1.52558 0.87410
0.00916 0.99069 0.56763
0.00282 0.30424 0.17431
0.01900 2.05330 1.17648
0.01908 2.05742 1.17883
0.04935 5.34951 3.06541
0.02484 2.70540 1.55013
0.02457 2.66329 1.52600
0.04673 5.01967 2.87636
0.04724 5.00919 2.87035
0.04476 4.74933 2.72142
0.01560 1.62765 0.93259
0.03135 3.24481 1.85922
0.04368 4.49981 2.57842
0.02606 2.67426 1.53228
0.05631 5.74361 3.29130
0.03385 3.41085 1.95437
0.06178 6.17716 3.53982
0.03946 3.89544 2.23206
0.04310 4.21019 2.41244
0.04635 4.48247 2.56848
0.02848 2.72342 1.56045
0.02558 2.42922 1.39187
0.03684 3.44775 1.97552
0.05399 4.98971 2.85919
0.00718 0.65320 0.37426
0.02813 2.52321 1.44573
0.01522 1.35361 0.77557
0.02810 2.47358 1.41729
0.05714 4.99415 2.86173
0.02452 2.12683 1.21861
0.07167 6.15474 3.52696
0.01218 1.03444 0.59270
0.01757 1.48574 0.85127
0.05201 4.39645 2.51919
0.03072 2.60794 1.49428
0.05836 4.95682 2.84034
0.04255 3.63091 2.08048
0.09138 7.83630 4.49102
0.02730 2.34992 1.34644
0.03230 2.78238 1.59424
0.05151 4.44137 2.54492
0.01828 1.57765 0.90394
0.02612 2.25020 1.28930
0.01857 1.60878 0.92177
0.01365 1.18960 0.68159
0.01956 1.72230 0.98682
0.03366 2.96332 1.69792
0.02822 2.49977 1.43230
0.03093 2.76556 1.58460
0.02156 1.94679 1.11545
0.03914 3.56084 2.04032
0.03670 3.40430 1.95061
0.07350 6.91643 3.96361
0.03286 3.13808 1.79806
0.02054 1.98503 1.13736
0.01212 1.18902 0.68126
0.03550 3.52571 2.02019
0.02549 2.57750 1.47684
0.02436 2.51855 1.44306
0.04799 5.06259 2.90096
0.03250 3.46647 1.98624
0.05717 6.10966 3.50112
0.03642 3.89680 2.23284
0.03226 3.44874 1.97608
0.01324 1.42337 0.81554
0.03820 4.10878 2.35432
0.03954 4.27714 2.45081
0.07038 7.67250 4.39710
0.02700 2.93702 1.68285
0.02361 2.56786 1.47131
0.00399 0.43253 0.24782
0.01686 1.81701 1.04108
0.00959 1.02850 0.58929
0.02095 2.23993 1.28341
0.00898 0.95481 0.54707
0.01292 1.37274 0.78653
0.01881 1.97603 1.13220
0.03874 4.05158 2.32154
0.01882 1.93792 1.11037
0.01045 1.07210 0.61427
0.07024 7.17100 4.10956
0.04322 4.37170 2.50500
0.02732 2.70086 1.54753
0.09322 9.14935 5.24402
0.04503 4.39148 2.51634
0.01044 1.01860 0.58362
0.00843 0.81664 0.46790
0.01392 1.31771 0.75500
0.01331 1.24629 0.71408
0.00390 0.36617 0.20980
0.04429 4.14575 2.37551
0.03523 3.28223 1.88067
0.04370 4.02404 2.30576
0.03217 2.94558 1.68775
0.00511 0.46447 0.26612
0.01890 1.70299 0.97575
0.01519 1.35590 0.77688
0.01262 1.12229 0.64303
0.01053 0.93446 0.53541
0.01267 1.11494 0.63882
0.06982 6.13255 3.51424
0.07993 6.99990 4.01147
0.03939 3.40581 1.95148
0.07245 6.20781 3.55739
0.01784 1.51552 0.86834
0.02549 2.15375 1.23403
0.04634 3.86664 2.21556
0.03227 2.67384 1.53204
0.02462 2.04048 1.16913
0.04959 4.10612 2.35280
0.03576 2.95932 1.69563
0.04440 3.66596 2.10056
0.01625 1.34966 0.77330
0.05361 4.48539 2.57015
0.03567 2.99133 1.71397
0.03480 2.93520 1.68181
0.01105 0.92498 0.52998
0.02149 1.81129 1.03781
0.02402 2.02647 1.16110
0.02946 2.50675 1.43630
0.01170 0.99996 0.57294
0.03553 3.03264 1.73764
0.02566 2.19821 1.25951
0.03941 3.39654 1.94617
0.03890 3.38766 1.94108
0.02957 2.58888 1.48336
0.05484 4.77468 2.73595
0.00752 0.65435 0.37491
0.02224 1.94930 1.11688
0.05912 5.23667 3.00073
0.01760 1.56966 0.89936
0.03018 2.71780 1.55723
0.01504 1.35854 0.77839
0.00738 0.66478 0.38089
0.03548 3.20701 1.83756
0.02112 1.91829 1.09912
