-0.02832 -0.03466 0.56367
-0.02642 -0.04330 0.56011
-0.02639 -0.03494 0.56030
-0.03331 -0.04648 0.55949
-0.00256 -0.02517 0.56443
-0.03215 -0.02368 0.57313
-0.01417 0.00139 0.57947
-0.02789 -0.02731 0.58612
-0.02144 -0.04799 0.59254
-0.01930 -0.04046 0.59985
-0.02208 -0.03819 0.61162
-0.01580 -0.00731 0.62601
-0.04972 0.02683 0.64608
-0.01718 -0.03320 0.66399
-0.00860 -0.01339 0.67666
-0.01989 -0.04663 0.68230
-0.01775 -0.04586 0.69056
-0.02470 -0.01827 0.71021
0.00221 0.02761 0.73385
-0.01177 -0.00385 0.76032
-0.00816 0.00538 0.77658
0.00638 -0.01311 0.78884
-0.02484 -0.03462 0.80263
-0.01952 -0.03194 0.82053
-0.02330 -0.03915 0.83179
-0.00331 -0.04319 0.84530
-0.01599 -0.04864 0.85854
-0.01685 -0.03520 0.88094
-0.03526 -0.02844 0.90008
-0.03465 -0.00725 0.91976
-0.02842 -0.04142 0.93341
-0.02592 -0.04328 0.95210
-0.02697 -0.03366 0.97102
-0.01219 -0.03150 0.97579
-0.02205 -0.03677 0.98224
-0.00795 -0.03741 0.98726
-0.03175 -0.01991 1.00101
-0.02104 -0.01240 1.00762
-0.02035 -0.01284 1.01456
-0.01097 -0.04185 1.02065
-0.01953 -0.04364 1.02802
-0.02093 -0.01646 1.03629
-0.01748 -0.00950 1.04744
-0.03768 0.00350 1.05497
-0.04337 -0.00398 1.06259
-0.02789 -0.02317 1.06271
-0.01911 -0.04665 1.07087
-0.03884 -0.04240 1.07412
-0.03177 -0.00693 1.07659
-0.05086 -0.01127 1.07688
-0.03617 -0.00999 1.07552
-0.01707 -0.05079 1.07353
-0.01746 -0.04764 1.06451
-0.01323 -0.04823 1.06153
-0.02429 -0.03218 1.07265
-0.02297 -0.00423 1.07893
-0.01461 -0.02261 1.07686
-0.01337 -0.01887 1.07634
-0.00919 -0.06302 1.07735
-0.01920 -0.02672 1.07038
-0.00069 -0.03640 1.07314
-0.01350 -0.05307 1.07318
-0.01445 -0.06463 1.06485
-0.03577 -0.04142 1.07080
-0.02449 -0.01196 1.07134
-0.04593 -0.00041 1.08596
-0.02908 0.02015 1.08527
-0.02787 -0.03263 1.08244
-0.01263 -0.05509 1.07777
-0.03664 -0.04381 1.07653
-0.04004 -0.06132 1.07697
-0.01928 -0.04713 1.08063
-0.01313 -0.03283 1.08454
-0.05677 0.00329 1.09096
-0.01865 -0.01543 1.08868
-0.03331 -0.01115 1.08516
-0.00991 -0.03029 1.08739
-0.03182 -0.01842 1.08343
-0.01126 -0.01650 1.08404
-0.02015 -0.00750 1.07991
-0.02611 -0.03912 1.07370
-0.02142 -0.04496 1.06845
-0.01939 -0.05559 1.06764
-0.04532 -0.01607 1.06476
0.00453 0.00753 1.07139
-0.02279 -0.00732 1.06621
-0.02990 -0.03587 1.06048
-0.02665 -0.07201 1.05259
-0.02812 -0.04639 1.04638
-0.05371 -0.05137 1.03695
-0.03673 -0.03166 1.02448
-0.02124 -0.02665 1.01093
-0.04437 -0.00524 0.99342
-0.01288 -0.04205 0.97184
-0.02342 -0.02889 0.95309
-0.02951 -0.04413 0.92989
-0.04389 -0.04817 0.90421
-0.05982 -0.01681 0.88365
-0.03923 -0.01500 0.86160
-0.02535 -0.02244 0.83940
-0.04377 -0.01631 0.81397
-0.06596 -0.01791 0.78416
-0.03615 -0.01168 0.76029
-0.03415 -0.04771 0.72628
-0.04390 -0.07350 0.69415
-0.04549 -0.05440 0.66276
-0.02259 -0.04133 0.63699
-0.01554 -0.02719 0.60656
-0.00713 -0.02893 0.58462
-0.00600 -0.01482 0.56428
0.00354 -0.01683 0.53952
0.00172 -0.00406 0.51792
-0.00097 -0.00827 0.49490
-0.00227 -0.00925 0.47433
-0.02320 -0.00869 0.45039
0.00155 -0.02069 0.43172
0.00223 -0.03370 0.42022
0.01591 -0.03694 0.41097
0.02578 -0.03706 0.39998
0.04646 -0.01268 0.39863
0.01137 -0.01530 0.38803
0.03922 -0.01641 0.38644
0.01707 -0.01426 0.37541
0.03088 -0.00984 0.37910
0.02912 -0.01708 0.36395
0.04139 -0.02538 0.36559
0.05781 -0.01165 0.36020
0.05738 -0.00297 0.34934
0.06395 -0.00908 0.35494
0.05157 -0.00873 0.34166
0.05383 -0.01481 0.34712
0.06280 -0.03530 0.33218
0.06457 -0.02638 0.34483
0.05124 -0.01468 0.34148
0.04071 -0.00514 0.35765
0.03220 -0.00673 0.36088
0.06765 0.00264 0.35130
0.04906 0.00475 0.37183
0.03895 0.00552 0.36726
0.07253 0.00398 0.37382
0.05236 -0.00860 0.37663
0.05679 -0.00900 0.38472
0.08123 -0.01574 0.38339
0.05903 -0.02513 0.38772
0.07101 -0.02456 0.40265
0.04104 -0.02772 0.41663
0.03459 -0.01741 0.43400
0.02133 -0.00660 0.44463
0.01651 0.00847 0.46557
0.01857 0.00160 0.48442
0.01685 0.00693 0.49989
0.01716 -0.01660 0.52008
-0.00093 -0.01066 0.53575
-0.00439 -0.02438 0.55370
-0.00209 -0.02449 0.57260
-0.00458 -0.01603 0.59219
0.02476 -0.00211 0.61800
0.01967 -0.01981 0.64289
-0.01828 0.00693 0.65710
-0.01910 -0.02621 0.67590
-0.02833 -0.03077 0.68771
-0.02239 -0.02258 0.70960
-0.01936 -0.02231 0.72267
-0.02303 -0.01124 0.73857
-0.03143 -0.00106 0.75578
-0.01703 -0.00247 0.76573
-0.01527 0.00545 0.77738
-0.01435 0.00309 0.78049
-0.00856 -0.00919 0.78684
-0.00012 0.01021 0.79840
-0.01502 -0.00952 0.80653
-0.02247 -0.01929 0.81633
-0.01974 -0.02920 0.81738
-0.01054 -0.03134 0.82167
-0.00655 -0.02959 0.83083
-0.01055 -0.00224 0.83884
-0.01572 -0.00220 0.84178
-0.01111 -0.01007 0.84423
-0.01916 0.00720 0.84524
-0.00919 -0.02405 0.83820
-0.03632 -0.06895 0.82799
-0.01380 -0.01044 0.82152
-0.01071 -0.00667 0.82334
-0.00825 -0.01686 0.83216
-0.02055 -0.01643 0.83159
0.00543 -0.02195 0.82189
-0.00329 -0.03648 0.81262
0.00576 -0.03991 0.81177
0.00561 -0.02928 0.80602
-0.00172 -0.03450 0.80402
-0.00342 -0.03557 0.79974
0.01757 -0.02012 0.79633
-0.00078 -0.01540 0.79497
0.01408 -0.01666 0.79082
-0.01073 -0.03381 0.78299
0.00946 -0.03584 0.78090
0.00489 -0.01475 0.77204
0.00550 -0.00876 0.77387
-0.00339 -0.02557 0.76842
-0.00626 -0.02522 0.76086
0.00999 -0.01990 0.75019
-0.00830 -0.02030 0.73394
-0.01499 -0.02172 0.71513
-0.02840 -0.03810 0.70434
-0.01473 -0.03468 0.70054
-0.01464 -0.03183 0.69736
-0.01756 -0.02681 0.69491
-0.00605 -0.02324 0.69521
-0.00490 -0.02166 0.68908
-0.00634 -0.01808 0.68603
-0.01313 -0.03466 0.68393
0.00515 0.00448 0.67625
0.00054 -0.00347 0.67395
0.00355 -0.02609 0.66986
0.00930 -0.02406 0.66623
0.01740 -0.03149 0.66058
-0.00119 -0.03528 0.66261
0.01671 -0.03007 0.67078
0.01692 -0.03372 0.67336
0.01477 -0.00846 0.67951
0.00889 -0.02435 0.68270
0.00183 -0.01759 0.69121
0.04345 0.02598 0.69887
-0.00167 -0.00335 0.71376
-0.00358 -0.02130 0.72731
-0.01384 -0.01517 0.72917
-0.01225 -0.04636 0.73125
-0.00391 -0.02581 0.73762
-0.00162 -0.03531 0.74551
-0.00055 -0.01326 0.74938
-0.00916 -0.01234 0.75291
-0.00927 -0.01819 0.75638
0.00257 -0.01719 0.75215
-0.00094 -0.01999 0.75990
-0.02211 -0.03571 0.74691
-0.00397 -0.02360 0.74867
0.00241 -0.02630 0.74565
-0.00702 -0.02935 0.75302
-0.00122 -0.01505 0.75568
0.00864 -0.02676 0.76050
0.01424 -0.06213 0.75732
0.01282 -0.04563 0.76380
-0.00520 -0.02436 0.77012
0.00263 -0.00445 0.77750
-0.00659 -0.00608 0.78117
0.00304 -0.01026 0.78668
-0.00273 -0.01269 0.79133
0.00864 -0.03226 0.79694
0.00397 -0.02685 0.80109
0.00332 -0.04523 0.80308
0.02283 -0.04384 0.80850
0.02405 -0.04149 0.81368
-0.01253 -0.02437 0.82527
0.00662 -0.01889 0.83169
-0.01115 0.00453 0.83858
-0.01888 -0.01448 0.84117
-0.02785 0.00320 0.84544
-0.01963 0.00032 0.85576
-0.04093 0.00335 0.85517
-0.01155 -0.03829 0.85542
-0.00891 -0.06417 0.85137
-0.01165 -0.04817 0.85299
-0.01856 -0.04313 0.85639
-0.03310 -0.00296 0.86690
-0.04637 -0.01321 0.87047
-0.03041 -0.00959 0.87158
-0.02126 -0.01282 0.86578
-0.02112 -0.02977 0.86938
-0.01132 0.00628 0.86971
-0.01801 -0.03044 0.86792
-0.01252 -0.01908 0.86045
-0.03466 -0.03432 0.85999
-0.02662 -0.04814 0.85691
-0.01700 0.02174 0.85815
-0.03497 -0.02226 0.85424
-0.03168 -0.03933 0.84497
0.00268 -0.03647 0.83920
-0.00433 -0.03113 0.83545
-0.00868 -0.02467 0.83359
-0.00054 -0.02403 0.83162
-0.00486 -0.03083 0.82308
-0.01844 -0.04330 0.81748
-0.03138 -0.03497 0.81257
-0.00170 -0.04186 0.80961
-0.00702 -0.01783 0.80487
0.01140 -0.06284 0.79468
0.01696 -0.04820 0.79057
0.00548 -0.04290 0.78551
0.00465 -0.02775 0.78505
0.00553 -0.01450 0.78107
0.00994 -0.03006 0.77817
0.00343 -0.05145 0.76933
-0.00327 -0.05555 0.76382
0.01045 -0.01804 0.76673
0.01067 -0.02943 0.77033
-0.00916 -0.02030 0.77535
-0.01026 -0.02600 0.76543
-0.00152 -0.04349 0.75631
-0.00710 -0.04669 0.75350
-0.00439 -0.03465 0.75121
-0.01489 -0.06200 0.74695
-0.01696 -0.05156 0.74341
-0.00423 -0.02353 0.74369
0.00958 -0.00381 0.74592
0.00723 -0.01499 0.74779
0.02045 -0.01476 0.73954
0.03049 -0.01264 0.73749
0.00752 -0.02562 0.73052
0.00864 -0.02682 0.72870
-0.01379 -0.01839 0.72617
0.00103 -0.03161 0.72617
-0.00862 -0.02077 0.72466
-0.01099 -0.02163 0.72378
0.01263 -0.02315 0.72099
0.01936 -0.02791 0.72163
0.00750 -0.01649 0.71944
-0.00516 -0.02969 0.71420
-0.00100 -0.00658 0.71579
0.01445 -0.01075 0.71344
0.00585 -0.01789 0.70920
-0.01459 -0.02448 0.70391
-0.02457 -0.04625 0.69133
-0.02024 -0.02955 0.68940
-0.01749 -0.02388 0.68742
-0.01651 -0.01405 0.68818
-0.01649 -0.01897 0.68312
-0.01289 -0.03013 0.67061
-0.02140 -0.03161 0.66371
-0.02281 -0.03327 0.65901
-0.03876 -0.01741 0.65698
-0.02553 -0.01856 0.65359
-0.02368 -0.01475 0.64687
-0.03777 -0.02031 0.63975
-0.04434 -0.01523 0.63590
-0.02416 -0.01137 0.63432
0.00388 -0.00635 0.63135
-0.02900 -0.02290 0.61904
-0.05199 -0.04170 0.60738
-0.03987 -0.03686 0.60303
-0.02822 -0.03084 0.60118
-0.02276 -0.01815 0.59402
-0.02393 -0.01561 0.59474
-0.01765 -0.00982 0.58979
-0.01458 -0.01422 0.58794
0.00124 -0.01447 0.58327
-0.03298 -0.02288 0.57727
-0.00627 -0.01596 0.57746
-0.04054 -0.01418 0.57093
-0.04387 -0.01603 0.56946
-0.03196 -0.02401 0.56558
-0.02238 -0.01956 0.56044
-0.03144 -0.01469 0.56077
0.00575 -0.00874 0.55858
-0.01610 -0.01084 0.56021
-0.02925 -0.00316 0.55675
0.01696 -0.01260 0.55755
0.00359 -0.01078 0.55017
0.00360 -0.00977 0.54690
0.00221 -0.01857 0.54375
0.01917 -0.02028 0.53819
-0.01040 -0.01511 0.53394
-0.01072 -0.00396 0.52869
-0.01950 -0.01100 0.52625
-0.00059 -0.00962 0.52110
0.00750 -0.01798 0.52215
-0.00974 -0.00227 0.51622
0.00293 -0.00725 0.50517
-0.00059 -0.01478 0.50542
0.00324 -0.02515 0.49881
0.02623 -0.03774 0.49308
0.01089 -0.01859 0.49235
0.03313 -0.02907 0.48631
0.00961 -0.01075 0.48850
0.00707 -0.00839 0.48631
0.00181 -0.02316 0.48336
0.00838 -0.01765 0.47862
0.02112 -0.03231 0.47502
0.01641 -0.02239 0.47840
0.01271 -0.01711 0.48709
0.00371 -0.00751 0.49825
0.02353 -0.02059 0.50627
0.02872 -0.02460 0.51353
0.01513 -0.02529 0.52312
0.00601 -0.01681 0.53205
0.02472 -0.02177 0.53803
0.01644 -0.01147 0.54755
0.03312 -0.01752 0.55445
0.04689 -0.01683 0.55746
0.01303 0.00299 0.56548
0.01704 0.00645 0.57088
0.00968 0.01140 0.57645
0.00890 -0.00047 0.57528
0.03844 -0.00321 0.57597
0.01055 -0.00083 0.57502
-0.00064 -0.04918 0.57014
0.01078 -0.01505 0.56887
-0.00526 -0.04846 0.56716
-0.00730 -0.00953 0.56494
-0.02531 -0.04370 0.56161
-0.02778 -0.01410 0.55879
-0.02855 -0.04233 0.54595
-0.02362 -0.02919 0.53866
-0.00815 -0.02028 0.52978
-0.03673 -0.02256 0.51442
-0.03010 -0.00702 0.50257
-0.05002 0.00560 0.48904
-0.04896 0.00597 0.47492
-0.03984 0.00433 0.45612
-0.02417 -0.01138 0.43790
-0.00558 -0.01407 0.42379
-0.00138 -0.02061 0.41321
0.01502 -0.02916 0.40632
-0.06274 -0.04394 0.39587
-0.03012 -0.02903 0.39292
-0.05273 -0.01113 0.39486
-0.07113 -0.00289 0.38802
-0.06844 0.00125 0.38463
-0.05355 -0.01006 0.38636
-0.04962 -0.00981 0.37337
-0.05048 0.00494 0.38067
-0.04930 0.00657 0.37926
-0.06314 -0.00128 0.36299
-0.05199 -0.00181 0.37369
-0.01836 -0.00922 0.36237
-0.03414 -0.01337 0.37453
-0.06551 -0.01348 0.37674
-0.05200 -0.01120 0.36980
-0.05463 -0.00816 0.39678
-0.07325 -0.01720 0.38063
-0.06950 -0.01522 0.41095
-0.07216 -0.02371 0.39417
-0.08808 -0.02996 0.42539
-0.06938 -0.03485 0.44291
-0.04430 -0.01687 0.43270
-0.05549 -0.00210 0.47729
-0.05874 0.00002 0.46771
-0.04941 -0.01307 0.50848
-0.07323 -0.00527 0.51852
-0.05742 -0.01325 0.51523
-0.02016 -0.00919 0.55738
-0.03747 0.01223 0.55764
-0.03035 -0.00318 0.59341
-0.00207 0.00277 0.60644
-0.03584 0.00206 0.62127
-0.02491 0.01098 0.64893
-0.02507 0.00369 0.65808
-0.02524 0.00781 0.68236
0.01774 -0.00962 0.69337
0.00977 -0.01377 0.71196
0.01062 -0.01727 0.72816
0.02647 -0.01700 0.74688
-0.00078 -0.01657 0.76212
0.00309 -0.01461 0.77369
0.00493 -0.01673 0.79213
-0.01785 -0.00051 0.80692
-0.04640 -0.01264 0.81577
-0.01184 -0.00959 0.82519
0.00672 0.00326 0.84110
-0.01778 -0.00961 0.85391
-0.01054 -0.01267 0.86811
-0.01337 -0.02602 0.87795
0.00289 -0.01139 0.89381
0.00530 -0.00581 0.90136
-0.04067 0.00326 0.91032
0.04634 -0.03922 0.91077
0.01115 -0.02807 0.91195
0.01558 -0.05500 0.90944
-0.05427 -0.00723 0.91158
-0.01283 -0.00199 0.91774
-0.00236 -0.00379 0.91742
-0.00154 -0.02134 0.91494
-0.00655 -0.04879 0.91459
-0.01878 -0.05059 0.91671
-0.03240 -0.06357 0.96997
-0.02343 -0.02763 0.86643
-0.01871 -0.01253 0.91915
-0.02690 -0.00673 0.91971
-0.02437 -0.03235 0.92188
-0.02997 -0.02632 0.91931
-0.03087 -0.02184 0.91675
-0.04181 -0.04538 0.91478
-0.03536 0.00686 0.91656
-0.09284 -0.00971 0.91156
-0.09436 -0.01486 0.90689
-0.02129 -0.03249 0.90624
-0.02486 -0.03272 0.90098
-0.03386 -0.03508 0.88997
-0.00909 -0.03331 0.88580
-0.01897 -0.01369 0.87703
-0.01204 -0.01125 0.86702
-0.04023 -0.02556 0.85323
-0.03182 -0.04950 0.83182
-0.03757 -0.05772 0.82741
-0.01936 -0.04380 0.78645
-0.04382 -0.03964 0.78450
-0.02559 -0.01369 0.76717
-0.05218 -0.00721 0.74905
-0.02795 -0.01120 0.72964
-0.02351 -0.01980 0.70558
-0.03673 -0.02700 0.67914
-0.03193 -0.03018 0.65225
-0.07069 -0.02539 0.62271
-0.01090 -0.02454 0.60108
-0.00459 -0.02257 0.57792
-0.03885 -0.03220 0.54979
-0.01606 -0.02425 0.53167
-0.02023 -0.02726 0.51176
-0.01544 -0.01088 0.49740
-0.03654 -0.01392 0.48303
-0.04630 -0.01954 0.47890
-0.03875 -0.01952 0.46323
-0.04970 -0.01219 0.46629
-0.02969 -0.01347 0.46384
-0.01193 -0.01612 0.45601
-0.02017 -0.02408 0.44920
-0.04176 -0.02406 0.43258
-0.05406 -0.00332 0.43732
-0.01019 0.00351 0.43682
-0.03377 -0.00023 0.42160
-0.03040 -0.00341 0.42935
-0.05404 -0.00206 0.40999
-0.06925 -0.00352 0.41526
-0.06871 -0.00752 0.41105
-0.07192 -0.00223 0.39545
-0.08335 -0.00302 0.40571
-0.07741 0.00156 0.39228
-0.03612 -0.01239 0.40402
-0.06958 0.00130 0.39649
-0.08202 -0.00949 0.38467
-0.07322 -0.00925 0.38605
-0.07265 -0.00801 0.38042
-0.04750 -0.00569 0.38165
-0.06909 -0.00358 0.37473
-0.06086 -0.00320 0.37930
-0.05068 -0.00159 0.37321
-0.05688 -0.00571 0.38228
-0.06719 -0.00434 0.36467
-0.06857 -0.00658 0.36306
-0.07435 -0.01857 0.37472
-0.07862 -0.01121 0.35157
-0.08107 -0.01565 0.37173
-0.06236 -0.01348 0.35600
-0.05732 -0.01565 0.38135
-0.07819 -0.01945 0.36138
-0.05119 -0.00697 0.37093
-0.03001 -0.02236 0.39030
-0.02170 -0.00640 0.38182
-0.02817 0.00388 0.39796
-0.04891 0.00027 0.40153
-0.05320 0.01017 0.41585
-0.00750 0.00630 0.42780
-0.01546 -0.00721 0.44327
-0.01252 -0.01992 0.45299
-0.01240 -0.02652 0.46653
-0.02824 -0.02581 0.48251
-0.01581 -0.00833 0.50395
0.01419 0.01049 0.52925
-0.01090 0.00202 0.54952
-0.02209 -0.00420 0.56766
0.01452 0.00886 0.58447
-0.03180 -0.00336 0.60167
-0.04195 0.00133 0.62053
-0.04298 -0.01363 0.63952
-0.05972 -0.01732 0.65359
-0.03104 -0.01438 0.67832
0.00230 -0.01250 0.69472
-0.00215 -0.01527 0.71283
0.03868 -0.01379 0.73017
0.02431 -0.00319 0.74883
0.00822 -0.01780 0.76706
-0.00415 -0.02118 0.78532
0.01759 -0.01160 0.80097
-0.01624 -0.01854 0.81653
-0.02628 -0.00878 0.83432
-0.00916 -0.01457 0.85249
-0.01723 -0.00235 0.86383
0.03128 -0.01833 0.87243
0.00506 -0.01531 0.87580
0.00136 -0.01910 0.88101
0.00712 -0.01759 0.88090
-0.00487 -0.01225 0.88201
0.00157 -0.01181 0.88247
-0.00456 -0.02114 0.88448
0.01074 -0.02159 0.89026
-0.00509 -0.02732 0.89051
0.00267 -0.03470 0.89458
0.02200 -0.02033 0.89564
-0.01781 -0.02298 0.89761
-0.03970 -0.02284 0.89895
-0.00889 -0.03034 0.89779
-0.03126 -0.02494 0.89794
-0.00936 -0.02240 0.89953
-0.01766 -0.03698 0.89486
-0.02547 -0.03610 0.89251
-0.02177 -0.00897 0.89715
-0.03043 -0.01666 0.90207
-0.01912 -0.02156 0.89762
-0.00850 -0.02872 0.89661
-0.00531 -0.03926 0.89717
0.00422 -0.03870 0.89764
-0.00444 -0.02500 0.89799
-0.00143 -0.02842 0.89481
-0.00001 -0.02870 0.91690
-0.00578 -0.03549 0.86796
-0.01299 -0.03089 0.88847
-0.00564 -0.03585 0.88529
0.00790 -0.02343 0.88241
-0.01056 -0.02122 0.88435
-0.00161 -0.00832 0.88076
0.00638 -0.02464 0.87941
-0.00272 -0.01328 0.87919
-0.00787 -0.02363 0.87357
-0.00156 -0.03428 0.87896
-0.02346 -0.02847 0.87222
-0.00469 -0.02846 0.87558
-0.00875 -0.02728 0.87938
-0.01224 0.00126 0.88341
0.00932 -0.01004 0.88765
0.00888 -0.00834 0.89331
0.01465 -0.01608 0.89673
0.00898 -0.02384 0.89173
0.00091 0.00927 0.90386
0.01695 -0.00833 0.90725
0.00462 -0.03226 0.90803
-0.00309 -0.05035 0.90942
0.00060 -0.04008 0.91137
-0.02550 -0.02335 0.92373
-0.01855 -0.02805 0.92456
-0.04091 -0.01215 0.92903
-0.01829 -0.00932 0.93279
-0.01548 -0.01625 0.93676
-0.01090 -0.01327 0.95052
-0.04176 -0.02871 0.93774
-0.04612 -0.01190 0.94930
-0.03498 -0.01911 0.95512
-0.06490 -0.04725 0.95402
-0.03259 -0.05169 0.96238
-0.03401 -0.04549 0.96224
-0.03832 -0.03373 0.96888
-0.01509 -0.03211 0.97430
-0.02033 -0.01987 0.97860
-0.03383 -0.01239 0.98252
-0.03455 0.00312 1.00435
-0.02633 0.00472 0.96899
-0.03713 -0.01207 0.98049
-0.01066 -0.01535 0.98126
-0.01613 -0.02258 0.97819
-0.01075 -0.03430 0.97639
-0.01437 -0.03359 0.97456
0.00236 -0.03092 0.97270
-0.01709 -0.04221 0.97419
-0.01162 -0.03700 0.97454
-0.01875 -0.03508 0.97562
-0.02024 -0.04266 0.97417
-0.00291 -0.01223 0.97430
-0.11819 -0.07569 0.96639
-0.03072 -0.01296 0.97332
-0.05221 -0.02597 0.97225
-0.04736 -0.00926 0.97509
-0.02357 -0.04118 0.97305
-0.00692 -0.03169 0.97558
0.00813 -0.03303 0.97278
-0.01840 -0.01129 0.97364
-0.00844 -0.01148 0.97794
-0.02145 -0.00508 0.97321
-0.01744 -0.04322 0.97495
-0.02311 -0.04710 0.96969
-0.02701 -0.02814 0.97191
-0.00993 -0.01724 0.97184
-0.00886 -0.03611 0.97161
-0.00365 -0.06228 0.96590
0.00449 -0.03702 0.96626
-0.01031 -0.03875 0.96703
-0.01444 -0.01884 0.96754
-0.01424 -0.01339 0.97594
-0.00028 -0.01490 0.97031
-0.01430 -0.01615 0.97105
0.00288 -0.01742 0.96959
-0.01015 -0.02077 0.96843
0.00723 -0.01430 0.97373
0.00003 -0.02991 0.97167
0.01916 -0.03608 0.98564
-0.00422 -0.03235 0.94941
-0.00201 -0.04225 0.96829
-0.01775 -0.02011 0.97559
-0.01000 -0.00083 0.97641
-0.00260 0.00563 0.98287
-0.01878 -0.03059 0.97267
-0.01429 -0.03156 0.97426
-0.03043 -0.00705 0.97989
-0.01893 0.01189 0.98386
-0.01922 0.00394 0.98481
-0.03294 -0.02961 0.98056
-0.01082 -0.05585 0.97800
-0.01709 -0.03342 0.97789
0.00279 -0.02992 0.98054
-0.02138 -0.00752 0.98993
-0.02866 -0.01334 0.99097
-0.01443 -0.01896 0.99252
-0.02009 -0.03504 0.98823
-0.03229 -0.02069 0.98895
-0.02472 -0.03109 0.99290
-0.02354 -0.01100 0.99312
-0.02397 -0.04156 0.99379
-0.03891 -0.02945 0.99234
-0.03617 -0.02820 0.99401
-0.04817 -0.02612 0.99644
-0.03961 -0.04399 0.99791
-0.03508 -0.02627 1.00047
-0.03331 -0.01334 1.00508
-0.04116 -0.02037 1.00427
-0.02788 -0.01778 1.00449
-0.02217 -0.04329 1.00212
-0.03203 -0.03375 1.00480
-0.02745 -0.03475 1.00364
-0.03371 -0.04036 1.00428
-0.02749 -0.01568 1.00345
-0.03650 -0.01686 1.00248
-0.02048 -0.02641 1.00077
-0.02140 -0.04476 0.99508
-0.02264 -0.04112 0.99549
-0.02230 -0.02827 0.99063
-0.02865 -0.04448 0.99133
-0.03715 -0.05098 0.98478
-0.01703 -0.03958 0.97753
-0.02652 -0.03327 0.97765
-0.04645 -0.00820 0.97558
-0.04327 -0.01511 0.97985
-0.01692 -0.01422 0.97338
-0.03388 -0.02246 0.96689
-0.03330 -0.03853 0.96272
-0.02946 -0.03780 0.95895
-0.02737 -0.01713 0.95989
-0.05190 -0.02544 0.95744
-0.01797 -0.02502 0.95550
-0.03376 -0.03661 0.94931
-0.03138 -0.02556 0.93631
-0.04082 -0.03196 0.93620
-0.02559 -0.02607 0.92577
-0.04357 -0.02576 0.91803
-0.10693 -0.02636 0.89946
-0.02888 -0.02570 0.90133
-0.04454 -0.03541 0.90222
-0.03489 -0.02717 0.87750
-0.02463 -0.03455 0.87850
-0.02684 -0.02697 0.87141
-0.01200 -0.03318 0.86160
-0.02439 -0.03027 0.84906
-0.02049 -0.02187 0.83923
-0.00993 -0.02580 0.82258
0.00836 -0.03416 0.80727
0.02789 -0.05003 0.78827
0.00138 -0.03707 0.77679
0.01774 -0.04035 0.76331
-0.03952 -0.03705 0.75365
-0.01207 -0.03229 0.74693
0.01860 -0.04109 0.73802
0.04153 -0.04155 0.73238
0.02074 -0.03586 0.72487
0.01853 -0.01691 0.72084
-0.01978 -0.01516 0.71542
0.00912 -0.01341 0.70890
0.00132 -0.01908 0.70860
-0.00997 -0.01872 0.67765
-0.01792 -0.02875 0.67860
-0.01523 -0.00837 0.67118
-0.00314 -0.00449 0.66129
-0.00979 -0.01674 0.64986
-0.01209 -0.00629 0.63607
0.00136 -0.02433 0.62203
0.00651 -0.01554 0.60646
0.01150 -0.01205 0.59103
0.00979 -0.01215 0.57178
0.01884 -0.01614 0.55546
0.00499 -0.00545 0.53981
0.02174 -0.00453 0.52604
0.00801 -0.02029 0.50893
0.02304 -0.02395 0.49488
0.01491 -0.03189 0.48307
-0.01247 -0.04337 0.46969
-0.00476 -0.04233 0.45706
-0.01943 -0.02926 0.44636
-0.01798 -0.01922 0.43431
-0.02068 -0.00883 0.42047
-0.04724 -0.00837 0.40661
-0.01808 -0.01695 0.39969
-0.03527 -0.00919 0.38718
-0.03691 -0.00207 0.37577
-0.00385 -0.00767 0.36230
0.02662 -0.04230 0.34697
0.03311 -0.03230 0.33887
0.02836 -0.02679 0.33977
0.04515 -0.01261 0.33614
0.02626 0.00832 0.35463
0.06607 0.01282 0.32340
0.03015 0.00782 0.34016
-0.00820 -0.00696 0.33342
0.02378 -0.02804 0.33100
0.01437 -0.03098 0.32908
0.00103 -0.03321 0.31530
0.02337 -0.03721 0.32526
0.01447 -0.02193 0.31747
0.01118 -0.01843 0.34071
0.01801 -0.01316 0.33959
0.02468 -0.01032 0.36697
0.02667 -0.00543 0.37753
0.03307 -0.00900 0.36984
0.04444 -0.00254 0.39105
0.02416 -0.01084 0.38834
0.04249 -0.01469 0.41299
0.03156 -0.02521 0.40915
0.01956 -0.02246 0.43670
0.04197 -0.00922 0.44285
0.00169 -0.00100 0.47238
0.00052 0.00518 0.49559
-0.00142 -0.00186 0.51099
0.00919 0.00127 0.52300
-0.00799 -0.00916 0.52640
-0.01934 -0.04424 0.56010
-0.00850 -0.03103 0.57347
-0.03526 -0.02448 0.58148
-0.04181 -0.02127 0.60880
0.03141 -0.04218 0.61537
-0.00199 -0.02194 0.64081
-0.00076 -0.00912 0.65364
0.01049 -0.00149 0.66826
0.01390 -0.00946 0.68729
0.01376 -0.01632 0.70242
0.03873 -0.04745 0.71515
0.00515 -0.00752 0.72833
-0.00933 -0.01276 0.74385
-0.02464 0.00320 0.76075
-0.06744 -0.01547 0.77205
-0.04384 -0.03927 0.78427
-0.02993 -0.03468 0.78960
-0.06038 -0.06089 0.79410
-0.01640 -0.00505 0.80350
-0.02870 0.00357 0.81019
-0.07795 0.03070 0.80803
-0.03641 -0.00475 0.81032
-0.01299 -0.03186 0.81009
-0.01886 -0.03126 0.81060
-0.01805 -0.02034 0.81769
-0.01854 -0.01572 0.82352
-0.04721 0.02377 0.82702
-0.02387 -0.01228 0.82614
-0.03123 -0.02445 0.82496
-0.02167 -0.02496 0.82469
-0.05594 -0.00214 0.82097
-0.03591 0.00270 0.82287
-0.06283 -0.01500 0.81727
-0.06244 -0.01874 0.81296
-0.05011 -0.02502 0.81152
-0.03188 -0.02969 0.81091
-0.03406 -0.02461 0.80614
-0.01812 -0.05089 0.79997
-0.01126 -0.02655 0.79350
-0.01170 -0.04641 0.78958
-0.01243 0.02976 0.78211
-0.02402 -0.00976 0.77307
-0.00672 -0.01388 0.75833
-0.00500 -0.01591 0.74259
-0.00741 -0.03897 0.72199
-0.01530 -0.05638 0.70356
-0.02942 -0.02160 0.68797
-0.03075 -0.01042 0.66872
-0.03709 0.00761 0.65319
-0.04018 -0.04323 0.63254
-0.03249 -0.02444 0.60815
-0.04397 -0.04636 0.58627
-0.02558 -0.01346 0.56649
-0.03969 -0.03580 0.54642
-0.03169 -0.01490 0.52659
-0.02093 -0.01353 0.50649
-0.00263 -0.01442 0.48497
0.00741 -0.00882 0.46421
0.01391 -0.01120 0.45048
0.01173 -0.02400 0.44248
-0.00352 -0.01193 0.43903
-0.00681 -0.02653 0.43908
-0.00811 -0.01217 0.43263
0.00725 -0.01951 0.43424
0.02055 -0.04332 0.41867
0.02769 -0.04669 0.41650
0.02978 -0.02460 0.41890
-0.01050 -0.00715 0.40504
-0.01020 -0.00936 0.41560
0.04033 0.00826 0.39600
0.05396 0.00404 0.40524
0.02690 0.00168 0.38615
0.04595 0.00105 0.40163
0.03112 -0.00217 0.38460
0.03138 -0.02978 0.38504
0.02901 -0.03244 0.36450
0.04379 -0.04302 0.37730
0.02624 -0.01111 0.38615
0.04754 -0.02629 0.37114
0.06233 -0.03299 0.39138
0.05624 -0.01062 0.37357
0.04579 -0.00770 0.39859
0.01591 -0.01396 0.38809
0.03047 -0.01278 0.41009
0.05066 -0.02407 0.41133
0.06396 -0.00616 0.39552
0.07160 -0.01201 0.41946
0.03767 0.00397 0.41963
0.02892 0.00587 0.44841
0.02501 -0.00231 0.46753
0.06319 -0.00674 0.45840
0.07809 -0.03454 0.47897
0.03323 -0.02454 0.48949
0.09087 -0.03684 0.49866
0.01059 -0.00974 0.52228
0.00117 0.00594 0.54213
0.01518 -0.01199 0.56356
0.03696 0.00164 0.57137
0.01687 -0.01966 0.58787
0.03008 -0.03006 0.59840
0.00860 -0.02389 0.61394
-0.00776 -0.00640 0.63645
-0.03123 0.02771 0.64909
0.00704 0.00667 0.67152
-0.04379 0.01328 0.68345
0.01095 -0.03998 0.69750
0.04789 -0.04957 0.70832
0.04141 -0.03932 0.72336
0.03114 0.01181 0.74428
0.00040 -0.00540 0.76495
-0.00314 -0.01953 0.77942
0.00955 -0.03210 0.79153
0.01112 -0.00592 0.79755
0.01685 0.00251 0.80805
-0.03588 -0.02244 0.81146
-0.02597 -0.02683 0.80328
-0.01811 -0.05301 0.80228
-0.01032 -0.05075 0.80426
-0.01868 -0.00537 0.80879
-0.02286 -0.02427 0.80791
-0.03468 -0.03548 0.81175
-0.02182 -0.04279 0.81040
-0.03212 -0.02376 0.81589
-0.04122 -0.00306 0.83283
-0.02253 -0.02751 0.81112
-0.02985 -0.03008 0.82196
-0.02339 -0.03399 0.81928
-0.01024 -0.04719 0.82102
-0.02123 -0.02969 0.82416
-0.02998 -0.01298 0.82615
-0.01017 -0.01717 0.82707
-0.01103 -0.00653 0.82814
-0.01939 -0.02097 0.82518
-0.00816 -0.03472 0.82619
-0.00194 -0.01908 0.82432
-0.00300 -0.01705 0.82363
0.01463 -0.03217 0.82133
0.00694 -0.03881 0.81824
0.01911 -0.03809 0.81504
0.00143 -0.01497 0.81512
-0.01782 -0.00288 0.81525
-0.01035 -0.00590 0.81113
-0.00225 -0.03066 0.80554
0.00609 -0.05240 0.79716
-0.01158 -0.03782 0.79508
-0.00875 -0.03528 0.79150
-0.01129 -0.02797 0.79133
-0.00966 -0.02799 0.78953
-0.01520 -0.02077 0.78501
-0.00525 -0.01662 0.78679
0.00595 -0.01413 0.78456
-0.00882 -0.00937 0.78234
-0.00525 -0.02960 0.76860
-0.00150 -0.04550 0.76788
-0.00154 -0.03592 0.76692
-0.00362 -0.03095 0.76462
-0.02307 -0.01783 0.76435
-0.02213 -0.01445 0.76163
-0.02335 -0.00797 0.76086
-0.02168 -0.01530 0.75781
-0.01227 -0.03998 0.75322
-0.00784 -0.03828 0.74660
-0.01154 -0.04448 0.74474
-0.00715 -0.00110 0.74618
0.00142 -0.01031 0.75525
0.01119 -0.07355 0.72726
-0.01563 -0.05267 0.72611
-0.03472 0.00121 0.71493
0.00110 -0.01399 0.72326
0.01581 0.00722 0.72878
-0.02211 0.00072 0.72688
0.00698 -0.00741 0.72045
0.00223 -0.01694 0.71409
0.01054 -0.01087 0.71045
-0.01689 -0.02097 0.70650
-0.00784 -0.03917 0.70320
-0.01065 -0.04585 0.69650
-0.02287 -0.03384 0.69337
0.00574 -0.02959 0.69301
0.00159 -0.02251 0.68714
0.00099 -0.00967 0.68225
-0.00841 -0.00946 0.67797
-0.00591 -0.00791 0.67432
-0.02296 -0.02022 0.66824
-0.03159 -0.02069 0.65750
-0.02739 -0.02335 0.65204
-0.01572 -0.03871 0.64881
-0.00243 -0.03479 0.64818
-0.01056 -0.02115 0.64599
-0.01141 -0.01351 0.64387
-0.02566 0.00115 0.64235
-0.01308 -0.01050 0.63566
0.00770 -0.02802 0.63458
0.01827 -0.02504 0.62877
0.00486 -0.02244 0.62716
0.00724 -0.03107 0.62475
0.00696 -0.00024 0.62191
0.02124 -0.05029 0.62146
0.02319 -0.04242 0.62571
0.01920 -0.03502 0.63347
0.01044 -0.01168 0.64417
0.02955 -0.01072 0.65328
0.03061 -0.00498 0.66524
0.02056 -0.02420 0.66997
0.00345 -0.00428 0.68072
0.01038 -0.02328 0.69125
0.01608 0.00758 0.70462
0.01089 -0.01026 0.71663
0.03846 -0.01816 0.72312
0.01827 -0.03597 0.73076
0.02993 -0.04121 0.74410
0.00636 -0.01872 0.76402
0.00753 -0.00943 0.77881
0.00631 0.00286 0.79443
0.01424 -0.01396 0.80973
0.01345 -0.00786 0.82172
-0.00080 -0.01200 0.83843
-0.00534 -0.01317 0.84923
-0.01076 -0.05312 0.86960
-0.00570 -0.03479 0.86247
-0.00750 -0.03475 0.88524
-0.01838 -0.01261 0.90599
-0.01399 -0.02802 0.91584
-0.02388 -0.01472 0.92810
-0.03495 0.00138 0.93994
-0.02360 -0.02492 0.95083
-0.04524 -0.03584 0.96003
-0.03485 -0.03647 0.96763
-0.03420 -0.02607 0.97731
-0.03812 -0.00714 0.99118
-0.05788 -0.03369 0.99398
-0.01717 -0.05688 0.99202
-0.02311 -0.04677 0.99229
-0.03744 -0.04194 0.99634
-0.04457 -0.00229 1.00741
0.01259 -0.00304 1.00987
-0.02548 -0.01757 1.01225
-0.05714 0.01772 1.00750
-0.06152 -0.05306 1.00472
-0.02700 -0.04761 1.00130
0.00794 -0.08996 1.00684
-0.05017 -0.05959 0.99932
-0.01682 -0.02846 0.99091
-0.04709 -0.02468 1.00269
-0.01994 -0.06469 0.99549
-0.11402 -0.08337 0.98686
-0.01232 -0.05054 0.99318
-0.04739 0.00822 0.99343
-0.03992 -0.01447 0.99333
-0.07066 -0.01393 0.98683
-0.03880 -0.03944 0.98035
-0.02901 -0.03134 0.97863
-0.03728 -0.01510 0.97579
-0.05918 -0.01504 0.97554
-0.02385 -0.02649 0.97558
-0.00927 -0.06559 0.95892
-0.01870 -0.03263 0.95958
-0.00565 -0.08546 0.95159
-0.04589 -0.04399 0.94839
-0.02174 -0.04795 0.94960
-0.02978 0.00156 0.95008
-0.01278 -0.02565 0.94569
-0.01080 -0.02451 0.94335
0.00040 -0.03203 0.93011
-0.00169 -0.02989 0.93506
-0.00118 -0.02970 0.93336
-0.00671 -0.03880 0.92901
0.00375 -0.02243 0.92755
-0.00900 -0.03540 0.92420
-0.02363 -0.03885 0.92487
0.00822 -0.02901 0.92793
0.00483 -0.03413 0.92785
-0.00421 -0.03725 0.92760
0.02947 -0.03322 0.92673
0.00746 -0.01080 0.93169
-0.02567 -0.01642 0.93194
-0.00854 -0.03240 0.92958
-0.00460 -0.03165 0.92886
0.00374 -0.02051 0.93491
0.00027 -0.03412 0.94567
-0.00428 -0.04163 0.92227
-0.01898 -0.03390 0.93599
-0.00914 -0.00852 0.94081
-0.00555 -0.02702 0.94359
-0.05158 -0.03706 0.94045
0.00675 -0.02307 0.94161
0.01882 -0.01107 0.94805
0.03981 -0.04679 0.94507
0.01414 -0.03550 0.94787
-0.02164 -0.04580 0.94436
-0.02723 -0.02918 0.94788
-0.02603 -0.03062 0.94542
-0.01696 -0.00650 0.94721
-0.03320 -0.02107 0.95387
-0.03759 -0.00704 0.95107
-0.02883 -0.02380 0.94460
-0.04656 -0.05135 0.93990
-0.03119 -0.06414 0.93416
-0.02343 -0.03040 0.93750
-0.03065 -0.01579 0.93712
-0.02868 0.00255 0.93703
-0.02756 -0.01901 0.93851
-0.02075 -0.02273 0.92865
-0.03195 -0.03166 0.92522
-0.03387 -0.03420 0.91638
-0.02550 -0.03532 0.90629
-0.00710 -0.03993 0.89258
-0.01870 -0.00279 0.88526
-0.00850 -0.02328 0.87062
-0.03502 -0.00340 0.84915
-0.01752 -0.04615 0.82948
-0.01093 -0.05166 0.81855
-0.01332 -0.06515 0.81477
-0.00635 -0.04384 0.81604
-0.00985 -0.03109 0.81569
0.01031 -0.02234 0.81668
0.01044 -0.02181 0.81313
-0.02712 -0.00668 0.81299
0.00580 -0.01436 0.81188
0.00207 -0.01698 0.80723
0.06598 -0.06825 0.79564
-0.00678 -0.03758 0.79165
-0.02488 -0.03876 0.79241
0.00389 -0.03475 0.79318
-0.04092 -0.02720 0.79173
-0.05567 -0.02710 0.78411
-0.03447 -0.02190 0.78671
-0.04115 -0.03599 0.78625
-0.05083 -0.05084 0.76889
-0.01498 -0.05875 0.76857
-0.02982 -0.02485 0.76980
-0.03835 -0.00520 0.76881
-0.02414 0.02018 0.77209
-0.02208 -0.00540 0.77195
-0.03112 -0.02166 0.76207
0.04144 -0.08858 0.74733
-0.01297 -0.04788 0.74307
-0.00064 -0.03496 0.72932
-0.01872 -0.00820 0.71387
-0.02473 0.00750 0.69673
-0.04215 0.02341 0.67510
-0.00378 -0.01319 0.65529
-0.01434 -0.02974 0.62605
-0.02264 -0.04178 0.59891
-0.04798 -0.03201 0.56975
-0.02590 -0.03106 0.54721
-0.01226 -0.02080 0.52242
-0.00938 -0.01778 0.50007
0.00053 -0.01999 0.48034
0.00106 -0.03092 0.46609
-0.00610 -0.02206 0.46498
-0.00424 -0.02594 0.45442
0.01720 -0.03148 0.45078
0.02564 -0.02684 0.44388
0.01261 -0.01853 0.45239
0.01937 -0.01564 0.41024
0.01521 -0.01419 0.40734
0.00606 -0.00362 0.38828
0.00881 -0.00310 0.36496
0.00970 -0.01324 0.34021
0.01213 -0.02768 0.31702
0.00679 -0.02667 0.31684
0.00252 -0.00921 0.31577
0.04747 -0.01924 0.31150
0.00408 -0.00433 0.31106
0.01901 -0.00757 0.30803
0.01558 -0.01407 0.30298
0.01711 -0.01404 0.30278
0.02182 -0.01474 0.29489
0.01043 -0.02705 0.29271
0.02147 -0.03480 0.29281
0.00538 -0.03807 0.29707
-0.02323 -0.02875 0.30316
-0.02203 -0.02462 0.30453
-0.01902 -0.02809 0.31194
-0.00182 -0.01239 0.31885
-0.01722 -0.01851 0.32262
-0.00654 -0.01903 0.32833
0.02743 -0.01698 0.33383
0.02737 -0.03238 0.34448
0.02224 -0.02223 0.35261
0.01248 -0.01525 0.36760
0.02884 -0.00819 0.37630
0.01867 -0.00008 0.39092
0.03012 0.00137 0.40453
0.01910 -0.00295 0.41199
0.01473 0.00495 0.42833
0.00986 -0.00139 0.43702
0.00482 -0.00677 0.45058
-0.01250 -0.01504 0.46317
-0.03136 -0.01294 0.46790
-0.00874 -0.00939 0.48512
-0.05850 -0.00057 0.49327
0.01182 -0.01716 0.50507
-0.02559 -0.01750 0.51844
0.00434 -0.01250 0.51957
0.01524 -0.01983 0.53765
0.01564 -0.01229 0.54362
-0.00398 -0.01313 0.55419
0.00373 0.00607 0.57046
-0.02131 0.00368 0.57450
-0.00304 -0.00946 0.59119
-0.05898 0.00836 0.59371
-0.00237 0.02587 0.61768
-0.03790 0.01446 0.61748
0.00765 0.01045 0.62948
0.00141 -0.01460 0.64505
0.01044 -0.01786 0.63993
0.00838 -0.02847 0.65960
-0.00628 -0.01520 0.65457
0.02160 -0.01821 0.65634
0.02178 -0.04530 0.67617
-0.01853 -0.02417 0.67095
-0.01703 -0.00970 0.69472
-0.01796 -0.04996 0.69576
-0.01237 -0.03573 0.71580
-0.00709 -0.03633 0.71608
-0.00672 -0.02729 0.72407
-0.02015 -0.04366 0.73579
-0.02952 -0.02688 0.74094
-0.04311 -0.00913 0.75512
-0.00060 -0.01820 0.75766
-0.00676 0.00978 0.77119
-0.00893 -0.02272 0.77899
-0.04410 -0.02311 0.78400
-0.03674 -0.04470 0.78714
-0.01402 -0.06222 0.78993
-0.00805 -0.03582 0.79859
0.01351 -0.03225 0.81078
-0.00787 0.01435 0.82136
0.00977 -0.02667 0.83289
0.07489 -0.00290 0.82873
0.04449 -0.05292 0.83397
0.03824 -0.01849 0.83989
0.09932 -0.07720 0.83498
0.01930 -0.01790 0.85168
0.02583 -0.04621 0.86593
-0.02003 -0.00543 0.83142
-0.03608 -0.03744 0.85295
0.00143 -0.01889 0.85461
-0.01408 -0.02186 0.85004
-0.03292 -0.01549 0.85824
-0.03334 -0.02223 0.83619
-0.04690 -0.03565 0.84110
-0.03678 -0.02401 0.83619
-0.05123 -0.03420 0.83027
-0.04223 -0.03323 0.82710
-0.05129 -0.02564 0.81623
-0.03555 -0.01894 0.80186
-0.05716 -0.02269 0.78588
-0.05112 -0.01951 0.76881
-0.07457 -0.03077 0.74892
-0.03202 -0.02565 0.73994
-0.03647 -0.04483 0.69781
-0.02494 -0.04145 0.69150
-0.01760 -0.03380 0.68569
0.00861 -0.02207 0.66712
0.00472 -0.03786 0.63242
0.00341 -0.02554 0.63243
0.01708 -0.03889 0.62020
0.01365 -0.02820 0.58426
0.01072 -0.03110 0.59138
0.01479 -0.04248 0.56990
-0.00833 -0.02510 0.56930
0.01347 -0.02694 0.56660
0.00110 -0.02627 0.55220
0.00592 -0.02624 0.54890
0.01352 -0.02468 0.52958
0.03691 -0.01636 0.51425
0.03835 -0.02586 0.51628
0.01927 -0.01880 0.49545
0.02077 -0.04072 0.50770
0.02362 -0.04489 0.47945
0.01479 -0.05465 0.49954
0.04432 -0.03410 0.46621
0.07441 -0.02863 0.49149
0.08347 -0.03149 0.45264
0.04265 -0.01636 0.49208
0.05029 -0.02676 0.44932
0.03506 -0.00715 0.44745
0.03728 -0.01655 0.47919
0.04453 -0.01389 0.44423
0.04859 -0.00846 0.47962
0.08100 -0.01815 0.44704
0.06519 -0.00603 0.48731
0.06785 -0.01790 0.45999
0.07810 -0.01771 0.49078
0.04822 -0.01665 0.47881
0.03285 0.00738 0.49383
0.00566 0.00887 0.52218
0.00261 0.00010 0.52043
0.02739 0.00452 0.54821
0.01255 -0.01294 0.53637
0.00010 -0.02091 0.56896
0.01199 -0.03584 0.55092
-0.03330 -0.03615 0.57932
-0.05190 -0.02495 0.59495
-0.02791 -0.00893 0.62040
-0.02463 -0.00170 0.61925
-0.01242 -0.00742 0.64474
-0.01411 -0.01120 0.65693
0.00089 -0.00880 0.66879
-0.00071 -0.01525 0.68451
-0.00307 -0.01946 0.69610
-0.01688 -0.01965 0.71139
-0.01732 -0.02779 0.72508
-0.02158 -0.02637 0.73915
-0.02148 -0.00965 0.75389
-0.00109 -0.01476 0.76400
-0.00409 -0.02198 0.78022
-0.01239 -0.01002 0.79077
-0.02217 -0.02104 0.80326
0.00886 -0.01327 0.81669
0.01086 -0.01694 0.82896
0.02199 -0.01803 0.84058
0.00824 -0.01103 0.85329
0.03208 -0.02513 0.86659
0.02573 -0.01807 0.87520
0.03222 -0.02565 0.89010
0.02803 -0.01085 0.89977
0.00588 -0.00567 0.90935
-0.01142 -0.01042 0.91828
-0.00783 -0.02055 0.92527
-0.01292 -0.02150 0.93362
-0.01205 -0.03186 0.93923
-0.01471 -0.03049 0.94457
-0.00112 -0.02529 0.94829
-0.04219 -0.01895 0.94983
-0.04627 -0.02181 0.95311
-0.02308 -0.02605 0.95214
-0.01253 -0.02814 0.95136
-0.01736 -0.02544 0.95135
-0.01647 -0.03657 0.94616
-0.02479 -0.02621 0.95403
-0.01529 -0.01248 0.95175
-0.02271 -0.02377 0.95164
0.01663 -0.00435 0.94667
0.00235 -0.03704 0.94149
0.00082 -0.05424 0.93889
-0.00195 -0.04178 0.93868
-0.01287 -0.04055 0.93798
-0.00113 -0.03677 0.93418
-0.02289 -0.04562 0.93244
-0.01802 -0.03785 0.93056
-0.02553 -0.04009 0.92778
-0.02875 -0.03612 0.92761
-0.02227 -0.03129 0.92414
-0.01183 -0.02505 0.92828
0.00139 -0.02683 0.92785
-0.01776 -0.02299 0.92818
-0.00444 -0.01928 0.93162
0.00905 -0.03796 0.92789
-0.02773 -0.03491 0.93001
0.01323 -0.03838 0.92933
-0.01109 -0.02971 0.93368
0.00944 -0.01158 0.93729
0.01094 -0.01468 0.93882
0.00926 -0.02341 0.94373
0.00038 -0.01849 0.94403
0.00293 -0.01243 0.94811
-0.01517 -0.00702 0.95399
-0.02738 -0.03147 0.95464
-0.00989 -0.04000 0.95465
-0.01107 -0.03525 0.95652
-0.02075 -0.03147 0.96617
-0.02145 -0.02090 0.97137
-0.03389 -0.01600 0.97796
-0.02301 -0.01310 0.98208
-0.01980 -0.02294 0.99032
-0.01190 -0.01306 0.99507
-0.04420 -0.01969 0.99936
-0.03336 -0.01252 1.01692
-0.05768 -0.01096 1.00683
-0.05913 -0.04543 1.02034
-0.03503 -0.03587 1.01830
-0.05771 -0.03897 1.02227
-0.02189 -0.03275 1.03484
-0.03863 -0.02871 1.04198
-0.03313 -0.01688 1.04883
-0.01718 0.00776 1.05661
-0.04085 0.00864 1.05597
-0.03405 -0.00696 1.06688
-0.02527 -0.02171 1.06431
-0.02739 -0.01774 1.06722
-0.00315 -0.02762 1.06880
-0.00114 -0.02847 1.06778
0.00802 -0.03563 1.06773
-0.00706 -0.03558 1.07083
-0.01878 -0.02836 1.06810
-0.01147 -0.01943 1.06929
-0.03271 -0.02822 1.06949
-0.03411 -0.05543 1.06685
-0.02602 -0.02636 1.06697
-0.03848 -0.04076 1.06841
-0.03992 -0.01805 1.06673
-0.02418 -0.03383 1.06935
0.01378 -0.04127 1.06551
-0.02084 -0.03527 1.06686
-0.01828 -0.01037 1.06923
-0.00784 -0.01332 1.06654
-0.01464 -0.03610 1.06921
-0.05280 -0.04948 1.06558
0.00391 -0.04459 1.06435
-0.00184 -0.01725 1.06834
0.01217 -0.06357 1.06363
0.00847 -0.05299 1.06391
0.00735 -0.06179 1.06313
-0.01298 -0.02907 1.06719
-0.00100 -0.02225 1.07491
0.01316 -0.01410 1.07767
-0.00413 -0.02393 1.07552
-0.00121 -0.00917 1.08005
-0.01639 -0.02712 1.07990
-0.01268 -0.00679 1.07991
0.00971 -0.01444 1.08435
0.00692 -0.04282 1.08187
-0.02427 -0.07083 1.07907
-0.01433 -0.04272 1.08579
-0.03030 -0.00155 1.08850
-0.02333 -0.00906 1.09724
-0.01801 -0.01301 1.09726
-0.02172 -0.04263 1.09791
-0.03965 -0.00686 1.09846
-0.01743 0.00892 1.11298
-0.02548 -0.00521 1.11222
-0.06743 -0.06614 1.10827
-0.03272 -0.07253 1.10434
-0.02857 -0.04682 1.11343
-0.02831 -0.00867 1.12396
-0.05082 -0.00674 1.13691
-0.04226 -0.01736 1.13349
-0.06509 -0.03374 1.13536
-0.03240 -0.01401 1.14269
-0.02412 -0.01746 1.14545
-0.02262 -0.02974 1.14984
-0.02197 -0.04167 1.15210
-0.04846 -0.02903 1.15806
-0.03256 -0.03754 1.15857
-0.03837 -0.03929 1.16554
-0.07023 0.01057 1.16945
-0.04747 -0.01181 1.17172
-0.04424 -0.02114 1.16897
-0.05601 -0.05655 1.16236
-0.02989 -0.04659 1.16508
-0.02727 -0.03149 1.16247
-0.04642 -0.04081 1.15877
-0.04471 -0.02610 1.15889
-0.02120 -0.04215 1.15588
-0.01079 -0.05842 1.15366
-0.01723 -0.04395 1.14900
-0.03889 -0.04514 1.14988
-0.03604 -0.05877 1.14349
-0.02538 -0.05441 1.13469
-0.04960 -0.03797 1.13639
-0.03245 -0.02497 1.13404
-0.04607 -0.03504 1.13347
-0.01298 -0.00553 1.12767
-0.05086 -0.02961 1.12270
-0.05029 -0.04360 1.10637
-0.04586 -0.02915 1.10649
-0.06131 -0.02904 1.09628
-0.05099 -0.03089 1.07947
-0.06920 -0.03572 1.06949
-0.03119 -0.02760 1.05759
-0.05487 -0.02793 1.04078
-0.04284 -0.03562 1.03120
-0.05011 -0.01754 1.00178
-0.03175 -0.04085 0.99524
-0.10008 -0.04520 0.97195
-0.03725 -0.03432 0.96106
-0.04304 -0.04869 0.94799
-0.03077 -0.02249 0.92764
-0.01696 -0.03521 0.91390
-0.01071 -0.02863 0.89785
-0.01004 -0.02730 0.87863
0.00014 -0.03754 0.86353
-0.01750 -0.02572 0.84385
-0.00932 -0.03318 0.83560
0.00322 -0.02385 0.81880
0.02082 -0.03676 0.80853
0.01640 -0.02841 0.77277
0.05723 -0.04284 0.70840
0.08012 -0.04572 0.70675
0.05262 -0.02548 0.71046
0.07230 -0.01456 0.70895
0.14330 -0.02941 0.69644
0.16070 -0.01708 0.69302
0.04102 -0.01997 0.71070
0.02817 -0.01767 0.71073
0.02591 -0.02463 0.71013
-0.00570 -0.01318 0.71017
-0.01368 -0.00695 0.71090
-0.02691 0.00093 0.70965
-0.06670 -0.00878 0.70697
-0.05389 -0.01342 0.70777
-0.58916 0.01441 0.44078
-0.03061 -0.02106 0.61149
-0.06561 -0.01892 0.59047
-0.01785 -0.00753 0.57640
-0.05093 -0.01562 0.55374
-0.07060 -0.01214 0.52817
-0.05705 -0.02494 0.51094
-0.02745 -0.02163 0.48709
-0.02395 -0.02939 0.46276
-0.05598 -0.03831 0.43111
-0.05081 -0.03527 0.40632
-0.04869 -0.01553 0.38243
-0.04266 -0.02043 0.35570
-0.04597 -0.01531 0.32945
-0.03703 -0.02175 0.30661
-0.03654 -0.00689 0.28630
-0.02767 -0.00810 0.26534
-0.03181 -0.01091 0.24404
-0.03023 -0.02340 0.22902
-0.02564 -0.02278 0.21860
-0.01004 -0.01936 0.21361
-0.01283 -0.01180 0.20740
-0.03793 -0.00575 0.19908
-0.04366 -0.00764 0.19327
-0.03352 -0.01971 0.19331
-0.01678 -0.01406 0.19724
-0.02566 -0.00297 0.19748
-0.02127 0.00576 0.19784
-0.02110 0.00570 0.19632
-0.00655 -0.00067 0.19731
-0.02247 0.00286 0.19724
-0.02690 -0.00512 0.19602
0.00296 -0.00168 0.19757
-0.03321 -0.01707 0.19741
-0.02532 -0.02524 0.20946
-0.03345 -0.02667 0.22498
-0.02828 -0.02916 0.24740
-0.02667 -0.00941 0.26945
-0.02431 -0.01201 0.28821
-0.01252 -0.01257 0.30417
-0.02272 -0.01802 0.32276
-0.02214 -0.01999 0.34107
-0.01690 -0.01696 0.36786
-0.01175 -0.01267 0.39035
0.00157 -0.01731 0.41412
-0.00444 0.00977 0.44074
-0.00072 0.01453 0.46338
-0.00375 0.01548 0.48809
0.00143 0.01477 0.50613
0.00323 0.01422 0.52646
0.00050 -0.01531 0.54329
0.00145 -0.02124 0.55727
-0.00017 -0.00217 0.57672
-0.03968 -0.04036 0.59476
-0.02515 -0.02755 0.61845
-0.03354 -0.00546 0.63966
-0.00607 -0.00304 0.66238
-0.02993 -0.01940 0.67897
-0.04871 -0.05947 0.68689
-0.02964 -0.03788 0.70475
-0.01611 -0.00859 0.71910
-0.01077 -0.01550 0.74373
-0.04213 0.00995 0.76772
-0.00826 -0.01151 0.79158
-0.03886 -0.01052 0.80562
-0.03467 -0.01242 0.81240
-0.03517 -0.03258 0.83158
-0.03111 -0.02002 0.84093
-0.02459 0.01298 0.86620
-0.02499 -0.00500 0.88083
-0.04049 0.00083 0.88952
-0.03278 0.00658 0.90071
-0.01972 -0.00818 0.91347
-0.01309 -0.00536 0.92436
0.00501 -0.05578 0.93209
-0.00789 -0.04259 0.94446
0.00541 -0.02795 0.95824
0.00045 0.00377 0.96994
-0.03439 -0.00523 0.98270
-0.01266 -0.03251 0.98835
0.00781 -0.01059 0.99620
-0.01442 -0.05557 1.00118
-0.01459 -0.03550 1.00501
-0.01668 -0.03804 1.01530
-0.04061 -0.00956 1.02129
-0.03839 -0.02922 1.02669
-0.05454 -0.03066 1.02904
-0.01859 -0.03739 1.03836
-0.02169 -0.03797 1.03975
-0.00325 -0.00305 1.05173
-0.02745 -0.01273 1.05372
-0.03063 -0.01487 1.05286
-0.01268 -0.02134 1.06133
-0.01368 -0.01865 1.06121
-0.01579 -0.02893 1.06263
-0.02149 -0.03065 1.06347
0.00554 -0.05055 1.06079
-0.02313 -0.03712 1.06464
-0.01303 -0.04850 1.05789
-0.00419 -0.04252 1.05996
-0.03355 0.01447 1.06434
-0.01737 -0.01774 1.06974
-0.01658 -0.02341 1.06958
-0.02164 -0.04095 1.06207
-0.02111 -0.05442 1.05478
-0.01649 -0.05879 1.05398
-0.00795 -0.04291 1.05783
-0.01706 -0.00531 1.06695
-0.02078 -0.03189 1.06885
-0.01242 -0.01847 1.06988
-0.01709 -0.05098 1.06629
-0.02493 -0.05878 1.06519
-0.03292 -0.05314 1.06388
-0.02143 -0.02186 1.06637
-0.03765 -0.01376 1.07162
-0.02297 -0.00504 1.07220
-0.01847 -0.00519 1.07597
-0.01636 -0.04594 1.06724
-0.05350 -0.06584 1.06558
-0.04216 -0.03264 1.06957
-0.00326 0.00588 1.07644
-0.00078 0.01401 1.08116
-0.01408 -0.01504 1.08146
-0.00494 -0.02306 1.07672
-0.01758 -0.06621 1.07308
-0.02968 -0.03055 1.07815
-0.03040 -0.05277 1.07811
-0.03921 -0.01935 1.07951
-0.03203 -0.05919 1.07875
-0.06098 -0.01601 1.08027
-0.02716 -0.03828 1.08187
-0.03124 -0.07026 1.07820
-0.01989 -0.03076 1.07906
-0.04328 -0.03090 1.08292
-0.01969 0.00345 1.08775
-0.01459 -0.02156 1.09324
-0.02155 0.00442 1.09322
-0.05463 -0.04312 1.08927
-0.04462 -0.04388 1.08905
-0.03460 -0.07510 1.08856
-0.02986 -0.06561 1.08700
-0.05458 -0.02727 1.08424
-0.01219 -0.02850 1.09812
-0.02659 -0.01053 1.09725
-0.03665 -0.02500 1.09472
-0.03564 -0.02345 1.09666
-0.03101 -0.03382 1.09785
-0.02677 -0.03707 1.09725
-0.03982 -0.04635 1.09859
-0.02427 -0.02147 1.09911
-0.01181 -0.02830 1.10353
-0.04339 -0.03686 1.10092
-0.02566 -0.06005 1.09980
-0.02682 -0.02649 1.10404
-0.09670 0.00978 1.10256
-0.01674 -0.04242 1.10980
-0.02793 -0.03722 1.10622
-0.02823 -0.03394 1.10652
-0.03652 -0.04039 1.10891
-0.03919 -0.03733 1.11306
-0.00876 -0.05565 1.11127
-0.03783 -0.01666 1.11270
-0.01783 -0.01695 1.11952
-0.03938 -0.01230 1.11635
-0.01338 -0.04574 1.12043
-0.02483 -0.03647 1.11499
-0.00572 -0.08116 1.11746
-0.00749 -0.02421 1.12075
-0.03048 -0.03034 1.12396
-0.01862 -0.02222 1.12980
-0.01612 -0.00774 1.13010
-0.01894 -0.01147 1.13056
-0.03297 -0.02126 1.13110
-0.03297 -0.06397 1.13133
-0.02864 -0.04176 1.13067
-0.03631 -0.04189 1.13503
-0.05001 -0.03643 1.13254
-0.03470 -0.03053 1.13677
-0.04475 -0.01548 1.13880
-0.01028 -0.02399 1.13730
-0.01074 -0.02772 1.14156
-0.02697 -0.01727 1.14189
-0.02096 -0.03949 1.13875
-0.02709 -0.05553 1.13704
-0.00633 -0.04773 1.14122
-0.01945 -0.00944 1.14344
-0.02905 -0.03000 1.14560
-0.03780 -0.05578 1.13393
-0.02833 -0.03652 1.13969
-0.03178 -0.02166 1.13779
-0.01684 -0.03743 1.14095
-0.02315 -0.04136 1.13282
-0.04719 -0.02318 1.13143
-0.02116 -0.02159 1.13712
-0.02252 0.00848 1.14347
-0.02137 -0.01013 1.13028
-0.00308 -0.08428 1.12230
-0.01294 -0.02645 1.11320
-0.01991 0.00456 1.11391
-0.02389 -0.01939 1.12042
0.00084 -0.03298 1.12283
0.00980 0.00304 1.11901
-0.02448 -0.01165 1.10835
-0.01765 -0.04012 1.10162
-0.01978 -0.07739 1.08311
-0.01346 -0.04037 1.07962
-0.03697 -0.01456 1.08579
-0.03653 -0.06117 1.09360
0.00435 -0.05168 1.08972
-0.01720 -0.01760 1.07160
-0.02431 -0.07071 1.05193
-0.02967 -0.04634 1.04818
-0.02671 -0.03156 1.01814
-0.02395 -0.03372 1.03125
-0.00224 0.00143 1.03557
-0.01209 -0.03364 1.03228
-0.01658 -0.00436 1.02096
-0.01923 -0.04526 1.01092
-0.02589 -0.04231 0.99861
-0.01099 -0.07043 0.99292
0.00765 -0.08182 0.98548
-0.02958 -0.04699 0.97328
-0.02528 -0.02406 0.97961
0.01168 -0.02434 0.97587
-0.00731 -0.04215 0.96885
-0.00392 -0.03552 0.95354
-0.00605 -0.03727 0.94789
-0.01265 -0.02152 0.94932
-0.02422 -0.02104 0.94295
-0.04935 -0.02186 0.93779
-0.01448 -0.03573 0.92506
-0.06165 -0.06652 0.91804
-0.04087 -0.02690 0.91742
-0.03220 -0.01249 0.91620
-0.04141 -0.02679 0.91086
-0.04557 -0.02041 0.90588
-0.02755 -0.00537 0.90445
-0.07008 -0.06423 0.89134
-0.04367 -0.03734 0.88569
-0.04145 -0.04853 0.88514
-0.04430 0.02783 0.88648
-0.05883 -0.00253 0.88751
-0.04527 -0.01226 0.87901
-0.02849 -0.04405 0.86908
-0.03681 -0.05391 0.86003
-0.06431 -0.04358 0.85451
-0.04195 0.00403 0.85584
-0.03798 0.00588 0.85692
-0.01065 -0.00777 0.85082
-0.02817 -0.01035 0.84528
-0.02621 -0.00673 0.83428
-0.01696 -0.02732 0.83236
-0.04136 -0.00119 0.82208
-0.01467 -0.03990 0.80914
-0.00225 -0.02051 0.79179
-0.00234 -0.02605 0.78522
-0.00299 -0.02035 0.77205
-0.00811 -0.02087 0.76249
-0.00671 -0.02114 0.75013
-0.01996 -0.01556 0.73796
-0.01245 -0.02017 0.73211
-0.00762 -0.01162 0.71582
-0.00604 -0.01081 0.70585
0.00197 -0.00577 0.69468
-0.00693 -0.01829 0.68536
-0.02291 -0.02286 0.67337
-0.00870 -0.01765 0.66532
-0.01805 -0.02551 0.65297
-0.02372 -0.02613 0.64058
-0.05355 -0.02006 0.62587
-0.00250 -0.03723 0.61423
0.00296 -0.03366 0.59943
0.01234 -0.01920 0.58968
-0.00035 -0.01621 0.58210
-0.01228 -0.00668 0.56946
-0.01553 -0.00705 0.56420
0.00746 -0.01560 0.54911
0.04103 -0.00228 0.53718
0.02670 -0.01755 0.52291
0.01943 -0.02217 0.51592
0.02699 -0.02981 0.50404
-0.00570 -0.01406 0.49598
-0.01486 -0.01213 0.48542
-0.02813 -0.02370 0.47133
-0.03711 -0.01634 0.46227
-0.02402 -0.00854 0.45026
-0.01030 -0.00916 0.43458
0.00099 -0.01370 0.42088
-0.00971 -0.01853 0.40732
-0.00971 -0.00802 0.39321
-0.02744 -0.00779 0.38579
-0.04845 -0.00269 0.36427
-0.05942 0.00683 0.35877
0.01800 0.00329 0.35277
-0.05743 -0.02156 0.33047
-0.00706 -0.01621 0.34060
-0.06228 -0.02020 0.31234
-0.03473 -0.02394 0.32338
-0.04297 -0.00704 0.31923
-0.00824 -0.00762 0.31090
-0.00130 -0.01521 0.31686
-0.02766 -0.01039 0.30536
-0.04374 -0.00752 0.30796
-0.03404 -0.01694 0.30207
-0.05064 -0.01994 0.29098
-0.05109 -0.00758 0.29689
-0.02925 0.01577 0.29398
-0.05348 0.00115 0.29026
-0.03300 -0.01739 0.28223
-0.05777 -0.00846 0.27955
-0.05053 -0.00124 0.28650
-0.05495 -0.00237 0.28915
-0.03454 -0.01606 0.29370
-0.02653 -0.02576 0.29372
-0.02969 -0.02172 0.28805
0.00412 -0.00549 0.29577
-0.01586 -0.01620 0.29555
-0.00839 -0.01772 0.29458
0.00413 -0.02479 0.29986
-0.03307 -0.01447 0.29844
-0.00374 -0.02496 0.30628
-0.00703 -0.00189 0.31359
-0.03337 0.01744 0.32170
-0.04744 0.00673 0.32420
-0.04148 0.00839 0.32907
-0.03670 -0.00780 0.33359
-0.04089 -0.01028 0.34722
-0.05536 -0.00181 0.34035
-0.01510 -0.00182 0.36034
-0.02469 0.00042 0.36846
-0.03274 -0.01117 0.37456
-0.02192 -0.00873 0.38610
-0.05627 -0.02972 0.40231
-0.04262 -0.00445 0.41883
-0.04227 -0.00504 0.43779
-0.01974 -0.00713 0.46288
-0.05645 -0.00493 0.47248
-0.05089 -0.01078 0.48900
-0.00637 0.00214 0.51361
-0.00028 -0.01251 0.53560
-0.01792 0.00186 0.55797
0.00186 -0.02097 0.57887
0.03686 -0.03953 0.60337
0.00690 -0.03272 0.62486
-0.00421 -0.01350 0.65264
0.02192 -0.00141 0.68356
0.01648 0.00899 0.71130
0.00467 -0.00224 0.74216
0.00085 -0.00733 0.76386
-0.06860 -0.01671 0.78279
-0.04706 -0.02967 0.80583
-0.07738 -0.00957 0.83337
-0.03704 -0.00027 0.86104
-0.04379 -0.01514 0.88190
-0.03910 -0.01691 0.90485
-0.02061 -0.01240 0.92581
-0.01507 -0.01719 0.94921
-0.02345 -0.01524 0.97381
-0.01022 -0.00019 0.99778
0.00076 -0.00623 1.02173
-0.01834 -0.01694 1.04435
-0.03108 -0.03469 1.06629
-0.01079 -0.04764 1.08799
-0.00489 -0.01196 1.11190
-0.03793 -0.02515 1.14029
-0.01636 -0.01089 1.16065
-0.02756 0.00433 1.18126
0.00291 0.00262 1.18750
-0.02330 -0.03093 1.18794
-0.03126 -0.05997 1.17956
-0.05005 -0.07395 1.17225
-0.02362 -0.06505 1.17167
-0.03883 -0.04790 1.17620
-0.04690 -0.02036 1.17602
-0.02702 0.00271 1.17504
-0.02539 -0.04752 1.18095
-0.05259 -0.02599 1.17671
-0.01369 -0.03549 1.17904
-0.02177 -0.03976 1.17861
-0.06942 -0.03396 1.17596
-0.08844 -0.03549 1.17305
-0.05987 -0.02758 1.17297
-0.03201 -0.02891 1.16912
0.01582 -0.01763 1.17153
-0.04200 -0.06332 1.16155
-0.02917 -0.03401 1.16424
-0.04388 -0.03141 1.15863
-0.02985 -0.01611 1.15967
-0.00948 -0.00984 1.15786
-0.04398 -0.04068 1.15393
-0.00689 -0.02579 1.15240
-0.05107 -0.05139 1.14697
-0.05374 -0.03332 1.14486
-0.05313 -0.03096 1.14414
-0.03413 -0.04509 1.13762
-0.05365 -0.05016 1.13429
-0.10431 -0.05190 1.12731
-0.04399 -0.02651 1.13235
-0.05110 -0.02005 1.13014
-0.01019 -0.01386 1.13286
-0.01360 -0.03945 1.12447
-0.07871 -0.06242 1.11242
-0.04869 -0.04081 1.11283
-0.01647 -0.05257 1.10894
-0.00421 -0.02381 1.11387
0.00523 -0.03797 1.10857
0.00090 -0.04647 1.10095
0.06473 -0.02716 1.09608
-0.01202 0.00182 1.09881
-0.00983 0.00012 1.09929
-0.01612 -0.00476 1.09971
-0.02687 -0.00701 1.09923
-0.00334 -0.03773 1.09431
-0.01840 -0.05225 1.08487
0.00318 -0.05549 1.08445
-0.03873 -0.06401 1.08486
-0.02613 -0.04688 1.09179
-0.01664 0.02505 1.09626
-0.00306 -0.01572 1.09637
-0.01710 -0.01078 1.09959
-0.02129 -0.01180 1.09230
-0.03317 -0.05963 1.08759
-0.01545 -0.02598 1.08696
-0.01009 -0.05308 1.08549
-0.03968 -0.04440 1.08193
-0.03399 -0.03010 1.07979
-0.05341 -0.01380 1.07867
-0.04809 -0.03338 1.07501
-0.06568 -0.04274 1.07566
-0.03753 -0.03718 1.07140
-0.03445 -0.03850 1.06875
-0.01249 -0.02594 1.06690
-0.06056 -0.05866 1.05957
-0.02784 -0.03513 1.06411
-0.04912 -0.04017 1.05971
-0.06311 -0.04650 1.05341
-0.00784 -0.02544 1.05760
-0.03823 -0.03389 1.05111
-0.03795 -0.03620 1.05140
-0.02939 -0.05066 1.04329
-0.07618 -0.04004 1.04368
-0.02995 -0.02062 1.04069
-0.00860 -0.04388 1.03794
0.00900 -0.03622 1.03840
-0.00857 -0.02262 1.03660
0.01627 -0.01965 1.03165
0.00654 -0.02683 1.02522
0.00733 -0.04866 1.03065
0.00550 -0.04377 1.02495
0.02418 -0.05496 1.02095
0.01344 -0.03092 1.01856
0.00212 -0.02819 1.01554
-0.00346 -0.04659 1.01613
0.00636 -0.02606 1.01312
0.01159 -0.03234 1.00777
-0.00128 -0.03189 1.00520
0.01184 -0.04403 0.99995
-0.00757 -0.01836 1.00258
-0.00923 -0.03106 0.99784
-0.04811 -0.01272 0.99446
-0.01764 -0.03595 0.98908
-0.06146 -0.01885 0.98377
-0.00640 -0.01723 0.98552
-0.03220 -0.03392 0.98064
-0.02888 -0.02441 0.97915
-0.00786 -0.03409 0.97605
0.01290 -0.00345 0.97322
0.07252 -0.03401 0.96824
-0.04936 -0.05609 0.96133
-0.03375 -0.05024 0.96319
0.00290 -0.02455 0.96366
0.01880 0.00290 0.96201
-0.00658 -0.01770 0.96158
-0.12908 -0.03009 0.94601
-0.02807 -0.02814 0.95623
0.00175 -0.01491 0.95614
-0.00808 -0.00252 0.96132
-0.01715 -0.02163 0.96124
0.01330 -0.02287 0.96127
-0.07174 -0.01655 0.96264
-0.02501 -0.03241 0.96462
-0.06788 -0.06008 0.96659
-0.04000 -0.03626 0.97076
-0.03518 -0.02539 0.97795
-0.03165 -0.01988 0.98551
-0.02338 -0.00909 0.98623
-0.05451 -0.01560 0.99676
-0.02652 -0.02560 0.99677
-0.03955 -0.04447 0.99873
-0.03110 -0.02746 1.01299
-0.00360 -0.03511 1.01486
-0.00641 -0.01518 1.01993
-0.03861 -0.07468 1.02081
-0.05194 -0.00137 1.02856
-0.00689 -0.04824 1.03536
-0.02922 -0.00959 1.04942
-0.01781 -0.05528 1.05423
-0.03921 -0.01775 1.06423
-0.04679 -0.01558 1.06689
-0.00527 -0.02876 1.07217
-0.04914 -0.02114 1.08083
-0.02622 -0.04851 1.08553
-0.02585 -0.01876 1.09180
-0.04770 -0.03451 1.09994
-0.09760 -0.03251 1.09969
-0.08228 -0.03103 1.10960
-0.04499 -0.02078 1.11671
-0.02944 -0.03373 1.13595
0.00849 -0.07653 1.09894
0.04168 -0.04417 1.11209
0.06968 -0.03451 1.11977
0.00239 -0.02079 1.11622
0.06602 -0.04686 1.11223
0.02412 -0.03485 1.11335
0.04872 -0.03995 1.10508
0.01216 -0.04135 1.10551
0.05035 -0.01239 1.10281
0.04194 -0.01345 1.10182
0.01885 -0.00212 1.09680
0.02783 -0.02230 1.09921
0.02563 -0.01890 1.08960
-0.00827 -0.01548 1.08787
0.02145 -0.01935 1.08677
0.01706 -0.01448 1.08095
0.06103 -0.04282 1.07680
0.05753 -0.01070 1.07229
0.00992 -0.03755 1.06725
0.01729 -0.03513 1.06422
0.00052 -0.03560 1.05800
-0.00902 -0.03496 1.05482
0.01674 -0.03740 1.04889
0.00114 -0.03621 1.04814
0.00145 -0.03150 1.04312
-0.01349 -0.03715 1.03249
-0.00942 -0.03608 1.03211
-0.01647 -0.04367 1.02140
-0.00482 -0.03618 1.01058
-0.03108 -0.00260 0.99223
-0.02198 -0.00303 0.96905
-0.04700 -0.03844 0.94383
-0.02132 -0.00755 0.92009
0.00603 -0.02755 0.89011
-0.01870 -0.05097 0.86300
-0.07186 -0.04672 0.83469
-0.03336 -0.03191 0.81421
-0.05436 -0.02791 0.78398
-0.04900 -0.03545 0.75333
-0.04116 -0.02975 0.72794
-0.03733 -0.03440 0.69876
-0.03276 -0.02270 0.67590
-0.04194 -0.02308 0.66846
-0.03831 -0.02049 0.61053
-0.06627 -0.02784 0.60626
-0.03169 -0.01615 0.59122
-0.04623 -0.02740 0.57105
-0.03485 -0.03960 0.55580
-0.01144 -0.02306 0.54734
0.01531 -0.04601 0.53097
-0.00645 -0.02426 0.52303
-0.00115 -0.03978 0.51029
-0.00073 -0.03766 0.49391
0.01416 -0.00027 0.48387
-0.01679 -0.03404 0.45956
-0.02084 0.00675 0.44774
-0.03905 -0.00140 0.43161
-0.05248 -0.01426 0.40514
-0.05151 -0.01208 0.38688
-0.04106 -0.02472 0.35750
-0.05258 -0.01737 0.33447
-0.04456 -0.02046 0.31158
-0.04853 -0.02531 0.29082
-0.03312 -0.01906 0.29289
-0.03698 -0.01887 0.28673
-0.05601 0.00421 0.28332
-0.06543 0.02807 0.28451
-0.06161 0.01542 0.27538
-0.05654 -0.01732 0.27890
-0.03931 -0.00255 0.27261
-0.03649 -0.00817 0.26980
-0.02687 -0.00602 0.27928
0.00442 -0.01440 0.27887
-0.04255 -0.02010 0.29170
-0.00636 -0.00458 0.29824
-0.00842 -0.01446 0.31641
-0.02919 -0.02093 0.31826
-0.04436 -0.02609 0.32740
-0.03947 -0.02539 0.34718
-0.02607 -0.03270 0.35154
-0.03626 -0.03660 0.37444
-0.04876 -0.02127 0.37918
-0.02224 -0.04380 0.39688
-0.05706 -0.00991 0.42417
-0.04647 0.00146 0.43808
-0.05567 0.02327 0.46567
-0.05973 0.01463 0.48069
-0.04525 0.00740 0.51521
-0.02602 0.00898 0.52075
-0.01865 0.00297 0.55124
-0.04131 -0.01676 0.57661
-0.04490 -0.02581 0.59621
-0.02395 -0.00696 0.62093
-0.03530 0.00498 0.64405
-0.03976 0.00339 0.66802
-0.02960 0.00997 0.69695
-0.04738 -0.01336 0.70911
-0.03526 -0.03220 0.73032
-0.03694 -0.01791 0.75023
-0.04351 -0.02625 0.76776
-0.00923 -0.02237 0.78838
-0.09546 0.01663 0.80812
-0.07390 0.02344 0.83490
-0.00619 -0.00701 0.85758
-0.00332 -0.01121 0.87478
-0.01806 -0.02226 0.89303
-0.00958 -0.01456 0.91035
-0.05022 -0.01415 0.92984
-0.06752 -0.02329 0.94601
-0.01374 -0.00094 0.96357
0.02859 -0.03334 0.97273
0.01296 -0.05187 1.02808
0.00744 -0.04593 0.95617
-0.00872 -0.01437 1.01561
-0.01609 0.00413 1.04003
0.00113 -0.00174 1.04776
-0.01271 -0.01519 1.06072
0.03095 -0.05484 1.07890
0.01226 -0.04186 1.08844
0.04966 -0.06834 1.10067
0.03633 -0.04845 1.11447
-0.01347 -0.01744 1.13158
0.00847 -0.00329 1.15155
-0.02901 -0.01741 1.15927
0.01585 -0.01242 1.16366
0.01674 -0.03600 1.17310
-0.03159 -0.02713 1.18467
-0.03349 -0.02756 1.19149
-0.00411 -0.00863 1.19870
-0.02679 -0.01923 1.20311
0.04550 -0.06540 1.19604
-0.00164 -0.05165 1.20288
0.00903 -0.04331 1.20773
-0.07628 -0.02017 1.20814
0.01649 -0.03100 1.21314
0.07395 -0.05008 1.20481
0.01131 -0.02745 1.20851
-0.01070 -0.00844 1.20910
-0.01803 -0.02901 1.20538
0.00804 -0.04675 1.20192
0.06935 -0.02468 1.18532
0.00087 -0.09839 1.18420
0.01541 -0.03963 1.19386
-0.02461 -0.01078 1.19461
0.00469 -0.00654 1.19150
0.00584 -0.01570 1.18775
-0.00025 -0.03297 1.19405
-0.05147 -0.08361 1.19027
-0.01750 -0.02101 1.18590
-0.00853 -0.07142 1.19134
-0.00316 -0.03203 1.19499
-0.00627 -0.02207 1.20262
0.00300 -0.02807 1.19972
0.00453 -0.01940 1.19902
0.00208 -0.04037 1.19702
-0.01807 -0.05520 1.19333
-0.01446 -0.03543 1.19257
0.01724 -0.01510 1.19504
-0.00915 -0.01341 1.19446
-0.01385 -0.02422 1.19638
-0.00866 -0.04973 1.18393
-0.03608 -0.08461 1.17534
-0.03384 -0.07520 1.17265
-0.03868 -0.03508 1.17354
-0.03814 -0.02277 1.16985
-0.03725 -0.01496 1.17086
-0.05864 -0.05252 1.15949
-0.03588 -0.06391 1.15425
-0.00556 -0.01385 1.15465
-0.03383 -0.00021 1.15360
-0.02939 -0.04147 1.15361
-0.02153 -0.05138 1.13624
-0.02281 -0.05262 1.12912
-0.01709 -0.06131 1.12840
0.01472 -0.02319 1.13290
-0.01653 -0.02195 1.13738
0.05984 -0.03715 1.13706
0.05276 -0.06724 1.12627
0.01449 -0.06044 1.11195
0.02319 -0.05419 1.12528
0.03059 -0.01194 1.13141
-0.01445 -0.03472 1.13139
0.00521 -0.07358 1.11827
-0.00867 -0.01730 1.11560
-0.02627 -0.04884 1.12275
-0.02543 -0.03444 1.12427
-0.00159 -0.01550 1.12745
0.02492 -0.00690 1.12582
0.00219 -0.00699 1.12463
0.00466 0.01222 1.13095
-0.02004 -0.03421 1.12548
0.00090 -0.06910 1.11962
0.00088 -0.05912 1.11334
0.05430 -0.02335 1.10936
0.05146 -0.02735 1.12738
0.05204 0.00269 1.12520
0.01959 -0.01319 1.12715
-0.00128 -0.01202 1.12503
0.00871 -0.02576 1.12307
0.00219 -0.04009 1.12182
-0.00648 -0.03812 1.11908
0.00900 -0.03161 1.12431
0.01577 -0.03306 1.12357
0.02780 -0.03092 1.12661
0.00938 -0.02239 1.12674
0.01426 -0.03792 1.12375
0.01367 -0.05644 1.12229
0.01745 -0.06603 1.11968
0.00367 -0.05569 1.11920
0.03909 -0.02276 1.11823
0.02854 -0.01188 1.12119
0.02184 -0.01502 1.15026
0.05080 -0.03459 1.07749
0.04325 -0.03808 1.10784
0.04587 -0.07071 1.10221
0.00566 -0.02880 1.10543
-0.01201 -0.02238 1.10456
0.02284 -0.03913 1.09918
-0.00106 -0.05023 1.09618
0.00409 -0.03462 1.09647
0.00445 -0.04929 1.09330
-0.01024 -0.03630 1.09613
-0.01091 -0.04424 1.08799
-0.00121 -0.05421 1.09033
-0.01030 -0.06355 1.08287
0.02316 -0.07007 1.07924
-0.00251 -0.05400 1.07767
-0.00034 -0.03131 1.07967
-0.00232 -0.02758 1.07950
0.00989 -0.02564 1.07544
0.00712 -0.05935 1.06720
0.02011 -0.06134 1.06207
0.08129 -0.09350 1.05922
0.02013 -0.03976 1.06184
0.06738 -0.04739 1.04621
-0.00111 -0.03756 1.05142
-0.00014 -0.01107 1.05111
-0.00475 -0.04127 1.05215
0.03329 -0.01550 1.04755
0.02399 -0.05996 1.03845
0.01189 -0.05161 1.03246
0.02089 -0.06850 1.02680
0.00704 -0.03217 1.03313
-0.00147 -0.02377 1.02759
-0.00415 -0.02916 1.02289
0.00910 -0.00943 1.02418
-0.00459 -0.01483 1.02182
-0.01741 -0.04096 1.00998
-0.00675 -0.04106 0.99329
-0.02179 -0.03903 0.99196
-0.01958 -0.04191 0.98267
0.02571 -0.03627 0.97222
0.00394 -0.02061 0.96535
-0.00545 -0.01367 0.94994
-0.04018 -0.05384 0.93244
0.05463 -0.05676 0.91908
0.00652 -0.01253 0.91463
-0.01129 -0.00470 0.90533
0.01863 -0.01309 0.89453
0.00811 -0.01450 0.88040
0.02755 0.00772 0.87055
-0.00629 -0.04685 0.83614
-0.01354 -0.04469 0.82347
0.00866 -0.05900 0.80244
0.02895 -0.06439 0.78000
0.04062 -0.05902 0.76157
-0.02947 -0.03687 0.74467
-0.06694 0.01665 0.72681
-0.05506 -0.01313 0.71065
-0.00909 -0.02259 0.69508
-0.04443 -0.01237 0.67330
-0.02886 -0.04726 0.65531
-0.02104 -0.03949 0.63931
-0.01437 -0.06376 0.61776
-0.07870 -0.06656 0.59917
0.00041 -0.02300 0.59121
-0.00792 -0.03726 0.57512
0.04174 -0.02636 0.55655
0.02200 -0.01119 0.54026
-0.00047 -0.04559 0.51507
-0.00020 -0.03679 0.49489
0.05454 -0.01885 0.47054
0.00418 -0.05207 0.44437
0.00947 -0.06235 0.41485
0.02140 -0.06640 0.38958
-0.00606 -0.01369 0.37396
-0.00249 -0.02396 0.35233
-0.01910 -0.03526 0.32658
-0.03698 -0.02468 0.30738
-0.03061 -0.00594 0.29531
-0.03527 -0.00676 0.28221
-0.04543 -0.00435 0.27278
-0.03321 -0.00161 0.26429
-0.01410 -0.00917 0.25785
-0.00956 -0.01919 0.25278
0.00253 -0.01347 0.25113
-0.00657 -0.00103 0.24976
-0.00867 0.00241 0.24783
-0.01170 -0.01218 0.24331
-0.00471 0.00558 0.22816
-0.04305 0.02465 0.18995
-0.00837 0.00878 0.15427
-0.02324 -0.00835 0.10522
-0.01953 -0.01745 0.06774
-0.03435 -0.01440 0.01717
-0.00320 0.00121 0.00826
0.00592 -0.00826 -0.01170
-0.00052 -0.01325 -0.00162
0.00030 -0.00323 0.00057
0.00080 0.00002 0.00291
-0.00097 0.00323 0.00088
0.00097 0.00033 0.00202
0.00056 0.00015 0.00200
-0.00033 -0.00045 -0.00325
0.00106 -0.00182 0.00281
0.00144 -0.00011 -0.00348
0.00017 -0.00099 -0.00317
0.00129 -0.00148 -0.00207
0.00043 -0.00048 -0.00332
0.00249 -0.00019 0.00306
0.00067 0.00065 -0.00246
0.00150 0.00113 -0.00331
0.00126 -0.00146 0.00070
-0.00013 -0.00168 0.00453
0.00162 -0.00083 -0.00187
-0.00118 -0.00027 0.00340
-0.00032 0.00024 0.00207
0.00256 -0.00014 -0.00117
0.00066 0.00033 0.00292
0.00340 0.00067 0.00127
0.00064 -0.00011 0.00259
0.00147 -0.00007 0.00201
0.00173 -0.00087 -0.00133
-0.00123 -0.00123 0.00148
-0.00104 -0.00089 0.00308
-0.00015 -0.00030 0.00211
-0.00024 0.00020 0.00268
-0.00105 -0.00014 0.00179
0.00199 -0.00270 0.00193
-0.00053 0.00097 0.00129
0.00046 -0.00076 0.00361
0.00144 -0.00017 0.00174
-0.00168 -0.00044 0.00133
0.00125 -0.00076 0.00037
-0.00004 0.00054 0.00164
-0.00022 0.00029 0.00121
-0.00051 0.00069 0.00050
-0.00054 0.00043 0.00130
-0.00080 0.00157 0.00032
-0.00017 0.00099 0.00145
0.00030 -0.00031 0.00140
0.00026 -0.00049 -0.00180
0.00072 -0.00040 -0.00128
0.00030 0.00024 -0.00123
0.00052 -0.00041 0.00070
0.00030 0.00051 -0.00096
0.00022 -0.00022 -0.00073
0.00030 -0.00028 -0.00107
0.00050 -0.00069 -0.00030
-0.00029 -0.00014 0.00180
0.00015 -0.00057 0.00040
0.00089 -0.00050 -0.00198
-0.00027 -0.00016 0.00095
-0.00060 -0.00027 0.00161
0.00013 -0.00069 0.00145
-0.00035 -0.00014 0.00141
0.00047 -0.00098 0.00118
-0.00052 0.00152 0.00157
-0.00009 -0.00148 0.00370
-0.00241 -0.00595 0.00224
-0.00362 -0.00045 0.00983
-0.00692 -0.00131 0.01236
-0.01083 -0.00225 0.01308
-0.00835 0.00080 0.01704
-0.01232 -0.00276 0.01707
-0.01438 -0.00391 0.01993
-0.03122 -0.01266 0.01133
-0.02021 -0.01499 0.04430
-0.02531 -0.01673 0.06707
-0.02846 -0.01240 0.09144
0.00299 -0.00146 0.12348
-0.00054 -0.00483 0.14860
-0.00673 -0.00762 0.17097
0.00619 0.00559 0.19773
-0.01066 0.01342 0.22227
0.01279 0.02072 0.24885
-0.03058 0.01287 0.27199
-0.01974 0.01490 0.29453
-0.03499 0.01005 0.31618
-0.03330 0.00959 0.33768
-0.02399 -0.00008 0.35953
-0.05088 -0.00546 0.37587
-0.07252 0.01386 0.38899
-0.07602 0.00672 0.40960
-0.20439 0.02478 0.38112
-0.07586 -0.01231 0.44097
-0.08694 0.00147 0.46511
-0.04046 -0.00535 0.49522
-0.09049 0.01516 0.51532
-0.07839 -0.00754 0.53762
-0.07390 -0.01935 0.55620
-0.10231 0.01100 0.57972
-0.07534 -0.00070 0.61239
-0.02426 0.01030 0.64227
-0.03206 0.00058 0.66430
0.00088 -0.00804 0.68509
-0.01596 -0.00245 0.71090
0.01593 -0.00769 0.73237
-0.02312 0.00069 0.75584
-0.04222 -0.00874 0.77381
-0.04386 0.00205 0.79774
-0.03985 -0.01681 0.81685
-0.07210 -0.00909 0.83288
-0.04839 -0.01808 0.86102
-0.02931 -0.00778 0.88151
-0.01651 -0.02154 0.90798
0.00356 -0.02792 0.92557
-0.04969 -0.01468 0.94965
-0.05426 0.00339 0.96994
-0.03609 0.00969 0.99708
-0.04193 -0.01440 1.01772
-0.00865 -0.02890 1.03753
0.00145 -0.02356 1.06138
-0.01021 0.00213 1.08297
-0.03851 0.00460 1.10844
-0.07157 0.02479 1.12369
-0.03390 0.00054 1.14037
-0.04043 0.00785 1.14638
-0.05034 -0.01342 1.14655
-0.06744 0.00553 1.14799
-0.01474 -0.01735 1.15048
-0.04095 -0.00986 1.14907
-0.02734 -0.03883 1.14791
-0.03777 -0.05694 1.13808
-0.03377 -0.05386 1.14136
-0.02470 -0.02328 1.14306
-0.02227 -0.00952 1.14741
-0.01920 -0.04300 1.14374
0.00727 0.00535 1.13632
-0.01362 -0.06648 1.13339
-0.01412 -0.05805 1.12909
-0.00401 -0.02628 1.12573
-0.01851 -0.06025 1.12158
-0.01950 -0.05441 1.11693
-0.01644 -0.04015 1.12272
-0.00950 -0.01297 1.12579
-0.02498 0.00562 1.12424
-0.00163 -0.01388 1.11730
-0.01919 -0.04726 1.11046
-0.03402 -0.03599 1.10353
-0.02293 -0.05623 1.10119
-0.01159 -0.06672 1.09802
-0.00715 -0.02022 1.09876
-0.02545 -0.02263 1.10712
0.00094 0.02284 1.09921
-0.01980 -0.01622 1.09523
-0.01111 -0.02705 1.09433
-0.02568 -0.02822 1.08845
-0.00539 -0.00697 1.08805
-0.03411 -0.01030 1.08552
-0.01555 -0.05721 1.07773
-0.01875 -0.05321 1.07317
-0.03123 -0.05094 1.06771
-0.02355 -0.01774 1.07372
-0.04506 0.00885 1.07125
-0.02359 0.02339 1.07194
-0.03361 -0.02238 1.06285
-0.03198 -0.06347 1.05673
-0.00095 -0.06076 1.05896
-0.03306 -0.04067 1.05602
-0.02151 -0.06607 1.04944
-0.03005 -0.02528 1.04662
-0.01311 -0.01211 1.05361
-0.03049 -0.00657 1.04912
0.00885 -0.04289 1.04300
-0.00531 -0.05673 1.03845
-0.01171 -0.04498 1.03725
-0.00906 -0.03734 1.03717
0.00960 -0.01848 1.03509
-0.01838 -0.03199 1.03144
-0.00868 -0.03353 1.03030
0.02294 -0.04515 1.02639
-0.00329 -0.05706 1.02434
-0.01380 -0.06378 1.01397
0.00690 -0.06167 1.01125
-0.00101 -0.03611 1.01428
-0.01699 -0.00904 1.01991
-0.01079 -0.00882 1.02110
-0.00694 -0.02491 1.01656
-0.00844 -0.04933 1.00743
-0.01408 -0.05976 0.99256
-0.01060 -0.03626 0.98976
-0.02221 -0.03971 0.99331
-0.01242 -0.04039 0.99891
-0.02186 -0.02715 1.00657
-0.01285 0.02025 1.01337
-0.02076 0.00627 1.02439
-0.02917 -0.01951 1.03216
-0.03189 0.00175 1.03856
-0.04952 0.04027 1.04820
-0.02860 -0.01784 1.05869
-0.00636 0.03737 1.07108
0.03839 -0.07890 1.06839
-0.00303 -0.05209 1.08016
-0.04163 -0.06431 1.08176
-0.02492 -0.05968 1.08690
-0.02668 -0.01835 1.09787
-0.01623 0.00608 1.11715
-0.03142 -0.00093 1.12737
-0.00671 0.01165 1.13434
-0.02815 -0.01077 1.13552
-0.04689 -0.06536 1.14127
-0.09441 -0.04136 1.14479
-0.05697 -0.01137 1.15642
-0.10090 -0.01435 1.15302
-0.02773 -0.01794 1.15625
-0.01939 -0.02900 1.15695
-0.02909 -0.03570 1.14987
-0.01698 -0.03495 1.14915
-0.05200 0.00048 1.14465
-0.01523 -0.02149 1.15106
-0.04792 -0.02094 1.14199
-0.02381 -0.06436 1.13814
-0.01911 -0.06588 1.13278
-0.02366 -0.01651 1.13359
-0.04980 0.01005 1.13565
-0.04398 -0.00414 1.13205
-0.02079 -0.02056 1.12458
-0.00182 -0.05582 1.11647
0.03219 -0.09729 1.10614
-0.00763 -0.05725 1.10281
0.00421 -0.03392 1.09661
0.00087 -0.03959 1.08671
0.01145 0.00158 1.07898
0.09700 -0.02374 1.06158
0.00066 -0.04287 1.06284
-0.00928 -0.01724 1.05717
0.02884 -0.01900 1.05025
-0.01390 -0.02821 1.04319
0.00094 -0.03906 1.03276
0.00256 -0.04189 1.02915
0.01430 -0.03939 1.02617
-0.02072 -0.03213 1.01814
-0.02840 -0.05859 1.01205
0.01096 -0.00028 1.01342
0.00627 -0.01593 1.01377
0.00093 -0.02008 1.00921
-0.02565 -0.04966 1.00211
-0.01719 -0.02590 0.99847
-0.03773 -0.02463 1.01063
-0.02291 -0.01470 1.01693
-0.05334 -0.03116 1.01936
-0.03248 0.01155 1.02264
-0.03278 -0.03419 1.02909
-0.01599 0.01215 1.03530
-0.01103 0.00388 1.04258
-0.00572 -0.01269 1.05457
-0.01381 -0.01491 1.05453
-0.02122 -0.03956 1.04901
-0.02861 -0.02422 1.05591
-0.03355 -0.06528 1.05887
-0.00455 -0.07607 1.06880
-0.00220 -0.07315 1.07794
-0.01939 -0.01448 1.08810
0.02889 -0.10464 1.09190
0.01815 -0.03596 1.10157
0.00361 -0.04468 1.10766
0.00293 -0.00118 1.11386
-0.00734 -0.02880 1.12361
-0.02423 0.00036 1.12378
-0.00877 -0.00599 1.12677
-0.00714 -0.03892 1.12513
-0.01053 -0.06636 1.11543
-0.01138 -0.03539 1.11661
-0.04713 0.01701 1.12173
-0.03170 -0.01506 1.12150
-0.03728 -0.00073 1.11596
0.00142 -0.05526 1.10767
-0.01541 -0.02903 1.10977
0.01054 -0.01349 1.10840
-0.01152 -0.02027 1.09971
0.00724 -0.07515 1.09647
-0.07706 0.01491 1.08924
-0.01878 -0.01025 1.08662
-0.01124 -0.03153 1.07243
-0.00691 -0.03509 1.05611
0.00190 -0.04627 1.03918
0.00976 -0.05167 1.01911
0.00200 -0.06518 0.99674
0.00391 -0.00751 0.98116
0.00618 -0.03248 0.97490
-0.01492 -0.00390 0.95993
0.00375 -0.03841 0.95342
0.00583 -0.05201 0.94487
0.00288 -0.04140 0.94089
0.01968 -0.03120 0.93987
0.00239 -0.00309 0.93459
-0.00193 -0.03704 0.93455
0.00212 -0.02488 0.93010
0.00832 -0.03008 0.92819
0.00922 -0.01221 0.92668
0.00925 -0.02597 0.92442
-0.00587 -0.02292 0.92500
-0.00008 -0.04211 0.92415
-0.01344 -0.01724 0.92711
-0.01235 -0.07614 0.91922
-0.00924 -0.04887 0.91684
-0.02390 -0.02094 0.92196
-0.03853 -0.04387 0.92905
-0.06332 -0.01167 0.94095
-0.05216 0.01093 0.94096
-0.03234 -0.00997 0.95797
-0.05104 -0.01007 0.96484
-0.06122 -0.01536 0.96873
-0.02222 0.00675 0.97436
-0.06155 -0.03753 0.97772
-0.04965 -0.02498 0.99085
-0.01553 -0.07890 0.99694
0.04167 0.00210 1.01201
0.00717 -0.05514 1.02228
-0.03661 -0.00551 1.03332
0.00939 -0.04286 1.04494
-0.00211 -0.04029 1.05236
-0.00606 -0.04974 1.06721
-0.05107 0.01057 1.08076
-0.00899 -0.02006 1.09828
-0.00726 0.00926 1.11461
-0.00989 -0.00416 1.12457
-0.00429 -0.04329 1.13527
-0.00383 -0.07477 1.14179
-0.02160 -0.02110 1.15251
-0.02213 -0.08138 1.16135
-0.00799 -0.00319 1.17724
-0.02000 -0.01467 1.18230
-0.04726 -0.02972 1.18158
-0.02109 -0.00065 1.17772
-0.05706 -0.02626 1.17563
-0.04007 -0.01052 1.17120
0.00121 -0.11898 1.16005
-0.01084 -0.04840 1.16063
-0.01370 -0.05617 1.15958
0.03066 -0.07244 1.15708
0.00294 -0.00757 1.15897
0.01846 -0.00345 1.16084
-0.01781 -0.01949 1.15423
-0.01534 -0.02824 1.14694
0.00023 -0.04591 1.13463
-0.02615 -0.00556 1.13562
-0.03083 -0.04346 1.12747
-0.00369 -0.00271 1.11838
-0.00288 -0.00425 1.10758
-0.00900 0.00932 1.09920
-0.02850 -0.05438 1.07622
-0.00226 -0.10022 1.05791
-0.01546 -0.05753 1.04535
-0.02139 -0.03615 1.03398
-0.01342 -0.03078 1.01866
0.01617 0.00688 1.00663
-0.01989 -0.00664 0.98864
-0.02536 -0.02408 0.96675
-0.01430 -0.07184 0.94517
-0.03049 -0.04240 0.93611
-0.04495 -0.05728 0.93289
-0.01943 -0.04559 0.93339
-0.01987 -0.03800 0.93452
-0.01037 -0.02125 0.92991
0.03395 -0.03196 0.92855
-0.00901 -0.05428 0.92280
-0.02127 -0.08310 0.91325
-0.00691 -0.03971 0.91827
-0.00354 -0.03246 0.91882
-0.00068 -0.01522 0.92151
0.00146 -0.03066 0.92736
0.00113 -0.00456 0.93230
0.01025 -0.03535 0.93439
-0.00190 -0.00764 0.94076
0.01579 -0.01891 0.94055
0.00452 -0.02815 0.95134
0.02287 0.02558 0.95554
-0.00334 0.00905 0.97111
-0.00705 -0.01072 0.97459
-0.01076 -0.07518 0.97653
-0.00884 -0.05108 0.98732
0.02515 0.01464 1.01125
0.09747 -0.03020 1.01377
-0.02774 -0.04387 1.02407
0.00955 -0.02861 1.02465
-0.00176 -0.01427 1.03228
0.01907 -0.00581 1.05607
0.00769 -0.02470 1.06728
0.00363 -0.01901 1.06524
-0.00245 -0.05936 1.06657
-0.02394 -0.03554 1.07248
0.01931 -0.05676 1.08427
0.00129 -0.04829 1.09116
0.00046 -0.01708 1.10075
0.02015 -0.00478 1.10973
0.01674 -0.01748 1.12039
0.01344 -0.00023 1.12448
0.01322 -0.01924 1.12703
0.01505 -0.02115 1.13580
-0.03043 -0.07292 1.13579
-0.04102 -0.07524 1.13863
-0.01546 -0.04616 1.15563
0.07396 0.00576 1.16468
-0.00945 0.00281 1.17712
-0.02264 -0.01180 1.18323
-0.00586 -0.06653 1.19662
-0.01046 -0.05759 1.20547
-0.01684 -0.04462 1.20563
-0.04763 -0.00989 1.20673
-0.02899 -0.00388 1.20794
-0.03636 -0.00074 1.21049
-0.01722 -0.02297 1.20362
0.00619 -0.08198 1.19242
-0.02550 -0.06077 1.19069
-0.01808 -0.06246 1.18390
-0.02067 -0.04285 1.19364
-0.02729 -0.03286 1.18573
-0.03015 -0.02984 1.18432
-0.03654 -0.04063 1.17412
-0.02024 -0.04933 1.16895
-0.04550 -0.04666 1.16982
-0.02350 -0.01415 1.16700
-0.04537 -0.04424 1.15848
-0.03100 -0.06739 1.14581
-0.02671 -0.04663 1.14082
-0.02889 0.02274 1.14796
-0.01176 -0.02405 1.14843
-0.03021 -0.02925 1.14033
-0.06372 -0.01616 1.12712
-0.02854 -0.03131 1.12071
-0.03457 -0.05521 1.10837
-0.02368 -0.02211 1.10674
-0.01492 -0.01897 1.10945
-0.03883 -0.00202 1.10573
-0.01621 -0.00320 1.10062
