0.01957 6.77323 3.88152
0.00493 1.68053 0.96288
0.02022 6.76355 3.87597
0.03068 10.01791 5.74224
0.02044 6.47379 3.70986
0.01279 3.95237 2.26469
0.06184 18.29603 10.49753
0.02981 8.38198 4.80393
0.04428 12.29228 7.04740
0.04889 13.09624 7.50896
0.00302 0.78281 0.44852
0.06088 15.42415 8.84617
0.05778 14.34898 8.22843
0.07335 17.56944 10.07954
0.09034 21.06660 12.09270
0.03802 8.58578 4.92080
0.01744 3.84740 2.20453
0.00598 1.27609 0.73115
0.01125 2.33345 1.33700
0.01892 3.76364 2.15654
0.01808 3.58188 2.05237
0.01548 2.94583 1.68790
0.07310 13.63744 7.81974
0.02562 4.65777 2.66895
0.01417 2.52690 1.44785
0.04881 8.57888 4.91685
0.03081 5.30411 3.03939
0.04616 7.82905 4.48686
0.04204 6.92648 3.96938
0.04820 7.82369 4.48379
0.03667 5.81854 3.33425
0.03771 5.86767 3.36241
0.06601 10.05685 5.76458
0.02463 3.68128 2.10934
0.02368 3.46516 1.98549
0.03816 5.35405 3.06801
0.01535 2.22376 1.27415
0.02026 2.81418 1.61246
0.03555 4.82406 2.76425
0.02651 3.54512 2.03131
0.02028 2.66048 1.52439
0.04334 5.62168 3.22141
0.01216 1.54225 0.88366
0.01703 2.14387 1.22837
0.01603 1.95017 1.11738
0.02225 2.75343 1.57765
0.02230 2.69154 1.54219
0.01158 1.39149 0.79727
0.01058 1.25484 0.71897
0.02543 2.98880 1.71252
0.00565 0.65429 0.37488
0.02043 2.34449 1.34333
0.04955 5.57774 3.19623
0.01615 1.79648 1.02932
0.02393 2.63350 1.50893
0.02660 2.89598 1.65933
0.03536 3.80736 2.18159
0.02182 2.31636 1.32721
0.02248 2.35469 1.34917
0.01741 1.79619 1.02915
0.03954 4.05707 2.32469
0.02991 2.96868 1.70099
0.03750 3.66020 2.09726
0.03436 3.33411 1.91039
0.03265 3.12973 1.79327
0.02209 2.09432 1.19998
0.04714 4.43025 2.53855
0.01094 1.02236 0.58577
0.01908 1.78081 1.02034
0.00602 0.56355 0.32289
0.01030 0.96472 0.55275
0.03353 3.14857 1.80407
0.02670 2.48086 1.42146
0.02220 2.06316 1.18212
0.01509 1.39825 0.80115
0.00677 0.62964 0.36076
0.01246 1.16844 0.66947
0.02714 2.55618 1.46462
0.02902 2.74112 1.57059
0.03616 3.38714 1.94078
0.10541 9.84099 5.64075
0.00364 0.33806 0.19369
0.00888 0.82518 0.47279
0.01458 1.35511 0.77643
0.03001 2.78164 1.59381
0.07417 6.90866 3.95916
0.02181 2.00975 1.15152
0.00536 0.49939 0.28613
0.02179 2.01366 1.15376
0.03485 3.21189 1.84036
0.05301 4.85953 2.78458
0.05261 4.81518 2.75916
0.06232 5.68939 3.26022
0.05703 5.12604 2.93732
0.14759 13.31004 7.63173
0.04085 3.72771 2.13595
0.04316 3.87456 2.22010
0.07821 7.00663 4.01532
0.01540 1.36738 0.78346
0.01790 1.58381 0.90746
0.02542 2.22852 1.27687
0.01356 1.18951 0.68154
0.02057 1.79898 1.03075
0.02724 2.37623 1.36151
0.01703 1.47846 0.84711
0.00522 0.45068 0.25822
0.01296 1.11295 0.63767
0.02211 1.89105 1.08351
0.01849 1.58023 0.90541
0.02588 2.21143 1.26708
0.03789 3.19915 1.83306
0.02293 1.92632 1.10372
0.04087 3.43088 1.96584
0.04805 4.02432 2.30592
0.02169 1.80112 1.03198
0.03388 2.81895 1.61519
0.02326 1.92401 1.10239
0.02328 1.91239 1.09574
0.00791 0.64686 0.37062
0.02521 2.05788 1.17910
0.08072 6.58090 3.77126
0.02664 2.16549 1.24076
0.06034 4.88533 2.79937
0.01049 0.84774 0.48572
0.06128 4.92697 2.82323
0.03859 3.09864 1.77546
0.01108 0.88799 0.50878
0.00183 0.14581 0.08354
0.04701 3.75968 2.15427
0.01640 1.29580 0.74244
0.00760 0.59897 0.34318
0.02847 2.23806 1.28234
0.01950 1.53210 0.87784
0.08392 6.60212 3.78343
0.07106 5.57315 3.19359
0.07595 5.96084 3.41582
0.05921 4.63484 2.65581
0.02899 2.28901 1.31153
0.03189 2.50582 1.43577
0.06385 4.86607 2.78833
0.02405 1.97452 1.13134
0.05314 4.23467 2.42647
0.04304 3.44284 1.97270
0.00869 0.69695 0.39933
0.03824 3.09339 1.77245
0.02754 2.26856 1.29982
0.00874 0.72645 0.41623
0.02176 1.81450 1.03965
0.02304 1.93813 1.11049
0.02819 2.39535 1.37247
0.02310 1.98588 1.13785
0.00769 0.66712 0.38223
0.01854 1.62625 0.93178
0.02338 2.06198 1.18145
0.02130 1.88929 1.08250
0.00188 0.16701 0.09569
0.00715 0.63782 0.36545
0.04338 3.88663 2.22701
0.02223 1.99704 1.14424
0.01207 1.08830 0.62356
0.07103 6.45024 3.69635
0.03480 3.17265 1.81787
0.04007 3.66483 2.09991
0.03268 2.97893 1.70686
0.14087 12.84635 7.36549
0.03496 3.19970 1.83337
0.06738 6.19958 3.55267
0.02878 2.65825 1.52311
0.04984 4.67954 2.68142
0.04272 4.04279 2.31651
0.04351 4.14252 2.37366
0.05398 5.17788 2.96704
0.06019 5.81290 3.33102
0.04559 4.46511 2.55853
0.02569 2.53380 1.45180
0.03192 3.18097 1.82264
0.05583 5.61259 3.21620
0.02526 2.55584 1.46443
0.00962 0.98118 0.56217
0.02883 2.96992 1.70170
0.00379 0.39419 0.22586
0.02782 2.91915 1.67261
0.04470 4.73555 2.71352
0.03951 4.29620 2.46173
0.00690 0.75557 0.43291
0.02068 2.32335 1.33121
0.01252 1.41279 0.80948
0.01341 1.53066 0.87701
0.04972 5.67535 3.25217
0.07700 8.85905 5.07752
0.05700 6.76462 3.87658
0.16003 18.90018 10.84519
0.06109 7.25439 4.15737
0.05982 7.07916 4.05691
0.07382 8.80096 5.04420
0.06011 7.14953 4.09725
0.18316 21.77927 12.50340
0.14628 17.45417 10.01324
0.17527 20.97123 12.03776
0.19590 23.36669 13.41878
0.12444 14.58789 8.36567
0.01760 2.13079 1.22088
0.03818 4.51884 2.58932
0.01972 2.32651 1.33302
0.09518 11.11261 6.37034
0.02592 3.02645 1.73410
0.05435 6.23416 3.57249
0.18864 21.35985 12.26168
0.05513 6.14159 3.51943
0.07002 7.79056 4.46479
0.01844 2.02408 1.15973
0.02469 2.66517 1.52707
0.03498 3.72624 2.13510
0.06222 6.54838 3.75262
0.00460 0.47799 0.27387
0.04674 4.80743 2.75472
0.06510 6.61785 3.79244
0.17357 17.44146 10.00593
0.18899 18.43488 10.57742
0.09898 9.89716 5.67297
0.21835 21.12357 12.12553
0.20018 19.15022 10.98910
0.17168 16.19337 9.28828
0.09001 8.47866 4.85937
0.07435 6.89500 3.95133
0.12924 11.82401 6.77861
0.14866 13.52753 7.75663
0.07981 7.14156 4.09268
0.04653 4.11663 2.35882
0.06048 5.31365 3.04485
0.04433 3.84594 2.20370
0.40418 34.73770 20.00469
0.07482 6.33738 3.63166
0.13957 11.64158 6.67391
0.12403 10.30225 5.90537
0.13501 10.98439 6.29676
0.13718 11.21193 6.42733
0.22487 18.12806 10.40089
0.56170 45.06026 26.04119
0.80127 63.88617 37.25702
0.89082 69.93348 40.93394
0.22694 17.67382 10.13958
1.48177 115.05559 70.23820
0.30402 23.40868 13.44300
0.27360 20.83818 11.96111
0.14600 11.03000 6.32293
1.23207 92.02217 54.78852
0.17251 12.83346 7.35809
0.14716 10.76201 6.16916
0.12766 9.26422 5.30991
0.33680 24.43658 14.03620
0.20118 14.50084 8.31567
0.10414 7.43801 4.26265
0.35020 24.86947 14.28614
0.44399 31.22663 17.96504
0.30741 21.57067 12.38317
0.22292 15.49114 8.88467
0.29177 20.13460 11.55585
0.11513 7.96127 4.56267
0.04721 3.20931 1.83888
0.46685 31.80074 18.29814
0.94993 63.85559 37.23853
1.55002 104.24216 62.82701
1.63654 109.85653 66.63563
0.11335 7.53737 4.31962
0.05062 3.37181 1.93200
0.02646 1.75558 1.00589
0.13029 8.63748 4.95045
0.11441 7.55300 4.32858
0.06588 4.33559 2.48431
0.04861 3.18075 1.82251
0.05031 3.29429 1.88758
0.07830 5.12703 2.93789
0.08461 5.52881 3.16818
0.38765 25.18873 14.47051
0.06565 4.26984 2.44662
0.22295 14.42897 8.27438
0.05591 3.62878 2.07925
0.04412 2.86431 1.64118
0.03060 2.00348 1.14793
0.10984 7.25202 4.15601
0.02568 1.71349 0.98177
0.07954 5.36860 3.07635
0.05609 3.77961 2.16569
0.01087 0.74102 0.42457
0.00463 0.31827 0.18236
0.05816 4.03790 2.31371
0.03352 2.35228 1.34779
0.01460 1.03057 0.59048
0.03483 2.49457 1.42932
0.05825 4.19396 2.40314
0.04277 3.11736 1.78619
0.06334 4.66199 2.67136
0.05230 3.87734 2.22169
0.41445 31.11540 17.90052
0.04389 3.35997 1.92521
0.07576 5.84325 3.34841
0.81765 63.40274 36.96485
0.14785 11.55647 6.62506
0.12588 9.95227 5.70459
0.06370 5.07368 2.90732
0.02179 1.74722 1.00110
0.12705 10.25841 5.88022
0.05046 4.11498 2.35788
0.03045 2.50821 1.43714
0.04884 4.05942 2.32604
0.02092 1.75138 1.00348
0.02104 1.76964 1.01394
0.03167 2.65440 1.52090
0.03863 3.38965 1.94222
0.03017 2.64481 1.51541
0.02417 2.14784 1.23065
0.03497 3.13173 1.79442
0.07407 6.72998 3.85672
0.03537 3.26654 1.87167
0.00701 0.64959 0.37219
0.00682 0.63079 0.36142
0.05784 5.37848 3.08201
0.02563 2.42468 1.38927
0.04055 3.88336 2.22514
0.03083 2.97741 1.70600
0.01993 1.94058 1.11189
0.01672 1.63129 0.93467
0.02042 2.01049 1.15195
0.03477 3.43822 1.97005
0.01577 1.57032 0.89973
0.01236 1.22544 0.70213
0.05245 5.21516 2.98841
0.01359 1.37396 0.78722
0.04002 4.04231 2.31623
0.02834 2.86007 1.63875
0.02614 2.64053 1.51296
0.01848 1.87100 1.07202
0.02401 2.43866 1.39729
0.00680 0.69679 0.39923
0.04906 5.04193 2.88912
0.01796 1.84689 1.05821
0.04948 5.09164 2.91761
0.05196 5.36732 3.07561
0.02882 2.97705 1.70579
0.01180 1.22089 0.69952
0.00752 0.77703 0.44520
0.00488 0.50658 0.29025
0.02591 2.70216 1.54827
0.00119 0.12454 0.07136
0.01448 1.51781 0.86965
0.02423 2.54998 1.46107
0.01995 2.11106 1.20957
0.00154 0.16317 0.09349
0.00842 0.89163 0.51087
0.01675 1.76530 1.01146
0.02636 2.76964 1.58694
0.02307 2.40825 1.37986
0.02303 2.38796 1.36823
0.04244 4.37535 2.50709
0.04034 4.14117 2.37289
0.02432 2.48486 1.42376
0.02881 2.93366 1.68092
0.02598 2.63108 1.50754
0.03491 3.53592 2.02604
0.01063 1.07456 0.61568
0.02138 2.15914 1.23712
0.02867 2.88873 1.65518
0.02685 2.69121 1.54200
0.01135 1.13444 0.64999
0.01976 2.01227 1.15296
0.05755 5.81522 3.33234
0.06923 6.98767 4.00445
0.04829 4.86603 2.78830
0.03172 3.20987 1.83920
0.02730 2.75363 1.57776
0.03285 3.31838 1.90138
0.02704 2.74206 1.57113
0.03292 3.32592 1.90570
0.02958 2.99692 1.71717
0.01202 1.21526 0.69629
0.01235 1.25025 0.71634
0.03986 4.04293 2.31659
0.01109 1.13033 0.64764
0.02480 2.52930 1.44922
0.02514 2.57507 1.47545
0.04944 5.08719 2.91506
0.01760 1.81810 1.04171
0.03585 3.73188 2.13834
0.03487 3.61922 2.07377
0.01746 1.80836 1.03613
0.05173 5.48332 3.14211
0.00687 0.72393 0.41478
0.03148 3.33374 1.91018
0.00523 0.55163 0.31606
0.03013 3.21131 1.84003
0.01246 1.32693 0.76028
0.01607 1.72240 0.98688
0.03082 3.29120 1.88581
0.03161 3.37042 1.93120
0.00888 0.94295 0.54027
0.03549 3.77380 2.16236
0.04611 4.88167 2.79727
0.02554 2.68268 1.53711
0.04453 4.64290 2.66042
0.01526 1.59816 0.91569
0.01784 1.86829 1.07047
0.01190 1.24868 0.71545
0.00305 0.31934 0.18297
0.01400 1.45363 0.83288
0.00828 0.86141 0.49355
0.02648 2.74612 1.57346
0.00591 0.61214 0.35073
0.03503 3.60895 2.06789
0.01700 1.74857 1.00187
0.02811 2.91607 1.67084
0.00829 0.85125 0.48773
0.00671 0.68536 0.39269
0.02308 2.34045 1.34101
0.02235 2.26375 1.29706
0.02044 2.07313 1.18784
0.00738 0.74793 0.42853
0.06883 6.99340 4.00774
0.09368 9.50238 5.44651
0.00716 0.72792 0.41707
0.00476 0.48577 0.27832
0.00438 0.44760 0.25646
0.01974 2.01731 1.15586
0.12336 12.52477 7.18086
0.01066 1.09098 0.62509
0.02720 2.78347 1.59486
0.04805 4.94425 2.83313
0.02253 2.28413 1.30874
0.06984 7.26339 4.16253
0.00591 0.60318 0.34560
0.01808 1.85386 1.06220
0.03743 3.84805 2.20491
0.02876 2.91379 1.66954
0.05694 5.86826 3.36275
0.01038 1.03714 0.59424
0.01222 1.25702 0.72023
0.01876 1.88716 1.08128
0.00521 0.52291 0.29961
0.00969 0.96265 0.55156
0.05504 5.44722 3.12141
0.03806 3.73456 2.13987
0.01590 1.56399 0.89611
0.03079 2.99884 1.71828
0.04624 4.47844 2.56617
0.08770 8.49451 4.86846
0.02656 2.55303 1.46282
0.02402 2.30322 1.31968
0.01949 1.85698 1.06399
0.02233 2.11905 1.21415
0.01176 1.11074 0.63641
0.01753 1.65460 0.94803
0.01542 1.44540 0.82816
0.04353 4.06994 2.33207
0.05348 4.97839 2.85270
0.03305 3.06201 1.75447
0.01240 1.14418 0.65557
0.03940 3.60776 2.06721
0.05894 5.39787 3.09313
0.05694 5.18555 2.97143
0.02448 2.22305 1.27374
0.03324 3.00625 1.72252
0.04237 3.83002 2.19457
0.07106 6.41680 3.67719
0.04456 4.00314 2.29378
0.03456 3.08199 1.76592
0.04628 4.10003 2.34931
0.04970 4.41005 2.52698
0.01706 1.50767 0.86384
0.03792 3.34471 1.91647
0.01800 1.58370 0.90740
0.04394 3.85503 2.20891
0.02899 2.53411 1.45198
0.02296 2.00541 1.14904
0.03234 2.83323 1.62338
0.02440 2.13690 1.22438
0.01165 1.02078 0.58487
0.01697 1.48309 0.84976
0.01322 1.16131 0.66538
0.05826 5.12696 2.93786
0.04458 3.93054 2.25218
0.01469 1.29744 0.74338
0.01248 1.10853 0.63514
0.01422 1.26425 0.72437
0.03042 2.70416 1.54941
0.03719 3.32475 1.90503
0.03851 3.44796 1.97564
0.06407 5.74965 3.29476
0.01543 1.38718 0.79480
0.04372 3.93531 2.25491
0.03689 3.32504 1.90520
0.02748 2.47742 1.41950
0.07461 6.73341 3.85869
0.05346 4.83124 2.76836
0.04117 3.73022 2.13738
0.04698 4.26911 2.44621
0.03335 3.02081 1.73086
0.02619 2.38052 1.36397
0.03560 3.23147 1.85157
0.03299 2.99247 1.71462
0.02483 2.26073 1.29533
0.04795 4.40009 2.52127
0.13307 12.23816 7.01633
0.03076 2.84209 1.62845
0.06608 6.10916 3.50083
0.03399 3.17481 1.81911
0.03009 2.83604 1.62499
0.02498 2.38796 1.36823
0.00927 0.89787 0.51444
0.01201 1.18446 0.67865
0.02402 2.39150 1.37026
0.03822 3.87803 2.22209
0.00835 0.86237 0.49410
0.02829 2.96142 1.69683
0.06700 7.06026 4.04607
0.05386 5.67310 3.25088
0.00377 0.39798 0.22803
0.03932 4.18077 2.39558
0.02366 2.51495 1.44100
0.01424 1.52022 0.87103
0.01705 1.82960 1.04830
0.03610 3.87856 2.22239
0.03489 3.79592 2.17503
0.03880 4.18932 2.40048
0.02254 2.44483 1.40082
0.03008 3.31168 1.89754
0.03532 3.83731 2.19875
0.03896 4.21587 2.41570
0.02536 2.78450 1.59545
0.00557 0.60207 0.34496
0.01420 1.56071 0.89423
0.01966 2.12380 1.21687
0.01505 1.62211 0.92941
0.02868 3.12392 1.78995
0.02008 2.15189 1.23297
0.01113 1.18006 0.67613
0.03240 3.42001 1.95961
0.03989 4.20087 2.40710
0.04046 4.25744 2.43952
0.03226 3.35119 1.92018
0.02767 2.84024 1.62739
0.01206 1.22349 0.70101
0.01366 1.37777 0.78941
0.03426 3.43303 1.96708
0.02860 2.83593 1.62492
0.04148 4.06840 2.33118
0.02938 2.84595 1.63066
0.00796 0.75819 0.43441
0.00140 0.13202 0.07564
0.01262 1.17721 0.67450
0.00401 0.37088 0.21250
0.03377 3.09747 1.77479
0.01732 1.58023 0.90541
0.03729 3.38233 1.93802
0.02278 2.04965 1.17438
0.00667 0.59780 0.34251
0.01845 1.64284 0.94129
0.01299 1.15586 0.66226
0.02677 2.38711 1.36774
0.11338 10.09325 5.78546
0.02442 2.17742 1.24760
0.02825 2.52059 1.44423
0.01872 1.66671 0.95497
0.01658 1.47482 0.84502
0.01807 1.61291 0.92414
0.03684 3.30004 1.89087
0.03404 3.06314 1.75512
0.03461 3.13018 1.79353
0.01075 0.97115 0.55643
0.03389 3.07690 1.76300
0.02028 1.84892 1.05937
0.02333 2.12677 1.21857
0.04924 4.50654 2.58228
0.01794 1.64032 0.93985
0.02283 2.08014 1.19185
0.02670 2.42401 1.38889
0.02405 2.18344 1.25104
0.03444 3.12249 1.78913
0.01492 1.34914 0.77300
0.01163 1.04926 0.60119
0.03408 3.06693 1.75729
0.03178 2.86747 1.64299
0.01632 1.47242 0.84364
0.01699 1.52376 0.87306
0.02511 2.24909 1.28866
0.01069 0.95617 0.54785
0.02135 1.90913 1.09387
0.01522 1.35564 0.77673
0.00762 0.67704 0.38792
0.02462 2.19322 1.25665
0.03682 3.28503 1.88227
0.02313 2.06745 1.18458
0.00577 0.51788 0.29672
0.00720 0.64675 0.37056
0.01932 1.73393 0.99348
0.02781 2.50561 1.43565
0.00491 0.44307 0.25386
0.00699 0.62999 0.36096
0.00757 0.68462 0.39226
0.00717 0.65273 0.37398
0.00660 0.60380 0.34595
0.01230 1.13036 0.64765
0.02312 2.11714 1.21306
0.00939 0.86703 0.49677
0.01256 1.16420 0.66704
0.00731 0.68245 0.39101
0.01039 0.97722 0.55991
0.01968 1.84672 1.05811
0.00452 0.42858 0.24556
0.03354 3.19883 1.83287
0.01008 0.96437 0.55254
0.01772 1.70093 0.97457
0.03603 3.47579 1.99158
0.03148 3.06442 1.75585
0.02415 2.36790 1.35674
0.01652 1.63341 0.93589
0.03471 3.42787 1.96412
0.01832 1.81941 1.04246
0.02587 2.58945 1.48368
0.02125 2.14131 1.22690
0.02684 2.71593 1.55616
0.01497 1.51727 0.86934
0.01326 1.35016 0.77359
0.02852 2.92435 1.67559
0.00980 1.00828 0.57770
0.01518 1.57428 0.90200
0.01480 1.53347 0.87862
0.02992 3.11800 1.78656
0.01694 1.76329 1.01031
0.03370 3.53327 2.02452
0.03117 3.30700 1.89486
0.03160 3.34302 1.91550
0.02537 2.70194 1.54814
0.02835 3.03670 1.73997
0.02762 2.98392 1.70973
0.01427 1.55883 0.89315
0.01475 1.62322 0.93005
0.00960 1.06944 0.61275
0.00682 0.76941 0.44084
0.01142 1.30121 0.74554
0.01500 1.74486 0.99974
0.03846 4.54467 2.60413
0.02052 2.46893 1.41463
0.00729 0.89010 0.50999
0.01876 2.31131 1.32431
0.02164 2.68417 1.53796
0.03186 3.97413 2.27716
0.01963 2.45850 1.40865
0.03024 3.79841 2.17646
0.03150 3.96853 2.27395
0.02630 3.30439 1.89336
0.02985 3.75855 2.15362
0.04760 6.00737 3.44249
0.03832 4.78286 2.74064
0.05301 6.75476 3.87093
0.05840 7.38055 4.22971
0.07442 9.38161 5.37724
0.00922 1.18433 0.67857
0.01482 1.86797 1.07029
0.03748 4.83962 2.77317
0.06323 7.94412 4.55284
0.05781 7.29193 4.17889
0.04198 5.40513 3.09729
0.02764 3.46982 1.98816
0.00655 0.82224 0.47111
0.01892 2.40660 1.37891
0.02495 3.10284 1.77787
0.03670 4.63939 2.65841
0.01878 2.31790 1.32809
0.01917 2.34979 1.34636
0.01187 1.47536 0.84532
0.05405 6.57303 3.76675
0.04190 5.16670 2.96063
0.04636 5.58608 3.20100
0.02693 3.21826 1.84401
0.03489 4.21344 2.41430
0.02870 3.40783 1.95263
0.04589 5.42061 3.10616
0.03949 4.68812 2.68634
0.03166 3.70120 2.12076
0.04111 4.81653 2.75993
0.04788 5.53921 3.17414
0.02319 2.68115 1.53623
0.03166 3.68933 2.11395
0.02391 2.75408 1.57802
0.04319 4.94695 2.83469
0.03075 3.56115 2.04050
0.03545 4.03079 2.30963
0.03173 3.60443 2.06530
0.01722 1.96160 1.12393
0.03425 3.86354 2.21378
0.02071 2.37577 1.36125
0.03547 4.01784 2.30221
0.02303 2.60582 1.49307
0.01581 1.82869 1.04778
0.03948 4.51394 2.58652
0.01310 1.50391 0.86169
0.02950 3.46015 1.98262
0.01863 2.14602 1.22960
0.05261 6.12723 3.51119
0.04033 4.62174 2.64830
0.05657 6.46348 3.70394
0.04207 4.83943 2.77306
0.04719 5.38294 3.08457
0.04162 4.71395 2.70114
0.06827 7.72006 4.42437
0.03549 3.95516 2.26629
0.04061 4.57611 2.62215
0.04558 5.06172 2.90046
0.06129 6.78716 3.88951
0.05788 6.46670 3.70579
0.04352 4.78115 2.73966
0.05290 5.78397 3.31444
0.04105 4.51202 2.58542
0.00359 0.38734 0.22193
0.02055 2.22777 1.27644
0.01555 1.66087 0.95162
0.03109 3.30443 1.89339
0.01452 1.54237 0.88372
0.01790 1.87833 1.07622
0.03107 3.23363 1.85281
0.02864 2.99372 1.71534
0.03135 3.22543 1.84812
0.00460 0.47321 0.27113
0.02201 2.23888 1.28281
0.03234 3.26799 1.87250
0.03116 3.16129 1.81136
0.02082 2.08285 1.19341
0.04928 4.90171 2.80875
0.00982 0.97081 0.55623
0.01916 1.87279 1.07304
0.02560 2.49975 1.43229
0.03795 3.68992 2.11429
0.03314 3.19788 1.83233
0.02574 2.48102 1.42156
0.00821 0.78296 0.44861
0.01878 1.79051 1.02590
0.02828 2.66124 1.52482
0.09271 8.71433 4.99453
0.03673 3.44795 1.97563
0.10597 9.88247 5.66455
0.07916 7.32338 4.19692
0.08170 7.48744 4.29099
0.03409 3.13495 1.79627
0.06374 5.82270 3.33663
0.04637 4.20906 2.41179
0.05714 5.16269 2.95833
0.03185 2.86384 1.64091
0.02148 1.92094 1.10064
0.04815 4.29568 2.46143
0.05331 4.74541 2.71918
0.00517 0.45756 0.26216
0.02448 2.15351 1.23390
0.02322 2.03295 1.16481
0.00596 0.51927 0.29752
0.03077 2.66620 1.52767
0.01434 1.23514 0.70769
0.04167 3.56138 2.04063
0.01684 1.43575 0.82263
0.17908 15.08627 8.65201
0.01724 1.46584 0.83987
0.02347 1.97638 1.13240
0.04798 3.81023 2.18323
0.02579 2.26818 1.29960
0.01906 1.57889 0.90464
0.00498 0.40892 0.23430
0.02300 1.87660 1.07523
0.03132 2.54729 1.45953
0.01422 1.15265 0.66042
0.01726 1.39229 0.79773
0.03087 2.47691 1.41920
0.03857 3.08620 1.76833
0.01010 0.80523 0.46136
0.02694 2.12881 1.21974
0.01581 1.23879 0.70978
0.01962 1.53655 0.88039
0.08595 6.69610 3.83730
0.03266 2.53067 1.45001
0.04238 3.26749 1.87222
0.02743 2.09062 1.19786
0.04161 3.13703 1.79746
0.02275 1.71681 0.98367
0.05779 4.34272 2.48839
0.02400 1.79181 1.02665
0.01434 1.06467 0.61001
0.03973 2.92836 1.67789
0.09483 6.96575 3.99189
0.06155 4.49883 2.57786
0.01101 0.80081 0.45883
0.00472 0.34161 0.19573
0.01776 1.27820 0.73236
0.03591 2.57532 1.47559
0.03515 2.51562 1.44138
0.03881 2.76769 1.58582
0.03000 2.13878 1.22545
0.03319 2.35323 1.34833
0.03982 2.82853 1.62068
0.01136 0.80432 0.46084
0.01090 0.77340 0.44313
0.01623 1.14892 0.65829
0.01169 0.82735 0.47404
0.00488 0.34556 0.19799
0.04909 3.48000 1.99399
0.03706 2.63135 1.50770
0.05166 3.66071 2.09755
0.04346 3.07875 1.76406
0.04161 2.95705 1.69432
0.06783 4.80196 2.75158
0.01585 1.11923 0.64127
0.06282 4.46655 2.55936
0.02766 1.97237 1.13010
0.05848 4.18301 2.39686
0.04730 3.39295 1.94411
0.04530 3.25748 1.86648
0.02839 2.03437 1.16563
0.02122 1.52341 0.87286
0.01571 1.13121 0.64814
0.05539 3.99326 2.28812
0.05566 4.02668 2.30727
0.08227 5.93269 3.39968
0.04263 3.09742 1.77476
0.03517 2.55615 1.46461
0.02477 1.80911 1.03656
0.00785 0.57433 0.32907
0.03313 2.42588 1.38996
0.03342 2.46582 1.41285
0.07896 5.84113 3.34720
0.04525 3.35657 1.92326
0.05778 4.29493 2.46100
0.01584 1.18287 0.67774
0.01107 0.83055 0.47587
0.00780 0.58983 0.33795
0.01703 1.30870 0.74984
0.04230 3.28201 1.88054
0.03328 2.62018 1.50130
0.01891 1.51615 0.86870
0.02871 2.34097 1.34131
0.03118 2.58557 1.48146
0.02223 1.86479 1.06846
0.04008 3.43313 1.96714
0.03953 3.44573 1.97435
0.03595 3.20188 1.83462
0.04940 4.47972 2.56691
0.03715 3.42241 1.96099
0.04668 4.36593 2.50169
0.02295 2.16078 1.23806
0.03902 3.71546 2.12892
0.03730 3.58941 2.05669
0.03142 3.04021 1.74198
0.03839 3.76553 2.15762
0.05642 5.56640 3.18972
0.02696 2.67786 1.53434
0.04289 4.24423 2.43194
0.03208 3.17691 1.82031
0.06330 6.24208 3.57703
0.00810 0.80204 0.45954
0.02293 2.26521 1.29790
0.01586 1.56573 0.89711
0.01949 1.94556 1.11474
0.04733 4.72900 2.70977
0.02461 2.45265 1.40530
0.02733 2.72016 1.55858
0.03586 3.54535 2.03144
0.04534 4.52067 2.59037
0.01246 1.23151 0.70561
0.02963 2.89744 1.66017
0.02745 2.69569 1.54456
0.01555 1.50414 0.86182
0.02525 2.42211 1.38780
0.03474 3.34438 1.91628
0.01852 1.75374 1.00483
0.01260 1.18821 0.68080
0.04451 4.25070 2.43565
0.00618 0.57985 0.33223
0.02597 2.45702 1.40781
0.02034 1.88815 1.08185
0.12556 11.60445 6.65260
0.03092 2.85775 1.63743
0.00948 0.86220 0.49401
0.03119 2.82610 1.61929
0.03782 3.46798 1.98711
0.05832 5.26815 3.01878
0.05113 4.62655 2.65105
0.02855 2.53876 1.45464
0.04116 3.63999 2.08567
0.02121 1.89628 1.08651
0.02304 2.01808 1.15629
0.02048 1.79857 1.03052
0.02061 1.81995 1.04277
0.03522 3.07418 1.76144
0.04861 4.27018 2.44682
0.03084 2.66446 1.52667
0.02059 1.77801 1.01874
0.02400 2.07821 1.19075
0.02595 2.22596 1.27541
0.01847 1.58690 0.90923
0.03467 2.95851 1.69516
0.03503 2.98153 1.70836
0.02957 2.50478 1.43517
0.04569 3.85771 2.21044
0.03911 3.32786 1.90681
0.08440 7.18699 4.11873
0.02800 2.39298 1.37111
0.03772 3.21964 1.84480
0.02697 2.30857 1.32274
0.02678 2.30189 1.31891
0.09052 7.79438 4.46698
0.05104 4.41996 2.53266
0.03380 2.93834 1.68361
0.03218 2.83697 1.62552
0.05191 4.61431 2.64404
0.01871 1.68278 0.96417
0.05583 5.05901 2.89891
0.00596 0.55205 0.31630
0.01498 1.41412 0.81024
0.02836 2.70939 1.55241
0.01785 1.74489 0.99976
0.03773 3.72502 2.13440
0.03158 3.17718 1.82047
0.03983 4.11543 2.35813
0.01971 2.05546 1.17771
0.04259 4.54982 2.60708
0.04912 5.39137 3.08940
0.09356 10.51730 6.02875
0.02745 3.22747 1.84928
0.06613 7.83453 4.49000
0.04116 5.04182 2.88906
0.03671 4.49480 2.57555
0.02180 2.68908 1.54077
0.02714 3.49830 2.00448
0.05017 6.37867 3.65533
0.02162 2.89598 1.65933
0.03181 4.21481 2.41509
0.02369 3.12332 1.78960
0.03541 4.93688 2.82891
0.02863 3.79498 2.17450
0.05247 7.33020 4.20083
0.00582 0.76689 0.43940
0.01631 2.14462 1.22880
0.02855 3.92729 2.25032
0.02240 3.00305 1.72068
0.06249 8.76343 5.02268
0.03697 5.04742 2.89227
0.01889 2.59802 1.48860
0.10370 14.53594 8.33583
0.03701 5.04898 2.89316
0.04417 6.13812 3.51744
0.00782 1.07004 0.61309
0.01262 1.72122 0.98620
0.03317 4.55082 2.60765
0.05018 6.83913 3.91930
0.03974 5.39057 3.08894
0.05454 7.37312 4.22545
0.07217 9.70463 5.56253
0.04404 5.87736 3.36796
0.03380 4.50884 2.58359
0.01343 1.78679 1.02377
0.03029 4.03320 2.31101
0.03151 4.18387 2.39736
0.06255 8.37527 4.80008
0.06686 8.91760 5.11110
0.01701 2.26097 1.29547
0.07779 10.27698 5.89087
0.03615 4.78945 2.74442
0.07936 10.49729 6.01727
0.02950 3.96269 2.27060
0.04846 6.58548 3.77388
0.10832 14.53238 8.33379
0.03665 5.06902 2.90465
0.09800 13.40657 7.68716
0.03557 5.07559 2.90841
0.04979 7.21260 4.13341
0.04604 6.60390 3.78445
0.02303 3.36656 1.92899
0.03062 4.46040 2.55583
0.01313 1.88207 1.07836
0.02990 4.33039 2.48133
0.03101 4.41762 2.53132
0.02365 3.40974 1.95373
0.02672 3.86750 2.21605
0.02921 4.11363 2.35710
0.03301 4.74320 2.71791
0.06464 9.33729 5.35182
0.02190 3.06720 1.75745
0.02980 4.31296 2.47133
0.02881 3.95202 2.26449
0.03388 4.79001 2.74473
0.07193 10.19914 5.84621
0.06939 9.47473 5.43065
0.04207 5.91601 3.39012
0.05987 8.28063 4.74581
0.04144 5.49280 3.14754
0.03244 4.40156 2.52211
0.02894 3.79762 2.17601
0.01205 1.60167 0.91770
0.02316 3.03833 1.74090
0.03472 4.44972 2.54971
0.04504 5.74999 3.29495
0.06133 7.72028 4.42449
0.05567 6.90183 3.95525
0.00960 1.18201 0.67724
0.03260 3.93940 2.25726
0.04220 5.03659 2.88606
0.01391 1.64294 0.94134
0.00684 0.79705 0.45668
0.02686 3.10488 1.77904
0.02738 3.14820 1.80386
0.04577 5.13899 2.94475
0.03854 4.28783 2.45693
0.00619 0.68267 0.39114
0.00681 0.74499 0.42685
0.00327 0.35494 0.20336
0.05750 6.14823 3.52323
0.03390 3.58857 2.05621
0.04433 4.63132 2.65379
0.01795 1.87309 1.07322
0.00867 0.89227 0.51124
0.01051 1.07205 0.61425
0.02583 2.62005 1.50122
0.00663 0.66623 0.38172
0.01026 1.02373 0.58655
0.01442 1.43765 0.82372
0.00977 0.97052 0.55607
0.01101 1.09106 0.62514
0.01743 1.71980 0.98539
0.07444 7.34826 4.21119
0.04723 4.65554 2.66767
0.05535 5.41515 3.10303
0.06093 5.95636 3.41325
0.03684 3.62098 2.07478
0.03869 3.80149 2.17823
0.12641 12.39762 7.10787
0.06617 6.48586 3.71677
0.06548 6.41691 3.67725
0.08319 8.15779 4.67537
0.06989 6.87967 3.94254
0.06346 6.22867 3.56934
0.04081 4.01924 2.30301
0.04267 4.17966 2.39494
0.05723 5.62818 3.22513
0.02962 2.91674 1.67123
0.02887 2.82751 1.62010
0.02096 2.07375 1.18819
0.03473 3.44924 1.97637
0.04715 4.67489 2.67876
0.03445 3.42084 1.96009
0.03980 3.95442 2.26587
0.01512 1.49628 0.85731
0.00705 0.69972 0.40091
0.01889 1.88497 1.08002
0.03703 3.66992 2.10283
0.04923 4.90956 2.81325
0.06718 6.65819 3.81557
0.00633 0.63059 0.36130
0.04192 4.19056 2.40119
0.02336 2.32324 1.33115
0.02562 2.56048 1.46709
0.07090 7.04378 4.03662
0.03247 3.22805 1.84962
0.03669 3.62142 2.07503
0.01514 1.52012 0.87097
0.00512 0.51146 0.29305
0.03824 3.82319 2.19066
0.03328 3.31842 1.90140
0.03129 3.12328 1.78958
0.01651 1.64071 0.94007
0.02030 2.01502 1.15454
0.04373 4.35612 2.49607
0.03462 3.45549 1.97995
0.03019 3.01381 1.72685
0.03549 3.54144 2.02920
0.01803 1.80655 1.03509
0.08288 8.33443 4.77666
0.01631 1.64316 0.94147
0.07207 7.28143 4.17288
0.03890 3.94301 2.25933
0.00279 0.28382 0.16262
0.00873 0.88925 0.50951
0.02035 2.08637 1.19543
0.02098 2.14390 1.22839
0.02563 2.63010 1.50698
0.02976 3.07282 1.76066
0.03134 3.20273 1.83511
0.04216 4.52694 2.59397
0.06939 7.35543 4.21530
0.04819 5.17907 2.96772
0.07628 8.28768 4.74985
0.06634 7.33803 4.20533
0.08682 9.82454 5.63131
0.06976 8.07080 4.62549
0.02599 3.11745 1.78624
0.02333 2.88931 1.65551
0.05233 6.60965 3.78774
0.08486 11.12059 6.37491
0.05565 7.52936 4.31503
0.04931 6.87019 3.93710
0.02441 3.48664 1.99780
0.04788 6.89095 3.94901
0.02181 3.12867 1.79267
0.01412 2.03469 1.16581
0.03186 4.66015 2.67031
0.05659 8.40594 4.81767
0.05410 8.07080 4.62549
0.04292 6.47824 3.71241
0.03689 5.62514 3.22339
0.02156 3.23942 1.85613
0.00667 1.04186 0.59694
0.05272 8.04928 4.61314
0.02397 3.83008 2.19461
0.04487 6.82092 3.90886
0.02818 4.52293 2.59167
0.02558 4.14796 2.37678
0.04309 6.55381 3.75573
0.02107 3.40962 1.95366
0.03249 4.87787 2.79509
0.01990 3.14517 1.80212
0.01292 2.01795 1.15622
0.06118 8.94151 5.12481
0.03348 5.18282 2.96987
0.04135 5.96562 3.41856
0.03553 5.39012 3.08869
0.04904 7.46161 4.27618
0.05821 8.29464 4.75384
0.05567 8.29217 4.75243
0.09938 14.06286 8.06408
0.07989 11.49299 6.58863
0.03813 5.38661 3.08668
0.07233 9.79220 5.61276
0.06044 8.20825 4.70430
0.06622 8.77243 5.02784
0.03981 5.17483 2.96529
0.07038 9.05286 5.18868
0.05487 6.80674 3.90073
0.03696 4.58036 2.62458
0.01146 1.38195 0.79181
0.01389 1.64740 0.94390
0.01020 1.18455 0.67870
0.03931 4.48370 2.56919
0.02660 2.97935 1.70711
0.04062 4.46461 2.55825
0.02649 2.87438 1.64696
0.02672 2.85410 1.63534
0.02814 2.98972 1.71305
0.03663 3.82186 2.18989
0.03732 3.84744 2.20456
0.03293 3.37278 1.93255
0.04845 4.88173 2.79730
0.02761 2.76659 1.58519
0.02899 2.88093 1.65071
0.04013 3.93990 2.25754
0.06227 6.05401 3.46922
0.02092 2.02574 1.16068
0.03645 3.49996 2.00543
0.04362 4.19414 2.40324
0.02347 2.23171 1.27870
0.03280 3.12879 1.79274
0.11897 11.29589 6.47551
0.05174 4.90284 2.80940
0.08240 7.76252 4.44871
0.01088 1.02616 0.58795
0.02360 2.22709 1.27606
0.00953 0.89284 0.51156
0.02523 2.35906 1.35168
0.01415 1.32396 0.75858
0.01429 1.34349 0.76977
0.01397 1.30216 0.74609
0.01574 1.48647 0.85169
0.01584 1.48309 0.84975
0.00822 0.76612 0.43895
0.00924 0.86537 0.49582
0.02813 2.62457 1.50381
0.02961 2.77228 1.58845
0.01474 1.38588 0.79405
0.02224 2.06898 1.18546
0.01779 1.65571 0.94866
0.01439 1.33405 0.76436
0.03256 2.99633 1.71683
0.02143 1.97340 1.13069
0.02774 2.53244 1.45102
0.03453 3.14505 1.80205
0.03089 2.78639 1.59653
0.05168 4.65009 2.66454
0.04549 4.07895 2.33723
0.03623 3.23913 1.85597
0.02040 1.81965 1.04260
0.02592 2.30549 1.32098
0.03522 3.11200 1.78312
0.06026 5.30342 3.03899
0.07165 6.27604 3.59650
0.05182 4.52061 2.59034
0.02922 2.51989 1.44383
0.03581 3.09600 1.77395
0.05118 4.39851 2.52036
0.03707 3.17299 1.81807
0.02896 2.45717 1.40789
0.02366 1.99448 1.14277
0.03384 2.83397 1.62380
0.06848 5.69960 3.26607
0.06199 5.16466 2.95946
0.04753 3.92412 2.24850
0.08267 6.79297 3.89283
0.01296 1.05708 0.60567
0.02757 2.24533 1.28650
0.01016 0.82280 0.47143
0.02926 2.34897 1.34589
0.01750 1.39328 0.79830
0.02937 2.33817 1.33970
0.03489 2.77306 1.58890
0.02998 2.37606 1.36141
0.04931 3.88450 2.22580
0.00828 0.65051 0.37271
0.05311 4.14658 2.37598
0.03375 2.62386 1.50340
0.03910 3.04759 1.74621
0.01427 1.10757 0.63459
0.00872 0.67181 0.38492
0.02279 1.74581 1.00029
0.01315 1.00894 0.57808
0.04487 3.43821 1.97004
0.00750 0.57963 0.33210
0.02969 2.28380 1.30855
0.00559 0.42916 0.24589
0.02604 1.98751 1.13878
0.01386 1.04951 0.60133
0.03607 2.72773 1.56292
0.06120 4.60585 2.63919
0.02944 2.21213 1.26748
0.03051 2.29646 1.31580
0.02858 2.14514 1.22910
0.02260 1.67978 0.96246
0.01362 1.00906 0.57815
0.03015 2.22249 1.27342
0.02274 1.66999 0.95685
0.04558 3.33826 1.91277
0.02946 2.16066 1.23799
0.01535 1.12286 0.64336
0.02165 1.58181 0.90632
0.04324 3.16437 1.81312
0.02742 1.99400 1.14250
0.06034 4.38992 2.51544
0.03813 2.76207 1.58260
0.06355 4.60562 2.63906
0.03087 2.23400 1.28001
0.13910 9.95529 5.70632
0.03692 2.64489 1.51546
0.05862 4.17986 2.39506
0.04608 3.27337 1.87559
0.04483 3.16006 1.81066
0.02857 2.00588 1.14930
0.05153 3.58961 2.05681
0.02538 1.76937 1.01379
0.04334 3.01189 1.72575
0.03690 2.55335 1.46300
0.09978 6.90045 3.95445
0.06513 4.50901 2.58369
0.04561 3.13627 1.79702
0.04100 2.81221 1.61133
0.01547 1.05781 0.60608
0.03145 2.13407 1.22276
0.03786 2.57550 1.47569
0.07239 4.89099 2.80261
0.04475 3.05461 1.75023
0.03005 2.03615 1.16665
0.02279 1.54598 0.88579
0.02883 1.95062 1.11764
0.03082 2.08423 1.19420
0.02969 2.01845 1.15650
0.06338 4.28691 2.45641
0.04893 3.32198 1.90344
0.01803 1.21890 0.69838
0.04041 2.73436 1.56672
0.03986 2.70560 1.55024
0.03885 2.61929 1.50078
0.03879 2.63224 1.50821
0.20798 14.17880 8.13068
0.02467 1.67826 0.96158
0.00879 0.59886 0.34312
0.03782 2.57005 1.47257
0.10663 7.25514 4.15780
0.04694 3.21086 1.83976
0.05449 3.72176 2.13254
0.04170 2.84522 1.63025
0.04699 3.20148 1.83439
0.04145 2.82079 1.61624
0.02314 1.57796 0.90411
0.06688 4.55664 2.61099
0.01753 1.19711 0.68590
0.04040 2.76555 1.58460
0.02942 2.02063 1.15776
0.04060 2.77845 1.59199
0.05826 4.00035 2.29219
0.07070 4.85835 2.78390
0.04323 2.96960 1.70152
0.04230 2.90062 1.66199
0.05276 3.61881 2.07354
0.04543 3.12037 1.78791
0.01560 1.06696 0.61132
0.04196 2.89854 1.66080
0.03258 2.24843 1.28828
0.05794 3.97742 2.27904
0.06472 4.44100 2.54472
0.00427 0.29321 0.16800
0.04557 3.16378 1.81279
0.03044 2.11114 1.20961
0.06477 4.49191 2.57389
0.03285 2.27072 1.30106
0.08363 5.79477 3.32062
0.02701 1.86705 1.06975
0.06331 4.39172 2.51647
0.02523 1.74723 1.00110
0.02739 1.90647 1.09234
0.03279 2.27137 1.30143
0.04851 3.35268 1.92103
0.02775 1.91439 1.09688
0.02405 1.66016 0.95121
0.01843 1.27245 0.72906
0.02991 2.05533 1.17764
0.03402 2.34206 1.34193
0.02239 1.53973 0.88221
0.03297 2.26769 1.29932
0.03239 2.22491 1.27480
0.04405 3.03133 1.73689
0.05620 3.87256 2.21895
0.02814 1.93486 1.10861
0.01878 1.29630 0.74273
0.04070 2.78903 1.59805
0.02281 1.57400 0.90185
0.00537 0.37069 0.21239
0.03624 2.51044 1.43841
0.02431 1.67728 0.96102
0.03331 2.30211 1.31904
0.04086 2.81960 1.61556
0.03572 2.44810 1.40269
0.03023 2.07671 1.18989
0.02314 1.58429 0.90774
0.01081 0.74633 0.42761
0.01390 0.96388 0.55227
0.03345 2.32267 1.33082
0.03401 2.35642 1.35016
0.04160 2.88842 1.65500
0.03150 2.19326 1.25667
0.01900 1.32810 0.76095
0.03421 2.38697 1.36767
0.02216 1.55316 0.88990
0.02885 2.01117 1.15233
0.02496 1.74607 1.00044
0.01594 1.11789 0.64051
0.03876 2.71297 1.55446
0.03795 2.65464 1.52104
0.05441 3.80669 2.18120
0.02225 1.56256 0.89529
0.04554 3.18622 1.82565
0.05642 3.93140 2.25267
0.08338 5.83041 3.34105
0.05742 4.00729 2.29616
0.09890 6.92444 3.96821
0.05069 3.55828 2.03885
0.03563 2.50965 1.43796
0.07018 4.94893 2.83582
0.08050 5.68165 3.25579
0.02186 1.53585 0.87999
0.03843 2.70774 1.55147
0.01090 0.76842 0.44027
0.03140 2.20315 1.26234
0.04157 2.91157 1.66826
0.01797 1.25431 0.71867
0.02764 1.92879 1.10513
0.00803 0.56105 0.32146
0.00510 0.35665 0.20434
0.02991 2.08640 1.19544
0.02010 1.39735 0.80063
0.01910 1.33220 0.76330
0.02152 1.50200 0.86059
0.03595 2.50169 1.43340
0.05754 4.02875 2.30846
0.01958 1.36233 0.78056
0.00292 0.20319 0.11642
0.01423 0.98879 0.56654
0.01446 0.99967 0.57277
0.02788 1.92851 1.10497
0.07128 4.93381 2.82715
0.09879 6.80838 3.90167
0.06250 4.29041 2.45841
0.30336 20.77066 11.92221
0.01508 1.03510 0.59307
0.16710 11.43169 6.55345
0.03936 2.69991 1.54698
0.04074 2.77937 1.59251
0.02493 1.69973 0.97389
0.02375 1.62349 0.93020
0.02294 1.57247 0.90097
0.03787 2.59096 1.48455
0.01178 0.80228 0.45967
0.01014 0.69058 0.39567
0.03805 2.58367 1.48037
0.01413 0.95958 0.54980
0.02444 1.66489 0.95392
0.06235 4.22855 2.42296
0.02019 1.36956 0.78470
0.00752 0.50878 0.29151
0.02661 1.79976 1.03120
0.04088 2.76871 1.58640
0.01209 0.81552 0.46726
0.03037 2.03759 1.16747
0.06349 4.25300 2.43697
0.03996 2.66836 1.52890
0.03771 2.50292 1.43410
0.01076 0.71793 0.41134
0.03181 2.12971 1.22026
0.02131 1.42507 0.81651
0.01770 1.17644 0.67405
0.00957 0.63179 0.36199
0.03510 2.32966 1.33483
0.05030 3.37641 1.93463
0.02877 1.94007 1.11160
0.02157 1.44501 0.82793
0.01086 0.72360 0.41459
0.02132 1.42622 0.81717
0.04719 3.15798 1.80946
0.03733 2.50425 1.43487
0.03950 2.63133 1.50768
0.10309 6.83599 3.91749
0.06204 4.11160 2.35594
0.04668 3.11098 1.78253
0.03722 2.48418 1.42337
0.01758 1.18074 0.67652
0.00567 0.38029 0.21789
0.04221 2.83015 1.62161
0.05267 3.52447 2.01948
0.04669 3.12718 1.79182
0.05892 3.96351 2.27107
0.11662 7.80753 4.47452
0.06179 4.15673 2.38180
0.03474 2.33642 1.33870
0.07546 5.07366 2.90731
0.05683 3.82357 2.19088
0.05795 3.89889 2.23404
0.03449 2.31880 1.32860
0.03905 2.63014 1.50700
0.08359 5.64907 3.23711
0.04348 2.93086 1.67932
0.00440 0.29530 0.16920
0.01528 1.02883 0.58948
0.04859 3.28140 1.88019
0.04469 2.98571 1.71075
0.02241 1.50076 0.85988
0.03937 2.62497 1.50404
0.11008 7.38666 4.23321
0.12877 8.53785 4.89331
0.05475 3.66284 2.09877
0.06017 3.99261 2.28775
0.11539 7.71868 4.42358
0.03786 2.53088 1.45012
0.11594 7.78095 4.45928
0.05677 3.81963 2.18862
0.07100 4.77556 2.73645
0.13018 8.70354 4.98834
0.09627 6.42299 3.68074
0.03192 2.14139 1.22695
0.02979 1.99821 1.14491
0.03946 2.65964 1.52390
0.11331 7.65942 4.38960
0.02653 1.79658 1.02938
0.05009 3.38856 1.94159
0.03486 2.37751 1.36224
0.08975 6.12481 3.50981
0.04312 2.94430 1.68702
0.01286 0.87500 0.50134
0.10714 7.21736 4.13614
0.16917 11.51560 6.60160
0.09992 6.84585 3.92315
0.06258 4.36256 2.49976
0.04356 3.06068 1.75371
0.04272 3.01863 1.72962
0.06651 4.73927 2.71566
0.04873 3.52341 2.01887
0.05504 4.04122 2.31560
0.05497 4.07570 2.33537
0.04473 3.35674 1.92336
0.19429 14.75968 8.46437
0.07610 5.89512 3.37814
0.04741 3.71419 2.12820
0.11345 8.93249 5.11964
0.06235 5.06729 2.90365
0.08597 7.08839 4.06220
0.04990 4.14238 2.37358
0.05580 4.72292 2.70629
0.07273 6.34306 3.63492
0.02440 2.21006 1.26630
0.04021 3.72904 2.13671
0.03829 3.63902 2.08512
0.02261 2.20808 1.26516
0.09511 9.68266 5.54992
0.01160 1.22481 0.70177
0.08023 8.82975 5.06072
0.04337 4.90708 2.81183
0.08696 10.27019 5.88697
0.05345 6.54634 3.75145
0.04594 5.81879 3.33439
0.02230 2.93117 1.67950
0.01802 2.45347 1.40577
0.01790 2.52851 1.44877
0.09859 14.57575 8.35870
0.02318 3.57449 2.04814
0.03029 4.87671 2.79442
0.03787 6.28718 3.60288
0.03768 6.29358 3.60655
0.04897 8.32880 4.77343
0.02570 4.41422 2.52937
0.00518 0.90859 0.52058
0.01534 2.71352 1.55478
0.04191 7.65055 4.38451
0.05370 9.90045 5.67486
0.03716 6.95229 3.98417
0.07108 13.51585 7.74992
0.03612 7.12624 4.08390
0.03706 7.29618 4.18133
0.07968 15.66113 8.98236
0.03522 6.98742 4.00431
0.04179 8.21935 4.71067
0.04181 8.27417 4.74211
0.02562 5.05133 2.89451
0.03484 6.69829 3.83855
0.02962 5.69576 3.26387
0.03314 6.24185 3.57690
0.01952 3.63204 2.08112
0.04084 7.49818 4.29715
0.02929 5.29343 3.03327
0.05085 9.09659 5.21376
0.03422 6.05911 3.47214
0.02876 4.97632 2.85152
0.03032 5.19579 2.97730
0.02617 4.40947 2.52664
0.02694 4.42510 2.53560
0.02682 4.37057 2.50435
0.04578 7.28727 4.17623
0.04795 7.56239 4.33397
0.05344 8.16488 4.67943
0.01940 2.93826 1.68356
0.03310 4.91902 2.81868
0.02569 3.77387 2.16239
0.01295 1.86400 1.06801
0.05870 8.30919 4.76219
0.04724 6.58201 3.77190
0.03428 4.70208 2.69434
0.01107 1.50551 0.86260
0.04545 6.06874 3.47766
0.02605 3.44010 1.97113
0.03124 4.06608 2.32985
0.03375 4.37449 2.50660
0.01483 1.89325 1.08477
0.01877 2.36416 1.35459
0.01266 1.57302 0.90128
0.02034 2.49708 1.43076
0.03197 3.88588 2.22658
0.00960 1.15468 0.66159
0.02601 3.07713 1.76313
0.01936 2.26641 1.29858
0.00734 0.85506 0.48991
0.04195 4.85129 2.77985
0.01546 1.80165 1.03229
0.02433 2.85609 1.63647
0.01034 1.22791 0.70355
0.01536 1.83137 1.04931
0.02573 3.10409 1.77858
0.02637 3.20904 1.83872
0.01304 1.60819 0.92144
0.01893 2.36549 1.35536
0.04292 5.42963 3.11133
0.03020 3.87811 2.22213
0.06677 8.67513 4.97204
0.00488 0.63781 0.36544
0.03046 3.99235 2.28760
0.01573 2.09046 1.19777
0.01184 1.60424 0.91917
0.02750 3.77903 2.16535
0.06458 8.90389 5.10324
0.02574 3.56282 2.04146
0.05556 7.77809 4.45764
0.00857 1.20744 0.69182
0.05176 7.39311 4.23691
0.04742 6.77501 3.88254
0.04411 6.24606 3.57931
0.12465 17.48566 10.03135
0.02385 3.32162 1.90323
0.04326 5.99036 3.43274
0.04239 5.88720 3.37360
0.04899 6.79051 3.89142
0.02905 4.03522 2.31217
