0.00214 -0.00504 0.28893
0.00939 -0.00892 0.29297
0.02866 -0.01262 0.29730
-0.02454 -0.01425 0.30489
-0.02104 -0.00468 0.31498
-0.00829 -0.01690 0.32297
0.04932 -0.00148 0.33436
0.01175 -0.01428 0.35520
-0.04872 -0.03961 0.35472
0.03385 0.00387 0.37174
-0.01290 -0.00675 0.38547
0.04622 -0.00071 0.39196
0.03369 -0.00383 0.40128
0.04984 -0.01480 0.41422
0.06953 -0.00823 0.42309
0.02286 -0.01778 0.44185
0.00635 -0.01696 0.45281
-0.00542 -0.01028 0.46871
-0.01617 -0.01568 0.48165
0.01006 -0.01280 0.50240
-0.00594 -0.02349 0.50429
-0.00305 -0.02070 0.52501
-0.04597 -0.06615 0.52995
-0.03712 -0.01480 0.54856
-0.01645 -0.02324 0.55987
-0.04447 -0.02822 0.56646
-0.02293 -0.02543 0.57989
-0.04094 -0.02927 0.58747
-0.04154 -0.02774 0.60484
-0.03687 -0.03877 0.61373
-0.02968 -0.02539 0.62908
-0.02745 -0.02161 0.64176
-0.05958 -0.03027 0.65298
-0.01533 -0.01820 0.66872
-0.01983 -0.01645 0.68291
-0.03301 -0.03529 0.71104
-0.01659 -0.02121 0.68966
-0.01931 -0.02550 0.71939
-0.04800 -0.01669 0.73508
-0.01214 -0.02994 0.74703
-0.02506 -0.01610 0.76164
-0.04471 -0.02747 0.76921
-0.01483 0.00505 0.78807
-0.02016 -0.01894 0.79387
-0.02031 0.00072 0.82193
-0.03591 0.00089 0.80730
-0.03759 -0.00092 0.82766
-0.02825 -0.01695 0.83156
-0.02746 -0.01098 0.84297
-0.03825 -0.01770 0.84991
-0.01278 -0.00862 0.86414
-0.03060 -0.01139 0.87073
-0.05467 0.01234 0.88658
-0.01527 0.00691 0.89878
-0.02980 -0.00083 0.90802
-0.03437 -0.01508 0.91769
-0.04127 -0.01834 0.92765
-0.03004 -0.00384 0.94157
-0.02736 -0.01221 0.95443
-0.02185 -0.00972 0.96900
-0.04057 -0.02549 0.97340
-0.02543 -0.01746 1.00692
-0.02707 -0.01085 1.02422
-0.01672 -0.00011 1.03038
-0.02111 -0.01615 1.04303
-0.01450 -0.02761 1.05414
-0.04528 -0.02624 1.06281
-0.01138 -0.00911 1.06958
0.01548 -0.01926 1.07122
-0.00567 -0.01275 1.06895
-0.01294 -0.01369 1.06765
-0.02150 -0.05226 1.06345
-0.02066 -0.04435 1.07522
-0.00351 -0.00032 1.07620
-0.03006 0.00812 1.07878
-0.02464 -0.02004 1.07444
-0.02683 -0.02828 1.06542
-0.03736 -0.04349 1.06019
-0.03969 -0.04302 1.05721
-0.03535 -0.04247 1.06615
-0.10667 0.03989 1.06507
-0.01739 -0.01574 1.07643
-0.02004 -0.00711 1.07564
-0.02477 -0.01711 1.07539
-0.03362 -0.03164 1.07783
-0.06891 -0.06156 1.06959
-0.00258 -0.02457 1.08510
-0.01995 -0.00918 1.07332
-0.02472 -0.04060 1.08111
-0.04257 -0.04888 1.08299
-0.06894 -0.03440 1.08808
-0.06146 -0.04901 1.08968
-0.06750 -0.05548 1.09190
-0.06187 -0.05383 1.10946
0.12408 -0.05938 1.10026
0.02508 -0.01574 1.09534
-0.07238 -0.01764 1.11134
0.03875 -0.06583 1.11357
-0.03312 -0.04503 1.12473
-0.03481 -0.00666 1.12953
-0.05499 -0.01767 1.13938
-0.03036 -0.03646 1.13874
-0.04005 -0.02785 1.14239
-0.04384 -0.03737 1.14495
-0.03350 -0.02982 1.15075
-0.02556 -0.02221 1.15819
-0.03770 -0.01425 1.16372
-0.03264 -0.01446 1.16879
-0.03189 -0.02095 1.16965
-0.03948 -0.02100 1.16961
-0.04749 -0.00905 1.18353
-0.02480 -0.03463 1.18961
-0.04128 -0.04066 1.18996
-0.05311 -0.04749 1.19188
-0.03009 -0.02163 1.20375
-0.03759 -0.01117 1.20118
-0.00112 -0.04525 1.20804
-0.01332 0.00061 1.21710
-0.02490 -0.01978 1.22222
-0.03338 -0.04564 1.22360
0.04938 -0.06236 1.22392
-0.00643 -0.04436 1.22940
0.04081 -0.03883 1.23375
-0.00201 -0.01966 1.23742
0.04798 -0.03649 1.24227
-0.05395 -0.02778 1.24404
-0.02613 -0.02247 1.24756
-0.01746 -0.02611 1.25527
0.02533 -0.04536 1.24936
-0.00238 -0.02934 1.26565
-0.02177 -0.02453 1.26794
-0.03830 -0.01019 1.27133
-0.03158 -0.02561 1.27234
-0.07620 -0.07475 1.26667
-0.07372 -0.04670 1.27201
-0.07804 -0.05306 1.27065
-0.05104 -0.06252 1.27489
-0.02313 -0.04368 1.26563
-0.03472 -0.01296 1.27208
-0.06412 -0.03859 1.30999
-0.02655 -0.02729 1.21766
-0.05578 -0.03365 1.25309
-0.04506 -0.02050 1.24906
-0.01163 -0.02775 1.24712
-0.01596 -0.05510 1.23496
-0.03140 -0.03037 1.21308
-0.01072 -0.02914 1.20260
-0.02870 -0.02479 1.19868
-0.02385 -0.04545 1.18743
-0.03636 -0.02953 1.17600
-0.03294 -0.03139 1.16248
-0.02077 -0.03383 1.15182
-0.00637 -0.03422 1.13936
0.00744 -0.03274 1.13330
0.00207 -0.04005 1.12671
-0.00306 -0.01282 1.12582
-0.00700 -0.01831 1.12105
-0.04290 -0.02364 1.11503
-0.01723 -0.00776 1.11289
-0.00859 -0.02007 1.10881
-0.06774 -0.03211 1.09864
0.00472 -0.05174 1.09573
-0.01056 -0.04149 1.09257
-0.01321 -0.01490 1.09678
-0.12194 -0.01464 1.08967
-0.01584 -0.00939 1.09253
-0.05122 -0.01865 1.08541
-0.00611 -0.02419 1.08248
0.00259 -0.04907 1.06382
-0.01448 -0.03982 1.05593
-0.01238 -0.04037 1.04953
-0.04715 -0.00959 1.04136
-0.05181 -0.00786 1.03413
-0.04006 -0.02032 1.02014
-0.01527 -0.02968 1.01344
-0.02602 -0.02795 1.00289
-0.04035 -0.04620 0.99277
-0.03012 -0.01701 0.98786
-0.01261 -0.00782 0.97984
-0.03273 -0.02772 0.96981
-0.01038 -0.01728 0.96139
-0.02825 0.00578 0.95269
-0.00791 0.03285 0.94327
-0.04760 -0.01336 0.91822
-0.01252 -0.01733 0.91336
-0.02620 -0.02518 0.88955
-0.02082 -0.01751 0.88580
-0.01349 -0.00316 0.87566
0.01849 0.03517 0.87515
-0.07331 -0.00660 0.86605
-0.03983 -0.05051 0.84018
-0.14163 -0.07313 0.83159
-0.04681 0.01925 0.84058
-0.05453 -0.00120 0.84325
-0.05526 0.03187 0.83630
-0.04396 0.02238 0.83932
-0.17121 0.00811 0.82331
-0.13681 0.00764 0.82681
-0.16223 -0.05177 0.81821
-0.17905 -0.06009 0.81684
-0.11200 -0.04086 0.84467
-0.01088 -0.01056 0.82599
-0.02607 0.00136 0.84459
-0.01076 -0.01737 0.84756
-0.07086 -0.05699 0.85162
0.01557 -0.02497 0.85604
0.05037 0.01773 0.87020
0.17211 0.07825 0.86268
-0.05986 -0.01170 0.89555
0.06274 0.01768 0.89640
0.01088 0.00391 0.91112
0.02179 0.00511 0.92618
0.00332 0.02863 0.93828
0.06134 0.00520 0.94813
-0.00050 -0.01251 0.96165
-0.04346 -0.02298 0.97107
-0.05215 -0.03829 0.98161
-0.16717 -0.03932 0.98023
-0.17763 -0.05919 1.00791
-0.09053 -0.04091 0.99512
-0.20015 -0.01871 1.01393
-0.18036 0.01478 1.02955
-0.14183 0.02798 1.05029
-0.06877 -0.03478 1.05885
-0.04518 -0.02358 1.07717
0.00083 0.10784 1.08766
-0.11615 0.01820 1.09261
-0.04284 0.02892 1.11636
-0.01784 -0.01235 1.13012
-0.03636 -0.03421 1.13711
0.00368 -0.05826 1.15122
-0.36203 -0.10601 1.10067
-0.05268 0.00007 1.17936
-0.11343 -0.03714 1.19293
-0.10092 -0.00719 1.19970
-0.11188 -0.02771 1.22365
-0.11872 -0.03134 1.21737
-0.20521 -0.05179 1.22229
-0.52163 -0.13703 1.12383
-0.72720 -0.17983 1.00593
-0.80151 -0.20363 0.96888
-0.19509 -0.10308 1.26495
-1.19454 -0.17018 0.45026
-0.27211 -0.12082 1.26416
-0.01035 -0.29688 1.27895
0.03304 -0.16687 1.31268
-1.07082 -0.19793 0.77896
-0.15602 -0.06652 1.33349
-0.13415 -0.02082 1.36066
-0.11155 -0.05440 1.37234
-0.30119 -0.13853 1.33780
-0.18450 -0.07388 1.37308
-0.09793 -0.03830 1.39617
-0.33830 -0.09432 1.36366
-0.42827 -0.11044 1.35131
-0.28674 -0.10435 1.39209
-0.21488 -0.04837 1.42209
-0.25329 -0.15518 1.41832
-0.08505 -0.09087 1.44078
-0.04008 -0.04065 1.46998
-0.42479 -0.17383 1.39444
-0.88604 -0.17084 1.18270
-1.29844 -0.25435 0.67849
-1.36047 -0.11275 0.59635
-0.10578 -0.01390 1.50011
0.02997 -0.07443 1.49925
0.00674 -0.05677 1.50597
0.05334 -0.15114 1.49986
-0.09122 -0.06995 1.51038
-0.00410 -0.09360 1.51662
-0.02972 -0.06047 1.52681
-0.02564 -0.05964 1.52584
0.07089 -0.07518 1.52378
-0.04184 -0.09039 1.52704
0.38261 -0.11296 1.48636
-0.04368 -0.06597 1.53543
-0.20998 -0.05732 1.52972
-0.04902 -0.02531 1.53988
0.04580 -0.03354 1.53919
0.03051 -0.01470 1.52674
-0.11054 -0.03430 1.51022
-0.00395 -0.05876 1.49776
-0.07425 -0.05330 1.47883
0.05527 -0.05271 1.48195
0.01575 -0.02059 1.46724
0.00782 -0.03475 1.45540
0.05926 -0.00776 1.43916
-0.02098 -0.03719 1.42449
0.00749 -0.04720 1.41540
-0.02281 -0.04289 1.39526
-0.03508 -0.05887 1.38711
-0.02497 -0.04824 1.37106
-0.04570 -0.03591 1.35744
-0.03102 -0.06403 1.34693
-0.39267 -0.11793 1.26732
0.00032 -0.08010 1.30373
-0.03791 -0.09216 1.29274
-0.73291 -0.26319 1.02795
-0.12565 -0.09398 1.26969
-0.11792 -0.05781 1.25796
-0.04489 -0.06501 1.25294
-0.01278 -0.02069 1.24689
-0.11464 -0.06408 1.23152
-0.03727 -0.02506 1.22536
-0.01030 -0.05509 1.21254
-0.02754 -0.05909 1.20146
-0.00565 -0.00563 1.19451
-0.00772 -0.01304 1.18873
-0.02044 -0.01101 1.19299
-0.02531 -0.00466 1.13926
-0.02203 -0.04525 1.13964
-0.01111 -0.05025 1.12409
-0.01687 -0.05607 1.11502
0.01789 -0.09896 1.09597
0.01122 -0.06361 1.08082
0.00183 -0.01535 1.07944
-0.00752 -0.00830 1.08073
-0.01849 -0.07029 1.07295
-0.01854 0.00252 1.05682
0.00140 -0.06046 1.04250
-0.01316 -0.05150 1.03399
-0.01378 -0.04089 1.02609
-0.00369 -0.03300 1.02435
-0.01746 -0.03747 1.01500
0.01240 -0.03549 1.01061
-0.00175 -0.01712 1.00398
-0.02886 -0.01878 1.00768
-0.03593 -0.06519 1.00300
-0.02108 -0.03166 0.98844
0.01866 -0.04016 0.98912
-0.03729 -0.03610 0.98964
-0.04096 -0.03013 0.98852
-0.03358 -0.01434 0.98688
-0.03812 -0.02900 0.98320
-0.01620 -0.03159 0.97525
-0.03133 -0.06555 0.97037
-0.01391 -0.03608 0.97169
-0.01632 -0.06895 0.96923
-0.06438 -0.04408 0.96486
-0.04382 -0.02914 0.96679
-0.02805 -0.01438 0.96602
-0.02354 -0.02433 0.96677
-0.02274 -0.01676 0.96231
-0.03318 -0.03778 0.95763
-0.01704 -0.01686 0.95688
-0.00674 -0.02928 0.95321
-0.02988 -0.03760 0.94896
-0.00258 -0.02207 0.94466
-0.01996 -0.01099 0.94235
-0.02740 -0.00979 0.94424
-0.02011 -0.03031 0.94798
-0.02386 -0.03620 0.95081
-0.01063 -0.03281 0.95743
-0.00419 -0.03108 0.96404
-0.02049 -0.05165 0.96830
-0.03590 -0.04427 0.97239
-0.01387 -0.03871 0.97780
-0.03137 0.00382 0.98166
-0.02938 0.00022 0.98698
-0.03887 -0.00945 0.98646
-0.00247 -0.03039 0.98873
0.00327 -0.03457 0.98939
0.02248 -0.00957 0.99221
0.01248 -0.03192 0.99701
-0.00219 -0.00677 1.00064
0.00251 -0.03316 0.98163
0.04328 -0.01315 0.98860
0.05556 -0.02617 0.98888
0.02221 0.00671 0.99213
-0.00177 -0.04613 0.98709
-0.00801 -0.04438 0.99033
-0.01334 -0.04990 0.98847
0.00961 -0.01764 0.98582
0.01371 -0.02553 0.98928
0.01408 -0.02198 0.98670
-0.02074 -0.00890 0.98900
-0.02833 -0.01718 0.98694
-0.05782 -0.02119 0.98388
-0.00797 -0.02871 0.98090
-0.00488 -0.04473 0.97960
0.00426 -0.03560 0.97568
-0.06633 -0.01116 0.96957
-0.03349 -0.02553 0.96736
0.01933 -0.00977 0.96036
-0.04646 -0.00482 0.96244
-0.03546 -0.01501 0.96489
0.02733 -0.03901 0.94215
-0.02478 -0.01680 0.94852
-0.03828 -0.04056 0.94250
-0.02013 -0.02522 0.94833
-0.04705 -0.03029 0.93654
-0.02799 -0.01993 0.93810
-0.02947 -0.02771 0.93221
-0.04845 -0.00938 0.93509
-0.04785 -0.01949 0.93656
-0.01595 -0.00621 0.94110
-0.05088 -0.02162 0.93890
-0.06008 -0.00312 0.94272
-0.03742 -0.00055 0.95124
-0.03160 0.00749 0.95850
-0.03051 -0.01428 0.95410
-0.02077 -0.02628 0.95428
-0.03461 -0.03590 0.95201
-0.03096 -0.02514 0.95537
-0.02675 -0.01067 0.96276
-0.02448 -0.02224 0.96112
-0.01702 0.00359 0.96417
-0.01767 -0.01445 0.96454
0.01900 -0.01459 0.97032
-0.03078 -0.01496 0.97141
-0.00528 0.00737 0.96397
-0.00536 -0.02267 0.97386
-0.00570 -0.02715 0.97892
0.01450 -0.00867 0.98593
-0.02597 -0.00815 0.98683
-0.02210 -0.00884 0.98575
0.00089 -0.02596 0.98591
-0.06662 0.00991 0.98193
-0.09297 0.00441 0.98149
0.00216 -0.02428 0.98362
-0.01008 -0.02108 0.97936
-0.00731 -0.01730 0.97931
0.01216 -0.03091 0.97804
-0.12457 -0.00426 0.97704
-0.01398 -0.02560 0.97703
0.02099 -0.02622 0.97673
-0.05833 -0.02016 0.96991
-0.03152 -0.02589 0.98558
-0.06302 0.02697 0.95916
-0.01157 -0.02131 0.97915
-0.01471 -0.00484 0.97522
-0.01368 -0.05397 0.97121
-0.01432 -0.04235 0.98603
-0.06564 -0.02169 0.96786
-0.02101 -0.00868 1.00015
-0.00938 -0.00325 0.97243
-0.02691 -0.00261 0.99379
-0.01355 -0.02237 0.99685
-0.00460 -0.00944 1.00653
-0.05292 0.02127 1.00889
-0.02731 -0.05120 1.01735
0.00567 -0.01354 1.01632
-0.00355 -0.04568 1.02566
0.03405 -0.01836 1.03188
0.07381 -0.00137 1.02974
0.00532 -0.03216 1.03995
-0.00216 0.00384 1.04303
-0.01934 -0.03387 1.04903
-0.00848 -0.03709 1.05291
-0.02827 -0.02441 1.05845
-0.02804 -0.03254 1.05834
-0.03019 -0.02681 1.06633
-0.05915 -0.03423 1.06743
-0.05458 -0.05881 1.07124
-0.04655 -0.03349 1.07768
-0.02517 -0.00878 1.08312
-0.05916 -0.01514 1.09029
-0.07862 -0.00965 1.08909
-0.07289 -0.03663 1.09498
-0.04307 -0.01845 1.10041
-0.04535 -0.03742 1.10418
-0.03317 -0.06020 1.10408
-0.06758 -0.06503 1.10340
-0.03416 -0.05587 1.11128
0.00290 -0.05013 1.12035
-0.03763 0.01220 1.12807
-0.05225 -0.03303 1.12526
0.00315 -0.03840 1.13116
-0.02633 -0.04958 1.13239
-0.01922 -0.02990 1.13628
-0.04163 -0.03613 1.13849
-0.03039 -0.02126 1.14351
-0.02699 -0.02543 1.14454
0.00304 -0.05404 1.14009
-0.02485 -0.04441 1.14080
0.00355 -0.02406 1.14074
0.00064 -0.03601 1.14381
-0.02223 -0.03853 1.13766
0.04277 -0.02480 1.13521
0.02707 -0.01107 1.13390
-0.02256 -0.01286 1.13213
-0.02263 -0.03472 1.12502
-0.02132 -0.03896 1.12373
0.01208 -0.01792 1.12473
0.00049 -0.05826 1.11708
-0.01379 -0.06487 1.11489
0.03971 -0.03558 1.11305
-0.03628 -0.02654 1.11177
-0.05936 -0.01335 1.10933
-0.04478 -0.03199 1.10812
-0.03117 -0.02727 1.10859
-0.07128 -0.05121 1.10459
-0.05371 -0.03725 1.10454
-0.03514 -0.05134 1.10195
-0.04459 -0.04823 1.09844
-0.03799 -0.03358 1.10275
-0.02902 -0.04117 1.09905
-0.02738 0.00326 1.10136
-0.04283 -0.02118 1.10146
-0.03548 -0.02248 1.09758
-0.05483 -0.03582 1.08783
-0.10539 -0.11506 1.07608
-0.00461 -0.05751 1.08091
-0.04289 -0.07196 1.07849
0.03180 -0.02267 1.06994
0.02660 -0.02802 1.06030
-0.00766 -0.05088 1.04462
0.00204 -0.03686 1.03157
0.00127 -0.01945 1.01366
0.02334 -0.00780 1.00393
-0.02490 -0.04497 0.98410
0.00997 -0.03543 0.96744
-0.01141 -0.05088 0.95386
0.03673 -0.08203 0.94471
0.04767 -0.01574 0.94811
-0.00609 -0.01975 0.94653
-0.02088 -0.05807 0.93836
-0.03587 -0.03114 0.93957
-0.01432 -0.03070 0.93625
-0.01541 -0.03395 0.93122
0.00509 -0.04206 0.92975
0.00504 -0.03729 0.91839
-0.05815 -0.04599 0.92316
-0.03198 -0.03937 0.92037
-0.05555 -0.04036 0.90585
-0.05117 -0.04942 0.91777
-0.06320 -0.04703 0.92085
-0.06318 -0.03086 0.90820
-0.03913 -0.01783 0.92427
-0.04906 -0.02890 0.90775
-0.05751 -0.03165 0.92329
-0.05357 -0.02321 0.92581
-0.04100 -0.04684 0.91595
-0.05556 -0.01566 0.93115
-0.04288 -0.00165 0.94227
-0.06284 -0.02097 0.94502
-0.05627 -0.03352 0.94730
-0.04181 -0.04614 0.94825
-0.02699 -0.03825 0.96159
-0.00271 -0.03899 0.97325
-0.00130 -0.02593 0.98501
-0.00398 -0.02781 0.99107
0.01343 -0.04883 0.99659
-0.00626 -0.04361 1.00757
0.01226 -0.05309 1.01823
0.00314 -0.04006 1.03147
-0.00412 -0.01740 1.04959
-0.00563 -0.01361 1.06069
0.00546 -0.01484 1.07159
-0.00512 -0.01633 1.08098
0.02297 -0.01822 1.08995
0.00027 -0.02777 1.09598
-0.00512 -0.05307 1.10107
-0.01862 -0.04079 1.11053
-0.00002 -0.02420 1.11522
-0.02197 -0.02361 1.12232
-0.01288 -0.03124 1.12369
-0.03565 -0.02793 1.12056
0.09450 -0.07300 1.11694
-0.01192 -0.04825 1.12051
-0.03744 -0.03641 1.11939
-0.02677 -0.03529 1.12233
-0.02172 -0.03685 1.12329
-0.02098 -0.03965 1.11942
-0.04361 -0.04675 1.11464
-0.04371 -0.04377 1.10945
-0.02666 -0.05537 1.10392
-0.01828 -0.03379 1.10589
-0.03963 -0.03793 1.10003
-0.01332 -0.04600 1.09591
-0.00901 -0.04743 1.09573
-0.02715 -0.07043 1.09005
-0.01834 -0.03302 1.09318
-0.02732 -0.02341 1.09713
-0.02338 0.00332 1.10114
-0.03112 -0.01843 1.10105
-0.03992 -0.02991 1.10192
-0.00860 -0.00721 1.10589
-0.01290 -0.02365 1.10800
-0.03381 -0.03199 1.11034
-0.03168 -0.02116 1.10770
-0.00787 -0.03068 1.10769
-0.00116 0.00038 1.11522
-0.02125 -0.02560 1.11592
-0.01019 -0.01528 1.11816
-0.02230 -0.01191 1.11824
-0.01770 -0.01832 1.12223
-0.01339 -0.01759 1.12483
0.01908 -0.01589 1.12207
0.03178 -0.01655 1.12019
0.01535 -0.01110 1.11862
0.00115 -0.01959 1.11391
0.00218 -0.02495 1.11317
0.02024 -0.01747 1.11413
-0.01677 -0.00392 1.10970
0.00738 -0.02350 1.10759
0.00593 -0.02554 1.10884
-0.00083 -0.03337 1.10480
0.00999 -0.02859 1.09875
0.00688 -0.03605 1.09170
-0.00577 -0.03272 1.08729
0.00846 -0.00404 1.09192
0.00851 -0.01708 1.08277
-0.00686 -0.02633 1.07890
-0.00159 -0.03185 1.07066
0.01281 -0.03537 1.06229
0.00231 -0.04396 1.06497
0.01220 -0.02339 1.05522
-0.01026 -0.05566 1.04683
-0.00057 -0.01917 1.04497
-0.00936 -0.03069 1.04122
0.00554 0.00874 1.03642
-0.02486 -0.03773 1.02618
-0.01948 -0.01963 1.01959
0.00175 -0.04308 1.01055
-0.02572 -0.00530 1.01223
-0.00650 -0.03396 1.00642
-0.02034 -0.01781 0.99855
-0.01321 -0.03556 0.99146
-0.02302 -0.02831 0.98765
-0.01543 -0.01785 0.98646
-0.00525 -0.02473 0.98166
-0.02384 -0.02936 0.97456
-0.01709 -0.01954 0.97124
-0.01727 -0.00827 0.96396
-0.01847 -0.02288 0.96475
-0.03420 -0.00521 0.95898
-0.02113 -0.01444 0.96038
-0.03777 -0.02082 0.95286
-0.03388 -0.02029 0.94173
-0.02901 -0.00751 0.94475
-0.02862 -0.01969 0.93821
-0.02325 -0.04224 0.93248
-0.02850 -0.01853 0.92517
0.00918 -0.02921 0.91480
-0.00820 -0.03661 0.90794
0.00367 -0.03145 0.89710
-0.00421 -0.02299 0.88601
-0.01153 -0.02795 0.87690
-0.00843 -0.03626 0.85890
-0.00743 -0.05909 0.84418
0.00327 -0.03847 0.83027
-0.00696 -0.02435 0.81903
-0.01265 -0.03400 0.81099
-0.00590 -0.03890 0.80524
0.00943 -0.04583 0.80023
0.01300 -0.02976 0.79764
0.01127 -0.04417 0.79475
0.02776 -0.03790 0.79247
0.02223 -0.03870 0.79478
-0.02179 -0.02357 0.79345
-0.03670 0.00601 0.79153
-0.02589 -0.01224 0.80061
-0.03958 -0.02780 0.78333
-0.03552 -0.00387 0.79047
-0.05495 -0.02408 0.79094
0.01502 -0.00750 0.77872
0.01512 -0.01287 0.79302
-0.00798 -0.01886 0.77408
-0.01045 -0.06117 0.79346
-0.02042 -0.04116 0.79141
-0.00963 -0.03532 0.77572
0.00554 -0.03216 0.79594
0.03022 -0.02586 0.79604
0.04323 -0.00319 0.78479
0.01022 -0.02641 0.80353
-0.00225 -0.03557 0.79018
0.01678 -0.02830 0.80947
0.02845 -0.03858 0.81435
0.02110 -0.02418 0.80408
-0.01796 -0.04430 0.82097
-0.00665 -0.03739 0.81016
-0.01095 -0.04529 0.82855
-0.00270 -0.02774 0.83622
0.00322 -0.04751 0.82674
-0.00708 -0.02734 0.84160
-0.02219 -0.02990 0.84569
-0.01272 -0.03544 0.84144
-0.00812 -0.02715 0.85499
-0.01328 -0.01727 0.85324
-0.02133 -0.02001 0.86392
0.00756 -0.04395 0.86381
-0.00119 -0.03740 0.85728
0.00186 -0.02900 0.86771
-0.00454 -0.05397 0.87143
-0.01152 -0.02728 0.86296
-0.01333 -0.02819 0.87884
-0.00535 -0.02399 0.88004
0.01588 -0.02617 0.87730
-0.00279 -0.03731 0.88568
0.02001 -0.03434 0.87082
0.00212 -0.04035 0.88189
0.02078 -0.04350 0.88230
0.04553 -0.03766 0.86271
-0.00362 -0.03503 0.87389
0.03769 -0.03694 0.86923
0.01113 -0.02367 0.85229
0.01682 -0.04139 0.86694
-0.01778 -0.02778 0.85797
-0.01162 -0.01508 0.87232
-0.02659 0.00609 0.87475
-0.01445 -0.04034 0.86817
-0.02049 -0.04886 0.87497
-0.01560 -0.03527 0.88208
-0.03230 0.01392 0.88363
-0.01718 -0.02230 0.89696
-0.00689 -0.00448 0.88739
-0.01824 -0.04485 0.89921
-0.03006 -0.05187 0.90111
-0.01700 -0.04149 0.89400
-0.01822 -0.02206 0.90972
-0.02261 -0.03052 0.91377
0.00090 -0.02301 0.90954
0.02342 -0.02439 0.92514
0.02111 -0.03472 0.92170
0.01648 -0.03797 0.93546
0.03866 -0.05027 0.93877
0.02349 -0.03107 0.94049
0.00574 -0.03302 0.95254
-0.00633 -0.01408 0.96062
0.03791 -0.05209 0.95451
0.05597 -0.02506 0.96994
0.03990 -0.02234 0.97021
0.00834 -0.03489 0.98235
0.02697 -0.05173 0.98775
0.01607 -0.04250 0.98450
0.02025 -0.04194 0.99852
-0.01393 -0.05596 1.00373
0.02730 -0.01582 1.01085
0.00134 -0.02805 1.02260
-0.00397 -0.03090 1.02351
0.00018 -0.04700 1.02747
-0.01254 -0.04100 1.03529
0.00645 -0.02367 1.03720
0.02128 -0.03360 1.04784
0.01720 -0.04160 1.04763
0.00377 -0.03079 1.06236
-0.06616 -0.05670 1.06036
-0.00473 -0.05641 1.06388
-0.07995 -0.01957 1.06912
-0.06123 -0.04677 1.07818
-0.04131 -0.07809 1.08754
-0.01792 -0.03958 1.08659
-0.00632 -0.08811 1.09105
-0.01937 -0.00949 1.10144
-0.04308 -0.03689 1.10530
-0.01779 -0.02742 1.11161
-0.00188 -0.01760 1.11816
-0.03427 -0.03138 1.11986
-0.02500 -0.06538 1.12117
0.00730 -0.02868 1.13015
-0.01228 -0.03058 1.13610
-0.01150 -0.01943 1.14206
0.00398 -0.01894 1.14670
-0.02617 -0.02847 1.15348
-0.01227 -0.03345 1.16082
-0.04184 -0.00578 1.16941
-0.00733 -0.00741 1.17312
0.15444 -0.10274 1.17242
0.00984 -0.04211 1.17546
0.01163 -0.04740 1.18647
-0.04793 -0.03602 1.25792
0.01764 -0.04511 1.13579
-0.01979 -0.02648 1.20672
0.00227 -0.03030 1.21639
-0.02186 -0.01491 1.22524
0.02687 -0.02738 1.22914
-0.00116 -0.01519 1.23356
-0.01797 -0.03600 1.23920
-0.03262 -0.03983 1.24520
-0.02927 -0.05732 1.24813
0.00063 -0.03949 1.25372
-0.02958 -0.01736 1.26526
-0.02080 -0.03553 1.27548
-0.02539 -0.02162 1.27627
-0.01929 -0.11592 1.27821
-0.02499 -0.06023 1.28899
-0.02213 -0.06839 1.29505
-0.03265 -0.01759 1.31155
-0.00656 0.00991 1.32644
-0.02251 -0.04679 1.32424
-0.04612 -0.07418 1.32790
-0.02852 -0.04417 1.33835
-0.02260 -0.02807 1.34631
-0.03030 -0.06510 1.35490
-0.09053 -0.07539 1.35620
-0.06562 -0.05077 1.36559
-0.00062 -0.04108 1.37449
-0.00798 -0.03396 1.38029
-0.02399 -0.04203 1.38832
-0.02070 -0.06745 1.39255
-0.01753 -0.06504 1.39582
0.00482 -0.06054 1.40083
-0.04968 -0.03621 1.40141
-0.02659 -0.06001 1.40905
-0.04454 -0.04724 1.40614
-0.01362 -0.02405 1.41179
-0.01453 -0.02615 1.40936
0.00996 -0.03219 1.41194
-0.00182 -0.02482 1.41243
-0.00158 -0.03502 1.41127
-0.02293 -0.08308 1.40795
-0.02359 -0.07016 1.40640
-0.00405 -0.08597 1.40870
-0.03268 -0.06816 1.40959
-0.04234 -0.05650 1.40547
-0.07357 0.00602 1.41059
-0.03091 -0.03934 1.41559
-0.07397 -0.06085 1.40329
-0.03331 -0.04949 1.40107
-0.04460 -0.08171 1.39491
-0.04363 -0.06682 1.39178
-0.04631 -0.06008 1.38845
-0.03451 -0.03907 1.39434
-0.01722 -0.05162 1.39195
-0.01909 -0.03811 1.38837
-0.04697 -0.07018 1.38461
-0.01822 -0.08509 1.37952
-0.06870 -0.08137 1.38261
-0.00896 -0.07351 1.37447
-0.00239 -0.06776 1.37412
-0.01269 -0.05379 1.36814
-0.00062 -0.02675 1.36631
0.02123 -0.05495 1.36452
-0.02180 -0.06029 1.35376
-0.04956 -0.09430 1.34760
-0.03000 -0.06837 1.34611
-0.05957 -0.05397 1.34300
0.00962 -0.02078 1.33914
-0.01735 -0.03027 1.33283
-0.00231 -0.02573 1.32146
0.01117 -0.03836 1.30076
0.03441 -0.02045 1.28814
0.02097 -0.05622 1.26877
0.00918 -0.02651 1.24697
-0.01429 -0.06412 1.22460
-0.02518 -0.06264 1.20407
-0.02721 -0.04727 1.19067
-0.04665 -0.05096 1.16551
-0.03946 -0.06178 1.14494
-0.04674 -0.04452 1.12103
-0.06007 -0.04339 1.10034
-0.04218 -0.05773 1.08311
-0.06498 -0.04102 1.06637
-0.03665 -0.04202 1.06070
0.00667 -0.05350 1.04885
-0.00923 -0.06477 1.03724
-0.00278 -0.02848 1.03292
0.00199 -0.04094 1.01876
0.00302 -0.07795 1.01060
-0.01010 -0.03882 1.00595
0.00010 -0.04887 1.00943
0.00438 -0.04543 1.00879
0.02625 -0.03872 1.01303
-0.01383 -0.02668 1.00901
-0.01912 -0.04097 1.01147
-0.02411 -0.01084 1.01231
-0.00421 -0.01676 1.00173
0.00528 -0.03947 1.00003
-0.02114 -0.02821 1.00292
-0.03336 -0.04837 1.00284
-0.03541 -0.06028 1.00914
-0.05138 -0.05506 1.00012
-0.03183 -0.03326 1.01083
-0.05514 -0.05182 1.01976
-0.05101 -0.03732 1.01628
-0.04259 -0.03921 1.03243
-0.02682 -0.01451 1.04204
-0.06580 -0.01825 1.03662
-0.04656 -0.00960 1.05513
-0.05786 -0.01726 1.05897
-0.01870 -0.06337 1.04504
-0.05958 -0.03030 1.06395
-0.03702 -0.04853 1.05509
-0.07339 -0.04014 1.07383
0.01812 -0.12744 1.07430
-0.03329 0.00379 1.08158
-0.06047 -0.02649 1.09800
-0.07555 -0.01922 1.10094
-0.07165 -0.04831 1.08719
-0.08392 -0.06838 1.10175
-0.06581 -0.06693 1.10105
-0.05914 -0.00579 1.12295
-0.08167 -0.01708 1.12778
-0.00762 -0.01913 1.11857
-0.05839 -0.02805 1.13959
-0.01338 -0.02787 1.13814
-0.03221 -0.04614 1.13108
0.00134 -0.01406 1.14557
0.01387 -0.04031 1.13756
-0.00419 -0.04298 1.15672
-0.01606 -0.03990 1.15709
-0.00250 -0.03182 1.15417
0.00426 -0.02868 1.16561
-0.02217 -0.04254 1.16270
-0.01406 -0.06147 1.17017
-0.04243 -0.04822 1.17324
-0.04032 -0.03622 1.17927
-0.04704 -0.01936 1.18320
-0.04561 -0.02480 1.17395
-0.08991 -0.01780 1.17077
-0.03114 -0.04748 1.16853
-0.03966 -0.04929 1.16985
-0.03002 -0.02022 1.16751
-0.02338 -0.05257 1.16182
-0.08720 -0.05927 1.15661
-0.00487 -0.08244 1.15179
-0.00145 -0.06240 1.14873
0.02156 -0.01366 1.13407
0.03950 -0.00510 1.12433
0.01025 -0.01842 1.11176
0.05162 -0.01616 1.10226
-0.00550 -0.02550 1.07968
-0.01023 -0.04049 1.05861
0.00151 -0.06188 1.04495
-0.00170 -0.04337 1.02213
0.00856 -0.06820 1.01043
-0.00570 -0.05573 0.99250
0.02439 -0.06742 0.96524
-0.00216 -0.03751 0.95808
-0.01129 -0.05570 0.93425
-0.00774 -0.06800 0.90844
-0.02646 -0.10599 0.88289
0.03917 -0.00448 0.84961
0.08077 -0.01072 0.84016
-0.01889 0.00723 0.81602
0.00235 -0.04117 0.81574
-0.00185 -0.03082 0.81022
0.04557 0.00657 0.77448
0.06434 0.01667 0.78379
0.03323 -0.02679 0.74531
0.01118 -0.02388 0.75420
0.04144 -0.04774 0.75597
0.04396 -0.03630 0.71497
0.03360 -0.04495 0.75229
0.02450 -0.04065 0.71419
0.03543 -0.00828 0.75836
0.02962 -0.00263 0.75997
0.09071 -0.02803 0.72063
0.01899 -0.03420 0.74482
0.02016 -0.01556 0.71265
0.03183 -0.03529 0.73085
0.02280 -0.01844 0.72666
-0.00923 -0.06463 0.71039
0.05935 -0.04520 0.72917
0.02782 -0.01147 0.71902
0.03142 -0.01430 0.72968
0.02384 -0.01568 0.73245
0.01702 -0.01361 0.72848
-0.00964 -0.02542 0.73320
-0.00386 -0.01332 0.73703
-0.01140 -0.00872 0.73960
-0.03214 -0.02016 0.74272
0.00179 -0.02589 0.74892
0.00724 -0.02361 0.74915
0.01651 -0.01254 0.75133
0.03543 -0.03600 0.74927
0.04795 -0.04173 0.75035
0.03666 -0.06776 0.74285
-0.02720 -0.01823 0.74908
0.01982 -0.01580 0.75194
0.00869 -0.00801 0.75686
0.01508 -0.03515 0.75374
0.01469 -0.02992 0.75528
0.05385 -0.03503 0.74170
0.00554 -0.03671 0.73494
-0.01339 0.00051 0.74523
0.05542 -0.03761 0.71983
-0.00184 -0.02422 0.73057
0.01919 -0.01717 0.70029
0.00000 -0.02434 0.68993
0.03009 -0.04142 0.69526
0.02326 -0.03392 0.68273
0.03647 -0.04710 0.68380
0.03278 -0.01039 0.69681
0.04411 -0.00760 0.68907
0.06831 -0.01154 0.69864
0.04711 -0.01857 0.69179
0.03592 0.00474 0.68982
0.02152 0.00284 0.70976
0.06262 -0.03196 0.69230
0.06852 -0.07387 0.68490
0.05563 -0.04190 0.71049
0.00151 -0.00855 0.69091
0.04154 0.01004 0.72779
0.00487 -0.03132 0.70650
-0.04436 -0.01443 0.70373
-0.01709 -0.01341 0.73204
-0.00472 -0.03007 0.71046
-0.01399 -0.03862 0.72187
0.02188 -0.03863 0.75309
0.00628 -0.01627 0.73674
0.04804 -0.04441 0.75925
0.02811 -0.02448 0.75151
0.01318 -0.02091 0.76197
0.01517 -0.03768 0.77927
-0.01839 -0.02183 0.78283
-0.03037 -0.04669 0.79248
-0.03456 -0.01720 0.80573
0.00476 -0.01930 0.81226
-0.01746 -0.01912 0.82724
-0.02492 -0.00719 0.83754
0.01342 -0.00154 0.84638
0.01953 -0.02530 0.85731
-0.00891 -0.03725 0.86416
0.00192 -0.03849 0.86899
0.01733 -0.05328 0.88891
0.02092 0.02726 0.89809
0.00017 -0.00414 0.90712
-0.00376 -0.01280 0.91443
0.00663 -0.01318 0.92245
-0.03537 -0.04442 0.93346
-0.00662 -0.03692 0.94393
-0.00439 -0.04516 0.95604
0.00614 -0.02942 0.95778
0.00338 -0.00417 0.97157
0.00746 -0.02574 0.97954
-0.00859 -0.04219 0.98494
0.00251 -0.01755 0.99451
0.00900 -0.02561 1.00200
-0.00235 -0.03673 1.00209
0.00802 -0.01870 1.00616
0.00560 -0.03219 1.00820
-0.01314 -0.00657 1.01318
-0.01955 -0.08969 1.00889
0.00730 0.02682 1.01413
-0.01295 -0.06693 1.01984
-0.00102 0.03969 1.02216
-0.02414 -0.05345 1.01571
-0.04179 -0.01609 1.01677
-0.12727 -0.06754 1.00943
-0.07506 -0.04670 1.01644
-0.06683 -0.05091 1.01698
-0.09059 -0.05018 1.01445
-0.06329 -0.07481 1.01118
-0.06636 -0.06087 1.01485
-0.05734 -0.03616 1.01322
-0.06288 -0.04185 1.01813
-0.06871 -0.00058 1.01452
-0.04479 -0.01353 1.01441
-0.02071 -0.00197 1.02085
-0.00163 -0.03083 1.01006
0.01335 -0.04264 1.00587
0.00684 -0.07490 1.00585
-0.03075 -0.05209 1.00536
-0.02871 -0.06447 1.00397
-0.00679 -0.01406 1.01054
-0.01952 -0.02003 1.00716
-0.00279 -0.04080 1.00139
-0.03318 -0.05789 1.00683
0.02544 -0.03612 1.00174
0.04274 -0.04897 1.00695
-0.02714 -0.02464 1.00317
-0.05800 -0.04031 0.99779
0.00358 -0.02758 1.00530
-0.05075 -0.02430 0.99897
0.05397 -0.02845 1.00469
0.00735 0.00852 1.00567
0.01047 0.00238 1.01319
-0.02821 -0.03398 0.99494
-0.01114 -0.02879 0.99979
-0.03420 -0.05972 0.99788
-0.03097 -0.04537 1.00153
-0.00295 -0.04540 1.00070
-0.01906 -0.02954 1.00586
-0.01912 -0.03315 1.00674
-0.04537 -0.04891 1.00175
-0.02681 -0.04870 1.00048
-0.04303 -0.02404 1.00066
-0.04733 -0.03129 1.00039
-0.02525 -0.03136 0.99733
-0.09305 0.00245 0.99001
-0.03495 -0.02125 0.99201
-0.08387 -0.04269 0.98524
-0.03968 -0.05130 0.98431
-0.01183 -0.02042 0.98445
-0.02500 -0.02746 0.98131
-0.02472 -0.00661 0.97488
-0.03177 -0.02450 0.97765
-0.03567 -0.02330 0.97357
-0.04277 -0.02983 0.96701
-0.02872 -0.04355 0.97706
-0.04091 -0.03952 0.92966
-0.05728 -0.04935 0.94041
-0.04203 -0.04048 0.92864
-0.05778 -0.06258 0.91643
-0.06414 -0.04557 0.90067
-0.07242 -0.07327 0.87772
-0.06634 -0.06494 0.85930
-0.03966 -0.03469 0.83205
-0.03171 -0.01905 0.80660
-0.04355 -0.03825 0.78962
0.04282 -0.07550 0.75810
-0.04341 -0.05394 0.73590
-0.02887 -0.05425 0.71510
-0.00263 -0.03517 0.69921
0.00495 -0.04706 0.69324
0.00785 -0.01065 0.69690
0.02020 -0.00418 0.69385
0.00555 -0.02480 0.68309
-0.00576 -0.03425 0.67228
-0.01115 -0.01759 0.67000
0.00533 -0.00147 0.66246
0.07889 -0.00715 0.65100
0.04269 -0.01603 0.66403
0.04627 -0.01022 0.63804
0.01770 -0.00965 0.65464
0.02319 -0.01186 0.62538
0.03944 -0.00530 0.65664
0.03144 -0.01961 0.62202
0.02899 -0.01933 0.61566
0.04421 -0.01656 0.65583
0.02992 -0.00850 0.61711
0.06537 0.02844 0.66214
0.04707 -0.01203 0.63092
0.05581 -0.00968 0.63791
0.01672 -0.00370 0.68397
0.03686 -0.01769 0.64471
0.04676 -0.02914 0.69094
0.04214 -0.02084 0.65755
0.02237 -0.02366 0.65637
0.01152 0.00026 0.70172
0.00206 -0.02519 0.67086
-0.04152 -0.01920 0.70518
-0.01508 -0.03441 0.69414
0.03883 -0.03295 0.70606
-0.00716 -0.04361 0.73736
-0.01050 -0.03664 0.73540
-0.02903 -0.01689 0.75417
-0.01296 -0.01581 0.76898
-0.04135 -0.03207 0.77562
-0.02797 -0.02113 0.80530
-0.00838 -0.02337 0.80662
0.01513 -0.01932 0.82896
0.00632 -0.01749 0.84272
0.00254 -0.01110 0.86108
-0.03515 -0.00244 0.87591
-0.02775 -0.00597 0.89235
-0.03226 -0.02806 0.90891
-0.01226 -0.01922 0.92145
-0.01819 -0.01441 0.93593
-0.02034 -0.00898 0.94094
-0.02227 -0.02678 0.95787
-0.01661 -0.02461 0.96965
-0.02594 -0.01830 0.97586
-0.03663 -0.03104 0.99137
-0.02592 -0.01123 0.99774
-0.02507 -0.02907 1.00559
-0.03731 -0.02603 1.01755
-0.01576 -0.06901 1.02610
-0.02053 -0.02096 1.03215
-0.03338 -0.03314 1.04050
-0.04880 -0.00849 1.03889
-0.02707 -0.00553 1.05132
-0.03599 -0.00741 1.04765
-0.12763 -0.01447 1.04539
-0.05330 0.00719 1.05386
-0.09432 -0.01156 1.05724
-0.02331 -0.02242 1.05943
-0.03725 -0.02768 1.05887
-0.01910 -0.02628 1.06650
-0.03404 -0.03014 1.06870
-0.02133 -0.02904 1.06802
-0.00189 -0.02209 1.06339
-0.00243 -0.02486 1.07246
-0.01124 -0.02325 1.05862
-0.01761 -0.03698 1.06734
-0.02097 -0.02846 1.07229
-0.03331 -0.03085 1.06695
-0.02741 0.00111 1.07128
-0.05836 -0.03490 1.06575
-0.01327 -0.02650 1.06345
-0.01174 -0.04948 1.07377
-0.00438 -0.02880 1.07402
-0.01023 -0.04501 1.07779
0.00722 -0.04933 1.08555
-0.01957 -0.04962 1.08449
0.01038 -0.03863 1.09474
-0.04343 -0.00931 1.09694
-0.03820 -0.02803 1.10749
-0.05930 -0.01795 1.10963
-0.05287 -0.01591 1.11383
-0.04310 -0.00760 1.11774
-0.02829 -0.03376 1.12023
-0.02588 -0.03310 1.12368
-0.02703 -0.04661 1.13040
-0.06321 -0.02857 1.13416
-0.06991 -0.03521 1.13895
-0.05160 -0.01114 1.14509
-0.02493 -0.02437 1.15915
-0.01570 -0.05005 1.15561
-0.03378 -0.04724 1.16215
-0.03182 -0.02863 1.16753
-0.02448 -0.00930 1.17841
-0.01815 -0.00833 1.18620
-0.01604 0.00890 1.19406
-0.04316 -0.03464 1.20021
-0.02679 -0.04830 1.19892
-0.02174 -0.02783 1.21080
-0.05929 -0.04951 1.21455
0.01221 -0.00439 1.22640
-0.01042 -0.03539 1.22725
-0.00200 -0.00650 1.23507
-0.01203 -0.03583 1.24520
-0.00276 -0.02215 1.25553
-0.00218 -0.04157 1.25542
0.00393 -0.04831 1.25717
-0.01534 -0.03241 1.26111
-0.02996 -0.04079 1.26840
0.01910 -0.00897 1.27322
-0.00608 -0.05730 1.27942
0.02030 -0.04896 1.28519
0.01308 -0.05965 1.28148
0.01672 -0.03465 1.28826
0.00288 -0.01188 1.29857
-0.01705 -0.01335 1.30540
0.00187 -0.00490 1.30371
0.01346 -0.06474 1.30344
0.01524 -0.03581 1.29411
-0.00162 -0.05234 1.29889
-0.00289 -0.02662 1.30326
-0.01596 -0.04383 1.30954
-0.01513 -0.01920 1.32002
-0.01904 -0.04283 1.32164
-0.05969 -0.00666 1.32731
-0.01957 -0.02999 1.33053
-0.02758 -0.03741 1.32770
-0.02718 -0.02467 1.33203
-0.02385 -0.02366 1.34527
-0.00902 -0.02809 1.34907
-0.02039 -0.03176 1.35615
-0.00074 -0.03028 1.36112
0.01059 -0.05744 1.36424
0.00419 -0.04387 1.36260
0.01885 -0.01991 1.36653
-0.01625 -0.00523 1.36866
-0.04464 -0.01399 1.36554
-0.02911 -0.01112 1.37484
-0.03440 -0.07663 1.37197
-0.03024 -0.06310 1.37855
-0.06571 -0.02063 1.37806
-0.03111 -0.05279 1.38040
-0.14049 -0.00295 1.39019
-0.00103 -0.06850 1.39438
-0.05183 -0.03891 1.40097
-0.01563 -0.07104 1.40589
-0.01663 -0.06094 1.41715
0.00526 -0.04984 1.42350
-0.02305 -0.04474 1.43473
-0.01199 -0.02547 1.43385
0.00411 -0.04420 1.43833
0.00854 -0.04082 1.44462
-0.05599 -0.07109 1.44316
-0.02187 -0.06513 1.44286
-0.00401 -0.04790 1.45342
0.02224 -0.04176 1.45712
-0.00213 -0.01686 1.46240
-0.00158 -0.03264 1.47335
-0.01196 -0.03185 1.46970
0.01834 -0.08620 1.47740
-0.00150 -0.06156 1.46369
-0.01391 -0.03002 1.47563
-0.00318 -0.03575 1.47339
-0.01260 -0.03107 1.47766
-0.01723 -0.01515 1.47837
-0.01282 -0.01454 1.47090
0.03945 -0.08403 1.47548
-0.02721 -0.05687 1.47154
-0.00535 -0.01869 1.47915
-0.01794 -0.05590 1.47660
-0.01697 -0.05766 1.47201
-0.01243 -0.06736 1.48153
-0.03353 -0.03108 1.47285
-0.20325 -0.04911 1.45184
-0.02121 -0.04159 1.46911
-0.00360 -0.04322 1.46634
-0.03087 -0.04414 1.47046
-0.09695 -0.06651 1.46506
-0.03846 -0.06373 1.45991
-0.04999 -0.06263 1.46186
-0.04485 -0.02502 1.46477
-0.04875 -0.01385 1.46689
-0.04011 -0.02371 1.46871
-0.02455 -0.02471 1.46604
-0.06294 -0.04692 1.46571
-0.01936 -0.01624 1.46447
-0.02850 -0.06105 1.45945
-0.01425 -0.05423 1.45498
-0.04427 -0.02523 1.46034
-0.06195 -0.02957 1.45472
-0.04027 -0.08870 1.45201
-0.05026 -0.04069 1.45433
-0.04492 -0.04910 1.45676
-0.05454 -0.01820 1.45685
-0.04793 -0.02669 1.45497
-0.01420 -0.03014 1.46155
-0.03997 -0.06151 1.44577
-0.03145 -0.02931 1.44853
-0.03156 -0.06762 1.45470
-0.05477 -0.01090 1.45636
0.00742 -0.02200 1.45657
-0.03691 -0.04044 1.43947
0.01587 -0.06629 1.44028
-0.05974 -0.05715 1.43948
-0.01502 -0.06585 1.44508
-0.09287 -0.04937 1.43942
-0.03568 -0.02977 1.44591
-0.07814 -0.04771 1.43859
-0.03354 -0.03989 1.44309
-0.03733 -0.05697 1.43496
-0.03643 -0.02289 1.44304
-0.04402 -0.05466 1.44534
-0.00994 -0.05610 1.44838
-0.00516 -0.05610 1.44737
-0.02068 -0.01857 1.44833
-0.04250 -0.02106 1.45471
-0.04271 -0.01375 1.45174
-0.02846 -0.02498 1.45388
-0.03189 -0.04963 1.45262
-0.03127 -0.04228 1.45473
-0.02692 -0.07040 1.45121
0.01681 -0.08485 1.44867
-0.02625 -0.04824 1.45328
-0.01818 -0.04170 1.44807
-0.03374 -0.05091 1.45784
-0.02244 -0.04406 1.44864
-0.01123 -0.03012 1.44752
-0.04800 -0.03111 1.44238
-0.03217 -0.03560 1.44841
-0.04483 -0.04105 1.44562
-0.04532 -0.05257 1.44762
-0.03120 -0.04992 1.45788
-0.02724 -0.04230 1.45478
-0.00719 -0.05255 1.45968
-0.01119 -0.03472 1.44739
0.01036 -0.05443 1.44096
-0.02957 -0.02855 1.43961
-0.02695 -0.02097 1.44293
-0.02492 -0.02303 1.43987
-0.02126 -0.03060 1.43581
-0.00691 -0.04031 1.43011
-0.03099 -0.05573 1.43175
-0.02081 -0.05753 1.42553
-0.02997 -0.03397 1.43393
-0.01824 -0.03918 1.42859
-0.00855 -0.03084 1.42527
-0.00133 -0.05464 1.42757
-0.02259 -0.03615 1.42901
-0.01537 -0.06334 1.42787
-0.00632 -0.03411 1.42380
-0.00449 -0.05878 1.42794
-0.04215 -0.03835 1.43405
-0.04874 -0.07572 1.42725
-0.01901 -0.05965 1.43158
-0.03836 -0.10339 1.42405
0.00984 -0.07029 1.42289
-0.00483 -0.05796 1.41850
-0.06610 -0.02435 1.41628
-0.07241 -0.03200 1.41471
-0.01294 -0.04592 1.42245
-0.00900 -0.06053 1.41798
0.00868 -0.02852 1.41804
0.02252 -0.03890 1.42434
0.03286 -0.05087 1.42658
-0.00971 -0.00885 1.43261
-0.00938 -0.04778 1.43235
-0.00959 -0.04107 1.43070
0.00415 -0.03900 1.42812
0.01276 -0.00625 1.43356
-0.01072 -0.04778 1.43787
0.01576 -0.05957 1.43252
0.01134 -0.05725 1.43182
-0.01215 -0.06465 1.43538
-0.03703 -0.08078 1.42536
0.01288 -0.05297 1.43596
0.00368 -0.03970 1.43733
-0.01671 -0.04263 1.43819
-0.01794 -0.04377 1.44583
-0.02205 -0.05449 1.44424
-0.08062 -0.01687 1.44242
-0.11091 -0.05200 1.44586
-0.06427 -0.05819 1.45413
-0.31608 -0.01862 1.42580
-0.00766 -0.04072 1.45635
-0.15842 -0.07732 1.45106
-0.03976 -0.01250 1.45706
-0.02891 -0.00631 1.46546
-0.01154 -0.04700 1.46604
-0.01960 -0.03149 1.46216
-0.00788 -0.04731 1.45828
-0.00530 -0.06328 1.46030
-0.00959 -0.02896 1.46840
-0.00379 -0.03286 1.46795
-0.03375 -0.04067 1.47187
-0.00484 -0.01444 1.47198
0.00664 -0.05317 1.46711
0.03268 -0.08389 1.47179
0.00819 -0.04868 1.47310
0.00578 -0.02549 1.47735
0.01614 -0.05057 1.47777
0.01108 -0.06919 1.47479
-0.00399 -0.02172 1.48183
-0.03247 -0.04602 1.48940
-0.00720 -0.09567 1.48977
0.00013 -0.06975 1.49597
-0.00435 -0.05839 1.50551
0.00591 -0.02574 1.49831
-0.03711 -0.03386 1.49296
0.00650 -0.03001 1.49515
-0.00175 -0.03018 1.50421
-0.01004 -0.03372 1.51502
0.01665 -0.05730 1.50566
0.00885 -0.08504 1.48728
-0.03206 -0.04027 1.48198
-0.01048 -0.00704 1.49296
-0.02261 -0.02564 1.50077
-0.02504 -0.01815 1.49457
-0.02236 -0.06946 1.49246
0.02153 -0.05803 1.48921
0.01691 -0.06568 1.49955
0.08568 -0.08529 1.50325
-0.01976 -0.07703 1.50672
-0.03645 -0.05545 1.49902
-0.03979 -0.01203 1.49782
-0.02122 -0.04825 1.48831
-0.00293 -0.03009 1.49005
-0.05049 -0.02146 1.49047
-0.04311 -0.05449 1.49280
-0.02373 -0.05992 1.49152
-0.02131 -0.07043 1.48466
-0.08983 -0.07990 1.48889
-0.03240 -0.07008 1.48449
-0.02315 -0.04488 1.48585
-0.07861 -0.02263 1.48507
-0.05600 -0.03292 1.48500
-0.05875 -0.04544 1.48443
-0.00419 -0.05414 1.48635
-0.02100 -0.06352 1.48325
-0.01052 -0.10791 1.47574
-0.04895 -0.04917 1.48173
-0.01512 -0.02020 1.48837
-0.01770 -0.03072 1.48436
-0.03509 -0.06736 1.47896
-0.02120 -0.04234 1.49619
-0.02278 -0.03520 1.49239
-0.03357 -0.03787 1.49887
-0.08211 -0.09807 1.48478
-0.07060 -0.10946 1.50258
0.00934 -0.07577 1.49292
-0.02020 -0.06646 1.50545
-0.11285 -0.02440 1.49051
-0.02059 -0.04923 1.49483
-0.10296 -0.08140 1.48429
-0.03487 -0.07271 1.48418
-0.06539 -0.05799 1.48414
-0.11611 -0.08172 1.48894
-0.07842 -0.07294 1.49501
-0.02614 -0.03759 1.49008
-0.01707 -0.04172 1.49020
-0.01149 -0.06272 1.48223
0.02286 -0.13177 1.47328
-0.03416 -0.03298 1.47599
-0.03115 -0.07142 1.47621
-0.00988 -0.06533 1.46457
-0.00317 -0.11762 1.46062
-0.00368 -0.06967 1.46277
-0.03465 -0.03501 1.46928
-0.10413 0.04991 1.48004
-0.17459 0.01930 1.45852
-0.10694 -0.00685 1.45562
-0.02362 -0.08338 1.43179
-0.02791 -0.05094 1.42201
-0.03696 -0.01992 1.41448
-0.04438 0.02196 1.40260
-0.04639 -0.00991 1.38227
-0.06452 -0.01263 1.36033
-0.06548 -0.01211 1.34699
-0.06290 -0.04521 1.33026
0.07487 -0.20045 1.29884
-0.06489 -0.08035 1.28668
-0.05495 -0.04066 1.27465
-0.12283 -0.05705 1.26285
-0.06502 -0.07765 1.22635
-0.08894 -0.08974 1.20629
-0.07412 -0.00128 1.20226
-0.07549 -0.03320 1.17850
-0.07168 -0.08328 1.14138
-0.04391 -0.05272 1.10210
-0.07027 -0.02609 1.07562
-0.00043 -0.05558 1.05067
-0.00693 -0.05247 1.02238
0.05465 -0.09933 0.97568
-0.01110 -0.05793 0.94509
-0.07606 -0.08256 0.90172
-0.03126 -0.05791 0.88139
-0.07788 -0.05686 0.84120
-0.02932 -0.05830 0.81386
-0.00912 -0.05883 0.78722
-0.01049 -0.01534 0.76042
0.01235 -0.01097 0.73427
0.01963 -0.01216 0.70738
-0.04484 -0.06529 0.67174
0.01933 -0.03001 0.64749
0.01255 -0.00541 0.62087
0.03297 0.02178 0.60105
0.02613 0.02013 0.59782
0.11022 -0.00709 0.57754
0.04032 0.00051 0.58086
0.06134 -0.01476 0.56681
0.05587 -0.00662 0.56266
0.04170 -0.00348 0.54615
0.03406 0.00213 0.54133
0.03917 0.00787 0.53303
-0.00476 0.00097 0.52585
0.03661 -0.00916 0.50550
0.02635 -0.01275 0.50712
-0.00715 -0.01144 0.50862
0.03143 -0.01613 0.50287
0.02942 -0.02086 0.50714
0.01672 -0.01520 0.50482
0.03323 -0.00849 0.50599
0.03300 -0.00462 0.51902
0.03334 -0.00074 0.51905
0.03039 0.00114 0.53002
0.04390 -0.00624 0.53574
0.02343 -0.00650 0.54413
0.06297 -0.01318 0.54963
0.01869 -0.01693 0.55849
0.04385 -0.01147 0.56297
0.05248 -0.01215 0.57535
0.03280 -0.00798 0.58259
0.03408 -0.00730 0.59239
0.03483 -0.00812 0.60764
0.03640 -0.01273 0.61237
0.00866 -0.00969 0.62810
-0.00060 -0.01203 0.63391
0.01037 -0.03817 0.65327
0.03332 -0.02187 0.65917
0.04961 -0.04822 0.66936
0.02554 -0.03465 0.67945
0.01548 -0.02423 0.69427
-0.02172 -0.01037 0.70602
-0.01698 -0.01247 0.71736
-0.00951 -0.00691 0.72899
0.02326 -0.02099 0.73443
0.05973 0.00027 0.74656
0.03616 -0.01145 0.75622
0.02750 -0.00078 0.76788
0.03196 -0.00625 0.77084
0.00565 -0.03114 0.78292
0.03089 -0.01861 0.79304
0.02282 -0.00932 0.80429
-0.01084 -0.00693 0.81445
-0.01335 -0.03805 0.82181
0.00414 -0.01790 0.83103
0.02496 -0.03344 0.84408
0.03070 -0.00880 0.85343
0.01607 -0.01324 0.85866
-0.02521 -0.01733 0.86415
0.00213 -0.03776 0.85746
-0.00057 -0.04716 0.85047
0.01071 -0.03535 0.84128
0.00830 -0.01307 0.83849
-0.00514 -0.00409 0.82901
-0.00118 -0.00399 0.82166
0.00861 -0.03143 0.81031
-0.00567 -0.03231 0.79941
-0.01706 -0.05012 0.78866
-0.02954 -0.03185 0.77746
-0.08361 -0.03093 0.76445
-0.01420 0.00467 0.76563
-0.03942 0.01648 0.76167
-0.01280 0.00541 0.75257
-0.02184 -0.03091 0.73730
0.00210 -0.01878 0.72732
-0.08962 0.00186 0.71975
-0.03442 0.01099 0.72148
-0.06049 0.01313 0.71160
-0.01248 -0.02201 0.70940
-0.06948 -0.02921 0.69610
-0.02444 -0.03737 0.69848
-0.02163 -0.04016 0.70474
0.09001 -0.02045 0.70686
-0.00222 0.00429 0.71798
0.00720 0.00383 0.72209
0.00981 -0.01583 0.71972
0.00734 -0.02346 0.72100
-0.02814 -0.03207 0.71873
