0.48900
3.77542
0.19304
1.20916
7.75004
0.17233
4.17613
0.12401
0.34823
0.19271
0.70391
0.30918
0.13717
0.41645
0.13974
0.44542
0.35082
0.21583
2.78030
0.53866
0.29374
2.12852
0.75501
0.86906
0.23707
0.38003
0.31050
0.17868
0.23924
0.12328
1.17908
1.12368
5.76881
0.29410
0.34438
0.33471
0.10680
0.45617
0.17255
0.76169
0.63531
0.46124
0.17331
0.50322
1.17129
8.36776
10.86290
0.98519
0.89607
2.48593
0.16743
11.46912
0.32439
15.30550
0.15337
1.46301
0.95859
6.94689
0.27123
2.07223
0.41996
0.54119
0.26475
0.83485
2.09294
2.86319
0.36870
0.23518
0.12972
0.57390
0.14148
0.13157
1.61519
4.92472
0.25465
0.19136
0.80667
0.37211
3.71256
0.12492
1.42005
1.82799
0.11866
1.07694
1.17786
0.26591
0.25978
4.92221
0.14499
0.30108
0.20142
1.35241
1.72110
0.28417
0.91247
0.31616
1.11545
4.84356
0.16108
1.05978
