0.28983 100.29298 60.19393
0.29338 100.04352 60.02880
0.35038 117.20775 71.75282
0.35664 116.46914 71.23139
0.37213 117.86708 72.21972
0.36014 111.31882 67.64116
0.40814 120.75703 74.28295
0.12023 33.80243 19.46077
0.38472 106.79556 64.54923
0.28888 77.38510 45.52666
0.07946 20.59837 11.82296
0.43642 110.57559 67.12936
0.41803 103.80486 62.53366
0.42978 102.94756 61.95986
0.38599 90.00732 53.49206
0.51339 115.94178 70.86014
0.53056 117.07826 71.66127
0.50387 107.46802 65.00550
0.53834 111.64874 67.86885
0.33448 66.54187 38.86661
0.60108 119.05733 73.06614
0.57953 110.29765 66.93835
0.08273 15.43420 8.85195
0.55537 100.97392 60.64539
0.01488 2.65403 1.52069
0.64543 113.45069 69.11785
0.63371 109.09232 66.11243
0.08157 13.83447 7.93290
0.09269 15.27261 8.75909
0.16341 26.52545 15.24288
0.16864 26.75599 15.37615
0.05245 8.16144 4.67746
0.27604 42.05447 24.27663
0.16331 24.40555 14.01829
0.27603 40.39048 23.30231
0.36626 51.39188 29.77944
0.22897 33.17560 19.09649
0.61844 85.88306 50.86092
0.72147 97.91561 58.62570
0.53725 71.85140 42.10914
0.87339 114.58532 69.90912
0.90458 117.32672 71.83696
0.89024 112.94159 68.76403
0.92628 116.60884 71.32988
0.38622 46.97478 27.16838
0.86878 107.50928 65.03353
0.07151 8.63142 4.94698
0.18369 22.07215 12.67222
0.83713 99.24578 59.50164
0.92584 108.80009 65.91277
0.93263 107.90827 65.30485
0.65954 75.69189 44.47658
0.29776 33.51829 19.29562
0.76049 84.59896 50.04761
0.82736 91.06719 54.17310
0.09484 10.32560 5.91876
0.94366 101.60553 61.06509
0.86618 91.94576 54.73922
0.04057 4.24847 2.43438
0.98577 101.69989 61.12786
1.13196 116.14794 71.00517
0.88286 87.63868 51.97734
0.80682 78.74213 46.37117
0.01109 1.07579 0.61638
0.05124 4.91087 2.81400
1.09351 103.68950 62.45634
0.24202 22.74412 13.05967
1.20737 112.87143 68.71532
1.03697 96.77680 57.87876
1.07263 100.33532 60.22197
1.16266 108.88190 65.96864
0.58711 55.13015 32.00159
0.83740 77.80121 45.78533
0.94509 87.81701 52.09104
1.03807 96.18615 57.49242
0.44032 40.96326 23.63749
1.09238 102.46244 61.63593
0.20260 19.08245 10.95010
0.54408 51.38506 29.77540
1.18126 110.64837 67.17941
0.06919 6.45945 3.70163
1.00154 93.02111 55.43411
1.19193 110.78977 67.27669
1.23169 114.48887 69.84171
1.07926 100.04067 60.02691
0.25170 23.44464 13.46374
1.22420 112.78995 68.65879
0.09507 8.85564 5.07557
1.23360 113.99476 69.49680
0.69017 63.61467 37.09290
0.87320 80.05114 47.18833
0.58582 53.62130 31.10325
0.18130 16.55142 9.49412
1.16727 104.92501 63.28601
1.26530 114.11177 69.57841
1.06778 97.44822 58.31881
0.04917 4.41457 2.52957
0.02496 2.23595 1.28113
0.13911 12.35319 7.08236
0.11979 10.60011 6.07626
0.08242 7.22429 4.14011
1.05558 92.61612 55.17214
1.13513 99.27411 59.52033
0.10026 8.74592 5.01264
1.05486 91.59702 54.51433
0.13712 11.83382 6.78424
1.05286 90.42017 53.75710
1.31564 112.51173 68.46586
0.97876 83.63454 49.43855
1.34387 114.81499 70.06975
1.30162 109.88591 66.65577
0.04882 4.10162 2.35022
0.02366 1.98622 1.13804
1.24539 104.30376 62.86837
1.10504 91.75612 54.61690
1.32659 110.38162 66.99603
1.22430 101.27502 60.84535
1.23888 101.78343 61.18346
0.97655 79.87283 47.07687
0.25641 20.93290 12.01568
1.03977 84.77488 50.15888
1.13250 92.05683 54.81089
1.40876 114.06645 69.54680
0.16211 13.09862 7.51033
0.08133 6.53900 3.74724
0.49047 39.37878 22.71076
0.50560 40.51157 23.37315
0.03451 2.74812 1.57461
0.14458 11.56269 6.62863
1.05824 83.59009 49.41051
0.24047 18.95872 10.87888
0.95324 74.94328 44.01357
1.16067 91.17645 54.24343
1.48810 117.06643 71.65291
1.36263 106.87268 64.60150
1.46108 114.67111 69.96911
0.71877 56.26654 32.67952
0.59074 46.63970 26.97091
0.24779 19.47078 11.17363
1.38061 105.21931 63.48418
0.04486 3.68192 2.10971
0.53293 42.47220 24.52150
0.01296 1.03658 0.59392
0.01462 1.17221 0.67163
0.01961 1.58594 0.90869
0.34228 28.19731 16.20987
0.17430 14.48863 8.30865
1.23457 102.94266 61.95659
0.06016 5.06169 2.90044
0.16527 14.04270 8.05250
0.77740 66.82344 39.03773
0.07043 6.11062 3.50167
1.02826 90.20632 53.61978
0.08380 7.39079 4.23557
1.16216 103.08087 62.04897
1.29717 115.21215 70.34790
1.25707 112.11616 68.19195
0.10701 9.58740 5.49528
1.09293 98.19231 58.80761
0.10624 9.57920 5.49058
1.10656 100.48752 60.32280
1.26199 115.04465 70.23054
1.19338 109.14318 66.14720
1.21302 110.57982 67.13227
1.23498 112.62227 68.54249
1.16427 106.55123 64.38374
0.07289 6.70668 3.84337
0.05164 4.76905 2.73272
0.02244 2.10691 1.20719
0.31503 29.81057 17.14408
1.17932 112.27642 68.30287
1.12927 108.32623 65.58949
0.08057 7.78144 4.45956
1.12701 110.36924 66.98752
0.88041 86.82628 51.46007
1.04415 104.03944 62.69096
1.06689 107.26086 64.86482
0.55334 55.97943 32.50813
0.20363 20.77973 11.92743
0.05260 5.41878 3.10511
0.07076 7.35817 4.21687
0.09656 10.13133 5.80731
0.01437 1.52256 0.87237
0.09822 10.68118 6.12278
0.87515 95.79021 57.23383
0.94789 106.46944 64.32837
0.18672 21.06917 12.09418
0.05038 5.75250 3.29640
0.03236 3.69353 2.11635
0.04285 4.93054 2.82528
0.00529 0.62793 0.35978
0.92977 109.80750 66.60202
0.87988 104.48655 62.99115
0.18374 21.74421 12.48319
0.74911 89.31505 53.04834
0.68398 81.35147 48.00260
0.51077 60.73592 35.35749
0.46757 55.78981 32.39498
0.89269 106.81414 64.56182
0.96163 114.70009 69.98937
0.03405 3.99211 2.28746
0.03989 4.82832 2.76669
0.09456 11.19109 6.41537
0.67566 79.69513 46.96584
0.78189 91.29226 54.31799
0.00885 1.03309 0.59192
0.90600 103.91941 62.61045
0.16195 18.33765 10.52148
0.08116 9.04130 5.18205
0.01387 1.54267 0.88389
0.05940 6.51845 3.73546
1.04443 112.73496 68.62063
0.74410 79.26731 46.69872
1.02544 107.92630 65.31711
1.07819 112.10906 68.18703
0.99796 102.63856 61.75347
1.10107 111.92708 68.06117
0.87177 87.60123 51.95347
1.17671 114.78350 70.04772
0.87120 87.11353 51.64284
1.16369 112.57962 68.51292
1.20104 114.89539 70.12602
1.12658 106.26183 64.18790
1.02727 96.76233 57.86929
0.70425 65.30682 38.11709
0.85296 78.03882 45.93315
0.12029 10.94657 6.27506
0.07695 6.88538 3.94581
0.09441 8.35215 4.78682
0.03215 2.82465 1.61846
0.18070 15.67658 8.99124
0.08929 7.67391 4.39791
0.07482 6.33793 3.63197
1.15655 96.46911 57.67741
1.25582 104.30747 62.87086
1.20301 97.87973 58.60213
0.06947 5.67794 3.25365
0.06524 5.25907 3.01357
1.40946 113.06934 68.85274
1.40445 111.97834 68.09661
1.45476 114.20535 69.64371
1.23462 96.15025 57.46896
1.44317 112.05849 68.15205
1.26746 97.59094 58.41248
0.34326 26.14324 15.02196
1.15853 87.52513 51.90497
1.19528 89.27443 53.02232
0.18843 14.01774 8.03817
1.42766 104.40541 62.93664
0.67301 48.84202 28.27031
1.47606 107.09594 64.75290
1.13178 81.57586 48.14337
1.59538 113.94508 69.46216
1.19511 84.87018 50.21917
0.76163 53.56644 31.07062
1.52432 106.95906 64.66006
1.55962 108.37886 65.62537
0.15768 10.88140 6.23766
1.52749 105.62495 63.75768
1.06902 72.66851 42.61123
0.20349 13.86115 7.94823
1.57736 106.03186 64.03244
1.37008 92.14053 54.86492
0.07363 4.94286 2.83234
1.65665 110.15764 66.84221
1.65858 110.46948 67.05641
1.09698 72.78960 42.68571
1.71229 113.51658 69.16369
1.71546 113.25000 68.97827
1.57057 103.36034 62.23592
1.75115 114.58182 69.90667
0.88987 58.26715 33.87588
1.64291 107.57152 65.07583
1.77009 115.67068 70.66963
1.76607 114.75729 70.02938
1.50957 98.18594 58.80341
1.76140 113.99670 69.49815
1.74228 113.07132 68.85411
0.64184 41.67127 24.05210
0.49009 32.09268 18.46759
1.73091 114.27803 69.69444
1.75528 117.10319 71.67889
1.67889 113.31215 69.02148
0.70532 47.53129 27.49653
1.15958 79.01944 46.54407
0.70134 48.17449 27.87608
1.59548 110.76604 67.26036
0.55392 38.86796 22.41232
1.39056 98.18902 58.80544
1.38047 98.87991 59.26033
1.47373 106.11473 64.08845
0.04094 2.98347 1.70946
0.87943 64.72645 37.76546
1.35510 100.46686 60.30911
0.14960 11.23100 6.43828
0.07452 5.70545 3.26943
0.48535 37.43317 21.57486
1.22696 95.14157 56.81090
1.51537 118.44888 72.63288
0.04567 3.61058 2.06882
1.37033 109.15188 66.15315
1.05522 84.61156 50.05558
0.02005 1.61897 0.92761
1.05920 86.38220 51.17780
0.34169 28.14937 16.18213
0.36817 30.59889 17.60100
1.01286 84.79127 50.16924
1.05138 88.43793 52.48735
0.27917 23.39640 13.43592
0.70587 61.94295 36.08408
0.16445 14.41559 8.26669
0.19167 17.03291 9.77098
0.11371 10.18435 5.83773
0.09222 8.37917 4.80231
0.13878 12.81780 7.34910
1.07030 99.14306 59.43386
1.05735 97.83077 58.56997
0.08867 8.24538 4.72560
0.05311 5.02462 2.87920
1.11218 106.50524 64.35260
0.01807 1.74558 1.00016
0.71600 69.71816 40.80229
0.23162 22.59912 12.97605
0.77945 76.72977 45.11977
0.22540 22.28761 12.79644
0.36099 35.95094 20.71094
0.18077 17.92869 10.28619
0.81988 81.51939 48.10794
0.85404 86.33876 51.15020
0.86658 87.52314 51.90370
0.39275 39.63138 22.85840
0.06274 6.33837 3.63223
0.06275 6.35417 3.64128
0.18558 18.85270 10.81786
0.04346 4.45374 2.55201
0.22103 22.71423 13.04244
0.07766 7.98593 4.57682
0.54510 56.09111 32.57479
0.84754 87.55502 51.92402
0.71087 73.42030 43.07394
0.26281 27.19041 15.62735
0.09938 10.27368 5.88898
0.14293 14.84645 8.51422
0.99001 103.23879 62.15458
0.07797 8.14607 4.66864
0.26181 27.45298 15.77922
0.39678 41.75936 24.10370
0.61547 65.13506 38.01299
0.14324 15.19536 8.71470
0.01639 1.73474 0.99394
1.00564 106.00371 64.01342
0.95049 99.86259 59.90911
0.32472 33.89390 19.51395
0.23802 24.67675 14.17486
0.66635 68.70394 40.18292
0.01445 1.48379 0.85016
0.68530 70.02362 40.98908
0.01932 1.96657 1.12678
0.05994 6.07028 3.47855
0.96252 97.49219 58.34767
1.15748 117.01162 71.61419
0.08397 8.48219 4.86140
1.11243 112.08195 68.16828
0.99354 99.59289 59.73084
1.15171 115.09422 70.26526
0.95756 97.49272 58.34801
1.04550 105.64517 63.77132
0.78453 79.18198 46.64547
0.78001 78.59776 46.28120
0.07991 8.08678 4.63465
0.03230 3.25779 1.86666
0.08108 8.19139 4.69464
0.08607 8.72898 5.00293
0.89614 90.54594 53.83791
0.61589 62.39754 36.35812
0.09355 9.45659 5.42025
0.94278 95.47244 57.02653
0.71775 72.80798 42.69702
0.13297 13.54970 7.76936
0.06558 6.68796 3.83263
0.32233 33.01467 19.00299
0.95994 98.76884 59.18713
0.12119 12.51632 7.17601
0.29245 30.44467 17.51159
0.95812 99.43387 59.62580
0.31750 32.87940 18.92441
0.73155 77.54791 45.62784
1.11545 117.54054 71.98831
0.05868 6.21504 3.56153
0.56636 59.68767 34.72766
0.87543 93.30866 55.62030
0.94878 101.07120 60.70998
0.55392 59.36464 34.53379
0.77044 82.27738 48.58398
0.16911 18.02888 10.34383
0.41636 44.23451 25.55583
0.06963 7.40349 4.24286
0.80757 85.49042 50.61195
0.09764 10.25713 5.87948
0.02853 2.97470 1.70444
0.11738 12.29472 7.04880
0.02099 2.19806 1.25942
0.02869 3.00973 1.72451
0.08086 8.45677 4.84682
0.02007 2.08365 1.19387
0.05479 5.69759 3.26492
0.09336 9.68180 5.54943
0.12030 12.46919 7.14896
0.14268 14.70020 8.43020
0.05982 6.15404 3.52656
0.34697 35.99228 20.73502
0.03697 3.79499 2.17450
0.06722 6.86398 3.93354
1.06987 108.49785 65.70651
0.04780 4.84148 2.77424
1.10721 112.28878 68.31142
0.02587 2.62291 1.50286
0.01977 2.00842 1.15076
0.27676 28.07176 16.13722
1.07255 109.00748 66.05444
0.02841 2.90027 1.66179
0.97379 99.41857 59.61570
0.99845 102.02835 61.34655
0.13500 13.70604 7.85914
0.61894 63.32124 36.91561
0.60032 61.42596 35.77269
0.00205 0.21046 0.12059
0.05640 5.71730 3.27622
0.04443 4.62019 2.64741
1.12659 115.02247 70.21500
1.01418 103.98204 62.65246
1.07783 110.79673 67.28148
1.01556 102.88879 61.92059
0.69906 72.04452 42.22774
0.80923 80.88931 47.71290
0.70908 72.91405 42.76228
0.67494 67.89041 39.68699
0.23438 23.50374 13.49784
1.01028 100.36728 60.24314
1.05518 104.42115 62.94722
0.92295 90.57338 53.85554
1.08957 107.19601 64.82080
1.11312 108.41836 65.65230
0.06263 6.06536 3.47573
0.92993 90.07622 53.53628
1.04215 100.16143 60.10683
1.21439 116.42728 71.20189
0.02828 2.69433 1.54378
0.02047 1.94267 1.11308
0.02067 1.95172 1.11827
0.17325 16.35696 9.38232
0.04163 3.90152 2.23555
0.64408 60.21645 35.04523
1.11250 103.56233 62.37115
0.77838 72.12510 42.27723
0.20557 18.97343 10.88735
0.78227 71.63672 41.97737
0.37159 34.02925 19.59265
0.37261 33.93492 19.53780
0.13787 12.51784 7.17688
0.01956 1.76851 1.01329
0.01053 0.95161 0.54523
0.10650 9.61740 5.51249
0.44026 39.54862 22.81002
0.94333 84.11494 49.74175
0.55601 49.25818 28.51627
1.06827 94.79255 56.58367
0.30670 27.09774 15.57376
0.07335 6.46953 3.70741
0.03007 2.64498 1.51551
0.02864 2.51268 1.43970
0.07456 6.51653 3.73436
0.17099 14.93214 8.56345
0.09716 8.51241 4.87873
0.23568 20.63827 11.84594
0.15716 13.77348 7.89787
0.87837 76.75565 45.13583
1.05713 92.84971 55.32320
0.06155 5.41668 3.10391
0.37605 33.15373 19.08378
0.08680 7.66517 4.39289
0.04345 3.85913 2.21126
0.54370 48.34570 27.97716
0.59411 52.81230 30.62239
0.35353 31.60496 18.18453
0.06595 5.90469 3.38363
0.01852 1.66229 0.95243
0.07515 6.75386 3.87041
0.05585 5.02659 2.88032
0.11192 10.08711 5.78194
0.10537 9.49814 5.44408
1.08968 98.34024 58.90491
0.06419 5.80120 3.32431
1.12425 101.86121 61.23524
0.93581 85.04223 50.32806
0.68662 62.19904 36.23843
0.12132 11.02670 6.32104
0.15391 13.97022 8.01087
0.09626 8.73084 5.00399
0.13986 12.73329 7.30057
0.21994 20.18122 11.58270
0.24885 22.88674 13.14193
0.12365 11.42286 6.54838
0.15487 14.31657 8.20981
0.06418 5.99429 3.43499
1.07389 101.21410 60.80488
0.91758 87.73156 52.03655
0.78559 76.10648 44.73333
1.00693 99.31814 59.54939
0.05891 5.86640 3.36168
0.22735 23.07110 13.24826
0.39255 40.54716 23.39397
0.14620 15.30421 8.77724
0.28172 29.68705 17.07251
1.03323 108.82605 65.93049
0.87223 92.12825 54.85699
0.33601 35.73114 20.58294
1.01087 107.45187 64.99453
0.75503 80.59143 47.52635
0.39085 41.93868 24.20877
0.11364 12.20993 7.00013
0.09994 10.87328 6.23300
0.11659 12.58877 7.21761
0.14548 15.78237 9.05204
0.10738 11.82003 6.77633
0.01871 2.03235 1.16447
0.52117 56.39074 32.75369
0.93249 102.36818 61.57306
0.91404 98.78633 59.19865
0.48155 52.94460 30.70099
0.95565 103.24344 62.15770
0.02925 3.15312 1.80668
0.02248 2.44892 1.40316
0.05288 5.66803 3.24798
0.49692 52.68116 30.54449
0.88306 93.21475 55.55947
0.49086 51.69355 29.95833
0.03845 4.04661 2.31870
0.00827 0.85856 0.49192
0.09460 9.71194 5.56672
0.07629 7.74235 4.43715
0.22420 22.61246 12.98375
0.07544 7.55997 4.33258
0.02877 2.85236 1.63434
0.07553 7.40679 4.24475
0.06221 6.02646 3.45343
0.05834 5.55769 3.18473
0.09451 8.90898 5.10616
0.06466 6.03360 3.45752
0.03924 3.62972 2.07979
0.06927 6.35285 3.64053
0.07554 6.88998 3.94845
0.05876 5.32996 3.05420
0.45613 41.04030 23.68259
0.74994 67.23057 39.28532
0.11427 10.17695 5.83348
0.49532 44.05955 25.45304
1.20881 107.78803 65.22304
0.19180 17.07476 9.79504
0.13711 12.22402 7.00821
1.16213 103.70464 62.46648
0.16891 15.03862 8.62464
1.12223 99.83352 59.88989
0.05256 4.69187 2.68849
0.29389 26.32345 15.12611
0.90195 81.17103 47.88945
1.23563 111.75741 67.94391
0.24538 22.17480 12.73140
1.08222 98.25856 58.85118
0.24070 21.94278 12.59765
0.20224 18.43905 10.57982
0.06114 5.59597 3.20667
0.17291 15.80738 9.06642
0.06382 5.81384 3.33156
1.17802 106.95688 64.65858
0.72767 66.05336 38.56994
0.01396 1.26535 0.72500
0.09416 8.51392 4.87959
0.32242 29.09022 16.72680
0.23126 20.80986 11.94479
0.12337 11.13066 6.38070
0.00957 0.86378 0.49491
0.09221 8.26840 4.73879
0.06128 5.48880 3.14525
0.44326 39.63661 22.86146
0.04207 3.76086 2.15494
0.17847 15.89916 9.11917
0.95319 84.72433 50.12690
0.12928 11.51901 6.60356
1.13431 101.20859 60.80122
0.14357 12.83285 7.35774
0.02201 1.97541 1.13184
0.10904 9.79326 5.61337
0.03696 3.31675 1.90045
0.12784 11.51850 6.60327
0.05591 5.04697 2.89201
0.10579 9.53769 5.46677
0.51550 46.63853 26.97022
0.38574 35.09345 20.21170
0.62177 56.92240 33.07132
0.05840 5.36906 3.07662
0.19196 17.57973 10.08546
0.16581 15.31066 8.78095
0.38782 35.93427 20.70123
0.03134 2.92599 1.67653
0.03687 3.46873 1.98754
0.02567 2.40828 1.37988
0.27226 25.79307 14.81962
0.87565 83.52544 49.36975
0.03714 3.55343 2.03607
0.92568 88.86086 52.75768
1.06291 102.55119 61.69515
0.17031 16.58047 9.51083
1.01458 99.47200 59.65099
0.13013 12.86541 7.37643
0.18367 18.13944 10.40743
0.04009 3.98147 2.28136
0.98569 98.67575 59.12580
0.73579 74.15905 43.52934
0.94153 95.26524 56.89147
0.60531 61.34375 35.72320
0.66427 67.64592 39.53810
0.71134 72.93553 42.77549
0.01661 1.70909 0.97925
0.07202 7.46929 4.28059
0.03628 3.75913 2.15395
0.04081 4.25329 2.43714
0.02745 2.85734 1.63719
0.84429 88.51517 52.53669
0.07628 8.09259 4.63798
1.08064 114.32645 69.72826
0.60687 64.63948 37.71280
0.05334 5.71239 3.27341
0.98463 106.35583 64.25149
0.62905 68.72578 40.19625
0.71452 78.62951 46.30098
0.98575 109.81434 66.60670
0.95623 107.88742 65.29065
0.85021 96.89960 57.95918
0.11154 12.97410 7.43883
0.05260 6.21564 3.56187
0.87344 105.08609 63.39445
0.94713 115.58531 70.60968
0.81047 99.83613 59.89161
0.60840 75.46439 44.33580
0.50526 63.03182 36.74083
0.83230 104.25905 62.83835
0.82717 103.90884 62.60337
0.86650 109.14917 66.15129
0.79784 100.22702 60.15025
0.42106 53.02400 30.74817
0.88097 111.17695 67.54335
0.17834 22.26109 12.78115
0.88771 113.10925 68.88047
0.75145 94.96644 56.69685
0.90004 113.46820 69.13003
0.01674 2.14969 1.23171
0.83579 105.36115 63.57977
0.89655 115.78072 70.74693
0.79945 100.44840 60.29688
0.88105 111.14058 67.51829
0.81613 105.09222 63.39858
0.38881 48.80800 28.25021
0.87084 109.26048 66.22742
0.31765 40.41461 23.31642
0.04016 4.99518 2.86233
0.04127 5.21809 2.99009
0.06263 7.73050 4.43035
0.01307 1.60230 0.91806
0.12420 15.43355 8.85157
0.87163 105.99094 64.00479
0.85810 105.80136 63.87674
0.85341 102.83755 61.88636
0.14517 17.35069 9.95372
0.01522 1.83754 1.05285
0.01482 1.76016 1.00851
0.01267 1.49730 0.85790
0.02542 3.01848 1.72953
0.09042 10.56950 6.05870
0.50468 59.12884 34.39234
0.91832 106.23570 64.17023
0.76927 88.93812 52.80709
0.54564 63.58748 37.07647
0.06866 7.90835 4.53233
0.07871 9.01508 5.16701
0.06320 7.31933 4.19460
0.15317 17.41792 9.99239
0.10316 11.71749 6.71748
0.06652 7.57736 4.34255
0.15863 17.89444 10.26649
0.02766 3.17311 1.81814
0.09629 10.90697 6.25234
0.11249 12.73021 7.29881
0.03977 4.59931 2.63544
0.01128 1.28988 0.73905
0.09510 10.92026 6.25996
0.02028 2.37870 1.36293
0.02038 2.34780 1.34522
0.01850 2.15468 1.23456
0.00159 0.18192 0.10423
0.78771 90.00623 53.49137
0.71585 82.35523 48.63292
0.90237 102.94248 61.95646
0.30542 34.59209 19.91998
0.72269 81.72231 48.23529
0.05291 5.89584 3.37856
0.93217 105.04189 63.36469
0.09210 10.22794 5.86274
0.09522 10.54358 6.04383
0.11534 12.88595 7.38823
0.22148 24.33446 13.97725
1.03161 112.79872 68.66487
0.42255 46.44296 26.85500
0.96960 104.73546 63.15848
0.11552 12.52104 7.17872
0.07383 7.88453 4.51867
0.04813 5.11507 2.93104
0.00830 0.88201 0.50535
0.67207 70.51186 41.28787
1.02775 106.97464 64.67062
0.09828 10.27323 5.88872
0.20066 20.64615 11.85049
0.06801 7.00185 4.01258
0.05123 5.21183 2.98650
1.14641 115.86078 70.80320
0.03530 3.58213 2.05252
1.04840 104.88149 63.25672
0.16671 16.58193 9.51166
1.07490 106.28389 64.20282
1.15660 113.06134 68.84718
1.01897 99.51038 59.67633
1.07365 104.38522 62.92308
0.78161 75.43192 44.31570
0.05592 5.39012 3.08869
0.19195 18.30538 10.50291
0.09092 8.67088 4.96961
0.84133 79.16076 46.63223
0.13090 12.30294 7.05352
0.01327 1.24521 0.71346
0.08552 7.97581 4.57102
0.06451 5.96838 3.42014
0.02448 2.24376 1.28561
1.14366 105.16818 63.44974
0.09659 8.82373 5.05727
0.03079 2.79468 1.60129
0.14318 12.93730 7.41771
0.17461 15.70092 9.00523
0.04020 3.59488 2.05982
0.11748 10.48150 6.00821
0.97593 86.87712 51.49241
0.24818 21.95250 12.60325
0.37231 32.75701 18.85333
0.52882 46.29475 26.76771
0.82543 71.97262 42.18358
1.19400 103.45493 62.29924
0.80757 69.53632 40.69115
0.99969 85.43100 50.57429
1.15050 98.06787 58.72578
1.29853 109.39502 66.31948
0.41220 35.04307 20.18238
1.02912 86.66457 51.35725
0.92628 73.55241 43.15533
0.58682 51.61954 29.91443
0.28765 23.82830 13.68512
0.31611 25.97935 14.92725
0.88111 71.89641 42.13678
0.37034 30.11510 17.32056
0.15936 12.91781 7.40652
0.24825 20.02236 11.49121
1.02894 82.56165 48.76274
1.32832 106.28362 64.20264
0.78733 62.76839 36.58184
0.16444 12.99186 7.44903
0.06948 5.44462 3.11992
0.10992 8.60934 4.93431
0.89307 69.57561 40.71516
0.77374 59.95042 34.88543
0.03598 2.77422 1.58956
0.28431 21.66865 12.43964
0.26787 20.19370 11.58988
0.83692 63.15132 36.81299
0.12179 9.15169 5.24536
0.18217 13.60110 7.79887
0.32613 24.21505 13.90832
0.13980 10.30380 5.90626
1.18103 86.75757 51.41638
1.21049 88.47900 52.51358
0.15160 11.02494 6.32003
0.24034 17.40651 9.98583
0.14344 10.32536 5.91862
0.04600 3.29936 1.89048
1.45272 103.95528 62.63451
1.49379 106.53591 64.37336
0.73219 52.19605 30.25647
0.04605 3.26428 1.87038
0.88352 62.76641 36.58064
1.04867 74.26514 43.59480
0.19569 13.88217 7.96030
0.06006 4.25275 2.43683
0.11898 8.42274 4.82730
0.11576 8.19980 4.69946
1.22784 87.04417 51.59870
0.53434 37.94066 21.87094
1.05384 74.67007 43.84478
1.17271 83.07595 49.08647
0.36914 26.23159 15.07302
0.90122 63.80198 37.20612
0.33012 23.30566 13.38356
1.08370 77.04653 45.31637
1.53029 109.12393 66.13404
0.31082 22.23311 12.76502
0.24087 17.27861 9.91227
0.70283 50.54448 29.27734
0.24896 17.84234 10.23652
0.32119 23.05695 13.24010
0.58445 42.07607 24.28928
0.05141 3.70624 2.12364
0.81724 59.12301 34.38884
0.44214 31.88394 18.34643
0.98457 71.52902 41.91129
0.15833 11.50811 6.59731
0.04379 3.19825 1.83254
0.83004 60.73838 35.35896
0.65949 48.28614 27.94199
1.31255 96.84706 57.92477
0.31700 23.44996 13.46682
0.10079 7.47636 4.28463
0.08284 6.15732 3.52844
0.08889 6.63655 3.80316
0.22547 16.91054 9.70061
0.07615 5.76122 3.30139
0.12139 9.32754 5.34623
0.87531 67.91867 39.70420
0.24217 19.06596 10.94060
0.64375 51.61237 29.91018
0.18004 14.68078 8.41904
0.90540 75.07727 44.09639
0.10811 9.07022 5.19864
0.08515 7.29304 4.17953
0.06574 5.73002 3.28351
0.81372 72.46649 42.48702
0.11744 10.64850 6.10403
1.19498 110.08913 66.79519
0.89636 83.84007 49.56822
0.59516 56.03306 32.54014
0.64823 61.72251 35.95127
0.50351 48.44725 28.03713
0.98387 95.21440 56.85834
0.23472 23.02148 13.21964
0.56839 56.07640 32.56601
0.60196 59.79220 34.79042
0.57587 56.98254 33.10726
0.67234 66.58004 38.88980
0.78082 76.99603 45.28502
0.50414 49.94185 28.92061
0.23967 23.67154 13.59466
0.09673 9.55218 5.47508
0.18536 18.50143 10.61572
0.73739 73.67810 43.23278
0.53852 53.66195 31.12742
0.13936 13.87294 7.95500
0.71391 70.57488 41.32646
0.36996 36.88721 21.25651
0.53912 53.27938 30.89995
0.17286 16.90410 9.69690
0.30766 30.21512 17.37853
0.19803 19.15138 10.98977
0.22718 21.79166 12.51054
0.65276 62.83391 36.62137
0.30162 28.55667 16.41788
0.59383 55.98550 32.51176
0.51074 48.77515 28.23081
0.41600 39.02233 22.50249
0.54821 51.87182 30.06407
0.43553 40.43586 23.32886
0.55390 51.19325 29.66170
0.38099 35.20859 20.27871
1.11486 101.35299 60.89717
1.17774 106.70926 64.49076
1.15688 106.07599 64.06226
0.64805 58.53802 34.03816
0.47684 43.15165 24.92003
0.64344 57.21944 33.24889
0.25768 22.78623 13.08396
0.62509 55.87313 32.44470
0.23889 20.92871 12.01326
1.16301 102.14815 61.42637
0.56133 49.56711 28.69893
0.45846 40.01705 23.08389
0.69464 61.02112 35.52903
0.71237 61.54273 35.84300
0.55052 47.54486 27.50453
1.06540 92.27329 54.95063
1.08713 93.23857 55.57489
0.26038 22.37562 12.84718
0.62215 53.09046 30.78766
0.46843 39.86634 22.99576
0.53498 45.31701 26.19221
0.30372 25.64556 14.73439
0.99043 84.28491 49.84911
1.24792 106.26454 64.18974
0.52900 45.21719 26.13349
0.26356 22.49699 12.91717
0.78965 67.60318 39.51208
0.68576 58.95251 34.28660
0.66098 56.91194 33.06507
0.27177 23.53460 13.51565
0.09251 8.04104 4.60842
0.62880 55.43205 32.18158
0.01948 1.73154 0.99211
0.16298 14.65702 8.40539
0.35842 32.47802 18.69131
0.91124 84.37435 49.90563
1.16633 110.08966 66.79555
0.60355 57.65795 33.51119
0.66084 64.59469 37.68568
1.03194 101.89300 61.25640
0.14665 14.75230 8.46013
1.00935 104.28264 62.85419
0.73853 77.02440 45.30263
0.71301 76.17876 44.77812
0.53475 58.69776 34.13388
0.20987 23.59124 13.54833
0.58140 68.35748 39.97162
0.17088 20.24423 11.61899
0.02310 2.83006 1.62156
0.83194 101.85586 61.23167
0.01310 1.61612 0.92598
0.56746 73.14146 42.90224
0.04269 5.42736 3.11003
0.75029 100.50387 60.33364
0.62950 83.41480 49.29999
0.19096 25.17178 14.46072
0.79846 111.32415 67.64484
0.39083 51.80863 30.02658
0.46794 65.37645 38.15930
0.83582 110.08778 66.79426
0.77199 101.50377 60.99741
0.14361 19.75776 11.33885
0.04953 6.64019 3.80525
0.77780 109.07261 66.09895
0.06049 8.25872 4.73324
0.00990 1.36105 0.77983
0.11979 16.79182 9.63234
0.03828 5.22316 2.99299
0.70776 98.34754 58.90972
0.05028 6.88308 3.94449
0.68060 92.84957 55.32311
0.79395 108.93908 66.00770
0.07157 9.75410 5.59090
0.72865 98.84590 59.23791
0.75961 102.68596 61.78512
0.79205 106.50327 64.35126
0.13884 18.52806 10.63104
0.38109 50.84237 29.45378
0.03604 4.79564 2.74796
0.06406 8.52962 4.88859
0.07130 9.46816 5.42688
0.86408 115.70009 70.69028
0.80005 106.70319 64.48665
0.86479 114.94171 70.15845
0.74845 98.87701 59.25842
0.68446 90.69260 53.93217
0.80000 105.81760 63.88771
0.04649 6.24531 3.57888
0.08578 11.65677 6.68262
0.82452 110.62254 67.16164
0.71082 98.32402 58.89424
0.18044 24.68452 14.17935
0.01656 2.36280 1.35381
0.81037 117.38323 71.87694
0.66445 95.31042 56.92091
0.39656 57.97955 33.70367
0.78571 114.46896 69.82780
0.83680 119.94516 73.70052
0.75341 109.10825 66.12332
0.68685 97.83291 58.57137
0.68388 98.59313 59.07139
0.73196 105.96257 63.98562
0.78190 110.11269 66.81135
0.24242 34.83778 20.06292
0.53126 76.74268 45.12778
0.38473 53.89188 31.26420
0.28523 41.27987 23.82286
0.74550 102.25729 61.49911
0.64557 91.28296 54.31200
0.77492 109.87625 66.64915
0.84186 114.95162 70.16539
0.76169 107.11242 64.76408
0.04482 6.19900 3.55233
0.80135 106.22365 64.16209
0.02888 3.91859 2.24533
0.22009 28.88116 16.60574
0.01752 2.32846 1.33414
0.84726 111.13474 67.51426
0.05798 7.43077 4.25850
0.06389 8.15657 4.67467
0.83875 105.57815 63.72610
0.80228 99.45734 59.64131
0.62205 76.56058 45.01482
0.28005 33.83692 19.48083
0.87493 104.41424 62.94257
0.85373 100.85581 60.56701
0.95402 111.20329 67.56151
0.04301 4.97209 2.84909
0.10436 11.99796 6.87845
0.04613 5.17903 2.96770
0.02559 2.84701 1.63127
0.10010 11.03523 6.32593
0.89142 97.47288 58.33500
0.97386 105.55927 63.71337
1.02602 109.71322 66.53739
0.78679 83.28684 49.21934
0.96176 100.48553 60.32148
1.04380 108.92734 65.99968
1.07198 110.33338 66.96289
1.11114 113.39251 69.07737
1.13797 115.42671 70.49836
1.10625 111.21768 67.57143
0.94587 94.36356 56.30472
1.10287 109.98262 66.72210
0.98696 98.07137 58.72808
1.12085 111.11437 67.50023
1.11498 110.03547 66.75836
1.09885 108.46927 65.68701
1.13434 111.81133 67.98117
0.99219 97.07276 58.07262
0.96340 94.18023 56.18561
0.55648 54.69625 31.74305
0.69167 67.96057 39.72972
1.16062 113.82409 69.37783
0.69123 67.74906 39.60090
0.79499 77.90672 45.85096
0.48615 47.67435 27.58092
0.57666 56.76244 32.97572
0.77189 75.76165 44.51977
0.27236 26.82073 15.41358
0.61085 59.83332 34.81511
0.94956 93.38296 55.66843
0.53434 52.61894 30.50754
0.88360 86.53690 51.27609
0.99323 98.28783 58.87043
0.06439 6.39551 3.66498
1.09669 108.72847 65.86387
0.94026 93.35583 55.65085
1.19037 118.27514 72.50938
0.59488 58.86023 34.23127
1.16570 115.69662 70.68784
0.67021 66.87261 39.06762
1.06137 105.18672 63.46223
0.95814 95.55454 57.08007
0.19896 19.71802 11.31597
0.76089 75.79816 44.54237
0.79146 79.12361 46.60905
0.82037 81.57319 48.14169
0.65021 64.98479 37.92194
0.90156 89.57070 53.21210
0.32721 32.53475 18.72425
0.04021 3.96797 2.27363
0.90377 90.74696 53.96712
0.50189 50.17514 29.05868
0.07726 7.72449 4.42691
0.87964 87.69749 52.01483
0.78466 78.33034 46.11463
0.90880 90.29491 53.67666
0.84093 83.46985 49.33470
0.69197 68.92341 40.31684
0.84907 84.73593 50.13424
0.28753 28.69914 16.50036
0.68943 68.80522 40.24471
0.24195 24.23977 13.92259
0.94345 94.87854 56.63963
0.93038 93.70746 55.87879
0.86000 86.89359 51.50288
0.85105 86.27438 51.10931
1.02299 103.88521 62.58752
0.92371 94.06344 56.10978
0.67425 69.13852 40.44816
0.97862 100.01578 60.01044
0.01969 2.02016 1.15749
0.99845 103.10137 62.06268
0.64251 65.66574 38.33473
0.67956 72.96080 42.79104
0.83893 88.92201 52.79678
0.61072 65.63563 38.31647
0.51721 56.19549 32.63710
0.56722 62.73796 36.56348
1.00263 113.45180 69.11861
0.23326 26.98801 15.51031
0.28836 34.58680 19.91691
0.33630 41.65041 24.03987
0.62066 78.39215 46.15312
0.48571 63.65382 37.11656
0.20986 28.39191 16.32251
0.53458 74.48177 43.72851
0.50919 72.73164 42.65006
0.42094 60.58014 35.26382
0.81148 116.41948 71.19640
0.40268 58.00955 33.72163
0.02763 4.04270 2.31645
0.79284 117.77587 72.15505
0.63313 94.45141 56.36181
0.56703 85.59194 50.67629
0.16907 25.78045 14.81232
0.62851 94.42853 56.34694
0.67863 106.06918 64.05766
0.54418 83.08822 49.09420
0.71807 114.72152 70.00436
0.56637 86.09398 50.99477
0.30528 48.99252 28.35925
0.37583 60.94742 35.48469
0.30711 46.70645 27.01024
0.75380 121.99660 75.17655
0.68687 103.13887 62.08776
0.77211 122.01605 75.19061
0.75021 117.14325 71.70721
0.73695 107.71259 65.17173
0.65184 100.90293 60.59828
0.74617 107.65097 65.12984
0.02579 3.91268 2.24194
0.05587 8.50154 4.87249
0.68566 97.69854 58.48312
0.03504 5.21873 2.99045
0.80078 113.31777 69.02539
0.43871 63.10920 36.78755
0.16546 23.37354 13.42272
0.67794 91.77712 54.63044
0.08066 10.95416 6.27942
0.81392 107.81591 65.24200
0.02083 2.70819 1.55173
0.62339 80.19042 47.27543
0.80269 99.58168 59.72344
0.80006 99.13958 59.43156
0.67450 81.33172 47.99021
0.90430 107.28069 64.87828
0.82683 96.01479 57.38046
0.91668 104.56992 63.04718
0.16948 18.98314 10.89294
0.18851 20.71690 11.89124
0.02748 2.98097 1.70803
0.14490 15.47740 8.87677
0.11550 12.27099 7.03518
0.21474 22.40354 12.86328
0.13907 14.33570 8.22080
0.08856 9.07053 5.19881
0.45681 46.02433 26.60847
0.15441 15.46993 8.87248
0.03049 3.03023 1.73626
0.16656 16.35198 9.37946
0.25306 24.60409 14.13291
0.23766 23.01600 13.21648
0.96984 93.11368 55.49403
0.58217 55.97416 32.50499
0.31889 30.32200 17.44048
0.95672 91.26448 54.30010
0.33284 31.60148 18.18251
0.66763 63.26859 36.88381
0.51574 48.58559 28.11883
0.24273 22.90032 13.14976
1.06056 100.06320 60.04181
1.03808 97.29067 58.21547
1.01342 94.74240 56.55104
0.02854 2.67078 1.53029
0.01982 1.86331 1.06762
0.73049 68.09547 39.81192
0.81516 76.97898 45.27443
0.34717 32.50250 18.70552
0.90391 84.25078 49.82755
1.10017 103.02064 62.00871
0.34587 32.27516 18.57352
0.27368 25.62758 14.72401
1.01736 95.62921 57.12877
0.27809 25.86969 14.86389
0.04883 4.54504 2.60434
1.05020 97.35082 58.25492
0.18296 16.83661 9.65810
0.06829 6.28965 3.60430
1.13538 103.64318 62.42531
0.48474 44.15377 25.50839
1.05880 95.51602 57.05495
0.07580 6.82026 3.90848
0.04912 4.40436 2.52371
0.31161 27.85721 16.01307
0.01903 1.69721 0.97244
0.38479 34.21994 19.70353
1.11352 98.39535 58.94118
1.03368 90.97058 54.11094
0.80566 70.57069 41.32389
0.08906 7.76911 4.45249
0.17495 15.08643 8.65211
0.08150 7.04569 4.03772
0.06868 5.90235 3.38229
0.09250 7.91711 4.53736
0.06970 5.91327 3.38855
0.10350 8.72367 4.99988
0.21594 18.08243 10.37463
0.01713 1.42615 0.81713
0.11230 9.35709 5.36317
0.11697 9.65656 5.53495
0.05936 4.87717 2.79469
0.17218 14.03837 8.05001
0.04736 3.85737 2.21025
0.92776 75.11682 44.12084
0.02296 1.84308 1.05602
0.24190 19.26403 11.05461
0.04991 3.97376 2.27695
0.85721 68.13506 39.83604
1.26687 100.41676 60.27592
0.43744 34.45993 19.84310
0.13906 10.92043 6.26006
0.09262 7.23155 4.14427
0.37186 28.90934 16.62206
0.39844 31.05700 17.86665
0.20472 15.88423 9.11059
0.14537 11.19406 6.41708
0.50533 38.70580 22.31761
0.63833 48.96195 28.34118
1.26171 96.67374 57.81130
0.04434 3.42438 1.96212
0.77915 59.93704 34.87739
0.66612 51.10110 29.60708
0.33554 25.60653 14.71185
0.01483 1.12296 0.64341
0.18092 13.68029 7.84435
0.08430 6.34486 3.63594
0.14465 10.86746 6.22967
0.97082 73.07596 42.86192
0.62905 47.20728 27.30544
0.04589 3.41027 1.95404
0.08072 5.98211 3.42801
0.23684 17.45771 10.01528
0.52867 38.83092 22.39069
0.18710 13.70245 7.85708
0.15316 11.23404 6.44002
0.10063 7.36269 4.21947
0.12654 9.24499 5.29888
0.25271 18.49565 10.61239
0.40364 29.35164 16.87821
0.16287 11.84931 6.79313
0.33653 24.38015 14.00362
0.41164 29.83361 17.15743
0.90183 65.26649 38.09264
0.30520 21.84228 12.53972
1.05052 75.24839 44.20219
0.91944 65.55897 38.26997
0.36324 25.80262 14.82513
0.35102 24.74506 14.21430
0.12947 9.08965 5.20978
0.27259 18.98751 10.89545
0.49903 34.79683 20.03910
0.11934 8.29293 4.75286
0.21181 14.65602 8.40482
0.11470 7.93244 4.54615
0.02592 1.79467 1.02828
0.08289 5.70007 3.26634
0.55871 38.32329 22.09427
1.52597 104.33966 62.89248
0.37704 25.58471 14.69924
0.09539 6.48891 3.71852
0.06088 4.11370 2.35715
0.09953 6.79382 3.89332
1.47298 99.79513 59.86450
0.09431 6.39883 3.66689
0.87101 58.93016 34.27320
0.54694 36.99170 21.31743
0.03085 2.09732 1.20170
0.27109 18.33655 10.52084
0.11006 7.47216 4.28223
0.05685 3.84290 2.20196
0.31615 21.39368 12.28117
0.91556 62.14601 36.20647
0.77364 52.16283 30.23675
0.27540 18.68914 10.72374
0.73750 50.27857 29.11990
1.09326 74.37861 43.66483
1.47950 100.85317 60.56526
0.16014 10.88294 6.23855
0.33133 22.54265 12.94349
0.93012 63.62797 37.10094
0.23308 15.92011 9.13121
0.76653 52.29934 30.31778
1.08598 73.98879 43.42432
0.30562 20.79856 11.93828
0.41532 28.32150 16.28175
0.63451 43.22829 24.96501
0.26565 18.13715 10.40612
0.21939 15.01607 8.61168
0.12933 8.88231 5.09086
0.14536 9.94777 5.70201
0.17961 12.33279 7.07065
0.67233 46.19978 26.71178
0.76696 52.68437 30.54640
0.31097 21.32426 12.24117
0.11371 7.79906 4.46967
0.34836 23.92555 13.74124
0.11518 7.87891 4.51545
0.20435 14.11587 8.09453
0.25554 17.63368 10.11649
0.42680 29.30088 16.84881
1.05994 72.72636 42.64681
0.50534 34.68979 19.97682
0.94896 65.87641 38.46255
0.28272 19.60767 11.25244
1.06268 73.70256 43.24785
0.15909 10.99691 6.30395
0.06839 4.73854 2.71524
0.10490 7.25123 4.15556
0.14478 10.04378 5.75708
0.04852 3.36002 1.92524
0.23478 16.34324 9.37444
0.11671 8.08414 4.63313
0.34233 23.65724 13.58641
0.43129 29.75422 17.11143
0.81329 56.14835 32.60896
0.67834 46.82732 27.08147
0.02254 1.54890 0.88746
0.02637 1.81562 1.04029
0.94827 65.20142 38.05320
0.71758 49.35830 28.57546
0.89515 61.49352 35.81336
0.03533 2.43112 1.39297
0.07957 5.48261 3.14170
0.00768 0.52831 0.30270
0.62693 43.27251 24.99095
1.18036 80.89533 47.71667
0.86139 59.42744 34.57148
1.31538 90.84888 54.03266
1.06660 73.88909 43.36284
0.32457 22.39623 12.85907
0.16028 11.07729 6.35007
0.83204 57.41051 33.36316
0.12552 8.60257 4.93043
0.87920 60.39887 35.15486
1.25553 85.95733 50.90804
1.46632 101.27583 60.84589
0.49309 34.19416 19.68853
0.13106 9.09989 5.21565
0.16289 11.28551 6.46956
0.13900 9.65084 5.53167
0.14439 10.05271 5.76221
0.19190 13.41330 7.69103
0.09221 6.43411 3.68711
0.55117 38.62847 22.27245
0.59605 41.54703 23.97932
0.18517 12.95603 7.42846
0.51227 35.93276 20.70035
0.10523 7.36568 4.22118
0.14752 10.31862 5.91476
0.02770 1.93767 1.11022
0.12731 8.93926 5.12353
0.69320 48.50439 28.07087
0.06881 4.79471 2.74743
0.01729 1.20911 0.69277
0.12410 8.66056 4.96369
0.13823 9.67787 5.54718
1.22146 85.73681 50.76815
0.44049 31.02706 17.84929
0.23421 16.51616 9.47385
0.01827 1.28959 0.73889
0.49925 35.07852 20.20301
0.08738 6.15622 3.52781
0.30085 21.21153 12.17621
0.38064 26.71087 15.35006
0.92775 64.97475 37.91585
1.58241 110.45176 67.04423
0.14321 9.99238 5.72759
1.34064 93.66470 55.85106
0.24476 17.13176 9.82782
0.17269 12.04542 6.90570
0.17983 12.49938 7.16629
1.02174 71.25858 41.74541
0.36481 25.45766 14.62584
0.21306 14.82769 8.50344
1.19498 83.67461 49.46383
0.45422 31.60896 18.18686
0.44426 30.89697 17.77384
0.20359 14.14899 8.11355
0.04711 3.25632 1.86582
0.33047 22.86324 13.12837
0.31702 21.94255 12.59751
0.44586 30.72672 17.67511
0.80827 55.48630 32.21394
1.29114 88.40178 52.46426
0.06429 4.41240 2.52832
0.63625 43.52689 25.14026
1.10206 75.60486 44.42271
0.20411 13.92545 7.98515
0.23436 15.97698 9.16390
0.21068 14.40430 8.26021
0.12873 8.82306 5.05688
0.21574 14.75996 8.46453
0.13735 9.35171 5.36009
0.79998 54.48218 31.61556
0.21722 14.74880 8.45812
0.02036 1.38283 0.79231
0.28102 19.14208 10.98442
0.32602 22.11013 12.69412
0.02275 1.54353 0.88439
0.24925 16.86865 9.67652
0.02241 1.51552 0.86834
0.08744 5.92201 3.39356
0.31137 21.01051 12.06039
0.07800 5.23354 2.99894
0.31848 21.33353 12.24651
0.03364 2.24649 1.28717
0.13001 8.62876 4.94545
0.06166 4.11450 2.35760
1.16901 78.25704 46.06898
0.24262 16.22383 9.30579
0.47411 31.51269 18.13100
1.64171 108.33317 65.59423
0.19356 12.84515 7.36480
0.15773 10.58752 6.06904
0.40804 27.51695 15.81622
0.15279 10.23365 5.86601
0.16087 10.71609 6.14281
0.20571 13.76104 7.89073
0.31981 21.40269 12.28637
1.68912 113.32637 69.03137
0.16483 10.98071 6.29465
1.71922 113.99911 69.49983
0.17328 11.48423 6.58360
1.66188 110.75603 67.25347
0.55960 37.34616 21.52412
1.51449 101.69546 61.12492
0.04264 2.86093 1.63925
0.18283 12.25844 7.02797
0.54964 36.77945 21.19369
1.07380 71.92653 42.15527
0.16091 10.82489 6.20523
1.36830 91.60261 54.51793
0.06127 4.12157 2.36165
1.24665 83.85320 49.57651
1.29645 87.16676 51.67673
1.57829 106.18086 64.13315
0.06110 4.11084 2.35551
0.29893 20.09801 11.53478
0.19448 13.09869 7.51037
0.19973 13.49799 7.73966
0.17592 11.85934 6.79889
0.43471 29.20269 16.79194
0.21008 14.14908 8.11360
0.18622 12.57491 7.20965
0.11994 8.01205 4.59179
0.06364 4.26243 2.44238
0.52693 35.13516 20.23597
0.08182 5.49009 3.14599
0.32405 21.48552 12.33410
0.43509 29.10547 16.73564
0.39740 26.36919 15.15255
0.45369 30.34804 17.45557
0.05216 3.48704 1.99803
0.21144 14.18959 8.13687
1.31968 88.78572 52.70962
0.82362 55.39882 32.16177
0.47498 31.75656 18.27251
0.06371 4.25082 2.43572
0.04032 2.70470 1.54973
0.11048 7.41026 4.24674
1.53630 103.55191 62.36417
0.04787 3.23594 1.85414
1.34959 91.38944 54.38058
1.02851 69.57589 40.71534
1.34717 91.88998 54.70323
0.10303 7.03120 4.02941
1.70352 116.32683 71.13112
1.33026 90.48703 53.80006
1.51168 101.82782 61.21300
1.72877 117.67917 72.08651
1.71761 117.68057 72.08750
0.28320 19.74338 11.33058
1.40390 98.64440 59.10515
0.23048 16.28719 9.34222
1.41941 101.13526 60.75252
0.22640 16.36890 9.38919
0.33514 24.60756 14.13491
0.42724 31.67953 18.22781
0.60718 45.56655 26.33902
0.81154 61.65114 35.90829
0.37583 29.11592 16.74169
0.51153 40.07383 23.11709
0.90095 70.93541 41.54730
0.43799 35.59364 20.50287
0.43451 35.82440 20.63725
1.05873 87.89517 52.14088
1.20544 102.03603 61.35166
0.65773 57.36106 33.33358
0.09959 9.01926 5.16941
0.12249 11.36060 6.51265
0.17581 16.70977 9.58516
0.21413 20.91632 12.00612
0.83853 85.36893 50.53496
0.12278 12.96620 7.43430
0.62530 68.81356 40.24980
0.95723 108.30223 65.57314
0.76182 89.97463 53.47109
0.68725 84.17211 49.77786
0.88590 112.21559 68.26075
0.58408 76.78694 45.15524
0.83184 113.25953 68.98490
0.72950 103.07316 62.04381
0.61044 90.24845 53.64682
0.38649 59.59918 34.67454
0.69604 112.07886 68.16614
0.66538 110.46453 67.05301
0.71278 119.05014 73.06101
0.67113 114.13690 69.59594
0.63714 109.42507 66.34005
0.58473 102.53012 61.68109
0.68926 121.89166 75.10069
0.46741 85.33140 50.51118
0.67307 124.08928 76.69748
0.45604 85.31668 50.50186
0.54676 103.97153 62.64541
0.62915 124.11388 76.71546
0.50750 99.90786 59.93905
0.51014 100.26388 60.17466
0.58694 116.43081 71.20438
0.49809 97.96865 58.66056
0.39924 79.00522 46.53520
0.52686 103.88678 62.58857
0.50578 97.24977 58.18865
0.49023 94.25194 56.23219
0.56532 106.48504 64.33893
0.55043 102.39163 61.58870
0.57076 104.79060 63.19557
0.60008 108.43887 65.66629
0.52967 94.74458 56.55246
0.39366 69.69981 40.79108
0.43405 75.11286 44.11839
0.40484 69.37287 40.59129
0.28873 48.65581 28.16031
0.38210 62.77480 36.58571
0.40700 66.33182 38.73901
0.02102 3.34627 1.91736
0.73109 115.30989 70.41643
0.63946 97.70644 58.48831
0.04701 7.11855 4.07949
0.06641 9.86834 5.65644
0.25142 36.92924 21.28101
0.48070 69.17904 40.47290
0.76381 108.12143 65.44996
0.72098 100.46171 60.30570
0.57166 78.40707 46.16241
0.78670 107.02003 64.70141
0.73716 98.42706 58.96205
0.81716 107.92348 65.31520
0.72810 94.75838 56.56144
0.83084 107.68774 65.15484
0.59694 76.18239 44.78037
0.79025 99.54544 59.69950
0.78427 97.46402 58.32918
0.91185 111.94453 68.07324
0.19448 23.63644 13.57441
0.82960 99.80378 59.87022
0.70133 82.98654 49.03016
0.06031 7.06135 4.04670
0.04888 5.69096 3.26112
0.26254 30.36231 17.46385
0.84735 98.72567 59.15868
0.04868 5.71487 3.27482
0.88328 104.89162 63.26354
0.07549 9.00159 5.15927
0.05795 6.99051 4.00608
0.80043 97.41552 58.29736
0.86096 106.16452 64.12210
0.05946 7.43137 4.25884
0.69091 87.40895 51.83095
0.86405 110.96458 67.39703
0.30355 39.44088 22.74706
0.81599 106.55811 64.38839
0.91833 120.37909 74.01154
0.62962 83.64874 49.44751
0.76509 103.63289 62.41841
0.76638 105.33377 63.56131
0.56394 77.75260 45.75510
0.12188 16.87227 9.67860
0.74552 104.37237 62.91445
0.63430 89.35622 53.07470
0.80206 114.55387 69.88714
0.04400 6.28665 3.60258
0.02735 3.87224 2.21877
0.02718 3.81264 2.18461
0.06777 9.43886 5.41008
0.77529 107.36104 64.93284
0.01859 2.58183 1.47932
0.02483 3.44145 1.97190
0.04286 5.95211 3.41081
