0.26038 0.00902 0.12503
0.26072 -0.00205 0.13424
-0.27634 0.04761 0.10362
-0.28783 0.01674 0.10313
0.30043 0.00164 0.09705
-0.30073 0.01135 0.11872
0.32173 0.00597 0.10336
0.10176 -0.00367 0.34080
-0.33234 -0.02399 0.13691
0.25625 -0.00794 0.27133
0.06735 -0.00409 0.37980
0.35777 0.00203 0.16664
-0.36766 0.00465 0.16425
-0.37858 0.00853 0.17576
-0.35659 -0.00538 0.23817
0.41362 -0.00177 0.15807
0.42752 0.01084 0.14991
-0.42683 -0.03807 0.19025
0.44161 0.01669 0.19286
-0.31790 -0.04939 0.38623
0.48206 0.01543 0.14923
-0.47554 -0.08370 0.20719
-0.07902 -0.04268 0.52846
-0.47345 -0.11002 0.25740
-0.01681 -0.02386 0.55983
-0.52888 -0.04847 0.20394
-0.52254 -0.08861 0.23779
0.07965 -0.02637 0.58362
-0.08312 -0.05651 0.59852
-0.13415 -0.09833 0.59318
-0.11965 -0.12020 0.60704
-0.04899 -0.01377 0.64069
-0.21271 -0.16700 0.59810
-0.12120 -0.10731 0.64927
-0.22313 -0.15612 0.62679
-0.30776 -0.19528 0.61242
-0.19412 -0.14069 0.64721
-0.55552 -0.12424 0.44102
-0.62512 -0.12248 0.37033
-0.50643 -0.06896 0.54577
-0.71471 -0.07456 0.25419
-0.71429 -0.17406 0.23221
-0.72606 -0.13122 0.27734
0.74399 0.09285 0.26240
-0.38103 -0.11451 0.71950
-0.71278 -0.20529 0.32067
-0.09507 -0.02445 0.82268
-0.19513 -0.05177 0.80736
-0.71913 -0.15924 0.41106
-0.77816 -0.08526 0.33365
-0.77622 -0.16247 0.34359
-0.59510 -0.17251 0.61265
-0.28777 -0.10517 0.83384
0.66250 0.15545 0.58738
-0.73811 -0.08289 0.52317
-0.10250 -0.01137 0.91265
-0.80715 -0.12541 0.44198
-0.77402 -0.02689 0.53633
-0.02408 0.02529 0.95426
-0.83324 -0.17895 0.46175
0.91751 0.06771 0.32154
0.79498 0.03427 0.61779
0.74803 0.02483 0.69979
0.01542 -0.00444 1.03039
-0.03911 -0.00719 1.04261
-0.93204 -0.06169 0.48956
-0.21550 -0.11986 1.03513
-0.99440 -0.07899 0.38621
0.88545 0.18371 0.57475
-0.90663 -0.21032 0.52597
0.96944 0.07484 0.44139
-0.52124 -0.24904 0.89466
-0.72204 -0.30484 0.73772
0.82175 0.14130 0.68042
0.87759 0.16704 0.60554
-0.41048 -0.19470 0.97418
-0.94059 -0.16036 0.47562
-0.19803 -0.11754 1.03646
-0.48155 -0.26852 0.90395
0.97730 0.02846 0.42874
-0.06063 0.03848 1.06873
-0.86958 -0.21728 0.59655
0.98478 0.06535 0.42825
1.00272 0.06933 0.38357
-0.93129 -0.13258 0.52819
-0.24921 -0.10042 1.03941
-1.01721 -0.00840 0.37849
-0.11680 -0.03164 1.06670
1.00126 0.09649 0.39903
-0.65682 -0.15819 0.84891
-0.78455 -0.22252 0.72445
-0.52066 -0.26870 0.92212
-0.18831 -0.07665 1.07636
-0.97183 -0.24945 0.48057
-0.99949 -0.30845 0.36793
-0.89812 -0.28703 0.55826
-0.04628 0.02298 1.11264
-0.02830 -0.04886 1.11476
0.09851 -0.07062 1.11957
0.08876 -0.04953 1.12551
0.05113 -0.02915 1.13932
0.91097 0.14226 0.66998
-0.96694 -0.25083 0.55636
-0.10330 -0.08081 1.13887
-0.91545 -0.25765 0.64947
-0.15403 -0.05050 1.14729
-0.93863 -0.17873 0.66550
-1.09244 -0.05157 0.41385
-0.88786 -0.14598 0.74829
1.08621 0.13644 0.41414
-1.06957 -0.22711 0.45554
0.03723 -0.00278 1.18978
-0.03045 -0.02060 1.19080
-1.04904 -0.20831 0.53082
0.97435 0.05242 0.70588
1.09426 0.13043 0.47953
1.04054 0.13313 0.60079
-1.06125 -0.16445 0.57290
-0.89808 -0.14171 0.81744
-0.25543 -0.11969 1.19198
-0.95158 -0.09691 0.76773
0.99239 0.05260 0.72514
1.13933 0.15536 0.45067
0.13895 0.03563 1.22924
-0.01818 0.05499 1.24239
-0.45599 -0.21169 1.13955
-0.46078 -0.23582 1.13563
-0.03943 0.00270 1.25504
0.12316 0.01245 1.24430
0.94600 0.07749 0.83774
0.21534 0.04533 1.24913
0.86988 0.07709 0.92479
-0.99136 -0.32755 0.72831
1.19301 0.15090 0.41206
-1.14675 -0.14588 0.53789
1.19323 0.04326 0.44474
-0.68513 -0.13447 1.06976
-0.57064 -0.11216 1.12519
-0.24725 0.02013 1.24820
1.17305 0.01137 0.58780
-0.03904 0.00155 1.21763
-0.50443 -0.16404 1.13715
-0.00254 -0.01166 1.24999
-0.00824 -0.03998 1.24681
-0.01346 -0.03302 1.23578
-0.32272 -0.14272 1.16145
0.17025 -0.05291 1.18972
-1.06063 -0.06547 0.55590
-0.07270 -0.02528 1.18604
-0.16631 -0.07336 1.16282
0.72479 -0.01775 0.90983
0.04783 -0.01621 1.15140
-0.91583 -0.17985 0.65443
0.06850 -0.01915 1.13157
0.98989 -0.03532 0.53848
1.05955 -0.00852 0.38068
-1.04027 -0.04550 0.41581
-0.10709 -0.01035 1.11091
0.95213 0.04106 0.57501
0.10539 -0.04374 1.10314
-0.94969 -0.11644 0.54512
1.03144 0.07678 0.36544
-0.98813 -0.10328 0.45659
-0.98934 -0.17130 0.44182
-1.01348 -0.02194 0.41814
0.99081 0.06799 0.45567
-0.05978 -0.00257 1.08513
-0.03871 0.00909 1.08204
0.01484 0.02214 1.06462
-0.27816 -0.12138 1.01226
0.97999 -0.02425 0.37725
-0.94625 0.01489 0.43719
0.07973 -0.04485 1.03141
0.94165 0.01562 0.39465
-0.78703 -0.08382 0.63382
-0.87443 -0.17456 0.46058
-0.89028 -0.12748 0.42487
-0.53187 -0.07381 0.82989
-0.20828 -0.00520 0.95755
-0.05942 -0.01493 0.96883
-0.07736 -0.01355 0.95839
-0.09709 -0.05185 0.94675
-0.00438 0.00240 0.94386
-0.09719 -0.04794 0.91314
-0.77204 -0.03684 0.48712
-0.80609 -0.03438 0.37637
-0.18826 -0.06079 0.86385
0.03735 0.01985 0.87475
-0.00949 0.01709 0.87584
0.04563 -0.00752 0.86794
-0.00054 -0.01691 0.84247
0.77812 -0.04350 0.33104
0.74835 -0.08984 0.37555
-0.15687 0.07607 0.82683
0.67163 -0.05324 0.49956
0.62853 -0.01164 0.55831
0.49421 -0.00029 0.68043
0.45442 -0.03078 0.70352
-0.74986 -0.02905 0.36787
-0.78380 -0.01462 0.29721
-0.01695 0.00227 0.85287
0.01940 0.02169 0.82562
-0.08751 -0.01613 0.84030
-0.61186 -0.05776 0.58401
-0.68849 -0.02782 0.50866
0.01265 0.00526 0.85643
0.77404 0.00679 0.40114
0.16142 0.02085 0.86802
0.06213 0.04074 0.89455
-0.00225 0.00912 0.89872
-0.06344 -0.01487 0.90886
0.86181 0.02631 0.33896
0.68107 0.02401 0.64557
0.86314 0.01929 0.39670
0.89259 -0.00765 0.35798
0.85659 -0.03112 0.45900
-0.91008 0.02639 0.37256
-0.78098 0.03207 0.61595
0.96474 -0.02457 0.34585
0.78600 -0.03645 0.61726
0.96785 0.01285 0.36271
0.98875 0.00251 0.33925
0.96414 0.01963 0.44053
0.90879 -0.00204 0.54881
0.68779 0.01047 0.83051
0.80392 -0.00246 0.74050
0.14227 0.01560 1.08956
0.08753 0.02414 1.11386
-0.06505 -0.00444 1.12844
-0.00346 -0.00119 1.13820
-0.14701 -0.07666 1.14071
-0.06283 -0.02245 1.16161
0.09531 0.00146 1.17668
1.02347 -0.07010 0.62041
1.07710 -0.10462 0.52767
-1.03635 0.03905 0.65959
0.08578 -0.00410 1.22053
0.05514 -0.07285 1.23711
1.16724 0.02000 0.43705
1.17023 -0.02281 0.45068
1.19927 -0.01646 0.42905
1.09048 -0.03546 0.67704
1.20258 0.00047 0.46088
1.11025 -0.10456 0.66571
-0.30992 -0.11919 1.27032
1.04907 -0.02394 0.80681
-1.05926 -0.08742 0.81421
-0.16159 0.05341 1.33342
1.22343 -0.00566 0.61076
-0.64031 0.00568 1.22012
1.25322 -0.02462 0.57309
-1.02128 -0.11959 0.93142
1.31291 0.00393 0.48642
1.08129 -0.07478 0.89896
0.73418 0.00132 1.21763
1.29036 -0.04543 0.60328
1.31304 -0.00974 0.58879
0.15604 0.02161 1.44051
1.30117 -0.01074 0.63101
0.99854 0.00140 1.08029
-0.15064 0.09914 1.45692
-1.33375 0.07573 0.65453
1.21841 0.00371 0.85233
0.04425 0.03525 1.48863
-1.37989 -0.00635 0.59797
1.38487 -0.09189 0.57260
-1.00019 -0.18802 1.11152
1.41225 -0.06744 0.52563
1.41404 -0.13298 0.52657
-1.33655 0.08579 0.71776
1.43776 -0.01706 0.51791
0.86202 0.00228 1.26068
1.38852 -0.03103 0.63530
1.44842 -0.01439 0.49362
1.44909 0.00832 0.51816
1.31986 -0.01180 0.78844
1.45076 0.01646 0.53146
1.43951 0.00246 0.54962
-0.62247 0.03963 1.40830
0.48234 0.04453 1.44826
-1.41941 0.05134 0.52610
-1.41809 0.08344 0.47835
1.38430 -0.01388 0.52803
0.68832 -0.04484 1.31385
-1.05187 0.08575 1.01964
0.68106 0.05253 1.28563
-1.32396 0.05496 0.56468
-0.52211 0.07295 1.32403
-1.20394 -0.09594 0.73958
-1.18926 -0.13025 0.71959
-1.23614 -0.13123 0.61929
0.05523 -0.03098 1.37067
-0.81525 -0.09580 1.08269
-1.16593 -0.05987 0.67550
0.14946 -0.08340 1.32094
-0.04436 0.01200 1.30538
0.48142 0.00257 1.20388
1.07310 0.12379 0.70443
1.22233 0.03343 0.37618
-0.04129 -0.02082 1.26395
-1.14539 -0.02259 0.51350
-0.94723 -0.10311 0.80464
0.01173 -0.04598 1.23759
-0.93208 -0.18572 0.77475
0.34189 -0.03354 1.16421
-0.32983 -0.16459 1.14537
-0.90187 -0.15848 0.76709
-0.93317 -0.11150 0.72807
-0.25864 -0.10495 1.16011
-0.65757 -0.13207 0.92127
-0.15388 -0.07619 1.12776
-0.17769 -0.09818 1.10681
-0.10704 -0.07026 1.10919
-0.08693 -0.06894 1.09497
-0.13812 -0.05937 1.07226
-0.92230 -0.14269 0.54263
-0.91932 -0.09893 0.55962
-0.08802 -0.03771 1.07113
-0.01536 0.03297 1.05636
-0.94254 -0.07759 0.44279
-0.01007 -0.00285 1.03530
-0.63949 -0.24717 0.76464
-0.22575 -0.10895 0.99377
-0.72785 -0.05660 0.70637
-0.23743 -0.05767 0.98135
-0.36489 -0.08494 0.93162
-0.19648 -0.01582 0.98882
-0.75691 0.03277 0.66148
-0.76771 0.11376 0.61330
0.76824 -0.06267 0.62146
0.37024 -0.04602 0.91809
-0.07207 0.00924 0.98716
-0.00205 0.04134 0.98669
-0.20050 -0.02104 0.96350
0.00743 0.01125 0.97581
0.19662 -0.07387 0.95015
0.06268 -0.01185 0.97037
-0.53252 -0.09222 0.80768
0.74941 -0.05117 0.61058
-0.61742 -0.27998 0.69128
-0.27610 -0.04984 0.92492
-0.11001 0.01812 0.96091
-0.15777 0.01116 0.94964
-0.85201 -0.08780 0.43123
-0.08670 0.01569 0.95311
-0.27043 -0.07107 0.91177
-0.38515 -0.13699 0.85774
0.56471 0.03611 0.75675
-0.16099 -0.02977 0.92830
-0.02808 0.00105 0.94427
-0.83679 -0.20450 0.39744
-0.80929 -0.19115 0.46305
-0.27330 -0.19288 0.89776
-0.22291 -0.11342 0.93156
0.61809 -0.04658 0.74597
-0.01184 0.00050 0.97398
0.63612 -0.01115 0.74365
-0.01826 0.00024 0.98200
-0.03349 0.03808 0.98611
0.83621 -0.01584 0.52460
0.93538 -0.03751 0.31966
-0.08957 -0.01410 0.98584
-0.92294 0.01727 0.36463
0.85647 0.01612 0.51128
-0.94212 -0.07768 0.32820
-0.84128 -0.04341 0.50504
-0.89354 -0.03166 0.42422
-0.72679 -0.06602 0.67014
-0.73043 -0.03338 0.67099
-0.09743 -0.02512 0.98304
0.00486 0.00282 0.99134
-0.09168 -0.05631 0.98395
-0.10324 -0.01452 0.98050
-0.80862 -0.05686 0.56781
0.57265 -0.01285 0.80385
0.07814 -0.01138 0.98610
0.81922 -0.02207 0.55094
0.65500 -0.03049 0.73611
-0.14180 -0.06365 0.96896
0.04521 -0.00144 0.97959
-0.31179 -0.12868 0.91622
0.82545 -0.02106 0.51262
0.10388 -0.01898 0.96250
-0.29953 -0.06657 0.91028
-0.82917 -0.13168 0.47287
-0.32993 -0.03658 0.90681
-0.64510 -0.25177 0.64060
0.89383 0.06555 0.31203
0.03878 -0.01193 0.94328
-0.53003 -0.18424 0.76518
-0.78079 -0.09186 0.51201
-0.82123 -0.10141 0.44330
-0.52573 -0.15297 0.75555
-0.71078 -0.07665 0.60477
-0.18395 0.00322 0.91977
-0.40110 -0.14220 0.83956
-0.08488 -0.02463 0.93637
-0.73185 -0.11713 0.58568
-0.12990 0.00404 0.94306
-0.03741 -0.00742 0.95829
-0.14965 -0.05177 0.94147
-0.05821 -0.03628 0.95240
-0.05613 -0.02095 0.95143
-0.10891 -0.02783 0.94957
-0.02875 -0.00477 0.96275
-0.06202 0.00562 0.95967
-0.10459 -0.04365 0.95764
0.09483 -0.06626 0.95785
-0.15657 -0.00104 0.95790
-0.06563 0.01033 0.96974
-0.35304 -0.02951 0.89656
-0.00402 0.01689 0.97399
-0.07026 0.00684 0.97676
0.89635 -0.00654 0.41092
0.03157 0.00884 0.98666
0.91433 -0.01503 0.36884
-0.01346 0.00274 0.98616
-0.00911 -0.00002 0.98419
-0.27680 -0.03562 0.94556
0.89693 -0.03319 0.40313
-0.02490 -0.00201 0.97932
-0.83821 -0.13752 0.48775
0.85673 0.00420 0.47292
-0.13575 -0.00084 0.97556
-0.57623 -0.14500 0.77612
-0.56802 -0.11293 0.78723
-0.00929 -0.02466 0.97152
-0.06266 0.00077 0.98443
-0.03074 0.02227 0.96085
0.91928 0.01319 0.33774
-0.86910 -0.04640 0.44022
0.89530 -0.01986 0.37999
0.86574 -0.01273 0.47391
0.64412 -0.05258 0.72378
0.72885 -0.06728 0.68197
-0.66890 -0.02799 0.70534
-0.64484 -0.03784 0.75571
-0.24464 -0.03778 0.96598
0.86724 -0.02019 0.51059
-0.90163 -0.09090 0.44712
0.81481 0.01866 0.61165
0.91551 0.01852 0.44114
0.93060 -0.01079 0.43355
-0.07398 -0.00661 1.02993
-0.83616 -0.06129 0.60240
0.89373 -0.00113 0.53275
0.98186 0.01616 0.35160
-0.04024 0.00294 1.04898
-0.01594 0.00498 1.05347
-0.00811 0.00001 1.05908
-0.17281 -0.09086 1.04106
-0.03846 0.02091 1.06619
-0.62833 -0.05286 0.86400
-0.95976 -0.04924 0.48002
-0.73062 -0.11848 0.78539
0.18462 -0.05938 1.06595
-0.73451 -0.13495 0.79671
-0.38071 -0.07683 1.02056
-0.37776 -0.09025 1.02703
-0.15080 -0.05535 1.08963
-0.03403 -0.02918 1.10483
-0.01184 -0.03448 1.10562
-0.10104 -0.07867 1.09995
-0.43635 -0.06170 1.02227
-0.86166 -0.02577 0.71735
-0.53094 -0.12354 0.98840
-0.90892 -0.26199 0.61257
-0.28576 -0.12914 1.08751
-0.07556 -0.02809 1.13091
0.00803 0.00530 1.13679
-0.00349 -0.05095 1.13868
0.06352 -0.05869 1.14084
-0.16138 -0.08881 1.13023
-0.09880 -0.05776 1.13562
-0.24236 -0.03300 1.11543
-0.16468 -0.02959 1.12867
-0.80984 -0.14834 0.79483
0.92427 -0.10114 0.65708
0.00675 0.03220 1.13581
-0.38522 -0.03175 1.06639
-0.10014 -0.00252 1.12799
0.02885 -0.03651 1.12483
-0.51675 -0.18075 0.98236
0.54883 -0.12638 0.97381
-0.34979 -0.13595 1.05377
-0.08704 -0.04103 1.11271
-0.01934 -0.00688 1.11414
-0.01439 0.05005 1.11145
0.02634 0.01076 1.11063
0.09694 -0.05967 1.10363
-0.09843 0.02237 1.10476
-0.92550 -0.22559 0.56602
-0.06449 -0.01101 1.10454
-0.96262 -0.12219 0.52593
0.84421 0.01502 0.70567
0.64784 -0.03735 0.89305
-0.13021 -0.02767 1.09212
-0.15956 -0.02466 1.08981
-0.10596 -0.01919 1.09722
-0.15015 -0.03732 1.08744
-0.22164 -0.07198 1.06460
-0.24892 -0.05695 1.05692
-0.12148 -0.01104 1.07555
-0.15276 -0.00607 1.07088
-0.06090 -0.00233 1.06892
0.92331 -0.06159 0.51907
-0.82257 -0.02498 0.64548
-0.72125 0.00063 0.73844
0.87640 -0.07402 0.50430
-0.03246 0.01338 1.00361
-0.21684 -0.02914 0.96085
-0.36285 -0.13617 0.88718
-0.14294 -0.04243 0.94358
-0.27613 -0.05065 0.90650
-0.86744 -0.06467 0.38053
0.76789 0.03065 0.55294
-0.33573 -0.08403 0.87439
0.84536 0.00420 0.41280
-0.69724 -0.11451 0.61519
-0.40006 -0.06348 0.83934
-0.13586 -0.03071 0.92024
-0.12399 -0.03122 0.91023
-0.14556 -0.03700 0.91387
-0.17608 -0.05643 0.90303
-0.14113 -0.02394 0.89710
-0.06021 -0.02003 0.91833
-0.53026 -0.09494 0.75099
-0.82138 -0.02352 0.39315
0.77233 -0.00609 0.50950
-0.49257 -0.10882 0.75682
-0.83247 -0.10131 0.39179
-0.01523 -0.03187 0.92697
-0.06623 -0.01263 0.91559
0.01442 -0.03286 0.93224
-0.49682 -0.11456 0.79358
-0.79645 -0.06378 0.50897
-0.48234 -0.10521 0.81113
-0.05526 -0.01187 0.94861
-0.01633 -0.01658 0.96245
-0.09722 0.02013 0.96897
-0.07694 0.00877 0.98230
-0.22097 -0.04232 0.96561
-0.07151 -0.00218 0.99531
0.02956 -0.02611 1.00776
-0.07322 -0.01703 1.01691
0.06226 0.00041 1.03038
0.05500 -0.02264 1.04806
-0.09694 0.01412 1.05626
-0.06781 0.00859 1.06953
-0.04477 -0.00017 1.08018
-0.07552 -0.03802 1.08706
-0.08302 0.00568 1.09317
-0.06797 -0.00929 1.10022
-0.41805 -0.19062 1.01202
-0.70550 -0.09352 0.85896
0.10198 0.02280 1.11791
0.47493 -0.07614 1.01611
-1.01944 -0.08330 0.45989
-0.19897 -0.03013 1.10514
-0.14799 -0.02774 1.11146
-0.99614 -0.09074 0.50521
-0.18080 -0.00774 1.10853
0.96578 -0.01471 0.57504
-0.06252 -0.00638 1.11856
-0.30078 -0.07115 1.07284
-0.83000 -0.10836 0.73080
1.01931 -0.00879 0.42819
-0.24909 -0.07649 1.07544
-0.94541 -0.05351 0.56250
-0.24196 -0.06194 1.06814
-0.19674 -0.07640 1.07629
-0.05885 -0.05146 1.08986
-0.17145 -0.06325 1.07846
-0.06506 -0.03928 1.09508
-0.99493 -0.09897 0.46195
-0.68570 -0.10868 0.85536
0.00497 -0.01203 1.10297
-0.10040 -0.03319 1.10087
-0.31771 -0.07129 1.05942
-0.23039 -0.05600 1.08572
-0.11917 0.01310 1.10185
0.00758 -0.00991 1.10807
-0.08812 -0.02059 1.11154
0.06048 -0.03439 1.11425
-0.43065 -0.06881 1.02977
-0.04211 -0.00580 1.11772
0.17215 -0.04915 1.10815
-0.86290 -0.09651 0.71542
0.11877 -0.05217 1.11482
-0.97994 -0.04923 0.54167
-0.14453 -0.05670 1.10795
0.01685 -0.02447 1.11369
0.10777 -0.03016 1.10781
0.03491 -0.00358 1.11390
0.13020 -0.04030 1.10143
-0.05013 -0.00513 1.10672
-0.08727 0.03724 1.10508
-0.49397 -0.10939 0.98271
0.38185 -0.00645 1.03069
-0.57637 -0.15710 0.91448
0.06213 -0.02169 1.08580
-0.17893 -0.07070 1.07488
-0.15836 -0.03803 1.07062
-0.37142 -0.08512 1.00974
-0.01682 -0.00253 1.07100
0.04442 -0.02947 1.06162
0.00060 0.00122 1.06588
0.26550 -0.10618 1.01608
0.79816 -0.06955 0.67613
-0.00213 0.01001 1.04510
-0.82485 -0.01740 0.63599
-0.90781 0.05717 0.49687
-0.16486 -0.03085 1.01339
-0.87813 0.00845 0.51878
-0.09228 -0.11269 1.00093
-0.12430 -0.15295 0.99320
0.03474 -0.04704 1.00531
-0.85458 -0.03125 0.51629
-0.68009 -0.05941 0.71998
-0.82817 -0.01466 0.53916
0.57507 -0.02718 0.80139
-0.62456 -0.03166 0.75711
-0.65830 -0.07508 0.71569
0.00343 -0.00308 0.97157
-0.07487 -0.00117 0.96124
0.02966 -0.00749 0.96471
-0.04501 -0.02606 0.95819
-0.02794 -0.00360 0.96031
-0.75961 -0.02423 0.57636
0.07332 -0.01386 0.93960
0.88601 -0.02292 0.32849
0.57063 -0.05067 0.74381
-0.05304 -0.01242 0.93213
0.83082 -0.07507 0.40148
0.58695 -0.04288 0.70103
0.65595 -0.02975 0.62818
-0.81731 -0.09399 0.35911
0.80606 -0.01300 0.36833
0.74297 -0.03507 0.46543
-0.11070 -0.04257 0.85148
-0.04145 -0.05613 0.84339
-0.74241 -0.05821 0.36914
0.77115 0.01538 0.27666
-0.70414 -0.03644 0.40235
-0.56418 -0.05015 0.57372
0.47780 -0.03545 0.64266
0.70962 0.01158 0.36549
-0.70611 -0.05305 0.36373
0.72776 -0.01046 0.31697
-0.68491 -0.06866 0.39981
-0.38365 -0.12746 0.68349
0.73431 0.01175 0.29756
0.18923 -0.01828 0.77823
0.73623 0.01588 0.27142
0.67230 -0.00229 0.41728
0.74758 0.00949 0.26498
0.02904 -0.00251 0.77836
0.72178 0.03144 0.32760
0.73982 0.01869 0.22791
-0.67133 0.03735 0.42585
0.74452 0.00822 0.27214
0.70525 -0.04900 0.32141
-0.34993 0.00341 0.71563
0.74083 -0.04723 0.29018
0.33284 -0.07760 0.70779
0.03128 0.02194 0.80312
-0.00858 -0.00370 0.79093
-0.02578 0.00097 0.80972
0.02078 -0.02249 0.81519
-0.08986 0.00037 0.79969
-0.72428 -0.05054 0.38620
0.74029 0.02195 0.33058
-0.71903 -0.04618 0.41175
-0.11103 -0.07427 0.82595
0.03423 -0.02464 0.82703
0.01188 -0.00310 0.84198
0.03433 -0.01785 0.84563
0.00120 -0.03156 0.84169
-0.06791 -0.01460 0.85263
-0.44849 -0.11318 0.71732
0.78924 -0.00980 0.35245
-0.67536 -0.05171 0.53793
-0.49307 -0.07433 0.69835
0.09092 -0.00525 0.86341
-0.05917 -0.02446 0.87076
0.08163 -0.02485 0.85924
-0.13166 -0.03462 0.86879
-0.07698 -0.01301 0.87692
-0.03274 -0.03431 0.87656
0.18544 -0.03455 0.86617
0.06223 -0.01087 0.86943
-0.06011 -0.04698 0.87952
-0.07911 -0.02238 0.87979
0.02811 0.01448 0.86415
0.03508 -0.03398 0.87324
0.12809 -0.03922 0.86046
0.02632 -0.00941 0.85223
0.05060 -0.03044 0.86608
0.05310 -0.02434 0.85662
0.02962 -0.02231 0.87174
-0.68983 -0.02865 0.53781
-0.63505 -0.02385 0.59303
-0.76383 -0.04174 0.42803
0.31933 -0.05375 0.82139
0.67800 -0.02846 0.56705
-0.03338 -0.01078 0.89671
0.80574 -0.00064 0.37190
-0.06691 -0.00456 0.89801
0.11719 -0.04051 0.89455
0.14890 -0.04324 0.88159
0.23446 -0.08487 0.87534
0.85985 -0.07290 0.30291
0.41698 -0.17422 0.78966
0.83637 -0.05533 0.39302
-0.07754 -0.02566 0.91897
-0.05009 -0.02274 0.93476
-0.02508 -0.03546 0.93991
0.03649 -0.01690 0.94044
0.64282 -0.06828 0.70041
0.87721 -0.04488 0.38925
-0.03100 0.04550 0.95510
0.22136 -0.05474 0.94475
-0.00001 0.02968 0.97083
0.03999 0.02732 0.98181
0.94171 -0.04386 0.30053
0.00544 -0.03261 0.98499
-0.88211 0.00037 0.47021
-0.13267 -0.08342 0.99309
-0.89037 -0.09656 0.46983
-0.94661 -0.01228 0.38767
0.89411 -0.01291 0.49894
-0.89798 -0.08357 0.49452
-0.70872 -0.08268 0.75136
-0.02028 -0.00524 1.03728
-0.16856 -0.06039 1.03320
0.10487 0.01356 1.04325
-0.74801 -0.08375 0.75036
0.14719 -0.06022 1.05198
0.02182 -0.03968 1.06443
-0.03225 -0.08670 1.06829
0.06702 -0.06488 1.07690
0.04960 -0.03247 1.08951
0.97900 -0.00502 0.47338
-0.05490 -0.09597 1.08902
-0.00640 -0.02759 1.10129
-0.12554 -0.06208 1.09786
-0.15457 -0.06964 1.09909
-0.02082 -0.01668 1.11798
-0.10372 -0.03370 1.11550
-0.86771 -0.10631 0.70547
-0.21255 -0.12902 1.10286
-0.33378 -0.14994 1.07607
-0.49449 -0.12001 1.02269
-0.76152 -0.08140 0.85367
-1.01157 -0.14133 0.53738
-0.74236 -0.17083 0.87664
-0.88276 -0.22299 0.73505
-0.99328 -0.17105 0.60038
-1.08772 -0.07698 0.46896
-0.40025 -0.10177 1.10138
-0.89776 -0.25967 0.73259
-0.82991 -0.25327 0.91273
-0.54970 -0.16480 0.98135
-0.27007 -0.12515 1.16990
-0.31594 -0.03559 1.17449
-0.81393 -0.15192 0.90352
-0.36424 -0.09367 1.17081
0.13470 0.04825 1.22532
-0.24652 -0.06297 1.21347
0.93160 -0.09939 0.82184
1.12398 -0.05822 0.54339
-0.74077 -0.12431 1.00458
-0.16889 -0.03185 1.25400
-0.07578 -0.03185 1.27350
-0.11771 -0.05792 1.26995
-0.81917 -0.22460 0.96236
-0.74158 -0.09123 1.05237
-0.02484 0.00115 1.29681
-0.28824 -0.04627 1.27918
-0.26712 -0.08584 1.29648
-0.79389 -0.12069 1.05427
-0.12653 -0.00053 1.32474
-0.18231 -0.08379 1.32427
-0.33148 -0.05041 1.30439
-0.14695 -0.05079 1.34786
-1.06241 -0.12795 0.84146
-1.08822 -0.07672 0.82561
-0.15814 -0.04537 1.36522
-0.24568 -0.01080 1.35865
-0.14819 -0.07070 1.37943
-0.05748 -0.03993 1.39258
-1.24624 -0.10370 0.62368
1.25489 0.03768 0.62437
-0.71077 -0.16338 1.19827
-0.04907 -0.00130 1.40972
-0.81847 -0.23688 1.12046
-0.96948 -0.14628 1.01618
-0.20012 -0.04458 1.39469
-0.06605 -0.03536 1.41036
-0.12453 -0.05629 1.40603
-0.12163 -0.03621 1.40599
-1.10666 -0.12261 0.86604
-0.50602 -0.18517 1.30120
-0.97894 -0.08046 1.01342
-1.06784 -0.10146 0.91766
-0.36551 -0.10537 1.35486
-0.84979 -0.19543 1.11126
-0.34272 -0.06055 1.37305
-0.99303 -0.21630 0.97236
1.27464 0.07868 0.57935
-0.29031 -0.15824 1.35835
0.22198 -0.11605 1.37137
-0.65962 -0.22082 1.20403
-0.24649 -0.09556 1.37004
-0.31091 -0.12617 1.35200
-0.56933 -0.11076 1.26214
-0.04999 -0.06016 1.38497
-0.75931 -0.21778 1.13432
-0.41153 -0.18236 1.31161
-0.90774 -0.17794 1.01931
-0.16044 -0.04302 1.36573
0.00792 0.01144 1.36918
-0.79148 -0.11489 1.10810
0.63150 -0.11375 1.20568
-1.14722 -0.10761 0.71350
-0.29970 -0.12837 1.31190
-0.10220 -0.01368 1.34423
-0.08164 0.00167 1.34292
-0.08219 0.01161 1.33676
-0.22618 -0.07712 1.31170
-0.07862 -0.01060 1.31933
-0.12645 -0.04237 1.29452
-0.81926 -0.14294 0.98452
-0.23885 -0.09039 1.24425
-0.60100 -0.21098 1.07239
-0.17338 -0.10304 1.20966
-0.83411 -0.16927 0.85437
-0.11105 -0.07038 1.18464
-0.09315 -0.01659 1.16372
-0.02067 0.02994 1.14670
-0.75934 -0.13563 0.81602
-0.12887 -0.04042 1.09453
0.98979 0.03782 0.44399
-0.81685 -0.14307 0.67479
-0.55110 -0.22071 0.88078
-0.61285 -0.19322 0.83071
-0.49362 -0.11776 0.90699
-0.87184 -0.15503 0.53254
-0.26046 -0.08032 0.98247
-0.55188 -0.12277 0.84128
-0.59804 -0.08086 0.80582
-0.56319 -0.14583 0.82637
-0.64195 -0.10609 0.77226
-0.73531 -0.12234 0.68758
-0.50185 -0.08443 0.87180
-0.25765 -0.08849 0.97514
-0.13124 -0.01311 1.00403
-0.20730 -0.01115 0.98013
-0.71176 -0.06016 0.70102
-0.55659 -0.02874 0.83455
-0.16360 -0.02798 0.99075
-0.69554 -0.08181 0.72992
-0.37916 -0.06059 0.92654
-0.53745 -0.14902 0.84430
-0.21471 -0.04607 0.99871
0.27824 -0.01064 0.97944
-0.23936 -0.07009 1.00352
-0.27129 -0.05634 1.00499
-0.64088 -0.09602 0.81197
-0.34882 -0.06738 0.99466
-0.61037 -0.10663 0.86089
-0.52391 -0.08338 0.90279
-0.45624 -0.06649 0.96119
-0.55349 -0.08438 0.89637
-0.46736 -0.12144 0.96277
-0.58307 -0.06606 0.90905
-0.40719 -0.04174 1.00170
-0.97988 -0.10953 0.48765
-1.01123 -0.10555 0.42943
-0.99524 -0.06578 0.44114
-0.65126 -0.08345 0.89133
-0.47634 -0.15613 0.98481
-0.64703 -0.10443 0.91378
-0.29624 -0.03150 1.09092
-0.62255 -0.04689 0.92836
-0.27164 -0.04374 1.10778
-1.01562 -0.01651 0.51434
-0.55733 -0.10870 0.97983
-0.46963 -0.10974 1.03920
-0.67549 -0.14024 0.90549
-0.69119 -0.13518 0.91861
-0.55461 -0.09600 1.01188
-0.95805 -0.04018 0.64317
-0.96864 -0.11263 0.63916
-0.26122 -0.10868 1.12877
-0.59885 -0.16550 0.99361
-0.45383 -0.15452 1.07274
-0.51671 -0.14909 1.05091
-0.29929 -0.09893 1.14157
0.88063 -0.17232 0.75873
-1.06013 -0.01651 0.50493
-0.51014 -0.13712 1.04385
-0.26771 -0.02304 1.14032
-0.73896 -0.13920 0.89384
-0.65219 -0.13505 0.95370
-0.62845 -0.11557 0.96982
-0.26792 -0.09615 1.11911
-0.09807 -0.05655 1.14484
-0.60447 -0.09545 0.95513
-0.02456 -0.02563 1.12447
-0.16493 -0.04273 1.09883
-0.35485 -0.04866 1.04384
-0.82550 -0.06290 0.69352
0.97458 -0.03869 0.41364
-0.56177 -0.13673 0.87262
-0.61525 -0.11297 0.80953
0.89426 -0.03732 0.47392
-0.13232 -0.03899 0.98446
0.86957 -0.01497 0.42479
-0.66708 -0.08411 0.68357
0.67383 -0.01063 0.64952
-0.48175 -0.12083 0.76372
-0.17649 -0.08109 0.86816
-0.51689 -0.12070 0.66456
-0.15096 -0.05675 0.82856
0.04085 -0.01286 0.81515
-0.70483 -0.04788 0.40994
0.02139 -0.03168 0.80990
0.54924 -0.04947 0.54573
0.02748 0.02429 0.78575
0.67310 0.00331 0.32284
-0.54218 -0.04992 0.52255
-0.14038 -0.06755 0.74244
-0.63006 -0.03870 0.34051
-0.31289 -0.16603 0.66605
0.48953 -0.07722 0.51645
-0.68141 -0.03096 0.33339
-0.64551 -0.00808 0.40210
-0.06440 -0.06700 0.72089
-0.00087 -0.05371 0.74391
-0.61187 -0.06120 0.36108
0.01754 -0.05427 0.73017
0.03965 -0.00050 0.72617
-0.03490 -0.04651 0.71101
0.08668 -0.01027 0.72776
-0.57123 -0.08295 0.42978
0.06317 -0.04584 0.72631
0.62013 -0.01691 0.39046
-0.64468 -0.01449 0.33960
-0.03588 -0.00888 0.73277
0.64991 0.00187 0.34787
0.67056 0.00497 0.31232
0.68522 0.01824 0.28846
-0.09805 -0.01998 0.74266
0.39557 -0.03329 0.63581
-0.00784 0.00270 0.75157
-0.01526 -0.00055 0.75082
0.09919 -0.02491 0.74606
-0.67343 -0.11095 0.30320
0.69017 0.05039 0.28865
-0.69117 -0.08253 0.28553
0.68917 0.03757 0.31082
0.63445 -0.00249 0.40872
-0.63073 -0.06441 0.41181
0.07329 -0.03962 0.73980
-0.03997 0.00984 0.73473
-0.64371 -0.04094 0.37350
0.64311 0.03534 0.32832
-0.04424 -0.12203 0.71936
0.05816 -0.02281 0.69797
-0.63942 0.00932 0.26011
-0.53684 -0.09449 0.43459
-0.33473 -0.11362 0.58554
0.65335 0.00904 0.21021
-0.65740 0.01027 0.23332
0.63818 0.00266 0.26369
0.61850 0.00601 0.33216
0.60659 -0.02684 0.33535
0.62790 -0.01532 0.28753
0.66931 0.00125 0.23717
-0.20427 -0.06078 0.66242
-0.46297 -0.08889 0.50694
-0.31879 -0.08870 0.63257
-0.24974 -0.02298 0.64385
0.66700 -0.00834 0.29418
-0.55144 -0.03676 0.44127
0.65750 0.01012 0.25495
-0.66792 -0.05960 0.29441
0.65726 0.00870 0.27132
0.00433 -0.03936 0.72195
0.70074 -0.00564 0.27938
0.04032 0.01211 0.73574
0.24938 -0.08266 0.71534
0.01380 -0.02315 0.75195
-0.68941 -0.05423 0.32090
-0.01487 -0.03907 0.77920
-0.02802 -0.04735 0.78141
-0.70056 -0.05314 0.37083
0.70641 0.00132 0.38947
0.58350 -0.04472 0.56363
-0.26216 -0.01788 0.78482
-0.73882 -0.03091 0.39411
-0.72862 -0.02989 0.42984
-0.78698 0.00770 0.34148
0.05350 -0.01813 0.86316
-0.08899 -0.04502 0.86411
0.05253 0.01443 0.88901
-0.00509 0.01220 0.89865
-0.08735 -0.04964 0.90155
-0.77542 0.03934 0.48327
-0.82530 0.01520 0.41204
-0.85506 -0.00324 0.37872
0.71796 -0.00818 0.61389
0.83195 -0.03948 0.47156
-0.87314 -0.03211 0.39349
-0.89248 -0.03001 0.38281
0.91560 0.01778 0.34868
0.92969 0.01740 0.32761
-0.91751 -0.00422 0.38408
-0.83049 -0.07184 0.55665
-0.91885 -0.06092 0.39692
-0.85812 -0.07568 0.52027
-0.93168 -0.06319 0.38148
0.93049 -0.00689 0.40111
0.92202 -0.03775 0.41801
0.94039 0.05130 0.37720
-0.86361 -0.05917 0.54350
-0.84600 0.01635 0.57480
0.53445 -0.02734 0.86529
-0.64963 -0.09545 0.77762
-0.95589 -0.05951 0.34991
-0.65855 -0.06483 0.77658
-0.73769 -0.04869 0.70338
-0.47309 -0.11588 0.89588
-0.55721 -0.11021 0.84230
-0.72043 -0.08531 0.71535
-0.28696 -0.01723 0.97395
-0.59867 -0.07833 0.82326
-0.84960 -0.06048 0.55543
-0.53562 -0.00344 0.86274
-0.80885 -0.03800 0.62201
-0.87501 -0.05752 0.50221
-0.08276 -0.04835 1.00229
-0.92758 -0.01754 0.39582
-0.83480 -0.12376 0.54974
0.95306 0.01560 0.32304
-0.57016 0.08970 0.82965
-0.95564 -0.02686 0.31810
-0.64572 -0.00988 0.76643
-0.90734 -0.07015 0.43586
-0.84420 -0.14163 0.52222
-0.21771 -0.01579 0.98515
-0.71937 -0.00275 0.70014
-0.73088 -0.12980 0.67047
-0.75397 -0.12898 0.65291
-0.62755 -0.11055 0.77141
-0.81198 -0.09058 0.58788
-0.33965 -0.03031 0.94616
-0.06160 -0.02261 1.01112
-0.81421 -0.06876 0.56938
-0.49675 -0.07947 0.86456
0.04954 -0.06323 0.99702
-0.79108 -0.10929 0.60690
-0.72606 -0.10170 0.68262
-0.81289 -0.09948 0.58507
-0.76713 -0.09268 0.64646
-0.65591 -0.09200 0.75450
-0.77291 -0.08471 0.63205
-0.29412 -0.06027 0.95583
-0.65364 -0.08778 0.75435
0.22770 -0.04571 0.97075
-0.82820 -0.13548 0.53340
-0.83107 -0.06596 0.53919
-0.77675 -0.11525 0.60243
-0.76976 -0.09730 0.60916
-0.87758 -0.05949 0.44273
-0.82226 -0.07043 0.53224
-0.64171 -0.07678 0.73032
-0.85168 -0.05556 0.47848
-0.01301 -0.00402 0.97441
-0.85891 -0.08064 0.43999
-0.60509 -0.11378 0.76045
-0.63221 -0.09196 0.67776
-0.74990 -0.06114 0.56921
-0.56922 -0.11475 0.72706
-0.48587 -0.12106 0.77225
-0.53485 -0.10318 0.72159
-0.82754 -0.01994 0.30950
-0.23444 -0.07629 0.82839
-0.28404 -0.11296 0.77566
-0.31992 -0.11767 0.73197
-0.55942 -0.12962 0.54507
-0.45860 -0.06273 0.60663
-0.20609 -0.06598 0.70676
-0.48705 -0.11186 0.51519
-0.47190 -0.04850 0.51487
-0.38810 -0.03628 0.57522
-0.65244 0.00941 0.24510
-0.35933 0.01295 0.59378
0.02010 -0.03023 0.68260
-0.62841 -0.02025 0.24054
-0.53576 -0.00997 0.40273
0.54041 0.00884 0.38310
0.20829 -0.01556 0.62165
0.58319 -0.00708 0.32070
0.59169 -0.00697 0.24332
-0.44604 -0.01486 0.47936
-0.57027 -0.01756 0.25741
0.55979 -0.01536 0.34520
0.34401 0.00467 0.51954
0.39906 0.01864 0.46974
0.37220 -0.00262 0.54203
-0.58125 0.04039 0.20567
0.62370 0.00397 0.23345
-0.59270 -0.01142 0.22136
-0.58400 -0.00242 0.26282
-0.58417 0.01259 0.35594
0.59094 -0.00785 0.26088
-0.59178 -0.02483 0.36003
0.09254 -0.00144 0.65270
0.11906 0.00801 0.64625
0.63153 -0.01486 0.30575
0.02051 -0.00411 0.67101
-0.63503 -0.05688 0.30474
0.45940 -0.00678 0.52167
-0.09546 -0.07004 0.69793
0.63137 0.00247 0.38342
-0.03706 -0.02039 0.73517
-0.66586 -0.07373 0.34798
0.00618 -0.01532 0.76908
-0.54735 -0.08960 0.54470
-0.68158 -0.05624 0.42665
-0.67920 -0.06926 0.43028
-0.59880 -0.06496 0.57008
-0.75009 -0.09513 0.37262
-0.71721 -0.05064 0.47395
0.78312 0.01232 0.39374
-0.15881 -0.06261 0.87633
-0.15407 -0.11044 0.88995
-0.01257 -0.02018 0.92142
-0.11588 -0.08024 0.92555
-0.10739 -0.01840 0.93488
-0.18872 -0.09377 0.93505
0.14834 0.00402 0.95868
-0.07425 -0.04600 0.97246
-0.42689 -0.11454 0.88869
-0.14258 -0.06914 0.98548
-0.02540 -0.03157 1.00551
-0.16125 -0.05033 1.00446
-0.23298 -0.10774 0.99599
-0.22808 -0.07866 1.00398
-0.85805 -0.08028 0.58494
-0.53590 -0.18985 0.87092
-0.31361 -0.08982 0.99981
-0.84853 -0.12390 0.60297
-0.33136 -0.08205 0.99640
-0.61774 -0.19450 0.83311
-0.50091 -0.12743 0.92717
-0.25045 -0.06757 1.02769
-0.92307 -0.07304 0.51572
-0.90329 -0.13964 0.55049
-0.89061 -0.12766 0.57852
-0.04107 -0.00779 1.06781
-0.03576 -0.02263 1.06277
-0.69538 -0.08874 0.81201
-0.76887 0.01980 0.72787
-0.36232 -0.07007 1.00235
-0.81599 -0.18938 0.67034
-0.95438 -0.04597 0.47696
-0.36415 -0.04876 1.00668
-0.28300 -0.12464 1.02217
0.87782 -0.06927 0.59702
-0.29126 -0.07406 1.03211
-0.06778 -0.01633 1.07215
-0.92499 -0.09496 0.54695
0.15782 -0.07900 1.07227
0.05073 -0.03650 1.08400
-0.96592 -0.15146 0.49408
0.45849 -0.08739 0.99368
-0.93035 -0.10204 0.59398
0.06215 -0.05146 1.10842
-0.04425 0.01287 1.11425
-0.30556 -0.11127 1.07028
0.00279 -0.04376 1.12024
0.36729 -0.09479 1.05856
-0.86560 -0.45075 0.57295
-0.86931 -0.32042 0.65785
0.72476 -0.21966 0.85429
-0.08442 0.01251 1.14313
-0.16902 0.00437 1.14728
-0.07659 -0.01824 1.15411
-0.04304 -0.06299 1.16110
-0.08821 -0.00115 1.16498
-0.06310 0.00400 1.17701
-0.09700 -0.02748 1.18208
-0.19906 -0.04559 1.17661
0.00463 -0.01568 1.20138
-0.07986 -0.05876 1.19609
-0.09311 0.01546 1.20763
-0.03967 -0.03594 1.21583
-0.15941 -0.04197 1.21534
-0.03740 0.00210 1.22723
-0.83997 -0.17697 0.88802
0.02862 -0.01048 1.24540
-0.21952 -0.09238 1.23294
-0.03803 -0.03144 1.25514
-0.77258 -0.21502 0.96939
-1.08794 -0.09213 0.63211
-0.40660 -0.12179 1.19635
-0.09405 0.07000 1.26798
0.07630 -0.08511 1.27560
0.38060 -0.09457 1.22504
-0.37049 -0.07688 1.22586
0.20292 -0.08242 1.27009
0.13433 -0.09114 1.28844
0.49803 -0.06666 1.20501
-0.60796 -0.03280 1.15282
1.11102 -0.04678 0.68322
-0.03391 -0.03776 1.29370
-0.71377 -0.20398 1.06715
-0.64070 -0.14001 1.12654
-0.33228 -0.07050 1.26558
-0.00552 -0.02269 1.32004
-0.17381 -0.05527 1.30983
-0.07843 0.01410 1.32628
-0.13531 -0.01221 1.32406
-0.90032 -0.08362 0.97333
-0.59969 -0.13433 1.18237
0.02686 -0.05038 1.34448
-0.08320 -0.00860 1.34680
-0.22087 -0.08547 1.33585
-0.50781 -0.06794 1.26138
-0.17222 0.03092 1.35423
-0.12931 -0.07874 1.35488
-0.09469 -0.03565 1.36305
-0.12811 -0.01415 1.36269
-0.25359 -0.04643 1.34180
-0.40333 -0.01484 1.31464
-0.15841 -0.07181 1.36349
-0.33383 -0.09467 1.33600
-0.40642 -0.09477 1.31515
-0.83380 -0.22484 1.07865
-0.28948 -0.12866 1.36090
-0.95880 -0.17871 0.99888
-0.85196 -0.16837 1.10124
-0.34847 -0.08696 1.36118
-0.32373 -0.12488 1.37546
-0.11793 0.00779 1.41947
-0.25505 0.01726 1.41267
-0.47841 0.03295 1.35158
-0.10146 -0.00964 1.43540
-0.19247 -0.02416 1.43215
-0.09082 -0.02879 1.44286
0.04364 -0.00613 1.44383
-0.06521 0.00340 1.45275
-0.53319 0.01351 1.35682
-1.29312 0.08223 0.67823
-0.34725 -0.09545 1.42903
-0.07198 0.01040 1.46830
-0.03766 -0.00009 1.47954
-0.08598 -0.02753 1.46220
-1.26162 -0.16076 0.74903
-0.08302 -0.03565 1.47105
-0.82145 0.01948 1.22860
-0.50755 -0.16249 1.37916
-0.01339 -0.01312 1.47091
-0.25138 -0.07293 1.45504
-0.09862 -0.02892 1.46930
-0.03379 0.00872 1.47886
-0.27093 -0.16793 1.44298
-0.85920 -0.08335 1.19384
-0.72392 -0.18401 1.28129
-0.26980 -0.07122 1.44690
-0.69672 -0.17273 1.27918
-1.00220 -0.17237 1.06130
-1.27430 -0.08598 0.72166
-0.13680 0.03655 1.46462
-0.32198 -0.07793 1.43195
-0.87473 -0.13537 1.16336
-0.21165 -0.13627 1.44225
-0.73579 -0.12463 1.26145
-1.00503 -0.13632 1.06098
-0.28906 -0.11073 1.43648
-0.39770 -0.13043 1.40545
-0.60114 -0.17157 1.32803
-0.26474 -0.06254 1.43920
0.20589 -0.09342 1.44340
-0.12769 0.00329 1.45045
-0.14863 -0.01750 1.45355
-0.18162 -0.00915 1.44494
-0.64087 -0.17482 1.29481
-0.74114 -0.12375 1.24686
-0.30996 -0.08742 1.42227
-0.11644 -0.01704 1.45323
-0.34270 -0.09803 1.41170
-0.11090 -0.00575 1.45771
-0.19933 -0.09870 1.43044
-0.23992 -0.11453 1.42458
-0.39984 -0.13834 1.39381
-0.97596 -0.11875 1.07588
-0.48174 -0.10196 1.37101
-0.87687 -0.17694 1.12910
-0.27325 -0.04805 1.41495
-0.97792 -0.15498 1.04813
-0.15039 -0.08793 1.43613
-0.06587 0.00543 1.44174
-0.10308 0.01161 1.44293
-0.14716 0.01667 1.43387
-0.05595 -0.02898 1.44266
-0.24353 -0.08042 1.41350
0.08768 0.02591 1.44078
-0.34076 -0.04840 1.40552
-0.42795 -0.02935 1.38458
-0.78271 -0.08997 1.21545
-0.66027 -0.15284 1.28028
-0.02743 -0.00825 1.45520
-0.03493 -0.03346 1.45163
-0.89512 -0.12691 1.13923
-0.69790 -0.08242 1.27269
-0.84415 -0.14819 1.17663
-0.04003 -0.03520 1.45219
-0.08081 -0.04058 1.44843
-0.00586 -0.02221 1.45413
-0.59866 -0.17224 1.30803
-1.07157 -0.15888 0.97752
-0.81648 -0.15770 1.18722
1.16712 0.02897 0.85635
-0.98757 -0.18248 1.03689
-0.32287 -0.10120 1.40915
-0.16348 -0.08700 1.43500
-0.77373 -0.24599 1.20053
-0.12642 -0.05084 1.45269
-0.81796 -0.20904 1.18582
-1.12729 -0.12613 0.92021
-1.24904 -0.21553 0.69979
-0.48208 -0.12940 1.35288
-0.13489 -0.06170 1.43254
-0.15450 -0.10626 1.43110
-0.13962 -0.03682 1.43301
-0.14291 -0.03861 1.42864
-0.19189 -0.04299 1.41711
0.08123 -0.08934 1.42808
-0.51550 -0.21125 1.31359
-0.57459 -0.13783 1.30732
-0.16836 -0.09508 1.41610
-0.49162 -0.10405 1.33413
0.11232 -0.02177 1.42403
-0.13619 -0.03245 1.42277
0.03081 -0.03751 1.42853
-0.11498 -0.02024 1.41943
-0.64465 -0.16236 1.26513
-0.06044 -0.01871 1.43378
0.02149 -0.00411 1.42992
-0.08529 -0.09067 1.42753
-0.12724 -0.04461 1.42193
-1.08898 -0.15566 0.90529
-0.38893 -0.21143 1.34891
-0.19835 -0.14154 1.39694
0.02593 -0.02492 1.41647
0.47363 -0.14404 1.33438
0.08195 -0.05933 1.41569
0.28936 -0.09386 1.38535
-0.37640 -0.10850 1.37016
0.86522 -0.17825 1.12180
1.30433 -0.21290 0.55312
-0.13762 0.00913 1.42653
1.17581 -0.15558 0.80121
-0.24238 -0.06446 1.40648
-0.16867 -0.03720 1.42318
-0.17379 -0.00872 1.42815
0.95651 -0.16120 1.05595
-0.34403 -0.09462 1.38788
-0.20152 -0.05887 1.42147
-1.08160 -0.05211 0.93111
-0.44785 -0.02332 1.36523
0.43891 0.00433 1.36925
0.19073 -0.08763 1.42353
-0.03196 0.00726 1.44623
-0.33245 -0.09097 1.40374
0.30323 -0.05059 1.41169
-0.44783 -0.10425 1.37626
-0.77056 0.12211 1.23017
1.14866 -0.04812 0.90079
-0.01912 0.03713 1.45634
-0.62087 -0.06656 1.32165
-1.02120 -0.00206 1.04015
-0.19675 -0.04212 1.45188
-0.22571 -0.07671 1.44734
-0.20566 -0.01784 1.44799
-0.12375 -0.04291 1.45318
-0.17019 -0.14912 1.44406
-0.13274 0.00238 1.46271
-0.76562 0.02461 1.25267
-0.21492 -0.00969 1.45702
0.02052 -0.02566 1.47169
-0.27262 -0.08296 1.44017
-0.31138 0.06346 1.43989
0.00127 -0.00817 1.47390
-0.24881 -0.04376 1.45583
-0.02407 -0.02894 1.47824
-0.06241 0.03436 1.47473
-0.31031 -0.09273 1.44617
-0.07869 -0.00593 1.48837
-0.28853 -0.16606 1.45526
0.03319 -0.01966 1.49710
-0.07434 -0.12670 1.49947
-0.05717 -0.06113 1.49620
-1.07179 -0.15040 1.02961
-0.25072 -0.08099 1.47207
-0.48395 -0.04820 1.42374
-1.38337 -0.11744 0.60746
-0.19305 -0.04291 1.49380
-0.15298 -0.08105 1.47964
-0.38471 -0.16756 1.42226
-0.15643 0.01639 1.48470
-0.16733 -0.06481 1.49040
-0.21059 -0.05069 1.47912
-0.31951 -0.00966 1.45965
1.39077 -0.02749 0.53532
-0.15523 0.02111 1.49289
-1.41128 -0.04174 0.53001
0.17165 -0.05166 1.49813
1.38142 -0.07184 0.58135
0.52976 -0.15299 1.39325
-1.30803 -0.06022 0.70942
0.03460 -0.01924 1.48983
0.17266 -0.04577 1.48075
0.53248 -0.07434 1.39436
0.99436 -0.11205 1.10791
0.14477 -0.08412 1.47702
1.21656 -0.07017 0.86389
-0.04797 -0.05632 1.48465
1.12138 -0.15605 0.96356
-1.16694 -0.07882 0.91879
1.33332 -0.10779 0.64813
-0.06523 -0.03517 1.48444
-0.29148 -0.06964 1.45683
-0.18907 -0.09992 1.46928
-0.17367 -0.13063 1.46367
-0.18876 -0.01818 1.47119
-0.43835 -0.06186 1.42124
-0.19807 -0.10294 1.46791
-0.18151 -0.08562 1.46724
-0.08822 -0.07735 1.49234
-0.01299 0.04060 1.49237
-0.50073 -0.14992 1.40569
-0.07916 0.00283 1.48817
-0.28511 -0.13312 1.47502
-0.41190 -0.11284 1.43257
-0.37991 0.01368 1.45831
-0.44607 -0.01589 1.42678
-0.03970 0.00207 1.49525
-0.20983 0.01675 1.47514
-1.18056 -0.08374 0.89919
-0.77877 -0.17317 1.25453
-0.47086 -0.05497 1.41858
-0.06454 0.01286 1.49740
-0.04185 -0.02615 1.48997
-0.09559 -0.07494 1.48593
-1.31248 -0.12694 0.67997
0.02925 -0.04930 1.47823
1.19149 0.08165 0.86860
0.95602 0.01219 1.12745
-1.20241 -0.06204 0.83648
-0.03314 -0.12994 1.45921
-1.39178 -0.03015 0.45453
-1.19909 -0.04238 0.84948
-1.31223 -0.03265 0.69343
1.39519 0.01149 0.45982
1.38323 0.09323 0.45640
-0.21628 -0.20788 1.40269
-1.19868 -0.23113 0.73159
-0.21286 -0.09406 1.39584
1.22483 -0.09017 0.67928
0.21441 -0.09439 1.36310
-0.33755 -0.10959 1.31487
-0.43348 -0.10814 1.27248
-0.60011 -0.13010 1.18260
-0.78204 -0.09647 1.05446
-0.36460 -0.12851 1.23156
-0.50015 -0.12244 1.16801
-0.85044 -0.08776 0.93925
-0.45977 -0.08091 1.13853
-0.44955 -0.10485 1.12162
-0.96675 -0.06802 0.71532
-1.04617 -0.02401 0.54829
-0.63436 -0.12911 0.94643
-0.11710 -0.07313 1.09557
-0.14014 -0.08629 1.06560
-0.20926 -0.06950 1.02878
-0.23923 -0.05236 0.99402
0.74095 -0.07115 0.64088
-0.13900 -0.02080 0.93644
-0.59279 -0.09077 0.68269
0.80144 -0.01768 0.37224
-0.67989 -0.03757 0.50324
-0.61695 -0.06591 0.53072
0.73593 0.02437 0.28472
-0.52736 -0.07236 0.54336
-0.67410 -0.03778 0.28910
-0.60608 -0.03878 0.36342
-0.52110 -0.03640 0.42970
0.40008 -0.01341 0.51017
-0.55997 -0.01099 0.26830
0.57310 0.01930 0.18439
-0.54867 -0.08219 0.22512
-0.52372 -0.05906 0.26072
0.55040 0.06085 0.17994
0.52429 0.07017 0.21318
-0.51848 -0.08237 0.21010
0.46502 0.03986 0.28671
-0.49902 -0.07046 0.20057
0.45072 0.04957 0.28305
0.49357 0.00418 0.18143
-0.47218 -0.02383 0.18286
0.46736 0.01147 0.19868
0.47124 0.03522 0.18860
-0.45184 -0.00876 0.22335
0.46283 0.02630 0.20878
0.40270 0.01308 0.30499
0.47246 0.01061 0.18404
0.47241 0.00934 0.21733
0.46358 0.00824 0.23571
0.49917 0.05530 0.17209
0.49770 0.01513 0.20259
0.51009 0.00788 0.19082
0.52303 -0.00812 0.18057
0.49020 0.00272 0.26878
0.40378 -0.00869 0.39481
0.43848 -0.01847 0.37592
0.41921 -0.01884 0.40553
0.32442 -0.02202 0.49639
0.40122 -0.03561 0.45636
0.42125 -0.00244 0.44612
0.02777 0.01458 0.62745
-0.58070 -0.02172 0.25356
0.58104 0.02446 0.30021
-0.00215 -0.01798 0.66013
-0.02331 -0.02541 0.67204
0.27352 -0.03498 0.62247
-0.42578 -0.07251 0.54433
-0.62619 -0.04100 0.32442
-0.60649 -0.05609 0.37957
-0.50729 -0.05324 0.52095
-0.65478 -0.06941 0.32683
-0.63124 -0.05805 0.39885
-0.68028 -0.07304 0.32432
-0.63289 -0.08357 0.42763
0.69960 0.01860 0.32476
0.55681 -0.00345 0.55129
0.69220 0.00758 0.38861
0.69340 -0.00248 0.40826
0.75769 -0.03047 0.29745
-0.18120 -0.05427 0.80076
-0.70945 -0.07121 0.42727
-0.62976 -0.04845 0.56148
-0.04018 0.01739 0.85290
-0.03937 -0.01203 0.85792
-0.23630 -0.09042 0.82685
-0.72914 -0.04818 0.45021
-0.00621 0.00383 0.85175
-0.74386 -0.05077 0.39142
-0.04143 0.02345 0.83728
0.01493 0.03433 0.82819
-0.69077 -0.07310 0.43891
-0.72222 -0.09676 0.35596
-0.04341 0.01523 0.79876
-0.61682 -0.08346 0.48718
0.71309 -0.01998 0.31215
-0.32268 -0.01350 0.69859
-0.69767 -0.01144 0.31549
0.72885 -0.01004 0.22503
-0.58152 -0.01549 0.47766
-0.66336 -0.01422 0.32373
-0.66094 0.02401 0.30323
-0.53692 0.00523 0.48761
-0.13390 0.01174 0.70977
-0.64130 -0.00662 0.31450
-0.57727 0.02987 0.41201
0.64536 -0.06460 0.26374
-0.01827 -0.03213 0.69893
-0.03420 -0.02349 0.70499
-0.00556 -0.00080 0.71284
0.04104 0.01248 0.71672
0.63869 0.00672 0.33690
-0.01537 0.00472 0.71978
-0.03858 -0.02258 0.72003
-0.01770 -0.04520 0.71836
