0.03039 23.87319 13.71102
0.01688 11.79838 6.76390
0.01185 7.20004 4.12621
0.00234 1.30710 0.74892
0.01336 6.91490 3.96274
0.02457 11.80270 6.76638
0.01084 4.92749 2.82353
0.01576 6.73168 3.85770
0.01964 7.89796 4.52637
0.03588 13.52694 7.75628
0.01313 4.85741 2.78336
0.00866 3.10424 1.77867
0.02144 7.27795 4.17088
0.02086 6.82201 3.90948
0.03515 11.05541 6.33751
0.02073 6.23013 3.57018
0.03035 8.75501 5.01786
0.04256 11.61621 6.65935
0.04816 12.56319 7.20292
0.02168 5.35021 3.06581
0.03156 7.39442 4.23765
0.02466 5.49309 3.14771
0.05640 11.92114 6.83436
0.03543 7.16312 4.10504
0.03513 6.79277 3.89272
0.05800 10.69106 6.12845
0.04218 7.40937 4.24623
0.07351 12.37413 7.09439
0.09346 15.01376 8.61035
0.06876 10.63609 6.09690
0.04676 6.96537 3.99167
0.04837 6.94307 3.97888
0.04086 5.70562 3.26952
0.03794 5.13666 2.94341
0.02802 3.70093 2.12059
0.02223 2.87317 1.64626
0.02899 3.66159 2.09805
0.08085 10.11201 5.79623
0.06700 8.31915 4.76790
0.06911 8.53518 4.89178
0.05028 6.20618 3.55645
0.04325 5.29923 3.03659
0.07962 9.70848 5.56473
0.06838 8.31271 4.76420
0.03884 4.69098 2.68798
0.06282 7.57616 4.34186
0.05128 6.13771 3.51720
0.06783 8.10230 4.64355
0.04110 4.89971 2.80761
0.09086 10.80305 6.19271
0.03849 4.57380 2.62082
0.02607 3.09335 1.77243
0.05324 6.30608 3.61372
0.03981 4.73077 2.71079
0.04025 4.76647 2.73124
0.06442 7.56532 4.33564
0.05393 6.38529 3.65912
0.12896 15.43357 8.85158
0.13498 16.26065 9.32696
0.00339 0.41038 0.23513
0.02093 2.51277 1.43975
0.02114 2.53553 1.45279
0.02803 3.35926 1.92481
0.03936 4.71670 2.70272
0.05477 6.60601 3.78566
0.26094 31.72456 18.25394
0.07014 8.63695 4.95015
0.05409 6.72602 3.85445
0.07582 9.47030 5.42811
0.07283 9.06457 5.19540
0.05969 7.41875 4.25160
0.06049 7.46484 4.27803
0.13882 16.87147 9.67814
0.12856 15.32705 8.79037
0.13034 15.18798 8.71046
0.16699 19.05623 10.93500
0.12171 13.64605 7.82469
0.09707 10.68335 6.12402
0.12206 13.19701 7.56683
0.18821 19.96584 11.45867
0.01654 1.72067 0.98588
0.06694 6.85404 3.92785
0.04910 4.95757 2.84077
0.14686 14.66740 8.41135
0.14828 14.57511 8.35833
0.27956 27.16875 15.61482
0.56480 54.58113 31.67449
0.03795 3.64454 2.08829
0.02941 2.83089 1.62203
0.12782 12.32664 7.06712
0.06026 5.82356 3.33713
0.02133 2.06223 1.18159
0.00648 0.62807 0.35986
0.00783 0.76206 0.43663
0.00506 0.49350 0.28276
0.02875 2.80878 1.60937
0.04989 4.91329 2.81539
0.05747 5.68179 3.25586
0.03820 3.79645 2.17534
0.02852 2.83103 1.62212
0.08220 8.19542 4.69695
0.04502 4.52159 2.59090
0.02806 2.83882 1.62658
0.03781 3.84906 2.20549
0.07172 7.30659 4.18730
0.07100 7.27219 4.16757
0.03823 3.92446 2.24869
0.04875 4.97952 2.85335
0.04179 4.28124 2.45316
0.06250 6.45031 3.69640
0.07722 8.10330 4.64412
0.07837 8.26093 4.73451
0.02303 2.42135 1.38737
0.04342 4.56023 2.61304
0.06989 7.35113 4.21284
0.07601 8.00673 4.58875
0.07716 8.12743 4.65796
0.13110 13.92854 7.98693
0.07836 8.33027 4.77427
0.17200 18.33818 10.52178
0.21339 22.84247 13.11640
0.04424 4.75401 2.72410
0.07421 7.96548 4.56509
0.05868 6.27976 3.59863
0.08347 8.99177 5.15364
0.09684 10.40432 5.96393
0.09810 10.55304 6.04925
0.03701 4.01045 2.29797
0.02586 2.78939 1.59826
0.08889 9.65702 5.53522
0.09509 10.37531 5.94729
0.04532 4.98907 2.85882
0.39306 43.16144 24.92578
0.09107 9.93101 5.69239
0.01224 1.33529 0.76507
0.04115 4.53028 2.59588
0.03415 3.78722 2.17005
0.09568 10.60297 6.07791
0.88293 97.52445 58.36883
0.08567 9.45255 5.41793
0.08886 9.84157 5.64108
0.67215 74.14246 43.51911
0.06688 7.35492 4.21501
0.04492 4.97409 2.85024
0.05309 5.90099 3.38151
0.14204 15.83872 9.08443
0.05080 5.69003 3.26059
0.08732 9.75640 5.59223
0.05720 6.36804 3.64924
0.03138 3.47899 1.99342
0.01556 1.72356 0.98754
0.03862 4.32179 2.47640
0.04419 4.93684 2.82889
0.02549 2.84676 1.63113
0.06642 7.38561 4.23260
0.11881 13.23651 7.58951
0.74012 82.56397 48.76419
0.08765 9.78405 5.60809
0.07290 8.13888 4.66452
0.05832 6.50509 3.72780
0.05643 6.29611 3.60800
0.05330 5.95163 3.41054
0.04906 5.49612 3.14944
0.09511 10.58218 6.06598
0.07299 8.14368 4.66727
0.04019 4.50172 2.57951
0.04226 4.73670 2.71418
0.05342 6.01808 3.44863
0.07377 8.28466 4.74812
0.10346 11.62841 6.66635
0.06274 7.06007 4.04596
0.03674 4.11145 2.35585
0.06315 7.14027 4.09195
0.05820 6.66066 3.81698
0.16792 19.26162 11.05323
0.05209 5.96515 3.41829
0.13359 15.30028 8.77499
0.14948 17.18815 9.86025
0.10543 12.22470 7.00860
0.24673 28.74377 16.52620
0.19594 22.98002 13.19573
0.01614 1.89913 1.08814
0.32728 38.71251 22.32153
0.04362 5.21177 2.98646
0.08338 9.90299 5.67632
0.48735 58.50300 34.01717
0.51971 62.04225 36.14392
0.24621 29.88399 17.18663
0.40489 49.65583 28.75141
0.04834 5.96218 3.41658
0.13952 17.25726 9.89999
0.05735 7.07286 4.05329
0.04126 5.12295 2.93556
0.02913 3.65759 2.09576
0.02649 3.33631 1.91165
0.01127 1.42093 0.81414
0.04529 5.79181 3.31893
0.09108 11.75599 6.73957
0.52953 69.25844 40.52139
0.06899 9.06041 5.19301
0.11613 15.11352 8.66767
0.19497 25.27175 14.51846
0.04213 5.52044 3.16338
0.24673 32.90160 18.93731
0.22996 30.88018 17.76410
0.13122 17.50894 10.04474
0.06385 8.40569 4.81752
0.05540 7.31374 4.19140
0.02656 3.51247 2.01260
0.03710 4.94805 2.83531
0.01599 2.14057 1.22648
0.09624 12.76717 7.32003
0.05926 7.91497 4.53613
0.06044 8.07884 4.63009
0.12127 16.24121 9.31579
0.12837 17.44688 10.00905
0.02091 2.85449 1.63556
0.04699 6.45077 3.69666
0.02689 3.72273 2.13309
0.05342 7.45815 4.27420
0.15049 20.87162 11.98037
0.08758 12.19009 6.98874
0.27008 38.01631 21.91509
0.03114 4.44020 2.54426
0.14160 20.30325 11.65298
0.23350 33.67948 19.38930
0.04490 6.52788 3.74087
0.01578 2.29995 1.31780
0.08252 12.11719 6.94689
0.03080 4.56344 2.61489
0.02862 4.28498 2.45530
0.06307 9.60036 5.50272
0.03663 5.58565 3.20076
0.03755 5.87713 3.36783
0.01814 2.82672 1.61964
0.06266 9.85418 5.64832
0.02051 3.22406 1.84733
0.07952 12.60565 7.22729
0.03503 5.63325 3.22804
0.03095 5.03693 2.88625
0.01695 2.79045 1.59886
0.04492 7.36013 4.21800
0.02155 3.50126 2.00617
0.02569 4.08580 2.34115
0.04665 7.38752 4.23370
0.06742 10.66687 6.11457
0.01216 1.95444 1.11983
0.03657 5.90371 3.38307
0.04017 6.47501 3.71056
0.05724 9.16244 5.25153
0.05816 9.25846 5.30660
0.03232 5.05349 2.89575
0.04020 6.25604 3.58503
0.04287 6.63447 3.80197
0.05007 7.72348 4.42633
0.04439 6.86523 3.93426
0.04151 6.41632 3.67691
0.04274 6.58752 3.77505
0.06249 9.52981 5.46225
0.04807 7.20636 4.12983
0.04906 7.25418 4.15725
0.01825 2.70725 1.55119
0.01311 1.94338 1.11349
0.07064 10.27810 5.89151
0.05362 7.77630 4.45662
0.07011 9.94654 5.70130
0.09714 13.59241 7.79389
0.07713 10.86983 6.23103
0.05265 7.31483 4.19202
0.13754 18.82004 10.79907
0.13790 18.49003 10.60916
0.22619 30.25030 17.39892
0.10036 13.36321 7.66227
0.07290 9.70812 5.56453
0.04470 5.93590 3.40152
0.02062 2.74251 1.57139
0.05784 7.73843 4.43490
0.07699 10.29622 5.90191
0.05452 7.32585 4.19834
0.01871 2.51047 1.43843
0.02824 3.76388 2.15667
0.07635 10.20873 5.85171
0.03655 4.88699 2.80032
0.10121 13.52898 7.75746
0.06373 8.56801 4.91061
0.05129 6.88326 3.94460
0.06407 8.67724 4.97325
0.04144 5.57647 3.19550
0.04504 6.05871 3.47192
0.03981 5.32299 3.05021
0.03630 4.85670 2.78296
0.03892 5.24234 3.00398
0.03416 4.59066 2.63048
0.02226 2.99211 1.71442
0.02957 3.93037 2.25208
0.03786 5.05416 2.89613
0.02618 3.46748 1.98682
0.04136 5.44528 3.12030
0.01060 1.39325 0.79828
0.04041 5.29406 3.03363
0.03380 4.40896 2.52635
0.04536 5.85390 3.35452
0.02912 3.75211 2.14993
0.06807 8.68133 4.97560
0.02779 3.55262 2.03561
0.03885 4.94028 2.83086
0.04962 6.29790 3.60903
0.01562 1.97974 1.13432
0.01741 2.19861 1.25973
0.04821 6.04845 3.46603
0.03581 4.50778 2.58299
0.03817 4.76930 2.73287
0.06796 8.47747 4.85869
0.05460 6.82674 3.91220
0.04650 5.85372 3.35441
0.03974 5.03684 2.88620
0.09298 11.75988 6.74180
0.04994 6.27858 3.59795
0.07541 9.53314 5.46416
0.08643 11.08031 6.35180
0.10390 13.32068 7.63784
0.10360 13.20476 7.57128
0.05204 6.54956 3.75329
0.11326 14.14933 8.11375
0.04923 6.12531 3.51009
0.05641 7.01159 4.01817
0.07517 9.38728 5.38049
0.06304 7.97771 4.57211
0.11963 15.12255 8.67286
0.08367 10.55437 6.05002
0.09608 12.11178 6.94379
0.09691 12.23716 7.01576
0.06784 8.49929 4.87120
0.09215 11.44499 6.56108
0.05465 6.77351 3.88168
0.10716 13.21526 7.57731
0.08200 10.09746 5.78788
0.07933 9.70387 5.56209
0.10326 12.71396 7.28948
0.09917 12.41430 7.11744
0.25921 32.47644 18.69039
0.19790 24.86186 14.28174
0.13244 16.32030 9.36125
0.23489 28.76197 16.53673
0.08207 10.10881 5.79439
0.12828 15.81051 9.06822
0.09558 11.68818 6.70065
0.03762 4.57991 2.62432
0.08197 10.03015 5.74927
0.09912 12.13995 6.95996
0.11837 14.53929 8.33775
0.08174 10.04631 5.75854
0.09819 12.02171 6.89209
0.08820 10.78563 6.18271
0.10145 12.37811 7.09667
0.05826 7.12854 4.08522
0.06704 8.22736 4.71526
0.08335 10.23736 5.86814
0.05068 6.24792 3.58038
0.06249 7.64986 4.38412
0.06295 7.69405 4.40945
0.04656 5.68126 3.25556
0.05349 6.56438 3.76179
0.05497 6.68825 3.83280
0.04468 5.41343 3.10205
0.06397 7.76727 4.45144
0.05189 6.31827 3.62070
0.06522 7.99038 4.57937
0.14223 17.43814 10.00402
0.06021 7.34144 4.20728
0.04742 5.79382 3.32008
0.05718 7.01663 4.02106
0.05601 6.89839 3.95327
0.04114 5.06306 2.90123
0.04404 5.36906 3.07662
0.06014 7.36719 4.22205
0.08312 10.18264 5.83675
0.06544 8.05416 4.61594
0.04909 6.04900 3.46635
0.07628 9.31537 5.33924
0.05002 6.11281 3.50293
0.06912 8.38144 4.80362
0.04763 5.76251 3.30213
0.06337 7.64261 4.37996
0.07975 9.68312 5.55019
0.08251 10.06229 5.76770
0.05018 6.15219 3.52550
0.07627 9.25857 5.30667
0.03957 4.74796 2.72063
0.06002 7.12030 4.08049
0.05348 6.35545 3.64202
0.06719 7.91284 4.53491
0.06251 7.31399 4.19154
0.17008 19.82035 11.37490
0.08600 9.98846 5.72535
0.09027 10.43464 5.98132
0.05792 6.66261 3.81810
0.06095 7.05077 4.04063
0.07425 8.52510 4.88600
0.11392 13.08488 7.50244
0.08686 9.88491 5.66594
0.09554 10.77437 6.17625
0.06374 7.14352 4.09380
0.13081 14.50737 8.31942
0.14050 15.45074 8.86145
0.09593 10.58226 6.06602
0.10949 12.12989 6.95418
0.04660 5.20042 2.97996
0.09286 10.43475 5.98139
0.08164 9.14570 5.24193
0.12227 13.64797 7.82579
0.17184 18.97421 10.88780
0.07762 8.44933 4.84255
0.07672 8.29741 4.75543
0.10062 10.86676 6.22927
0.08836 9.54789 5.47262
0.13088 13.29189 7.62131
0.12335 12.23296 7.01335
0.17289 17.11309 9.81708
0.09663 9.79387 5.61372
0.09690 9.88100 5.66370
0.09138 9.30746 5.33471
0.05872 5.99448 3.43510
0.04942 5.01346 2.87280
0.03038 3.08581 1.76811
0.07604 7.74325 4.43767
0.05999 6.22250 3.56581
0.06822 6.98927 4.00537
0.03483 3.59521 2.06002
0.03147 3.23216 1.85197
0.02989 3.09777 1.77496
0.01848 1.90687 1.09257
0.04268 4.43236 2.53976
0.07341 7.63015 4.37282
0.09389 9.77202 5.60118
0.05703 5.99516 3.43549
0.08907 9.30228 5.33173
0.10260 10.78349 6.18148
0.03332 3.50018 2.00556
0.03344 3.53815 2.02732
0.04186 4.41560 2.53016
0.05125 5.39021 3.08874
0.02919 3.07277 1.76064
0.07118 7.50738 4.30242
0.03740 3.94268 2.25913
0.06818 7.24405 4.15144
0.07509 7.98064 4.57379
0.08212 8.78982 5.03782
0.08656 9.20852 5.27796
0.03325 3.51580 2.01451
0.06626 6.97225 3.99561
0.07491 7.84849 4.49801
0.01047 1.09997 0.63024
0.05023 5.28121 3.02626
0.15346 16.11257 9.24184
0.20877 21.78352 12.50585
0.03038 3.15342 1.80685
0.06069 6.28475 3.60149
0.09503 9.80150 5.61810
0.06891 7.04186 4.03552
0.06744 6.87988 3.94266
0.04248 4.37702 2.50805
0.01216 1.25396 0.71847
0.03404 3.49643 2.00341
0.02184 2.22444 1.27453
0.04603 4.65679 2.66839
0.01365 1.37946 0.79038
0.00688 0.69226 0.39664
0.02795 2.80749 1.60863
0.02551 2.54993 1.46104
0.00851 0.85130 0.48776
0.02558 2.54884 1.46042
0.03046 3.02878 1.73543
0.03076 3.04628 1.74546
0.03101 3.07494 1.76188
0.02533 2.49068 1.42709
0.06446 6.36029 3.64479
0.14838 14.63429 8.39233
0.29526 29.07866 16.72011
0.01873 1.85470 1.06268
0.00267 0.26479 0.15172
0.02433 2.40576 1.37843
0.03723 3.66030 2.09731
0.01247 1.22322 0.70086
0.03034 2.97350 1.70376
0.02507 2.47708 1.41930
0.01969 1.95615 1.12081
0.05555 5.51626 3.16098
0.03826 3.79288 2.17329
0.05715 5.61325 3.21658
0.05011 4.93136 2.82574
0.09994 9.83197 5.63557
0.05290 5.19954 2.97945
0.06020 5.94944 3.40928
0.04765 4.69989 2.69308
0.06920 6.85683 3.92944
0.03221 3.17134 1.81712
0.09244 9.09058 5.21032
0.04454 4.39893 2.52060
0.02125 2.09607 1.20098
0.11921 11.78221 6.75462
0.03091 3.04825 1.74659
0.12187 12.01451 6.88795
0.12741 12.58937 7.21795
0.05251 5.20076 2.98015
0.05359 5.32196 3.04962
0.05727 5.71496 3.27487
0.05891 5.89325 3.37707
0.02049 2.05778 1.17904
0.03714 3.74395 2.14525
0.04906 4.99313 2.86115
0.05880 6.04656 3.46495
0.07316 7.60653 4.35927
0.02694 2.83497 1.62437
0.04892 5.21867 2.99042
0.05131 5.54813 3.17925
0.01423 1.55900 0.89325
0.03537 3.95389 2.26556
0.03239 3.68875 2.11362
0.02698 3.14154 1.80004
0.01848 2.19633 1.25843
0.21302 25.85842 14.85737
0.01627 2.01759 1.15602
0.03637 4.57779 2.62311
0.03488 4.44974 2.54973
0.01360 1.76274 1.00999
0.01821 2.39844 1.37424
0.00414 0.55493 0.31795
0.02951 4.00283 2.29360
0.00729 1.00718 0.57708
0.01926 2.71812 1.55741
0.03103 4.42517 2.53564
0.00833 1.18974 0.68167
0.04264 6.06922 3.47794
0.03119 4.36571 2.50157
0.09736 13.52487 7.75510
0.01669 2.30283 1.31945
0.00373 0.51055 0.29253
0.00791 1.08542 0.62191
0.01694 2.31124 1.32428
0.02048 2.79657 1.60237
0.00487 0.66022 0.37828
0.00840 1.12441 0.64424
0.01311 1.73344 0.99320
0.04763 6.13474 3.51550
0.06805 8.64038 4.95212
0.03022 3.82956 2.19431
0.02548 3.23567 1.85398
0.07187 9.09477 5.21272
0.06881 8.67148 4.96995
0.02126 2.63918 1.51218
0.02977 3.69404 2.11665
0.05459 6.74897 3.86761
0.04564 5.70825 3.27103
0.05637 7.11683 4.07851
0.01034 1.31043 0.75083
0.10650 13.56740 7.77952
0.07998 10.29289 5.90000
0.03180 4.12444 2.36330
0.09294 12.22971 7.01148
0.06926 9.17251 5.25731
0.03896 5.23867 3.00188
0.07905 10.83565 6.21141
0.05215 7.23871 4.14838
0.04697 6.57302 3.76674
0.07982 11.26245 6.45632
0.13542 18.85135 10.81708
0.15298 21.74885 12.48587
0.09093 12.78373 7.32953
0.02002 2.79930 1.60393
0.04613 6.51153 3.73149
0.07455 10.19759 5.84533
0.06616 9.08333 5.20616
0.04617 6.16506 3.53288
0.04455 5.89494 3.37804
0.02459 3.26280 1.86953
0.00601 0.78926 0.45221
0.02180 2.85477 1.63572
0.00903 1.17611 0.67387
0.01238 1.59942 0.91641
0.02830 3.68457 2.11122
0.05956 7.85884 4.50395
0.01991 2.64183 1.51370
0.04597 6.08165 3.48507
0.02377 3.05095 1.74813
0.04703 5.92575 3.39570
0.07157 9.08044 5.20450
0.05969 7.78946 4.46416
0.05556 7.48729 4.29090
0.05246 6.97130 3.99507
0.03370 4.40213 2.52244
0.19745 25.64470 14.73389
0.01891 2.50784 1.43693
0.04144 5.66216 3.24461
0.00370 0.51601 0.29565
0.04584 6.42281 3.68063
0.02809 3.95440 2.26585
0.04627 6.61090 3.78846
0.02028 2.95412 1.69265
0.03146 4.64839 2.66357
0.05361 8.04194 4.60894
0.03753 5.66463 3.24603
0.01672 2.55703 1.46511
0.02853 4.39070 2.51589
0.03936 6.20752 3.55722
0.03022 4.81247 2.75761
0.05118 8.54175 4.89555
0.03603 6.26561 3.59051
0.03077 5.51146 3.15823
0.05731 10.73991 6.15647
0.03437 6.63751 3.80371
0.04033 8.20451 4.70216
0.05696 12.49090 7.16142
0.01891 4.39151 2.51635
0.03187 7.85262 4.50038
0.03086 8.15550 4.67405
0.02157 5.87131 3.36450
0.02662 7.56756 4.33693
0.00953 2.82881 1.62084
0.01404 4.35725 2.49672
0.01580 5.18437 2.97076
0.00859 2.99570 1.71648
0.01237 4.65968 2.67004
0.00441 1.78500 1.02275
0.00598 2.64934 1.51801
0.01475 7.30377 4.18568
0.00850 4.79341 2.74669
0.00694 4.34740 2.49107
0.01897 12.53121 7.18456
0.00880 5.84572 3.34983
0.00491 3.21720 1.84340
0.03471 22.06049 12.66550
0.01199 7.82709 4.48574
0.00940 6.35992 3.64458
0.01796 12.22033 7.00610
0.01556 10.57377 6.06115
0.02175 14.50911 8.32042
0.01079 6.63351 3.80142
0.01206 6.79692 3.89510
0.03077 15.70953 9.01018
0.00671 3.12181 1.78874
0.00992 4.38088 2.51026
0.00529 2.25657 1.29295
0.00176 0.70904 0.40625
0.02573 10.21745 5.85672
0.21045 79.58746 46.89858
0.05462 20.14795 11.56354
0.23526 86.43898 51.21387
0.01481 5.10215 2.92363
0.01651 5.47346 3.13645
0.03377 11.18394 6.41127
0.02063 6.30707 3.61428
0.00983 2.90188 1.66271
0.00996 2.95865 1.69524
0.01433 3.91242 2.24180
0.01194 3.29042 1.88536
0.01345 3.41403 1.95619
0.03620 8.84889 5.07170
0.02849 6.95275 3.98444
0.02570 5.82591 3.33847
0.01749 3.80720 2.18150
0.04908 10.46335 5.99779
0.01794 3.61191 2.06959
0.00457 0.90235 0.51701
0.04396 8.24620 4.72606
0.04006 7.25752 4.15916
0.00574 1.02981 0.59004
0.01876 3.26124 1.86863
0.03617 6.08478 3.48686
0.04151 6.87791 3.94153
0.06110 9.73425 5.57952
0.05510 8.62463 4.94308
0.09964 14.85750 8.52057
0.08091 11.77394 6.74987
0.04847 6.88286 3.94437
0.05430 7.56342 4.33455
0.05909 8.07796 4.62959
0.04034 5.40772 3.09877
0.02310 3.03395 1.73839
0.05916 7.63383 4.37493
0.05605 7.09003 4.06314
0.05583 6.94063 3.97749
0.05181 6.31595 3.61937
0.07444 8.93932 5.12356
0.08976 10.61909 6.08715
0.05492 6.42404 3.68134
0.13329 15.45592 8.86443
0.04968 5.65297 3.23935
0.05611 6.33936 3.63280
0.04240 4.71974 2.70446
0.05644 6.20382 3.55510
0.03452 3.73150 2.13812
0.02196 2.33914 1.34026
0.09657 10.18338 5.83717
0.09849 10.27305 5.88861
0.08969 9.26770 5.31190
0.05321 5.41891 3.10519
0.05079 5.11693 2.93210
0.06415 6.37905 3.65555
0.06316 6.22000 3.56437
0.06109 5.95886 3.41468
0.06339 6.09718 3.49397
0.10801 10.29603 5.90180
0.02320 2.20440 1.26305
0.05075 4.84393 2.77564
0.05860 5.53887 3.17395
0.08143 7.66174 4.39093
0.10676 9.92623 5.68965
0.06738 6.26333 3.58921
0.11274 10.42490 5.97574
0.11172 10.33048 5.92156
0.20513 18.98902 10.89632
0.09493 8.67944 4.97452
0.21759 19.92425 11.43472
0.18463 16.98232 9.74188
0.15670 14.33275 8.21911
0.12634 11.56856 6.63200
0.03689 3.32075 1.90274
0.03115 2.80366 1.60643
0.11879 10.87941 6.23652
0.01906 1.72118 0.98618
0.01992 1.82681 1.04670
0.37202 33.56027 19.32002
0.26177 23.59251 13.54906
0.15663 14.41650 8.26721
0.34743 31.21489 17.95823
0.02443 2.23654 1.28147
0.08612 7.73629 4.43367
0.09498 8.51295 4.87903
0.06644 5.98232 3.42813
0.06265 5.54524 3.17760
0.11631 10.32132 5.91631
0.04543 4.05661 2.32443
0.01758 1.54762 0.88673
0.04356 3.84471 2.20299
0.06992 6.12550 3.51020
0.04873 4.26710 2.44506
0.02378 2.07460 1.18868
0.03339 2.91162 1.66829
0.03989 3.46318 1.98436
0.02828 2.44238 1.39942
0.03215 2.74842 1.57478
0.03870 3.27793 1.87820
0.06384 5.34865 3.06491
0.04649 3.87411 2.21984
0.07981 6.62123 3.79438
0.04701 3.89630 2.23256
0.09311 7.62457 4.36962
0.03338 2.71691 1.55673
0.11060 8.91436 5.10925
0.18441 14.78451 8.47863
0.19631 15.69150 8.99982
0.01125 0.89158 0.51084
0.07273 5.71299 3.27375
0.10313 8.09832 4.64127
0.03404 2.64764 1.51703
0.02328 1.80156 1.03223
0.02896 2.22574 1.27528
0.02322 1.77448 1.01672
0.12140 9.08991 5.20993
0.09553 7.11062 4.07495
0.06935 5.13316 2.94141
0.05110 3.77595 2.16359
0.05462 4.00487 2.29478
0.05153 3.76240 2.15583
0.03915 2.84444 1.62980
0.02735 1.97900 1.13390
0.06698 4.81783 2.76068
0.04344 3.11093 1.78250
0.04622 3.29054 1.88543
0.03649 2.58413 1.48064
0.08904 6.28736 3.60298
0.06841 4.78622 2.74256
0.06791 4.74448 2.71864
0.05096 3.52830 2.02167
0.04551 3.14096 1.79971
0.06538 4.48538 2.57015
0.03737 2.55536 1.46416
0.09311 6.31185 3.61702
0.14489 9.81400 5.62527
0.05958 4.00928 2.29730
0.05777 3.87284 2.21911
0.08031 5.33077 3.05467
0.08788 5.85217 3.35353
0.03847 2.56844 1.47165
0.07179 4.77495 2.73610
0.06225 4.13641 2.37016
0.14062 9.30342 5.33239
0.13948 9.19500 5.27020
0.15091 9.95472 5.70599
0.10297 6.78294 3.88708
0.12425 8.17652 4.68611
0.13353 8.79541 5.04102
0.17967 11.77706 6.75166
0.08485 5.58320 3.19935
0.07980 5.25510 3.01130
0.02435 1.60561 0.91996
0.05870 3.86640 2.21542
0.01464 0.96565 0.55328
0.26580 17.58118 10.08630
0.12082 8.01915 4.59586
0.15236 10.09974 5.78919
0.06848 4.54034 2.60165
0.07732 5.13232 2.94093
0.08228 5.47610 3.13796
0.03207 2.14005 1.22618
0.08666 5.75236 3.29632
0.07248 4.81639 2.75986
0.04026 2.67896 1.53498
0.08190 5.44869 3.12226
0.06183 4.11301 2.35675
0.03927 2.61638 1.49912
0.07769 5.16702 2.96081
0.23630 15.77909 9.05016
0.10526 7.02900 4.02815
0.26360 17.63247 10.11579
0.08738 5.83955 3.34629
0.06708 4.51398 2.58654
0.05239 3.55113 2.03476
0.12201 8.27709 4.74378
0.10106 6.90455 3.95680
0.08661 5.95486 3.41239
0.06735 4.66809 2.67486
0.06505 4.52639 2.59365
0.07373 5.16084 2.95727
0.08710 6.14237 3.51987
0.04901 3.47405 1.99058
0.06407 4.58786 2.62888
0.08373 6.06602 3.47611
0.03426 2.52770 1.44831
0.05631 4.21547 2.41547
0.05389 4.11813 2.35968
0.14285 11.15108 6.39241
0.07175 5.75285 3.29660
0.06889 5.62245 3.22185
0.03973 3.30276 1.89243
0.10647 9.13704 5.23696
0.05011 4.42727 2.53685
0.04758 4.33503 2.48398
0.08107 7.62153 4.36788
0.05656 5.52484 3.16590
0.11056 11.17398 6.40556
0.09303 9.87500 5.66026
0.04278 4.74649 2.71980
0.09556 11.07739 6.35013
0.06324 7.74347 4.43779
0.05280 6.79231 3.89245
0.06883 9.32234 5.34325
0.02681 3.86110 2.21239
0.06291 9.41162 5.39445
0.05767 8.94722 5.12809
0.08997 15.17992 8.70583
0.05471 8.73424 5.00594
0.03972 7.11122 4.07529
0.01729 2.81067 1.61045
0.03569 5.78752 3.31647
0.08670 16.48701 9.45709
0.02182 3.66052 2.09744
0.08028 16.31157 9.35623
0.01967 3.43626 1.96893
0.11814 24.62177 14.14312
0.02630 4.88239 2.79768
0.02589 4.81113 2.75684
0.10441 21.78354 12.50586
0.02151 4.07170 2.33307
0.10800 21.89057 12.56755
0.04881 9.26454 5.31009
0.05598 10.62186 6.08874
0.08059 15.58323 8.93759
0.03562 6.73814 3.86140
0.08218 15.12506 8.67431
0.02180 3.98916 2.28577
0.04671 8.43417 4.83385
0.10709 18.17067 10.42540
0.02743 4.90898 2.81292
0.09661 15.65337 8.97790
0.02385 4.18678 2.39902
0.04305 7.31630 4.19287
0.18316 27.48559 15.79808
0.04117 6.66957 3.82209
0.07030 11.01581 6.31479
0.10946 15.60131 8.94798
0.03659 5.47896 3.13961
0.04197 6.09981 3.49548
0.03576 4.89287 2.80369
0.01892 2.61244 1.49686
0.01237 1.66602 0.95457
0.03958 5.21931 2.99078
0.02266 2.99563 1.71643
0.02790 3.53142 2.02346
0.03473 4.40292 2.52289
0.02538 3.21403 1.84158
0.00954 1.17588 0.67373
0.04178 5.16892 2.96190
0.04517 5.54352 3.17661
0.06989 8.40737 4.81849
0.04998 6.13117 3.51345
0.05238 6.25241 3.58295
0.02081 2.52959 1.44939
0.03634 4.32270 2.47692
0.01951 2.28353 1.30839
0.05684 6.71218 3.84652
0.12690 14.84135 8.51129
0.03868 4.41396 2.52922
0.01740 1.96693 1.12698
0.17728 19.87767 11.40790
0.04511 5.02937 2.88192
0.02785 3.10703 1.78027
0.10710 11.75276 6.73771
0.08574 9.37187 5.37165
0.05860 6.27778 3.59749
0.10563 11.21485 6.42901
0.01884 1.98605 1.13794
0.06875 7.21727 4.13609
0.03429 3.57405 2.04789
0.06433 6.58202 3.77190
0.06242 6.32369 3.62381
0.06698 6.70178 3.84056
0.09228 9.12624 5.23077
0.09259 9.10198 5.21685
0.11247 11.04855 6.33358
0.07510 7.40769 4.24527
0.23771 23.43276 13.45689
0.06630 6.54625 3.75139
0.40924 40.27436 23.23438
0.03084 3.04787 1.74637
0.03945 3.93112 2.25251
0.02640 2.62702 1.50522
0.02963 2.96584 1.69936
0.06097 6.18133 3.54220
0.07389 7.54006 4.32116
0.05738 5.92724 3.39656
0.06488 6.68289 3.82973
0.03588 3.71863 2.13074
0.05379 5.62220 3.22171
0.04898 5.16017 2.95689
0.06553 7.00130 4.01227
0.09895 10.67195 6.11748
0.09805 10.70782 6.13806
0.07786 8.52903 4.88825
0.06885 7.67184 4.39672
0.08205 9.26336 5.30941
0.07092 8.18334 4.69002
0.08578 10.09351 5.78562
0.07288 8.72260 4.99927
0.06651 8.17525 4.68538
0.04815 6.09888 3.49494
0.03742 4.87617 2.79411
0.03938 5.29532 3.03435
0.01077 1.49852 0.85860
0.03809 5.49163 3.14687
0.03334 5.02713 2.88064
0.02384 3.75634 2.15235
0.02080 3.44427 1.97352
0.03938 6.88283 3.94435
0.02181 4.09229 2.34488
0.02865 5.71361 3.27410
0.02185 4.64991 2.66444
0.03030 6.94723 3.98127
0.03284 8.00590 4.58827
0.02617 6.99830 4.01055
0.02732 7.88923 4.52137
0.02872 9.08539 5.20733
0.03078 10.67687 6.12031
0.02331 8.84907 5.07180
0.01089 4.44162 2.54507
0.01665 7.45168 4.27048
0.02382 10.98258 6.29572
0.02458 11.64676 6.67688
0.01485 7.16357 4.10530
0.03364 16.20091 9.29262
0.01743 8.35124 4.78630
0.02073 10.18234 5.83657
0.02264 11.19058 6.41508
0.03207 15.74503 9.03058
0.02778 13.75262 7.88590
0.01803 8.74813 5.01391
0.02519 12.76024 7.31605
0.01822 9.38252 5.37776
0.01446 7.83012 4.48748
0.00990 5.43059 3.11188
0.00325 1.78506 1.02278
0.00913 5.14431 2.94780
0.01061 6.16350 3.53198
0.01076 6.54621 3.75137
0.01566 10.12720 5.80494
0.01171 7.95706 4.56026
0.00710 4.93117 2.82564
0.00491 3.47950 1.99371
0.00667 4.69375 2.68957
0.00287 2.05835 1.17937
0.01074 7.30386 4.18573
0.03467 23.97347 13.76889
0.00888 6.57234 3.76635
0.01285 9.90561 5.67782
0.00342 2.63461 1.50957
0.00937 7.15511 4.10045
0.01268 9.42964 5.40479
0.02533 18.07146 10.36833
0.03626 24.12141 13.85428
0.02491 15.64737 8.97446
0.03777 21.25748 12.20269
0.01001 4.90514 2.81072
0.04992 21.48916 12.33620
0.02539 9.73821 5.58179
0.02421 8.33213 4.77534
0.05509 17.23137 9.88510
0.06379 18.40804 10.56198
0.04418 11.71694 6.71716
0.05625 14.20856 8.14777
0.05668 13.22022 7.58015
0.05206 11.58482 6.64133
0.04522 9.55487 5.47662
0.03926 8.02739 4.60059
0.04529 8.79306 5.03968
0.03747 6.89883 3.95352
0.05029 8.90896 5.10615
0.07094 12.28708 7.04441
0.03379 5.63932 3.23152
0.03785 6.08248 3.48554
0.01983 3.13837 1.79823
0.03730 5.68349 3.25684
0.03758 5.58114 3.19818
0.04187 6.04744 3.46546
0.04228 5.94307 3.40563
0.03616 4.95745 2.84070
0.04847 6.54253 3.74926
0.04040 5.31456 3.04538
0.04298 5.54150 3.17545
0.04759 5.94540 3.40696
0.05578 6.80374 3.89901
0.05031 6.04977 3.46679
0.09170 10.81009 6.19675
0.02838 3.30681 1.89475
0.06663 7.52010 4.30972
0.20197 22.57207 12.96045
0.12821 14.15668 8.11797
0.04742 5.17727 2.96669
0.06823 7.39454 4.23773
0.02888 3.13428 1.79588
0.04545 4.93872 2.82996
0.02517 2.74035 1.57015
0.02548 2.78614 1.59639
0.03208 3.48945 1.99941
0.06996 7.62228 4.36830
0.13868 15.09774 8.65861
0.12046 13.10340 7.51308
0.04521 4.87298 2.79229
0.06668 7.14013 4.09186
0.03942 4.21965 2.41786
0.04444 4.75370 2.72393
0.11787 12.54007 7.18965
0.04944 5.24988 3.00831
0.04233 4.47027 2.56149
0.03630 3.82109 2.18946
0.09160 9.66832 5.54170
0.03510 3.68763 2.11297
0.03771 3.93958 2.25736
0.03805 3.97404 2.27711
0.04697 4.86071 2.78526
0.04043 4.18109 2.39577
0.06141 6.33811 3.63208
0.03415 3.51359 2.01324
0.03023 3.08915 1.77002
0.05997 6.11185 3.50238
0.04411 4.51881 2.58931
0.08503 8.71621 4.99561
0.07321 7.53000 4.31539
0.05811 5.94831 3.40863
0.03589 3.69093 2.11487
0.07085 7.27887 4.17141
0.04239 4.39248 2.51691
0.08668 8.98910 5.15211
0.08109 8.45018 4.84304
0.07689 8.05205 4.61473
0.05842 6.16566 3.53322
0.08273 8.77555 5.02964
0.04292 4.55407 2.60952
0.02509 2.66613 1.52762
0.06303 6.71079 3.84572
0.11166 12.01126 6.88609
0.04599 5.01588 2.87419
0.04624 5.03453 2.88488
0.04224 4.61917 2.64682
0.06717 7.37553 4.22683
0.07227 8.01956 4.59610
0.05100 5.74274 3.29080
0.04764 5.39873 3.09362
0.06249 7.20997 4.13190
0.07257 8.48510 4.86307
0.02537 3.06902 1.75849
0.02297 2.84691 1.63121
0.05165 6.52636 3.73999
0.02374 3.06646 1.75702
0.05990 7.95264 4.55773
0.03375 4.70796 2.69771
0.04029 5.85485 3.35506
0.05212 7.95618 4.55976
0.01559 2.48819 1.42566
0.02952 4.87092 2.79111
0.03412 5.86746 3.36229
0.02343 4.19818 2.40556
0.02638 4.92142 2.82005
0.02235 4.31795 2.47420
0.01483 2.92194 1.67421
0.01008 2.02822 1.16210
0.01241 2.54647 1.45906
0.02269 4.74533 2.71913
0.01987 4.28250 2.45388
0.01588 3.50765 2.00984
0.02163 4.87504 2.79347
0.02475 5.69616 3.26410
0.05613 13.21728 7.57847
0.02893 6.95358 3.98491
0.03932 9.77645 5.60373
0.02611 6.74243 3.86386
0.03137 8.38228 4.80410
0.02554 7.10588 4.07223
0.02025 5.79418 3.32028
0.02481 7.41529 4.24962
0.03495 10.80031 6.19114
0.02722 8.70297 4.98801
0.02999 9.81101 5.62355
0.02481 8.44041 4.83744
0.02486 8.90656 5.10477
0.02735 10.33810 5.92593
0.02631 10.50891 6.02394
0.03280 14.19567 8.14036
0.05263 24.03390 13.80377
0.02509 12.18066 6.98333
0.02504 12.74674 7.30830
0.01621 8.96300 5.13714
0.00496 2.90467 1.66431
0.00907 5.69510 3.26349
0.00431 2.88517 1.65314
0.02146 15.10765 8.66430
0.01751 13.31478 7.63445
0.02929 23.49809 13.49458
0.02843 24.39071 14.00972
0.02140 20.17278 11.57784
0.01679 16.74080 9.60301
0.00983 10.33198 5.92243
0.01183 12.95859 7.42993
0.03933 46.15043 26.68271
0.04139 53.79082 31.20408
0.03715 51.37487 29.76936
0.02778 40.17994 23.17915
0.00771 12.35645 7.08423
0.01933 32.91646 18.94594
0.01310 23.50332 13.49760
0.00946 18.07709 10.37156
0.00831 17.43262 10.00085
0.00429 9.79103 5.61209
0.00720 18.70044 10.73023
0.00515 14.31981 8.21167
0.00230 7.45889 4.27462
0.00160 6.02037 3.44994
0.00081 3.86507 2.21466
0.00069 3.99214 2.28748
0.00041 2.85697 1.63698
0.00326 26.04729 14.96651
0.00463 37.33316 21.51654
0.00457 37.58717 21.66470
0.01438 65.53776 38.25711
0.01192 55.52256 32.23556
0.02211 68.46081 40.03462
0.01745 53.36000 30.94787
0.01501 43.03327 24.85057
0.01004 30.28182 17.41719
0.00765 22.30980 12.80923
0.00756 19.33622 11.09617
0.00778 17.97147 10.31080
0.00885 18.47856 10.60256
0.00768 14.98673 8.59482
0.00806 13.87740 7.95756
0.00890 14.56384 8.35186
0.01280 18.53309 10.63393
0.01268 17.65093 10.12641
0.01117 14.38133 8.24701
0.01210 14.74556 8.45626
0.01567 17.81872 10.22293
0.01563 17.08688 9.80201
0.02084 21.81999 12.52687
0.05037 49.37165 28.58335
0.05150 49.67550 28.76304
0.05847 55.27001 32.08497
0.02388 22.21968 12.75727
0.00796 7.00644 4.01522
0.01817 15.78716 9.05479
0.01637 14.00651 8.03172
0.01557 13.27617 7.61228
0.01972 16.93469 9.71449
0.01995 17.82666 10.22750
0.01856 17.47566 10.02560
0.01447 14.20405 8.14518
0.01692 17.40417 9.98448
0.01893 20.42437 11.72274
0.01040 12.14612 6.96350
