-0.01136 -0.01882 0.12539
-0.00084 0.00246 0.14303
0.03543 0.00072 0.16076
0.03192 0.00119 0.17585
0.03621 -0.01020 0.18950
0.02792 -0.01195 0.20598
0.03827 -0.00584 0.21659
0.03259 0.00917 0.23171
0.03334 -0.00056 0.24642
0.09465 -0.02771 0.24627
0.06578 -0.01705 0.26172
0.05177 -0.00397 0.27401
0.04260 -0.00215 0.29143
0.08504 -0.01764 0.29322
0.04749 -0.03134 0.31277
0.07340 -0.02669 0.32348
0.04493 -0.01912 0.34319
0.02492 -0.00802 0.36549
0.01008 -0.01315 0.38296
0.03893 -0.01852 0.40287
0.02636 -0.00071 0.42602
0.02783 -0.00875 0.44802
-0.00896 -0.01281 0.47289
0.01665 -0.02874 0.49349
0.01395 -0.02260 0.51651
0.08952 -0.03743 0.53379
-0.00783 -0.00923 0.56915
-0.04666 -0.01650 0.59202
-0.07156 -0.02098 0.61799
-0.05305 -0.01518 0.64413
-0.03666 -0.01321 0.67025
-0.03976 -0.01790 0.69530
-0.03257 -0.01198 0.71537
-0.02598 -0.02438 0.73783
0.00975 -0.03721 0.75605
0.01297 -0.03074 0.77311
0.01654 -0.03583 0.79087
-0.07353 -0.00120 0.79612
-0.05662 -0.02404 0.80306
-0.05463 -0.03676 0.80702
-0.02711 -0.04885 0.80824
-0.02349 -0.04109 0.81485
-0.06045 -0.04043 0.81686
-0.04609 -0.04157 0.82029
-0.01530 -0.03197 0.82716
-0.03322 -0.04174 0.82740
-0.02174 -0.01659 0.83510
-0.03410 -0.02770 0.83606
0.00033 -0.04138 0.83773
-0.04677 -0.06397 0.83733
0.02770 -0.05631 0.83918
0.01191 -0.02983 0.84202
0.01761 -0.06450 0.84160
0.06198 -0.05019 0.83763
0.02113 -0.05302 0.84261
0.04223 -0.08381 0.84639
-0.01119 -0.04290 0.84342
-0.08764 -0.05783 0.82893
-0.10168 -0.04766 0.82246
0.02368 -0.01657 0.82561
0.00950 -0.01153 0.83283
0.03983 -0.03291 0.83208
0.01883 -0.04051 0.83318
-0.00936 -0.00230 0.83441
-0.00367 -0.06210 0.82680
-0.22869 -0.07919 0.78612
-0.02793 -0.07405 0.80823
-0.01107 -0.06598 0.80141
-0.06544 -0.05066 0.79631
-0.06339 -0.04665 0.79963
-0.04418 -0.02190 0.80304
-0.04091 -0.04448 0.80802
-0.13105 -0.04424 0.81111
-0.12180 -0.05241 0.82825
-0.13308 -0.02089 0.84751
-0.17645 -0.03516 0.85762
-0.13903 -0.02084 0.88074
-0.11309 -0.02831 0.90108
-0.13435 -0.04525 0.91394
-0.20503 -0.02655 0.91973
-0.02615 -0.03043 0.96037
-0.08000 -0.00913 0.97334
-0.05431 -0.03886 0.98821
-0.15241 -0.04614 0.98852
-0.15246 -0.04644 1.00477
-0.28415 -0.04518 0.98792
-0.54574 -0.08614 0.87494
-0.04947 -0.02158 1.03984
0.01903 -0.02633 1.03825
-0.13805 -0.03440 1.02713
-0.05606 0.01740 1.03314
-0.02449 -0.00684 1.03411
-0.01778 -0.02331 1.03144
-0.01610 -0.01930 1.02676
-0.01426 -0.02485 1.02517
-0.00045 -0.05299 1.02208
0.03721 -0.04685 1.01364
0.04523 -0.04841 1.00939
0.02018 -0.05244 1.00452
0.01749 -0.04306 1.00646
0.07245 -0.07314 0.99767
0.03144 -0.05787 0.99354
0.01661 -0.05296 0.98676
-0.03277 -0.04321 0.98090
0.01269 -0.09596 0.97680
-0.05131 -0.07507 0.97215
-0.02728 -0.04763 0.97264
-0.04692 -0.00966 0.97776
-0.03896 -0.04136 0.97440
-0.06501 -0.03321 0.96620
-0.06767 0.01022 0.95043
0.04800 -0.08846 0.94329
-0.01651 -0.02980 0.95071
0.02753 -0.06009 0.94976
-0.07410 -0.01496 0.94775
-0.08073 -0.01244 0.94578
-0.08591 -0.02415 0.94513
-0.14408 -0.05721 0.92839
-0.09609 -0.02103 0.93553
-0.17462 -0.03639 0.92080
-0.21003 -0.05976 0.90828
-0.04772 -0.03620 0.92874
-0.07146 -0.04738 0.92772
0.02685 -0.07023 0.93140
-0.09684 -0.03404 0.92262
-0.11559 -0.03533 0.92286
-0.10795 -0.04608 0.92213
-0.01665 -0.05306 0.92120
-0.01108 -0.03671 0.92612
-0.09651 -0.05006 0.91401
-0.09378 -0.08205 0.90802
0.03240 -0.02517 0.90738
-0.39623 -0.02182 0.81967
-0.11028 -0.01356 0.91022
-0.02836 -0.02474 0.91589
-0.04431 -0.05385 0.90562
-0.05013 -0.03428 0.89977
-0.11360 -0.01497 0.89507
-0.77701 0.02192 0.46412
-0.09353 -0.04320 0.90046
-0.09491 -0.04008 0.89700
-0.63049 -0.07172 0.64745
-0.07714 -0.04141 0.90509
-0.05756 -0.03767 0.90048
-0.07397 -0.04284 0.89567
-0.16712 -0.00578 0.88104
-0.01550 -0.07209 0.88967
0.07240 -0.04736 0.89078
-0.07334 -0.01863 0.89506
-0.04145 -0.03079 0.90038
-0.01470 -0.03988 0.90182
-0.04735 -0.04133 0.89151
-0.04049 -0.05847 0.89234
-0.03421 -0.03740 0.89400
-0.08139 -0.03166 0.89503
-0.12768 -0.02553 0.88807
-0.67528 -0.07639 0.58459
-0.09803 -0.02551 0.89010
-0.09069 -0.03837 0.89024
-0.07773 -0.01334 0.89309
-0.06212 -0.03634 0.89344
-0.06023 -0.03032 0.89294
-0.05732 -0.02387 0.89041
-0.09558 -0.02616 0.89327
-0.06589 -0.03954 0.89296
-0.04071 -0.03985 0.89097
-0.05033 -0.03392 0.89002
-0.06153 -0.02451 0.88520
-0.08239 -0.02863 0.88618
-0.10941 -0.02482 0.88260
-0.05025 0.02086 0.88700
-0.03703 -0.03080 0.89237
-0.06335 -0.03534 0.88139
-0.05698 -0.03278 0.87138
-0.16573 -0.01634 0.85572
-0.05505 -0.01806 0.87137
-0.13515 -0.00865 0.86258
-0.14478 -0.02256 0.85726
-0.10342 -0.03168 0.85561
-0.26207 -0.03115 0.81682
-0.20913 -0.04417 0.82542
-0.01760 -0.03032 0.84926
-0.32318 -0.03973 0.78018
-0.04793 -0.03209 0.83497
-0.07961 -0.02471 0.83782
-0.45488 -0.10098 0.69052
-0.48338 -0.11776 0.67393
-0.24909 -0.03906 0.78436
-0.38895 -0.10309 0.70920
-0.05443 -0.03599 0.80823
-0.15078 0.00615 0.79428
0.01713 -0.06331 0.80817
-0.04978 -0.04335 0.80261
-0.03371 -0.03969 0.79461
-0.04252 -0.02734 0.79246
-0.02603 -0.02233 0.79249
-0.05625 -0.00337 0.77993
-0.10681 -0.03454 0.76662
-0.50640 -0.10817 0.56252
-0.08900 -0.02711 0.75578
-0.13343 -0.01028 0.75666
-0.21401 -0.00813 0.74116
-0.05956 -0.04368 0.75954
-0.25754 -0.08734 0.69887
-0.24542 -0.04305 0.70176
-0.15168 -0.00610 0.73394
-0.06606 0.02166 0.75637
0.04037 -0.04424 0.75507
-0.03407 -0.01303 0.75537
-0.04413 -0.01175 0.74843
-0.01866 -0.01637 0.74668
-0.10571 -0.01045 0.74627
-0.05901 0.00900 0.74629
-0.06451 -0.00225 0.74539
-0.12438 -0.02366 0.73588
-0.13241 0.00166 0.72377
-0.00421 -0.03681 0.73171
0.00907 -0.06361 0.72557
-0.02781 -0.03657 0.72073
0.03616 -0.04675 0.71379
-0.15570 -0.02960 0.70337
-0.09592 -0.00688 0.71203
-0.27834 0.01422 0.65348
-0.00564 -0.04745 0.69974
-0.15955 -0.01690 0.67872
-0.25341 0.00129 0.64532
-0.07577 0.00440 0.68367
-0.01229 -0.01938 0.68569
-0.10457 -0.00008 0.67297
-0.05526 -0.01080 0.67267
-0.05381 -0.00912 0.66566
0.03001 -0.04941 0.65444
0.01432 -0.02434 0.65513
-0.06179 -0.00527 0.63589
-0.04353 -0.00423 0.64007
-0.08157 0.00949 0.63054
0.00427 -0.00143 0.63626
-0.08382 0.01626 0.62505
-0.01626 -0.05025 0.61956
-0.04091 -0.04162 0.61162
-0.02868 -0.01594 0.60646
0.03585 -0.02444 0.60879
-0.02780 0.00528 0.61489
-0.04235 0.00071 0.62727
-0.05500 -0.03225 0.62822
-0.06965 -0.05086 0.62610
0.00965 -0.01205 0.62202
0.02070 -0.04261 0.61759
-0.01979 -0.03806 0.61891
-0.06249 -0.00585 0.62151
-0.06273 -0.02673 0.62444
-0.04272 -0.02165 0.63782
-0.05121 -0.02259 0.64021
-0.05593 -0.00945 0.64370
-0.06320 -0.01225 0.64507
-0.05467 -0.03072 0.64355
-0.05646 -0.03460 0.64351
-0.05936 -0.04260 0.64469
-0.08400 -0.02320 0.64995
-0.06825 -0.03013 0.66288
-0.07102 -0.01609 0.67243
-0.04808 -0.02005 0.67224
-0.04041 -0.01281 0.67304
-0.09190 -0.01915 0.68081
-0.07189 -0.01671 0.68557
-0.07988 -0.01077 0.70028
-0.09506 -0.01601 0.70814
-0.07331 -0.02589 0.70531
-0.03107 -0.05360 0.71711
-0.13146 -0.02488 0.71845
-0.12445 -0.01313 0.73523
-0.21282 -0.03073 0.71616
-0.09068 -0.02961 0.74496
-0.06663 -0.03389 0.74721
-0.04139 -0.02081 0.75169
-0.01958 -0.01950 0.75127
-0.05400 -0.03478 0.74466
-0.07336 -0.03432 0.74332
-0.04459 -0.03547 0.74205
0.00489 -0.02183 0.74510
0.02121 -0.01725 0.74973
-0.07649 -0.03039 0.74337
-0.03819 -0.03204 0.74628
-0.09794 -0.04846 0.74004
-0.05806 -0.02198 0.74118
-0.03392 -0.04333 0.74317
-0.03590 -0.06020 0.73508
-0.02356 -0.04566 0.74140
-0.03895 -0.02040 0.74214
-0.01940 -0.03360 0.74693
-0.01756 -0.02642 0.74683
-0.02941 -0.02504 0.74132
-0.03416 -0.03057 0.74281
-0.01526 -0.02779 0.74316
-0.02958 -0.01460 0.75168
-0.01478 -0.04781 0.74740
-0.02441 -0.03179 0.75381
-0.03894 -0.03821 0.75753
0.00519 -0.03206 0.76043
0.04047 -0.03610 0.76135
-0.02195 -0.04196 0.76506
0.03044 -0.04910 0.77274
-0.03391 -0.03567 0.77463
-0.08217 -0.01211 0.77966
-0.03015 -0.03587 0.78083
-0.04705 -0.04075 0.78398
-0.02677 -0.07361 0.78393
-0.03065 -0.02532 0.78812
-0.01784 -0.03213 0.79106
-0.06377 -0.02930 0.79404
-0.04891 -0.03540 0.79206
-0.05255 -0.02020 0.79828
-0.07968 -0.02280 0.79733
-0.06178 -0.03602 0.79652
-0.05225 -0.02378 0.79235
-0.03683 -0.03366 0.78748
-0.10278 -0.02326 0.78358
-0.05903 -0.03536 0.79247
-0.08539 -0.03281 0.78575
-0.07257 -0.06822 0.77362
-0.08983 -0.07265 0.77135
-0.10940 -0.05075 0.77522
-0.06846 -0.01750 0.79145
-0.11786 -0.03129 0.79110
-0.04887 -0.02316 0.80197
-0.06580 -0.01619 0.80171
-0.07622 -0.05955 0.79486
-0.06122 -0.05330 0.78607
-0.12621 -0.02674 0.78048
-0.09533 -0.02065 0.78672
-0.10422 -0.03456 0.78562
-0.10344 -0.03465 0.78440
-0.07586 -0.02165 0.79432
-0.10163 -0.01187 0.79867
-0.05983 -0.00314 0.80463
-0.11324 -0.02099 0.80269
-0.08655 -0.03349 0.80674
-0.08426 -0.02783 0.81269
-0.10837 -0.04229 0.80377
-0.11326 -0.05889 0.78854
-0.26373 -0.05771 0.75112
-0.20254 0.00297 0.76979
-0.13543 -0.01838 0.79988
-0.23628 -0.05587 0.77975
-0.07986 -0.04529 0.80663
-0.11787 -0.06821 0.79982
-0.09172 -0.04407 0.81137
-0.03555 -0.03242 0.81998
-0.08069 -0.04754 0.81188
-0.09388 -0.06247 0.80865
-0.11406 -0.06536 0.80345
-0.08698 -0.03423 0.80826
-0.09857 -0.03056 0.81022
-0.09000 -0.03204 0.81220
-0.11286 -0.01605 0.81162
-0.06761 -0.00806 0.81448
-0.07842 -0.00755 0.81102
-0.07506 -0.06025 0.80848
-0.05607 -0.03061 0.80862
-0.05415 -0.04431 0.81393
-0.07073 -0.02613 0.81464
-0.05355 -0.02483 0.81743
-0.06444 -0.02324 0.81197
-0.07495 -0.02123 0.81814
-0.06408 -0.00921 0.82274
-0.07709 -0.04185 0.81887
-0.06822 -0.03905 0.81751
-0.06146 -0.06236 0.81149
-0.15485 -0.04948 0.79929
-0.03815 -0.06162 0.81689
-0.00554 -0.06114 0.81614
-0.03850 -0.05685 0.81198
-0.03759 -0.04588 0.80982
-0.00339 -0.03700 0.81165
0.01785 -0.04508 0.81873
-0.05524 -0.03524 0.81368
-0.07096 -0.02857 0.81268
-0.03796 -0.04544 0.81029
-0.02889 -0.04061 0.80993
-0.03502 -0.07632 0.81455
-0.04289 -0.03080 0.81666
-0.05474 -0.04974 0.82140
-0.04950 -0.01657 0.82489
0.02192 -0.06238 0.82654
-0.05154 -0.07573 0.81844
-0.09121 -0.02774 0.81446
-0.05712 -0.01339 0.81360
-0.05757 -0.04817 0.82037
-0.04346 -0.00752 0.83223
-0.05587 -0.03953 0.84017
-0.05455 -0.01763 0.83949
-0.06362 -0.02819 0.84629
-0.07095 -0.02477 0.85134
-0.18071 -0.02920 0.83837
-0.09634 -0.02041 0.85532
-0.09882 -0.03947 0.85850
-0.07435 -0.02970 0.86567
-0.05590 -0.05972 0.86062
-0.07638 -0.03641 0.86680
-0.11038 -0.06165 0.86139
-0.09085 -0.04178 0.87304
-0.10118 -0.04967 0.87951
-0.08182 -0.01446 0.88834
-0.14724 -0.02163 0.88934
-0.16099 -0.03281 0.89439
-0.10984 -0.00031 0.89985
-0.12037 -0.05484 0.89288
-0.04347 -0.05565 0.89333
-0.09075 -0.04982 0.88385
-0.05815 -0.06661 0.88831
-0.12288 -0.01483 0.88731
-0.16872 -0.00885 0.88977
-0.05733 -0.02202 0.91656
-0.05588 -0.04921 0.92167
-0.08090 -0.03905 0.92162
-0.07806 -0.05279 0.92067
-0.09872 -0.04951 0.97845
-0.07712 -0.03900 1.00466
-0.11110 -0.03167 1.00365
-0.06386 -0.05775 0.98291
-0.06800 -0.07133 0.97570
-0.05017 -0.02716 0.98011
-0.03951 -0.05351 0.97735
-0.03231 -0.02809 0.98481
-0.01596 -0.06670 0.98227
-0.06846 -0.04971 0.97839
-0.06319 -0.04467 0.96091
-0.05673 -0.08274 0.97086
-0.02652 -0.03463 0.96788
-0.01728 -0.05336 0.97210
-0.02414 -0.04289 0.96368
-0.01469 -0.03638 0.96836
-0.03471 -0.04031 0.96139
-0.07620 -0.04224 0.95811
-0.10163 -0.04473 0.95441
-0.06205 -0.03240 0.94863
-0.10002 -0.01388 0.95222
-0.10424 -0.02975 0.94524
0.02338 -0.03574 0.95090
0.00341 -0.05797 0.94346
-0.04289 -0.02708 0.94673
-0.05895 -0.03224 0.94842
-0.03456 -0.00798 0.94921
-0.07809 -0.02688 0.94449
-0.02823 0.00410 0.94816
-0.06264 -0.06866 0.93661
-0.07450 -0.02243 0.93774
-0.07232 -0.05031 0.93006
-0.08377 -0.02499 0.93592
-0.02201 -0.04586 0.94427
-0.06386 -0.01511 0.94806
-0.06490 -0.05163 0.95082
-0.00124 -0.01571 0.95157
-0.01756 -0.07086 0.94821
-0.14702 -0.01350 0.94093
-0.19818 -0.03999 0.93681
-0.01369 -0.04346 0.96218
-0.04165 -0.05545 0.96312
-0.09048 -0.00872 0.96523
-0.06122 -0.01909 0.97647
-0.06526 -0.02834 0.97761
0.00996 -0.06724 0.96821
-0.00399 -0.03055 0.96888
-0.01876 -0.04022 0.97265
-0.01078 -0.02460 0.98154
-0.03780 -0.02403 0.98752
-0.00239 -0.03444 0.98888
0.01271 -0.02452 0.99293
-0.02140 -0.03664 0.99450
-0.01902 -0.04187 0.99928
0.00099 -0.03024 0.99864
0.02231 -0.03356 1.00277
-0.02325 -0.04258 1.00457
-0.02812 -0.03629 1.00855
0.02381 -0.04240 1.00743
0.02433 -0.02293 1.01634
-0.06388 -0.03158 1.01095
-0.15078 -0.02487 1.00234
-0.29495 -0.01287 0.97150
0.00756 -0.04148 1.00886
-0.00096 -0.02835 1.00943
0.01371 -0.04038 1.01052
0.03830 -0.01957 1.01614
0.01103 -0.01109 1.01933
-0.02412 -0.03612 1.01956
-0.00948 -0.05183 1.01087
-0.01382 -0.03315 1.00571
-0.04964 -0.03722 1.00506
-0.02901 -0.03192 1.00792
-0.04606 -0.03939 1.01624
-0.03381 -0.04601 1.01457
-0.08724 -0.00873 1.01264
-0.04237 -0.04054 1.01574
-0.04962 -0.01125 1.01050
-0.03981 -0.04615 1.01198
-0.06124 -0.01732 1.00723
-0.02224 -0.04254 1.01468
-0.08365 -0.01980 1.01324
-0.03474 -0.04481 1.01091
0.01897 -0.04941 1.01263
0.11866 -0.06292 1.00280
-0.02240 -0.03655 1.01314
-0.11661 -0.04384 1.00666
-0.12169 -0.01494 1.00459
-0.04590 -0.03775 1.00798
-0.04532 -0.04191 1.00513
-0.04944 -0.03125 1.00033
-0.04388 -0.04823 0.99749
-0.01875 -0.02204 0.99522
-0.02196 -0.05025 0.99054
-0.04945 -0.02827 0.98089
-0.01831 -0.08082 0.96899
-0.07257 -0.03310 0.95853
-0.01409 -0.04949 0.94893
-0.04561 -0.04696 0.93509
-0.05385 -0.02452 0.92295
-0.01704 -0.03413 0.91194
-0.04669 -0.02435 0.89300
-0.04366 -0.03493 0.87626
-0.03826 -0.03065 0.85751
-0.01556 -0.04534 0.84012
-0.21610 -0.04611 0.79360
0.00740 -0.04191 0.80542
-0.03366 -0.03551 0.79299
-0.03089 -0.02588 0.78279
-0.00696 -0.03977 0.77038
0.01639 -0.03879 0.75800
0.00405 -0.02137 0.74579
-0.02622 -0.03278 0.73600
0.00566 -0.03604 0.72288
-0.00422 -0.04586 0.70698
-0.01425 -0.05396 0.69890
0.00102 -0.02520 0.69928
-0.02816 -0.00737 0.70189
-0.00812 -0.00197 0.71442
-0.08613 -0.01746 0.71448
-0.00251 -0.02243 0.72453
0.01536 -0.02076 0.73014
0.01776 -0.01759 0.72809
-0.00306 -0.02179 0.73247
-0.00414 -0.03160 0.73174
0.01242 -0.01963 0.73725
0.01968 -0.00680 0.74698
0.01837 0.00160 0.75593
0.05613 0.00183 0.77431
0.06653 -0.01114 0.78471
-0.01206 -0.05019 0.78733
0.01024 -0.05228 0.78568
-0.07015 -0.03923 0.78610
-0.06673 -0.03641 0.78990
0.00121 0.00483 0.80541
-0.01498 0.00517 0.80584
-0.03791 -0.00184 0.80799
-0.03678 -0.02377 0.79840
0.05116 -0.05033 0.78881
0.00662 -0.02871 0.78876
0.10266 -0.04789 0.77678
-0.07673 -0.00727 0.77318
-0.02440 -0.01454 0.77045
-0.08107 -0.03481 0.75479
-0.06159 -0.03353 0.75187
-0.03181 -0.01482 0.74291
0.07092 -0.07295 0.72243
0.03590 -0.06919 0.71618
-0.04251 -0.03815 0.71233
0.07476 -0.04140 0.70357
0.14344 -0.03105 0.70322
0.17038 -0.03386 0.68160
0.11232 -0.04411 0.70101
0.04383 -0.03652 0.71282
-0.01189 -0.03707 0.70735
-0.03276 -0.05349 0.72831
-0.03583 -0.01889 0.72725
-0.02169 -0.01215 0.74856
-0.02819 -0.00748 0.75522
0.00829 -0.03714 0.75272
0.00555 -0.02501 0.76064
0.01169 -0.04673 0.76228
-0.00973 -0.03069 0.76748
0.00043 -0.03219 0.77357
-0.02868 -0.02589 0.76706
-0.07690 -0.04411 0.75264
-0.03291 -0.04031 0.75196
-0.04284 0.01013 0.75462
0.00392 0.00815 0.77919
-0.06766 -0.03256 0.79016
-0.08087 -0.05347 0.78215
-0.07564 -0.05437 0.76067
-0.07306 -0.04223 0.73718
-0.04789 0.02969 0.75041
0.00972 0.02353 0.76516
-0.21198 -0.04601 0.73877
-0.02823 -0.04035 0.75244
-0.03646 -0.05526 0.72880
-0.00116 -0.01975 0.71626
-0.04948 -0.03317 0.71122
-0.03443 -0.02830 0.70891
-0.03522 -0.05354 0.69693
-0.00571 -0.03627 0.68562
-0.01525 -0.04728 0.67499
-0.06928 -0.02522 0.66259
-0.04831 -0.02881 0.66007
-0.01412 -0.03595 0.65277
-0.02261 -0.03124 0.64854
-0.02666 -0.02252 0.63311
-0.01430 -0.02576 0.62716
-0.04152 -0.03026 0.59691
-0.02472 -0.02616 0.57399
-0.02322 -0.02701 0.55723
-0.04905 -0.02406 0.53084
-0.03330 -0.01199 0.51665
-0.02661 -0.03647 0.48949
-0.03910 -0.04556 0.45206
0.00018 -0.02963 0.42954
-0.01937 -0.01716 0.40504
-0.02585 -0.01520 0.37719
-0.02070 -0.00637 0.36670
-0.01324 -0.01547 0.35116
-0.00028 -0.00631 0.33687
0.00623 -0.01529 0.32169
0.00454 -0.01594 0.30434
-0.00553 -0.01236 0.28636
-0.02276 -0.01464 0.26405
-0.01467 -0.00956 0.24665
-0.00246 -0.00012 0.22563
-0.00184 -0.01956 0.20094
0.00297 -0.01617 0.17655
-0.00341 -0.01207 0.15907
-0.00304 -0.01713 0.15039
-0.01506 -0.01004 0.14945
-0.01757 0.00362 0.15166
-0.03539 0.00885 0.15304
-0.01610 0.00002 0.15229
-0.01794 -0.00810 0.14653
-0.03203 -0.01578 0.14255
-0.02685 -0.01787 0.14360
-0.04230 -0.00431 0.14375
-0.02857 -0.00062 0.16007
-0.02934 -0.00439 0.17490
-0.05632 0.00627 0.18749
-0.04319 0.00427 0.21052
-0.03576 0.00738 0.22336
-0.02277 -0.01030 0.23325
-0.01007 -0.00785 0.24762
0.00904 -0.00982 0.25144
-0.20130 0.04976 0.16408
0.02539 -0.02425 0.26882
-0.21347 0.07652 0.15050
-0.03663 -0.02093 0.28712
-0.05193 -0.00930 0.29698
-0.01722 -0.02972 0.29997
-0.04176 -0.02019 0.32384
-0.05898 -0.00530 0.33359
-0.04788 -0.00972 0.33320
-0.03039 -0.01783 0.36464
-0.02810 0.00419 0.36176
-0.02957 -0.00031 0.39291
-0.01390 0.01352 0.40865
-0.01677 0.00528 0.40939
-0.03153 0.00629 0.43991
-0.09324 -0.00796 0.44972
-0.02850 -0.01162 0.46803
-0.05399 -0.02044 0.49326
-0.06790 -0.01050 0.50197
-0.02117 -0.03043 0.53175
-0.02559 -0.02963 0.55061
-0.04320 -0.00399 0.55613
-0.01721 -0.01885 0.57480
0.01246 -0.01723 0.59405
0.01443 -0.01889 0.60310
-0.08723 -0.02511 0.62110
-0.07963 -0.02270 0.63352
-0.11314 -0.01630 0.66079
-0.08709 -0.01786 0.68138
-0.05212 -0.02035 0.70191
-0.05944 -0.03528 0.71462
-0.05937 -0.04000 0.72796
-0.04872 -0.02653 0.74391
-0.02592 -0.02759 0.76042
-0.06701 -0.03198 0.77135
-0.05453 -0.03993 0.78763
-0.05410 -0.04265 0.80142
-0.05718 -0.02489 0.81796
-0.07443 -0.05156 0.82780
-0.09661 -0.03059 0.83920
-0.01186 -0.06897 0.85201
0.10769 -0.08367 0.85156
-0.00084 -0.06396 0.87649
-0.03359 -0.06845 0.88179
-0.01795 -0.05553 0.89655
-0.03978 -0.05800 0.90708
-0.04511 -0.02224 0.92368
-0.03215 -0.01507 0.93815
-0.10286 -0.04047 0.94186
-0.07808 -0.07828 0.95232
-0.08746 -0.04328 0.96280
-0.03615 -0.05663 0.97954
-0.05562 -0.02695 0.99057
-0.06708 -0.03384 1.00289
-0.05978 -0.05156 1.01237
-0.05669 -0.05051 1.02241
-0.07070 -0.03198 1.03674
-0.10234 -0.06518 1.04197
-0.00365 -0.04950 1.05118
-0.07632 -0.02771 1.04453
-0.02767 -0.07531 1.05498
-0.08993 -0.05294 1.05773
-0.09452 -0.08912 1.06768
-0.05831 -0.07329 1.07174
-0.11947 -0.04086 1.07404
-0.11902 -0.03483 1.07434
-0.20307 -0.06934 1.05873
-0.09914 -0.00142 1.08924
-0.20082 -0.10162 1.06862
-0.17936 -0.05881 1.07067
-0.15497 -0.03700 1.08160
-0.12744 -0.00310 1.08461
-0.04752 -0.02983 1.10935
-0.00369 -0.06122 1.10942
0.10974 -0.07227 1.08390
-0.00467 -0.04917 1.10633
0.02123 -0.03054 1.08975
-0.36000 0.00385 1.04843
-0.24171 -0.00306 1.08291
-0.14321 -0.01858 1.07681
-0.32629 -0.00476 1.06412
0.04511 -0.02706 1.09107
0.08232 -0.07970 1.10727
-0.06341 0.02679 1.11357
-0.04238 -0.00000 1.10976
-0.03970 0.00577 1.12906
-0.10292 -0.00989 1.12219
-0.02627 -0.04191 1.11879
0.00460 -0.03481 1.13548
-0.03295 -0.02390 1.13223
-0.03536 -0.06990 1.13881
0.04275 -0.02611 1.14079
0.00349 -0.03242 1.14591
-0.04421 -0.03398 1.14548
-0.00692 -0.05512 1.15035
-0.01807 -0.04285 1.15682
-0.02643 -0.03821 1.16866
-0.04402 -0.02832 1.17952
-0.07308 -0.03086 1.19087
-0.05437 0.01012 1.19885
0.01549 -0.08665 1.20210
-0.03387 -0.05893 1.20470
-0.09409 -0.06390 1.21588
-0.02457 -0.04567 1.22756
-0.11820 -0.05699 1.23374
-0.20169 -0.01851 1.23078
-0.21203 -0.04709 1.23203
-0.00452 -0.00880 1.26222
-0.00825 -0.08791 1.26993
-0.11290 -0.00643 1.26850
0.01503 -0.03627 1.28493
-0.01966 -0.03699 1.29157
-0.02071 -0.04318 1.30036
-0.01861 -0.03806 1.30778
0.07779 -0.08180 1.33075
0.05863 -0.06428 1.34061
0.00032 -0.06338 1.34954
-0.00012 -0.05301 1.35229
-0.02394 -0.04961 1.36270
-0.00496 -0.05727 1.36852
0.00207 -0.04548 1.37578
-0.02221 -0.04283 1.38112
0.05206 -0.05375 1.38815
-0.01096 -0.06053 1.39486
0.02424 -0.05415 1.40329
-0.01203 -0.05420 1.41114
-0.08835 -0.05313 1.41239
-0.01652 -0.08506 1.42669
-0.06577 -0.05013 1.42902
-0.02211 -0.06566 1.44265
-0.03737 -0.05241 1.44740
-0.05634 -0.05932 1.45523
-0.03942 -0.03162 1.46143
-0.09765 -0.02180 1.47169
-0.15060 -0.03744 1.46814
-0.05886 -0.04753 1.48408
-0.06648 -0.02998 1.48995
-0.08390 -0.04728 1.50350
0.04900 -0.08834 1.49819
-0.04879 -0.02320 1.49700
-0.05619 -0.07481 1.50055
-0.07225 -0.04147 1.50271
-0.15652 -0.06379 1.50201
-0.16194 -0.03644 1.50779
-0.16850 -0.07655 1.50468
-0.11929 -0.04800 1.51256
-0.13772 -0.06301 1.51208
-0.14872 -0.03821 1.51044
-0.19442 -0.02920 1.51288
-0.09910 -0.00949 1.51640
-0.07992 -0.07370 1.51454
-0.01479 -0.05461 1.51524
0.03644 -0.06185 1.51640
-0.02372 -0.01654 1.51570
-0.27556 -0.07085 1.48480
-0.13151 -0.04737 1.50016
-0.15713 -0.01703 1.50020
-0.06881 -0.03281 1.50636
-0.05400 -0.06693 1.50409
-0.05201 -0.08439 1.49925
-0.02728 -0.04011 1.49783
-0.07450 -0.07779 1.50265
-0.03954 -0.08798 1.50180
-0.01603 -0.06301 1.50160
-0.08556 -0.03492 1.50031
-0.05913 -0.05408 1.50122
-0.02128 -0.05112 1.49990
-0.07589 -0.05053 1.50081
-0.23162 -0.05068 1.47866
-0.09778 -0.06389 1.49291
-0.26111 -0.00727 1.47196
-0.06664 -0.07591 1.49289
-0.04141 -0.08113 1.48328
-0.00431 -0.08224 1.47311
-0.12675 -0.04007 1.46807
-0.08327 -0.09277 1.45841
-0.08328 -0.05167 1.45116
-0.05674 -0.04406 1.44106
-0.05705 -0.04465 1.43538
-0.05205 -0.07995 1.42548
-0.06669 -0.08152 1.41414
-0.01120 -0.07801 1.40864
-0.04791 -0.07042 1.39388
-0.07425 -0.06736 1.37674
-0.02059 -0.05410 1.35397
-0.04885 -0.05714 1.33370
-0.05018 -0.04122 1.30711
-0.11877 -0.10010 1.27160
-0.04000 -0.08344 1.24370
-0.06400 -0.04217 1.22290
-0.02340 -0.05800 1.20136
-0.10235 -0.03848 1.16011
-0.02890 -0.06856 1.12951
-0.04350 -0.04378 1.09586
-0.07556 -0.01761 1.06091
-0.04846 -0.02613 1.02232
-0.11392 -0.04616 0.98174
-0.08060 -0.07416 0.93568
-0.02410 -0.06302 0.89884
-0.08036 -0.07319 0.85576
-0.05709 -0.02692 0.81421
-0.04233 -0.04833 0.77472
-0.05198 -0.05314 0.73461
-0.00268 -0.03397 0.69361
-0.03211 -0.05326 0.66558
-0.02250 -0.03435 0.64324
-0.03466 -0.03785 0.59046
-0.01361 -0.03449 0.62530
0.02288 -0.00655 0.55798
0.04600 -0.02603 0.61287
0.03700 0.02262 0.61510
-0.00453 -0.01636 0.52562
0.01249 -0.03812 0.59467
0.03147 -0.03500 0.48989
0.01636 -0.03080 0.57136
0.01748 -0.03115 0.47850
0.05242 -0.02502 0.53555
0.05296 -0.02632 0.53479
0.03586 -0.01726 0.47764
0.04010 -0.00678 0.52665
0.03596 -0.01877 0.49171
0.07283 -0.03875 0.52031
0.07515 -0.03419 0.52056
0.08149 -0.01496 0.51047
0.05049 -0.00609 0.52615
0.07152 -0.00525 0.53857
0.02852 -0.02039 0.54545
0.04978 -0.01844 0.55133
0.05000 -0.02485 0.58672
0.04097 -0.01397 0.55718
0.06048 -0.03005 0.61348
0.02728 -0.01961 0.56878
-0.00772 -0.02084 0.58806
-0.03598 -0.04903 0.66361
-0.00438 -0.01890 0.61699
-0.00658 -0.05441 0.63580
-0.00527 -0.02091 0.70130
0.00581 -0.01476 0.66763
-0.00424 -0.00698 0.68807
0.03599 -0.02969 0.72937
0.01502 0.00664 0.72394
0.00813 -0.00111 0.74224
-0.00394 -0.02828 0.75770
-0.00277 -0.00004 0.75632
0.04672 -0.01142 0.78860
0.03434 -0.02492 0.78760
-0.00895 -0.02908 0.78901
0.02237 -0.00523 0.81124
0.02842 -0.04203 0.80676
0.04790 -0.03533 0.81262
0.07904 -0.04141 0.82650
0.06336 -0.03437 0.81197
-0.01187 -0.02700 0.83726
0.01258 -0.02210 0.82243
-0.00082 -0.03102 0.84010
0.00599 -0.01881 0.85415
-0.03717 -0.02126 0.84571
-0.12081 -0.03709 0.84563
-0.03743 -0.02557 0.87520
-0.02677 -0.02497 0.88379
-0.20179 -0.02311 0.86844
-0.05363 -0.05561 0.89362
-0.04204 -0.03486 0.89463
-0.12016 -0.03333 0.90270
-0.09773 -0.03488 0.90900
-0.06400 -0.04203 0.93031
-0.11910 -0.02708 0.93394
-0.02030 -0.04162 0.94736
-0.08591 -0.05057 0.94741
-0.04123 -0.02620 0.95809
-0.07596 -0.02152 0.97416
-0.07458 -0.02679 0.98382
-0.07074 -0.03793 0.99625
-0.09278 0.00197 1.00689
-0.10379 -0.02686 1.01159
-0.11359 -0.03839 1.01091
-0.07664 -0.04694 1.00985
-0.24186 -0.00841 0.98514
-0.07279 -0.02880 1.00980
-0.41202 -0.06134 0.92681
-0.02179 -0.04944 1.01043
-0.02443 -0.06087 1.00140
-0.00948 -0.05431 1.00337
-0.02246 -0.05857 0.99698
-0.03269 -0.07629 0.98283
-0.06674 -0.06497 0.97556
-0.06545 -0.00653 0.96583
-0.06787 -0.05829 0.96676
-0.03863 -0.04379 0.96322
-0.03508 -0.05849 0.95438
-0.04060 -0.04862 0.94703
-0.06530 -0.05603 0.93206
-0.11183 -0.00368 0.92047
-0.10690 -0.04308 0.90844
-0.09650 -0.00527 0.90781
-0.07293 -0.04600 0.89324
-0.06933 -0.07300 0.87997
-0.08682 -0.02964 0.86177
-0.09898 -0.03033 0.84356
-0.07934 -0.03729 0.83089
-0.06964 -0.04341 0.80943
-0.04349 -0.03902 0.78727
-0.04251 -0.03817 0.76524
-0.03616 -0.04032 0.74168
-0.01855 -0.01531 0.71831
-0.01037 -0.05046 0.69174
-0.04492 -0.04056 0.66049
-0.03222 -0.03046 0.63316
-0.02979 -0.03656 0.60218
-0.03341 -0.04814 0.56917
-0.01974 -0.03345 0.53163
-0.03247 -0.02714 0.49962
-0.00702 -0.03162 0.46875
-0.01227 -0.03417 0.43459
-0.02482 -0.02442 0.40872
-0.00657 -0.02030 0.37334
-0.00468 -0.02935 0.34499
-0.01998 -0.01723 0.31505
-0.02879 -0.02082 0.28606
-0.01364 -0.01134 0.26283
-0.00677 -0.00678 0.24504
-0.01745 -0.00971 0.22256
-0.01805 -0.01176 0.21584
-0.01644 -0.01155 0.21009
-0.01123 -0.00864 0.20686
-0.03222 0.00041 0.20512
-0.01482 -0.00432 0.20818
-0.01927 -0.01139 0.20235
-0.01478 -0.01187 0.20138
-0.02832 -0.01398 0.20123
-0.02438 -0.01206 0.20015
0.00270 -0.01275 0.20570
-0.02113 -0.01145 0.19597
-0.01631 -0.01157 0.19317
-0.01504 -0.00483 0.18404
-0.01477 -0.01013 0.18137
-0.00806 -0.00162 0.18213
-0.00694 0.00014 0.17727
-0.00847 -0.00196 0.17195
-0.01010 -0.00145 0.16401
-0.01389 -0.01042 0.15361
-0.01670 -0.01224 0.14567
-0.01005 -0.00992 0.14320
-0.00306 -0.00387 0.14100
0.00083 -0.00684 0.14196
-0.00448 -0.00363 0.13935
-0.01688 0.00256 0.14607
-0.03914 -0.01044 0.13883
-0.01383 -0.00949 0.13400
-0.01213 -0.01817 0.12790
-0.00684 -0.01016 0.12939
-0.01361 -0.00802 0.13006
-0.01455 -0.00948 0.13333
-0.02444 -0.00947 0.13770
-0.03197 -0.01410 0.14620
-0.02174 -0.01372 0.15713
-0.03592 -0.01760 0.17310
-0.01431 -0.00296 0.20348
-0.05308 -0.02196 0.22508
-0.03245 -0.01386 0.25837
-0.03059 -0.00048 0.28890
-0.05544 -0.00949 0.31473
-0.06919 -0.00596 0.33952
-0.04897 -0.01626 0.37351
-0.06669 0.00461 0.39017
-0.05783 0.00136 0.42479
-0.05614 0.00482 0.44582
-0.05000 -0.01342 0.47040
-0.04467 -0.01655 0.48672
-0.04841 -0.01122 0.51262
-0.03794 -0.00368 0.54182
-0.03747 -0.01653 0.56296
-0.07547 -0.01065 0.57232
-0.03462 -0.01707 0.59799
-0.02323 -0.02645 0.62121
-0.02601 -0.01582 0.63105
-0.02475 -0.03114 0.65517
-0.04154 -0.01699 0.67176
-0.02955 -0.02924 0.69118
-0.02416 -0.03748 0.70998
-0.01695 -0.04025 0.72804
-0.05304 -0.03885 0.73785
-0.02309 -0.04591 0.75837
-0.01504 -0.04361 0.77427
-0.04888 -0.00574 0.79894
-0.06014 -0.04110 0.81663
-0.06735 -0.02804 0.82842
-0.10749 -0.02734 0.84102
-0.04172 -0.00948 0.85709
-0.08377 -0.00252 0.88206
-0.21000 -0.04461 0.86862
-0.14740 -0.01139 0.89352
-0.05864 -0.02463 0.91365
-0.08054 -0.03131 0.91869
-0.03966 -0.02762 0.92016
-0.05804 -0.02185 0.91823
-0.02364 -0.03365 0.91751
-0.02795 -0.03722 0.91349
0.01820 -0.04103 0.91824
0.06511 -0.02236 0.91530
0.12583 -0.06558 0.90753
0.12004 -0.03749 0.91068
0.02484 -0.05025 0.92598
0.05446 -0.05314 0.93073
0.02097 -0.04527 0.93295
0.01626 -0.05384 0.93307
0.11368 -0.02788 0.93263
0.03717 -0.04506 0.93997
0.03820 -0.01907 0.94591
0.00960 -0.05180 0.94841
0.07556 -0.06066 0.94249
-0.02896 -0.03032 0.95094
-0.02977 -0.03487 0.95623
-0.03791 -0.03341 0.95621
-0.04515 -0.04383 0.96424
-0.03479 -0.04975 0.96512
-0.02342 -0.07411 0.96572
-0.03478 -0.03279 0.97086
-0.03393 -0.02908 0.97754
-0.05952 -0.04336 0.97849
-0.05243 -0.02430 0.97438
-0.07405 -0.07025 0.97017
-0.07410 0.01010 0.96939
-0.06362 -0.04823 0.97358
-0.04213 -0.00310 0.97148
-0.07572 -0.04705 0.96928
-0.04690 -0.02169 0.96364
-0.07235 -0.07250 0.95885
-0.08227 -0.04499 0.95499
-0.07077 -0.05881 0.95050
-0.05973 -0.03344 0.94504
-0.09059 -0.03565 0.93773
-0.05251 -0.01793 0.94074
-0.03159 -0.02238 0.94033
-0.06675 -0.03642 0.93608
-0.11843 -0.04503 0.92099
-0.04660 -0.05286 0.91419
-0.05129 -0.03300 0.91648
0.00223 -0.05507 0.91277
-0.04431 -0.05785 0.90774
-0.05306 -0.05635 0.89788
-0.04525 -0.04531 0.88584
-0.04045 -0.04564 0.88027
-0.05999 -0.05231 0.86309
-0.06723 -0.06441 0.85018
-0.03287 -0.02743 0.82557
-0.02066 -0.03775 0.80575
-0.05275 -0.04449 0.78837
-0.02359 -0.00826 0.77394
-0.04854 -0.03565 0.75078
-0.02434 -0.03106 0.71581
-0.03867 -0.04168 0.68583
-0.04279 -0.04223 0.65232
-0.01700 -0.00987 0.62621
-0.03512 -0.01955 0.60470
-0.04089 -0.02549 0.57956
-0.01846 -0.03733 0.55663
-0.02126 -0.04937 0.53329
-0.03398 -0.02763 0.51575
-0.02787 -0.01855 0.50658
-0.01702 -0.01431 0.49666
-0.01721 -0.01218 0.48673
-0.02504 -0.02321 0.47695
-0.02173 -0.02742 0.46276
-0.01629 -0.01954 0.45197
-0.01158 -0.02595 0.44268
-0.01771 -0.02042 0.43361
-0.05389 -0.01784 0.42088
-0.02539 -0.01899 0.41478
-0.03340 -0.02868 0.39976
-0.02796 -0.01847 0.38586
-0.03242 -0.01984 0.37230
-0.02702 -0.02275 0.35767
-0.02403 -0.02561 0.34772
-0.02838 -0.02942 0.33209
-0.03190 -0.02902 0.32071
-0.02392 -0.01378 0.31160
-0.02753 -0.01931 0.30380
-0.03134 -0.00496 0.29225
-0.02496 -0.02403 0.27698
-0.03743 -0.00576 0.26187
-0.03505 -0.01400 0.24754
-0.03810 -0.01368 0.22750
-0.05208 -0.00798 0.21254
-0.02633 -0.01125 0.20401
-0.02686 -0.01411 0.19409
-0.02051 -0.01570 0.17898
-0.01192 -0.01127 0.16992
-0.01133 -0.00715 0.15862
-0.00547 -0.00389 0.14940
-0.02518 -0.00710 0.13964
-0.02338 -0.00646 0.12926
-0.03342 -0.00963 0.11970
-0.03120 -0.00663 0.11210
-0.02517 -0.01169 0.10240
-0.02223 -0.00952 0.09732
-0.01737 -0.00372 0.09350
-0.01337 -0.00380 0.09021
-0.03626 -0.00395 0.07703
-0.04130 -0.00236 0.06487
-0.03650 -0.00630 0.06210
-0.02367 -0.00524 0.06474
-0.00809 -0.00059 0.06188
-0.01698 0.00186 0.05619
-0.01304 0.00060 0.05417
-0.01060 -0.00058 0.05125
-0.00941 0.00034 0.04672
-0.00482 -0.00133 0.04350
-0.00769 -0.00068 0.03770
-0.00552 -0.00114 0.03553
-0.00374 -0.00145 0.03060
-0.00327 -0.00239 0.02626
-0.00250 -0.00117 0.02079
-0.00314 -0.00055 0.01687
-0.00246 -0.00059 0.01425
-0.00193 -0.00095 0.01231
-0.00204 -0.00092 0.01220
-0.00156 -0.00121 0.01199
-0.00565 -0.00147 0.02115
-0.00533 -0.00091 0.02077
-0.01018 -0.00124 0.03062
-0.01020 -0.00042 0.03106
-0.00864 0.00130 0.03376
-0.00769 0.00149 0.03223
-0.00708 -0.00013 0.03357
-0.00710 -0.00070 0.03844
-0.00778 -0.00029 0.04258
-0.01006 -0.00082 0.04684
-0.01017 -0.00084 0.05022
-0.01069 -0.00111 0.05709
-0.01114 -0.00140 0.06005
-0.01341 -0.00276 0.06770
-0.01224 0.00027 0.07081
-0.01104 -0.00091 0.07687
-0.01296 -0.00282 0.08100
-0.01606 -0.00254 0.08644
-0.01506 0.00025 0.09021
-0.02113 -0.00320 0.09306
-0.05201 -0.01032 0.08716
-0.05374 -0.00473 0.08853
-0.06002 -0.00918 0.08663
-0.02478 -0.00680 0.10438
-0.00599 -0.00181 0.11340
-0.01788 -0.00168 0.11370
-0.01180 0.00145 0.11628
-0.00928 0.00190 0.11690
-0.01533 -0.00188 0.11540
-0.01918 -0.00249 0.11021
-0.02189 -0.00616 0.10376
-0.01641 -0.00219 0.10049
-0.01800 -0.00005 0.09552
-0.02164 -0.00389 0.09003
-0.00764 0.00139 0.08529
