0.57791
4.50845
1.02940
2.79259
5.65760
0.46542
2.15337
0.62469
0.61090
0.26531
2.94791
1.85743
0.15834
0.44826
0.69043
0.59950
0.39524
0.38537
1.99116
0.48051
1.07900
3.20764
1.42439
0.92946
0.21161
0.40253
0.41826
0.35850
0.40851
0.43263
1.48317
2.88523
5.39734
0.45515
0.82160
1.37147
0.41632
1.16184
0.54860
0.61595
1.09965
0.60221
0.53153
0.97393
1.65205
10.13157
10.69126
1.81219
1.37137
2.64588
0.43264
5.80874
0.81923
7.30384
0.18578
0.95416
2.11123
8.70095
0.33977
3.03428
1.76027
0.59310
0.28190
1.71772
3.71559
3.88733
1.66852
0.31157
0.42013
0.87903
0.19848
0.75085
1.99435
4.92868
0.73007
0.31199
0.31659
0.41992
7.01209
0.36915
0.59133
1.52731
0.46443
2.02803
2.03665
0.34520
0.30391
3.81437
0.78584
0.73820
0.29397
1.27192
2.05593
0.55674
1.63292
0.40774
1.83393
2.20670
0.14981
1.92410
