0.52050 92.05153 54.80747
0.62086 110.39488 67.00514
0.04041 7.19078 4.12090
0.01585 2.81830 1.61482
0.51672 91.45537 54.42305
0.48428 84.29395 49.85483
0.66963 115.52394 70.56659
0.46497 79.15474 46.62847
0.01691 2.84192 1.62835
0.00622 1.03408 0.59248
0.02637 4.30101 2.46448
0.48161 76.90436 45.22811
0.51016 78.66219 46.32135
0.06768 10.17707 5.83355
0.02520 3.72284 2.13315
0.62531 91.39523 54.38431
0.06161 8.89914 5.10052
0.04779 6.72268 3.85254
0.72501 98.72561 59.15865
0.06692 8.80062 5.04401
0.07282 9.37588 5.37395
0.13869 17.57853 10.08477
0.16067 19.98926 11.47216
0.01816 2.21139 1.26706
0.01451 1.74181 0.99800
0.01842 2.17569 1.24660
0.14993 17.43221 10.00061
0.16024 18.17141 10.42583
0.38272 42.46750 24.51874
0.44068 47.87754 27.70081
0.28539 30.53108 17.56169
0.28803 30.20979 17.37544
0.95845 98.60893 59.08179
0.28670 29.36363 16.88516
0.04666 4.74614 2.71960
0.06116 6.19001 3.54718
0.07811 7.79731 4.46866
0.12207 12.11076 6.94320
1.12265 110.62338 67.16222
0.47233 46.23559 26.73286
0.38020 36.94353 21.28934
0.04244 4.09412 2.34592
0.07003 6.68469 3.83076
0.12753 12.08049 6.92583
0.05551 5.21957 2.99093
0.02488 2.33951 1.34047
0.02683 2.50277 1.43402
0.77497 72.04618 42.22875
0.04904 4.55294 2.60887
1.09126 101.21675 60.80664
0.07831 7.27661 4.17011
0.37001 34.42411 19.82227
0.22553 21.16199 12.14767
0.19005 17.88354 10.26022
0.30600 28.50743 16.38938
0.28795 26.68197 15.33336
0.00596 0.55373 0.31727
0.06537 6.07159 3.47930
0.16713 15.48629 8.88188
0.04520 4.22059 2.41840
0.42565 39.64164 22.86440
0.39274 36.54824 21.05894
0.18784 17.60621 10.10069
1.16745 108.88390 65.97000
1.07533 100.33996 60.22504
0.00734 0.67575 0.38718
0.60103 55.35135 32.13347
0.02335 2.15578 1.23520
0.09283 8.60102 4.92954
0.04233 3.92625 2.24972
0.02533 2.34652 1.34449
0.64765 59.86598 34.83472
0.70796 65.24294 38.07837
0.25316 23.17361 13.30739
1.09562 100.61282 60.40585
1.13907 104.91249 63.27759
1.19793 110.11775 66.81483
1.24942 115.25436 70.37749
1.16903 107.82154 65.24583
0.46366 42.92706 24.78826
0.73534 68.42092 40.01030
0.88600 82.83357 48.93385
0.67273 62.91519 36.67043
0.89646 84.10739 49.73699
1.12446 104.94975 63.30266
1.11651 104.69141 63.12886
1.18491 111.62475 67.85229
1.15461 109.40182 66.32413
1.08344 103.40324 62.26463
0.65227 62.74206 36.56595
1.09461 106.72648 64.50242
0.70839 70.03337 40.99504
1.11909 112.53699 68.48337
1.02554 105.41729 63.61762
1.10050 115.37912 70.46498
0.09820 10.54376 6.04393
0.56595 62.42830 36.37667
0.02386 2.69333 1.54321
0.14152 16.40563 9.41031
0.06648 7.91412 4.53564
0.06269 7.68966 4.40694
0.13822 17.55942 10.07378
0.43967 57.75773 33.57090
0.10464 14.36144 8.23559
0.68112 97.38425 58.27685
0.05676 8.51494 4.88018
0.48399 75.77302 44.52681
0.06192 10.19473 5.84368
0.34642 59.17950 34.42273
0.61365 108.70569 65.84832
0.25611 47.44514 27.44571
0.43712 84.39555 49.91903
0.58797 118.78835 72.87445
0.48617 102.47716 61.64575
0.50178 111.24181 67.58806
0.46022 106.47898 64.33483
0.35960 85.29798 50.49001
0.20482 49.60091 28.71893
0.46285 114.98753 70.19053
0.34321 85.47526 50.60234
0.41939 107.95102 65.33394
0.42244 108.66069 65.81761
0.45199 120.18679 73.87363
0.39870 104.78576 63.19232
0.40376 110.46496 67.05330
0.43842 118.87986 72.93964
0.38181 104.60633 63.07166
0.42377 119.69708 73.52300
0.34692 96.16058 57.47571
0.44303 128.17773 79.71623
0.43583 123.96043 76.60338
0.39611 116.53544 71.27813
0.34105 96.93893 57.98493
0.35121 101.61832 61.07359
0.31090 86.36123 51.16448
0.37510 103.51202 62.33746
0.29596 82.72695 48.86674
0.30952 82.51968 48.73633
0.27959 75.69558 44.47887
0.37787 99.22878 59.49042
0.36802 96.75815 57.86655
0.35620 91.56855 54.49599
0.40006 101.99856 61.32670
0.35328 89.89419 53.41949
0.40336 98.47578 58.99412
0.52664 125.52153 77.74768
0.50258 115.34379 70.44020
0.39434 88.57963 52.57788
0.49768 106.81232 64.56059
0.46751 96.43774 57.65689
0.52503 104.95904 63.30891
0.05795 11.13077 6.38076
0.55710 103.96398 62.64034
0.02166 3.90838 2.23948
0.51333 89.56611 53.20916
0.48940 82.60907 48.79257
0.10626 17.18094 9.85610
0.57304 89.05065 52.87908
0.73421 111.68587 67.89450
0.61668 91.13432 54.21631
0.74041 107.46519 65.00358
0.82534 116.19464 71.03804
0.84466 116.78358 71.45316
0.09983 13.50904 7.74601
0.81477 107.71225 65.17150
0.78241 102.15200 61.42894
0.87579 112.63466 68.55107
0.71614 91.73905 54.60589
0.05500 6.98910 4.00528
0.03010 3.76925 2.15975
0.10960 13.58598 7.79019
0.08653 10.59260 6.07196
0.82667 101.04362 60.69166
0.85801 104.33753 62.89105
0.12944 15.56948 8.92969
0.03118 3.71621 2.12935
0.69010 81.96668 48.38874
0.90926 107.68650 65.15399
0.07253 8.57877 4.91678
0.08023 9.56752 5.48388
0.04875 5.86184 3.35907
0.08746 10.64396 6.10142
0.05312 6.45131 3.69697
0.12082 14.51536 8.32400
0.04108 4.93760 2.82932
0.03956 4.81198 2.75733
0.02927 3.59876 2.06205
0.68221 83.93614 49.62886
0.04178 5.17944 2.96793
0.04977 6.18434 3.54393
0.04394 5.48935 3.14556
0.07599 9.53761 5.46672
0.05066 6.37197 3.65149
0.12765 16.13561 9.25508
0.80581 102.80989 61.86788
0.05779 7.39167 4.23608
0.05795 7.50391 4.30043
0.84197 108.79019 65.90601
0.40324 52.44744 30.40570
0.65119 85.53640 50.64109
0.05232 6.97168 3.99529
0.73662 100.32070 60.21229
0.03661 5.11623 2.93170
0.04420 6.26081 3.58777
0.04180 5.95796 3.41416
0.10719 15.35167 8.80452
0.36793 52.89064 30.66893
0.44553 64.04788 37.35480
0.04782 6.93575 3.97469
0.04670 6.80448 3.89943
0.27650 40.36885 23.28966
0.07554 11.16964 6.40306
0.02068 3.06807 1.75794
0.04472 6.67065 3.82271
0.43698 65.54152 38.25939
0.70610 106.73225 64.50633
0.12636 19.04357 10.92772
0.44265 65.90426 38.47945
0.04761 7.05982 4.04582
0.74065 108.96438 66.02499
0.75407 110.37377 66.99064
0.72831 105.33209 63.56018
0.74476 106.28768 64.20538
0.03013 4.22175 2.41906
0.06834 9.39155 5.38294
0.73849 101.23714 60.82018
0.83379 113.77843 69.34602
0.76696 103.91326 62.60633
0.11229 15.04541 8.62854
0.73278 97.76820 58.52887
0.03626 4.81556 2.75938
0.06260 8.27378 4.74188
0.06905 9.17804 5.26048
0.11803 15.52640 8.90493
0.03219 4.30286 2.46555
0.06462 8.62727 4.94460
0.05389 7.22264 4.13917
0.07532 9.99370 5.72835
0.06128 8.10736 4.64645
0.01744 2.29210 1.31330
0.02043 2.68753 1.53989
0.04521 5.90749 3.38524
0.30321 39.35118 22.69463
0.77947 100.25122 60.16627
0.62143 79.54537 46.87230
0.81754 103.91326 62.60633
0.87867 111.02226 67.43677
0.00689 0.86403 0.49505
0.82188 102.53736 61.68593
0.67213 83.56124 49.39232
0.91513 112.97792 68.78925
0.93387 114.57186 69.89971
0.06566 7.95173 4.55721
0.05135 6.17289 3.53737
0.03024 3.60551 2.06592
0.80122 95.21242 56.85705
0.58141 68.73213 40.20011
0.04149 4.84755 2.77771
0.07274 8.49577 4.86918
0.02629 3.07016 1.75914
0.01631 1.90988 1.09430
0.63596 74.43124 43.69732
0.89700 104.58540 63.05759
0.97536 112.42863 68.40828
0.02314 2.65453 1.52098
0.09027 10.35002 5.93278
0.90651 104.66219 63.10921
0.15263 17.54086 10.06310
0.04860 5.58793 3.20206
0.31718 36.51429 21.03915
0.16757 19.46832 11.17222
0.88803 103.09512 62.05850
0.87331 101.70439 61.13085
0.02505 2.91708 1.67142
0.01262 1.47617 0.84579
0.08040 9.49835 5.44420
0.03970 4.72608 2.70810
0.00516 0.61698 0.35351
0.03991 4.78533 2.74206
0.03163 3.80171 2.17835
0.01310 1.59030 0.91119
0.02204 2.69128 1.54204
0.03676 4.51590 2.58764
0.29518 36.41079 20.97884
0.87781 109.03219 66.07133
0.03603 4.51936 2.58962
0.62676 79.11411 46.60313
0.04288 5.45090 3.12352
0.03260 4.14996 2.37792
0.02875 3.68057 2.10893
0.01494 1.91892 1.09948
0.02665 3.45690 1.98076
0.07750 10.11957 5.80056
0.03149 4.10601 2.35274
0.67363 87.37522 51.80947
0.05226 6.73795 3.86129
0.01101 1.43790 0.82386
0.04761 6.28492 3.60158
0.11279 14.93913 8.56747
0.01437 1.91043 1.09461
0.30051 40.08583 23.12411
0.02371 3.18105 1.82268
0.34359 46.17636 26.69798
0.16419 22.00925 12.63597
0.57778 77.24523 45.43977
0.45964 62.11681 36.18887
0.57825 78.32887 46.11371
0.13329 18.23354 10.46158
0.81960 112.39148 68.38255
0.78681 108.29579 65.56875
0.73517 101.14291 60.75759
0.76559 105.59722 63.73897
0.69707 96.25539 57.53767
0.71234 98.73465 59.16460
0.74955 103.75350 62.49923
0.07453 10.35642 5.93644
0.49051 68.61874 40.13094
0.11986 16.74472 9.60526
0.32835 46.00826 26.59901
0.34149 48.13455 27.85250
0.67686 96.07944 57.42269
0.47133 67.98338 39.74362
0.47620 68.98189 40.35253
0.01352 1.96425 1.12545
0.75685 109.92497 66.68256
0.42122 61.61984 35.88943
0.66907 99.65129 59.76943
0.16051 24.14391 13.86727
0.47584 72.06959 42.24313
0.13087 19.87870 11.40849
0.60809 92.93007 55.37519
0.31435 48.54959 28.09757
0.71769 111.93146 68.06420
0.42972 67.39476 39.38522
0.04975 7.83553 4.49058
0.08535 13.51762 7.75093
0.18329 29.55660 16.99694
0.12811 20.96570 12.03457
0.09100 15.02903 8.61913
0.68315 113.36060 69.05518
0.47651 80.12301 47.23327
0.59041 99.15848 59.44403
0.45948 77.86050 45.82221
0.64941 110.38871 67.00090
0.09619 16.48677 9.45696
0.11689 20.19927 11.59310
0.52926 91.61290 54.52457
0.08234 14.38192 8.24735
0.56273 98.48706 59.00154
0.57744 101.84272 61.22293
0.65506 116.71878 71.40744
0.60632 107.91653 65.31047
0.34999 62.64639 36.50822
0.59977 106.99727 64.68597
0.66520 119.31428 73.24947
0.01057 1.89508 1.08582
0.61051 110.94432 67.38308
0.54396 99.44479 59.63301
0.08170 15.01640 8.61186
0.52981 98.31202 58.88635
0.62166 116.36033 71.15472
0.61386 116.08249 70.95912
0.46851 88.94790 52.81335
0.42595 81.72635 48.23782
0.58853 112.63456 68.55101
0.58062 112.45447 68.42618
0.56766 112.35725 68.35884
0.53927 106.65171 64.45177
0.00751 1.50456 0.86206
0.56147 113.37782 69.06715
0.52644 106.82127 64.56666
0.04765 9.75811 5.59321
0.49937 102.18219 61.44906
0.43524 89.47657 53.15179
0.56468 116.69055 71.38752
0.03012 6.28723 3.60291
0.11625 24.39154 14.01020
0.54285 113.28174 69.00034
0.54708 112.20947 68.25652
0.46058 92.42588 55.04920
0.12997 25.62284 14.72127
0.26768 51.98481 30.13111
0.03602 6.87494 3.93982
0.46560 87.46094 51.86408
0.09742 18.07343 10.36946
0.01767 3.22545 1.84812
0.02636 4.74336 2.71800
0.06220 11.11295 6.37053
0.07934 14.02609 8.04296
0.63960 111.98115 68.09856
0.65972 114.40674 69.78432
0.63913 111.08439 67.47956
0.04076 7.06057 4.04625
0.28142 48.93161 28.32325
0.05201 9.08833 5.20903
0.50540 88.79525 52.71571
0.62581 109.93566 66.68989
0.48354 85.57276 50.66413
0.48679 86.32832 51.14357
0.57487 102.71773 61.80633
0.08775 16.00237 9.17849
0.55250 102.31991 61.54087
0.59382 111.99257 68.10646
0.57543 111.46927 67.74496
0.56747 112.69982 68.59627
0.56051 114.01279 69.50937
0.53806 112.68795 68.58803
0.49310 107.69274 65.15823
0.48236 109.94949 66.69938
0.44964 106.03163 64.03228
0.43577 105.32790 63.55736
0.24177 59.31047 34.50129
0.02876 7.13196 4.08718
0.39617 100.26195 60.17338
0.37374 93.78102 55.92650
0.39875 101.07905 60.71519
0.47556 121.72778 74.98230
0.36399 93.28940 55.60782
0.23494 62.35464 36.33225
0.37381 97.33525 58.24471
0.45581 119.16483 73.14281
0.34653 94.05254 56.10270
0.36566 96.91841 57.97150
0.36127 99.53588 59.69318
0.34524 91.74162 54.60755
0.39478 103.17584 62.11248
0.38635 103.41082 62.26971
0.39788 99.31972 59.55044
0.35727 92.08165 54.82691
0.26488 63.51226 37.03101
0.35743 89.04103 52.87293
0.44164 101.42318 60.94382
0.45188 100.49303 60.32645
0.39169 89.98429 53.47729
0.45035 93.72395 55.88948
0.60693 128.75688 80.14919
0.46379 90.75359 53.97138
0.39216 74.88358 43.97668
0.48835 94.17047 56.17928
0.68040 121.97639 75.16193
0.55650 99.54721 59.70066
0.67301 113.26329 68.98752
0.60640 99.99166 59.99448
0.69798 112.15974 68.22210
0.75750 116.62872 71.34390
0.60929 92.51794 55.10868
0.70219 102.82804 61.88000
0.74432 107.30302 64.89344
0.02158 3.02974 1.73598
0.09464 12.99165 7.44891
0.74531 99.70229 59.80314
0.29789 39.07799 22.53501
0.39799 51.43130 29.80281
0.02552 3.22139 1.84580
0.31321 38.80625 22.37627
0.22347 27.34635 15.71754
0.65464 79.31780 46.73023
0.35338 42.01193 24.25170
0.18491 21.64900 12.42832
0.14730 16.96423 9.73148
0.10565 12.02660 6.89490
0.13824 15.46474 8.86949
0.14851 16.47566 9.45056
0.11462 12.57849 7.21170
0.27932 30.60094 17.60219
0.85893 94.13453 56.15594
0.62214 68.27476 39.92119
0.14978 16.40083 9.40755
0.56949 62.04649 36.14648
0.07174 7.81913 4.48117
0.12556 13.71997 7.86714
0.95166 103.90316 62.59955
0.09755 10.62253 6.08912
0.97511 100.25962 60.17184
0.11567 13.33818 7.64789
1.02895 111.91242 68.05104
1.04115 113.15330 68.91107
0.98528 106.77428 64.53481
0.85076 92.45656 55.06902
0.86617 94.40175 56.32954
0.11849 12.92376 7.40993
0.06559 7.15110 4.09815
0.01422 1.55234 0.88944
0.32035 35.12977 20.23284
0.98262 108.32899 65.59138
0.11534 12.78780 7.33187
0.93881 105.32929 63.55830
0.66389 74.89058 43.98100
0.19331 22.03410 12.65029
0.07104 8.19175 4.69484
0.94478 110.55718 67.11670
0.11181 13.40862 7.68834
0.09135 11.00252 6.30716
0.10937 13.88150 7.95991
0.50055 63.62523 37.09928
0.09290 12.10078 6.93747
0.10146 13.51136 7.74734
0.10706 14.66006 8.40713
0.07823 11.07715 6.34999
0.08325 12.23072 7.01206
0.08344 12.76436 7.31841
0.08346 13.30552 7.62914
0.08156 13.55600 7.77298
0.10193 17.62404 10.11094
0.59777 108.27208 65.55259
0.50094 94.07924 56.12004
0.07071 13.78600 7.90506
0.00801 1.60848 0.92160
0.46311 95.56343 57.08586
0.45754 95.01791 56.73036
0.04950 10.63974 6.09900
0.45193 96.34254 57.59464
0.46328 99.63385 59.75791
0.30086 65.91406 38.48539
0.52032 115.55200 70.58629
0.51959 119.37592 73.29348
0.42398 96.21519 57.51140
0.30793 70.47207 41.26351
0.48841 115.47800 70.53435
0.51898 120.57077 74.14913
0.50370 121.80268 75.03640
0.50519 119.99550 73.73657
0.45785 109.84318 66.62647
0.43473 108.15800 65.47487
0.46035 111.14425 67.52081
0.46517 116.33782 71.13887
0.47268 116.47594 71.23619
0.46456 115.40425 70.48261
0.45023 114.43490 69.80400
0.47319 120.39178 74.02065
0.52230 134.82884 84.77546
0.38105 99.06705 59.38372
0.34234 89.83898 53.38408
0.35499 92.40465 55.03549
0.31001 82.30798 48.60321
0.31742 82.11989 48.48499
0.35980 97.02625 58.04214
0.34134 92.37073 55.01357
0.27101 70.85523 41.49817
0.16561 45.94714 26.56302
0.13246 34.78461 20.03199
0.06418 17.74441 10.18018
0.06307 16.34148 9.37343
0.17556 47.41521 27.42806
0.02194 5.85765 3.35667
0.05277 13.45824 7.71684
0.04027 10.52924 6.03560
0.42124 105.58088 63.72795
0.05034 12.44590 7.13559
0.02498 5.95744 3.41387
0.21844 51.04734 29.57522
0.09876 22.26379 12.78270
0.44547 98.20706 58.81730
0.49053 104.93822 63.29490
0.52595 108.66170 65.81829
0.54937 108.94579 66.01228
0.46739 88.26191 52.37493
0.20386 37.08979 21.37462
0.08475 14.91899 8.55590
0.64306 109.97761 66.71867
0.59395 98.57683 59.06065
0.67627 108.73460 65.86806
0.00979 1.52696 0.87489
0.63852 97.25527 58.19226
0.09126 13.43607 7.70410
0.03566 5.13198 2.94073
0.02455 3.44271 1.97263
0.77985 106.63527 64.44064
0.38481 51.36108 29.76118
0.67427 87.87458 52.12775
0.63496 80.82242 47.67099
0.17241 21.51809 12.35287
0.27188 33.28182 19.15820
0.42962 51.46466 29.82259
0.87749 102.91170 61.93590
0.57568 66.62927 38.91971
0.62799 71.92021 42.15139
0.81980 93.59008 55.80267
0.93433 106.02706 64.02920
0.99187 112.57076 68.50678
0.06917 7.84200 4.49429
0.85849 97.27338 58.20413
0.76214 86.14269 51.02569
0.29086 32.65959 18.79674
0.28273 31.73347 18.25910
0.81648 91.20070 54.25904
0.03522 3.93032 2.25205
0.04050 4.50982 2.58416
0.54601 60.65991 35.31178
0.17580 19.56971 11.23059
0.16221 18.04686 10.35417
0.18792 20.88349 11.98721
0.02477 2.76482 1.58417
0.31870 35.66486 20.54434
0.11616 12.94352 7.42128
0.23812 26.37818 15.15775
0.06352 7.07278 4.05325
0.20964 23.36879 13.41999
0.95148 105.95008 63.97719
0.38398 42.73704 24.67680
0.50151 55.82542 32.41623
0.87023 97.20402 58.15866
0.63237 68.93437 40.32353
0.10117 11.64654 6.67675
0.05743 6.45953 3.70168
0.09026 10.18659 5.83901
0.09027 10.22639 5.86185
0.10848 12.26217 7.03012
1.00413 114.00219 69.50198
0.23413 26.61188 15.29284
0.84943 96.60300 57.76500
0.11967 13.69353 7.85196
0.81692 92.87122 55.33712
0.62152 71.19395 41.70578
0.12344 14.09076 8.08011
0.08541 9.70729 5.56405
0.19294 21.83858 12.53758
1.00004 112.64883 68.56090
1.06085 118.74394 72.84283
0.34297 38.23603 22.04333
0.13900 15.58105 8.93634
0.03249 3.59492 2.05985
0.05070 5.58671 3.20137
0.17487 19.24605 11.04427
0.05462 5.99736 3.43675
0.05559 6.09377 3.49201
0.04844 5.24008 3.00269
0.36835 39.81373 22.96500
0.01663 1.78845 1.02472
0.27714 29.70425 17.08248
0.10061 10.73762 6.15516
1.02490 107.80741 65.23622
0.13015 13.85913 7.94707
0.55539 58.43133 33.97423
0.30965 32.39177 18.64123
0.67072 70.05632 41.00908
0.17292 17.93148 10.28780
0.17528 18.18419 10.43318
0.19581 20.18163 11.58293
0.20615 21.14452 12.13760
0.09735 9.94376 5.69970
0.05926 6.02756 3.45406
0.16570 16.48888 9.45817
0.60255 62.15958 36.21464
1.00257 102.17021 61.44107
0.01627 1.65782 0.94987
0.02051 2.09638 1.20116
0.20246 20.72144 11.89385
0.49812 51.07620 29.59232
0.02482 2.55050 1.46137
0.23298 23.88896 13.72013
0.34235 35.10187 20.21660
0.52710 53.98250 31.31812
0.95354 97.76746 58.52838
0.86725 89.00570 52.85032
0.56400 57.75561 33.56963
0.29403 30.19158 17.36489
0.16422 16.85999 9.67154
0.82853 84.86630 50.21671
0.57743 59.27139 34.47785
0.81651 83.64785 49.44695
0.05606 5.75898 3.30011
0.03579 3.67474 2.10559
0.10046 10.27166 5.88782
0.08346 8.57347 4.91374
0.01117 1.14412 0.65554
0.22882 23.56264 13.53183
0.21317 21.91587 12.58213
0.05424 5.57971 3.19735
0.15766 16.21509 9.30077
0.02135 2.20540 1.26363
0.05018 5.18985 2.97390
0.04567 4.71875 2.70390
0.06335 6.54579 3.75113
0.02314 2.37016 1.35803
0.02831 2.91687 1.67131
0.01267 1.30416 0.74723
0.01840 1.89754 1.08723
0.05828 6.01587 3.44736
0.05797 5.95253 3.41105
1.01435 104.34337 62.89497
0.76349 77.39578 45.53330
0.04650 4.89535 2.80511
0.19702 20.32759 11.66700
0.88549 90.73026 53.95638
0.12247 12.54182 7.19065
0.11946 12.15388 6.96795
0.08064 8.28535 4.74851
1.07119 109.87915 66.65114
1.07726 109.88132 66.65262
0.10553 10.72300 6.14677
0.12738 12.93238 7.41488
0.76254 77.68644 45.71396
0.16901 17.25184 9.89687
0.08731 8.92138 5.11327
0.23938 24.40173 14.01608
0.15494 15.64802 8.97483
0.01345 1.35658 0.77727
0.03847 3.87527 2.22051
0.02864 2.89579 1.65923
0.01485 1.50071 0.85985
0.05373 5.40756 3.09868
1.14776 115.53171 70.57205
0.38820 39.01689 22.49931
0.32743 32.95575 18.96877
0.03681 3.69937 2.11971
0.15333 15.36447 8.81188
0.16353 16.35811 9.38299
0.19858 19.82932 11.38006
0.19465 19.35393 11.10636
0.20484 20.37529 11.69447
0.18145 18.05372 10.35812
0.52981 52.80642 30.61890
0.06423 6.38558 3.65929
0.20079 19.98679 11.47074
0.13455 13.37902 7.67134
1.03333 102.92653 61.94581
0.01814 1.80796 1.03590
0.02367 2.36400 1.35450
0.17640 17.70531 10.15769
0.08244 8.27184 4.74076
0.13162 13.27732 7.61294
0.51828 52.20695 30.26294
0.88962 90.15235 53.58514
0.37191 38.00875 21.91067
0.03385 3.45876 1.98182
0.38956 39.88404 23.00611
0.22823 23.26644 13.36094
0.37954 38.98190 22.47887
0.31483 32.53233 18.72284
0.03943 4.09043 2.34381
0.90914 94.68780 56.51552
1.04795 109.11207 66.12593
1.06381 110.90726 67.35757
0.01589 1.66249 0.95255
0.01722 1.81120 1.03776
0.07763 8.28375 4.74760
0.05759 6.14182 3.51955
0.34137 36.84535 21.23211
0.65827 71.59610 41.95245
0.95348 105.21933 63.48420
0.69003 76.48661 44.96895
0.23720 26.23856 15.07705
0.84368 96.02479 57.38700
0.68110 77.43935 45.56037
0.54685 62.69465 36.53734
0.38804 44.99969 26.00558
0.21396 25.17334 14.46162
0.99832 118.88059 72.94016
0.55332 67.22925 39.28451
0.02603 3.22087 1.84550
0.04751 6.01192 3.44510
0.07349 9.44983 5.41637
0.08389 10.97153 6.28938
0.18833 24.92500 14.31820
0.05948 7.95528 4.55924
0.04702 6.35870 3.64388
0.11339 15.43223 8.85082
0.04233 5.83023 3.34095
0.49407 68.50008 40.05857
0.51058 71.32519 41.78626
0.50063 70.60152 41.34277
0.06710 9.46626 5.42579
0.61174 90.23045 53.63527
0.09761 14.36556 8.23795
0.77141 114.89612 70.12653
0.61963 93.69684 55.87190
0.69594 107.04406 64.71770
0.70515 110.83453 67.30749
0.69399 111.48353 67.75480
0.45989 75.80225 44.54490
0.44911 75.95797 44.64134
0.64295 112.40431 68.39143
0.57780 103.91936 62.61042
0.51145 94.73709 56.54759
0.28966 55.01567 31.93337
0.54053 106.11143 64.08621
0.55287 111.46788 67.74400
0.53940 111.36459 67.67273
0.49748 105.43076 63.62670
0.51819 112.88415 68.72415
0.49369 110.26386 66.91514
0.50732 116.59648 71.32116
0.47984 113.95747 69.47080
0.33592 82.04693 48.43915
0.07047 17.59811 10.09603
0.44221 113.71031 69.29857
0.39943 105.78563 63.86613
0.43411 119.78855 73.58843
0.34203 97.56916 58.39818
0.40535 118.52123 72.68433
0.35196 102.91051 61.93510
0.36760 108.31163 65.57955
0.38874 109.28878 66.24678
0.35359 107.04177 64.71615
0.36909 108.05222 65.40283
0.33964 101.81230 61.20268
0.34472 103.50849 62.33510
0.33099 100.04421 60.02925
0.33565 105.87121 63.92391
0.33529 102.15661 61.43201
0.30975 97.23728 58.18046
0.33524 98.19709 58.81074
0.40144 117.95758 72.28391
0.36896 100.27728 60.18353
0.36352 96.04043 57.39721
0.38876 104.66765 63.11288
0.34398 87.40037 51.82548
0.28686 73.69833 43.24525
0.34593 83.27073 49.20918
0.40483 98.46406 58.98641
0.32493 74.23360 43.57534
0.44763 100.60652 60.40168
0.36470 77.20476 45.41463
0.35136 70.89390 41.52187
0.51388 100.56576 60.37466
0.54048 103.32494 62.21223
0.49958 94.88029 56.64077
0.48142 85.63469 50.70339
0.52401 91.23267 54.27962
0.63056 108.14726 65.46755
0.45438 74.41486 43.68721
0.58525 94.76040 56.56275
0.72529 113.11560 68.88488
0.72156 110.38023 66.99508
0.73342 109.73595 66.55297
0.76587 111.39956 67.69685
0.02245 3.19465 1.83048
0.01166 1.62498 0.93105
0.60471 83.01970 49.05104
0.68972 92.70147 55.22732
0.44689 58.71245 34.14269
0.83861 108.18758 65.49502
0.60646 77.11121 45.35653
0.04945 6.25224 3.58286
0.01360 1.70217 0.97528
0.17863 22.22604 12.76094
0.18040 22.25183 12.77581
0.41881 51.55525 29.87630
0.33283 41.03131 23.67733
0.76177 93.95096 56.03677
0.60022 73.97067 43.41315
0.87471 106.91491 64.63013
0.85683 103.99882 62.66371
0.94513 114.04880 69.53448
0.95200 115.17472 70.32167
0.84613 102.44752 61.62598
0.64559 78.21995 46.04589
0.03782 4.59666 2.63392
0.84065 102.06399 61.37029
0.86308 105.27647 63.52270
0.89588 109.84680 66.62896
0.29356 36.08756 20.79052
0.20454 25.18666 14.46931
0.33233 41.16861 23.75771
0.04412 5.50315 3.15347
0.02941 3.70440 2.12258
0.88778 112.23081 68.27129
0.03768 4.81412 2.75856
0.03592 4.64367 2.66087
0.03046 4.01583 2.30106
0.75335 101.42236 60.94328
0.02604 3.60140 2.06356
0.01403 1.98698 1.13847
0.40907 59.37736 34.54143
0.72877 108.85217 65.94834
0.66782 102.06744 61.37258
0.43968 69.20941 40.49145
0.63252 103.77515 62.51374
0.66976 113.56985 69.20077
0.67261 118.57925 72.72561
0.62693 114.18820 69.63174
0.60414 114.47266 69.83038
0.55230 108.91365 65.99033
0.52704 108.62593 65.79388
0.53063 114.27285 69.69083
0.43792 97.13523 58.11356
0.44464 100.30569 60.20235
0.46784 106.51935 64.36215
0.40001 90.92651 54.08259
0.37186 85.90506 50.87488
0.20998 48.30060 27.95053
0.29738 70.56753 41.32195
0.47505 113.10230 68.87563
0.46951 111.60738 67.84029
0.44514 109.84431 66.62725
0.45194 108.68431 65.83373
0.41833 105.07104 63.38431
0.43387 106.12292 64.09398
0.37183 96.05960 57.40973
0.43042 106.47471 64.33194
0.35259 91.37513 54.37136
0.44386 114.55457 69.88762
0.39650 108.01036 65.37433
0.18215 47.65163 27.56752
0.41667 107.61264 65.10378
0.37689 100.47899 60.31715
0.41811 105.13548 63.42771
0.34821 92.13728 54.86281
0.42906 106.92317 64.63573
0.39981 102.86823 61.90685
0.35316 85.84025 50.83376
0.44209 106.49290 64.34425
0.39190 97.80084 58.55030
0.44709 105.02350 63.35231
0.42990 102.03263 61.34939
0.45176 100.52954 60.35065
0.38583 82.40671 48.66529
0.34539 74.63203 43.82129
0.47147 96.90603 57.96339
0.59460 121.04426 74.48954
0.54824 107.87651 65.28323
0.61699 118.08907 72.37723
0.59363 109.49356 66.38693
0.10466 18.56069 10.64982
0.64991 113.50840 69.15800
0.64514 109.63556 66.48418
0.69546 115.92627 70.84924
0.66882 108.84578 65.94397
0.64666 101.59028 61.05494
0.51891 79.77883 47.01813
0.60736 90.43495 53.76660
0.33625 49.08948 28.41655
0.79472 113.73769 69.31763
0.08553 12.01860 6.89030
0.07839 10.80315 6.19276
0.27093 36.36517 20.95225
0.69844 91.30253 54.32460
0.79546 102.02495 61.34428
0.91123 115.01971 70.21307
0.88370 110.78823 67.27563
0.80512 99.61552 59.74579
0.63137 77.70147 45.72331
0.88277 109.77724 66.58127
0.84963 105.64436 63.77077
0.82874 102.83040 61.88158
0.80425 99.40911 59.60946
0.82588 102.13747 61.41925
0.16753 20.59979 11.82378
0.79175 97.52772 58.37098
0.90357 110.61464 67.15621
0.50874 61.01017 35.52245
0.83379 102.69628 61.79201
0.14942 18.15394 10.41578
0.02239 2.72936 1.56386
0.13442 16.34417 9.37498
0.13502 16.36650 9.38781
0.02651 3.20660 1.83733
0.02640 3.19090 1.82833
0.04167 5.03149 2.88314
0.04354 5.27384 3.02204
0.12480 15.09089 8.65467
0.23501 28.50252 16.38653
0.31863 38.67727 22.30095
0.10299 12.52771 7.18255
0.04677 5.70924 3.27160
0.07417 9.08716 5.20835
0.04167 5.11127 2.92886
0.92423 113.33942 69.04045
0.91156 112.36906 68.36702
0.84961 105.39430 63.60212
0.05125 6.41511 3.67622
0.03100 3.89356 2.23099
0.02344 2.95871 1.69528
0.04602 5.81168 3.33031
0.02523 3.19286 1.82945
0.07313 9.31038 5.33638
0.02070 2.63065 1.50729
0.92828 118.29542 72.52379
0.67766 86.60744 51.32093
0.79530 103.39441 62.25872
0.81529 105.98819 64.00293
0.70011 91.18805 54.25090
0.87429 114.24772 69.67329
0.77236 100.97453 60.64580
0.72391 94.99086 56.71275
0.78647 103.31264 62.20400
0.64778 85.42722 50.57189
0.08787 11.64750 6.67730
0.04283 5.72943 3.28317
0.13956 18.70438 10.73250
0.01237 1.65727 0.94956
0.15650 20.71994 11.89299
0.01251 1.71153 0.98064
0.02109 2.89642 1.65959
0.04373 6.10894 3.50071
0.10077 13.93045 7.98803
0.05776 7.92294 4.54070
0.01644 2.26052 1.29521
0.02303 3.19643 1.83150
0.07270 10.17821 5.83420
0.10737 15.10911 8.66514
0.01573 2.22527 1.27501
0.75251 106.84002 64.57936
0.79156 113.38970 69.07542
0.80133 115.36913 70.45798
0.64682 93.24628 55.57989
0.77522 112.75848 68.63695
0.64172 94.05067 56.10149
0.66080 97.45151 58.32097
0.69159 102.54912 61.69378
0.71954 107.56532 65.07162
0.74952 113.80736 69.36617
0.65414 100.16962 60.11225
0.66936 102.95392 61.96411
0.73083 112.58830 68.51894
0.76169 117.83197 72.19482
0.02521 3.91335 2.24233
0.12402 19.29187 11.07064
0.16638 26.16581 15.03501
0.02863 4.50621 2.58209
0.01279 2.03094 1.16366
0.17424 27.76312 15.95863
0.48665 77.79368 45.78065
0.64074 103.02135 62.00918
0.23123 37.06570 21.36057
0.68529 109.19697 66.18398
0.63119 99.44198 59.63116
0.63100 97.92655 58.63289
0.67368 103.00271 61.99672
0.62525 93.88671 55.99507
0.33069 49.30413 28.54343
0.47406 69.63857 40.75364
0.72470 104.76765 63.18014
0.72431 102.76168 61.83568
0.35953 50.15809 29.04858
0.04939 6.81801 3.90719
0.82501 112.72569 68.61420
0.12966 17.38457 9.97321
0.03346 4.37853 2.50891
0.03439 4.41577 2.53025
0.73728 92.80313 55.29307
0.83796 103.45384 62.29850
0.13014 15.83414 9.08180
0.90542 107.97898 65.35297
0.88490 104.18486 62.78854
0.02717 3.11785 1.78647
0.05470 6.33731 3.63162
0.88729 100.15161 60.10033
0.91834 101.33281 60.88376
0.99430 108.50397 65.71068
0.83037 89.42837 53.12091
0.91731 97.52464 58.36896
0.98287 103.30266 62.19732
1.06374 110.60344 67.14850
1.13079 116.70386 71.39691
1.09748 112.18843 68.24196
1.09115 110.00243 66.73570
0.31836 31.95643 18.38851
0.15218 15.31289 8.78223
1.10311 111.01507 67.43181
1.13668 113.90480 69.43408
0.07339 7.27772 4.17075
0.04043 4.00273 2.29355
1.13632 112.20413 68.25282
0.93515 92.65615 55.19802
0.92432 91.69858 54.57980
0.77511 77.29442 45.47032
0.64609 63.91316 37.27334
1.10059 109.80088 66.59748
1.12143 113.10823 68.87976
1.02799 102.37933 61.58050
0.01658 1.66155 0.95201
1.02361 102.67831 61.78001
1.09763 110.36580 66.98516
1.13586 114.20350 69.64242
1.10066 110.70340 67.21726
1.07510 108.65536 65.81397
1.09184 111.19570 67.55627
0.94538 96.51035 57.70439
0.77938 79.80447 47.03415
0.22099 22.60924 12.98189
0.18266 18.71024 10.73587
0.63536 66.10053 38.59857
0.09445 9.83560 5.63766
1.06455 111.42047 67.71128
0.94747 99.67884 59.78763
0.16603 17.45729 10.01503
1.00032 105.23584 63.49532
0.25138 26.56965 15.26843
0.11890 12.59877 7.22335
0.03314 3.56107 2.04045
0.05011 5.35637 3.06934
0.02256 2.41541 1.38396
0.04624 4.97251 2.84933
0.03255 3.50852 2.01034
0.02094 2.26391 1.29715
0.60303 65.12282 38.00557
0.12352 13.30378 7.62814
0.07879 8.48601 4.86358
1.01574 109.41331 66.33200
0.95196 102.60520 61.73120
0.72798 78.12807 45.98870
0.05688 6.09980 3.49547
0.97478 104.79436 63.19810
0.76828 82.66316 48.82660
0.05797 6.19949 3.55261
0.58684 62.01466 36.12729
1.03331 111.92559 68.06015
1.05331 112.43696 68.41405
1.02923 109.38902 66.31537
1.06369 112.67957 68.58222
0.97014 102.92297 61.94343
0.21205 22.51295 12.92636
0.48234 50.86334 29.46620
0.35869 37.87356 21.83178
0.02953 3.11317 1.78379
0.17126 18.10893 10.38988
0.09826 10.35697 5.93676
0.51702 54.63691 31.70771
0.14857 15.68204 8.99438
0.16171 16.93892 9.71693
0.16210 17.02998 9.76929
0.23418 24.77168 14.22967
0.19604 20.80149 11.93997
0.72198 77.06235 45.32619
0.10750 11.45691 6.56792
0.20845 22.22831 12.76225
0.03937 4.19997 2.40658
0.78027 83.08581 49.09268
0.31741 34.16086 19.66917
1.01769 109.86528 66.64162
0.24173 26.34280 15.13730
0.08476 9.34112 5.35401
0.02627 2.93980 1.68444
0.97454 110.06029 66.77539
0.65587 75.30236 44.23557
0.12058 14.18844 8.13621
0.10007 12.04269 6.90413
0.14992 18.27685 10.48649
0.29437 36.00930 20.74493
0.08063 9.86570 5.65492
0.15916 19.49656 11.18848
0.60406 73.93140 43.38893
0.14050 17.27077 9.90776
0.06106 7.50609 4.30168
0.82905 102.09653 61.39197
0.76784 95.09868 56.78296
0.74443 92.90502 55.35898
0.81921 103.36043 62.23598
0.89947 113.31967 69.02672
0.09310 11.72664 6.72272
0.71364 89.96326 53.46380
0.84722 107.71327 65.17220
0.49111 62.34127 36.32419
0.09596 12.17546 6.98034
0.09356 12.11510 6.94570
0.08680 11.25860 6.45412
0.32302 41.90802 24.19080
0.63981 83.11473 49.11089
0.45205 58.50074 34.01582
0.41328 53.51370 31.03926
0.67642 88.65179 52.62400
0.35431 47.00935 27.18876
0.64964 87.23230 51.71845
0.82461 112.93525 68.75962
0.82609 115.67372 70.67176
0.80578 115.57344 70.60134
0.71240 105.25654 63.50927
0.73908 112.76133 68.63893
0.56779 90.56804 53.85211
0.06013 10.00797 5.73654
0.56724 99.05261 59.37419
0.61607 112.27747 68.30359
0.04928 9.42266 5.40079
0.52335 104.57216 63.04869
0.31420 65.35503 38.14632
0.50573 108.26609 65.54851
0.49801 106.97331 64.66972
0.02734 6.00618 3.44181
0.48581 107.43169 64.98082
0.49659 111.48600 67.75650
0.39456 87.10991 51.64054
0.43266 105.27080 63.51888
0.44172 108.29671 65.56938
0.31798 81.88010 48.33436
0.33389 91.45835 54.42497
0.30518 89.59905 53.23027
0.25812 81.05325 47.81563
0.25907 81.46175 48.07177
0.29305 92.76240 55.26673
0.25032 79.29428 46.71555
0.28222 90.71187 53.94456
0.23852 77.26295 45.45077
0.28139 92.64990 55.19398
0.24291 80.01404 47.16514
0.26891 90.82602 54.01795
0.29635 100.75067 60.49726
0.25669 86.82327 51.45816
0.29040 96.94448 57.98857
0.28695 93.95623 56.04018
0.33983 110.94050 67.38045
0.33093 105.46408 63.64917
0.30528 95.67251 57.15702
0.32761 101.23496 60.81874
0.34471 104.79293 63.19714
0.35713 106.48389 64.33814
0.36978 106.53941 64.37573
0.35070 99.06359 59.38144
0.41726 113.34618 69.04515
0.36242 96.00701 57.37538
0.31043 79.32025 46.73176
0.36502 89.98325 53.47662
0.37005 89.72058 53.30817
0.33761 78.76777 46.38715
0.40455 92.54583 55.12671
0.40698 90.30866 53.68549
0.34181 73.73196 43.26597
0.57665 122.92062 75.84617
0.51670 106.47097 64.32940
0.48749 98.14038 58.77345
0.25757 50.95297 29.51930
0.57117 109.97485 66.71677
0.40578 78.07427 45.95521
0.56298 104.59843 63.06635
0.57141 105.04189 63.36469
0.59690 107.67372 65.14530
0.56296 98.67800 59.12728
0.64594 112.35583 68.35785
0.67029 113.36422 69.05769
0.70925 118.86401 72.92835
0.48720 78.80719 46.41172
0.59873 96.75591 57.86508
0.60089 95.43787 57.00399
0.70484 109.24020 66.21355
0.64117 100.14218 60.09408
0.68229 103.33488 62.21888
0.70951 108.35892 65.61178
0.04366 6.64537 3.80822
0.05921 8.73325 5.00537
0.00364 0.54163 0.31033
0.75375 108.45472 65.67710
0.72386 103.73696 62.48815
0.12955 18.07333 10.36940
0.74797 104.31490 62.87585
0.76490 105.56009 63.71392
0.14192 19.24750 11.04510
0.71428 96.26241 57.54226
0.08373 11.06949 6.34559
0.05132 6.77196 3.88079
0.04583 5.94186 3.40494
0.09051 11.61272 6.65734
0.10481 13.34180 7.64997
0.10567 13.38879 7.67695
0.18552 23.40911 13.44325
0.06582 8.23377 4.71894
0.31611 38.95134 22.46102
0.43147 52.52002 30.44880
0.03669 4.40247 2.52263
0.73308 88.09839 52.27055
0.76755 91.72115 54.59435
0.91300 108.56548 65.75264
0.52705 62.41631 36.36944
0.58250 68.36145 39.97404
0.00584 0.67339 0.38582
0.00998 1.20009 0.68760
0.08254 9.65944 5.53660
0.02260 2.64335 1.51457
0.06186 7.27336 4.16825
0.07268 8.46061 4.84902
0.64450 76.98832 45.28023
0.05022 5.95611 3.41310
0.65122 77.77243 45.76744
0.83583 100.39388 60.26076
0.25348 30.58210 17.59127
0.79811 97.53864 58.37815
0.74459 92.74037 55.25248
0.17633 22.36914 12.84345
0.14152 18.36133 10.53510
0.09282 12.32295 7.06501
0.02793 3.76853 2.15934
0.03502 5.00158 2.86599
0.02781 4.01240 2.29909
0.69323 100.94269 60.62467
0.69700 104.41337 62.94199
0.03121 4.92624 2.82281
0.56040 88.53719 52.55076
0.16134 25.95299 14.91202
0.58932 100.72055 60.47729
0.61119 103.19094 62.12258
0.36785 64.34736 37.53598
0.52553 92.21211 54.91113
0.00448 0.78900 0.45206
0.57023 103.14801 62.09387
0.59771 108.76136 65.88632
0.56409 106.36472 64.25750
0.45368 87.95154 52.17684
0.56619 109.22963 66.20632
0.43063 86.78977 51.43686
0.60856 119.38237 73.29809
0.51835 107.51457 65.03713
0.53527 106.47026 64.32892
0.45321 96.52128 57.71154
0.62859 126.24470 78.28090
0.54498 118.12766 72.40464
0.60766 122.95999 75.87477
0.52311 115.49747 70.54802
0.53491 119.16549 73.14328
0.49122 102.14160 61.42200
0.45662 102.22540 61.47786
0.50401 104.53311 63.02244
0.31650 69.60785 40.73487
0.39390 80.11220 47.22651
0.44990 96.68667 57.81976
0.48384 97.29820 58.22041
0.37329 77.52418 45.61309
0.45998 92.92971 55.37496
0.53095 101.65874 61.10048
0.51680 99.30102 59.53810
0.55173 100.51233 60.33925
0.05542 10.32609 5.91905
0.00592 1.03895 0.59528
0.02306 4.17523 2.39241
0.59362 102.10215 61.39571
0.65425 109.45490 66.36047
0.69307 111.58931 67.82781
0.23464 37.86128 21.82462
0.10603 16.44081 9.43053
0.56516 85.99684 50.93311
0.61568 92.05165 54.80755
0.34075 49.76690 28.81711
0.02254 3.23738 1.85496
0.17763 24.95253 14.33410
0.02200 3.03144 1.73696
0.08436 11.40103 6.53585
0.06141 8.14156 4.66606
0.02259 2.95687 1.69422
0.37681 48.27527 27.93557
0.50017 63.23850 36.86564
0.26224 32.62347 18.77577
0.88561 108.41821 65.65220
0.04056 4.89173 2.80303
0.84922 100.96984 60.64269
0.47024 55.10129 31.98440
0.42151 48.58678 28.11953
0.21438 24.47950 14.06098
0.96920 108.77102 65.89292
0.91377 101.49939 60.99449
0.89238 98.12932 58.76618
0.20765 22.60966 12.98213
0.87932 95.00731 56.72346
0.13531 14.48741 8.30795
0.92532 98.45393 58.97974
0.87774 92.86516 55.33320
0.02148 2.26381 1.29709
0.01270 1.33569 0.76530
0.71580 74.99358 44.04466
0.19905 20.89103 11.99155
0.41569 43.67166 25.22526
0.23397 24.58093 14.11953
0.21953 23.18094 13.31162
0.79701 83.48204 49.34238
0.29869 31.37677 18.05214
0.09838 10.33185 5.92235
0.03239 3.42071 1.96002
0.15553 16.50647 9.46828
0.30527 32.45977 18.68071
0.49670 52.86220 30.65203
0.18120 19.29834 11.07436
0.09802 10.48411 6.00971
0.04001 4.28503 2.45533
0.05623 6.03619 3.45901
0.84488 90.94525 54.09465
0.10947 11.78634 6.75699
0.08768 9.47970 5.43350
0.18553 19.97725 11.46524
0.34270 36.91978 21.27550
1.01503 109.30432 66.25741
0.19772 21.21808 12.17998
1.03544 111.49294 67.76129
0.10381 11.14924 6.39135
1.01878 109.52027 66.40522
0.38866 41.60319 24.01222
0.19832 21.15568 12.14403
1.07241 114.20781 69.64543
0.99765 105.67646 63.79244
0.11961 12.66750 7.26280
1.03165 108.80131 65.91360
0.12831 13.44725 7.71052
0.14508 15.18318 8.70770
0.08460 8.85417 5.07473
0.56120 58.62761 34.09184
0.03418 3.53506 2.02554
0.09061 9.32341 5.34386
0.02953 3.01715 1.72877
0.25762 26.22271 15.06789
0.10629 10.72807 6.14968
0.64200 64.50775 37.63305
0.08603 8.59819 4.92792
0.55847 54.88394 31.85487
0.13894 13.77671 7.89973
0.02095 2.04786 1.17336
0.18393 18.04030 10.35040
0.33976 33.15914 19.08693
0.07906 7.63383 4.37493
0.16809 16.11429 9.24283
0.35307 33.64205 19.36755
0.17938 16.97426 9.73725
0.38229 36.17488 20.84139
0.47621 44.61238 25.77787
0.41665 39.12882 22.56470
0.15097 14.13943 8.10806
0.06225 5.82269 3.33663
0.15789 14.78128 8.47678
0.27553 25.79053 14.81815
0.21490 20.05678 11.51104
1.14022 106.69822 64.48328
0.38567 36.06008 20.77452
1.23378 115.26823 70.38722
0.45064 42.16210 24.33971
0.33239 31.13368 17.91113
0.07847 7.33446 4.20328
0.32626 30.55927 17.57803
0.07059 6.59662 3.78027
0.06163 5.77947 3.31185
0.02278 2.13332 1.22233
0.03068 2.86926 1.64402
0.06341 5.94493 3.40670
0.02535 2.36949 1.35765
0.22628 21.18689 12.16202
0.14271 13.39610 7.68115
0.03603 3.37178 1.93198
0.01870 1.75490 1.00550
0.01615 1.51604 0.86863
0.01698 1.59475 0.91373
0.06067 5.68234 3.25618
0.06514 6.05859 3.47185
0.11999 11.13227 6.38162
0.06058 5.63124 3.22689
1.13018 104.63767 63.09273
1.02691 95.05223 56.75271
0.37978 35.16408 20.25281
0.23525 21.69263 12.45346
1.22012 112.68829 68.58827
1.01697 94.01833 56.08049
0.10816 9.95264 5.70480
0.09629 8.84273 5.06816
0.08335 7.59393 4.35205
1.15789 105.50367 63.67587
0.16013 14.57074 8.35582
0.13789 12.54492 7.19243
0.72076 64.74938 37.77935
0.14702 13.21490 7.57710
0.11293 10.15312 5.81981
0.05599 5.05682 2.89765
0.03242 2.90848 1.66649
0.25339 22.53643 12.93991
0.07331 6.44177 3.69150
0.15360 13.54032 7.76397
1.09571 96.30671 57.57122
0.23032 20.14633 11.56261
1.07199 93.55502 55.77994
0.03552 3.08732 1.76897
0.12902 11.18926 6.41432
1.03990 89.69071 53.28902
0.08658 7.46579 4.27858
0.53222 45.61222 26.36590
0.19801 16.90114 9.69520
0.88410 75.38773 44.28837
0.00256 0.21902 0.12549
0.20882 17.92353 10.28322
0.25953 22.25033 12.77495
0.16338 14.04580 8.05428
0.12804 11.03412 6.32530
0.05513 4.75221 2.72307
0.02230 1.92731 1.10429
0.15636 13.53590 7.76143
0.24185 21.03095 12.07217
0.72388 62.86839 36.64219
0.16237 14.17415 8.12800
0.06481 5.70347 3.26829
0.40439 35.53168 20.46680
0.33006 29.08595 16.72433
0.39294 34.62163 19.93717
0.26529 23.52416 13.50963
0.85150 75.73941 44.50600
1.08455 97.85123 58.58340
1.18993 107.41122 64.96692
0.98085 89.29957 53.03842
0.00851 0.78671 0.45075
0.12473 11.63217 6.66850
0.08011 7.56895 4.33772
0.30905 29.64228 17.04658
0.16989 16.45062 9.43617
0.97560 97.25046 58.18910
0.71490 71.73540 42.03793
1.03106 105.41099 63.61337
0.73863 76.74919 45.13182
1.03655 109.08544 66.10773
0.84876 91.42027 54.40044
0.52762 57.67981 33.52427
0.15423 17.16822 9.84879
0.03257 3.70509 2.12298
0.10951 12.66938 7.26388
0.06151 7.28388 4.17428
0.19042 22.76905 13.07405
0.05523 6.74228 3.86377
0.17827 22.01884 12.64149
0.19796 25.59326 14.70418
0.01337 1.87778 1.07591
0.01133 1.59029 0.91118
0.06253 8.77228 5.02776
0.63212 88.68431 52.64479
0.66113 92.90296 55.35765
0.10741 15.09442 8.65670
0.80797 113.45370 69.11994
0.81087 113.96601 69.47675
0.77714 109.29854 66.25346
0.77710 109.40204 66.32428
0.36278 51.01960 29.55878
0.38309 53.94428 31.29538
0.73201 103.07635 62.04595
0.23383 32.93646 18.95756
0.81778 111.12159 67.50520
0.66649 108.79332 65.90815
0.64660 108.78124 65.89990
0.45293 78.53480 46.24197
0.61595 110.72393 67.23138
0.53617 100.59470 60.39384
0.59887 116.34720 71.14547
0.50231 102.86150 61.90235
0.53110 114.38476 69.76897
0.44661 102.33487 61.55084
0.41774 101.64015 61.08811
0.45541 118.03344 72.33775
0.41204 114.82837 70.07911
0.38740 116.33766 71.13876
0.34638 111.87930 68.02814
0.23462 81.26646 47.94929
0.29966 112.27175 68.29964
0.27427 111.33443 67.65193
0.27539 118.60863 72.74652
0.08998 40.66547 23.46320
0.21555 100.38681 60.25608
0.23575 113.27308 68.99432
0.23749 117.13982 71.70479
0.03537 17.83700 10.23344
0.22008 111.61609 67.84631
0.20655 104.08458 62.72125
0.13711 68.84223 40.26730
0.18428 92.57466 55.14535
0.22100 111.87788 68.02716
0.23424 118.65005 72.77600
0.23469 118.20903 72.46242
0.23392 118.19145 72.44993
0.23883 120.86872 74.36324
0.23683 117.88170 72.23009
0.22132 104.15472 62.76831
0.27421 119.73477 73.54995
0.27161 108.33591 65.59610
0.30587 112.89326 68.73048
0.08498 29.35469 16.87998
0.35856 117.68222 72.08867
0.35101 108.31672 65.58302
0.39986 116.79219 71.45924
0.39343 106.72438 64.50100
0.42752 109.41491 66.33309
0.43473 104.88637 63.26001
0.44997 102.06356 61.37000
0.32318 69.70884 40.79659
0.48781 99.89054 59.92759
0.57156 112.87954 68.72095
0.57790 109.72882 66.54809
0.60310 110.96556 67.39771
0.59404 106.52064 64.36303
0.59708 103.52976 62.34934
0.68172 114.10656 69.57478
0.69569 112.28444 68.30842
0.65905 102.88709 61.91945
0.71568 108.04112 65.39527
0.54506 80.16799 47.26140
0.76099 110.10052 66.80300
0.08085 11.44561 6.56144
0.70368 97.82375 58.56535
0.63068 84.77209 50.15711
0.84374 109.72788 66.54744
0.06712 8.47845 4.85925
0.09908 12.28281 7.04197
0.11689 14.37369 8.24262
0.04956 5.94964 3.40939
0.07861 9.33858 5.35256
0.80359 92.72420 55.24202
0.17166 19.48025 11.17908
0.54157 60.82035 35.40826
0.48061 53.32213 30.92536
0.12691 13.88884 7.96413
0.08430 9.11848 5.22632
0.04509 4.82918 2.76719
0.76139 80.53174 47.48898
1.08356 113.02790 68.82396
0.93448 96.34335 57.59517
1.07681 109.50862 66.39725
1.02148 103.28801 62.18752
0.12929 12.97764 7.44087
1.01823 101.53598 61.01882
0.94342 93.80344 55.94104
1.02057 100.43473 60.28783
1.03876 101.62540 61.07830
0.99341 96.65119 57.79654
0.97071 94.15792 56.17113
0.94229 90.67505 53.92089
0.05218 5.01398 2.87310
1.06746 101.49481 60.99144
1.17611 111.56940 67.81407
0.18012 17.09896 9.80895
0.20129 18.96071 10.88002
1.04327 98.28646 58.86953
1.07272 100.90107 60.59704
0.44136 41.47590 23.93765
0.05818 5.47805 3.13908
0.20040 18.80742 10.79180
0.81199 76.66976 45.08254
0.23246 21.91337 12.58069
0.13584 12.75494 7.31301
0.11381 10.63580 6.09674
0.05267 4.92254 2.82069
0.00208 0.19540 0.11196
0.02015 1.90768 1.09304
0.01879 1.77976 1.01974
0.01989 1.87912 1.07667
0.12583 11.79210 6.76029
0.11895 11.12177 6.37559
0.06550 6.12077 3.50749
0.13547 12.68831 7.27475
0.06671 6.25147 3.58241
0.08210 7.70344 4.41484
0.02536 2.37696 1.36193
0.14268 13.30467 7.62865
0.10543 9.83063 5.63481
0.03722 3.45907 1.98200
0.23676 22.16148 12.72372
0.13893 12.99710 7.45204
0.77311 72.19237 42.31856
0.46609 43.29802 25.00592
0.86613 80.10499 47.22200
1.13167 104.62386 63.08344
0.88696 82.35633 48.63361
1.03560 96.31091 57.57396
0.79349 73.53953 43.14739
0.08366 7.74738 4.44003
0.08557 7.92065 4.53938
0.27514 25.45606 14.62492
1.03127 95.30159 56.91516
0.07058 6.51768 3.73502
0.01229 1.13653 0.65119
0.37433 34.67025 19.96545
0.47937 44.21277 25.54305
0.12897 11.85453 6.79613
0.66455 60.76944 35.37765
0.88816 81.22586 47.92383
0.05701 5.22284 2.99280
0.90880 83.31148 49.23486
0.55760 51.07657 29.59255
1.15817 106.31354 64.22288
0.68791 63.34579 36.93044
0.24347 22.16227 12.72417
0.85111 77.54181 45.62405
1.07120 97.77125 58.53087
0.16065 14.63754 8.39420
0.10158 9.24480 5.29877
0.97800 89.05485 52.88177
1.19596 108.69563 65.84146
0.92279 83.92124 49.61946
0.03533 3.20073 1.83396
1.20234 109.06636 66.09468
0.98112 89.05180 52.87982
1.18028 106.84271 64.58119
1.23700 111.76021 67.94585
0.74343 66.93111 39.10319
1.08311 97.82442 58.56579
0.05002 4.51668 2.58809
0.89264 80.40021 47.40666
0.25888 23.23072 13.34033
0.05422 4.87310 2.79236
0.17456 15.67709 8.99153
0.33805 30.18919 17.36350
0.05352 4.79083 2.74520
0.19896 17.74175 10.17865
0.05685 5.09471 2.91937
0.14360 12.81648 7.34834
0.22843 20.37705 11.69548
0.14518 12.90702 7.40032
0.31745 28.08903 16.14721
0.61168 54.11917 31.39945
1.16598 103.11323 62.07061
0.48634 42.97069 24.81386
0.43078 38.00069 21.90597
0.06537 5.77571 3.30970
0.32865 28.92063 16.62860
0.71498 63.03625 36.74351
0.30495 26.80344 15.40359
1.12901 99.05539 59.37603
0.90102 79.20345 46.65886
0.06118 5.35775 3.07013
0.20930 18.32206 10.51251
0.06223 5.46069 3.12913
0.18225 16.00498 9.17999
0.05040 4.41249 2.52838
0.13706 11.98478 6.87089
0.07157 6.24302 3.57757
0.24228 21.32835 12.24353
0.74768 65.55049 38.26483
0.70774 62.16726 36.21927
0.02606 2.28228 1.30768
0.05752 5.07287 2.90685
0.17979 15.87362 9.10449
0.01072 0.94233 0.53992
0.11298 9.87801 5.66198
1.27405 112.69490 68.59285
0.07216 6.41114 3.67394
0.09856 8.85099 5.07290
0.09471 8.50137 4.87239
0.52049 46.43741 26.85174
0.26733 23.79879 13.66809
0.12497 11.16754 6.40186
0.46738 42.15658 24.33647
0.32077 29.09536 16.72978
0.12297 11.32295 6.49104
0.08050 7.45044 4.26978
0.05767 5.30743 3.04129
1.14320 104.31476 62.87576
0.98452 90.24432 53.64418
0.06921 6.45657 3.69999
1.04954 99.52179 59.68387
0.63914 60.89233 35.45155
0.04791 4.70208 2.69434
0.32417 31.40971 18.07125
0.05616 5.42312 3.10760
0.08997 8.71072 4.99245
0.15979 15.64910 8.97545
0.92784 91.67320 54.56344
0.17472 17.47492 10.02517
0.76252 76.59910 45.03871
0.09189 9.29254 5.32615
0.29493 30.25346 17.40075
0.80530 82.15322 48.50594
0.66753 68.37799 39.98412
0.39144 40.36302 23.28624
0.14936 15.65272 8.97753
0.03758 3.96161 2.26998
0.09982 10.51096 6.02511
0.06215 6.58746 3.77502
0.05331 5.67484 3.25188
0.06854 7.40291 4.24253
0.26603 28.83762 16.58053
0.15221 16.56714 9.50316
0.10844 11.82697 6.78031
0.24106 26.42617 15.18549
0.10639 11.72616 6.72245
0.08383 9.26377 5.30965
0.04254 4.74518 2.71904
0.06380 7.18788 4.11924
0.57959 65.31122 38.11976
0.08004 9.01323 5.16595
0.82831 93.12477 55.50121
1.01283 115.05986 70.24119
0.70313 80.75780 47.63052
0.62601 72.58098 42.55741
0.73103 85.19846 50.42698
0.83618 97.58409 58.40798
0.04870 5.67757 3.25344
0.13860 16.28854 9.34299
0.03817 4.51335 2.58618
0.08296 9.93865 5.69677
0.10088 12.11068 6.94316
0.84129 102.20791 61.46620
0.05510 6.80032 3.89705
0.06525 8.23855 4.72168
0.24836 31.61148 18.18832
0.13520 17.50607 10.04309
0.27005 35.40109 20.39077
0.09531 12.70015 7.28155
0.58109 78.69726 46.34321
0.47520 64.87509 37.85548
0.30760 42.96364 24.80972
0.10848 15.36665 8.81313
0.70748 101.83935 61.22068
0.20982 30.60127 17.60238
0.72949 108.20853 65.50929
0.12515 18.80239 10.78891
0.68763 105.18726 63.46259
0.68087 106.12832 64.09763
0.42288 67.28690 39.31958
0.56136 91.22375 54.27388
0.66386 110.57319 67.12770
0.58034 98.34251 58.90641
0.65644 112.72765 68.61556
0.61069 107.20881 64.82949
0.61316 108.62781 65.79517
0.59605 108.49466 65.70433
0.54647 101.43302 60.95036
0.45127 86.13861 51.02310
0.53817 104.14196 62.75975
0.55232 109.23103 66.20728
0.56510 113.88177 69.41803
0.52544 108.15990 65.47616
0.46556 98.47570 58.99407
0.44131 95.09911 56.78324
0.43173 95.73168 57.19563
0.33841 77.83051 45.80356
0.43920 104.29788 62.86442
0.49258 120.77155 74.29338
0.33987 86.38884 51.18202
0.39400 101.84910 61.22718
0.38793 105.56305 63.71591
0.35002 96.23216 57.52248
0.38782 109.78872 66.58914
0.42211 125.58684 77.79575
0.40763 119.51903 73.39571
0.37846 118.58951 72.73291
0.24167 74.10401 43.49539
0.29057 90.18515 53.60619
0.28734 92.36074 55.00712
0.36667 115.58789 70.61149
0.38040 123.99833 76.63105
0.30219 97.12203 58.10491
0.29119 95.64475 57.13892
0.22477 75.92741 44.62241
0.30687 101.82989 61.21438
0.36687 124.00184 76.63361
0.30175 102.23624 61.48508
0.28696 100.80243 60.53160
0.05797 20.29840 11.65019
0.36633 125.91681 78.03888
0.07505 25.49885 14.64964
0.32417 109.45554 66.36090
0.29327 99.06509 59.38243
0.16750 57.68177 33.52544
0.32907 111.22630 67.57737
0.30731 103.67405 62.44599
0.34614 117.24571 71.77966
0.29792 99.00647 59.34377
0.32376 107.69938 65.16275
0.28595 93.04661 55.45061
0.09371 29.87466 17.18122
0.40583 125.29732 77.58276
0.08202 25.02615 14.37662
0.13029 39.26860 22.64638
0.35741 106.46849 64.32773
0.41806 119.52421 73.39941
0.25416 73.70572 43.24980
0.35920 99.59411 59.73165
0.33336 90.27008 53.66071
0.34017 90.43301 53.76535
0.43639 112.81350 68.67512
0.34910 85.70747 50.74955
0.39609 94.08014 56.12062
0.46024 104.63371 63.09006
0.47276 102.02804 61.34634
0.03359 7.05814 4.04486
0.59488 120.97104 74.43685
0.02610 5.08187 2.91201
0.56068 104.65288 63.10295
0.49790 89.18715 52.96645
0.53653 92.62484 55.17778
0.55753 92.03346 54.79581
0.67551 107.95191 65.33454
0.49138 75.27340 44.21766
0.83637 122.29189 75.39021
0.85410 120.03400 73.76415
0.83615 112.66118 68.56946
0.87709 114.81805 70.07190
0.03321 4.22562 2.42128
0.12238 15.15042 8.68887
0.19645 23.47006 13.47841
0.69495 80.63545 47.55391
0.16720 18.93267 10.86389
0.86054 94.99747 56.71705
0.20103 21.70604 12.46119
0.41393 43.59544 25.18051
1.04332 107.09418 64.75170
0.13719 13.74865 7.88361
0.02488 2.43468 1.39501
0.09550 9.14219 5.23991
0.25541 23.93028 13.74397
0.01718 1.57760 0.90390
0.27208 24.46821 14.05446
1.01497 88.93920 52.80778
1.07511 92.61727 55.17289
0.08023 6.78983 3.89103
0.06237 5.25231 3.00970
0.28115 23.65429 13.58471
0.09750 8.25256 4.72971
0.01071 0.91081 0.52186
0.77877 66.35136 38.75088
0.82071 69.68108 40.77962
0.18314 15.55785 8.92301
1.03232 87.83099 52.09995
0.92173 77.96902 45.88972
1.35492 115.00143 70.20026
1.06291 90.10343 53.55374
1.21505 103.01561 62.00534
1.12780 95.69885 57.17421
1.27232 108.10671 65.43993
0.08063 6.86305 3.93301
0.59076 50.49554 29.24836
1.01379 86.51752 51.26378
1.25363 107.69743 65.16142
1.21186 104.01247 62.67287
1.12484 96.97868 58.01097
1.02171 88.06541 52.24950
1.16110 100.27284 60.18059
1.00019 86.56090 51.29135
1.18972 103.21142 62.13628
0.16441 14.30603 8.20376
0.11930 10.40419 5.96386
1.13391 98.96368 59.31556
0.71907 63.13013 36.80019
0.12175 10.71105 6.13991
0.72176 63.68599 37.13600
0.35353 31.18861 17.94299
0.74461 65.80875 38.42149
1.11575 98.47871 58.99605
0.47901 42.56961 24.57861
0.64795 58.01114 33.72258
0.91679 82.24952 48.56646
0.07504 6.75805 3.87281
0.73492 65.96383 38.51560
0.03801 3.42710 1.96368
0.30539 27.71376 15.93008
0.16435 14.96364 8.58155
0.17370 15.80750 9.06649
0.14766 13.43135 7.70139
0.36200 32.91376 18.94437
0.08941 8.13091 4.65995
0.10919 9.97160 5.71568
0.67665 62.29049 36.29357
0.14738 13.57300 7.78274
0.03480 3.20004 1.83357
1.13414 103.75376 62.49940
0.33975 30.98023 17.82213
0.07861 7.16924 4.10855
0.66535 60.49820 35.21456
0.08370 7.66039 4.39015
0.96985 88.99925 52.84620
0.36732 33.78039 19.44797
0.50078 46.07744 26.63974
0.35928 33.15711 19.08575
0.07525 6.96314 3.99039
0.10798 9.99701 5.73025
0.20610 19.14362 10.98530
0.06312 5.85234 3.35362
0.07367 6.86725 3.93542
0.56221 52.54287 30.46237
0.33773 31.64405 18.20722
0.47565 44.74906 25.85822
0.45656 42.86743 24.75328
0.14831 13.97035 8.01095
0.12379 11.71911 6.71840
0.19821 18.73560 10.75047
1.14796 109.08584 66.10800
0.22034 20.93130 12.01476
0.13836 13.24126 7.59224
0.16611 15.86212 9.09788
0.25810 24.78606 14.23797
0.08947 8.61240 4.93607
0.06419 6.17720 3.53984
0.28129 27.12848 15.59153
1.01979 98.82075 59.22134
0.51666 50.37653 29.17789
0.77800 75.40051 44.29627
0.99149 96.64643 57.79342
1.06620 104.25173 62.83344
0.43739 42.91851 24.78325
0.04891 4.81392 2.75844
0.27892 27.42025 15.76029
0.22855 22.55146 12.94857
0.24770 24.56446 14.11003
0.23495 23.36151 13.41579
0.19115 19.09606 10.95793
0.27068 26.99357 15.51352
0.25382 25.42400 14.60640
0.55383 55.62167 32.29467
0.68956 69.66032 40.76694
0.84025 85.22972 50.44678
0.86393 87.64742 51.98291
0.60675 61.80299 35.99975
0.70697 72.14827 42.29146
0.43255 44.28822 25.58738
0.78142 80.28411 47.33403
0.23798 24.49506 14.06996
0.10937 11.34296 6.50252
0.72664 75.29249 44.22946
1.01696 105.49676 63.67120
1.13771 118.24146 72.48546
0.94522 98.27923 58.86477
0.75004 78.51751 46.23120
1.00020 104.50820 63.00571
0.70964 74.21022 43.56091
0.74799 77.80522 45.78783
0.78903 82.05005 48.44111
1.07870 112.17385 68.23187
0.92889 96.21368 57.51041
0.82555 85.50626 50.62199
1.08740 112.00655 68.11612
0.66295 68.18618 39.86720
1.01860 104.05434 62.70096
1.15533 117.14778 71.71042
0.94592 95.88141 57.29336
1.20432 120.62879 74.19080
1.15017 115.31021 70.41665
1.20015 119.95468 73.70734
1.20818 119.16971 73.14630
1.22470 120.60414 74.17309
0.89652 87.88817 52.13642
0.07127 6.95845 3.98770
1.00574 97.65731 58.45605
0.48746 47.02938 27.20057
0.94880 90.37268 53.72660
1.11758 105.84894 63.90887
1.17774 110.57645 67.12995
1.16010 108.62147 65.79084
0.54267 50.59499 29.30725
0.86572 79.99927 47.15590
0.37851 34.82410 20.05496
0.81585 74.69361 43.85932
0.66484 60.35701 35.12970
1.07313 97.16069 58.13025
0.21615 19.41904 11.14385
0.44688 39.97844 23.06131
0.19188 16.87836 9.68211
1.21329 110.13524 66.82683
0.25414 22.81837 13.10249
0.79435 70.76790 41.44467
0.93270 83.54405 49.38148
1.12555 100.93095 60.61687
0.05489 4.92696 2.82323
1.12321 101.47556 60.97865
0.09185 8.30197 4.75804
0.31794 28.79864 16.55796
0.59054 53.55423 31.06336
0.04792 4.36800 2.50288
1.20775 109.81645 66.60815
1.00288 92.00229 54.77569
0.19325 17.76184 10.19021
0.07453 6.85554 3.92870
1.18147 109.27611 66.23812
0.41225 38.19307 22.01825
1.13298 105.50283 63.67530
0.85550 80.10682 47.22315
0.04721 4.43316 2.54022
1.05013 99.19935 59.47100
0.43667 41.37289 23.87733
0.05073 4.83306 2.76941
0.08457 8.06379 4.62146
0.05385 5.16001 2.95680
1.16937 113.17479 68.92600
0.85405 82.69367 48.84580
0.20328 19.88136 11.41003
0.22889 22.63469 12.99657
0.31686 31.91865 18.36658
0.15844 16.34565 9.37583
0.64516 68.21451 39.88447
0.30566 33.21063 19.11684
0.09589 10.76721 6.17214
0.96075 111.10696 67.49512
0.71009 84.62666 50.06513
0.89779 110.08868 66.79487
0.77746 98.86822 59.25262
0.30219 39.98524 23.06529
0.11388 15.60573 8.95052
0.74238 105.96390 63.98652
0.02986 4.40945 2.52663
0.57143 85.26604 50.46978
0.63041 102.99517 61.99168
0.63343 103.75437 62.49981
0.49457 83.50300 49.35559
0.57859 100.87517 60.57986
0.57728 103.40142 62.26341
0.49072 89.55641 53.20294
0.60269 113.03651 68.82993
0.57664 110.12305 66.81846
0.56235 109.86754 66.64318
0.54695 110.41852 67.02138
0.50712 104.76007 63.17503
0.39830 86.37608 51.17391
0.35844 79.95878 47.13059
0.46573 107.46557 65.00383
0.39441 96.48742 57.68939
0.12099 30.98408 17.82436
0.42950 119.07373 73.07784
0.33556 98.98114 59.32706
0.32514 103.08445 62.05137
0.27800 93.94231 56.03115
0.28590 96.79456 57.89039
0.31268 107.92445 65.31586
0.29373 101.69547 61.12492
0.32370 110.37117 66.98885
0.34218 121.07945 74.51487
0.35436 124.29216 76.84577
0.34361 124.74984 77.18088
0.26793 98.36476 58.92105
0.24153 86.06543 50.97665
0.28008 100.28932 60.19151
0.17675 59.82122 34.80785
0.25618 85.86501 50.84947
0.31306 98.80368 59.21008
0.32693 102.07728 61.37914
0.39306 118.59856 72.73935
0.35994 102.74063 61.82162
0.38200 107.90531 65.30283
0.39595 104.75987 63.17490
0.43744 114.24652 69.67244
0.44044 110.13452 66.82634
0.48956 114.35652 69.74925
0.51594 117.11717 71.68877
0.11034 23.49716 13.49405
0.52327 107.97769 65.35209
0.55712 107.71034 65.17020
0.48129 92.29323 54.96351
0.56215 101.91964 61.27414
0.34795 60.16492 35.01427
0.47652 79.62507 46.92207
0.38679 62.24280 36.26481
0.68005 105.42838 63.62509
0.47951 71.65348 41.98766
0.65224 93.49100 55.73844
0.21655 30.46486 17.52330
0.46527 63.57161 37.06688
0.15753 20.96583 12.03465
0.29641 38.52252 22.21059
0.22963 29.11354 16.74031
0.38520 47.32772 27.37646
0.06694 7.98284 4.57505
0.87404 101.91309 61.26978
0.66384 75.87935 44.59264
0.19117 21.39618 12.28261
0.09404 10.32769 5.91996
0.86315 92.68271 55.21520
0.07160 7.54686 4.32506
0.05195 5.39139 3.08941
0.03970 4.07716 2.33620
0.04550 4.42003 2.53270
0.10874 11.35896 6.51171
0.04198 4.13288 2.36813
0.29803 28.65221 16.47319
0.10264 9.79628 5.61510
0.06430 6.06117 3.47333
1.02248 94.60987 56.46484
0.72133 66.21849 38.67019
1.10999 100.55079 60.36474
0.16434 14.72461 8.44422
0.07346 6.49033 3.71934
0.13455 11.68397 6.69824
0.15766 13.59444 7.79505
0.87317 75.02490 44.06402
0.09567 8.15037 4.67111
0.01711 1.44312 0.82685
0.16479 13.82153 7.92547
0.10993 9.17015 5.25595
0.88164 73.25259 42.97066
0.80687 67.31247 39.33514
0.08677 7.20719 4.13031
0.27154 22.46826 12.90060
0.66009 54.52031 31.63827
0.56128 46.24735 26.73979
0.06481 5.36489 3.07423
0.78906 65.27282 38.09648
1.30021 107.52873 65.04675
1.16280 96.42885 57.65108
1.23122 102.35764 61.56603
0.11395 9.59479 5.49952
0.04226 3.55654 2.03785
0.27097 22.68281 13.02432
0.85900 71.88810 42.13168
0.01057 0.88691 0.50817
0.01457 1.22626 0.70260
1.34735 112.79608 68.66304
0.10558 8.84061 5.06695
0.02091 1.76250 1.00985
1.30104 109.00937 66.05573
0.73222 61.25241 35.66821
0.85870 71.39007 41.82605
0.09671 8.05916 4.61881
0.09211 7.68120 4.40208
0.11676 9.74838 5.58763
0.04014 3.35957 1.92498
0.70601 59.17066 34.41743
1.02640 85.87260 50.85428
1.35036 113.04163 68.83350
1.25774 105.10023 63.40397
1.27760 107.81365 65.24047
0.11652 9.88334 5.66504
0.08485 7.21793 4.13647
0.08538 7.26789 4.16511
0.18441 15.75244 9.03484
1.24829 106.55115 64.38368
0.10022 8.62381 4.94261
0.08822 7.62790 4.37153
1.20670 104.49880 62.99939
0.05607 4.85871 2.78411
0.13273 11.49420 6.58932
0.47183 41.47546 23.93740
0.04066 3.59621 2.06059
1.02604 90.78437 53.99117
0.98266 86.71255 51.38775
1.26082 110.82042 67.29778
0.72233 63.40433 36.96580
0.83186 73.64804 43.21425
0.25072 22.51248 12.92609
1.18782 105.41354 63.61509
1.27278 112.44794 68.42166
1.13660 100.40527 60.26831
0.14405 12.85319 7.36941
0.23014 20.62575 11.83873
0.01093 0.97234 0.55711
0.03791 3.36963 1.93075
0.27013 23.95682 13.75928
0.01023 0.90845 0.52050
1.00084 88.99148 52.84123
0.84940 75.09987 44.11036
1.18077 104.84762 63.23393
0.44284 39.47777 22.76862
0.26717 23.96318 13.76295
0.68845 61.97070 36.10081
1.22522 108.53292 65.73043
1.28679 114.23791 69.66644
0.82991 73.61306 43.19270
0.00434 0.38570 0.22099
0.22176 19.74000 11.32863
0.10203 9.08877 5.20927
1.04819 93.60925 55.81510
0.05457 4.85171 2.78010
0.19692 17.51689 10.04931
0.12478 11.06775 6.34459
0.12177 10.80467 6.19363
0.25129 22.34677 12.83055
1.03742 92.31398 54.97691
0.41291 36.80886 21.21084
0.59578 53.16642 30.83281
1.15738 103.41692 62.27379
0.07819 6.97112 3.99497
0.07756 6.74093 3.86300
0.06515 6.03633 3.45909
1.22614 110.52922 67.09747
0.26022 23.53999 13.51876
0.09293 8.40340 4.81621
1.03827 93.97358 56.05144
0.02073 1.88479 1.07992
0.47047 42.87361 24.75691
0.06806 6.20370 3.55503
0.04443 4.06008 2.32641
0.06958 6.34443 3.63570
0.05763 5.29274 3.03287
0.01126 1.03136 0.59093
0.06002 5.53269 3.17040
1.13609 105.02155 63.35099
0.13984 12.96031 7.43092
0.13424 12.42819 7.12542
0.11497 10.64697 6.10315
0.92867 86.32429 51.14101
0.23484 21.97114 12.61399
0.08641 8.12091 4.65422
0.23920 22.42932 12.87814
1.08815 102.38718 61.58573
0.09047 8.62041 4.94066
0.05751 5.46596 3.13216
0.04325 4.11464 2.35768
1.05351 100.05111 60.03382
0.06412 6.11747 3.50560
0.12487 12.00129 6.88037
0.04955 4.79335 2.74665
0.85940 83.49396 49.34990
1.03207 99.84611 59.89822
0.09549 9.29046 5.32496
0.91373 89.29095 53.03290
0.44765 43.70494 25.24479
1.13181 110.75097 67.24999
0.79701 78.83740 46.43056
0.88737 89.25864 53.01221
0.03516 3.54090 2.02889
0.01176 1.19530 0.68486
0.01374 1.41186 0.80894
0.03288 3.40535 1.95122
0.02615 2.75205 1.57686
0.06364 6.80793 3.90141
0.68653 74.42414 43.69293
0.84731 92.62793 55.17978
0.06825 7.53842 4.32022
0.05306 5.92989 3.39807
0.15350 17.43224 10.00063
0.86622 99.44859 59.63553
0.60499 72.23976 42.34768
0.61465 74.52172 43.75317
0.13032 16.19612 9.28986
0.02682 3.42439 1.96213
0.04755 6.21690 3.56260
0.49562 66.42201 38.79380
0.74995 102.72186 61.80909
0.64311 90.21043 53.62242
0.65897 94.74659 56.55377
0.68662 101.74010 61.15462
0.03709 5.63996 3.23189
0.02449 3.82057 2.18916
0.06105 9.82712 5.63279
0.52541 86.42069 51.20225
0.57413 97.03857 58.05022
0.03055 5.30035 3.03723
0.53395 95.56428 57.08642
0.52867 97.75307 58.51893
0.57346 110.90393 67.35527
0.55357 111.54819 67.79943
0.54137 114.19894 69.63923
0.40004 89.40849 53.10818
0.28355 67.57220 39.49321
0.28485 71.97227 42.18336
0.37343 99.77591 59.85180
0.39660 112.30162 68.32032
0.02131 6.47576 3.71099
0.34480 111.01615 67.43255
0.33394 112.45440 68.42613
0.30216 106.21354 64.15525
0.17158 62.03851 36.14167
0.28342 106.40119 64.28218
0.27708 107.23121 64.84469
0.30211 119.08577 73.08642
0.30498 121.26017 74.64502
0.26625 106.56143 64.39064
0.28407 114.54596 69.88160
0.26256 107.65220 65.13067
0.28196 123.51519 76.27866
0.25141 128.06216 79.63000
0.16081 103.91481 62.60737
0.13085 121.06996 74.50804
0.08564 117.91409 72.25307
0.02044 49.82810 28.85331
0.00575 64.28121 37.49595
0.01492 96.25320 57.53624
0.01121 83.91083 49.61289
0.00243 73.82920 43.32592
0.00404 133.63238 83.85072
0.00469 134.77745 84.73559
0.00242 106.55166 64.38402
0.00233 112.11788 68.19313
0.00054 16.31646 9.35904
0.00413 117.60361 72.03298
0.00442 117.42480 71.90636
0.00293 88.00134 52.20862
0.00214 75.11969 44.12261
0.00179 52.83211 30.63416
0.00196 49.51752 28.66961
0.00168 63.89629 37.26314
0.00225 59.11856 34.38618
0.00172 83.81265 49.55092
0.00516 106.87402 64.60241
0.00189 72.45617 42.48067
0.00308 85.52987 50.63695
0.00070 33.09572 19.05007
0.00276 98.07623 58.73127
0.00301 99.93699 59.95832
0.00415 112.46041 68.43030
0.00260 97.34541 58.25137
0.00230 92.31172 54.97546
0.00283 120.27364 73.93590
0.00237 103.76543 62.50723
0.00294 87.41193 51.83285
0.00228 106.89530 64.61683
0.00105 38.87945 22.41903
0.00122 58.55333 34.04733
0.00491 126.93536 78.79203
0.00095 55.99580 32.51790
0.00294 79.14330 46.62134
0.00149 65.80914 38.42173
0.00204 93.49535 55.74126
0.00053 35.31619 20.34135
0.00134 77.19414 45.40803
0.00113 89.34112 53.06503
0.00068 68.70385 40.18287
0.00189 127.89706 79.50690
0.00215 120.14077 73.84065
0.00163 92.51964 55.10979
0.00206 139.83937 88.72521
0.00140 74.27058 43.59816
0.00096 63.29820 36.90170
0.00174 134.50103 84.52142
0.00027 28.04695 16.12286
0.00093 81.86900 48.32739
0.00016 20.52480 11.78058
0.00155 134.95066 84.86999
0.00058 64.55553 37.66198
0.00237 129.40353 80.63424
0.00066 93.08127 55.47305
0.00303 135.96754 85.66192
0.00137 137.72986 87.04657
0.00245 141.08259 89.72583
0.00221 137.12996 86.57346
0.00184 126.42512 78.41424
0.00151 93.97164 56.05019
0.00277 123.37444 76.17617
0.00185 46.31233 26.77806
0.00523 76.88333 45.21506
0.00637 60.75355 35.36809
0.00638 44.81645 25.89783
0.02181 127.29134 79.05622
0.02454 129.21682 80.49401
0.02687 126.58327 78.53123
0.02246 90.25456 53.65075
0.04037 113.57204 69.20229
0.05262 103.28727 62.18702
0.08673 117.81242 72.18096
0.11581 119.93174 73.69092
0.14670 118.75765 72.85259
0.12292 82.67734 48.83552
0.02855 16.66882 9.56162
0.25506 128.87950 80.24103
0.22174 99.46445 59.64600
0.25272 101.07178 60.71036
0.34326 125.27301 77.56490
0.36308 122.84147 75.78869
0.28608 89.88508 53.41365
0.32453 95.60302 57.11169
0.32221 89.41905 53.11494
0.29378 77.44512 45.56396
0.33815 85.40699 50.55908
0.52800 126.72329 78.63489
0.41625 96.09205 57.43093
0.47448 106.00048 64.01123
0.55290 116.85109 71.50082
0.56818 114.34654 69.74228
0.66275 126.61690 78.55612
0.54246 99.83387 59.89012
0.72445 129.04004 80.36137
0.01336 2.26976 1.30050
0.58248 94.40497 56.33163
0.47514 73.91611 43.37950
0.74384 111.84457 68.00414
0.75025 109.50364 66.39384
0.81762 114.98204 70.18669
0.87710 119.72729 73.54461
0.70176 92.80137 55.29193
0.21078 27.19705 15.63119
0.54711 68.47902 40.04573
0.22479 27.48016 15.79494
0.26526 31.72815 18.25602
0.85052 98.60253 59.07757
0.80017 90.71868 53.94894
0.35197 38.74699 22.34166
0.81504 88.01768 52.21904
0.63447 66.71114 38.96947
0.84470 86.95080 51.53928
0.12047 12.07364 6.92190
0.58482 57.40971 33.36268
0.99558 95.91677 57.31645
0.59717 56.24923 32.66919
0.06552 6.04985 3.46684
0.21318 19.22065 11.02965
0.02903 2.57738 1.47677
1.24012 108.69948 65.84408
0.09668 8.42770 4.83014
0.14405 12.55087 7.19585
0.06633 5.76828 3.30544
0.23187 20.15011 11.56478
0.72389 62.95622 36.69520
0.49513 43.09602 24.88739
1.10898 97.26759 58.20034
0.20107 17.58905 10.09082
0.25150 21.99300 12.62660
0.14922 13.00170 7.45468
0.10245 8.95004 5.12971
0.27062 23.81450 13.67715
0.02468 2.17389 1.24557
0.10628 9.39949 5.38750
0.97805 86.85726 51.47978
0.28322 25.21182 14.48384
1.17757 105.28770 63.53026
0.03989 3.55073 2.03453
0.05814 5.16343 2.95875
1.17396 104.39570 62.93012
0.04943 4.42340 2.53463
0.19815 17.82488 10.22647
0.06331 5.73146 3.28433
1.11762 101.33775 60.88704
1.17708 106.99761 64.68620
0.11720 10.66456 6.11324
0.03800 3.43033 1.96553
1.12424 102.25513 61.49768
1.15502 105.43022 63.62634
1.16109 106.06278 64.05333
0.82879 76.09725 44.72761
1.23960 113.92439 69.44774
0.07702 7.09146 4.06396
0.28074 26.00997 14.94494
0.20718 19.27847 11.06293
0.06674 6.24081 3.57630
1.16355 108.32516 65.58876
0.10106 9.42538 5.40235
0.95601 89.14228 52.93773
1.14079 107.25558 64.86123
1.12163 105.90238 63.94496
0.04640 4.37472 2.50673
1.21557 114.96764 70.17661
1.19462 113.58454 69.21099
1.11774 106.71991 64.49797
1.06971 101.51373 61.00403
1.13619 108.25104 65.53826
1.14418 109.60453 66.46292
0.12825 12.33121 7.06975
1.20309 115.87224 70.81125
0.03836 3.69576 2.11763
0.12547 12.11884 6.94784
0.13714 13.28795 7.61905
0.01694 1.64280 0.94127
0.04010 3.90216 2.23591
0.30686 29.91018 17.20180
0.96431 94.90547 56.65716
0.11463 11.31444 6.48616
0.62033 61.12137 35.58936
0.05547 5.43807 3.11617
0.06281 6.15107 3.52486
0.06037 5.93701 3.40215
0.05387 5.34050 3.06025
0.15948 16.03741 9.19864
0.05288 5.33887 3.05931
0.05595 5.62686 3.22438
0.13444 13.44702 7.71039
0.09881 9.81050 5.62326
0.08597 8.48152 4.86101
0.07105 6.93447 3.97395
0.04152 4.02061 2.30379
0.03054 2.93917 1.68408
0.05540 5.27553 3.02301
0.41487 39.16752 22.58732
1.12763 105.21391 63.48054
0.03188 2.97388 1.70397
1.19408 110.41767 67.02080
0.56998 52.55871 30.47177
0.12599 11.57102 6.63341
0.14503 13.20422 7.57097
0.01397 1.25014 0.71628
0.05853 5.18955 2.97373
0.06664 5.87429 3.36621
0.92257 81.21841 47.91916
0.19403 16.95909 9.72852
1.14567 99.67366 59.78421
1.01320 87.50508 51.89220
0.88738 76.66253 45.07805
0.47943 41.44729 23.92090
1.13669 98.20433 58.81551
1.18050 102.58172 61.71553
0.14361 12.48954 7.16064
0.08452 7.37641 4.22733
0.02982 2.59011 1.48406
0.05019 4.39033 2.51567
0.80993 71.03365 41.60751
0.22354 19.69749 11.30415
0.04807 4.23907 2.42899
0.10354 9.10815 5.22039
0.97949 86.45787 51.22587
0.29397 26.13156 15.01521
0.03440 3.07752 1.76336
0.04627 4.16513 2.38662
0.14575 13.19824 7.56753
0.04187 3.81653 2.18684
0.09025 8.29901 4.75635
0.00400 0.37114 0.21265
0.54564 51.17250 29.64940
0.19113 17.96849 10.30909
0.46644 44.11460 25.48538
1.05356 100.26074 60.17258
1.13169 108.43429 65.66317
0.76158 73.68999 43.24011
0.02501 2.42806 1.39121
0.09833 9.57424 5.48773
0.75233 73.84072 43.33302
0.20417 20.13238 11.55458
1.02474 101.11173 60.73689
0.75464 74.42825 43.69547
1.09451 108.43058 65.66063
1.04384 104.00329 62.66671
0.09740 9.75048 5.58883
0.02418 2.39040 1.36963
0.02136 2.09968 1.20305
0.05187 5.07907 2.91041
0.14380 14.05362 8.05877
0.37104 36.01690 20.74936
0.26276 25.37510 14.57815
0.45734 43.86313 25.33768
0.06843 6.48798 3.71799
0.05782 5.48216 3.14144
0.00510 0.48619 0.27857
0.69944 66.19868 38.65817
0.08933 8.41634 4.82363
0.86634 80.85228 47.68970
0.92214 85.35005 50.52300
0.81274 74.67477 43.84768
0.65087 59.31706 34.50525
0.86185 78.18553 46.02447
0.46427 41.88050 24.17468
0.86666 77.80656 45.78866
1.00967 89.82783 53.37693
0.23173 20.61631 11.83330
0.07505 6.66030 3.81677
0.81745 72.60894 42.57460
0.09797 8.76760 5.02507
0.04000 3.58043 2.05155
1.18614 105.63632 63.76535
0.68259 60.83403 35.41649
1.20336 107.77170 65.21193
0.64165 57.85531 33.62930
1.17180 105.54308 63.70245
1.15911 104.56229 63.04205
0.71531 65.03084 37.94984
0.01137 1.03495 0.59299
1.22019 111.73223 67.92652
1.06955 98.40986 58.95073
0.13542 12.62092 7.23606
0.30337 28.70877 16.50593
0.04318 4.15124 2.37866
0.07449 7.29948 4.18322
0.07821 7.83014 4.48749
0.01973 2.01120 1.15235
0.09958 10.20845 5.85156
0.04113 4.28366 2.45455
0.05186 5.43480 3.11429
0.01817 1.91996 1.10007
0.18597 19.74611 11.33215
0.86866 92.35206 55.00151
0.78033 83.49346 49.34958
0.00774 0.82733 0.47403
1.00644 108.16808 65.48174
0.01302 1.40234 0.80349
0.07906 8.52990 4.88876
0.09894 10.69815 6.13252
0.02512 2.71473 1.55547
0.83421 90.17489 53.59960
0.80358 86.65184 51.34915
0.82360 89.28370 53.02826
0.13134 14.30417 8.20269
0.06946 7.52993 4.31535
0.53185 57.13370 33.19763
1.03148 109.36538 66.29919
0.62710 66.53797 38.86424
0.06960 7.26078 4.16104
0.67098 69.44257 40.63387
1.15903 119.39126 73.30444
0.73798 75.71787 44.49266
0.53086 54.14822 31.41674
1.02462 103.24633 62.15963
0.88625 88.60961 52.59704
0.86757 85.65527 50.71645
0.33358 32.58286 18.75219
1.11799 108.12452 65.45207
1.08946 104.16841 62.77750
0.91447 86.83383 51.46488
1.23425 115.52448 70.56698
0.09664 8.93132 5.11897
1.04229 94.88305 56.64256
1.29664 116.32462 71.12957
1.03288 91.84218 54.67240
0.07415 6.52640 3.74002
1.25854 109.98938 66.72674
0.28094 24.36835 13.99681
0.48471 41.62715 24.02625
0.06850 5.81871 3.33435
0.62449 52.80806 30.61987
0.29482 24.92361 14.31740
0.08040 6.82550 3.91148
0.05155 4.37896 2.50916
0.25593 21.83850 12.53754
0.02966 2.54354 1.45738
0.12682 10.91647 6.25779
0.45903 39.53678 22.80311
0.19839 17.10644 9.81326
0.21942 18.93144 10.86318
0.03019 2.60004 1.48976
0.13140 11.38099 6.52435
0.02464 2.14768 1.23055
0.07951 7.00179 4.01255
0.02059 1.81300 1.03879
1.25963 111.59797 67.83379
0.97689 87.34777 51.79199
0.91664 82.76013 48.88762
0.06625 6.02703 3.45376
0.01114 1.03305 0.59190
0.20449 19.24327 11.04266
1.19439 114.07258 69.55107
0.11283 10.90285 6.24997
0.72739 71.36725 41.81205
1.03143 102.44857 61.62668
0.70762 71.55913 41.92976
0.05514 5.69962 3.26608
0.04420 4.66262 2.67173
0.88574 94.47226 56.37536
0.02273 2.42896 1.39172
0.08277 8.85515 5.07529
0.61032 65.23963 38.07636
1.02054 109.71068 66.53565
0.12656 13.61304 7.80573
0.09823 10.62615 6.09120
0.29069 31.69072 18.23430
0.02357 2.56459 1.46944
0.33445 36.37631 20.95875
1.03033 111.79376 67.96902
0.94902 102.27929 61.51378
0.05887 6.31492 3.61878
0.01406 1.50388 0.86167
0.08341 8.86632 5.08169
0.43710 46.45720 26.86339
0.10162 10.67742 6.12062
0.15878 16.60601 9.52551
0.18352 18.89724 10.84349
0.14509 14.88647 8.53722
0.98173 100.23015 60.15233
0.84869 85.84024 50.83376
1.09793 108.52651 65.72605
1.03661 101.73929 61.15408
1.00617 98.12634 58.76422
0.14354 14.00293 8.02966
0.04812 4.66127 2.67095
0.12722 12.04461 6.90523
0.05746 5.38254 3.08434
0.46894 44.01423 25.42643
0.20598 19.28214 11.06504
0.02509 2.33787 1.33953
0.05520 5.08336 2.91287
0.06271 5.74163 3.29017
0.14929 13.56088 7.77578
0.01460 1.31558 0.75378
0.02350 2.09705 1.20154
0.03341 2.97135 1.70252
0.03091 2.74208 1.57114
0.00803 0.70660 0.40486
0.03564 3.13069 1.79383
0.84036 73.59586 43.18210
1.09661 94.80810 56.59379
0.25874 22.17091 12.72916
0.13036 11.07411 6.34825
0.32911 27.80773 15.98444
0.18442 15.38783 8.82530
0.11817 9.79137 5.61229
0.41957 34.77396 20.02579
1.31298 108.71621 65.85550
0.05937 4.91373 2.81564
0.11072 9.14268 5.24020
0.04668 3.87743 2.22174
1.23178 103.05620 62.03248
1.25845 105.52931 63.69316
0.05925 4.99709 2.86342
0.90554 75.80379 44.54586
0.16468 13.87972 7.95889
0.04717 3.98015 2.28061
0.03031 2.57871 1.47754
0.08134 6.95125 3.98358
0.38303 32.69185 18.81548
0.44878 38.44503 22.16534
0.10659 9.18729 5.26578
0.15599 13.58577 7.79007
1.16767 102.23998 61.48758
0.08551 7.44492 4.26661
0.12345 10.74612 6.16004
0.04715 4.13188 2.36756
0.22085 19.56070 11.22540
0.01279 1.14036 0.65338
0.05902 5.31556 3.04595
0.05656 5.10829 2.92716
0.23195 20.90198 11.99786
0.20877 18.86866 10.82705
0.37497 34.06516 19.61352
