-0.45974 -0.02299 0.32838
-0.51816 -0.01530 0.21810
-0.04782 -0.01956 0.55963
-0.02042 -0.01372 0.56186
-0.46007 -0.02647 0.32689
-0.44218 -0.00915 0.36669
0.54443 0.00035 0.19897
0.42132 -0.00967 0.40921
-0.02143 -0.02694 0.59387
-0.01486 -0.02043 0.60099
0.01751 -0.01302 0.61282
0.43583 -0.05374 0.44649
0.46219 0.00446 0.45494
-0.06592 -0.04437 0.66028
-0.03249 -0.01956 0.67578
0.54907 -0.05068 0.40504
0.05057 -0.01251 0.69035
-0.03697 -0.04029 0.70877
0.63057 0.00492 0.37637
-0.04650 -0.04046 0.75792
-0.06670 0.00842 0.77373
0.13988 0.00551 0.77646
-0.13724 -0.08191 0.78771
0.02082 -0.01066 0.82105
-0.00690 -0.00573 0.83299
0.01751 -0.02851 0.84575
-0.09869 -0.10706 0.84765
-0.10755 -0.11878 0.86713
-0.32243 -0.18480 0.82103
-0.37086 -0.21428 0.81471
-0.23820 -0.15455 0.89059
-0.23766 -0.16738 0.90804
0.83765 -0.01652 0.49274
0.27615 -0.08819 0.93235
0.04852 -0.02111 0.98175
-0.05582 -0.03128 0.98593
0.07885 -0.00468 0.99859
0.12326 -0.02285 1.00009
-0.92890 -0.11119 0.39330
-0.42957 -0.17313 0.91055
-0.35935 -0.11569 0.95739
-0.03504 -0.03896 1.03531
-0.06724 -0.02337 1.04521
-0.12542 -0.02536 1.04787
-0.04866 -0.04362 1.06147
-0.01347 -0.04357 1.06235
-0.00634 -0.03898 1.07133
-0.70318 -0.12023 0.80507
0.05360 -0.00806 1.07572
-0.93306 -0.12335 0.52590
-0.07665 -0.03439 1.07290
-0.35471 -0.11098 1.00856
-0.22226 -0.07458 1.03961
-0.17403 -0.10376 1.04322
-0.29373 -0.10591 1.02699
-0.27858 -0.08488 1.03914
0.00147 -0.01024 1.07714
-0.06379 -0.01413 1.07460
-0.11295 -0.14061 1.06405
0.04176 0.00356 1.07006
0.40741 -0.07602 0.99055
-0.32969 -0.21743 0.99937
0.14045 -0.12560 1.05014
-0.97269 -0.13156 0.43149
-0.92845 -0.10724 0.52440
-0.01003 -0.01055 1.08684
-0.55207 -0.19103 0.91531
0.02157 -0.01678 1.08295
0.09219 -0.03371 1.07478
-0.03039 -0.03437 1.07707
-0.02616 -0.00433 1.07914
0.61823 -0.02144 0.88752
0.66755 -0.01833 0.85529
-0.25671 -0.02669 1.06152
-0.94771 -0.04014 0.53484
-0.96841 -0.04289 0.48903
-0.99290 -0.11184 0.43021
1.02181 0.01296 0.36181
-0.97977 -0.10099 0.45321
-0.44892 -0.09741 0.97757
-0.67428 -0.17375 0.81866
-0.80920 -0.04304 0.69815
-0.61846 -0.18872 0.85160
-0.81075 -0.13698 0.67820
0.95278 0.02414 0.48947
0.94546 0.04775 0.49112
0.98077 0.00375 0.40606
0.96445 -0.00011 0.42858
-0.92857 -0.04497 0.48329
0.61641 -0.02259 0.83685
0.92502 -0.00142 0.44299
0.66158 0.00887 0.76510
0.91912 0.08167 0.37072
0.86928 -0.00218 0.43676
0.89604 -0.00425 0.32687
-0.10316 -0.04418 0.92462
-0.54244 -0.07381 0.72260
-0.02601 -0.00898 0.88540
-0.15210 -0.04507 0.84791
-0.07627 -0.02012 0.83637
-0.07358 -0.00811 0.81194
-0.14268 -0.06299 0.77152
-0.42739 -0.09700 0.62242
-0.10415 -0.08195 0.71649
-0.59779 -0.08547 0.35287
-0.06792 -0.03820 0.66197
-0.45403 -0.05797 0.44551
-0.06853 -0.00654 0.60345
-0.33822 -0.02370 0.47720
-0.51706 -0.04729 0.22155
-0.25146 -0.02220 0.47713
0.39810 -0.00845 0.33122
-0.47005 -0.02969 0.15220
0.42127 -0.00631 0.21810
0.42094 -0.00296 0.16206
0.39518 -0.00613 0.17496
-0.31220 -0.03817 0.28071
-0.17932 -0.02044 0.37140
-0.36824 -0.01361 0.16198
-0.28820 -0.03424 0.27748
0.36601 0.01521 0.12937
0.36871 0.00686 0.12309
-0.34652 -0.01364 0.14548
0.35825 -0.00728 0.12796
-0.31303 0.01319 0.18824
-0.33613 0.00546 0.15166
-0.30195 0.00265 0.20504
-0.32069 -0.00155 0.14999
-0.27199 0.00061 0.23701
-0.32404 0.00862 0.11997
-0.32527 0.00071 0.13347
-0.29838 -0.00881 0.16255
0.32087 0.00861 0.14402
0.32514 -0.00242 0.11717
0.30760 0.00338 0.18701
0.34168 0.00914 0.12037
0.30987 0.00835 0.17862
0.31548 0.00340 0.20286
0.30299 0.00874 0.21106
0.35334 -0.01117 0.14157
0.35513 -0.01311 0.13554
0.34355 0.00968 0.18221
0.36409 0.01516 0.14506
0.34784 -0.00070 0.18288
-0.32483 0.00426 0.24948
-0.39393 0.00821 0.14418
-0.39108 0.01799 0.19129
0.37744 0.02307 0.23495
0.42729 0.05437 0.17766
-0.40034 -0.00394 0.27335
0.45526 -0.01818 0.20647
-0.02883 0.00071 0.51982
0.48743 -0.06294 0.21353
0.03160 -0.03031 0.55252
0.46822 -0.01177 0.33031
0.44638 -0.05187 0.38603
0.11240 -0.02403 0.60772
0.51302 -0.09452 0.37678
0.61001 -0.03171 0.24300
0.54634 -0.02682 0.39834
-0.62849 -0.01486 0.28190
0.67136 -0.00088 0.23198
0.68547 0.01758 0.23008
0.08766 -0.05219 0.73194
0.68344 0.01601 0.32379
0.67122 0.00714 0.36886
0.72359 0.00845 0.28448
-0.63383 -0.06806 0.45056
-0.05269 -0.01787 0.78497
-0.02388 -0.00807 0.79806
-0.09747 -0.04201 0.79971
-0.08007 -0.05242 0.81124
-0.71381 -0.05884 0.39542
-0.73243 -0.03870 0.37187
-0.09971 -0.09786 0.81956
0.00022 0.01717 0.83873
-0.64003 0.00792 0.54694
-0.76987 0.01308 0.34653
0.04867 0.01940 0.84386
-0.09060 -0.04332 0.83256
-0.02832 -0.07009 0.82821
-0.07902 -0.05618 0.81596
-0.05055 -0.03081 0.82130
-0.12030 -0.03155 0.82303
-0.02517 0.01478 0.83149
-0.02806 0.00596 0.82170
-0.03137 -0.01949 0.81261
-0.61696 -0.09133 0.52116
-0.04350 -0.01884 0.80518
0.04787 -0.03184 0.80271
0.04065 -0.01238 0.79941
0.07031 -0.02172 0.79337
0.04423 -0.01587 0.79373
0.12105 0.00186 0.78180
-0.69152 -0.04224 0.36653
0.04483 0.01283 0.78039
0.05890 -0.01569 0.76979
0.70691 0.02547 0.31403
0.39076 -0.02689 0.66160
-0.58981 -0.02597 0.48066
0.04606 -0.03233 0.74841
-0.63958 -0.00910 0.36056
-0.04005 -0.02767 0.71396
-0.04810 -0.02957 0.70368
-0.03776 -0.04421 0.69914
-0.10648 -0.05509 0.68787
-0.35530 -0.06338 0.59470
-0.42244 -0.03668 0.55144
-0.04688 -0.03060 0.68716
-0.05454 -0.02366 0.68371
0.26253 -0.00792 0.63257
-0.07256 0.01094 0.67229
-0.01165 0.00425 0.67385
-0.03263 0.01909 0.66931
0.40599 0.03605 0.52763
0.60030 -0.01886 0.27740
0.12706 -0.05916 0.64857
0.42163 -0.01643 0.52257
0.03920 -0.03693 0.67226
0.62282 0.00215 0.27223
-0.62685 -0.01010 0.27149
-0.61880 -0.00964 0.30835
0.63173 0.00996 0.30298
0.03043 0.00181 0.71312
0.05502 0.02232 0.72521
0.63461 0.00534 0.35966
-0.68545 -0.02877 0.25761
-0.64916 -0.07292 0.34356
-0.09292 -0.05671 0.73836
-0.63872 -0.01104 0.39200
0.02268 0.01250 0.75262
0.05772 -0.01095 0.75437
0.01120 -0.00905 0.75221
-0.01385 -0.00785 0.76000
-0.03310 -0.05206 0.74554
0.00053 -0.02860 0.74851
-0.05657 -0.03901 0.74295
0.00943 0.00450 0.75356
-0.06705 -0.03717 0.75194
0.00516 -0.04303 0.75979
0.00418 -0.02245 0.75965
0.03077 -0.02377 0.76428
0.27425 0.06266 0.71733
-0.67839 -0.04517 0.37720
-0.57558 -0.01319 0.52806
-0.70336 -0.01228 0.35230
-0.73276 0.00480 0.29901
-0.00491 -0.01620 0.79746
0.69948 0.04631 0.38866
0.60513 -0.06134 0.52635
-0.75585 -0.02721 0.28992
0.76383 -0.02568 0.28335
-0.06900 0.00240 0.82283
-0.04776 0.00486 0.83055
0.01451 0.00462 0.83853
-0.70983 -0.02987 0.45098
-0.55399 -0.01980 0.63895
0.00869 0.02468 0.85559
-0.07958 -0.02308 0.85214
-0.02042 0.00061 0.85612
-0.00414 -0.01126 0.85375
-0.58712 -0.11386 0.61023
-0.76912 -0.04205 0.37720
0.80240 -0.00180 0.32980
0.01092 -0.00548 0.87172
0.05532 0.04783 0.86909
-0.77206 -0.07901 0.38453
0.14221 0.00915 0.85840
-0.01537 0.02849 0.86920
0.31003 -0.03358 0.81073
-0.16766 -0.04168 0.84324
-0.76126 -0.04297 0.40075
0.74826 -0.03519 0.41975
-0.03446 -0.01999 0.85766
-0.02198 -0.01757 0.85478
-0.08818 -0.01569 0.84173
-0.04835 -0.01623 0.83845
-0.00779 -0.01240 0.83592
-0.04340 -0.01916 0.83265
-0.02859 -0.03716 0.83064
-0.01334 -0.02770 0.82310
0.00914 -0.00173 0.81878
-0.03896 -0.02825 0.81251
-0.29260 -0.05334 0.75416
0.73393 -0.00431 0.33091
-0.03061 0.00222 0.79665
-0.57189 -0.09155 0.54053
-0.01175 -0.05770 0.78450
0.01882 0.00810 0.78529
-0.02634 0.00026 0.78078
0.00540 -0.02833 0.77828
0.01513 -0.03001 0.77032
-0.06018 -0.07652 0.75964
0.03369 -0.00146 0.76627
-0.60294 -0.02664 0.47973
0.02229 0.03144 0.77472
-0.01277 -0.01377 0.76571
0.04543 -0.00106 0.75620
-0.09719 -0.07682 0.74475
-0.01260 -0.00070 0.75192
0.29097 -0.05794 0.68846
0.01803 -0.00203 0.74517
-0.31273 -0.14131 0.66021
0.15911 -0.03656 0.72791
0.53597 0.03127 0.52079
0.44188 -0.02010 0.59320
0.53148 0.03062 0.51145
-0.12728 -0.03831 0.71883
0.67982 0.01352 0.26355
0.66617 -0.00295 0.28994
-0.62673 -0.05908 0.36337
0.65643 -0.01792 0.30725
-0.59813 -0.08811 0.39865
-0.61041 -0.05292 0.38095
-0.62929 -0.07463 0.34690
-0.05787 -0.00787 0.71730
-0.45516 -0.02855 0.55045
-0.11098 -0.01889 0.70691
-0.29802 -0.08927 0.64230
-0.31414 -0.07149 0.63207
-0.59084 -0.04271 0.38129
-0.43854 -0.04343 0.53523
-0.44832 -0.00588 0.52492
-0.00218 0.00094 0.68805
-0.62975 -0.04655 0.27441
-0.39750 -0.00141 0.55613
-0.57907 -0.04908 0.33624
-0.15088 -0.06705 0.64398
-0.44064 -0.05790 0.48827
-0.12545 -0.05438 0.64400
-0.53640 -0.05806 0.37024
-0.30469 -0.04766 0.56931
-0.59452 -0.03764 0.23718
-0.40487 -0.00164 0.49259
-0.04503 -0.02293 0.63286
-0.07913 -0.03230 0.62558
-0.17139 -0.08516 0.58988
-0.12994 -0.05014 0.59494
-0.08926 -0.04996 0.59677
0.56210 -0.00222 0.21727
-0.44014 -0.04855 0.39702
-0.51868 -0.04720 0.28856
-0.42915 -0.02468 0.40433
-0.54499 -0.01226 0.22119
-0.10260 -0.04715 0.57242
-0.12480 -0.05289 0.56257
-0.48143 0.00598 0.31930
-0.09343 -0.03396 0.56385
-0.50184 -0.00151 0.27316
-0.50988 -0.01483 0.24755
0.52307 -0.01069 0.20312
0.49816 -0.04100 0.25656
-0.34959 0.01563 0.43551
0.49694 0.00073 0.25935
0.52853 -0.00903 0.17721
-0.01031 -0.02090 0.55747
0.50930 -0.03150 0.20601
0.47650 -0.00827 0.26848
-0.05885 -0.04519 0.53899
0.46751 -0.02532 0.26686
0.50803 0.01724 0.16443
0.49834 -0.06667 0.16389
-0.40970 -0.02858 0.32980
-0.37537 -0.02349 0.36082
-0.47833 -0.03745 0.20693
-0.47462 -0.00915 0.20307
0.47346 -0.00180 0.17632
-0.45175 0.00143 0.22712
0.00978 -0.01616 0.49910
0.46803 0.00978 0.16154
0.44746 -0.03211 0.20402
-0.03717 0.01275 0.48672
-0.42460 -0.08406 0.22691
-0.38410 -0.08214 0.28694
0.45346 0.05316 0.16038
-0.02616 0.00129 0.47831
0.10593 -0.03021 0.46368
0.44722 0.01592 0.17141
0.45202 0.00391 0.18266
0.40635 0.02816 0.28708
0.12547 -0.03133 0.49047
0.26274 0.02371 0.44221
-0.02500 0.00463 0.52333
0.42068 -0.00939 0.32609
0.09699 -0.02223 0.52978
0.02243 -0.01381 0.54729
-0.01686 -0.00621 0.55542
0.06909 -0.00092 0.55540
0.07414 0.01498 0.56055
-0.53020 -0.01651 0.21176
0.54123 0.01775 0.19817
-0.52425 -0.06507 0.22795
-0.01704 -0.04633 0.57515
-0.26977 -0.06370 0.50392
-0.04711 -0.03289 0.56937
-0.45004 -0.05548 0.34402
-0.52172 -0.04315 0.22359
-0.43972 -0.02809 0.35378
-0.44101 -0.04464 0.34853
-0.49537 -0.01780 0.25983
-0.09114 -0.03543 0.53955
-0.47766 -0.03941 0.24871
-0.49528 -0.01482 0.18874
-0.48128 -0.00735 0.18656
-0.47243 -0.01161 0.17380
-0.46325 -0.00646 0.16448
0.44226 -0.00223 0.17996
0.41190 -0.01102 0.19966
-0.40741 -0.02323 0.16107
0.37266 0.00237 0.20235
-0.37943 -0.00131 0.16493
-0.24791 0.00640 0.32353
-0.00684 -0.03277 0.40182
-0.35265 -0.02635 0.17628
-0.34670 -0.01002 0.19626
0.32428 0.02036 0.22372
0.36328 0.00478 0.14363
-0.34624 -0.00916 0.17964
0.18931 -0.00714 0.32570
-0.34733 -0.02120 0.16248
0.35219 -0.01297 0.14869
-0.32247 -0.01480 0.17761
-0.33952 -0.00118 0.16453
-0.33051 -0.01686 0.14904
-0.32979 -0.00310 0.18122
-0.35702 -0.00661 0.13748
-0.34764 -0.01618 0.13591
-0.36651 -0.03546 0.15778
-0.34618 -0.01719 0.17438
-0.29838 -0.03305 0.28951
-0.35071 -0.01767 0.19450
-0.40334 -0.00046 0.16410
-0.41271 -0.02624 0.17658
-0.37698 -0.00405 0.21758
0.36202 0.01314 0.31568
0.44681 0.02323 0.14839
-0.44814 0.00211 0.24564
0.31798 0.02377 0.41543
-0.46202 0.00639 0.23542
0.52091 0.05122 0.19284
-0.50657 -0.04829 0.23146
-0.56570 -0.07100 0.16737
-0.54919 -0.00490 0.25719
0.56121 0.00548 0.26885
0.60100 0.04078 0.24287
0.51818 -0.01078 0.40629
-0.61371 -0.05040 0.29520
0.61728 0.00725 0.31636
-0.01386 -0.03235 0.71129
-0.10868 -0.03788 0.71930
-0.65424 -0.04620 0.35869
0.27139 -0.02951 0.71174
-0.39169 -0.11331 0.65769
-0.04702 -0.01293 0.79082
-0.30412 -0.11805 0.73825
-0.21707 -0.10033 0.78142
-0.59359 -0.14172 0.55565
-0.32820 -0.12297 0.76464
-0.17275 -0.07475 0.83315
-0.13398 -0.06746 0.85521
-0.10293 -0.01991 0.87216
-0.13618 -0.00362 0.88344
-0.14474 -0.04321 0.88864
-0.11198 -0.03565 0.90362
0.27746 -0.03153 0.86903
0.75764 -0.05125 0.50587
-0.57953 -0.07905 0.69875
-0.14280 -0.02178 0.90173
0.53383 -0.12217 0.73656
-0.06491 -0.03678 0.91440
-0.10687 -0.07710 0.90565
-0.81032 -0.00950 0.42684
0.09620 -0.00052 0.91324
0.84435 -0.03197 0.48164
-0.11354 -0.04047 0.85877
0.85189 0.00030 0.34588
-0.85905 -0.04356 0.32675
0.83075 0.01545 0.40140
0.75248 0.01474 0.52941
0.76048 -0.05146 0.51077
-0.11868 -0.04729 0.90791
-0.06842 -0.01507 0.91459
-0.01470 -0.01173 0.91614
-0.31218 -0.08515 0.85257
0.82449 0.00724 0.37809
-0.10592 -0.06896 0.89302
0.79577 -0.00517 0.40143
-0.60808 -0.13082 0.63164
-0.18466 -0.08501 0.85346
-0.05281 0.03366 0.86492
-0.79039 -0.02763 0.32372
-0.11245 -0.04980 0.82478
-0.08871 -0.05970 0.82336
-0.10274 -0.06987 0.77805
-0.47981 -0.04593 0.62178
-0.09674 -0.03349 0.76086
-0.10191 -0.04898 0.74234
-0.11078 -0.04490 0.72041
-0.08389 -0.04020 0.70010
-0.09044 -0.03820 0.67355
-0.07925 -0.06040 0.64608
-0.08201 -0.05041 0.61979
-0.07653 -0.06150 0.59361
-0.09873 -0.05981 0.56674
-0.50350 -0.03827 0.22324
-0.44366 -0.02889 0.29301
-0.06250 -0.04807 0.50679
-0.01281 -0.01782 0.49727
-0.40826 -0.04271 0.25757
0.40021 -0.01683 0.26725
-0.05222 -0.02602 0.46158
0.39297 -0.01274 0.25583
0.39651 -0.02382 0.24171
0.27068 -0.01654 0.36716
0.41674 -0.01845 0.16956
0.40664 -0.01063 0.15485
0.35379 -0.00031 0.26270
-0.31220 -0.00898 0.30558
0.38106 0.00025 0.18352
0.40147 0.00420 0.15519
0.37953 0.00078 0.16424
0.38734 -0.00064 0.16496
0.35920 -0.00379 0.21143
0.32762 -0.01360 0.23246
0.36087 0.00014 0.20330
0.34501 -0.00896 0.20191
0.36559 -0.00877 0.17593
0.36005 -0.00667 0.17990
0.33014 -0.00290 0.21399
0.35858 -0.00874 0.16069
0.36505 0.00373 0.12955
-0.35594 -0.02055 0.14434
-0.33477 -0.01063 0.18172
-0.35873 0.00824 0.13722
-0.31132 -0.00773 0.21184
-0.34314 -0.00289 0.17792
-0.33970 0.00753 0.14853
-0.32945 -0.00656 0.16726
-0.31528 -0.01938 0.21567
-0.21599 -0.02929 0.28705
-0.21877 -0.03559 0.30964
-0.12316 -0.00731 0.33997
-0.14177 -0.02359 0.35819
-0.21804 -0.00543 0.29919
-0.07430 -0.01912 0.36657
-0.11608 -0.02259 0.37383
-0.07697 -0.00414 0.37464
-0.37083 0.01087 0.14679
-0.07544 -0.00863 0.39730
-0.03252 -0.02542 0.41733
-0.24257 -0.01879 0.35202
-0.12826 -0.03722 0.42301
-0.39774 -0.01940 0.21721
-0.42217 -0.03355 0.19788
0.43069 0.04756 0.21568
0.45338 -0.01338 0.22034
0.40313 -0.00191 0.34338
-0.22439 -0.05200 0.49903
-0.10518 -0.05428 0.55563
-0.54411 -0.04971 0.20825
-0.52078 -0.07219 0.29429
0.56224 0.00165 0.26588
-0.02061 -0.00758 0.64073
-0.56051 -0.05984 0.33659
-0.10075 -0.02645 0.67115
-0.04109 -0.02479 0.69318
-0.02717 -0.01447 0.71234
-0.66044 -0.01089 0.31392
-0.36354 -0.05526 0.65279
-0.60144 -0.04689 0.47416
-0.57657 -0.01756 0.53334
-0.16287 -0.03655 0.78366
-0.25558 -0.05435 0.77399
-0.39344 -0.10583 0.72860
-0.74429 -0.06216 0.41134
-0.52538 -0.09450 0.67937
-0.56347 -0.12825 0.65459
-0.69927 -0.16987 0.49946
0.79642 0.02080 0.37661
-0.81668 -0.02819 0.32953
-0.06089 -0.03278 0.87939
-0.74776 -0.02602 0.46806
-0.68744 -0.02872 0.55621
-0.27935 -0.09408 0.84039
0.27461 -0.04074 0.84658
-0.72167 -0.12287 0.51535
0.01880 -0.04250 0.89493
-0.04537 -0.01326 0.89684
-0.51793 -0.08368 0.73140
-0.16335 -0.08847 0.87893
-0.16521 -0.04295 0.88247
-0.17822 -0.09140 0.87728
-0.02503 -0.02647 0.89506
-0.30151 -0.10755 0.83430
-0.11418 -0.05093 0.88871
-0.23187 -0.07103 0.86955
-0.06033 0.00841 0.89601
-0.20473 -0.06495 0.87101
0.80597 -0.02076 0.39556
-0.37216 -0.07269 0.81454
-0.47719 -0.08402 0.75648
0.76025 0.00906 0.47267
-0.59139 -0.05513 0.69911
-0.09943 -0.02099 0.86274
-0.05494 -0.02724 0.88698
-0.08086 -0.05926 0.88034
-0.08062 -0.05759 0.87718
-0.09318 -0.07662 0.87640
-0.82252 -0.07048 0.30708
-0.21308 -0.10885 0.84661
-0.73640 -0.11317 0.46698
-0.11405 -0.05441 0.86474
0.69621 0.18508 0.50476
0.58044 0.02825 0.65148
-0.11240 -0.06448 0.86642
-0.08182 -0.04110 0.87506
-0.18031 -0.08305 0.86090
0.82764 -0.00134 0.32111
0.84465 0.12425 0.26320
-0.32755 -0.08729 0.83048
-0.13204 -0.05275 0.88069
-0.02374 -0.01136 0.90353
-0.03734 -0.04059 0.90577
-0.16362 -0.08167 0.89002
-0.05323 -0.03361 0.90864
-0.04586 -0.03638 0.91037
-0.05046 -0.02466 0.92267
-0.36229 -0.07140 0.84829
-0.00422 -0.00169 0.93000
-0.26688 -0.08513 0.88997
-0.09652 -0.05233 0.93057
-0.86381 -0.06217 0.39212
-0.13161 -0.05410 0.92826
-0.53069 -0.08977 0.78343
-0.30646 -0.07109 0.90271
-0.63228 -0.07514 0.71497
-0.16418 -0.09134 0.94584
-0.15848 -0.10408 0.94508
-0.18274 -0.09903 0.94770
-0.19676 -0.07895 0.95161
-0.09247 -0.04378 0.97365
-0.05710 -0.03595 0.98086
-0.16751 -0.03272 0.99035
-0.57498 -0.04892 0.77889
-0.86403 -0.03616 0.46372
-0.02240 -0.01553 0.98106
-0.02678 -0.01664 0.97807
-0.19996 -0.07063 0.95376
-0.48145 -0.09318 0.84299
-0.02805 -0.00903 0.97275
-0.22281 -0.09955 0.94423
-0.33238 -0.10937 0.91038
-0.50093 -0.12369 0.82897
-0.83420 -0.04685 0.50315
-0.77868 -0.05975 0.58267
-0.52833 -0.14451 0.80844
-0.28505 -0.09056 0.92683
-0.16114 -0.06421 0.95843
-0.74830 -0.08822 0.62080
0.54807 -0.02708 0.80496
-0.73567 -0.12886 0.62849
0.04712 -0.03431 0.97163
-0.04097 -0.01592 0.97289
-0.09557 -0.06295 0.97133
-0.07781 -0.05719 0.96866
0.00515 -0.02587 0.97571
-0.22810 -0.06534 0.94167
-0.20949 -0.07709 0.94673
-0.05996 -0.02864 0.96977
-0.15728 -0.07368 0.95668
-0.02623 -0.01372 0.96746
-0.05520 -0.03778 0.96466
-0.04913 0.00110 0.96661
-0.05541 -0.05556 0.96465
-0.02315 -0.01891 0.97568
-0.02414 -0.01105 0.97006
-0.00904 -0.01271 0.97117
-0.01616 -0.01866 0.96943
-0.04370 0.01587 0.96759
-0.05975 -0.01755 0.97187
-0.86494 -0.05970 0.43971
0.70285 -0.02271 0.69183
0.03130 -0.05295 0.94798
-0.17026 -0.11783 0.94684
-0.78824 -0.04045 0.57405
-0.12289 -0.01772 0.96854
-0.10780 0.01993 0.97675
-0.07850 -0.00953 0.97011
-0.89451 -0.03201 0.38629
-0.89883 -0.05094 0.38817
-0.09858 0.01185 0.97909
-0.12746 -0.04447 0.97571
-0.70056 -0.08032 0.68280
-0.16477 -0.05419 0.96418
-0.06464 -0.07833 0.97333
-0.22640 -0.07811 0.95131
-0.15402 -0.03452 0.97753
-0.01329 -0.02644 0.99103
-0.03868 -0.01532 0.99194
-0.03139 -0.02052 0.98835
-0.00639 -0.00699 0.98965
-0.05241 -0.00561 0.99230
0.93545 0.02315 0.33369
-0.37286 -0.10870 0.91601
-0.31611 -0.10313 0.93625
-0.03990 -0.01729 0.99412
-0.14432 -0.08138 0.98409
-0.16090 -0.07238 0.98397
-0.18468 -0.10050 0.97911
-0.18773 -0.08282 0.98457
-0.19934 -0.08725 0.98149
-0.17051 -0.09956 0.98545
-0.49716 -0.15204 0.85809
-0.06254 -0.04817 1.00278
-0.18087 -0.11939 0.98096
-0.13230 -0.05733 0.99526
0.88456 0.01933 0.47443
-0.00744 -0.00612 1.00324
0.01989 -0.01899 1.00095
-0.17326 -0.06562 0.97894
-0.08473 -0.03759 0.99228
-0.12989 -0.06102 0.98084
-0.47001 -0.19770 0.85178
-0.79290 -0.09345 0.57995
-0.35696 -0.10671 0.90478
-0.03617 -0.03258 0.97736
-0.38029 -0.08001 0.89608
-0.22473 -0.07735 0.95170
-0.36528 -0.10194 0.89673
-0.30890 -0.07559 0.91399
-0.04292 -0.01968 0.96291
-0.80136 -0.06657 0.52466
-0.88016 -0.02401 0.38364
-0.88772 -0.01877 0.36282
0.00942 -0.01916 0.95576
-0.02027 -0.03078 0.94990
-0.08007 -0.04515 0.93266
-0.06531 -0.01512 0.93524
-0.33935 -0.06617 0.85956
-0.61508 -0.09883 0.67620
0.80602 0.03960 0.41222
-0.63639 -0.10564 0.63066
-0.23927 -0.06095 0.86964
-0.73904 -0.09906 0.46472
0.62272 -0.01954 0.62080
-0.50341 -0.16152 0.69375
-0.36514 -0.13419 0.76959
-0.20333 -0.09947 0.81925
0.78178 0.16519 0.25831
-0.51912 -0.11830 0.62763
-0.00834 -0.04394 0.80680
-0.04699 -0.04705 0.78754
-0.07966 -0.03581 0.77275
-0.08834 -0.01707 0.75927
-0.19013 -0.01411 0.73115
-0.06031 -0.01305 0.74518
0.03930 -0.04488 0.73699
-0.10881 -0.04763 0.72507
-0.04109 -0.00361 0.72488
-0.45831 -0.08638 0.55021
-0.47161 -0.06889 0.53412
-0.46742 0.00591 0.53318
-0.05618 -0.05437 0.70453
-0.54219 -0.07625 0.39985
-0.09503 -0.03961 0.67160
-0.63189 -0.01338 0.22654
-0.54572 -0.05150 0.36996
-0.58613 -0.03176 0.27952
-0.58251 -0.06925 0.24630
-0.57346 -0.04204 0.23852
-0.42356 -0.02140 0.43383
0.41934 -0.03090 0.41569
0.53486 -0.01058 0.20247
-0.48872 -0.01275 0.26483
0.45415 -0.00033 0.29188
-0.27097 0.00025 0.45142
-0.45430 -0.01646 0.22984
0.46425 -0.01251 0.17414
-0.44281 -0.00174 0.19626
-0.41551 -0.00456 0.22356
-0.42286 -0.01193 0.17825
-0.40438 -0.03354 0.18927
-0.40525 -0.01801 0.15737
-0.38658 -0.01612 0.16611
-0.28936 -0.02718 0.28838
-0.04959 0.00197 0.39737
0.37124 -0.00093 0.11582
0.34784 -0.01203 0.14638
-0.33590 0.02607 0.13352
0.31588 0.01023 0.15166
-0.31398 0.02251 0.13371
0.31683 0.00218 0.12878
0.31977 -0.00190 0.11371
0.33877 0.01227 0.10773
0.31419 0.00868 0.10163
0.32658 0.00186 0.10009
0.30968 0.00134 0.12401
0.31561 -0.00731 0.10604
0.31128 -0.00618 0.11192
0.30132 -0.00298 0.09854
0.31125 -0.01518 0.10304
0.28973 -0.01488 0.13156
0.31592 -0.00992 0.12902
-0.30572 0.03467 0.14545
0.34709 0.00067 0.12211
0.35105 0.00940 0.14123
0.35110 -0.01892 0.11969
0.34239 0.00356 0.19406
0.30058 0.00287 0.24729
0.35019 -0.02869 0.22165
0.37470 -0.01535 0.16852
0.33837 0.00009 0.27768
0.40595 -0.03040 0.17957
0.36937 -0.00684 0.29439
0.36334 0.00188 0.33708
0.46637 0.00915 0.20863
0.48523 -0.00798 0.19522
0.46183 0.00582 0.25282
0.46155 0.00084 0.32095
0.49022 0.01012 0.29914
0.54494 0.01748 0.20664
0.44700 0.00222 0.41596
0.53000 0.01823 0.31656
0.60615 0.02693 0.20732
-0.59259 -0.03716 0.27345
-0.60111 -0.08452 0.27966
-0.61897 -0.12864 0.27016
-0.00397 0.00710 0.70270
0.01905 -0.01373 0.71739
-0.54435 -0.06168 0.48003
-0.59859 -0.13097 0.42202
-0.42048 -0.10672 0.62543
0.70205 0.00084 0.32859
-0.55484 -0.08838 0.55034
-0.03495 0.01642 0.78998
-0.00945 -0.02336 0.79832
-0.16840 -0.06497 0.78315
-0.17157 -0.05633 0.79034
-0.37593 -0.16057 0.70201
-0.32096 -0.08766 0.73978
-0.67035 -0.04490 0.45392
-0.54564 -0.12862 0.58664
-0.73376 -0.09123 0.35018
-0.73144 -0.02790 0.37816
0.77598 0.03301 0.28899
0.77919 -0.01501 0.27542
-0.72680 -0.01294 0.39208
0.59330 -0.05056 0.57154
0.02200 -0.05296 0.82088
0.72517 -0.00728 0.39049
0.73333 -0.02557 0.36562
0.74864 -0.03094 0.32208
-0.25585 -0.15157 0.75715
0.20001 -0.05361 0.78524
-0.30345 -0.14174 0.73448
-0.01465 -0.06507 0.79901
-0.00381 -0.05256 0.79227
0.73446 -0.02642 0.29257
-0.02162 0.01407 0.78235
-0.01992 0.01023 0.77318
-0.01038 0.00639 0.75839
0.64988 -0.02853 0.35856
0.02466 -0.01956 0.72239
-0.01714 -0.02454 0.70535
0.38675 0.00024 0.57015
-0.60707 -0.08272 0.26993
-0.56761 -0.10040 0.30956
-0.40805 -0.09468 0.47763
0.53853 0.00708 0.28536
-0.54940 -0.06354 0.20473
0.54022 0.01853 0.17195
-0.51452 -0.04375 0.18653
0.49456 0.00951 0.18399
-0.46226 -0.04317 0.20397
-0.44138 -0.03516 0.19840
0.43608 0.02259 0.15795
-0.37972 -0.00567 0.24296
0.38932 -0.00527 0.21191
-0.38973 -0.02346 0.20114
-0.34597 -0.03060 0.27002
-0.32290 -0.01789 0.28774
-0.17954 -0.01163 0.39576
-0.25728 -0.02534 0.33279
0.39755 0.03938 0.12970
0.39868 0.01196 0.13373
0.38436 0.00124 0.12842
0.39355 0.01282 0.13368
0.37473 0.01686 0.13345
0.38787 0.00680 0.12906
0.35243 0.00610 0.15996
0.38299 0.02567 0.12678
0.34323 -0.00889 0.17610
-0.34510 -0.03310 0.17302
-0.31044 -0.00369 0.19589
-0.13756 -0.04281 0.35408
-0.32351 -0.06180 0.20357
0.35344 -0.00773 0.12537
0.37716 -0.00935 0.12576
0.34243 0.00637 0.15978
-0.34939 0.01368 0.19689
0.35642 0.02708 0.15261
0.33588 -0.00254 0.23758
0.39225 -0.01751 0.13481
0.37766 -0.01106 0.13349
0.40243 -0.00004 0.13882
0.39600 -0.00865 0.14364
0.40349 0.01267 0.19743
0.38296 -0.01863 0.26871
0.34674 -0.04278 0.30350
0.43154 0.03675 0.22165
-0.45214 -0.02259 0.19070
0.47666 0.03215 0.17331
-0.48314 0.00426 0.19884
0.49940 0.08686 0.19233
0.12991 -0.01806 0.54842
-0.52406 0.00019 0.23064
-0.53004 0.01244 0.25527
-0.55568 0.05197 0.22003
-0.55009 0.01118 0.27358
-0.54244 0.01526 0.33272
0.49031 0.00019 0.42739
-0.53499 -0.02591 0.40516
0.33317 -0.01612 0.59827
-0.64929 -0.02145 0.25727
0.08280 -0.05945 0.70433
0.07276 -0.05603 0.71977
0.21671 -0.16613 0.69318
0.61810 0.01201 0.45054
-0.68205 -0.07987 0.36920
0.74344 0.01968 0.27303
0.73366 -0.06015 0.30720
0.69499 0.01194 0.41241
0.57858 0.00248 0.57052
0.73311 0.01916 0.32989
0.71708 0.03598 0.36235
-0.71323 -0.03701 0.37343
-0.70096 -0.02299 0.40331
-0.70584 -0.11816 0.37637
-0.17709 -0.04418 0.79252
-0.69588 -0.05505 0.41446
0.74693 -0.00488 0.33065
0.47279 -0.03864 0.68577
-0.72429 -0.03024 0.36559
-0.16937 -0.01520 0.80529
-0.00788 -0.03843 0.81938
-0.13543 -0.07609 0.80763
-0.14496 -0.05800 0.81005
-0.03750 -0.00877 0.82590
-0.03977 -0.01215 0.82627
0.03265 -0.00870 0.82755
-0.05022 -0.02848 0.82365
-0.12583 -0.05488 0.81549
-0.22907 -0.10516 0.78507
-0.29835 -0.13935 0.75514
-0.09166 -0.08874 0.81213
-0.04234 -0.05376 0.81633
-0.06512 -0.06436 0.81100
-0.01350 -0.05909 0.81300
0.75761 -0.00487 0.30161
0.74918 0.02754 0.30993
-0.72520 0.01161 0.35184
0.02509 -0.06053 0.79621
-0.01257 -0.04766 0.79453
-0.01243 -0.03644 0.79139
-0.04909 -0.02596 0.78996
-0.02303 0.00161 0.78974
-0.06089 -0.06849 0.78007
-0.01970 0.00105 0.78674
-0.74922 0.01665 0.23274
-0.61223 -0.06570 0.48279
-0.68376 -0.03465 0.35062
0.68846 -0.01456 0.34281
-0.62189 -0.07233 0.44438
0.71594 -0.01254 0.26998
0.66356 -0.00578 0.38045
0.63146 0.00705 0.42660
-0.67773 -0.03752 0.34464
-0.59312 0.00131 0.47243
-0.09259 -0.03636 0.74780
-0.04373 -0.04245 0.74513
-0.13192 -0.09222 0.72859
-0.00063 -0.00337 0.74621
-0.14648 -0.06935 0.73773
-0.01183 -0.03429 0.73015
-0.03529 -0.02433 0.72693
-0.04470 -0.02777 0.71384
-0.08959 -0.04674 0.71631
0.05107 0.00575 0.72717
-0.00025 -0.00436 0.72720
-0.03040 -0.02870 0.71931
-0.07002 -0.05011 0.70909
-0.10013 -0.06152 0.70083
-0.00742 -0.00379 0.70697
-0.64172 0.02712 0.28905
0.64866 -0.01712 0.25743
0.65314 -0.00300 0.23629
0.56851 -0.02888 0.39640
0.63843 -0.00088 0.25508
0.56664 -0.01861 0.37964
0.57709 -0.00238 0.35604
0.58992 -0.05202 0.32264
-0.61010 -0.00460 0.27429
0.61332 -0.01826 0.23926
0.56166 -0.02817 0.33196
0.56819 -0.05389 0.31137
0.60201 -0.01472 0.24231
0.61373 -0.01720 0.20224
-0.02141 -0.03195 0.64296
-0.12758 -0.05526 0.62764
-0.15645 -0.07631 0.61160
-0.02322 -0.00756 0.63477
0.01634 -0.00794 0.62927
0.16850 -0.04478 0.60287
0.44563 -0.04444 0.43678
-0.54781 -0.01757 0.29395
-0.21806 -0.03749 0.58329
-0.57089 -0.00863 0.26050
0.54989 -0.02323 0.31618
-0.54706 -0.01243 0.34024
0.57977 -0.01198 0.30246
0.55680 -0.00045 0.36534
0.33013 -0.02934 0.58312
0.45062 -0.01307 0.51008
-0.61668 0.00563 0.31328
0.62243 -0.00844 0.33063
-0.34043 -0.02277 0.63038
-0.03322 -0.04239 0.72237
0.67960 0.06107 0.26466
0.12929 -0.04946 0.73288
0.02772 0.01457 0.76363
0.04013 -0.00514 0.77785
-0.65016 -0.02532 0.45587
0.71917 -0.01728 0.37224
0.12164 0.04240 0.81171
-0.76076 -0.01760 0.35221
0.75502 0.01666 0.38866
-0.02245 -0.02884 0.87052
0.03568 0.03195 0.86186
0.76884 0.00448 0.44019
-0.79185 -0.01341 0.44058
0.83618 -0.00121 0.37489
0.73942 0.03909 0.56027
0.79974 -0.00044 0.49511
-0.84321 -0.05380 0.43744
0.88254 -0.03228 0.38089
0.91351 0.03457 0.32117
0.90501 0.01059 0.37125
-0.91446 -0.02388 0.38357
-0.31640 -0.09528 0.93984
-0.14395 -0.09174 0.97903
-0.91853 -0.04741 0.37605
0.92488 0.11079 0.35800
0.07032 -0.01700 1.00579
0.03523 0.00006 1.00934
0.94190 -0.00352 0.37205
0.82822 -0.03858 0.57550
-0.82386 -0.01865 0.58048
-0.71625 0.02019 0.70156
-0.61028 -0.08261 0.80163
-0.92054 -0.04069 0.39454
0.92299 0.03917 0.35993
-0.88378 -0.04732 0.47424
-0.02025 -0.03371 0.99702
-0.87935 -0.06637 0.46495
0.91370 -0.02622 0.39190
0.92972 -0.04116 0.35092
-0.91592 0.06978 0.38045
-0.90436 -0.03955 0.39948
0.90464 0.02959 0.38066
-0.83098 -0.06768 0.51423
-0.71434 -0.10851 0.65705
-0.23174 -0.01803 0.94940
-0.19396 -0.03641 0.95608
-0.59257 -0.14326 0.74313
0.08775 -0.02836 0.95588
0.88094 -0.03215 0.36848
-0.82194 -0.02412 0.47678
-0.16047 -0.05408 0.93586
-0.85236 -0.02765 0.41985
-0.23742 -0.11410 0.90872
-0.11953 -0.04879 0.93486
-0.03090 -0.00248 0.93014
0.04612 -0.01970 0.93420
0.00483 -0.00125 0.93382
-0.03988 -0.04784 0.92776
0.00853 0.00929 0.92775
0.02172 -0.02591 0.92430
-0.56321 -0.11199 0.72643
-0.11262 -0.05500 0.91992
-0.06860 -0.04477 0.92487
-0.84912 -0.03671 0.37349
-0.81383 0.00580 0.44547
0.67429 0.01152 0.64298
-0.02659 0.02642 0.93169
0.83364 0.00091 0.41266
0.70346 -0.05171 0.60520
0.06797 -0.01152 0.93260
0.56506 -0.06425 0.75634
-0.85073 -0.04547 0.35568
-0.86739 -0.02516 0.35297
-0.85627 0.00141 0.38997
-0.87231 -0.00621 0.36080
-0.82263 -0.06754 0.45519
-0.18952 -0.06279 0.92052
-0.44734 -0.09621 0.83060
-0.33566 -0.08121 0.88186
-0.01795 -0.01722 0.94831
-0.16003 -0.06812 0.92959
-0.09044 -0.04334 0.94341
-0.49315 -0.07117 0.80448
-0.14566 -0.04808 0.93488
-0.15232 -0.06750 0.94003
-0.15854 -0.05658 0.93683
-0.23235 -0.03385 0.91571
-0.18097 -0.10645 0.91877
-0.66736 -0.07536 0.65321
-0.11315 -0.03756 0.93068
0.19175 -0.06125 0.91589
-0.03872 0.01218 0.93660
-0.71739 -0.02257 0.60562
-0.31879 -0.00938 0.87271
-0.85287 -0.03546 0.35972
-0.24046 -0.06998 0.88281
-0.08485 -0.03241 0.90278
0.02770 -0.02395 0.89275
-0.80107 -0.15556 0.34371
-0.60999 -0.06299 0.61850
-0.12589 -0.01260 0.84041
-0.09730 -0.07007 0.82225
-0.14850 -0.05472 0.80484
-0.23717 -0.19476 0.75769
-0.08664 -0.04591 0.81134
-0.15163 -0.08731 0.79737
0.54104 -0.14947 0.59372
-0.13817 0.01611 0.80151
-0.06247 -0.00671 0.81104
0.70592 -0.10667 0.38689
-0.67361 0.02345 0.44453
0.65883 0.02480 0.45539
0.69460 -0.09555 0.36956
0.73979 -0.01239 0.28737
0.07210 -0.06987 0.78758
-0.63167 -0.11622 0.46554
0.70479 0.06723 0.34264
0.45609 -0.06950 0.63854
-0.10033 -0.04297 0.78056
-0.10034 -0.02381 0.76533
-0.09036 -0.02020 0.76538
-0.30017 -0.12539 0.69876
0.57830 -0.04538 0.50604
0.42612 -0.05237 0.64249
0.39386 -0.03090 0.66359
0.60221 -0.01759 0.46820
0.33023 -0.09790 0.67039
-0.58071 -0.09651 0.45614
-0.68230 -0.05658 0.25379
0.67102 0.00421 0.24441
0.65415 0.03929 0.23799
0.60416 0.02621 0.30395
0.60947 -0.00609 0.24106
-0.50827 -0.03713 0.36512
-0.06589 -0.02928 0.59646
-0.48721 -0.07446 0.29159
-0.50668 -0.04223 0.20631
-0.01906 -0.05539 0.51968
-0.44645 -0.02375 0.22493
-0.29563 -0.04822 0.37604
0.42766 -0.00606 0.18780
0.42652 0.00942 0.18634
0.02516 0.00783 0.45441
0.41445 -0.00800 0.18072
0.41437 0.01242 0.16294
0.36413 0.00042 0.26939
0.37432 -0.00077 0.16971
0.37671 -0.01691 0.15546
0.29828 0.01361 0.24831
0.30263 0.00128 0.20420
0.27885 -0.00539 0.19552
0.24324 -0.01215 0.20518
0.24535 -0.01488 0.20181
0.26735 -0.00306 0.16827
0.24070 0.01081 0.20397
0.26016 0.00519 0.17053
0.23191 0.00135 0.20376
0.25720 -0.00800 0.16131
0.23239 -0.00459 0.19528
0.24634 -0.01147 0.16383
0.26340 -0.01567 0.12998
0.24027 -0.01218 0.17185
0.26299 -0.00451 0.14335
0.26244 -0.00346 0.15617
0.28989 -0.02176 0.09653
0.28979 -0.00070 0.12034
0.27736 -0.00190 0.15775
0.29150 -0.00348 0.14050
0.30070 -0.01439 0.13258
0.31357 -0.00595 0.11883
0.32142 -0.02424 0.12871
0.31672 -0.03088 0.15512
0.34959 -0.01993 0.11362
0.33191 0.01468 0.17923
0.29855 0.00030 0.25305
0.34023 0.00123 0.22091
0.35469 -0.00090 0.21049
0.32960 0.01254 0.27370
0.38272 0.01568 0.21065
0.37939 0.00432 0.24317
0.35113 -0.00325 0.30266
-0.44468 0.01671 0.14853
0.45154 -0.00481 0.17775
0.45032 0.00174 0.20963
0.27523 -0.00829 0.42392
0.49377 0.00529 0.16094
0.39707 -0.00073 0.33535
-0.45265 -0.00518 0.29117
0.50075 -0.02106 0.21149
0.51549 0.00441 0.20389
0.51197 -0.02420 0.25056
-0.51901 0.05018 0.24211
-0.53370 -0.00178 0.25449
-0.56151 0.01767 0.20106
0.48001 0.03851 0.38769
0.54344 0.02966 0.29447
0.54858 0.00409 0.30895
0.60940 -0.00458 0.21194
0.57135 -0.00727 0.28887
0.61097 -0.00357 0.25031
0.61314 -0.04993 0.22429
0.00474 0.00992 0.65685
0.11011 -0.02656 0.66851
0.03696 -0.01480 0.67046
-0.61037 -0.02908 0.33108
-0.60062 -0.00529 0.35514
0.16892 0.00352 0.69660
0.64864 -0.06130 0.29939
0.66093 -0.01483 0.29668
-0.10395 -0.06045 0.72749
-0.61401 0.00073 0.41662
-0.05989 -0.02133 0.75373
-0.02951 -0.02509 0.75689
-0.01939 0.00538 0.77102
-0.06312 -0.04932 0.77524
-0.08686 -0.03894 0.77979
-0.08637 -0.04195 0.78340
-0.13693 -0.11616 0.77189
-0.04996 0.00047 0.79787
-0.28644 -0.10036 0.75264
0.42575 0.01008 0.70253
-0.02120 -0.00413 0.83309
0.66853 -0.01291 0.49528
0.68867 0.02226 0.47490
0.76857 0.02353 0.34053
0.50432 -0.00496 0.67724
-0.51022 -0.19903 0.65277
-0.00150 -0.01823 0.86735
0.00064 -0.00548 0.83166
-0.07056 -0.05570 0.84980
-0.00091 -0.04153 0.85381
-0.04458 0.02541 0.84888
0.06914 -0.01606 0.85607
0.58950 -0.05291 0.59203
-0.05153 -0.00026 0.84159
0.58634 -0.11534 0.58655
-0.72503 -0.02761 0.40830
-0.24106 -0.10386 0.78618
-0.69979 -0.03566 0.42255
-0.66310 -0.04637 0.45027
-0.17522 -0.06433 0.76586
-0.13953 -0.06398 0.75531
-0.09410 -0.04467 0.74602
-0.03066 -0.02961 0.73985
-0.03108 -0.03961 0.69838
-0.02856 -0.02440 0.69217
-0.59792 -0.01608 0.33744
-0.59325 0.02533 0.30500
0.02889 -0.00303 0.63291
0.50021 -0.07535 0.38045
0.16171 -0.05120 0.59806
0.51157 -0.01797 0.28340
0.52693 -0.00100 0.27047
0.35448 -0.03372 0.44723
-0.45996 -0.01523 0.33616
0.01739 -0.01916 0.56681
0.49656 -0.01357 0.24262
-0.49103 -0.02634 0.24539
-0.46564 -0.00864 0.25368
0.42403 -0.00552 0.29368
0.48690 0.01003 0.17754
-0.36477 -0.03963 0.33401
-0.47257 -0.01769 0.19030
0.45385 0.01648 0.16184
0.47483 0.02253 0.16364
0.42039 0.02020 0.20818
-0.47046 -0.02934 0.16038
-0.41752 -0.04440 0.19117
-0.46105 -0.02120 0.17667
-0.40738 -0.01491 0.19737
-0.41043 -0.01443 0.18120
0.44790 -0.00268 0.17509
0.41838 -0.00608 0.15633
0.45171 -0.00208 0.16859
-0.25288 -0.02298 0.37717
0.39164 -0.03181 0.29557
0.42305 0.00319 0.19375
0.44767 -0.02314 0.21528
0.38147 -0.01965 0.29317
0.43387 -0.01485 0.23777
0.47454 -0.01112 0.21788
-0.42231 -0.02962 0.30271
-0.45811 -0.04039 0.29968
0.08225 -0.01761 0.53004
0.01792 -0.01625 0.56883
0.01062 -0.03177 0.55120
0.51775 -0.01122 0.26427
0.55075 -0.00122 0.23230
0.57914 0.01094 0.22413
0.23997 -0.00593 0.57137
0.11283 -0.02471 0.63447
-0.50394 -0.05316 0.41846
-0.53966 -0.06326 0.39003
-0.31822 -0.06845 0.60236
-0.01504 0.00003 0.69622
-0.16373 -0.07598 0.68860
-0.00923 -0.03245 0.72503
-0.08893 -0.03373 0.73380
-0.06942 -0.02065 0.75077
0.01112 0.00155 0.76406
-0.36829 -0.04415 0.68677
-0.47308 -0.06846 0.63014
-0.25980 -0.03810 0.75975
-0.74194 -0.06959 0.33455
-0.04074 -0.02452 0.82784
0.73170 0.01142 0.41458
-0.44959 -0.08005 0.72094
-0.40417 -0.09534 0.76171
-0.19768 -0.09639 0.84770
0.81228 0.02848 0.36518
0.78671 0.00357 0.43768
-0.77770 -0.00040 0.47135
-0.20078 -0.06069 0.89413
0.77361 0.00264 0.50805
-0.13708 -0.03308 0.92325
-0.80613 -0.06190 0.47921
0.77430 0.00490 0.54203
-0.00938 -0.03762 0.94783
-0.01893 -0.02060 0.95055
-0.65900 -0.12612 0.67886
-0.19432 -0.07892 0.92941
-0.40287 -0.10710 0.85573
-0.22966 -0.08260 0.92002
-0.20754 -0.10251 0.91829
-0.72372 -0.10235 0.61419
-0.29659 -0.07981 0.90104
-0.10025 -0.03945 0.94609
-0.03168 -0.00182 0.94630
0.14901 -0.00074 0.93037
0.29653 -0.03206 0.89191
0.47441 -0.05765 0.80900
-0.17801 -0.06572 0.91957
-0.10238 -0.01773 0.92911
-0.04310 -0.02606 0.93247
-0.05859 -0.00819 0.92962
-0.74823 -0.10697 0.54014
-0.09999 -0.07078 0.92065
-0.07510 -0.06997 0.91922
-0.17683 -0.08276 0.90794
-0.32670 -0.10782 0.86213
-0.84720 -0.08942 0.36962
-0.19785 -0.04418 0.90951
-0.85897 -0.06199 0.34761
-0.08809 -0.07507 0.92386
-0.83944 -0.15748 0.36858
-0.36985 -0.11005 0.85080
-0.19543 -0.05031 0.91543
-0.87524 -0.09878 0.32543
0.84549 0.04128 0.41797
-0.10607 -0.07326 0.93537
-0.86173 -0.07970 0.38749
-0.10068 -0.08646 0.94486
-0.14559 -0.04761 0.94319
-0.08540 -0.04179 0.95079
-0.46902 -0.27482 0.78791
-0.03851 -0.00814 0.96610
0.08032 0.00166 0.96850
0.00198 0.00918 0.97863
-0.24658 -0.10145 0.94556
-0.10816 -0.04725 0.98372
-0.61358 -0.05908 0.78135
-0.09554 -0.01818 0.99579
-0.53741 -0.11328 0.85659
-0.14972 -0.03871 0.99662
-0.02397 -0.03691 1.02211
-0.17637 -0.09248 0.99990
-0.32579 -0.12231 0.96374
-0.08286 -0.02721 1.03191
-0.15925 -0.07230 1.02833
-0.33357 -0.11444 0.98847
-0.17395 -0.05714 1.04080
-0.37704 -0.03016 0.98678
-0.45717 -0.11446 0.95777
-0.41221 -0.05250 0.98040
0.13947 0.02313 1.05832
-0.05378 -0.06139 1.06604
-0.16089 -0.04548 1.05500
-0.26868 -0.09121 1.02999
-0.19747 -0.11224 1.04709
-0.96275 -0.07964 0.45689
-0.37462 -0.08597 0.99808
-1.00861 -0.02491 0.35742
-0.40812 -0.18680 0.97003
-0.32477 -0.08178 1.01372
-0.08069 -0.01344 1.06675
-0.31569 -0.09635 1.01532
-0.06959 -0.04647 1.06688
0.05536 -0.04637 1.06395
-0.02636 -0.01991 1.06713
-0.03479 -0.02522 1.06857
-0.05759 -0.05525 1.06367
-0.02878 -0.01543 1.06942
-0.22223 -0.07940 1.04164
-0.13790 -0.06920 1.05406
-0.04091 -0.02954 1.06729
-0.01527 -0.01108 1.06543
-0.01176 -0.04158 1.06439
-0.00022 -0.01082 1.06490
-0.06260 -0.04045 1.06506
-0.06356 -0.01826 1.07310
-0.11354 -0.04131 1.07105
-0.05721 -0.01459 1.07417
-0.95955 -0.06788 0.49117
-0.90031 -0.06211 0.59394
-0.37068 -0.06709 1.01218
-0.22554 -0.08223 1.05758
-1.00604 -0.06469 0.39501
-0.89458 -0.08383 0.60226
-0.10216 -0.05880 1.08031
-0.09676 -0.02032 1.08442
-0.07667 0.00754 1.09482
-0.98320 -0.01349 0.48744
-0.15887 -0.04881 1.08631
-0.13834 -0.02906 1.09007
-0.68130 -0.06718 0.87774
-0.15251 -0.02665 1.10169
-0.11484 -0.05079 1.10518
-0.05668 -0.04815 1.10470
-0.03915 -0.01613 1.11397
-0.24687 -0.09505 1.09279
-0.08103 -0.01861 1.13502
0.14301 -0.04345 1.12452
-0.96477 -0.05015 0.60093
-0.23202 -0.07101 1.11719
-0.94706 -0.09846 0.63743
-0.02555 0.00516 1.15016
-0.12047 -0.07732 1.14415
-0.92861 -0.10284 0.68659
-0.08635 -0.05569 1.15508
-0.50997 -0.14643 1.03922
-0.19223 -0.08898 1.15230
-0.80469 -0.19923 0.82952
-0.00845 -0.02274 1.16975
-0.20218 -0.09637 1.14335
-0.24242 -0.12830 1.13369
-0.15819 -0.08600 1.14920
-0.12907 -0.05810 1.15176
-0.06168 -0.02976 1.15802
-0.02458 -0.02237 1.15637
-0.14682 -0.08955 1.14231
-0.23582 -0.09538 1.12149
-0.67655 -0.15461 0.91877
-0.14603 -0.10638 1.13123
-0.06135 -0.05504 1.13328
-0.39030 -0.11400 1.06299
-0.32232 -0.08521 1.08470
-0.37865 -0.10130 1.06511
-0.26456 -0.04340 1.09542
-0.79157 -0.03788 0.79744
-0.94777 -0.05898 0.57160
-1.00203 -0.10322 0.46105
-0.88256 0.00605 0.65382
0.00063 -0.02830 1.08074
-0.12767 -0.06233 1.06287
-0.08775 -0.03263 1.05426
-0.30536 -0.09944 0.99190
-0.16867 -0.07906 1.01577
0.84756 0.02930 0.53587
-0.67079 -0.08494 0.73212
0.87174 0.01370 0.44343
-0.68060 -0.11339 0.67092
-0.86917 -0.07102 0.37737
-0.73773 -0.18632 0.53199
-0.49107 -0.15701 0.75561
-0.14592 -0.08779 0.88208
-0.03516 -0.01774 0.87823
-0.11021 -0.05300 0.85565
-0.05913 -0.04614 0.84109
-0.18110 -0.07619 0.81290
-0.05068 -0.02778 0.81711
-0.17336 -0.02037 0.79060
-0.17135 -0.04710 0.75278
0.04911 -0.02685 0.70979
0.04540 -0.01595 0.71112
-0.01172 -0.02189 0.71243
-0.53217 -0.09223 0.46511
0.60747 0.00352 0.37066
-0.07114 -0.01349 0.70792
-0.65320 -0.03603 0.28143
-0.65663 -0.02422 0.27292
-0.64005 -0.06227 0.30335
-0.64007 -0.08079 0.29722
-0.33955 -0.05477 0.62235
-0.36365 -0.02692 0.60940
-0.62661 -0.02746 0.33306
-0.23186 -0.05637 0.66865
-0.68375 -0.02992 0.27055
-0.55597 -0.07233 0.24692
-0.54361 -0.02573 0.23905
-0.41667 -0.03916 0.39682
-0.51423 -0.00986 0.21197
-0.46466 -0.03471 0.25881
0.48480 0.00366 0.17291
-0.43313 0.00208 0.22554
0.43374 0.00584 0.16560
-0.38613 -0.02387 0.20197
-0.36223 -0.03577 0.19086
0.36437 0.01034 0.12648
0.33489 -0.01108 0.12840
0.31241 0.00704 0.11505
0.28432 0.00054 0.12254
-0.21911 -0.01023 0.18772
0.24615 -0.00412 0.10311
0.22665 -0.01139 0.09585
0.22141 0.00221 0.06988
0.08761 0.00405 0.20315
0.18548 0.00312 0.10813
0.19425 -0.00189 0.07470
0.19282 -0.00000 0.06264
-0.02714 0.01388 0.19593
-0.18348 -0.00325 0.07213
-0.17802 -0.00048 0.08770
0.12713 0.00797 0.15310
-0.16170 0.01171 0.11550
0.18381 0.00168 0.07232
0.18846 -0.00267 0.05873
0.18855 -0.00440 0.06203
0.18755 0.00024 0.06323
0.18870 -0.00387 0.05851
0.18852 0.00416 0.06932
-0.19282 -0.01330 0.08828
0.21770 -0.00136 0.07107
-0.23011 -0.01074 0.09894
-0.25400 -0.00676 0.09403
-0.08762 -0.00525 0.27586
0.28921 0.00724 0.09559
-0.29614 -0.01371 0.13087
0.32270 -0.00548 0.11423
0.32935 -0.00278 0.16559
0.35447 -0.00528 0.16431
0.36732 0.00013 0.19202
0.38538 -0.02056 0.21313
-0.30284 0.00495 0.35100
0.42147 -0.00335 0.24665
0.46948 0.00728 0.18955
-0.48351 -0.00492 0.20872
0.50505 -0.00964 0.20055
0.50821 0.00314 0.22960
-0.50666 -0.00515 0.27546
0.55720 -0.02441 0.21417
0.57136 -0.02368 0.23845
0.56531 0.01298 0.30096
-0.59817 -0.01739 0.28405
-0.49866 -0.03599 0.46077
0.63052 -0.03221 0.28130
-0.08871 -0.03182 0.70007
0.60696 0.06004 0.38136
-0.57250 -0.05560 0.47184
-0.70436 -0.03840 0.30607
-0.06229 -0.03075 0.78865
-0.09483 -0.04286 0.79988
-0.10820 -0.06969 0.80299
-0.03370 -0.05245 0.83063
-0.07081 -0.05218 0.83713
-0.71318 -0.06963 0.48744
-0.18055 -0.01330 0.86241
-0.51400 -0.09759 0.72053
-0.46424 -0.05353 0.77072
-0.12145 -0.06864 0.90301
-0.08961 -0.02376 0.91980
0.02568 0.01394 0.93332
-0.69119 -0.12412 0.63303
0.89247 0.02109 0.34941
-0.81746 -0.05865 0.51877
-0.89747 -0.07819 0.39414
0.87475 0.00995 0.46126
0.12997 -0.02279 0.98751
-0.87537 -0.05719 0.48590
-0.82925 -0.07849 0.56364
-0.88189 -0.03994 0.50323
-0.89287 -0.06363 0.49347
0.86843 0.04433 0.54798
-0.85660 -0.06694 0.56973
-0.83851 -0.09640 0.60625
-0.05153 -0.02953 1.03897
0.91863 -0.02506 0.51151
-0.97567 -0.07766 0.39151
-0.17084 -0.07594 1.03669
-0.18803 -0.07869 1.04186
-0.90744 -0.01434 0.55049
-0.92521 -0.03282 0.52266
-0.42121 -0.10957 0.97106
-0.06051 -0.01846 1.06013
-0.19450 -0.07811 1.04472
-0.74898 -0.09875 0.74224
-0.22270 -0.09202 1.03309
-0.13723 -0.04613 1.05508
-0.11279 -0.03036 1.06363
0.04310 -0.04692 1.06806
-0.00158 -0.02502 1.06278
0.01292 -0.01291 1.05624
0.01711 -0.01647 1.05548
-0.01338 -0.03179 1.05816
0.12340 -0.04727 1.05889
-0.10016 -0.08096 1.06175
-0.04625 -0.05817 1.06753
-0.12122 -0.07350 1.05819
-0.06019 -0.04434 1.06448
-0.07677 -0.04611 1.06194
-0.00480 0.00366 1.06679
-0.12485 -0.08226 1.06190
-0.10276 -0.01117 1.06746
-0.03295 -0.00466 1.07563
-0.23484 -0.00974 1.04218
-0.13718 -0.06050 1.05838
-0.71731 -0.11268 0.78714
-0.44947 -0.10646 0.97232
-0.78780 -0.12352 0.73021
-0.96120 -0.08350 0.48899
-0.79521 -0.15538 0.70949
-0.90030 -0.13188 0.57294
-0.73395 -0.12515 0.78095
-0.09293 -0.03278 1.07532
-0.09000 -0.02313 1.07639
-0.26584 -0.09882 1.04298
-0.90364 -0.10522 0.58595
-0.06911 -0.02587 1.08037
-0.00753 -0.01482 1.08081
-0.33912 -0.17691 1.00966
-0.45821 -0.13463 0.97338
0.12275 -0.00544 1.08097
-0.62913 -0.13877 0.88363
-0.80639 -0.14047 0.72499
-0.06557 -0.03933 1.08881
-0.82678 -0.09589 0.70512
-0.53951 -0.09935 0.94385
-0.98090 -0.09429 0.46446
-0.64165 -0.16976 0.85952
-0.25085 -0.05157 1.06829
-0.78994 -0.07204 0.75867
-0.93186 -0.14270 0.55826
-0.16732 -0.06510 1.08270
-0.11450 -0.03191 1.09236
-0.88196 -0.03287 0.65353
-1.00688 -0.07407 0.43742
-0.84485 -0.01858 0.70354
-0.04432 -0.00058 1.10306
-1.00984 -0.08122 0.43462
0.87252 -0.03396 0.67185
-1.00040 -0.00296 0.46854
1.02183 0.03315 0.42408
-0.69710 -0.12754 0.85530
-0.94845 -0.06960 0.56698
-0.05954 -0.02051 1.10560
-0.81912 -0.08627 0.74447
-0.25481 -0.09054 1.08107
-0.04731 0.01068 1.11164
-0.17569 -0.05572 1.09811
-0.33557 -0.06021 1.06662
-0.03278 0.01328 1.11655
-0.19642 -0.06013 1.10247
-0.05833 -0.04397 1.11347
0.11609 -0.10103 1.10980
-0.20945 -0.12401 1.09429
-0.14222 -0.08149 1.11277
-0.31492 -0.06084 1.08370
-0.58892 -0.06625 0.96241
-1.00018 -0.06467 0.52356
-0.44849 -0.19011 1.02159
-0.39985 -0.17547 1.04615
-0.06242 -0.05762 1.12861
-0.31741 -0.11835 1.08472
-0.68091 -0.08333 0.90327
-0.30131 -0.07024 1.09484
-0.98009 -0.09593 0.57387
-0.82928 -0.04120 0.77764
0.00558 0.03745 1.14132
-0.20065 -0.08370 1.12146
0.03963 -0.07553 1.13644
-0.16684 -0.10773 1.12127
-0.05285 -0.04242 1.14023
0.12720 0.00047 1.13655
-0.07159 -0.05518 1.14279
0.23668 -0.05825 1.10948
-0.69859 -0.13465 0.89156
-0.67192 -0.07543 0.91591
-0.02977 -0.03417 1.14078
-0.05775 -0.05369 1.13107
-0.16382 -0.11083 1.11525
0.00230 -0.02615 1.13722
-0.11558 -0.05076 1.13673
-1.05046 -0.10120 0.40544
-0.06912 -0.06044 1.12171
-0.10205 -0.06696 1.10688
-0.10288 -0.04618 1.10838
-0.51086 -0.07486 0.99484
-0.25910 -0.09571 1.08882
-0.12446 0.02343 1.11186
-0.45512 -0.10329 1.00567
-0.31668 -0.10001 1.05129
-0.11189 -0.08402 1.07700
-0.08200 -0.04871 1.07624
-0.05746 0.00122 1.08499
-0.97558 -0.03579 0.49798
-0.87562 -0.03273 0.64992
-0.07555 -0.03106 1.06876
-0.91548 -0.01721 0.52320
-0.62085 -0.00721 0.84628
-0.05798 -0.02694 1.01698
-0.31666 -0.11001 0.97611
-0.00582 0.03890 1.03483
0.07290 -0.05293 1.02896
0.13588 -0.08445 1.00849
-0.82825 -0.04562 0.57991
-0.15990 -0.10493 0.98138
-0.70100 -0.11112 0.69801
-0.07556 -0.08600 0.98225
-0.29165 -0.07321 0.92733
-0.72992 -0.10871 0.64519
-0.62438 -0.09826 0.74400
-0.38266 -0.09684 0.88583
-0.15570 -0.03938 0.94060
-0.01118 -0.05354 0.94706
-0.10774 -0.01412 0.94341
-0.06943 -0.01880 0.94075
-0.05867 -0.01250 0.93743
-0.07572 -0.03055 0.92226
0.23174 -0.11848 0.88503
-0.15958 -0.05008 0.90337
-0.11630 -0.00657 0.90942
-0.25248 -0.04599 0.87535
-0.10961 -0.00932 0.90056
-0.08384 -0.00361 0.90099
-0.04947 -0.04149 0.89407
-0.06972 -0.00934 0.88476
-0.54545 -0.10143 0.69263
-0.08996 -0.01740 0.88328
-0.73699 -0.07848 0.49176
0.82359 -0.01381 0.31042
0.63704 -0.00036 0.59350
-0.58449 -0.10474 0.62555
0.65166 -0.00636 0.55814
-0.73365 -0.09423 0.43258
-0.06251 -0.00428 0.85549
-0.14939 -0.04385 0.83656
0.02526 -0.01222 0.84535
-0.09279 -0.04558 0.82829
-0.10593 -0.04942 0.82474
-0.72898 -0.05657 0.37803
-0.06082 -0.05339 0.80620
0.05090 -0.00333 0.79042
-0.25045 -0.03916 0.74363
-0.13444 -0.03814 0.75957
-0.26250 -0.05879 0.71381
-0.08177 -0.03486 0.74517
-0.52322 -0.06653 0.51675
-0.43229 -0.10067 0.58270
-0.28202 -0.09250 0.65154
0.10301 -0.06592 0.69528
-0.59716 -0.09571 0.34184
-0.19331 -0.05666 0.65538
-0.60370 -0.07471 0.29060
0.13693 -0.03007 0.65068
-0.57532 -0.04994 0.30638
-0.56816 -0.03813 0.29552
0.41304 -0.01306 0.47350
-0.48654 -0.04501 0.37407
-0.54379 -0.04975 0.24953
-0.49525 -0.05065 0.31686
-0.53406 -0.03203 0.22991
0.52222 0.01174 0.22722
0.52174 0.01386 0.21497
-0.49190 -0.06387 0.23618
-0.46459 -0.04621 0.26883
-0.39726 -0.03041 0.34017
-0.45298 -0.00342 0.24869
0.46589 0.01428 0.19600
-0.46262 -0.00986 0.17920
-0.44272 -0.02113 0.19887
-0.40635 -0.01928 0.24087
-0.38997 -0.02657 0.25012
-0.38256 -0.02384 0.23762
0.30451 -0.00704 0.31028
0.36840 -0.00615 0.20390
0.38669 0.02461 0.12734
0.29055 0.01296 0.26493
0.32778 0.00959 0.20524
0.31617 0.01002 0.18703
0.29301 0.00640 0.21541
0.31036 0.00819 0.16850
0.31612 0.00499 0.11408
0.31247 0.00927 0.13637
0.28404 0.01066 0.14510
-0.25144 -0.01338 0.20725
-0.27938 -0.01376 0.15988
-0.27988 -0.01016 0.13546
0.28524 0.01019 0.13844
0.28197 0.00941 0.12049
-0.28454 -0.01716 0.12471
-0.27889 -0.00939 0.12175
-0.24721 -0.00702 0.16269
-0.28322 -0.01563 0.10177
0.26968 0.01229 0.12104
0.24003 0.00507 0.17168
-0.26686 -0.02304 0.09644
-0.09913 -0.01813 0.26721
0.27150 0.02034 0.10253
-0.11911 -0.01307 0.26884
-0.28331 -0.02681 0.08205
-0.27214 -0.02317 0.11420
-0.17885 -0.03202 0.22652
-0.27996 -0.02491 0.09235
-0.27054 0.00156 0.12112
-0.28399 -0.03584 0.07228
-0.26801 -0.04149 0.13036
-0.27912 -0.02033 0.10976
-0.26690 -0.02224 0.15071
0.06811 0.00639 0.30612
0.30726 0.03253 0.09716
-0.11337 -0.00741 0.30740
-0.15323 -0.01379 0.29396
-0.31589 -0.02657 0.11043
0.32276 0.02000 0.13330
-0.26843 -0.03308 0.21391
-0.32696 -0.03076 0.14910
-0.31447 -0.02584 0.19186
-0.32712 -0.03297 0.18274
-0.36938 -0.04165 0.10703
-0.34753 -0.02506 0.21094
0.32080 0.01609 0.27218
-0.40604 -0.03051 0.16634
-0.42372 -0.02417 0.18594
-0.06093 -0.01949 0.47154
0.45956 0.02851 0.17267
-0.00656 -0.00561 0.51358
0.46490 0.00020 0.26625
-0.44899 -0.07550 0.32305
0.47043 -0.01720 0.33754
0.48823 -0.01698 0.35823
-0.57313 -0.05349 0.24542
-0.46696 -0.06451 0.45157
0.65560 0.01539 0.19415
0.67351 0.07304 0.21761
-0.68855 -0.11931 0.25000
0.70911 0.05599 0.27852
0.01027 -0.01939 0.78567
-0.12705 -0.05911 0.79550
-0.19923 -0.06533 0.81032
-0.63718 -0.10660 0.57044
-0.16024 -0.08502 0.86428
-0.76053 -0.05612 0.48890
-0.19808 -0.06405 0.90242
-0.39522 -0.11511 0.85562
-0.88222 -0.03198 0.41201
-0.13659 -0.02913 0.98801
0.02181 -0.00584 1.02150
-0.09557 -0.02859 1.03987
-0.25467 -0.05787 1.03486
-0.00041 0.00422 1.08907
-0.27752 -0.02110 1.07658
-0.90420 -0.14914 0.68008
-0.95396 -0.09653 0.65431
-0.07393 0.02732 1.17896
-0.05352 0.02363 1.18607
-0.27467 -0.08706 1.15312
-0.09878 -0.02953 1.17699
-0.01499 -0.02410 1.17530
-0.73345 -0.12666 0.90752
-0.77510 -0.02546 0.88646
-0.19205 -0.05253 1.16017
-0.90493 -0.24324 0.70950
-0.84325 -0.14598 0.81557
-1.10810 -0.08460 0.39121
-0.94999 0.01824 0.69912
-1.04239 -0.04713 0.54987
-0.99179 -0.05338 0.63431
-1.07296 -0.03644 0.48224
-0.08690 -0.00463 1.17159
-0.55851 -0.16861 1.01408
-0.89500 -0.22072 0.72341
-1.05198 -0.13002 0.48104
-1.02499 -0.17033 0.52712
0.98179 -0.00898 0.61752
-0.91792 -0.06122 0.70686
1.00381 -0.00121 0.57723
0.89710 -0.06382 0.72544
1.01574 0.02073 0.54459
-0.16551 -0.06263 1.13555
-0.11714 -0.07074 1.13841
-0.98632 -0.08516 0.57685
-0.68016 -0.12037 0.90569
-0.12754 -0.03962 1.12879
-0.67653 -0.15103 0.89660
-0.34053 -0.11759 1.07474
-0.70387 -0.10022 0.88021
-0.97428 -0.00623 0.57827
-0.45464 -0.15291 1.01789
-0.61613 -0.11205 0.92487
-0.83597 -0.08307 0.73260
0.07250 -0.02829 1.10758
0.68987 -0.06390 0.87252
-0.03498 -0.01606 1.10857
-0.29506 -0.08315 1.05843
0.17106 -0.03507 1.08436
-0.16198 -0.06564 1.08489
0.15083 -0.01111 1.08889
-0.34783 -0.11193 1.03737
-0.08474 0.02321 1.09606
-0.10290 0.02196 1.08989
-0.63222 -0.18469 0.86382
-0.13653 -0.09521 1.07304
-0.02507 -0.00120 1.08714
0.96899 -0.04320 0.50407
0.33498 0.00457 1.04425
-0.07973 -0.03315 1.09309
-0.63076 -0.11223 0.89390
0.07367 0.00142 1.09009
-0.86279 -0.12913 0.65301
-0.34331 -0.14690 1.02125
-0.45838 -0.18562 0.96780
-0.34862 -0.10139 1.02093
-0.07989 -0.02569 1.07748
-0.10184 -0.07300 1.07279
-0.21242 -0.03368 1.05491
-0.06341 0.00610 1.07662
-0.07888 -0.04012 1.06904
-0.54453 -0.07910 0.91768
-0.31905 -0.13773 1.00912
-0.46706 -0.07115 0.95215
-0.44330 -0.11148 0.96198
-0.14751 -0.07095 1.04892
-0.12713 -0.05376 1.04726
-0.19295 -0.08683 1.03657
0.95852 0.04435 0.43211
-0.21282 -0.09536 1.02655
-0.14132 -0.04307 1.03444
-0.15954 -0.08213 1.03174
-0.25151 -0.08801 1.00665
-0.09236 -0.01534 1.03468
-0.06667 -0.02348 1.03667
-0.27429 -0.08247 0.99654
-0.88673 -0.01870 0.52755
-0.49554 -0.09514 0.89288
-0.71707 -0.09784 0.73546
-0.86523 -0.08793 0.54415
0.90928 -0.02808 0.46731
-0.42659 -0.06928 0.92294
-0.04619 -0.04308 1.01396
-0.26995 -0.08766 0.97681
-0.22526 -0.05801 0.98642
-0.23860 -0.08932 0.97564
-0.22274 -0.09403 0.97622
-0.17940 -0.09143 0.98053
-0.26159 -0.09350 0.96353
-0.24628 -0.08973 0.96334
-0.53299 -0.07656 0.83755
-0.64949 -0.06152 0.74448
-0.76113 -0.10348 0.61799
-0.78169 -0.05909 0.59755
-0.57755 -0.12620 0.78380
-0.66035 -0.13404 0.71143
-0.42812 -0.10182 0.87192
-0.71424 -0.15231 0.64343
-0.24880 -0.05712 0.93741
-0.11845 -0.05882 0.95512
-0.68461 -0.04521 0.67872
-0.87087 -0.02084 0.41280
0.91119 0.01715 0.30864
-0.82654 -0.11353 0.47849
-0.69858 -0.10334 0.64327
-0.86218 -0.07731 0.40818
-0.67772 -0.02442 0.67418
-0.70102 -0.12896 0.64510
-0.72669 -0.13716 0.61471
0.88334 -0.01489 0.37976
-0.83141 -0.02884 0.48991
-0.76170 -0.05253 0.59095
-0.91221 -0.03522 0.33039
-0.63808 -0.09951 0.72680
0.85697 0.00338 0.47313
0.92527 -0.00127 0.34132
-0.83844 -0.11858 0.50620
0.93364 0.17623 0.30658
-0.94631 -0.06727 0.30804
0.94499 0.10823 0.31029
0.95718 0.05550 0.32951
0.96503 0.07108 0.30798
0.78272 0.00389 0.65412
-0.10155 -0.01267 1.01914
-0.89077 -0.08281 0.51019
-0.49226 -0.09042 0.90766
-0.84662 -0.16852 0.59755
0.93727 0.00523 0.48607
0.97199 -0.00251 0.43550
0.96554 -0.00228 0.45652
-0.51807 -0.16003 0.92542
0.78519 -0.04121 0.74353
-0.35672 -0.14729 1.01610
-0.75314 -0.11723 0.78235
-0.63359 -0.09327 0.89621
-0.93721 -0.07839 0.57912
-0.21879 -0.03275 1.09088
-0.44074 -0.03632 1.02661
-0.18762 -0.06739 1.11921
-1.01367 -0.01403 0.43113
-0.24979 -0.05278 1.08409
-0.74202 -0.01440 0.84210
-0.83821 -0.12232 0.72721
-0.96701 -0.06627 0.55146
0.06000 -0.04506 1.11162
-0.96163 -0.07638 0.54278
0.10038 -0.01393 1.10170
0.31866 -0.08230 1.05383
0.55996 -0.16105 0.93619
-0.00214 0.02039 1.09677
-1.00172 -0.06976 0.44858
-0.88195 -0.00117 0.64062
0.18245 -0.11275 1.06666
0.08210 -0.03264 1.08356
-0.98624 -0.04179 0.44106
-0.39902 -0.04401 1.00195
-0.95930 -0.04532 0.48055
-0.77814 -0.02514 0.73102
-0.01681 0.01445 1.06471
-0.90483 -0.08692 0.54256
-0.40404 -0.14069 0.96484
-0.04467 -0.02945 1.04832
-0.05567 0.03511 1.04670
-0.04111 -0.00022 1.04278
-0.95084 -0.15341 0.37413
-0.76720 -0.11535 0.68173
-0.19560 -0.05101 1.00228
-0.21797 -0.07679 0.98448
-0.29525 -0.12421 0.93963
-0.15634 -0.02683 0.95623
-0.60577 -0.07378 0.72257
-0.29657 0.03338 0.87064
-0.09914 -0.02891 0.88455
-0.79724 -0.08135 0.32482
-0.64201 -0.08872 0.53293
-0.74887 -0.07713 0.31354
-0.67959 -0.04311 0.39327
-0.29305 -0.09310 0.69037
-0.12099 -0.03632 0.71870
0.62641 -0.00893 0.31363
-0.03708 -0.01212 0.67595
-0.51663 -0.07761 0.41975
-0.54131 -0.05607 0.28013
0.53818 -0.01038 0.28805
0.44384 -0.02542 0.39136
0.49422 -0.01699 0.29059
0.48783 -0.02201 0.27061
-0.44751 -0.02615 0.31510
-0.50317 -0.01787 0.17544
0.47485 -0.01041 0.22046
-0.47631 -0.01603 0.18670
0.44931 0.00142 0.20851
-0.44044 0.00547 0.20078
-0.37279 -0.01069 0.27120
-0.34392 -0.02546 0.28640
-0.40438 -0.02544 0.15377
-0.35939 -0.03303 0.19194
-0.15679 -0.01608 0.35726
0.33119 0.02761 0.14019
-0.30838 -0.03020 0.13757
-0.29323 -0.03013 0.11220
-0.26107 -0.01801 0.13817
-0.26532 -0.01939 0.12835
-0.27382 -0.01445 0.09357
-0.26513 -0.02312 0.11222
0.25081 0.02231 0.15037
0.25827 0.01955 0.11306
0.26394 0.01441 0.10683
0.25832 0.00842 0.09522
-0.24905 -0.00740 0.11005
-0.24148 -0.00361 0.14292
-0.25892 -0.00455 0.10457
-0.20054 -0.00674 0.21689
-0.25086 -0.01313 0.16096
-0.28896 -0.01422 0.12921
-0.29544 -0.00423 0.12360
0.30521 0.00179 0.12918
-0.32399 0.00237 0.13327
-0.33251 -0.01631 0.12041
-0.35145 0.00568 0.13895
0.34805 0.00704 0.15941
0.35223 0.00524 0.18930
0.38589 0.01683 0.18459
0.40428 0.02405 0.17336
0.07390 0.01846 0.46335
-0.45183 0.00620 0.17510
-0.47851 -0.03518 0.19320
-0.43910 -0.02785 0.27992
-0.49421 0.02682 0.24343
-0.35238 -0.04022 0.45681
-0.45547 -0.03466 0.38664
-0.38783 -0.04542 0.48342
-0.58661 -0.04592 0.26428
-0.46431 -0.04583 0.47975
-0.58695 -0.04795 0.37403
-0.23870 -0.03438 0.66866
-0.45534 -0.08078 0.56726
-0.18273 -0.01108 0.72871
-0.30673 -0.03259 0.70491
-0.24186 -0.07415 0.74709
-0.40095 -0.00712 0.70826
-0.09318 -0.01314 0.83320
-0.76450 0.00980 0.38856
-0.62948 -0.03496 0.60656
-0.20679 -0.05245 0.86765
-0.10857 0.02116 0.90378
-0.77033 -0.08108 0.51705
-0.07823 0.02005 0.94525
-0.04399 0.02785 0.96226
-0.01672 0.02476 0.97326
0.03758 0.01411 1.02869
-0.10713 -0.00707 0.95126
0.03290 0.01871 1.01504
-0.29310 -0.04651 0.99693
-0.10141 -0.02092 1.04263
-0.04404 0.03141 1.05952
0.90206 -0.00836 0.59515
-0.66903 -0.13081 0.84965
-0.95496 -0.08820 0.54671
-0.16146 -0.01991 1.10419
0.04234 0.04771 1.12999
-0.13253 -0.01102 1.14389
-0.15514 -0.02829 1.14899
-0.80483 -0.04671 0.83939
-0.07125 -0.07445 1.16924
-0.00204 -0.00664 1.18538
0.17207 0.00451 1.17979
0.08095 0.06364 1.19431
-0.81423 -0.03115 0.88579
-0.75543 -0.03904 0.92987
-0.07158 0.01551 1.20176
-0.26537 -0.02194 1.17884
-0.62768 -0.07433 1.03263
-0.54046 -0.01546 1.08656
-0.05193 -0.00428 1.20700
-0.73798 -0.08283 0.95389
-1.09221 -0.09077 0.51082
-1.01313 -0.09190 0.64748
-1.05842 -0.05476 0.56888
-0.10528 -0.02321 1.18270
-0.02179 0.00635 1.18807
-0.26552 -0.05023 1.16365
-0.79433 -0.12682 0.88361
-0.00996 -0.01511 1.19139
0.00869 -0.02643 1.18754
-1.11281 0.03363 0.43286
-0.07283 -0.10468 1.18748
-0.00703 -0.00861 1.18616
-1.08731 -0.09542 0.48282
-0.68360 -0.16374 0.96690
-0.79908 -0.12550 0.89024
-0.09998 -0.03243 1.19544
-0.08924 0.00248 1.19586
-0.11573 -0.00960 1.19206
0.03554 -0.01443 1.19412
-0.67366 -0.07865 0.98167
-0.92255 -0.13153 0.74849
1.11171 -0.00602 0.43710
1.06767 -0.00471 0.54053
1.07397 0.03938 0.49928
0.11261 -0.00515 1.17353
-0.08566 -0.04311 1.17163
-0.08784 -0.04303 1.17062
-0.18139 -0.07275 1.15426
-1.05708 -0.04516 0.50305
-0.10371 -0.03004 1.15713
-0.08726 0.00144 1.15328
1.02628 0.02342 0.52881
-0.05006 0.01229 1.15294
-0.13312 -0.01298 1.14695
-0.43093 -0.18883 1.03575
-0.03723 -0.03190 1.12951
-0.90309 -0.14369 0.66417
-0.87090 -0.15469 0.70840
-1.04538 -0.06181 0.44470
-0.67156 -0.11872 0.91257
-0.74085 -0.21510 0.82503
0.25503 0.01452 1.08400
-0.98657 -0.20795 0.50316
1.04733 0.13427 0.40772
-0.98101 -0.04447 0.56311
-0.14653 -0.02018 1.11090
-0.22131 -0.04713 1.09259
-0.01180 -0.02618 1.12375
0.03859 -0.02576 1.12413
-0.25022 -0.10712 1.09421
-0.00716 -0.02130 1.12589
-0.89253 -0.09725 0.67732
0.77699 -0.10937 0.81457
-1.00926 -0.04997 0.49716
-0.41394 -0.17628 1.02758
-0.23949 -0.14777 1.07880
-0.63155 -0.19015 0.89395
-1.02433 -0.05450 0.47134
1.05434 0.09645 0.38452
-0.74518 -0.19595 0.82301
0.00705 -0.02091 1.12488
-0.19726 -0.11365 1.10009
-0.09333 -0.04737 1.11765
-0.90605 -0.19087 0.62966
-0.04347 -0.00156 1.12395
-0.19085 -0.05347 1.10656
-0.12035 -0.03324 1.12045
0.12265 -0.04840 1.11926
0.25305 -0.03619 1.09504
0.92143 -0.05354 0.64109
0.40883 -0.04062 1.04382
-0.57005 -0.06722 0.96242
0.99051 0.02893 0.52013
0.07549 -0.00632 1.11905
-0.04688 0.03798 1.14898
-0.04872 0.01991 1.07796
1.02279 -0.02508 0.42884
-0.25701 -0.03392 1.07461
-0.08258 0.01731 1.10259
-0.91494 -0.07158 0.61520
-0.01105 -0.00426 1.10005
-0.44997 -0.12364 0.99317
0.06343 -0.03284 1.09469
0.03884 -0.00602 1.09371
0.02608 0.04447 1.09557
0.06005 -0.01935 1.08711
-0.00300 -0.03459 1.09112
-0.05800 -0.02427 1.08296
-0.96078 -0.10256 0.48642
-0.13370 0.00668 1.07069
-0.13254 -0.01719 1.07182
0.11350 -0.00063 1.07388
0.83525 0.00907 0.67793
-0.22715 -0.07171 1.04200
-0.06894 -0.08124 1.05869
-0.22038 -0.11204 1.03739
-0.93358 -0.04712 0.50567
-0.07129 0.02675 1.04668
-0.03387 0.02295 1.05129
-0.02499 0.01510 1.05077
-0.90608 -0.13051 0.52033
0.03496 0.02815 1.04724
-0.09346 -0.11160 1.03022
-0.03333 0.00931 1.03324
-0.77613 -0.08698 0.67045
-0.88689 -0.11901 0.51741
-0.09294 -0.00352 1.02365
-0.81518 -0.04998 0.61657
0.43248 -0.10525 0.92250
-0.93604 -0.11507 0.39364
-0.73004 -0.05547 0.69713
0.79513 -0.03468 0.59575
-0.01470 -0.05542 0.99131
-0.00730 -0.01416 0.98363
0.01298 -0.02878 0.97272
0.01538 0.00644 0.96544
0.00038 0.00171 0.95005
0.03655 -0.07779 0.93090
-0.63099 -0.11113 0.66364
-0.74986 -0.04349 0.52208
-0.05995 0.00884 0.90339
-0.03859 0.01515 0.89386
-0.14543 0.02635 0.86806
-0.74957 -0.05429 0.44030
-0.56332 -0.03127 0.61892
-0.56964 0.00190 0.59648
0.12246 -0.06112 0.79293
-0.02676 -0.03234 0.78206
-0.04044 0.00331 0.76385
-0.46580 -0.01183 0.58280
-0.64385 -0.01777 0.34373
-0.57569 -0.02434 0.41978
-0.58201 -0.03629 0.37904
-0.59116 -0.03881 0.32322
0.02056 0.01291 0.65720
-0.02407 -0.03186 0.63963
-0.06181 -0.02311 0.61769
0.47533 0.00288 0.37905
-0.49902 -0.01121 0.31765
0.03614 -0.02068 0.57487
0.47296 0.01053 0.29729
-0.45680 -0.01731 0.28900
-0.47456 0.00383 0.20531
-0.45839 0.00540 0.19005
-0.44361 -0.02309 0.16556
-0.35729 -0.01663 0.26881
-0.26601 -0.01633 0.32412
-0.26527 -0.00067 0.29372
-0.32436 -0.02063 0.18558
0.32840 0.00305 0.12986
0.00838 -0.02557 0.32793
-0.28814 -0.00738 0.11568
-0.27808 -0.00828 0.10386
-0.25905 -0.00333 0.11754
0.15360 0.00718 0.22989
-0.24464 -0.00784 0.10509
0.22903 -0.01012 0.11921
0.23869 0.01175 0.08513
0.23831 -0.00067 0.08040
-0.23348 0.00355 0.08889
0.22245 -0.01034 0.10915
0.20877 0.00568 0.12597
0.21567 0.00786 0.07440
0.18938 -0.00331 0.05164
0.13290 0.00353 0.07919
0.10116 0.00047 0.03804
0.06586 0.00368 0.03039
-0.02555 0.00104 0.03206
0.00298 0.00047 0.00842
0.01280 -0.00197 -0.00852
0.01046 -0.00053 -0.00828
-0.00101 -0.00055 -0.00308
0.00059 -0.00007 0.00296
0.00324 0.00071 -0.00106
0.00199 0.00049 0.00096
-0.00179 -0.00052 0.00092
0.00268 -0.00032 -0.00189
0.00251 -0.00049 0.00241
0.00019 0.00023 0.00375
0.00256 0.00054 -0.00205
0.00084 -0.00001 -0.00272
0.00317 -0.00069 0.00095
0.00294 0.00006 0.00264
0.00216 -0.00048 -0.00143
0.00320 0.00010 0.00204
0.00157 -0.00001 -0.00132
0.00427 0.00022 -0.00225
0.00196 0.00003 0.00172
0.00338 0.00002 -0.00127
0.00184 0.00009 0.00104
0.00030 0.00026 0.00279
0.00286 -0.00014 -0.00095
0.00342 -0.00019 -0.00137
0.00250 -0.00013 -0.00092
0.00214 -0.00016 -0.00128
0.00186 -0.00013 -0.00144
0.00208 -0.00012 -0.00094
0.00312 -0.00012 -0.00126
0.00188 -0.00014 -0.00099
0.00242 0.00011 0.00118
0.00173 0.00003 0.00115
0.00315 0.00009 -0.00226
0.00074 -0.00002 0.00153
0.00342 0.00035 0.00140
0.00167 -0.00013 0.00152
0.00192 0.00008 0.00104
0.00133 -0.00026 0.00065
0.00164 -0.00015 -0.00055
0.00118 -0.00016 -0.00044
0.00080 0.00003 0.00059
0.00080 0.00010 -0.00124
0.00033 0.00009 0.00176
0.00158 -0.00030 -0.00072
-0.00007 -0.00008 -0.00147
0.00166 -0.00013 0.00089
0.00124 -0.00026 0.00083
-0.00029 0.00006 0.00126
0.00082 0.00004 0.00050
0.00101 -0.00013 0.00049
0.00075 -0.00011 0.00024
-0.00061 0.00002 -0.00097
0.00083 -0.00013 -0.00032
0.00041 -0.00018 0.00178
0.00066 -0.00006 0.00026
0.00205 -0.00022 0.00084
0.00077 0.00002 0.00064
0.00035 -0.00004 0.00170
0.00136 -0.00007 -0.00086
-0.00025 0.00004 0.00143
-0.00124 -0.00001 -0.00102
0.00022 0.00018 0.00223
-0.00030 0.00015 0.00398
-0.00579 0.00095 0.00344
-0.00787 0.00068 0.00689
-0.00906 0.00120 0.01090
0.01506 0.00101 0.00810
0.01740 0.00024 0.00761
0.01915 0.00114 0.00908
-0.02233 0.00089 0.01095
0.02941 0.00337 0.01967
-0.04844 0.00060 0.01576
0.06554 0.00139 0.03350
0.08796 -0.00135 0.03983
0.11138 0.00242 0.05337
0.09648 0.00074 0.11312
0.00363 -0.00099 0.17123
0.18886 0.00831 0.05858
-0.20501 0.00059 0.08757
-0.23301 0.00707 0.09044
0.25684 0.00034 0.09545
0.27450 0.01332 0.10878
-0.28117 0.02364 0.14725
-0.30942 0.02657 0.13705
-0.31924 -0.00334 0.16707
-0.30947 -0.00902 0.21919
-0.33989 -0.00834 0.20290
0.39243 -0.00155 0.13998
-0.39482 0.00542 0.17811
0.37158 -0.01448 0.24916
0.42410 -0.00970 0.20959
0.44187 -0.01440 0.22682
0.49080 0.07926 0.16374
0.43611 -0.00340 0.32410
0.53250 0.08328 0.15717
-0.07246 0.00660 0.58426
-0.54150 -0.00984 0.29560
0.39760 0.07659 0.49925
-0.63275 -0.03538 0.20172
-0.64202 -0.04293 0.23534
0.65126 0.07926 0.27426
0.68848 0.07471 0.23894
0.59177 0.06714 0.46597
-0.19850 -0.14048 0.73587
0.48266 0.01548 0.63649
-0.20071 -0.15618 0.77746
-0.26343 -0.13206 0.78240
0.72014 -0.00578 0.47476
-0.72855 -0.08266 0.49026
0.31515 -0.03389 0.85129
0.71507 -0.03021 0.58756
-0.60262 -0.12150 0.72568
-0.76760 -0.07960 0.59009
0.10234 0.02505 0.99221
-0.55164 -0.14538 0.84396
-0.87498 -0.08277 0.55221
-0.56892 -0.11464 0.88897
0.05083 0.03021 1.08140
-0.19792 -0.08992 1.08761
0.02251 0.00055 1.12602
-1.02850 -0.17769 0.46065
-0.10131 -0.03513 1.14210
0.13551 0.01055 1.13966
0.06000 -0.01320 1.14834
-0.22169 -0.09664 1.12501
-0.68273 -0.12675 0.91648
-0.47086 -0.14916 1.03730
-0.97248 -0.02883 0.59443
-0.18617 -0.11386 1.12210
-0.24337 -0.09697 1.11315
-0.15438 -0.02979 1.13684
-0.10103 -0.04291 1.13943
-0.26694 -0.03230 1.10408
0.00499 -0.00324 1.13541
0.07365 -0.10305 1.12355
0.87712 0.07522 0.70213
0.27833 -0.08446 1.08504
1.00303 -0.02100 0.49435
-0.02501 0.00280 1.12327
0.03980 0.02548 1.12491
-0.98097 -0.20084 0.51179
0.05418 -0.02392 1.11582
-0.18097 -0.08797 1.09326
0.07322 -0.01757 1.10207
-0.95643 -0.11295 0.53740
0.99486 -0.02600 0.46882
0.11016 -0.06976 1.09121
0.03332 -0.01025 1.10710
-0.96701 -0.04930 0.52081
0.98207 -0.03403 0.48434
0.98587 -0.01712 0.47559
-0.75718 -0.11924 0.77371
1.01894 0.03884 0.37971
-0.07145 -0.00859 1.08372
-0.26298 -0.10886 1.04116
-0.16724 -0.14328 1.05184
-0.06401 -0.04069 1.06669
-0.95421 -0.22654 0.43808
-0.09461 -0.06049 1.06633
0.85429 0.01892 0.64806
-0.96235 -0.06833 0.44778
0.95022 0.00275 0.46778
-0.03234 -0.05494 1.05879
0.99399 -0.00449 0.36040
0.98263 -0.02952 0.37379
-0.94578 -0.01843 0.44957
0.92025 0.01757 0.51306
-0.95656 0.00050 0.43201
0.95625 -0.01277 0.41857
0.12125 -0.05785 1.03130
0.97857 0.05492 0.34269
0.03078 0.00432 1.03742
-0.12328 -0.04667 1.02687
-0.13295 -0.05510 1.02202
0.00800 -0.00567 1.03083
-0.01397 0.01648 1.02741
-0.29290 -0.10655 0.97744
-0.84634 -0.07546 0.55715
-0.10649 -0.05756 1.00589
-0.58805 -0.05895 0.82510
-0.02860 0.02778 1.01932
-0.03559 0.03074 1.02011
0.02153 0.03340 1.01611
-0.04881 -0.01858 1.00732
-0.15300 -0.05085 0.98130
-0.03532 0.00827 0.98982
0.01462 0.03320 0.99369
-0.13622 -0.02385 0.99020
-0.10271 -0.03408 1.00135
-0.08476 -0.04459 1.00912
-0.06534 0.02331 1.02227
-0.04748 -0.01367 1.03157
-0.03021 -0.01923 1.03843
0.05049 -0.00213 1.04892
-0.38851 -0.14356 0.97489
-0.95232 -0.12118 0.47649
-0.03152 -0.02402 1.07126
-0.99312 -0.05271 0.42474
-0.54452 -0.10826 0.93158
-0.11169 -0.07869 1.08022
-0.11931 -0.09824 1.08742
-0.00272 0.00111 1.11728
-0.05667 0.00920 1.12635
0.03452 0.03946 1.13320
-0.83995 -0.10815 0.75703
-0.19295 -0.06956 1.12557
-0.98003 -0.18077 0.57274
-0.91043 -0.09063 0.70964
-0.80304 -0.19078 0.81152
-0.47014 -0.07906 1.05391
-0.98853 -0.09989 0.59377
-1.00548 -0.15413 0.53811
-0.14450 -0.04943 1.13962
-0.07752 -0.06758 1.14121
0.00169 0.00083 1.15136
0.00446 0.02000 1.14300
-0.75200 -0.12805 0.84744
-0.20683 -0.11653 1.10975
-0.04621 -0.00792 1.13299
0.04928 0.06530 1.13384
-0.87996 -0.09469 0.70724
-0.27911 -0.12097 1.08305
0.02958 -0.03533 1.11692
-0.05217 -0.02912 1.10927
-0.13635 -0.08234 1.09278
-0.02879 -0.00001 1.09677
-0.06011 0.03543 1.08519
0.00049 -0.03090 1.07860
0.52164 -0.11509 0.92281
0.19083 -0.05746 1.04487
0.44445 -0.12523 0.95119
0.91159 -0.03496 0.52155
0.95073 -0.00468 0.43050
-0.69818 -0.13866 0.74928
0.01451 -0.05109 1.02864
-0.08049 -0.08368 1.02044
-0.69109 -0.14111 0.73522
-0.17411 -0.11305 0.99267
-0.87910 -0.07461 0.49875
0.70388 -0.01577 0.72960
-0.91868 -0.02790 0.41733
-0.88869 -0.09445 0.45679
-0.10395 -0.01429 0.99343
-0.03325 -0.01986 1.01089
-0.01318 0.00885 1.01717
-0.05383 -0.03547 1.01920
-0.14273 -0.02801 1.01283
0.35324 -0.12633 0.95944
-0.24705 -0.05432 1.00413
-0.41782 -0.16177 0.94147
0.07058 0.01321 1.05221
-0.04540 -0.03686 1.05310
0.00685 -0.02315 1.04970
-0.63960 -0.18079 0.82133
-0.06707 -0.07008 1.05697
-0.78273 -0.13890 0.71846
0.83495 -0.03039 0.68501
-0.74185 -0.15464 0.78122
-0.60019 -0.15521 0.90537
-0.77962 -0.12730 0.76881
-0.43296 -0.14684 1.00990
-0.78720 -0.12582 0.77792
-0.88972 -0.17215 0.66494
-0.22979 -0.02830 1.09993
-0.05020 0.03665 1.12511
-0.75136 -0.11080 0.83106
-0.07681 -0.07579 1.11223
-0.03212 -0.03561 1.11620
-0.99181 -0.16915 0.49850
-0.63859 -0.14264 0.91151
1.01282 0.00293 0.47005
-0.60114 -0.14110 0.92126
-0.99169 -0.09793 0.48951
0.98894 -0.03121 0.49987
-0.65655 -0.16967 0.86606
-0.00694 -0.02793 1.09869
-1.00958 -0.05230 0.41307
0.92686 -0.08659 0.56093
-0.11484 -0.09004 1.06298
-0.28871 -0.09476 1.01209
-0.03355 -0.04381 1.03875
0.04735 -0.08483 1.01584
-0.06850 -0.07450 0.99374
-0.01696 -0.01435 0.98094
-0.09978 -0.06407 0.96822
-0.04243 -0.01072 0.95906
-0.03089 0.01581 0.95357
-0.01316 -0.01149 0.94616
0.17535 -0.06949 0.92272
0.76839 -0.03022 0.54165
0.70872 -0.06301 0.60599
-0.00735 -0.02834 0.93483
0.84690 0.00936 0.38520
-0.01028 -0.01996 0.92845
0.07984 -0.00591 0.92334
-0.09583 -0.04926 0.91853
-0.02175 -0.00658 0.92502
-0.74690 -0.07425 0.54079
0.71335 -0.15552 0.57180
-0.73009 -0.12806 0.54909
-0.12994 -0.07234 0.90606
-0.06919 -0.01620 0.91976
-0.50202 -0.11776 0.77502
-0.85997 -0.13755 0.36202
0.57745 -0.06015 0.74241
-0.07334 0.02802 0.95534
0.60980 -0.08279 0.74493
0.91832 0.10343 0.29736
0.67456 0.02316 0.70310
-0.50229 -0.14254 0.82977
-0.86921 -0.17457 0.44593
-0.77631 -0.19034 0.60122
-0.77074 -0.12734 0.64470
0.32191 -0.10421 0.96626
0.94146 0.05936 0.42339
0.93436 0.03525 0.46858
-0.79978 -0.19350 0.65726
1.00344 0.08600 0.35659
0.07877 0.03507 1.07857
0.91454 0.00744 0.60850
1.05172 0.04248 0.36686
-0.91505 -0.08577 0.64815
0.07362 -0.01455 1.13362
-1.05101 -0.01398 0.45217
-0.26341 -0.10001 1.11795
-0.46509 -0.07988 1.06450
0.03722 0.04374 1.17587
-0.60077 -0.07812 1.01559
-0.28307 -0.07794 1.14588
0.08058 -0.01172 1.17509
0.05233 -0.02775 1.17581
-0.23927 -0.10739 1.14221
0.02321 -0.01415 1.16582
0.12945 -0.00716 1.15443
-0.41496 -0.19699 1.06629
-0.16560 -0.12761 1.14075
-0.19118 -0.11538 1.13729
-0.01512 -0.00297 1.16089
0.10851 0.04427 1.14857
0.02254 -0.02570 1.14688
0.06934 -0.05098 1.13229
-0.02108 -0.01926 1.13558
1.04282 -0.03485 0.43049
0.88009 0.00449 0.69008
0.83359 -0.07182 0.72577
0.03097 0.02991 1.09843
-0.00941 -0.01902 1.07776
-0.18242 -0.12547 1.03933
0.97724 0.05747 0.37149
-0.11173 -0.05730 1.02718
-0.66735 -0.15657 0.75427
-0.86709 -0.19622 0.47251
-0.62845 -0.22768 0.72873
-0.05212 -0.00644 0.96595
-0.04498 -0.04078 0.94605
-0.76968 -0.15730 0.51175
-0.02569 -0.01938 0.93518
-0.08216 -0.01073 0.93102
0.57666 -0.03766 0.73567
-0.85038 -0.07517 0.36946
-0.11582 -0.05320 0.92094
-0.09676 0.00637 0.91934
-0.28947 -0.00162 0.87040
0.00451 0.00935 0.91910
-0.32741 -0.04699 0.85785
0.85255 0.03505 0.34833
-0.81262 -0.09219 0.43828
-0.04925 0.01326 0.93091
0.00635 -0.00096 0.93510
-0.06961 -0.04425 0.93717
-0.39851 -0.14746 0.83946
-0.08485 -0.05831 0.94618
-0.13489 -0.08318 0.94294
-0.16078 -0.08051 0.95437
-0.14120 -0.01762 0.96423
0.85225 -0.01228 0.48259
-0.75333 -0.13618 0.62565
0.92524 0.03249 0.40786
0.89515 0.01585 0.48642
0.88035 -0.04856 0.52350
-0.11853 -0.08695 1.01450
-0.04192 -0.01139 1.03147
0.13143 0.00778 1.04802
0.00631 0.04302 1.06671
0.46130 -0.02302 0.96010
-0.19403 -0.06637 1.04836
-0.01654 -0.02825 1.07283
-0.04700 0.00677 1.08489
-0.05499 -0.03804 1.09018
-0.13603 -0.06562 1.09047
0.01474 -0.00091 1.10982
0.00992 0.01278 1.12053
-0.02713 -0.00326 1.12423
-0.00210 -0.04169 1.12650
0.01915 -0.00519 1.13592
-0.01300 -0.04340 1.13764
-0.76796 -0.13032 0.83492
-0.95876 -0.10614 0.63826
-0.24619 -0.07235 1.13848
-0.12675 -0.04137 1.16959
-0.31886 -0.06982 1.13760
-0.18166 -0.04258 1.18387
-0.11804 -0.04487 1.20027
-0.41001 -0.08484 1.13159
-1.10190 -0.00148 0.49435
-0.04258 0.01745 1.20742
0.10831 -0.01659 1.20607
-0.04892 -0.01853 1.20283
-1.05533 -0.06415 0.55748
1.06413 0.05084 0.53583
0.02213 0.02217 1.18527
-0.83455 -0.16057 0.83951
-0.16936 -0.04863 1.17334
-0.04645 -0.01048 1.18412
-0.01507 -0.00364 1.17529
-0.08777 -0.07177 1.16466
-0.38739 -0.06539 1.10380
-0.45061 -0.03864 1.07616
-0.11383 -0.03659 1.15403
-0.15854 -0.07215 1.13492
-1.00457 0.00631 0.54329
-0.07780 0.01102 1.14585
-0.12637 -0.03989 1.14107
-0.03596 0.01324 1.14046
-0.21880 -0.08616 1.10428
-0.00202 -0.02275 1.12127
-0.06688 -0.00582 1.10825
-0.06517 -0.03060 1.10488
-0.23131 -0.08764 1.08179
-0.20278 -0.09259 1.08372
-0.35498 -0.14435 1.03189
