0.01225 2.16584 1.24096
0.01527 2.71504 1.55565
0.00655 1.16570 0.66790
0.00390 0.69422 0.39776
0.00533 0.94339 0.54052
0.00613 1.06767 0.61173
0.00493 0.84991 0.48696
0.00382 0.65052 0.37272
0.00642 1.07981 0.61869
0.00740 1.22979 0.70462
0.00630 1.02748 0.58870
0.01122 1.79087 1.02610
0.00819 1.26338 0.72387
0.00716 1.07639 0.61673
0.00909 1.34356 0.76981
0.01606 2.34807 1.34537
0.00515 0.74385 0.42619
0.01234 1.73633 0.99486
0.01163 1.58368 0.90739
0.02800 3.68176 2.10961
0.02200 2.83309 1.62330
0.01830 2.31980 1.32918
0.01660 2.06527 1.18333
0.01099 1.33757 0.76638
0.02323 2.78906 1.59806
0.02509 2.96431 1.69849
0.02450 2.84896 1.63239
0.01768 2.00549 1.14908
0.02273 2.52171 1.44487
0.01977 2.14772 1.23058
0.02494 2.66811 1.52876
0.01983 2.07942 1.19144
0.02766 2.84607 1.63073
0.02023 2.07239 1.18741
0.02144 2.18055 1.24939
0.01711 1.73217 0.99247
0.01705 1.70208 0.97523
0.01730 1.71676 0.98364
0.01783 1.75738 1.00692
0.02283 2.23435 1.28022
0.01846 1.79370 1.02773
0.01800 1.73674 0.99509
0.01751 1.67127 0.95758
0.02038 1.93080 1.10628
0.02231 2.09779 1.20197
0.01699 1.59776 0.91546
0.02912 2.71603 1.55622
0.04046 3.76102 2.15503
0.02426 2.25240 1.29056
0.02195 2.03595 1.16653
0.01975 1.83565 1.05177
0.02372 2.20674 1.26439
0.01362 1.27812 0.73231
0.01072 1.00878 0.57799
0.01441 1.34279 0.76937
0.01886 1.74732 1.00115
0.02042 1.89594 1.08631
0.01929 1.79185 1.02667
0.03245 3.00694 1.72292
0.00836 0.78076 0.44734
0.01922 1.79015 1.02569
0.02810 2.61464 1.49812
0.02033 1.90563 1.09186
0.00741 0.69141 0.39615
0.00828 0.77248 0.44260
0.01952 1.79593 1.02900
0.01825 1.68059 0.96292
0.02524 2.33003 1.33504
0.01827 1.69307 0.97007
0.02197 2.03817 1.16780
0.02594 2.40289 1.37679
0.01462 1.35117 0.77417
0.02127 1.96003 1.12303
0.02628 2.40523 1.37813
0.02577 2.36664 1.35602
0.01728 1.59199 0.91215
0.02425 2.22950 1.27744
0.02183 2.01331 1.15356
0.01445 1.33282 0.76365
0.01593 1.47462 0.84491
0.02126 1.97815 1.13341
0.01331 1.24408 0.71281
0.01173 1.09743 0.62878
0.00976 0.91610 0.52489
0.01212 1.13087 0.64794
0.01619 1.51769 0.86958
0.02062 1.94269 1.11310
0.01547 1.46542 0.83963
0.01449 1.38279 0.79229
0.02793 2.68667 1.53940
0.01927 1.87846 1.07629
0.01716 1.69600 0.97175
0.01687 1.69628 0.97191
0.01975 2.03017 1.16322
0.00872 0.91399 0.52368
0.01563 1.67784 0.96134
0.01025 1.13091 0.64797
0.00932 1.05225 0.60290
0.00519 0.60123 0.34448
0.00768 0.91474 0.52411
0.00367 0.45016 0.25792
0.00555 0.70492 0.40389
0.00447 0.58769 0.33672
0.00618 0.84818 0.48597
0.00483 0.69054 0.39565
0.00654 0.98054 0.56181
0.00533 0.83419 0.47796
0.00632 1.04115 0.59654
0.00172 0.29461 0.16880
0.00240 0.42456 0.24326
0.00311 0.57650 0.33031
0.00660 1.27524 0.73066
0.00273 0.55127 0.31586
0.00571 1.20352 0.68957
0.00667 1.47937 0.84762
0.00632 1.46227 0.83783
0.00147 0.34943 0.20021
0.00787 1.90581 1.09197
0.00575 1.42896 0.81874
0.00780 1.94371 1.11368
0.00359 0.92296 0.52882
0.00315 0.80995 0.46407
0.00644 1.71148 0.98062
0.00543 1.42750 0.81791
0.00626 1.71183 0.98082
0.00235 0.63776 0.36541
0.00420 1.15070 0.65931
0.00810 2.28782 1.31085
0.00218 0.60307 0.34553
0.01221 3.53397 2.02492
0.00681 1.93679 1.10971
0.01008 2.96552 1.69918
0.00548 1.55732 0.89229
0.00858 2.48152 1.42184
0.00731 2.03075 1.16355
0.00460 1.26968 0.72748
0.00474 1.32383 0.75851
0.00948 2.52859 1.44881
0.01464 3.96347 2.27105
0.00129 0.33994 0.19477
0.01962 5.15856 2.95597
0.00758 1.94828 1.11630
0.01422 3.62477 2.07695
0.01607 4.09038 2.34378
0.00479 1.17022 0.67049
0.01617 3.85300 2.20774
0.00713 1.63642 0.93761
0.00933 2.09672 1.20136
0.00240 0.51541 0.29531
0.00886 1.82853 1.04769
0.01266 2.53049 1.44990
0.01348 2.58999 1.48400
0.01280 2.38897 1.36881
0.01607 2.89876 1.66093
0.00801 1.39827 0.80116
0.01363 2.30014 1.31791
0.00928 1.50070 0.85985
0.02094 3.25479 1.86494
0.01224 1.86173 1.06671
0.01906 2.81730 1.61425
0.01856 2.69365 1.54340
0.01292 1.81830 1.04182
0.02375 3.28430 1.88185
0.02127 2.87811 1.64909
0.00873 1.15393 0.66116
0.00850 1.10973 0.63583
0.00777 0.99969 0.57278
0.01429 1.83094 1.04907
0.01934 2.45788 1.40830
0.01499 1.87734 1.07565
0.01124 1.39345 0.79840
0.02575 3.15202 1.80605
0.00758 0.92671 0.53097
0.00679 0.82520 0.47281
0.00432 0.51987 0.29786
0.00275 0.32735 0.18756
0.00348 0.41372 0.23704
0.01077 1.27606 0.73114
0.00241 0.28563 0.16365
0.00441 0.52611 0.30144
0.02361 2.83868 1.62650
0.01284 1.56204 0.89499
0.02140 2.59840 1.48881
0.01464 1.75891 1.00779
0.01230 1.47882 0.84731
0.01159 1.40977 0.80774
0.01103 1.35644 0.77719
0.00717 0.88234 0.50555
0.00941 1.16614 0.66816
0.01138 1.41415 0.81025
0.00552 0.68926 0.39491
0.00594 0.74529 0.42702
0.00208 0.26124 0.14968
0.00419 0.53017 0.30376
0.00928 1.18365 0.67819
0.00894 1.14299 0.65489
0.00918 1.18932 0.68143
0.00903 1.16707 0.66868
0.00825 1.07340 0.61501
0.01057 1.38893 0.79581
0.00898 1.19611 0.68533
0.00758 1.03259 0.59164
0.01085 1.51627 0.86877
0.00928 1.31517 0.75354
0.00572 0.81581 0.46743
0.00950 1.36008 0.77928
0.00909 1.30643 0.74853
0.00908 1.30515 0.74780
0.01076 1.56007 0.89386
0.00489 0.71250 0.40823
0.01378 2.01227 1.15297
0.00767 1.13356 0.64949
0.00314 0.46534 0.26662
0.00790 1.17913 0.67560
0.00655 0.98297 0.56320
0.01221 1.84620 1.05781
0.00585 0.88236 0.50556
0.01009 1.50189 0.86053
0.00783 1.16056 0.66495
0.01326 1.95044 1.11754
0.01197 1.75252 1.00413
0.01387 2.00600 1.14937
0.01362 1.94316 1.11337
0.01302 1.82342 1.04476
0.02331 3.20353 1.83557
0.00756 1.03612 0.59365
0.01631 2.22555 1.27517
0.00903 1.22327 0.70089
0.01755 2.35189 1.34756
0.00725 0.96792 0.55458
0.01020 1.35427 0.77595
0.01312 1.73337 0.99316
0.06109 8.11972 4.65354
0.10324 13.58090 7.78728
0.05365 7.17202 4.11015
0.07683 10.25726 5.87956
0.03538 4.74209 2.71727
0.05059 6.71347 3.84726
0.03224 4.26550 2.44414
0.02918 3.83438 2.19707
0.01640 2.15726 1.23604
0.01843 2.40860 1.38006
0.01680 2.17981 1.24897
0.01945 2.50202 1.43359
0.01710 2.18884 1.25414
0.01301 1.65303 0.94713
0.01195 1.50963 0.86496
0.00269 0.33694 0.19305
0.00608 0.75813 0.43438
0.00804 0.99917 0.57248
0.00751 0.92666 0.53094
0.00466 0.57176 0.32760
0.00595 0.72081 0.41299
0.00657 0.78930 0.45224
0.00408 0.48649 0.27874
0.00625 0.74216 0.42523
0.00612 0.72348 0.41452
0.01230 1.43669 0.82317
0.00749 0.87451 0.50106
0.01002 1.17050 0.67065
0.01048 1.22706 0.70306
0.00592 0.69320 0.39718
0.00409 0.47737 0.27351
0.01174 1.35275 0.77508
0.01110 1.27358 0.72971
0.00847 0.97081 0.55624
0.00861 0.99435 0.56972
0.01246 1.43192 0.82044
0.01357 1.55999 0.89382
0.01864 2.14547 1.22929
0.00630 0.73140 0.41906
0.01154 1.34028 0.76793
0.01728 2.01184 1.15272
0.01668 1.94258 1.11304
0.01908 2.23088 1.27823
0.00903 1.06720 0.61146
0.00870 1.03547 0.59328
0.00619 0.74004 0.42401
0.00704 0.84365 0.48338
0.01001 1.20332 0.68945
0.00777 0.94356 0.54062
0.01212 1.48012 0.84805
0.00839 1.03128 0.59088
0.00947 1.16799 0.66921
0.00884 1.09783 0.62902
0.01936 2.42823 1.39131
0.00632 0.79734 0.45684
0.01232 1.56574 0.89711
0.00940 1.19615 0.68535
0.01000 1.28017 0.73349
0.00967 1.24112 0.71111
0.00817 1.05973 0.60719
0.01492 1.94879 1.11659
0.01362 1.77586 1.01750
0.01201 1.55784 0.89259
0.01390 1.79244 1.02701
0.01409 1.84005 1.05429
0.00898 1.18576 0.67940
0.01465 1.94019 1.11166
0.00872 1.15917 0.66416
0.01592 2.12403 1.21700
0.00253 0.33889 0.19417
0.00548 0.73633 0.42189
0.00757 1.01530 0.58173
0.01174 1.56945 0.89924
0.00506 0.68323 0.39146
0.00459 0.62228 0.35654
0.01271 1.73881 0.99628
0.00686 0.94043 0.53883
0.00893 1.22916 0.70426
0.01106 1.52211 0.87211
0.00886 1.22143 0.69983
0.00787 1.08708 0.62285
0.01032 1.42978 0.81921
0.01070 1.48160 0.84890
0.01236 1.71749 0.98406
0.01130 1.58110 0.90592
0.01032 1.44228 0.82637
0.01068 1.49687 0.85765
0.00942 1.32713 0.76039
0.02092 2.96952 1.70147
0.01308 1.88694 1.08115
0.00931 1.34869 0.77275
0.01504 2.18521 1.25206
0.01160 1.68477 0.96531
0.01666 2.43646 1.39603
0.00877 1.30584 0.74820
0.01359 2.04424 1.17128
0.01186 1.79570 1.02887
0.01331 2.02100 1.15796
0.01239 1.89330 1.08480
0.01181 1.82439 1.04531
0.01282 1.99925 1.14551
0.01203 1.88599 1.08061
0.01277 2.01070 1.15206
0.00902 1.42793 0.81815
0.01230 1.98339 1.13642
0.01170 1.91520 1.09735
0.00852 1.40772 0.80657
0.00812 1.34799 0.77235
0.01212 2.03802 1.16772
0.00935 1.57013 0.89963
0.01637 2.77454 1.58974
0.00958 1.62848 0.93306
0.01119 1.91805 1.09898
0.00858 1.48320 0.84982
0.01163 2.01338 1.15360
0.01516 2.64818 1.51734
0.00915 1.60077 0.91718
0.01245 2.19507 1.25771
0.00911 1.62409 0.93055
0.00680 1.21116 0.69395
0.00171 0.30641 0.17556
0.00500 0.89216 0.51117
0.00318 0.57047 0.32686
0.00448 0.80328 0.46024
0.00583 1.05878 0.60664
0.00900 1.64606 0.94314
0.00514 0.94514 0.54153
0.00647 1.20124 0.68826
0.00663 1.24185 0.71153
0.00487 0.92061 0.52747
0.00943 1.79088 1.02611
0.00960 1.84185 1.05532
0.01073 2.05303 1.17632
0.00985 1.90691 1.09260
0.00711 1.40765 0.80653
0.00644 1.27275 0.72923
0.01372 2.74701 1.57397
0.00840 1.69574 0.97160
0.00654 1.32786 0.76081
0.01020 2.08895 1.19690
0.00284 0.58181 0.33335
0.00471 0.96740 0.55428
0.00493 1.01957 0.58417
0.00440 0.91940 0.52678
0.00884 1.85468 1.06267
0.00651 1.35942 0.77889
0.00185 0.37919 0.21726
0.00363 0.72857 0.41744
0.00791 1.55902 0.89326
0.00616 1.19603 0.68528
0.01091 2.08269 1.19332
0.00538 1.00996 0.57867
0.00686 1.27214 0.72889
0.00777 1.41868 0.81285
0.00940 1.69203 0.96947
0.00624 1.11531 0.63903
0.00711 1.25767 0.72060
0.00711 1.24488 0.71327
0.01005 1.74269 0.99850
0.00994 1.72706 0.98954
0.00620 1.07407 0.61540
0.01428 2.48258 1.42245
0.01495 2.61328 1.49734
0.01725 3.02999 1.73612
0.01827 3.20934 1.83890
0.02340 4.14112 2.37286
0.01489 2.64137 1.51343
0.00567 1.01335 0.58061
0.00976 1.77964 1.01967
0.00507 0.93974 0.53843
0.00516 0.97241 0.55715
0.00263 0.50977 0.29208
0.00574 1.14019 0.65328
0.00408 0.82958 0.47531
0.00847 1.77390 1.01638
0.00782 1.70843 0.97887
0.00424 0.96737 0.55427
0.00075 0.17605 0.10087
0.00476 1.15134 0.65967
0.00551 1.35062 0.77385
0.00613 1.52057 0.87123
0.00740 1.87191 1.07254
0.00143 0.35928 0.20585
0.00663 1.67990 0.96252
0.00463 1.18526 0.67911
0.00213 0.54699 0.31340
0.00625 1.65928 0.95071
0.00543 1.41353 0.80990
0.00449 1.17479 0.67311
0.00683 1.85310 1.06176
0.00514 1.36160 0.78015
0.00694 1.91329 1.09625
0.00666 1.77044 1.01440
0.00478 1.24932 0.71581
0.00768 2.05563 1.17781
0.00491 1.22584 0.70236
0.00564 1.45428 0.83325
0.00845 2.02712 1.16148
0.00751 1.87206 1.07263
0.01110 2.54955 1.46083
0.00871 1.93749 1.11012
0.00521 1.19716 0.68592
0.00672 1.39831 0.80118
0.00333 0.70583 0.40441
0.01017 1.98938 1.13985
0.00623 1.18989 0.68176
0.00365 0.70466 0.40374
0.00800 1.43462 0.82198
0.00775 1.38713 0.79478
0.00941 1.58309 0.90705
0.00417 0.68766 0.39400
0.01057 1.69880 0.97335
0.01074 1.65397 0.94767
0.00224 0.33988 0.19474
0.00729 1.06805 0.61195
0.00403 0.58048 0.33259
0.00894 1.25555 0.71938
0.00578 0.79310 0.45441
0.01121 1.49974 0.85930
0.00883 1.15817 0.66359
0.00575 0.74347 0.42598
0.00344 0.43425 0.24881
0.00376 0.46636 0.26721
0.01358 1.66218 0.95237
0.00804 0.97454 0.55837
0.01334 1.58550 0.90843
0.01483 1.73612 0.99474
0.02048 2.35916 1.35173
0.01461 1.66351 0.95313
0.01167 1.30548 0.74799
0.01538 1.70590 0.97742
0.01373 1.50724 0.86360
0.01235 1.35311 0.77528
0.01277 1.39905 0.80160
0.01320 1.44888 0.83015
0.02037 2.23091 1.27824
0.02628 2.86378 1.64088
0.02160 2.35470 1.34918
0.02048 2.23810 1.28236
0.01584 1.72962 0.99101
0.01694 1.84426 1.05670
0.02086 2.14444 1.22870
0.01882 2.17067 1.24372
0.01725 1.87610 1.07494
0.01464 1.59123 0.91172
0.01675 1.81542 1.04017
0.01370 1.48891 0.85309
0.01866 2.03395 1.16539
0.01855 2.02314 1.15919
0.01182 1.28908 0.73859
0.01246 1.36027 0.77939
0.01373 1.50543 0.86255
0.01452 1.60104 0.91734
0.01337 1.48284 0.84961
0.01757 1.97087 1.12925
0.01372 1.54756 0.88669
0.01081 1.23165 0.70569
0.00666 0.76846 0.44029
0.02068 2.41995 1.38656
0.01037 1.24304 0.71222
0.01046 1.25936 0.72156
0.01219 1.54748 0.88665
0.01452 1.84614 1.05778
0.01181 1.53894 0.88175
0.01529 2.03577 1.16643
0.00824 1.12783 0.64620
0.00957 1.35495 0.77634
0.00858 1.26019 0.72204
0.01462 2.23577 1.28103
0.00951 1.51691 0.86914
0.00694 1.15391 0.66115
0.01258 2.17464 1.24600
0.01234 2.23517 1.28068
0.00756 1.42033 0.81380
0.00605 1.17962 0.67588
0.00682 1.37095 0.78550
0.00788 1.62666 0.93202
0.00782 1.62421 0.93061
0.00546 1.17323 0.67222
0.00935 1.99303 1.14194
0.00898 1.93094 1.10636
0.00609 1.33422 0.76446
0.00879 1.95243 1.11868
0.00382 0.87806 0.50309
0.00303 0.68816 0.39429
0.00908 2.07855 1.19094
0.00046 0.10905 0.06248
0.00933 2.16776 1.24206
0.00551 1.33163 0.76297
0.01139 2.70505 1.54993
0.01189 2.85182 1.63403
0.00932 2.31840 1.32838
0.01667 4.02391 2.30569
0.01312 3.28211 1.88059
0.02008 4.94849 2.83557
0.01719 4.27076 2.44715
0.01756 4.46297 2.55731
0.02061 5.24411 3.00500
0.02021 5.21642 2.98913
0.02064 5.36592 3.07481
0.02344 6.15222 3.52552
0.02139 5.56672 3.18991
0.02088 5.54291 3.17626
0.02218 5.73839 3.28831
0.02008 5.41610 3.10357
0.01815 4.91056 2.81383
0.01992 5.20704 2.98375
0.01282 3.55721 2.03824
0.02003 5.26041 3.01434
0.00616 1.70316 0.97585
0.01530 3.96505 2.27196
0.00266 0.71929 0.41212
0.00312 0.83339 0.47750
0.01434 3.65788 2.09592
0.00109 0.28589 0.16380
0.01281 3.21026 1.83943
0.00402 0.99294 0.56892
0.01127 2.68637 1.53922
0.00705 1.64641 0.94333
0.00658 1.48429 0.85044
0.00744 1.63940 0.93932
0.00394 0.84255 0.48275
0.00167 0.34452 0.19740
0.00818 1.62165 0.92915
0.01041 1.96567 1.12626
0.00789 1.43502 0.82221
0.00712 1.25242 0.71759
0.00231 0.39570 0.22672
0.00496 0.82310 0.47160
0.00077 0.12388 0.07098
0.00767 1.19601 0.68527
0.00332 0.50572 0.28975
0.00559 0.82357 0.47187
0.00438 0.63009 0.36101
0.00197 0.27630 0.15831
0.00718 0.98149 0.56236
0.01174 1.56629 0.89743
0.01006 1.31111 0.75121
0.01331 1.69475 0.97103
0.01119 1.39628 0.80002
0.01470 1.79970 1.03116
0.01640 1.96518 1.12598
0.01425 1.67154 0.95773
0.01791 2.07309 1.18781
0.01843 2.11013 1.20904
0.01580 1.80422 1.03375
0.01530 1.73623 0.99480
0.01025 1.16377 0.66679
0.01192 1.35076 0.77394
0.01522 1.72436 0.98800
0.01068 1.20746 0.69183
0.00172 0.19273 0.11043
0.00849 0.95255 0.54578
0.01326 1.48091 0.84851
0.00470 0.52399 0.30023
0.00943 1.05028 0.60177
0.01091 1.21173 0.69427
0.00942 1.04873 0.60088
0.01245 1.38497 0.79353
0.01233 1.37007 0.78500
0.01813 2.02353 1.15942
0.01472 1.64694 0.94364
0.01255 1.39809 0.80106
0.01792 1.98483 1.13724
0.02259 2.51508 1.44107
0.01299 1.44779 0.82953
0.01548 1.72379 0.98767
0.01391 1.54799 0.88694
0.01125 1.25209 0.71740
0.01002 1.11870 0.64097
0.01447 1.57715 0.90365
0.01080 1.24317 0.71229
0.01218 1.37033 0.78515
0.01617 1.82555 1.04598
0.01027 1.16343 0.66660
0.00779 0.88089 0.50471
0.00827 0.93843 0.53768
0.00941 1.06971 0.61290
0.00839 0.95465 0.54698
0.01228 1.40572 0.80542
0.01264 1.43701 0.82335
0.01217 1.39450 0.79900
0.01774 2.02496 1.16024
0.01427 1.62207 0.92939
0.00962 1.08909 0.62401
0.00995 1.12045 0.64198
0.01307 1.46340 0.83847
0.01176 1.31070 0.75098
0.01226 1.37442 0.78749
0.01293 1.42999 0.81933
0.01290 1.42167 0.81456
0.01418 1.56033 0.89401
0.01986 2.18051 1.24937
0.01505 1.65009 0.94544
0.01291 1.39620 0.79997
0.01559 1.68545 0.96571
0.01356 1.45779 0.83526
0.01170 1.25373 0.71834
0.01248 1.33181 0.76308
0.01056 1.11092 0.63651
0.00980 1.04395 0.59814
0.01393 1.46528 0.83955
0.01345 1.40695 0.80613
0.01311 1.36882 0.78428
0.01303 1.35148 0.77435
0.01275 1.32270 0.75786
0.01307 1.34753 0.77208
0.01303 1.33600 0.76548
0.01601 1.63488 0.93673
0.01341 1.36384 0.78143
0.02122 2.11153 1.20984
0.01426 1.47145 0.84309
0.01336 1.36181 0.78026
0.01008 1.02748 0.58871
0.00913 0.93336 0.53478
0.01542 1.57848 0.90441
0.01683 1.72570 0.98877
0.01804 1.85410 1.06233
0.01629 1.66996 0.95683
0.01545 1.58410 0.90763
0.01371 1.40418 0.80454
0.02196 2.25195 1.29030
0.01136 1.16567 0.66788
0.02842 2.91015 1.66745
0.01204 1.23604 0.70820
0.01447 1.48587 0.85135
0.01288 1.31919 0.75585
0.01873 1.92237 1.10145
0.00843 0.86344 0.49472
0.01388 1.42589 0.81698
0.00691 0.70919 0.40634
0.01490 1.52305 0.87265
0.00988 1.01505 0.58158
0.01242 1.27215 0.72890
0.01045 1.07622 0.61663
0.00992 1.01978 0.58429
0.00821 0.84466 0.48396
0.01690 1.73777 0.99568
0.01180 1.21891 0.69839
0.00497 0.51369 0.29432
0.01060 1.09520 0.62751
0.00886 0.91554 0.52457
0.01182 1.21068 0.69367
0.01233 1.27063 0.72802
0.00781 0.80402 0.46067
0.01087 1.12072 0.64213
0.01250 1.29089 0.73963
0.00900 0.92394 0.52938
0.01244 1.27935 0.73302
0.01714 1.73753 0.99554
0.00706 0.74329 0.42587
0.01507 1.55477 0.89083
0.01188 1.21743 0.69754
0.01192 1.22036 0.69922
0.01782 1.81311 1.03885
0.01552 1.59474 0.91373
0.02045 2.09748 1.20179
0.01344 1.37044 0.78521
0.01886 1.91656 1.09813
0.01205 1.22384 0.70121
0.02137 2.17673 1.24720
0.01152 1.17592 0.67376
0.01608 1.64279 0.94126
0.01847 1.88265 1.07870
0.01402 1.41635 0.81152
0.02239 2.25833 1.29396
0.01585 1.59624 0.91459
0.01821 1.84067 1.05464
0.01501 1.51632 0.86880
0.01815 1.82644 1.04648
0.01272 1.28081 0.73385
0.01781 1.79032 1.02579
0.01103 1.10978 0.63586
0.01593 1.60137 0.91753
0.01453 1.45617 0.83433
0.01887 1.88742 1.08143
0.01431 1.42877 0.81863
0.01087 1.08129 0.61953
0.01545 1.53705 0.88067
0.01396 1.38943 0.79609
0.01523 1.51794 0.86973
0.01621 1.61129 0.92321
0.01552 1.54517 0.88533
0.01506 1.49771 0.85813
0.01734 1.72731 0.98969
0.01820 1.81374 1.03921
0.01790 1.78779 1.02434
0.01608 1.61355 0.92451
0.01665 1.67091 0.95737
0.01281 1.29212 0.74033
0.02134 2.14925 1.23146
0.01341 1.35859 0.77842
0.01408 1.43906 0.82453
0.01383 1.41298 0.80958
0.01304 1.33473 0.76475
0.01778 1.81235 1.03842
0.01114 1.14404 0.65549
0.01348 1.39257 0.79789
0.01323 1.37250 0.78639
0.01302 1.35632 0.77712
0.00882 0.91882 0.52645
0.01963 2.04652 1.17259
0.01215 1.27058 0.72799
0.00936 0.98425 0.56393
0.01753 1.87034 1.07164
0.01287 1.37254 0.78642
0.01614 1.74168 0.99792
0.01445 1.57204 0.90072
0.01617 1.78486 1.02267
0.01941 2.15203 1.23305
0.01883 2.08294 1.19346
0.01766 2.00978 1.15154
0.01301 1.47945 0.84767
0.01715 1.96654 1.12676
0.01743 2.02181 1.15843
0.00994 1.17003 0.67038
0.00747 0.88912 0.50943
0.00938 1.13927 0.65276
0.00981 1.21427 0.69573
0.00828 1.04794 0.60043
0.00520 0.66838 0.38295
0.01255 1.64097 0.94022
0.00723 0.95670 0.54815
0.00777 1.03958 0.59564
0.01140 1.54146 0.88320
0.01096 1.49192 0.85482
0.01171 1.61267 0.92400
0.00304 0.42086 0.24114
0.00730 1.01972 0.58426
0.00475 0.66962 0.38367
0.00784 1.10573 0.63354
0.00311 0.45842 0.26265
0.00947 1.39422 0.79884
0.00465 0.69258 0.39682
0.00709 1.07282 0.61468
0.00880 1.35287 0.77515
0.00603 0.94841 0.54340
0.01018 1.63545 0.93705
0.00845 1.39198 0.79755
0.01288 2.17836 1.24813
0.01161 2.03010 1.16318
0.01197 2.15196 1.23300
0.01115 2.06547 1.18345
0.01306 2.47980 1.42086
0.00825 1.61862 0.92741
0.01167 2.35376 1.34863
0.01063 2.19396 1.25707
0.01381 2.92727 1.67726
0.00526 1.14584 0.65652
0.00989 2.20845 1.26538
0.01067 2.45222 1.40505
0.00759 1.80235 1.03268
0.01040 2.54093 1.45589
0.00770 1.92254 1.10155
0.01278 3.28662 1.88318
0.00565 1.49744 0.85798
0.01235 3.40708 1.95221
0.01129 3.21921 1.84455
0.00637 1.86123 1.06642
0.00927 2.71011 1.55283
0.00407 1.19945 0.68724
0.01942 5.46072 3.12915
0.00191 0.57704 0.33062
0.01641 4.80378 2.75263
0.01100 3.29770 1.88953
0.01505 4.52057 2.59032
0.01583 4.78466 2.74167
0.00631 1.99061 1.14056
0.01962 5.97714 3.42516
0.00119 0.37209 0.21319
0.01952 5.71644 3.27573
0.00530 1.55696 0.89208
0.01938 5.26576 3.01741
0.01598 4.22291 2.41973
0.00352 0.94871 0.54357
0.01386 3.52104 2.01751
0.00580 1.49135 0.85449
0.01494 3.59639 2.06069
0.00656 1.59654 0.91476
0.01250 2.85588 1.63635
0.01106 2.48598 1.42440
0.01343 2.84385 1.62946
0.01616 3.26016 1.86802
0.01886 3.69022 2.11446
0.00638 1.22004 0.69904
0.01040 1.97544 1.13186
0.01704 3.03180 1.73716
0.01333 2.32126 1.33001
0.01412 2.42193 1.38770
0.01306 2.13825 1.22515
0.01006 1.62938 0.93358
0.01082 1.68757 0.96692
0.00853 1.30456 0.74746
0.01085 1.62387 0.93042
0.00982 1.42859 0.81853
0.00833 1.18572 0.67937
0.01400 1.95084 1.11777
0.00716 0.98246 0.56291
0.00767 1.03031 0.59033
0.00703 0.92310 0.52890
0.01032 1.33081 0.76250
0.01312 1.66846 0.95597
0.01531 1.93528 1.10885
0.01735 2.17286 1.24498
0.02214 2.75477 1.57841
0.01965 2.42441 1.38912
0.01947 2.39639 1.37306
0.02253 2.77796 1.59171
0.01797 2.21684 1.27018
0.02529 3.11616 1.78550
0.02021 2.47005 1.41527
0.01727 2.09631 1.20112
0.01671 2.01583 1.15500
0.02223 2.68906 1.54077
0.01658 2.00757 1.15027
0.01787 2.16557 1.24080
0.01927 2.34236 1.34210
0.01910 2.31932 1.32890
0.01800 2.19506 1.25770
0.01876 2.30072 1.31825
0.01427 1.75390 1.00492
0.01577 1.94217 1.11280
0.01355 1.67850 0.96172
0.02155 2.68723 1.53971
0.02059 2.59286 1.48564
0.01250 1.58042 0.90552
0.01574 2.01041 1.15190
0.01849 2.38988 1.36933
0.01114 1.46904 0.84171
0.01139 1.53313 0.87843
0.01136 1.57086 0.90004
0.01557 2.20485 1.26331
0.01138 1.65195 0.94651
0.01177 1.75775 1.00713
0.01179 1.80236 1.03269
0.02469 3.88661 2.22701
0.01169 1.91793 1.09891
0.01098 1.86164 1.06666
0.00557 0.98267 0.56303
0.01230 2.24047 1.28372
0.00863 1.63462 0.93658
0.00783 1.54449 0.88494
0.00853 1.75743 1.00695
0.00762 1.64119 0.94035
0.00476 1.05584 0.60496
0.00943 2.12667 1.21851
0.00541 1.23289 0.70640
0.00855 1.94352 1.11358
0.00673 1.55468 0.89078
0.00980 2.25441 1.29171
0.00532 1.26230 0.72325
0.00600 1.42965 0.81914
0.00531 1.26123 0.72263
0.00689 1.69976 0.97390
0.00978 2.35308 1.34825
0.01009 2.53530 1.45266
0.00640 1.56480 0.89657
0.00868 2.24195 1.28457
0.00664 1.64189 0.94075
0.01248 3.23313 1.85253
0.00719 1.85524 1.06299
0.01035 2.81878 1.61509
0.01017 2.65989 1.52405
0.00489 1.26244 0.72333
0.01713 4.56727 2.61708
0.01207 3.03409 1.73847
0.01822 4.82116 2.76259
0.00523 1.30307 0.74661
0.02624 6.75150 3.86906
0.01263 3.06976 1.75891
0.01292 3.11314 1.78377
0.02258 5.63394 3.22844
0.00479 1.12587 0.64508
0.02610 6.19409 3.54952
0.00540 1.20200 0.68870
0.03556 7.59526 4.35281
0.01004 2.16983 1.24324
0.01605 3.29855 1.89002
0.02166 4.40938 2.52659
0.00956 1.88202 1.07833
0.01916 3.66663 2.10094
0.00703 1.29681 0.74302
0.01809 3.20870 1.83853
0.01100 1.92153 1.10097
0.01188 2.01968 1.15721
0.01663 2.77188 1.58822
0.00684 1.11352 0.63800
0.01074 1.68782 0.96706
0.01334 2.05157 1.17548
0.00569 0.84760 0.48564
0.01228 1.79212 1.02682
0.01551 2.21995 1.27196
0.01173 1.64822 0.94437
0.00796 1.09713 0.62861
0.01508 2.02462 1.16004
0.02269 2.96641 1.69969
0.00374 0.47936 0.27465
0.01063 1.34240 0.76914
0.00646 0.80935 0.46373
0.01314 1.62581 0.93153
0.01329 1.63556 0.93712
0.00573 0.71248 0.40822
0.01049 1.30462 0.74750
0.01529 1.89738 1.08713
0.00811 1.00240 0.57434
0.01160 1.43412 0.82169
0.00469 0.57632 0.33021
0.00726 0.89453 0.51253
0.00770 0.94282 0.54020
0.00206 0.24665 0.14132
0.01078 1.32753 0.76062
0.00403 0.48935 0.28038
0.00746 0.90919 0.52093
0.00613 0.74482 0.42675
0.00247 0.29884 0.17122
0.00203 0.24569 0.14077
0.00803 0.97089 0.55628
0.00265 0.32026 0.18350
0.00594 0.72000 0.41253
0.00466 0.56331 0.32275
0.00531 0.64431 0.36916
0.00296 0.35928 0.20585
0.00713 0.86759 0.49710
0.00750 0.91515 0.52435
0.00218 0.26757 0.15331
0.00375 0.46020 0.26367
0.00792 0.97138 0.55656
0.00786 0.96831 0.55480
0.00864 1.07118 0.61375
0.00841 1.05240 0.60299
0.00765 0.96159 0.55095
0.00694 0.87560 0.50168
0.00951 1.20097 0.68811
0.00659 0.83399 0.47784
0.00575 0.73243 0.41965
0.00536 0.68102 0.39020
0.00836 1.06563 0.61056
0.01080 1.38074 0.79111
0.00711 0.92453 0.52972
0.00750 0.97523 0.55877
0.00670 0.87236 0.49982
0.00793 1.03618 0.59369
0.00873 1.14166 0.65413
0.01199 1.57284 0.90118
0.00629 0.82642 0.47351
0.00813 1.07258 0.61455
0.01098 1.45570 0.83406
0.00974 1.30339 0.74679
0.00728 0.97586 0.55913
0.01281 1.71612 0.98328
0.01101 1.45826 0.83553
0.01434 1.96154 1.12390
0.01670 2.29340 1.31405
0.01301 1.81712 1.04114
0.01333 1.84272 1.05581
0.00766 1.05053 0.60191
0.01216 1.67194 0.95796
0.00886 1.22903 0.70419
0.01280 1.79207 1.02679
0.00691 0.97179 0.55679
0.00932 1.31794 0.75513
0.00672 0.95352 0.54633
0.00921 1.31979 0.75619
0.00283 0.40693 0.23315
0.00401 0.57807 0.33121
0.00825 1.20027 0.68771
0.01049 1.53764 0.88101
0.00539 0.79537 0.45572
0.00697 1.03307 0.59191
0.01253 1.87297 1.07315
0.00533 0.80930 0.46370
0.00506 0.77519 0.44415
0.00696 1.07087 0.61357
0.00449 0.69246 0.39675
0.00507 0.78404 0.44922
0.00718 1.11496 0.63883
0.00279 0.43445 0.24892
0.00678 1.06580 0.61066
0.00742 1.16750 0.66893
0.00367 0.58263 0.33383
0.00874 1.39301 0.79814
0.00909 1.45300 0.83252
0.00783 1.25911 0.72142
0.00945 1.51529 0.86820
0.00556 0.88644 0.50789
0.00812 1.27882 0.73271
0.01159 1.79914 1.03085
0.01051 1.60658 0.92052
0.00848 1.27377 0.72982
0.01318 1.96535 1.12608
0.01153 1.69356 0.97035
0.01005 1.45263 0.83231
0.01273 1.80589 1.03471
0.01256 1.75254 1.00414
0.01235 1.70433 0.97652
0.00876 1.19719 0.68595
0.01023 1.37213 0.78618
0.00898 1.17434 0.67285
0.01058 1.35845 0.77834
0.01145 1.44185 0.82613
0.01551 1.91514 1.09731
0.01088 1.32384 0.75851
0.01383 1.64918 0.94492
0.00920 1.08326 0.62066
0.02709 3.10969 1.78179
0.01272 1.47373 0.84439
0.01114 1.25701 0.72022
0.01566 1.72743 0.98976
0.01440 1.57109 0.90017
0.01035 1.11491 0.63880
0.01123 1.19353 0.68385
0.01971 2.07128 1.18678
0.01384 1.43886 0.82441
0.01288 1.32934 0.76166
0.00764 0.78121 0.44760
0.00845 0.85191 0.48811
0.01913 1.92047 1.10037
0.00366 0.36801 0.21085
0.01400 1.40848 0.80700
0.01694 1.69734 0.97251
0.02212 2.19366 1.25690
0.01545 1.52997 0.87662
0.02294 2.26557 1.29810
0.01824 1.80708 1.03540
0.02728 2.70661 1.55082
0.01414 1.41024 0.80802
0.01569 1.55185 0.88915
0.01240 1.23663 0.70854
0.01585 1.59870 0.91600
0.01457 1.45060 0.83114
0.01580 1.58396 0.90755
0.01835 1.84040 1.05449
0.01388 1.39592 0.79981
0.01744 1.75384 1.00489
0.01854 1.86457 1.06834
0.01108 1.11954 0.64145
0.00921 0.93829 0.53760
0.01347 1.37511 0.78789
0.01431 1.46482 0.83929
0.01478 1.51250 0.86660
0.01471 1.50713 0.86353
0.01955 2.03398 1.16541
0.01843 1.91953 1.09983
0.02607 2.72876 1.56351
0.01607 1.69057 0.96864
0.02353 2.47381 1.41743
0.01268 1.33358 0.76409
0.01314 1.38917 0.79594
0.01026 1.08679 0.62269
0.01266 1.36046 0.77949
0.01161 1.24059 0.71081
0.01342 1.43695 0.82332
0.00980 1.05357 0.60365
0.01391 1.49946 0.85913
0.01808 1.95529 1.12031
0.01363 1.47187 0.84333
0.01114 1.19960 0.68732
0.01171 1.26082 0.72240
0.01554 1.67367 0.95896
0.00818 0.88172 0.50519
0.01198 1.28536 0.73646
0.01780 1.90889 1.09373
0.01828 1.96490 1.12582
0.01591 1.71160 0.98069
0.01737 1.85720 1.06411
0.02155 2.27769 1.30505
0.01684 1.82395 1.04506
0.01266 1.35171 0.77448
0.01485 1.57825 0.90428
0.02219 2.35032 1.34667
0.01541 1.63515 0.93688
0.01466 1.55675 0.89196
0.01268 1.33686 0.76597
0.02020 2.13237 1.22178
0.01070 1.12835 0.64650
0.01321 1.39730 0.80060
0.01411 1.48730 0.85217
0.00968 1.02306 0.58617
0.01344 1.41869 0.81286
0.01803 1.88871 1.08217
0.01450 1.52304 0.87265
0.01799 1.90328 1.09052
0.01881 1.99634 1.14384
0.01491 1.59135 0.91178
0.01126 1.20041 0.68779
0.01122 1.19701 0.68584
0.01396 1.48897 0.85312
0.02291 2.44003 1.39807
0.01080 1.16233 0.66597
0.01259 1.35924 0.77879
0.01405 1.53156 0.87753
0.01318 1.45315 0.83260
0.01621 1.81368 1.03917
0.01039 1.17336 0.67229
0.01040 1.19407 0.68416
0.01049 1.23481 0.70750
0.01026 1.23488 0.70754
0.00859 1.04699 0.59988
0.00778 0.95120 0.54500
0.00531 0.64969 0.37225
0.00644 0.78935 0.45226
0.00758 0.92813 0.53178
0.00213 0.26185 0.15003
0.00666 0.81826 0.46883
0.00957 1.17857 0.67527
0.00807 1.00007 0.57300
0.00779 0.97221 0.55704
0.00602 0.75980 0.43534
0.01127 1.41985 0.81352
0.00451 0.56818 0.32554
0.00997 1.25690 0.72016
0.00889 1.13070 0.64785
0.00819 1.04022 0.59600
0.00406 0.51456 0.29482
0.01278 1.65467 0.94807
0.01001 1.29852 0.74400
0.00717 0.92970 0.53268
0.00760 0.98714 0.56559
0.01007 1.30334 0.74676
0.01362 1.76341 1.01037
0.01163 1.52384 0.87311
0.01194 1.58404 0.90760
0.00840 1.12842 0.64654
0.00784 1.07335 0.61499
0.00860 1.20487 0.69034
0.00972 1.39352 0.79843
0.01087 1.60563 0.91997
0.01253 1.91210 1.09557
0.00500 0.79676 0.45651
0.01019 1.69654 0.97206
0.01135 1.98242 1.13586
0.01211 2.20768 1.26493
0.01546 2.95677 1.69416
0.01234 2.46512 1.41245
0.01187 2.46836 1.41430
0.01175 2.51580 1.44148
0.01581 3.39707 1.94647
0.01583 3.47819 1.99295
0.01446 3.19813 1.83247
0.00974 2.18701 1.25309
0.01988 4.38881 2.51481
0.01449 3.52633 2.02054
0.01363 3.34122 1.91447
0.01278 3.29057 1.88544
0.01100 3.01190 1.72576
0.01616 4.74309 2.71784
0.01283 4.02864 2.30840
0.01536 4.82856 2.76683
0.01540 4.87599 2.79401
0.01296 4.10608 2.35277
0.01252 4.02351 2.30546
0.01467 4.75046 2.72207
0.01444 4.75397 2.72408
0.01458 4.80244 2.75186
0.01028 3.47340 1.99021
0.01829 6.21752 3.56295
0.00759 2.56624 1.47039
0.00600 2.00139 1.14673
0.01262 4.13191 2.36758
0.01480 4.83075 2.76808
0.01168 3.72246 2.13293
0.00985 3.08798 1.76935
0.00913 2.82175 1.61680
0.00903 2.74400 1.57225
0.01330 3.96448 2.27163
0.00666 1.91863 1.09931
0.00824 2.32695 1.33327
0.00950 2.58018 1.47837
0.01510 3.99879 2.29129
0.00416 1.06386 0.60955
0.00523 1.28873 0.73839
0.01745 4.23015 2.42388
0.00425 0.99212 0.56845
0.01703 3.89625 2.23253
0.00525 1.16395 0.66690
0.02558 5.51693 3.16137
0.00323 0.68906 0.39480
0.00670 1.37964 0.79048
0.02368 4.76628 2.73114
0.00508 1.00434 0.57545
0.02399 4.61840 2.64639
0.00524 1.00814 0.57763
0.02493 4.63223 2.65431
0.00622 1.14299 0.65489
0.00571 1.03070 0.59055
0.01816 3.18394 1.82434
0.00961 1.67221 0.95811
0.01718 2.90507 1.66454
0.00260 0.43503 0.24926
0.02205 3.56704 2.04387
0.00284 0.45922 0.26312
0.00643 1.02106 0.58503
0.02460 3.81275 2.18468
0.01288 2.01172 1.15265
0.02217 3.35766 1.92389
0.00905 1.38265 0.79221
0.00132 0.20121 0.11528
0.03094 4.56253 2.61437
0.01477 2.19923 1.26009
0.02138 3.07575 1.76234
0.00978 1.40204 0.80332
0.01663 2.31964 1.32909
0.01478 2.06090 1.18083
0.00820 1.13160 0.64836
0.01949 2.64376 1.51481
0.01261 1.69877 0.97334
0.01462 1.93232 1.10715
0.01324 1.74722 1.00109
0.01391 1.80317 1.03316
0.01697 2.17713 1.24743
0.01877 2.38982 1.36930
0.01154 1.46275 0.83810
0.02284 2.88240 1.65155
0.01012 1.26615 0.72545
0.01360 1.67584 0.96020
0.01824 2.21976 1.27186
0.02773 3.32702 1.90633
0.01435 1.72459 0.98813
0.01641 1.96042 1.12325
0.01488 1.76910 1.01363
0.02405 2.84825 1.63198
0.01196 1.40340 0.80410
0.01726 1.98973 1.14005
0.01470 1.76805 1.01303
0.02266 2.65200 1.51953
0.01226 1.43404 0.82165
0.01299 1.52795 0.87546
0.01405 1.63610 0.93743
0.01342 1.60312 0.91853
0.01755 2.08159 1.19268
0.01240 1.48047 0.84826
0.01314 1.57827 0.90429
0.01322 1.59466 0.91369
0.01230 1.50295 0.86114
0.01114 1.38704 0.79472
0.01042 1.32196 0.75743
0.00821 1.06467 0.61002
0.01271 1.68753 0.96690
0.01217 1.64214 0.94089
0.01220 1.74253 0.99841
0.01053 1.51943 0.87058
0.00693 1.00847 0.57781
0.00647 0.96934 0.55539
0.01111 1.75392 1.00494
0.01057 1.67057 0.95718
0.01142 1.83734 1.05273
0.00747 1.27700 0.73167
0.00951 1.60595 0.92015
0.00528 0.92416 0.52950
0.00935 1.64021 0.93978
0.00845 1.48933 0.85333
0.00699 1.26459 0.72456
0.01006 1.83001 1.04853
0.00976 1.83978 1.05413
0.00376 0.72802 0.41712
0.01043 2.01255 1.15313
0.00364 0.73447 0.42082
0.01318 2.58643 1.48196
0.00671 1.39255 0.79788
0.01493 2.96992 1.70170
0.00489 1.04114 0.59653
0.01245 2.50054 1.43274
0.00508 1.10182 0.63130
0.00898 1.81616 1.04060
0.00942 2.07963 1.19156
0.01100 2.44951 1.40350
0.00655 1.36100 0.77980
0.00804 1.80031 1.03152
0.00054 0.11251 0.06446
0.01179 2.59335 1.48592
0.00538 1.09399 0.62681
0.01364 2.93128 1.67956
0.00497 1.00021 0.57308
0.01407 2.92210 1.67430
0.01574 3.18036 1.82229
0.00344 0.65902 0.37759
0.01265 2.43117 1.39299
0.00830 1.51128 0.86591
0.01097 2.04347 1.17084
0.01276 2.24121 1.28415
0.00295 0.53434 0.30616
0.00840 1.44547 0.82820
0.00645 1.07895 0.61820
0.00985 1.58553 0.90845
0.00053 0.08521 0.04882
0.00794 1.23059 0.70508
0.00036 0.05532 0.03170
0.00988 1.47670 0.84609
0.00789 1.15165 0.65985
0.00940 1.34965 0.77330
0.00929 1.30544 0.74797
0.00872 1.20088 0.68806
0.00991 1.33927 0.76735
0.00535 0.70971 0.40664
0.00658 0.86069 0.49314
0.01123 1.43937 0.82470
0.00867 1.09625 0.62811
0.00564 0.70122 0.40177
0.00774 0.94701 0.54260
0.00526 0.63489 0.36376
0.00052 0.06169 0.03535
0.00186 0.21787 0.12483
0.00872 1.00557 0.57615
0.00736 0.84079 0.48174
0.01241 1.39318 0.79824
0.01227 1.36336 0.78115
0.01336 1.46928 0.84185
0.01142 1.24396 0.71274
0.00419 0.45306 0.25958
0.00599 0.64185 0.36776
0.01660 1.76575 1.01172
0.01194 1.26376 0.72409
0.01365 1.43864 0.82429
0.01452 1.52727 0.87507
0.01166 1.22191 0.70011
0.01537 1.61319 0.92430
0.01055 1.10802 0.63485
0.01393 1.46338 0.83846
0.00925 0.97695 0.55975
0.00760 0.79621 0.45620
0.00498 0.52342 0.29990
0.02045 2.14805 1.23077
0.00328 0.34660 0.19859
0.00959 1.01737 0.58291
0.01084 1.15315 0.66071
0.01030 1.09636 0.62817
0.00862 0.91852 0.52628
0.00840 0.89827 0.51467
0.01563 1.67333 0.95876
0.01105 1.18648 0.67981
0.01460 1.57139 0.90035
0.01504 1.61938 0.92784
0.01064 1.15003 0.65892
0.01103 1.18754 0.68042
0.00862 0.92874 0.53213
0.01182 1.27278 0.72925
0.00844 0.90603 0.51912
0.00971 1.04553 0.59905
0.00874 0.93866 0.53781
0.01077 1.15789 0.66343
0.01327 1.42085 0.81409
0.00953 1.01714 0.58278
0.00565 0.60192 0.34488
0.00903 0.95635 0.54795
0.00953 1.00927 0.57827
0.01011 1.06641 0.61101
0.01142 1.19661 0.68561
0.01826 1.91140 1.09517
0.01884 1.97155 1.12964
0.01565 1.63513 0.93687
0.01812 1.87398 1.07373
0.01537 1.58193 0.90639
0.00982 1.00352 0.57498
0.01040 1.05817 0.60629
0.01319 1.33093 0.76257
0.01011 1.01624 0.58226
0.00956 0.95569 0.54757
0.00837 0.82277 0.47141
0.01077 1.06744 0.61160
0.01196 1.16856 0.66954
0.01106 1.08458 0.62142
0.01078 1.05238 0.60297
0.01330 1.28460 0.73603
0.01654 1.58552 0.90845
0.01856 1.76883 1.01348
0.01428 1.35102 0.77408
0.02307 2.18313 1.25087
0.01379 1.29155 0.74001
0.01028 0.96574 0.55333
0.01069 1.00161 0.57388
0.01479 1.38323 0.79254
0.01480 1.38544 0.79380
0.01198 1.12102 0.64230
0.01695 1.58232 0.90661
0.01471 1.37695 0.78894
0.01422 1.32992 0.76199
0.01795 1.67662 0.96064
0.01903 1.78045 1.02013
0.01471 1.37775 0.78940
0.02039 1.90593 1.09203
0.01392 1.30406 0.74718
0.01559 1.45695 0.83478
0.01539 1.44280 0.82667
0.01156 1.08240 0.62017
0.01227 1.14769 0.65758
0.01270 1.19092 0.68235
0.01513 1.41381 0.81006
0.01044 0.97761 0.56013
0.01096 1.02863 0.58937
0.01116 1.04419 0.59828
0.01250 1.17351 0.67237
0.01220 1.14506 0.65607
0.01437 1.34947 0.77319
0.02343 2.19463 1.25746
0.02079 1.93341 1.10778
0.01074 0.99612 0.57073
0.01074 0.99821 0.57194
0.01554 1.43857 0.82425
0.01910 1.76769 1.01282
0.01793 1.66010 0.95118
0.01453 1.34001 0.76778
0.01042 0.96205 0.55121
0.00953 0.88146 0.50504
0.01547 1.42350 0.81561
0.01448 1.32947 0.76174
0.01865 1.69906 0.97350
0.01499 1.36592 0.78262
0.01829 1.66386 0.95333
0.01492 1.35744 0.77776
0.01388 1.24649 0.71419
0.02141 1.92414 1.10247
0.01927 1.73232 0.99256
0.01351 1.21984 0.69892
0.00888 0.79618 0.45618
0.01064 0.94648 0.54230
0.01921 1.68764 0.96696
0.01045 0.92109 0.52775
0.01341 1.17876 0.67538
0.01331 1.16386 0.66685
0.01730 1.51023 0.86531
0.01585 1.37770 0.78937
0.01349 1.17001 0.67037
0.01254 1.08114 0.61945
0.01994 1.71915 0.98501
0.01529 1.31078 0.75103
0.01306 1.11444 0.63853
0.02028 1.72886 0.99058
0.01410 1.20535 0.69062
0.01189 1.02054 0.58473
0.02046 1.75454 1.00529
0.01718 1.47703 0.84628
0.02029 1.74807 1.00158
0.01570 1.35308 0.77526
0.02097 1.81308 1.03883
0.01671 1.44667 0.82889
0.01387 1.20611 0.69105
0.01881 1.63391 0.93617
0.01760 1.53603 0.88009
0.01538 1.35378 0.77567
0.01599 1.40483 0.80492
0.01637 1.44224 0.82635
0.02556 2.25251 1.29062
0.01681 1.49046 0.85398
0.01561 1.38859 0.79561
0.01568 1.41454 0.81048
0.01197 1.08049 0.61908
0.01854 1.68840 0.96739
0.01255 1.16108 0.66525
0.01476 1.37667 0.78878
0.01702 1.60769 0.92115
0.01450 1.39052 0.79672
0.01768 1.71249 0.98119
0.01148 1.14458 0.65580
0.01925 1.93148 1.10667
0.01540 1.57432 0.90203
0.01310 1.36165 0.78017
0.01615 1.69915 0.97355
0.02009 2.16398 1.23989
0.01425 1.55731 0.89228
0.01011 1.12551 0.64487
0.00773 0.87930 0.50380
0.00797 0.92224 0.52841
0.01277 1.51180 0.86621
0.01270 1.51912 0.87040
0.01563 1.90833 1.09341
0.00866 1.06974 0.61292
0.01833 2.36961 1.35772
0.02579 3.62193 2.07532
0.01597 2.24009 1.28350
0.01078 1.51286 0.86681
0.00564 0.79169 0.45360
0.00988 1.38900 0.79584
0.01307 1.83613 1.05204
0.00740 1.03944 0.59556
0.00553 0.77737 0.44540
0.00646 0.90851 0.52054
0.01671 2.35209 1.34768
0.03889 5.46923 3.13403
0.06248 8.79809 5.04256
0.06782 9.55022 5.47395
0.07822 11.01834 6.31624
0.10888 14.79419 8.48420
0.00889 1.45094 0.83134
0.00748 1.25920 0.72147
0.00889 1.54223 0.88364
0.00666 1.19642 0.68550
0.00615 1.15314 0.66070
0.00222 0.43098 0.24693
0.00434 0.88882 0.50926
0.00757 1.63014 0.93401
0.00505 1.15636 0.66255
0.00484 1.17682 0.67427
0.00281 0.72872 0.41753
0.00704 1.96200 1.12416
0.00164 0.49293 0.28243
0.00532 1.71965 0.98530
0.00137 0.47377 0.27145
0.00331 1.23875 0.70976
0.00456 1.85168 1.06095
0.00625 2.69143 1.54212
0.00840 3.79808 2.17627
0.00504 2.34517 1.34371
0.00708 3.40134 1.94892
0.00614 3.02810 1.73504
0.00543 2.73914 1.56946
0.00507 2.56966 1.47235
0.00616 3.10262 1.77774
0.00353 1.77046 1.01441
0.00570 2.86542 1.64182
0.00619 3.13272 1.79499
0.00442 2.23815 1.28239
0.00485 2.44337 1.39998
0.00252 1.27544 0.73078
0.00210 1.06131 0.60809
0.00491 2.44374 1.40019
0.00758 3.56942 2.04524
0.00350 1.52995 0.87661
0.00515 2.05610 1.17808
0.00277 1.02349 0.58642
0.00770 2.65943 1.52379
0.00537 1.76194 1.00953
0.00609 1.87914 1.07668
0.00656 1.91571 1.09764
0.00567 1.53754 0.88095
0.00308 0.78889 0.45200
0.00678 1.63543 0.93704
0.00456 1.03494 0.59298
0.00969 2.09066 1.19788
0.00647 1.32421 0.75872
0.00648 1.27968 0.73321
0.00533 1.01224 0.57997
0.01577 2.90202 1.66279
0.00911 1.63289 0.93559
0.00790 1.37040 0.78519
0.01312 2.19592 1.25820
0.00932 1.50370 0.86156
0.00613 0.95771 0.54873
0.01221 1.84370 1.05638
0.00546 0.80304 0.46011
0.02409 3.48603 1.99745
0.00858 1.21508 0.69619
0.01183 1.64399 0.94195
0.01187 1.59580 0.91434
0.01066 1.38632 0.79431
0.01519 1.91850 1.09924
0.02103 2.60707 1.49378
0.00986 1.21240 0.69466
0.01432 1.71932 0.98511
0.01262 1.49871 0.85871
0.00988 1.13957 0.65293
0.01727 1.95927 1.12260
0.01356 1.52282 0.87252
0.00970 1.07606 0.61654
0.01292 1.41423 0.81030
0.00335 0.36253 0.20771
0.00800 0.85668 0.49084
0.00843 0.89111 0.51057
0.00593 0.61840 0.35432
0.01280 1.31919 0.75585
0.00949 0.96552 0.55320
0.01864 1.88495 1.08001
0.00834 0.83745 0.47982
0.01833 1.82810 1.04744
0.01186 1.17894 0.67549
0.01879 1.84889 1.05935
0.01623 1.58746 0.90956
0.01835 1.78571 1.02315
0.01716 1.66433 0.95360
0.02306 2.21876 1.27128
0.01234 1.18576 0.67940
0.01248 1.18673 0.67995
0.02005 1.90182 1.08968
0.01275 1.20995 0.69326
0.01326 1.24935 0.71583
0.01346 1.26767 0.72633
0.01855 1.74469 0.99964
0.01659 1.55922 0.89338
0.02195 2.06667 1.18413
0.01629 1.52847 0.87576
0.01947 1.83793 1.05307
0.01793 1.69001 0.96832
0.01690 1.58686 0.90921
0.01549 1.44733 0.82927
0.02186 2.04302 1.17059
0.01843 1.73371 0.99336
0.01488 1.40890 0.80724
0.01350 1.27871 0.73265
0.01967 1.85806 1.06460
0.01165 1.09201 0.62568
0.02241 2.09528 1.20053
0.01004 0.93865 0.53781
0.02450 2.29464 1.31476
0.01872 1.75474 1.00541
0.01927 1.80794 1.03589
0.01675 1.56999 0.89955
0.01670 1.55723 0.89223
0.02029 1.89231 1.08423
0.01657 1.53947 0.88206
0.02791 2.61233 1.49680
0.01560 1.45907 0.83599
0.01409 1.31560 0.75379
0.01425 1.32344 0.75828
0.01991 1.84099 1.05482
0.03026 2.79756 1.60293
0.01727 1.60363 0.91883
0.01872 1.74060 0.99730
0.02226 2.06290 1.18198
0.02025 1.87571 1.07472
0.01797 1.66367 0.95322
0.02622 2.42594 1.39000
0.01765 1.63131 0.93468
0.01103 1.01884 0.58376
0.01768 1.63600 0.93737
0.01683 1.55856 0.89300
0.01573 1.45035 0.83100
0.01639 1.50666 0.86326
0.01998 1.82708 1.04686
0.01129 1.03249 0.59158
0.02344 2.14774 1.23059
0.01115 1.02193 0.58552
0.01021 0.93504 0.53574
0.01255 1.15203 0.66007
0.01097 1.00999 0.57868
0.01122 1.02131 0.58517
0.01234 1.12462 0.64436
0.01081 0.98692 0.56547
0.00566 0.51547 0.29534
0.00954 0.86779 0.49721
0.00925 0.84201 0.48244
0.00929 0.84406 0.48361
0.00942 0.85685 0.49094
0.01573 1.42448 0.81617
0.01079 0.97889 0.56086
0.01354 1.22909 0.70422
0.00988 0.89411 0.51229
0.01504 1.35859 0.77842
0.03580 3.22327 1.84688
0.01199 1.08261 0.62029
0.01242 1.12156 0.64261
0.02226 2.00509 1.14885
0.01522 1.36546 0.78236
0.01182 1.06247 0.60875
0.00747 0.67102 0.38447
0.02355 2.10350 1.20524
0.01056 0.94537 0.54166
0.01189 1.06067 0.60772
0.02303 2.06346 1.18230
0.02950 2.63328 1.50880
0.01940 1.73072 0.99164
0.01329 1.18138 0.67688
0.01653 1.46222 0.83780
0.01242 1.09865 0.62949
0.01426 1.26102 0.72252
0.01828 1.61490 0.92528
0.01751 1.54476 0.88509
0.01274 1.12522 0.64471
0.01467 1.29078 0.73957
0.01090 0.96056 0.55036
0.01709 1.50198 0.86058
0.01408 1.23540 0.70784
0.01582 1.39034 0.79661
0.01492 1.30693 0.74882
0.01536 1.34428 0.77022
0.02536 2.22553 1.27516
0.00953 0.83714 0.47965
0.01109 0.97102 0.55636
0.01194 1.04371 0.59800
0.01720 1.50007 0.85949
0.01437 1.26487 0.72472
0.00887 0.77758 0.44552
0.01366 1.19975 0.68741
0.01499 1.31317 0.75240
0.01585 1.39813 0.80107
0.00958 0.84624 0.48486
0.01069 0.93945 0.53827
0.01277 1.11646 0.63969
0.01787 1.58039 0.90550
0.02437 2.16556 1.24080
0.00580 0.52049 0.29822
0.02092 1.87792 1.07598
0.02132 1.90220 1.08989
0.02738 2.43787 1.39683
0.00553 0.49461 0.28339
0.01988 1.79327 1.02748
0.01173 1.06388 0.60956
0.01647 1.51687 0.86911
0.00994 0.91967 0.52693
0.01123 1.03330 0.59204
0.02037 1.85869 1.06497
0.01598 1.46438 0.83903
0.01335 1.24536 0.71355
0.01989 1.88643 1.08086
0.00981 0.93439 0.53537
0.00750 0.73565 0.42150
0.00844 0.81767 0.46849
0.01097 1.05933 0.60695
0.01555 1.50511 0.86237
0.00566 0.55385 0.31733
0.02119 2.09387 1.19972
0.01634 1.63426 0.93637
0.01845 1.85380 1.06216
0.02262 2.28771 1.31079
0.00843 0.86507 0.49565
0.00741 0.75615 0.43324
0.01999 2.04736 1.17307
0.02321 2.39336 1.37133
0.00520 0.54455 0.31200
0.00848 0.89368 0.51204
0.01142 1.20286 0.68919
0.01312 1.39076 0.79685
0.00956 1.01784 0.58318
0.01137 1.22799 0.70359
0.01240 1.34468 0.77045
0.00509 0.55437 0.31763
0.00730 0.79613 0.45615
0.01694 1.85720 1.06411
0.00554 0.61020 0.34962
0.00712 0.78733 0.45111
0.01585 1.76771 1.01284
0.01169 1.31763 0.75495
0.01025 1.15481 0.66166
0.01097 1.23503 0.70763
0.01623 1.82495 1.04563
0.01311 1.48968 0.85353
0.01178 1.35343 0.77547
0.00849 0.98413 0.56387
0.00696 0.81089 0.46461
0.00656 0.76568 0.43870
0.00570 0.66469 0.38084
0.01298 1.52531 0.87395
0.00420 0.49607 0.28423
0.00916 1.09728 0.62870
0.00468 0.56198 0.32199
0.00334 0.40579 0.23250
0.00185 0.22811 0.13070
0.00767 0.96862 0.55498
0.01562 1.98768 1.13887
0.00302 0.39086 0.22395
0.00239 0.31333 0.17953
0.00826 1.10010 0.63031
0.00369 0.50020 0.28659
0.00483 0.65923 0.37771
0.00786 1.09727 0.62869
0.00773 1.09549 0.62768
0.00763 1.09802 0.62912
0.00602 0.87809 0.50311
0.00933 1.38386 0.79290
0.01226 1.84142 1.05507
0.00952 1.45576 0.83409
0.01242 1.93646 1.10953
0.00924 1.47065 0.84263
0.01099 1.78674 1.02374
0.00449 0.74759 0.42834
0.01038 1.75920 1.00796
0.01328 2.28124 1.30708
0.00758 1.33005 0.76207
0.01008 1.78558 1.02308
0.01069 1.94590 1.11493
0.01085 2.01484 1.15444
0.01282 2.44647 1.40176
0.01527 2.95503 1.69317
0.01045 2.06753 1.18463
0.00930 1.87337 1.07338
0.00732 1.50701 0.86346
0.00676 1.42921 0.81888
0.01310 2.82403 1.61810
0.00626 1.38789 0.79521
0.01129 2.59654 1.48775
0.00713 1.69270 0.96986
0.00907 2.22437 1.27450
0.00325 0.82575 0.47312
0.00597 1.54425 0.88480
0.00486 1.32380 0.75849
0.01010 2.77634 1.59078
0.00815 2.30698 1.32183
0.00388 1.15541 0.66200
0.00845 2.47704 1.41927
0.00106 0.33101 0.18966
0.00935 2.86805 1.64333
0.01120 3.47627 1.99186
0.00684 2.19948 1.26024
0.01117 3.51984 2.01682
0.00700 2.28223 1.30765
0.01186 3.81208 2.18430
0.00411 1.34871 0.77276
0.00953 3.21939 1.84466
0.00378 1.25393 0.71845
0.01098 3.71108 2.12641
0.00730 2.47366 1.41734
0.01630 5.72491 3.28058
0.00648 2.27081 1.30111
0.00356 1.22392 0.70126
0.01632 5.54537 3.17767
0.00485 1.63616 0.93746
0.00720 2.43094 1.39286
0.00967 3.32936 1.90767
0.01046 3.53474 2.02536
0.00587 1.97906 1.13394
0.00584 1.97801 1.13333
0.00358 1.19102 0.68241
0.00388 1.28992 0.73907
0.00432 1.40537 0.80523
0.00284 0.90455 0.51827
0.00183 0.56620 0.32441
0.00898 2.74146 1.57079
0.00537 1.61777 0.92693
0.00942 2.80513 1.60727
0.00672 1.92216 1.10133
0.00852 2.47000 1.41524
0.00239 0.66350 0.38016
0.00395 1.06950 0.61278
0.01226 3.26045 1.86818
0.01060 2.73942 1.56962
0.01289 3.16498 1.81348
0.01119 2.65712 1.52246
0.00902 2.05024 1.17472
0.01419 3.06311 1.75510
0.00382 0.80331 0.46026
0.00746 1.51723 0.86932
0.00391 0.76210 0.43665
0.00270 0.50461 0.28912
0.00862 1.54372 0.88449
0.01071 1.84891 1.05936
0.00724 1.19450 0.68440
0.01054 1.68508 0.96549
0.00815 1.24894 0.71559
0.00633 0.92527 0.53014
0.00301 0.42233 0.24198
0.01351 1.81978 1.04267
0.00483 0.63166 0.36192
0.00655 0.83355 0.47759
0.01256 1.55514 0.89104
0.00858 1.02564 0.58765
0.00802 0.93020 0.53297
0.00482 0.54596 0.31281
0.01103 1.21727 0.69745
0.00824 0.88935 0.50956
0.01265 1.33248 0.76346
0.01440 1.47854 0.84715
0.01192 1.19437 0.68433
0.01229 1.20309 0.68932
0.01472 1.40940 0.80753
0.01348 1.26321 0.72377
0.01535 1.40899 0.80730
0.00981 0.88205 0.50538
0.01485 1.30160 0.74577
0.01317 1.13478 0.65018
0.01188 1.00560 0.57617
0.01304 1.09841 0.62935
0.02339 1.96816 1.12769
0.01575 1.33283 0.76366
0.01173 0.99790 0.57176
0.01672 1.42479 0.81635
0.01162 0.98615 0.56503
0.01490 1.26606 0.72541
0.01040 0.88485 0.50698
0.02348 1.98617 1.13801
0.01589 1.34846 0.77261
0.01549 1.31293 0.75226
0.01491 1.26450 0.72451
0.01707 1.44817 0.82975
0.01275 1.08301 0.62052
0.02221 1.89035 1.08311
0.01244 1.06314 0.60914
0.01316 1.12324 0.64357
0.01972 1.69395 0.97058
0.01552 1.33210 0.76324
0.01547 1.33389 0.76427
0.01546 1.33247 0.76345
0.01631 1.40892 0.80726
0.01893 1.63850 0.93880
0.01642 1.42489 0.81641
0.01818 1.58147 0.90612
0.01415 1.23381 0.70693
0.01730 1.50981 0.86506
0.01755 1.54074 0.88279
0.01534 1.34972 0.77334
0.01442 1.27207 0.72885
0.01346 1.18706 0.68014
0.02025 1.78927 1.02519
0.01529 1.34917 0.77302
0.01557 1.38374 0.79283
0.01831 1.63971 0.93950
0.00883 0.79190 0.45373
0.01187 1.06910 0.61255
0.01717 1.54078 0.88281
0.01971 1.77708 1.01821
0.01640 1.48826 0.85272
0.01604 1.46001 0.83653
0.01214 1.10467 0.63293
0.00796 0.72415 0.41491
0.01818 1.65328 0.94727
0.01168 1.06207 0.60853
0.02010 1.83535 1.05159
0.00978 0.90074 0.51609
0.01528 1.40703 0.80617
0.01687 1.55092 0.88862
0.02760 2.52505 1.44678
0.01384 1.26191 0.72303
0.01866 1.70190 0.97513
0.01411 1.28343 0.73536
0.01742 1.59475 0.91373
0.02220 2.03728 1.16730
0.01555 1.42976 0.81920
0.02444 2.24869 1.28843
0.01369 1.26353 0.72395
0.01802 1.66729 0.95530
0.01536 1.42208 0.81480
0.01640 1.52304 0.87265
0.01505 1.39523 0.79941
0.01521 1.41757 0.81221
0.01716 1.60355 0.91878
0.01220 1.14336 0.65510
0.01592 1.49788 0.85823
0.01682 1.57879 0.90459
0.01314 1.23757 0.70908
0.01519 1.43759 0.82369
0.01106 1.04554 0.59906
0.01416 1.34524 0.77077
0.01106 1.05108 0.60222
0.01297 1.24124 0.71118
0.01905 1.81953 1.04253
0.01216 1.16761 0.66899
0.01724 1.65975 0.95098
0.01192 1.14753 0.65749
0.01365 1.31661 0.75437
0.01553 1.50498 0.86230
0.01565 1.52552 0.87407
0.01523 1.47566 0.84550
0.01336 1.30202 0.74600
0.01799 1.75881 1.00774
0.01259 1.23556 0.70793
0.01064 1.04683 0.59979
0.01984 1.95011 1.11735
0.01205 1.18903 0.68127
0.01008 0.99936 0.57259
0.01414 1.40638 0.80580
0.01607 1.60494 0.91957
0.01245 1.24125 0.71119
0.01758 1.76069 1.00882
0.01303 1.30868 0.74982
0.01217 1.22937 0.70438
0.01470 1.49133 0.85448
0.01427 1.44816 0.82974
0.00974 0.99216 0.56847
0.01220 1.24517 0.71344
0.01136 1.16322 0.66648
0.01315 1.35153 0.77437
0.01286 1.32320 0.75814
0.01391 1.44293 0.82674
0.01405 1.45621 0.83435
0.01229 1.27513 0.73060
0.00926 0.96282 0.55166
0.01663 1.72910 0.99071
0.01632 1.70860 0.97897
0.00941 0.98329 0.56338
0.01001 1.04652 0.59962
0.00716 0.74451 0.42658
0.01207 1.25560 0.71941
0.01118 1.16243 0.66602
0.00873 0.90433 0.51815
0.01366 1.41466 0.81055
0.01744 1.79634 1.02924
0.02056 2.11485 1.21174
0.01643 1.67796 0.96141
0.01240 1.25765 0.72059
0.01295 1.31216 0.75182
0.01199 1.20132 0.68831
0.01549 1.55335 0.89001
0.01499 1.49793 0.85826
0.00332 0.32727 0.18751
0.02003 1.97289 1.13040
0.00632 0.62003 0.35525
0.03669 3.58193 2.05240
0.02045 1.98600 1.13791
0.02742 2.64500 1.51552
0.01363 1.29794 0.74367
0.03003 2.84440 1.62977
0.01171 1.09903 0.62970
0.02177 2.03863 1.16807
0.01309 1.22011 0.69908
0.01397 1.29080 0.73958
0.01981 1.82303 1.04453
0.01724 1.57878 0.90458
0.01727 1.56794 0.89837
0.02134 1.93173 1.10682
0.01784 1.60237 0.91810
0.01643 1.46954 0.84199
0.01866 1.64122 0.94036
0.01866 1.69392 0.97056
0.01563 1.40297 0.80385
0.02037 1.81485 1.03985
0.01806 1.61772 0.92690
0.02060 1.84743 1.05851
0.02172 1.94964 1.11708
0.01990 1.79830 1.03036
0.02071 1.87167 1.07240
0.02003 1.81403 1.03938
0.02314 2.09877 1.20253
0.02034 1.85377 1.06215
0.02186 1.98782 1.13896
0.02170 1.99104 1.14080
0.02431 2.23402 1.28003
0.01859 1.71013 0.97984
0.01634 1.51130 0.86592
0.01798 1.66593 0.95452
0.01988 1.85153 1.06086
0.01745 1.63400 0.93622
0.01606 1.50811 0.86409
0.02060 1.94631 1.11517
0.01950 1.84750 1.05856
0.01617 1.54028 0.88252
0.02067 1.97080 1.12921
0.02002 1.91831 1.09913
0.01652 1.59850 0.91588
0.01832 1.77425 1.01658
0.01674 1.63719 0.93805
0.01739 1.71939 0.98515
0.01907 1.92110 1.10073
0.01806 1.86326 1.06759
0.01891 1.99935 1.14556
0.01747 1.89776 1.08735
0.01625 1.82500 1.04566
0.02315 2.67746 1.53412
0.01423 1.69578 0.97162
0.01646 2.01868 1.15664
0.02130 2.70881 1.55208
0.01386 1.83357 1.05057
0.01750 2.39837 1.37420
0.01364 1.94748 1.11584
0.01089 1.60893 0.92186
0.01184 1.76699 1.01242
0.01203 1.96535 1.12608
0.01453 2.38024 1.36381
0.01118 1.88800 1.08176
0.00791 1.37916 0.79020
0.01518 2.71827 1.55750
0.00954 1.74113 0.99760
0.00914 1.71433 0.98225
0.00832 1.58903 0.91046
0.00559 1.09242 0.62591
0.00641 1.29356 0.74116
0.01012 2.09017 1.19760
0.01292 2.80284 1.60596
0.00738 1.64608 0.94315
0.00421 0.97070 0.55617
0.00534 1.30596 0.74827
0.00162 0.41360 0.23697
0.00444 1.23147 0.70559
0.00267 0.78896 0.45204
0.00181 0.57520 0.32956
0.00323 1.09157 0.62543
0.00254 0.86031 0.49292
0.00608 2.09754 1.20182
0.00261 0.90203 0.51683
0.00374 1.27451 0.73024
0.00386 1.36567 0.78248
0.00087 0.30553 0.17506
0.00338 1.22841 0.70383
0.00069 0.25413 0.14561
0.00028 0.10138 0.05809
0.00315 1.12761 0.64607
0.00179 0.60736 0.34799
0.00459 1.53846 0.88148
0.00189 0.59774 0.34248
0.00049 0.15401 0.08824
0.00307 0.92733 0.53132
0.00133 0.37967 0.21754
0.00721 2.03680 1.16702
0.00772 2.04332 1.17076
0.00340 0.88914 0.50944
0.00681 1.70295 0.97573
0.00609 1.42349 0.81560
0.00463 1.05167 0.60256
0.00509 1.08447 0.62136
0.00989 2.04058 1.16919
0.00388 0.75002 0.42973
0.01078 2.06735 1.18452
0.00839 1.52042 0.87114
0.01245 2.15280 1.23349
0.00784 1.31042 0.75082
0.01256 2.02150 1.15826
0.00864 1.34009 0.76782
0.00640 0.95604 0.54777
0.01303 1.86794 1.07027
0.01828 2.57233 1.47388
0.00694 0.94791 0.54312
0.01724 2.29450 1.31468
0.00576 0.74923 0.42928
0.00765 0.97029 0.55594
0.01354 1.66361 0.95319
0.01164 1.38850 0.79556
0.01373 1.60056 0.91706
0.01025 1.17164 0.67131
0.01069 1.19689 0.68577
0.00765 0.84016 0.48138
0.01229 1.32002 0.75632
0.01127 1.18810 0.68073
0.01464 1.51895 0.87030
0.01865 1.91558 1.09756
0.01523 1.47909 0.84747
0.01487 1.55344 0.89006
0.01448 1.42546 0.81673
0.01463 1.40697 0.80614
0.01553 1.48203 0.84915
0.01647 1.55248 0.88951
0.02182 2.01874 1.15667
0.01737 1.59501 0.91388
0.02370 2.14718 1.23027
0.01767 1.58357 0.90733
0.01920 1.69663 0.97211
0.01792 1.55568 0.89135
0.02255 1.94411 1.11391
0.01563 1.34262 0.76927
0.01779 1.51560 0.86838
0.01665 1.40423 0.80457
0.01458 1.22254 0.70047
0.01204 1.00445 0.57551
0.01535 1.27504 0.73055
0.01570 1.30958 0.75034
0.01542 1.28070 0.73379
0.02072 1.71485 0.98255
0.01763 1.45600 0.83423
0.01958 1.61319 0.92430
0.01757 1.45399 0.83308
0.01652 1.36668 0.78306
0.01503 1.24275 0.71205
0.01698 1.40820 0.80685
0.02967 2.46699 1.41352
0.02453 2.06587 1.18367
0.01387 1.16760 0.66899
0.01919 1.60641 0.92042
0.02306 1.93015 1.10591
0.01555 1.30499 0.74771
0.01306 1.09944 0.62994
0.01864 1.56030 0.89400
0.02768 2.31799 1.32814
0.02220 1.87166 1.07240
0.01544 1.29407 0.74145
0.01267 1.05967 0.60715
0.01079 0.89676 0.51381
0.01593 1.32722 0.76045
0.01087 0.90666 0.51948
0.01558 1.30087 0.74535
0.01631 1.36523 0.78223
0.01409 1.18100 0.67667
0.01413 1.18183 0.67714
0.01100 0.92080 0.52758
0.01794 1.49940 0.85910
0.01595 1.34595 0.77118
0.01536 1.30310 0.74663
0.01428 1.21507 0.69619
0.01624 1.38262 0.79219
0.01750 1.49520 0.85669
0.01586 1.35376 0.77565
0.01594 1.37161 0.78588
0.01525 1.31847 0.75543
0.01147 0.99337 0.56916
0.01237 1.07172 0.61405
0.02669 2.31131 1.32431
0.01514 1.33087 0.76254
0.01793 1.58564 0.90851
0.01193 1.05528 0.60463
0.01298 1.14520 0.65615
0.01729 1.51975 0.87076
0.02270 1.99297 1.14191
0.01717 1.51982 0.87080
0.00848 0.76107 0.43606
0.00656 0.58249 0.33374
0.01758 1.55280 0.88970
0.02105 1.85969 1.06554
0.02702 2.41108 1.38148
0.01005 0.90030 0.51584
0.01953 1.73694 0.99521
0.02448 2.17570 1.24661
0.02029 1.79931 1.03094
0.01649 1.46476 0.83925
0.01224 1.08796 0.62336
0.01557 1.37643 0.78864
0.01871 1.66116 0.95179
0.02344 2.08992 1.19745
0.00809 0.72538 0.41561
0.01686 1.51806 0.86979
0.01273 1.12774 0.64615
0.00960 0.85269 0.48856
0.01237 1.09711 0.62860
0.01401 1.24537 0.71355
0.01560 1.38896 0.79582
0.01569 1.39759 0.80076
0.01422 1.27027 0.72782
0.01451 1.29016 0.73922
0.00834 0.74161 0.42491
0.00872 0.77335 0.44310
0.01665 1.47738 0.84648
0.01675 1.48919 0.85325
0.01856 1.65146 0.94623
0.01078 0.96117 0.55071
0.00782 0.69757 0.39968
0.00446 0.39855 0.22835
0.01535 1.36867 0.78420
0.00776 0.67461 0.38652
0.00598 0.55414 0.31750
0.01291 1.16342 0.66660
0.01137 1.02813 0.58908
0.01631 1.47512 0.84519
0.01307 1.18324 0.67795
0.01786 1.62347 0.93019
0.01606 1.46366 0.83862
0.01370 1.24860 0.71540
0.01055 0.96434 0.55253
0.01519 1.38496 0.79353
0.01242 1.14071 0.65358
0.01630 1.49307 0.85547
0.01514 1.39594 0.79982
0.00864 0.79883 0.45770
0.01357 1.25764 0.72058
0.01072 0.99233 0.56857
0.01595 1.47682 0.84616
0.01062 0.98705 0.56554
0.01869 1.74901 1.00212
0.00791 0.74355 0.42602
0.02394 2.24458 1.28608
0.01205 1.13423 0.64987
0.01298 1.23704 0.70878
0.01265 1.20274 0.68912
0.01401 1.33275 0.76362
0.01523 1.44618 0.82861
0.01217 1.16112 0.66528
0.01790 1.72026 0.98565
0.00948 0.91684 0.52531
0.01150 1.11685 0.63991
0.01470 1.42216 0.81485
0.01439 1.39979 0.80203
0.01260 1.23149 0.70560
0.01417 1.38356 0.79273
0.01179 1.15338 0.66084
0.01459 1.44352 0.82708
0.01199 1.20644 0.69124
0.01257 1.26562 0.72515
0.01105 1.12307 0.64347
0.01444 1.48364 0.85007
0.00961 0.99516 0.57019
0.01317 1.38655 0.79444
0.01037 1.10892 0.63537
0.01206 1.30771 0.74927
0.00856 0.93579 0.53617
0.01036 1.14453 0.65577
0.01698 1.89774 1.08734
0.00825 0.93716 0.53695
0.01270 1.45812 0.83545
0.01527 1.82314 1.04460
0.00743 0.90048 0.51594
0.01047 1.30098 0.74541
0.01224 1.56277 0.89541
0.01134 1.48285 0.84962
0.01816 2.43433 1.39480
0.01366 1.87041 1.07168
0.01304 1.82953 1.04826
0.01658 2.38339 1.36562
0.00693 1.02615 0.58795
0.01664 2.53062 1.44998
0.00976 1.52261 0.87240
0.00639 1.02859 0.58934
0.00962 1.58204 0.90645
0.00905 1.53007 0.87667
0.00868 1.50514 0.86239
0.00949 1.69768 0.97271
0.00832 1.53876 0.88165
0.00790 1.52870 0.87589
0.00702 1.41444 0.81042
0.00759 1.60040 0.91697
0.00886 1.98087 1.13498
0.00120 0.28670 0.16427
0.00540 1.36491 0.78204
0.00506 1.35316 0.77531
0.01144 3.23872 1.85573
0.00522 1.58515 0.90823
0.00705 2.26896 1.30005
0.00507 1.70714 0.97813
0.00505 1.77675 1.01802
0.01023 3.70011 2.12013
0.00416 1.56105 0.89442
0.00348 1.34769 0.77218
0.00747 2.94323 1.68641
0.00242 0.96080 0.55050
0.00321 1.28569 0.73665
0.00395 1.59277 0.91260
0.00403 1.65217 0.94664
0.00081 0.35573 0.20382
0.00657 3.34481 1.91652
0.00886 5.72574 3.28106
0.00672 6.21583 3.56198
0.00345 4.75142 2.72262
0.00151 3.69342 2.11630
0.00365 40.80536 23.54507
0.00126 8.14808 4.66980
0.00287 21.48474 12.33365
0.00344 104.58617 63.05811
0.00150 49.72806 28.79414
0.00071 20.26294 11.62976
0.00029 12.88192 7.38591
0.00152 73.24323 42.96489
0.00390 118.15344 72.42294
0.00029 8.38303 4.80453
0.00396 105.16958 63.45068
0.00289 86.86700 51.48597
0.00248 87.06337 51.61091
0.00146 43.17935 24.93628
0.00435 110.04236 66.76309
0.00272 103.39390 62.25838
0.00286 75.12961 44.12875
0.00289 140.82586 89.51849
0.00647 133.88603 84.04620
0.00254 97.52603 58.36988
0.00337 93.32824 55.63298
0.00192 90.68603 53.92795
0.00278 98.77972 59.19430
0.00377 124.96020 77.33517
0.00417 112.91265 68.74393
0.00257 96.32715 57.58458
0.00208 83.54320 49.38094
0.00252 107.06831 64.73415
0.00299 130.73497 81.63849
0.00440 130.63012 81.55914
0.00276 129.26158 80.52762
0.00300 111.42404 67.71375
0.00293 140.94006 89.61067
0.00444 114.65711 69.95931
0.00236 138.95093 88.01533
0.00417 112.10155 68.18184
0.00067 29.76849 17.11970
0.00269 123.00595 75.90817
0.00121 80.61987 47.54415
0.00054 31.32556 18.02243
0.00126 98.96358 59.31549
0.00107 107.59629 65.09267
0.00185 125.63024 77.82771
0.00220 122.84872 75.79396
0.00149 84.22000 49.80811
0.00111 75.25435 44.20587
0.00204 108.51044 65.71510
0.00183 120.64390 74.20165
0.00023 17.85133 10.24169
0.00129 134.20452 84.29208
0.00087 77.03319 45.30809
0.00111 139.99543 88.85034
0.00151 131.24123 82.02234
0.00086 95.22638 56.86615
0.00165 89.98697 53.47901
0.00084 118.04573 72.34647
0.00185 83.11950 49.11390
0.00102 102.39493 61.59090
0.00199 114.35625 69.74907
0.00164 101.72104 61.14194
0.00144 98.63059 59.09605
0.00137 85.70269 50.74651
0.00135 60.24399 35.06178
0.00554 138.83810 87.92549
0.00925 135.88983 85.60122
0.01410 134.51208 84.52997
0.02001 140.64526 89.37285
0.01512 88.24388 52.36342
0.00499 26.27077 15.09567
0.02762 130.12265 81.17571
0.03171 127.42876 79.15834
0.02665 74.96376 44.02623
0.00543 10.65915 6.11014
0.00503 6.82956 3.91381
0.00109 1.13003 0.64746
0.00195 1.57785 0.90405
0.00334 2.24579 1.28677
0.00059 0.34643 0.19849
0.00634 3.20460 1.83618
0.00308 1.38092 0.79122
0.00330 1.31992 0.75626
0.00308 1.12417 0.64411
0.00711 2.40413 1.37750
0.00317 0.99635 0.57087
0.00706 2.07910 1.19126
0.00458 1.27077 0.72810
0.01020 2.68925 1.54087
0.01086 2.74188 1.57103
0.00350 0.83906 0.48075
0.00446 1.02889 0.58951
0.00231 0.51573 0.29549
0.00513 1.08432 0.62127
0.00545 1.09678 0.62841
0.00578 1.10358 0.63231
0.01722 3.16938 1.81600
0.00318 0.56707 0.32491
0.00413 0.70171 0.40205
0.01118 1.81245 1.03847
0.00436 0.67901 0.38904
0.00764 1.14920 0.65845
0.00865 1.26274 0.72350
0.00859 1.20852 0.69243
0.00947 1.29236 0.74047
0.00212 0.28060 0.16077
0.01596 2.05885 1.17965
0.00762 0.95383 0.54651
0.01199 1.46563 0.83975
0.00808 0.96661 0.55383
0.00927 1.07525 0.61608
0.00674 0.76448 0.43802
0.01012 1.11452 0.63858
0.00639 0.69010 0.39540
0.00810 0.85209 0.48821
0.00571 0.58796 0.33688
0.00757 0.75885 0.43479
0.01494 1.46682 0.84043
0.01342 1.29279 0.74072
0.01075 1.01267 0.58022
0.00850 0.78492 0.44973
0.02188 1.97300 1.13046
0.02003 1.77874 1.01916
0.02100 1.84051 1.05455
0.01063 0.92679 0.53101
0.01657 1.44387 0.82728
0.01100 0.95648 0.54802
0.01327 1.15332 0.66081
0.01571 1.36639 0.78289
0.01812 1.57712 0.90363
0.01526 1.33819 0.76673
0.01555 1.36068 0.77962
0.01540 1.34641 0.77144
0.02119 1.84669 1.05809
0.02692 2.35192 1.34758
0.01854 1.63173 0.93492
0.03044 2.68095 1.53612
0.02531 2.23859 1.28264
0.01607 1.42669 0.81744
0.02329 2.07342 1.18800
0.01864 1.66706 0.95517
0.02058 1.83180 1.04956
0.02379 2.11274 1.21054
0.01805 1.60526 0.91976
0.02670 2.38909 1.36888
0.02061 1.85380 1.06217
0.01951 1.76664 1.01222
0.02076 1.88280 1.07878
0.02458 2.23423 1.28014
0.01899 1.72768 0.98990
0.02766 2.49716 1.43081
0.02296 2.08839 1.19658
0.01760 1.60693 0.92071
0.02185 1.99563 1.14343
0.01782 1.63624 0.93750
0.01961 1.80235 1.03268
0.01860 1.71289 0.98143
0.02218 2.05448 1.17715
0.01889 1.75793 1.00723
0.01501 1.40385 0.80436
0.01526 1.42027 0.81376
0.01893 1.76547 1.01156
0.01870 1.74373 0.99910
0.02542 2.38989 1.36934
0.01632 1.54126 0.88309
0.01896 1.78781 1.02435
0.01630 1.54170 0.88334
0.02479 2.35691 1.35044
0.01348 1.28713 0.73748
0.02567 2.43568 1.39558
0.01508 1.43673 0.82319
0.01519 1.45548 0.83394
0.01665 1.60099 0.91731
0.02047 1.97152 1.12962
0.01398 1.34673 0.77163
0.01269 1.22561 0.70223
0.01329 1.28803 0.73799
0.01345 1.30489 0.74765
0.01571 1.52915 0.87615
0.01450 1.41288 0.80953
0.02001 1.96970 1.12857
0.01016 1.00238 0.57432
0.01258 1.23911 0.70996
0.01556 1.52553 0.87407
0.01524 1.49246 0.85512
0.01771 1.74206 0.99814
0.02279 2.25907 1.29438
0.01538 1.54671 0.88621
0.01177 1.18807 0.68072
0.01315 1.32280 0.75791
0.01872 1.87273 1.07301
0.01655 1.64338 0.94160
0.01133 1.11780 0.64045
0.01464 1.42836 0.81839
0.02442 2.36450 1.35479
0.01154 1.11036 0.63619
0.01921 1.82923 1.04808
0.02584 2.43915 1.39756
0.01769 1.65094 0.94593
0.02089 1.94877 1.11658
0.01789 1.65410 0.94774
0.02133 1.96705 1.12706
0.02036 1.86952 1.07117
0.01922 1.75004 1.00271
0.01980 1.77196 1.01527
0.02101 1.86304 1.06746
0.01362 1.20075 0.68798
0.01679 1.47771 0.84667
0.01885 1.64756 0.94399
0.01818 1.58132 0.90604
0.01626 1.40463 0.80480
0.02105 1.81817 1.04175
0.01098 0.94951 0.54403
0.01391 1.20146 0.68839
0.01731 1.50385 0.86165
0.01580 1.37422 0.78737
0.01418 1.23714 0.70883
0.01822 1.58241 0.90667
0.01680 1.46946 0.84195
0.01165 1.02153 0.58530
0.01489 1.31249 0.75201
0.01527 1.34690 0.77172
0.01739 1.53019 0.87674
0.02036 1.79748 1.02990
0.01555 1.38262 0.79219
0.01653 1.47827 0.84699
0.01898 1.70874 0.97905
0.01875 1.69773 0.97274
0.01627 1.48263 0.84949
0.01059 0.97340 0.55772
0.01593 1.47616 0.84578
0.01319 1.23742 0.70899
0.01466 1.37837 0.78975
0.01372 1.29715 0.74322
0.01640 1.56103 0.89441
0.01652 1.58242 0.90667
0.01693 1.63795 0.93849
0.01491 1.44711 0.82914
0.02237 2.17768 1.24774
0.02348 2.30431 1.32030
0.02060 2.03145 1.16396
0.01710 1.68757 0.96692
0.01823 1.79828 1.03035
0.01371 1.35801 0.77809
0.02318 2.30927 1.32314
0.01656 1.65760 0.94975
0.01645 1.62654 0.93195
0.02155 2.11787 1.21347
0.02308 2.25989 1.29485
0.01445 1.41242 0.80926
0.03399 3.29966 1.89065
0.01534 1.48124 0.84869
0.02747 2.63507 1.50983
0.01974 1.87184 1.07250
0.02585 2.45055 1.40410
0.02356 2.24426 1.28589
0.01734 1.64136 0.94044
0.02137 2.01316 1.15347
0.01761 1.64315 0.94147
0.01950 1.80481 1.03409
0.01559 1.43248 0.82076
0.02713 2.47286 1.41688
0.01347 1.22243 0.70040
0.02304 2.07806 1.19066
0.01268 1.13802 0.65204
0.02285 2.03250 1.16455
0.01528 1.35962 0.77901
0.01678 1.48920 0.85326
0.02824 2.50848 1.43729
0.01954 1.74853 1.00184
0.01593 1.42619 0.81715
0.01597 1.42270 0.81515
0.02511 2.23757 1.28206
0.01784 1.59817 0.91569
0.02264 2.04134 1.16962
0.01110 0.99949 0.57267
0.02585 2.33194 1.33614
0.00910 0.82714 0.47392
0.03370 3.06646 1.75702
0.02138 1.95806 1.12190
0.02061 1.89674 1.08677
0.02144 1.99813 1.14486
0.01740 1.64664 0.94347
0.02087 2.00655 1.14969
0.01356 1.32842 0.76113
0.01281 1.28218 0.73464
0.02991 3.04798 1.74643
0.02141 2.19454 1.25740
0.01262 1.31430 0.75304
0.00830 0.86941 0.49814
0.00899 0.95046 0.54458
0.01236 1.31199 0.75172
0.00867 0.92167 0.52808
0.01605 1.71728 0.98394
0.00901 0.96303 0.55178
0.00797 0.85697 0.49101
0.00831 0.89427 0.51238
0.00987 1.06476 0.61006
0.00515 0.55686 0.31906
0.00634 0.68571 0.39289
0.01119 1.20944 0.69296
0.00889 0.95815 0.54898
0.00732 0.79389 0.45487
0.01726 1.87948 1.07688
0.02146 2.32674 1.33315
0.02554 2.74407 1.57228
0.01169 1.23939 0.71012
0.01514 1.60653 0.92048
0.00866 0.90347 0.51765
0.00990 1.02495 0.58725
0.02205 2.27123 1.30135
0.00870 0.89256 0.51140
0.01584 1.61601 0.92591
0.01095 1.10307 0.63202
0.02147 2.14649 1.22987
0.02484 2.45254 1.40524
0.03420 3.34035 1.91397
0.01547 1.49609 0.85721
0.02316 2.21468 1.26895
0.01201 1.14080 0.65363
0.01647 1.54124 0.88308
0.01420 1.31233 0.75191
0.02866 2.60920 1.49500
0.00691 0.62031 0.35541
0.01132 1.00617 0.57650
0.01320 1.16210 0.66584
0.02248 1.96492 1.12583
0.01610 1.39615 0.79994
0.01991 1.70977 0.97964
0.01933 1.64167 0.94062
0.02518 2.12888 1.21978
0.03542 2.99439 1.71572
0.01515 1.28653 0.73713
0.02128 1.80711 1.03541
0.01405 1.19898 0.68697
0.03182 2.72899 1.56365
0.02101 1.80853 1.03623
0.01412 1.21614 0.69680
0.02292 1.97599 1.13217
0.01939 1.67273 0.95841
0.01740 1.49851 0.85859
0.02311 2.00196 1.14706
0.01479 1.28939 0.73877
0.01857 1.63547 0.93707
0.02285 2.01152 1.15254
0.01901 1.68388 0.96480
0.02299 2.05600 1.17802
0.01732 1.56384 0.89602
0.01650 1.50064 0.85981
0.01685 1.56305 0.89557
0.02023 1.90334 1.09055
0.01609 1.53657 0.88040
0.01419 1.37147 0.78580
0.01470 1.44276 0.82665
0.01563 1.55234 0.88943
0.01473 1.48990 0.85366
0.01963 2.02950 1.16284
0.01571 1.65751 0.94969
0.01081 1.15272 0.66046
0.01044 1.11598 0.63941
0.01525 1.63166 0.93488
0.01685 1.80102 1.03192
0.01496 1.60835 0.92153
0.02046 2.20068 1.26092
0.02557 2.76595 1.58482
0.02155 2.34953 1.34621
0.01096 1.19260 0.68331
0.01783 1.93917 1.11108
0.01716 1.86146 1.06655
0.02278 2.45482 1.40654
0.01351 1.44921 0.83034
0.02348 2.51042 1.43840
0.01377 1.46390 0.83876
0.01313 1.39536 0.79949
0.03259 3.42367 1.96171
0.01191 1.24603 0.71393
0.02785 2.86802 1.64331
0.01874 1.92237 1.10145
0.02525 2.57784 1.47703
0.01575 1.59307 0.91277
0.01345 1.32977 0.76191
0.03477 3.41243 1.95527
0.02494 2.43245 1.39372
0.01329 1.29604 0.74258
0.02054 1.98999 1.14020
0.02114 2.00167 1.14689
0.02607 2.44219 1.39931
0.01802 1.69103 0.96890
0.01566 1.46569 0.83979
0.01516 1.41197 0.80901
0.02209 2.03380 1.16530
0.01747 1.59914 0.91625
0.01509 1.37113 0.78560
0.01982 1.78591 1.02326
0.02445 2.18167 1.25003
0.01683 1.49679 0.85760
0.01892 1.67841 0.96167
0.03255 2.86515 1.64167
0.02054 1.80437 1.03384
0.01938 1.69748 0.97259
0.02213 1.91291 1.09603
0.01663 1.42523 0.81660
0.02326 1.97563 1.13197
0.02033 1.71781 0.98425
0.01897 1.58311 0.90706
0.01385 1.14761 0.65754
0.01749 1.44951 0.83051
0.01790 1.48217 0.84923
0.02115 1.75067 1.00307
0.01470 1.21413 0.69565
0.01346 1.11813 0.64064
0.01760 1.47211 0.84346
0.01749 1.46683 0.84044
0.02745 2.31490 1.32637
0.01576 1.31950 0.75602
0.01426 1.20152 0.68843
0.01430 1.20703 0.69158
0.01708 1.45352 0.83281
0.00927 0.79185 0.45370
0.01260 1.07517 0.61603
0.01221 1.04559 0.59908
0.01628 1.40301 0.80387
0.01208 1.05216 0.60284
0.01422 1.24507 0.71338
0.01316 1.14609 0.65667
0.01121 0.97549 0.55892
0.02381 2.08678 1.19566
0.01737 1.53831 0.88140
0.01427 1.27280 0.72926
0.02199 1.98084 1.13496
0.01226 1.10736 0.63448
0.01225 1.10384 0.63246
0.02774 2.50718 1.43655
0.01386 1.25956 0.72168
