-0.00726 -0.01564 0.56518
-0.01247 -0.02261 0.56181
-0.01252 -0.02188 0.56144
-0.00733 -0.01293 0.56221
-0.00694 -0.01129 0.56484
-0.01060 -0.01050 0.57432
-0.01086 -0.01196 0.57942
-0.01149 -0.01842 0.58702
-0.01204 -0.02209 0.59433
-0.01520 -0.01113 0.60122
-0.01460 -0.00818 0.61298
-0.01365 0.00225 0.62610
-0.01538 0.00037 0.64836
-0.01231 -0.01522 0.66476
-0.01438 -0.02408 0.67627
-0.01571 -0.03737 0.68298
-0.01597 -0.01624 0.69194
-0.01316 0.00532 0.71073
-0.00724 0.00947 0.73427
-0.01091 -0.02138 0.76005
-0.01216 -0.01983 0.77630
-0.01262 -0.02131 0.78859
-0.00856 -0.01885 0.80350
-0.00741 -0.01330 0.82124
-0.01522 -0.01383 0.83278
-0.00975 -0.02115 0.84609
-0.00618 -0.01937 0.85983
-0.01032 -0.00851 0.88171
-0.01427 -0.01465 0.90099
-0.01349 -0.01448 0.92023
-0.01527 -0.02654 0.93426
-0.01720 -0.01680 0.95313
-0.01991 -0.01611 0.97164
-0.01508 -0.02220 0.97600
-0.01591 -0.02429 0.98274
-0.01407 -0.01686 0.98776
-0.01533 -0.01779 1.00144
-0.01554 -0.01691 1.00765
-0.01607 -0.02091 1.01450
-0.01565 -0.03198 1.02095
-0.01748 -0.02016 1.02878
-0.01693 -0.01724 1.03635
-0.01399 -0.02237 1.04730
-0.01824 -0.02213 1.05526
-0.01887 -0.02902 1.06291
-0.01709 -0.02676 1.06286
-0.01845 -0.02836 1.07152
-0.02102 -0.03002 1.07504
-0.01847 -0.01798 1.07677
-0.01897 -0.02462 1.07770
-0.01878 -0.02409 1.07575
-0.01983 -0.04131 1.07389
-0.01779 -0.02486 1.06528
-0.01760 -0.01812 1.06241
-0.01606 -0.02374 1.07302
-0.01602 -0.02619 1.07874
-0.01578 -0.02995 1.07666
-0.01332 -0.02596 1.07619
-0.01753 -0.04497 1.07815
-0.00845 -0.01358 1.07077
-0.01702 -0.02447 1.07334
-0.01408 -0.03846 1.07380
-0.01407 -0.03233 1.06633
-0.01107 -0.01285 1.07207
-0.01112 -0.01901 1.07146
-0.01007 -0.02636 1.08657
-0.01276 -0.02518 1.08548
-0.01292 -0.03659 1.08260
-0.01130 -0.02277 1.07896
-0.01219 -0.02446 1.07770
-0.01730 -0.03223 1.07884
-0.00991 -0.01860 1.08163
-0.01562 -0.02117 1.08479
-0.02578 -0.02478 1.09186
-0.01704 -0.03171 1.08836
-0.01293 -0.01778 1.08551
-0.01496 -0.02686 1.08743
-0.01531 -0.02304 1.08370
-0.01325 -0.02008 1.08396
-0.01465 -0.03252 1.07953
-0.01613 -0.03782 1.07394
-0.01687 -0.02677 1.06914
-0.01599 -0.02257 1.06891
-0.02035 -0.02225 1.06542
-0.01827 -0.02734 1.07092
-0.01770 -0.03638 1.06571
-0.01890 -0.03650 1.06072
-0.01841 -0.02711 1.05488
-0.01632 -0.02675 1.04731
-0.01985 -0.03709 1.03875
-0.01745 -0.02686 1.02512
-0.01217 -0.02821 1.01104
-0.01857 -0.02708 0.99388
-0.01670 -0.03638 0.97202
-0.01695 -0.02667 0.95329
-0.01519 -0.03797 0.93050
-0.01504 -0.03282 0.90583
-0.01566 -0.02151 0.88543
-0.01679 -0.03205 0.86186
-0.01732 -0.02273 0.83959
-0.01682 -0.02406 0.81478
-0.01608 -0.02514 0.78656
-0.02014 -0.02830 0.76044
-0.01760 -0.03361 0.72766
-0.01745 -0.03058 0.69852
-0.01922 -0.01837 0.66601
-0.01581 -0.01975 0.63823
-0.01284 -0.01794 0.60697
-0.01003 -0.02054 0.58493
-0.00977 -0.02213 0.56399
-0.00575 -0.02039 0.53938
0.00268 -0.01250 0.51778
0.00506 -0.01580 0.49469
0.00897 -0.01767 0.47401
0.00869 -0.01552 0.45072
0.00900 -0.02010 0.43166
0.01973 -0.02030 0.42063
0.02050 -0.01481 0.41215
0.02668 -0.00938 0.40153
0.02898 -0.01152 0.40032
0.03243 -0.00979 0.38702
0.03615 -0.01545 0.38678
0.04032 -0.00811 0.37381
0.04371 -0.01161 0.37779
0.04529 -0.01388 0.36243
0.04372 -0.01357 0.36594
0.04245 -0.01168 0.36233
0.04557 -0.00514 0.35105
0.05218 -0.00848 0.35688
0.04959 -0.01397 0.34178
0.05176 -0.01495 0.34743
0.05124 -0.01596 0.33564
0.04856 -0.01099 0.34828
0.04640 -0.00265 0.34248
0.04712 -0.00450 0.35687
0.05050 -0.00606 0.35879
0.06485 -0.00132 0.35183
0.05553 -0.00783 0.37087
0.05448 -0.00315 0.36531
0.05751 -0.00482 0.37641
0.05917 -0.01600 0.37537
0.05092 -0.01509 0.38535
0.04517 -0.02032 0.38908
0.04451 -0.00190 0.39046
0.04728 -0.00685 0.40680
0.04359 -0.01145 0.41713
0.04446 -0.00736 0.43339
0.03472 0.00250 0.44382
0.02353 -0.00693 0.46529
0.01015 -0.01007 0.48457
0.00745 -0.00419 0.50015
0.01948 -0.01992 0.51988
0.02517 -0.01830 0.53495
0.01847 -0.01384 0.55377
0.00895 -0.00284 0.57305
-0.00761 0.00126 0.59237
0.00087 0.00375 0.61849
0.00426 -0.01751 0.64325
-0.00763 -0.00224 0.65734
-0.01713 -0.01566 0.67627
-0.02066 -0.01991 0.68838
-0.01305 -0.00530 0.71017
-0.01583 -0.01836 0.72286
-0.02016 -0.00706 0.73871
-0.01531 -0.00847 0.75623
-0.01124 -0.01050 0.76577
-0.00764 -0.00967 0.77745
-0.01461 -0.00973 0.78043
-0.01751 -0.01154 0.78666
-0.00708 -0.01471 0.79830
-0.00365 -0.01267 0.80662
-0.02342 -0.02967 0.81599
-0.01224 -0.01421 0.81792
-0.00832 -0.00715 0.82226
-0.00365 -0.01441 0.83125
-0.01073 -0.01328 0.83874
-0.01326 -0.01724 0.84165
-0.01065 -0.02608 0.84389
-0.01254 -0.01479 0.84527
-0.01738 -0.02428 0.83806
-0.01263 -0.04958 0.83007
-0.01149 -0.01446 0.82150
-0.01154 0.00538 0.82333
-0.01457 -0.01861 0.83204
-0.00765 -0.02588 0.83157
-0.00964 -0.02123 0.82187
-0.01135 -0.02605 0.81295
-0.00968 -0.02401 0.81236
-0.01102 -0.01909 0.80627
-0.00736 -0.02767 0.80425
-0.00781 -0.01986 0.80026
-0.00919 -0.02279 0.79640
-0.00845 -0.01600 0.79491
-0.00612 -0.02505 0.79070
-0.01045 -0.02592 0.78329
-0.01068 -0.02093 0.78143
-0.00738 -0.01475 0.77202
-0.00601 -0.02047 0.77364
-0.00627 -0.02222 0.76850
-0.01248 -0.02386 0.76083
-0.01392 -0.02110 0.75010
-0.01211 -0.01583 0.73399
-0.01269 -0.02596 0.71504
-0.01181 -0.02691 0.70533
-0.00898 -0.01800 0.70126
-0.01492 -0.02203 0.69773
-0.01284 -0.02078 0.69522
-0.01036 -0.01658 0.69534
-0.01018 -0.02088 0.68905
-0.01355 -0.01280 0.68604
-0.01738 -0.02594 0.68422
-0.00684 -0.01682 0.67604
-0.00300 -0.01263 0.67384
-0.01102 -0.01896 0.67002
-0.01117 -0.01872 0.66637
0.00197 -0.02409 0.66112
0.00550 -0.00952 0.66346
-0.00371 -0.01645 0.67145
-0.00814 -0.01427 0.67422
-0.00801 -0.01048 0.67959
-0.00646 -0.01801 0.68293
-0.01259 -0.01452 0.69117
-0.00943 -0.00344 0.70063
-0.00616 -0.02053 0.71345
-0.01159 -0.03471 0.72671
-0.00964 -0.00764 0.72936
-0.01160 -0.02410 0.73233
-0.00308 -0.01387 0.73794
0.00096 -0.02691 0.74586
-0.00395 -0.00429 0.74948
-0.01482 -0.01479 0.75278
-0.01360 -0.02352 0.75616
-0.00369 -0.01469 0.75220
-0.01226 -0.02278 0.75972
-0.01395 -0.02436 0.74756
-0.01088 -0.01485 0.74883
-0.00959 -0.02256 0.74572
-0.00644 -0.01876 0.75337
-0.00950 -0.01648 0.75560
-0.01385 -0.02029 0.76062
-0.01086 -0.02372 0.75955
-0.01000 -0.02163 0.76490
-0.01023 -0.01365 0.77033
-0.00730 -0.01251 0.77738
-0.00976 -0.01176 0.78107
-0.01276 -0.01416 0.78652
-0.00762 -0.01733 0.79121
-0.00438 -0.02038 0.79737
-0.00986 -0.02433 0.80112
-0.01075 -0.01353 0.80417
-0.00489 -0.01257 0.80989
-0.00751 -0.01787 0.81487
-0.01026 -0.01820 0.82546
-0.00714 -0.01514 0.83176
-0.01003 -0.01309 0.83851
-0.01656 -0.01320 0.84124
-0.01660 -0.01355 0.84563
-0.01358 -0.02402 0.85554
-0.01278 -0.02109 0.85581
-0.01810 -0.02924 0.85567
-0.01713 -0.02796 0.85320
-0.01315 -0.02074 0.85408
-0.01608 -0.01550 0.85738
-0.01939 -0.01018 0.86726
-0.01677 -0.02553 0.87127
-0.01419 -0.01741 0.87188
-0.01470 -0.01799 0.86582
-0.01759 -0.02670 0.86956
-0.00964 -0.00654 0.86973
-0.01226 -0.03514 0.86784
-0.00832 -0.02253 0.86042
-0.01297 -0.01692 0.86111
-0.01888 -0.03009 0.85794
-0.02011 -0.00693 0.85833
-0.01967 -0.04026 0.85407
-0.01673 -0.02684 0.84589
-0.01728 -0.02390 0.83948
-0.01047 -0.01313 0.83588
-0.00904 -0.02326 0.83363
-0.01021 -0.02579 0.83150
-0.00877 -0.02496 0.82325
-0.00960 -0.02984 0.81824
-0.01139 -0.01818 0.81365
-0.01032 -0.02530 0.81023
-0.01173 -0.01423 0.80488
-0.01361 -0.03587 0.79631
-0.00866 -0.01681 0.79200
-0.01561 -0.01923 0.78631
-0.01148 -0.02061 0.78520
-0.00687 -0.02388 0.78082
-0.00379 -0.02454 0.77842
-0.01741 -0.02397 0.77048
-0.01720 -0.03124 0.76502
-0.00124 0.00304 0.76700
-0.00517 -0.01347 0.77083
-0.01507 -0.02178 0.77522
-0.01418 -0.02925 0.76525
-0.00136 -0.00972 0.75750
-0.01464 -0.02325 0.75448
-0.01398 -0.01815 0.75167
-0.00355 -0.02909 0.74909
-0.00482 -0.01406 0.74524
-0.01233 -0.00445 0.74396
-0.00808 -0.01389 0.74582
-0.00098 -0.02057 0.74769
0.00303 -0.01825 0.73974
-0.00297 -0.01471 0.73808
-0.00277 -0.02570 0.73056
-0.00003 -0.01864 0.72900
0.00326 -0.01720 0.72632
0.00517 -0.02226 0.72650
0.00596 -0.01286 0.72487
0.00760 -0.01696 0.72395
0.00477 -0.01565 0.72128
0.00643 -0.01633 0.72222
0.00777 -0.02024 0.71935
-0.00184 -0.02133 0.71451
-0.00209 -0.00960 0.71575
0.00303 -0.01551 0.71350
0.00455 -0.01583 0.70925
-0.00902 -0.03381 0.70361
-0.00680 -0.02311 0.69289
-0.01095 -0.01125 0.69015
-0.01197 -0.00900 0.68789
-0.00857 -0.01328 0.68834
-0.00914 -0.03003 0.68286
-0.00927 -0.02072 0.67103
-0.01400 -0.01360 0.66452
-0.01052 -0.01809 0.65992
-0.01465 -0.01411 0.65804
-0.01242 -0.01942 0.65394
-0.01339 -0.01876 0.64706
-0.01425 -0.01841 0.64077
-0.01249 -0.01411 0.63734
-0.00859 -0.01682 0.63460
-0.00423 -0.01214 0.63126
-0.01383 -0.02524 0.61948
-0.01750 -0.02393 0.61031
-0.01210 -0.01659 0.60512
-0.00994 -0.01320 0.60241
-0.01997 -0.01393 0.59423
-0.02439 -0.01572 0.59472
-0.02476 -0.01199 0.58949
-0.01859 -0.01263 0.58786
-0.02349 -0.01751 0.58272
-0.02351 -0.01475 0.57800
-0.03129 -0.01488 0.57668
-0.02920 -0.01393 0.57163
-0.03342 -0.01359 0.57023
-0.04058 -0.01863 0.56523
-0.03480 -0.01631 0.55991
-0.03181 -0.01039 0.56084
-0.02346 -0.01233 0.55805
-0.02683 -0.01247 0.55977
-0.01529 -0.01424 0.55713
-0.00917 -0.01488 0.55768
0.00437 -0.01514 0.55006
0.00813 -0.01684 0.54667
0.01058 -0.01324 0.54380
0.01004 -0.01631 0.53857
0.00252 -0.01097 0.53414
0.00444 -0.01152 0.52867
0.00716 -0.01463 0.52647
0.00962 -0.01033 0.52100
0.00931 -0.01717 0.52215
0.00477 -0.01267 0.51614
0.00361 -0.01132 0.50509
0.00419 -0.00966 0.50552
0.00520 -0.02037 0.49901
0.00842 -0.01008 0.49504
0.00116 -0.01083 0.49270
-0.00443 -0.01356 0.48810
-0.00682 -0.00864 0.48859
-0.00683 -0.00863 0.48631
-0.00338 -0.02115 0.48344
0.00184 -0.01006 0.47891
-0.01383 -0.02175 0.47588
-0.00109 -0.00329 0.47919
-0.00324 -0.00549 0.48751
-0.00484 -0.00525 0.49827
-0.00402 -0.01224 0.50707
0.00132 -0.01136 0.51480
0.00047 -0.01712 0.52367
-0.00085 -0.01098 0.53224
-0.00447 -0.00994 0.53893
-0.00160 -0.00754 0.54786
0.00165 -0.01428 0.55552
0.00145 -0.00851 0.55961
-0.00835 -0.00804 0.56551
-0.00824 -0.00904 0.57104
-0.00712 -0.01396 0.57644
0.00020 -0.00895 0.57528
0.00164 -0.01677 0.57702
-0.01234 -0.00452 0.57497
-0.00950 -0.02304 0.57172
-0.00911 0.00116 0.56910
-0.01334 -0.02588 0.56850
-0.02101 0.00205 0.56467
-0.01401 -0.02652 0.56308
-0.00941 -0.01112 0.55947
-0.01001 -0.02264 0.54778
-0.01064 -0.00835 0.53980
-0.00935 -0.01633 0.52990
-0.00999 -0.01314 0.51596
-0.01172 -0.00415 0.50337
-0.01197 -0.00929 0.49139
-0.01238 -0.01714 0.47701
-0.01348 -0.01912 0.45728
-0.01665 -0.01519 0.43813
-0.01923 -0.01205 0.42345
-0.02366 -0.01613 0.41273
-0.02597 -0.01380 0.40658
-0.03038 -0.01394 0.40182
-0.02875 -0.00463 0.39406
-0.03160 -0.00663 0.39721
-0.04231 -0.00636 0.39217
-0.04807 -0.00545 0.38767
-0.04692 -0.00660 0.38729
-0.04484 -0.00548 0.37407
-0.04609 -0.00784 0.38118
-0.04481 -0.01219 0.37968
-0.03882 -0.01519 0.36608
-0.04453 -0.00937 0.37454
-0.04465 -0.01074 0.36003
-0.04965 -0.01160 0.37285
-0.04968 -0.01069 0.37924
-0.04831 -0.00358 0.37046
-0.05488 -0.00783 0.39675
-0.06239 -0.00643 0.38289
-0.07295 -0.00815 0.41055
-0.06275 -0.00368 0.39647
-0.06238 -0.01146 0.43080
-0.05933 -0.00682 0.44568
-0.05465 -0.00356 0.43183
-0.06471 -0.00466 0.47611
-0.07248 -0.00455 0.46575
-0.07458 -0.00669 0.50553
-0.06427 -0.01229 0.51959
-0.05950 -0.00723 0.51511
-0.05912 -0.00596 0.55464
-0.04982 -0.00555 0.55678
-0.05603 -0.00750 0.59150
-0.04821 -0.00851 0.60447
-0.05185 -0.00833 0.62009
-0.04613 -0.00608 0.64783
-0.03512 -0.01199 0.65752
-0.03573 -0.01502 0.68177
-0.02765 -0.01332 0.69299
-0.02848 -0.01419 0.71145
-0.02440 -0.00819 0.72799
-0.02889 -0.01527 0.74682
-0.02854 -0.01792 0.76155
-0.02859 -0.01475 0.77317
-0.02318 -0.01269 0.79189
-0.02142 -0.01218 0.80674
-0.02302 -0.02416 0.81651
-0.01936 -0.01200 0.82502
-0.01334 -0.01837 0.84083
-0.01329 -0.01888 0.85384
-0.01250 -0.02872 0.86770
-0.01222 -0.01466 0.87823
-0.01002 -0.01134 0.89376
-0.01250 -0.02209 0.90103
-0.01146 -0.02035 0.91093
-0.00856 -0.02363 0.91245
-0.01121 -0.02016 0.91215
-0.01100 -0.01876 0.91097
-0.01394 -0.01356 0.91302
-0.01140 -0.03518 0.91709
-0.01489 -0.02722 0.91691
-0.01569 -0.02520 0.91471
-0.00968 -0.01886 0.91567
-0.01497 -0.02662 0.91778
-0.01650 -0.03150 0.97194
-0.01876 -0.02201 0.86671
-0.01849 -0.02379 0.91893
-0.01818 -0.02181 0.91969
-0.02057 -0.02534 0.92219
-0.01585 -0.02333 0.91974
-0.01989 -0.02816 0.91689
-0.01951 -0.02817 0.91622
-0.01469 -0.01677 0.91700
-0.01445 -0.02391 0.91591
-0.01683 -0.02499 0.91141
-0.01497 -0.02793 0.90652
-0.01392 -0.02575 0.90144
-0.01730 -0.03108 0.89060
-0.01700 -0.02655 0.88591
-0.01625 -0.01726 0.87702
-0.01126 -0.01932 0.86689
-0.02163 -0.03494 0.85357
-0.01129 -0.03217 0.83320
-0.01497 -0.02249 0.82983
-0.01906 -0.01895 0.78745
-0.01796 -0.02704 0.78605
-0.01730 -0.01686 0.76734
-0.01860 -0.02614 0.75021
-0.01480 -0.02234 0.72976
-0.01565 -0.02602 0.70560
-0.01633 -0.02589 0.67998
-0.01545 -0.02936 0.65288
-0.01557 -0.01865 0.62675
-0.01337 -0.01688 0.60129
-0.01451 -0.02836 0.57750
-0.01401 -0.02443 0.55139
-0.01098 -0.01202 0.53222
-0.00698 -0.01158 0.51271
-0.01274 -0.01398 0.49740
-0.01358 -0.01136 0.48428
-0.01069 -0.01869 0.48105
-0.00961 -0.01384 0.46495
-0.01496 -0.01518 0.46860
-0.01696 -0.01685 0.46437
-0.02183 -0.01470 0.45569
-0.03007 -0.01350 0.44909
-0.03518 -0.01095 0.43369
-0.03450 -0.00795 0.43923
-0.04191 -0.00589 0.43490
-0.04638 -0.00884 0.42030
-0.04870 -0.01252 0.42749
-0.05525 -0.01294 0.40963
-0.06109 -0.01413 0.41631
-0.06335 -0.01365 0.41175
-0.06737 -0.00412 0.39623
-0.06567 -0.00563 0.40892
-0.06678 -0.00940 0.39412
-0.06869 -0.01252 0.39977
-0.06551 -0.01014 0.39706
-0.06967 -0.01672 0.38686
-0.07627 -0.01483 0.38528
-0.07635 -0.00919 0.37967
-0.07686 -0.00817 0.37679
-0.07669 -0.00992 0.37313
-0.07313 -0.00477 0.37711
-0.06746 -0.00732 0.37048
-0.07255 -0.00913 0.37955
-0.07388 -0.00913 0.36328
-0.06945 -0.00791 0.36286
-0.07406 -0.01329 0.37501
-0.07824 -0.01131 0.35165
-0.08240 -0.01134 0.37160
-0.06715 -0.00664 0.35532
-0.06818 -0.00988 0.37975
-0.05830 -0.00801 0.36555
-0.05772 -0.00982 0.36991
-0.05346 -0.01144 0.38826
-0.03826 -0.00308 0.38056
-0.01981 0.00294 0.39847
-0.02280 -0.00186 0.40385
-0.03265 -0.00662 0.41804
-0.03117 -0.00807 0.42670
-0.03199 -0.01311 0.44225
-0.01819 -0.01671 0.45293
-0.01549 -0.00478 0.46717
-0.01765 -0.00351 0.48369
-0.00900 0.00259 0.50418
-0.01599 0.00084 0.52931
-0.02925 -0.01464 0.54865
-0.03014 -0.01506 0.56710
-0.02195 -0.00627 0.58427
-0.01461 -0.00901 0.60228
-0.01199 -0.00533 0.62180
-0.01140 -0.01334 0.64087
-0.01296 -0.00993 0.65634
-0.01495 -0.01312 0.67889
-0.01064 -0.01265 0.69464
-0.00348 -0.00970 0.71293
-0.00826 -0.01095 0.73120
-0.00321 -0.01538 0.74906
-0.00316 -0.01560 0.76714
-0.00681 -0.01184 0.78550
-0.00430 -0.01209 0.80114
-0.00468 -0.01531 0.81674
-0.00426 -0.01201 0.83469
-0.00173 -0.01051 0.85260
-0.00401 -0.01482 0.86387
-0.00323 -0.02041 0.87294
-0.00308 -0.01798 0.87576
-0.00445 -0.01672 0.88105
-0.00102 -0.02123 0.88085
-0.00344 -0.02370 0.88178
-0.00969 -0.02339 0.88219
-0.00219 -0.02669 0.88433
-0.00322 -0.01908 0.89038
-0.00399 -0.02651 0.89054
-0.00515 -0.03013 0.89473
-0.00958 -0.01948 0.89588
-0.01039 -0.02509 0.89767
-0.01345 -0.02026 0.89979
-0.01108 -0.02405 0.89796
-0.01660 -0.02519 0.89832
-0.01809 -0.02184 0.89941
-0.01491 -0.03266 0.89508
-0.01569 -0.01922 0.89326
-0.01624 -0.01171 0.89724
-0.01592 -0.02785 0.90216
-0.01248 -0.03611 0.89727
-0.01289 -0.02561 0.89665
-0.01640 -0.02447 0.89756
-0.01396 -0.02395 0.89805
-0.00972 -0.02497 0.89795
-0.00986 -0.02148 0.89495
-0.01222 -0.02595 0.91690
-0.00768 -0.02658 0.86827
-0.00914 -0.02536 0.88869
-0.01322 -0.02860 0.88547
-0.00833 -0.02310 0.88242
-0.00802 -0.02031 0.88439
-0.00806 -0.02058 0.88053
-0.00820 -0.02111 0.87949
-0.00702 -0.01678 0.87911
-0.01132 -0.02412 0.87352
-0.01044 -0.02856 0.87910
-0.00899 -0.02671 0.87255
-0.01491 -0.01813 0.87574
-0.01370 -0.02020 0.87950
-0.00951 -0.01894 0.88324
-0.00611 -0.01769 0.88755
-0.00896 -0.02413 0.89302
-0.00907 -0.01717 0.89678
-0.00983 -0.02084 0.89180
-0.00381 -0.01355 0.90380
-0.00319 -0.02443 0.90712
-0.01267 -0.02940 0.90805
-0.01795 -0.02977 0.91015
-0.00467 -0.00838 0.91220
-0.01531 -0.01949 0.92405
-0.01858 -0.02638 0.92461
-0.01540 -0.01744 0.92972
-0.01283 -0.02024 0.93270
-0.01351 -0.02249 0.93666
-0.01586 -0.02139 0.95031
-0.01617 -0.02158 0.93872
-0.01970 -0.01805 0.95012
-0.01885 -0.02285 0.95550
-0.02034 -0.02786 0.95677
-0.01688 -0.03034 0.96369
-0.01838 -0.02028 0.96352
-0.01925 -0.01902 0.96984
-0.01477 -0.01810 0.97466
-0.01300 -0.02439 0.97862
-0.01380 -0.02097 0.98286
-0.02006 -0.02991 1.00430
-0.01792 -0.02259 0.96893
-0.01510 -0.02974 0.98070
-0.01698 -0.01969 0.98110
-0.01391 -0.02495 0.97816
-0.01917 -0.02712 0.97648
-0.01960 -0.03118 0.97455
-0.02265 -0.02552 0.97260
-0.01898 -0.02903 0.97464
-0.02158 -0.02662 0.97471
-0.01718 -0.02457 0.97597
-0.02124 -0.03498 0.97446
-0.01675 -0.01601 0.97410
-0.01330 -0.04499 0.97540
-0.01063 -0.01110 0.97377
-0.01518 -0.02934 0.97344
-0.01553 -0.01890 0.97597
-0.01379 -0.03668 0.97342
-0.01170 -0.01954 0.97586
-0.01431 -0.02968 0.97281
-0.01141 -0.01452 0.97371
-0.01522 -0.02980 0.97747
-0.01269 -0.01831 0.97320
-0.01654 -0.03055 0.97545
-0.01286 -0.02934 0.97058
-0.01531 -0.02053 0.97236
-0.01438 -0.02222 0.97169
-0.01900 -0.03524 0.97150
-0.01510 -0.03148 0.96729
-0.01342 -0.01981 0.96668
-0.01841 -0.01763 0.96752
-0.01405 -0.01542 0.96761
-0.00844 -0.02642 0.97574
-0.00763 -0.02574 0.97006
-0.00634 -0.01880 0.97109
-0.00703 -0.02508 0.96940
-0.00684 -0.02804 0.96827
-0.01086 -0.01990 0.97360
-0.01058 -0.02842 0.97166
-0.01037 -0.03555 0.98579
-0.00749 -0.01890 0.94975
-0.01138 -0.02947 0.96870
-0.00991 -0.01552 0.97578
-0.01143 -0.01534 0.97628
-0.01137 -0.03064 0.98234
-0.01369 -0.02370 0.97294
-0.01859 -0.02691 0.97433
-0.01201 -0.01266 0.98023
-0.01542 -0.02245 0.98374
-0.01437 -0.02308 0.98463
-0.01471 -0.03976 0.98064
-0.01033 -0.02537 0.97927
-0.01118 -0.03099 0.97806
-0.00977 -0.00617 0.98093
-0.01443 -0.01935 0.98989
-0.01623 -0.03711 0.99065
-0.01665 -0.02058 0.99246
-0.01816 -0.02984 0.98844
-0.01879 -0.01838 0.98935
-0.01778 -0.03018 0.99308
-0.01314 -0.01469 0.99326
-0.01318 -0.03796 0.99414
-0.01418 -0.02604 0.99310
-0.01781 -0.02919 0.99448
-0.01785 -0.02269 0.99753
-0.01922 -0.03636 0.99882
-0.01825 -0.02166 1.00103
-0.01542 -0.02009 1.00540
-0.02044 -0.02935 1.00468
-0.01996 -0.02691 1.00448
-0.01846 -0.02847 1.00272
-0.01744 -0.03143 1.00524
-0.01989 -0.03014 1.00397
-0.01755 -0.02522 1.00519
-0.01892 -0.02568 1.00344
-0.02097 -0.02567 1.00274
-0.02068 -0.02752 1.00073
-0.01780 -0.02986 0.99571
-0.01947 -0.02953 0.99597
-0.01704 -0.02167 0.99090
-0.01891 -0.03863 0.99180
-0.01687 -0.03152 0.98615
-0.01408 -0.01854 0.97821
-0.01267 -0.03273 0.97794
-0.01489 -0.01416 0.97650
-0.01270 -0.03834 0.98009
-0.01129 -0.01994 0.97336
-0.01547 -0.03035 0.96714
-0.01625 -0.03145 0.96342
-0.01297 -0.03100 0.95956
-0.01283 -0.01492 0.96023
-0.01725 -0.03583 0.95836
-0.01443 -0.02948 0.95543
-0.01451 -0.02541 0.95017
-0.02086 -0.03021 0.93646
-0.02058 -0.02064 0.93718
-0.02236 -0.02660 0.92584
-0.02227 -0.02341 0.91886
-0.02251 -0.02598 0.90553
-0.02611 -0.02626 0.90140
-0.02413 -0.02930 0.90321
-0.02245 -0.02783 0.87788
-0.01642 -0.02782 0.87893
-0.02160 -0.02630 0.87158
-0.02105 -0.02811 0.86161
-0.01559 -0.02407 0.84947
-0.01354 -0.02260 0.83935
-0.01729 -0.02497 0.82248
-0.01198 -0.02768 0.80747
-0.01007 -0.02582 0.78986
-0.01021 -0.02224 0.77729
-0.01218 -0.02786 0.76398
-0.00890 -0.02229 0.75521
-0.00655 -0.02345 0.74733
-0.01006 -0.02092 0.73903
-0.00585 -0.02514 0.73428
-0.00940 -0.02250 0.72565
-0.00284 -0.01647 0.72108
-0.00457 -0.01549 0.71567
-0.00328 -0.01663 0.70888
-0.00567 -0.02259 0.70847
-0.00242 -0.01854 0.67772
-0.00745 -0.02169 0.67906
-0.00472 -0.01806 0.67114
-0.00572 -0.01187 0.66118
-0.00502 -0.02113 0.64978
-0.00318 -0.01558 0.63602
-0.00517 -0.02140 0.62211
-0.00493 -0.02027 0.60633
-0.00669 -0.01495 0.59104
-0.00306 -0.01443 0.57181
-0.00128 -0.01515 0.55580
-0.00414 -0.01452 0.53965
-0.00420 -0.01325 0.52632
0.00066 -0.01834 0.50907
0.00276 -0.01414 0.49578
0.00414 -0.01872 0.48398
0.00399 -0.02131 0.47135
0.00783 -0.01532 0.45872
0.00684 -0.01786 0.44733
0.00944 -0.01375 0.43479
0.01283 -0.01060 0.42074
0.01377 -0.01240 0.40901
0.01204 -0.01235 0.40008
0.01031 -0.01247 0.38856
0.01845 -0.01545 0.37681
0.02034 -0.01519 0.36151
0.02579 -0.01332 0.34935
0.02789 -0.01311 0.34062
0.02631 -0.00871 0.34088
0.02470 -0.00778 0.33840
0.01882 -0.00575 0.35515
0.04379 -0.00588 0.32736
0.02944 -0.01162 0.34011
0.02981 -0.01171 0.33205
0.03791 -0.01721 0.33042
0.04276 -0.01801 0.32757
0.03829 -0.01639 0.31429
0.03858 -0.01401 0.32563
0.04032 -0.00799 0.31589
0.03423 -0.00284 0.33966
0.04096 0.00230 0.33784
0.04756 -0.00085 0.36486
0.05472 -0.00684 0.37447
0.04860 -0.01038 0.36808
0.04562 -0.00653 0.39086
0.04399 -0.00964 0.38663
0.04710 -0.01730 0.41239
0.04204 -0.01287 0.40878
0.04146 -0.01076 0.43562
0.03545 -0.00042 0.44351
0.03627 -0.00546 0.47096
0.03280 -0.00303 0.49452
0.03071 -0.01023 0.50997
0.04712 -0.00833 0.52089
0.03766 -0.02042 0.52479
0.03108 -0.01782 0.56103
0.03119 0.00360 0.57351
0.02500 -0.00697 0.58248
0.02503 -0.01341 0.60994
0.02017 -0.01352 0.61713
0.01492 -0.01106 0.64092
0.01216 -0.00661 0.65355
0.00549 -0.00669 0.66829
0.00249 -0.00870 0.68744
0.00080 -0.01302 0.70263
-0.00616 -0.01602 0.71756
-0.00250 -0.01080 0.72831
-0.00849 -0.01035 0.74390
-0.01175 -0.00544 0.76104
-0.01629 -0.01783 0.77477
-0.01177 -0.02240 0.78606
-0.01229 -0.01982 0.79058
-0.01912 -0.01454 0.79835
-0.02145 -0.00372 0.80339
-0.01560 -0.01898 0.81034
-0.01782 -0.01970 0.81192
-0.02247 -0.02984 0.81029
-0.01544 -0.02178 0.81038
-0.02436 -0.02499 0.81067
-0.01890 -0.01529 0.81778
-0.01638 -0.01710 0.82354
-0.01503 -0.01090 0.82850
-0.01865 -0.02005 0.82612
-0.01541 -0.02228 0.82547
-0.01543 -0.02502 0.82483
-0.01395 -0.01230 0.82267
-0.01327 -0.01607 0.82339
-0.01819 -0.02626 0.81920
-0.01755 -0.02080 0.81511
-0.01009 -0.01346 0.81328
-0.01518 -0.02738 0.81148
-0.01610 -0.02276 0.80675
-0.01898 -0.03445 0.80082
-0.01497 -0.01029 0.79381
-0.01117 -0.02476 0.79056
-0.01092 -0.00510 0.78268
-0.01372 -0.03309 0.77267
-0.00760 -0.02461 0.75805
-0.00871 -0.01692 0.74254
-0.01053 -0.02792 0.72246
-0.01795 -0.02683 0.70524
-0.01576 -0.01571 0.68858
-0.01300 -0.01596 0.66919
-0.01072 -0.00935 0.65414
-0.01821 -0.03923 0.63382
-0.00895 -0.00978 0.60936
-0.01361 -0.02186 0.58917
-0.00803 -0.01276 0.56703
-0.01180 -0.02440 0.54836
-0.00989 -0.01695 0.52739
-0.00902 -0.01599 0.50677
-0.00613 -0.01975 0.48475
-0.00306 -0.01494 0.46411
0.00171 -0.01266 0.45065
0.00286 -0.01571 0.44300
0.00921 -0.01429 0.43888
0.00772 -0.01594 0.43957
0.01310 -0.01481 0.43242
0.01742 -0.01528 0.43412
0.02346 -0.01902 0.42033
0.01861 -0.01191 0.41944
0.02246 -0.01397 0.41985
0.03003 -0.00183 0.40412
0.03237 -0.01458 0.41431
0.03910 -0.00551 0.39618
0.04856 -0.00975 0.40583
0.04702 -0.00608 0.38417
0.04695 -0.01299 0.40130
0.04773 -0.02017 0.38237
0.04153 -0.02019 0.38470
0.03953 -0.01590 0.36461
0.03555 -0.01584 0.38028
0.04516 -0.00260 0.38454
0.05086 -0.00432 0.37161
0.05675 -0.00861 0.39352
0.04901 0.00491 0.37471
0.03051 -0.00041 0.40012
0.00874 -0.01396 0.38832
0.02511 -0.02158 0.41008
0.05102 -0.01958 0.41153
0.06123 -0.00013 0.39600
0.05978 0.00198 0.42148
0.03830 -0.00245 0.41959
0.02350 0.00343 0.44875
0.01648 -0.01296 0.46773
0.04772 -0.01903 0.45993
0.04200 -0.02517 0.48405
0.04142 -0.00455 0.48945
0.04190 -0.00777 0.50642
0.02458 0.00576 0.52186
0.02025 0.00120 0.54178
0.01846 -0.02179 0.56316
0.01815 -0.00884 0.57221
0.01839 -0.01866 0.58786
0.00757 -0.00793 0.59981
0.01860 -0.00489 0.61416
0.02226 -0.01162 0.63604
0.01022 0.00275 0.65035
0.00545 -0.01200 0.67146
-0.00405 -0.01662 0.68476
0.00162 -0.02732 0.69819
0.00451 -0.00224 0.71165
0.00491 -0.00619 0.72556
-0.01044 -0.00148 0.74495
-0.01343 -0.02951 0.76429
-0.00776 -0.01018 0.77956
-0.00970 -0.01743 0.79198
-0.00602 -0.00821 0.79758
-0.00450 -0.01978 0.80797
-0.01166 -0.02486 0.81209
-0.01141 -0.01968 0.80382
-0.00946 -0.02324 0.80384
-0.00990 -0.02615 0.80544
-0.01465 -0.00984 0.80884
-0.01595 -0.02301 0.80811
-0.01307 -0.02357 0.81282
-0.01449 -0.02352 0.81135
-0.01652 -0.00809 0.81666
-0.01416 -0.01032 0.83367
-0.02254 -0.02710 0.81113
-0.01941 -0.02415 0.82247
-0.01820 -0.02737 0.81966
-0.01723 -0.01247 0.82216
-0.01533 -0.01964 0.82459
-0.01375 -0.01550 0.82653
-0.01185 -0.02561 0.82683
-0.00970 -0.01504 0.82805
-0.01053 -0.02429 0.82525
-0.00835 -0.02281 0.82661
-0.01057 -0.01538 0.82433
-0.01166 -0.02349 0.82339
-0.01082 -0.01609 0.82186
-0.01571 -0.02486 0.81867
-0.00893 -0.01935 0.81588
-0.01237 -0.01379 0.81504
-0.01569 -0.02288 0.81498
-0.01495 -0.02550 0.81068
-0.01078 -0.02849 0.80555
-0.00953 -0.02816 0.79835
-0.01185 -0.01618 0.79581
-0.01268 -0.01797 0.79202
-0.01013 -0.02219 0.79153
-0.00903 -0.02260 0.78971
-0.01365 -0.02033 0.78505
-0.01153 -0.01209 0.78681
-0.00745 -0.02191 0.78437
-0.01074 -0.02583 0.78195
-0.01209 -0.02488 0.76869
-0.01016 -0.02779 0.76866
-0.00918 -0.01962 0.76745
-0.01098 -0.01886 0.76494
-0.01417 -0.01875 0.76455
-0.01676 -0.02646 0.76144
-0.01603 -0.01389 0.76096
-0.01894 -0.02081 0.75775
-0.01228 -0.02856 0.75374
-0.01096 -0.02816 0.74701
-0.01730 -0.02614 0.74550
-0.01217 -0.00207 0.74611
-0.00695 -0.02350 0.75493
-0.00500 -0.03813 0.73004
-0.01911 -0.04262 0.72669
-0.01003 -0.00631 0.71567
-0.00036 0.00487 0.72338
-0.01011 -0.01321 0.72880
-0.02223 -0.02221 0.72653
-0.01577 -0.02491 0.71992
-0.01489 -0.02545 0.71368
-0.00800 -0.00753 0.71053
-0.01943 -0.02577 0.70628
-0.02180 -0.02295 0.70362
-0.01222 -0.02565 0.69751
-0.00682 -0.01251 0.69443
-0.00755 -0.01760 0.69340
-0.01317 -0.01820 0.68714
-0.00789 -0.01190 0.68217
-0.00466 -0.01992 0.67778
-0.00994 -0.01202 0.67422
-0.01949 -0.02463 0.66820
-0.01328 -0.02054 0.65813
-0.01342 -0.01843 0.65264
-0.01307 -0.02187 0.64965
-0.00975 -0.01674 0.64883
-0.01022 -0.01388 0.64619
-0.01096 -0.01676 0.64380
-0.01391 -0.01511 0.64253
-0.01029 -0.01534 0.63562
-0.00133 -0.01974 0.63494
0.00289 -0.01733 0.62928
-0.00980 -0.01663 0.62728
-0.01103 -0.01715 0.62524
-0.00436 -0.01278 0.62180
0.00436 -0.02532 0.62332
0.00237 -0.01599 0.62737
-0.00265 -0.01015 0.63464
-0.00571 -0.00886 0.64427
-0.00546 -0.01054 0.65393
0.00086 -0.01685 0.66575
0.00050 -0.02167 0.67037
-0.00034 -0.00490 0.68073
-0.00548 -0.01639 0.69150
-0.00865 -0.00287 0.70479
0.00129 -0.02534 0.71634
0.00010 -0.02552 0.72392
-0.00345 -0.01005 0.73180
-0.00396 -0.01137 0.74574
-0.00252 -0.00902 0.76422
-0.00204 -0.01633 0.77873
-0.00607 -0.00623 0.79441
-0.00569 -0.02202 0.80966
-0.00563 -0.01739 0.82167
-0.00768 -0.01836 0.83828
-0.00909 -0.01117 0.84923
-0.01163 -0.03552 0.87049
-0.01060 -0.00552 0.86311
-0.00932 -0.01131 0.88583
-0.01337 -0.01938 0.90596
-0.01013 -0.02208 0.91605
-0.01330 -0.01404 0.92833
-0.01081 -0.00614 0.94051
-0.01716 -0.03090 0.95079
-0.01821 -0.03037 0.96111
-0.02394 -0.01594 0.96851
-0.01668 -0.01704 0.97796
-0.01702 -0.01608 0.99166
-0.02049 -0.03662 0.99535
-0.01200 -0.02486 0.99341
-0.01878 -0.02008 0.99328
-0.01965 -0.00691 0.99770
-0.01911 -0.02849 1.00781
-0.01659 -0.01765 1.00966
-0.01321 -0.03113 1.01216
-0.01302 -0.00587 1.00917
-0.01555 -0.04420 1.00691
-0.01650 -0.02926 1.00223
-0.01534 -0.03160 1.01027
-0.01494 -0.01867 1.00206
-0.01773 -0.02121 0.99108
-0.01710 -0.02405 1.00367
-0.01846 -0.03468 0.99702
-0.02317 -0.01950 0.99645
-0.01676 -0.02413 0.99411
-0.02274 -0.01602 0.99421
-0.01910 -0.03732 0.99336
-0.01642 -0.02412 0.98902
-0.01401 -0.03144 0.98131
-0.02188 -0.02551 0.97899
-0.02275 -0.02303 0.97608
-0.02693 -0.02872 0.97665
-0.02689 -0.03080 0.97538
-0.01673 -0.04134 0.96017
-0.01479 -0.00729 0.96017
-0.01896 -0.04518 0.95418
-0.00914 -0.00692 0.95045
-0.01198 -0.03716 0.95026
-0.01545 -0.01398 0.95032
-0.01526 -0.03170 0.94547
-0.01263 -0.02743 0.94325
-0.01694 -0.02400 0.93020
-0.01547 -0.02189 0.93516
-0.01448 -0.02397 0.93341
-0.01089 -0.02386 0.92948
-0.01585 -0.02147 0.92745
-0.01310 -0.03498 0.92417
-0.01344 -0.01822 0.92571
-0.00515 -0.02229 0.92814
-0.00527 -0.02266 0.92820
-0.01006 -0.02773 0.92789
-0.00107 -0.01664 0.92764
-0.00439 -0.01871 0.93158
-0.00395 -0.02784 0.93202
-0.01012 -0.02212 0.92987
-0.00732 -0.02205 0.92912
-0.00718 -0.01507 0.93500
-0.00781 -0.02704 0.94587
0.00022 -0.03197 0.92266
-0.00211 -0.02258 0.93652
0.00079 -0.00894 0.94085
0.00315 -0.03729 0.94326
-0.00008 -0.02441 0.94227
0.00350 -0.01216 0.94183
0.00168 -0.02157 0.94805
-0.00372 -0.03672 0.94635
0.00022 -0.02224 0.94838
-0.00704 -0.02326 0.94541
-0.00827 -0.02579 0.94834
-0.00715 -0.02257 0.94598
-0.01220 -0.01172 0.94723
-0.01329 -0.02915 0.95415
-0.01557 -0.02269 0.95144
-0.01560 -0.03190 0.94467
-0.01975 -0.03430 0.94162
-0.01833 -0.02955 0.93623
-0.01514 -0.01390 0.93806
-0.02180 -0.02215 0.93724
-0.02858 -0.01815 0.93686
-0.02535 -0.03868 0.93797
-0.01667 -0.01901 0.92882
-0.01847 -0.02871 0.92568
-0.01943 -0.02617 0.91707
-0.01275 -0.02882 0.90679
-0.01432 -0.01793 0.89321
-0.01010 -0.01500 0.88528
-0.01107 -0.03177 0.87033
-0.01496 -0.02132 0.84948
-0.01269 -0.03764 0.83000
-0.01063 -0.02630 0.81976
-0.01379 -0.02079 0.81710
-0.01539 -0.02139 0.81681
-0.01065 -0.01314 0.81616
-0.01073 -0.02247 0.81667
-0.00495 -0.02034 0.81322
-0.00444 -0.01539 0.81332
-0.00803 -0.02706 0.81154
-0.00629 -0.02855 0.80688
-0.00407 -0.03034 0.80070
-0.00930 -0.02296 0.79219
-0.01467 -0.02171 0.79331
-0.00704 -0.01361 0.79380
-0.01531 -0.01572 0.79295
-0.02021 -0.02412 0.78592
-0.01752 -0.02050 0.78731
-0.01155 -0.02031 0.78781
-0.01856 -0.02740 0.77153
-0.01378 -0.02554 0.77041
-0.01026 -0.01699 0.77052
-0.01107 -0.01291 0.76960
-0.01518 -0.01496 0.77244
-0.01400 -0.02860 0.77163
-0.01720 -0.02786 0.76231
-0.01664 -0.02324 0.75315
-0.01199 -0.01388 0.74449
-0.01797 -0.01783 0.72972
-0.01574 -0.01243 0.71388
-0.01478 -0.01961 0.69677
-0.00880 -0.02437 0.67632
-0.00847 -0.03308 0.65455
-0.00936 -0.02331 0.62642
-0.01539 -0.02712 0.59999
-0.00880 -0.01777 0.57232
-0.00675 -0.01099 0.54855
-0.01001 -0.01593 0.52264
-0.01373 -0.01263 0.50012
-0.01196 -0.02014 0.48018
-0.00551 -0.01711 0.46677
-0.00101 -0.01670 0.46524
-0.00588 -0.01703 0.45482
-0.00308 -0.01299 0.45201
-0.00307 -0.01378 0.44520
-0.00493 -0.01156 0.45277
0.00062 -0.01141 0.41084
0.00039 -0.01072 0.40773
0.00110 -0.01243 0.38815
-0.00083 -0.00887 0.36497
-0.00417 -0.01538 0.34024
-0.00157 -0.00805 0.31835
-0.00088 -0.01007 0.31787
-0.00121 -0.00744 0.31582
0.00434 -0.00666 0.31558
0.00329 -0.00782 0.31100
0.00340 -0.00689 0.30862
0.00114 -0.01021 0.30353
0.00260 -0.01179 0.30334
0.00310 -0.01031 0.29587
0.00248 -0.01595 0.29370
0.00790 -0.00597 0.29548
0.01188 -0.00423 0.29929
0.00799 -0.01160 0.30508
0.00797 -0.00751 0.30612
0.01086 -0.00901 0.31347
0.00850 -0.00555 0.31893
0.01044 -0.00459 0.32341
0.01087 -0.01113 0.32858
0.01653 -0.01069 0.33481
0.02042 -0.01183 0.34628
0.01995 -0.00689 0.35338
0.01460 -0.01343 0.36759
0.01407 -0.00902 0.37713
0.01822 -0.00420 0.39091
0.02145 -0.00591 0.40504
0.02627 -0.00734 0.41154
0.02822 -0.00801 0.42760
0.03190 -0.01125 0.43583
0.03093 -0.00817 0.44952
0.02451 -0.01297 0.46275
0.03568 -0.00530 0.46773
0.03394 -0.00989 0.48400
0.03146 -0.00935 0.49564
0.02970 -0.01060 0.50451
0.02406 -0.01404 0.51862
0.03183 -0.01232 0.51862
0.03064 -0.01376 0.53718
0.03205 -0.01037 0.54294
0.03049 -0.01249 0.55338
0.02949 -0.00963 0.56966
0.03199 -0.01955 0.57368
0.02978 -0.00803 0.59047
0.02485 -0.00734 0.59612
0.03039 -0.00976 0.61740
0.04054 -0.00996 0.61740
0.03963 -0.01667 0.62814
0.03159 -0.02611 0.64391
0.02555 -0.02229 0.63937
0.04120 -0.01114 0.65889
0.04679 -0.01567 0.65292
0.04436 -0.01081 0.65536
0.02444 -0.02860 0.67699
0.03040 -0.02382 0.67053
0.03216 0.00068 0.69425
0.02818 -0.01101 0.69713
0.02522 -0.01214 0.71625
0.01703 -0.02341 0.71645
0.01832 -0.01349 0.72426
0.00983 -0.01447 0.73715
0.00934 -0.01190 0.74186
0.00911 -0.01592 0.75618
0.00904 -0.01954 0.75758
0.00809 -0.01446 0.77111
0.00584 -0.02344 0.77900
-0.00003 -0.02700 0.78511
0.00468 -0.01845 0.78904
0.00355 -0.03431 0.79175
0.00594 -0.00875 0.79936
-0.00368 -0.00491 0.81152
-0.00390 0.00197 0.82152
0.00130 -0.03810 0.83250
0.00390 -0.00894 0.83205
-0.00013 -0.02586 0.83643
-0.00804 -0.01240 0.84083
-0.00934 -0.03578 0.84360
-0.00301 -0.00900 0.85204
-0.00738 -0.02899 0.86703
-0.01170 -0.01035 0.83153
-0.01407 -0.03324 0.85377
-0.00953 -0.01854 0.85457
-0.01358 -0.01679 0.85016
-0.01715 -0.02213 0.85855
-0.01911 -0.02128 0.83666
-0.02215 -0.02744 0.84242
-0.01943 -0.01823 0.83692
-0.01788 -0.02089 0.83209
-0.01817 -0.02418 0.82829
-0.01898 -0.02037 0.81777
-0.01877 -0.01947 0.80241
-0.01624 -0.02133 0.78782
-0.01297 -0.02154 0.77034
-0.01660 -0.02459 0.75267
-0.01531 -0.02584 0.74047
-0.01335 -0.02290 0.69969
-0.01111 -0.02317 0.69272
-0.00486 -0.02330 0.68634
-0.00567 -0.02087 0.66719
-0.00808 -0.02362 0.63308
-0.00747 -0.01928 0.63261
-0.00460 -0.02298 0.62121
-0.00220 -0.01617 0.58487
-0.00136 -0.02110 0.59191
0.00380 -0.02005 0.57131
0.00238 -0.02024 0.56955
0.00725 -0.01850 0.56705
0.01140 -0.01781 0.55242
0.01384 -0.01638 0.54914
0.01754 -0.01847 0.52972
0.02447 -0.01565 0.51502
0.02549 -0.01910 0.51737
0.03056 -0.01553 0.49499
0.03478 -0.02076 0.50814
0.03897 -0.01440 0.48033
0.04766 -0.02328 0.49993
0.04525 -0.00829 0.46729
0.04954 -0.00904 0.49536
0.05261 -0.01252 0.45816
0.05040 -0.00986 0.49152
0.04349 -0.01757 0.45048
0.04767 -0.01665 0.44603
0.05448 -0.01014 0.47772
0.05624 -0.00898 0.44303
0.05425 -0.00589 0.47905
0.04304 -0.01211 0.45248
0.04912 -0.01434 0.48901
0.04864 -0.01172 0.46262
0.04996 -0.01168 0.49462
0.04353 -0.00634 0.47950
0.03550 -0.00785 0.49364
0.03570 -0.00681 0.52102
0.03517 -0.01125 0.51913
0.02869 -0.01495 0.54796
0.02377 -0.01970 0.53578
0.00992 -0.01596 0.56903
0.01737 -0.01195 0.55182
0.00970 -0.01237 0.58119
0.00349 0.00111 0.59772
0.00207 -0.01000 0.62101
0.01074 -0.00976 0.61957
0.00800 -0.01935 0.64456
0.00674 -0.00986 0.65707
-0.00270 -0.01319 0.66871
0.00211 -0.01655 0.68448
-0.00330 -0.01426 0.69623
-0.00817 -0.01520 0.71165
-0.01039 -0.01737 0.72553
-0.01575 -0.01664 0.73958
-0.01373 -0.01311 0.75402
-0.01232 -0.01565 0.76388
-0.01241 -0.02041 0.78017
-0.01104 -0.01496 0.79071
-0.00769 -0.01394 0.80369
-0.00790 -0.01607 0.81665
-0.00512 -0.01658 0.82902
-0.00266 -0.01347 0.84095
-0.00357 -0.01402 0.85328
-0.00576 -0.02136 0.86726
-0.00060 -0.02051 0.87552
-0.01283 -0.01713 0.89079
-0.01225 -0.01956 0.89998
-0.01319 -0.01893 0.90910
-0.00726 -0.02385 0.91807
-0.00433 -0.01506 0.92539
-0.00944 -0.01515 0.93379
-0.01963 -0.02313 0.93936
-0.01380 -0.02460 0.94475
-0.01964 -0.02128 0.94818
-0.02006 -0.02261 0.95048
-0.01855 -0.01998 0.95410
-0.02047 -0.02379 0.95226
-0.01722 -0.02353 0.95142
-0.01696 -0.02854 0.95127
-0.01266 -0.02688 0.94655
-0.01441 -0.02195 0.95435
-0.01413 -0.01692 0.95170
-0.00938 -0.03820 0.95139
-0.00700 -0.02291 0.94653
-0.01179 -0.02701 0.94176
-0.01308 -0.02804 0.93995
-0.01019 -0.02873 0.93911
-0.01019 -0.02636 0.93851
-0.00995 -0.02541 0.93451
-0.01268 -0.03276 0.93317
-0.01360 -0.02587 0.93104
-0.01501 -0.02797 0.92846
-0.01589 -0.02785 0.92821
-0.01330 -0.02422 0.92452
-0.01427 -0.02254 0.92831
-0.00976 -0.02344 0.92789
-0.01444 -0.02069 0.92829
-0.01039 -0.02415 0.93146
-0.01113 -0.02618 0.92827
-0.00799 -0.02429 0.93073
-0.01094 -0.02270 0.92988
-0.01107 -0.02768 0.93374
-0.01014 -0.02079 0.93712
-0.00486 -0.01850 0.93880
-0.00889 -0.02269 0.94375
-0.00901 -0.02119 0.94393
-0.00793 -0.01659 0.94802
-0.00183 -0.02422 0.95383
-0.01890 -0.03210 0.95482
-0.01944 -0.03151 0.95482
-0.00735 -0.00673 0.95718
-0.01989 -0.02835 0.96628
-0.02216 -0.02465 0.97126
-0.01542 -0.02152 0.97832
-0.01567 -0.01968 0.98212
-0.01718 -0.02520 0.99031
-0.01718 -0.02392 0.99479
-0.01872 -0.02211 1.00011
-0.01873 -0.01626 1.01724
-0.01989 -0.02627 1.00801
-0.02098 -0.02790 1.02246
-0.01562 -0.02863 1.01902
-0.01776 -0.01918 1.02431
-0.01756 -0.01925 1.03526
-0.01598 -0.02486 1.04267
-0.01730 -0.01805 1.04919
-0.01356 -0.01870 1.05653
-0.01953 -0.03434 1.05606
-0.01666 -0.02317 1.06706
-0.01556 -0.02255 1.06447
-0.01524 -0.02210 1.06738
-0.01905 -0.02724 1.06864
-0.01884 -0.02874 1.06761
-0.01490 -0.02883 1.06786
-0.01818 -0.03127 1.07083
-0.01590 -0.02746 1.06817
-0.01522 -0.02263 1.06918
-0.01572 -0.03444 1.06969
-0.01452 -0.03503 1.06816
-0.01711 -0.02053 1.06728
-0.01444 -0.03608 1.06918
-0.01626 -0.02249 1.06726
-0.01587 -0.03202 1.06956
-0.01590 -0.03252 1.06578
-0.01526 -0.02168 1.06731
-0.01650 -0.02322 1.06906
-0.01549 -0.02536 1.06624
-0.01941 -0.03183 1.06927
-0.01415 -0.02767 1.06758
-0.01345 -0.02694 1.06487
-0.01569 -0.02799 1.06800
-0.01757 -0.03522 1.06487
-0.01330 -0.03504 1.06461
-0.01929 -0.02155 1.06456
-0.01739 -0.00406 1.06752
-0.01359 -0.03702 1.07442
-0.00536 -0.02588 1.07752
-0.00707 -0.02976 1.07536
-0.01044 -0.01980 1.07986
-0.01465 -0.03327 1.07975
-0.01714 -0.02490 1.07959
-0.01033 -0.03395 1.08391
-0.00877 -0.02449 1.08243
-0.00876 -0.02167 1.08142
-0.01254 -0.03184 1.08618
-0.01325 -0.01492 1.08874
-0.01143 -0.03594 1.09688
-0.01297 -0.01961 1.09723
-0.01750 -0.03198 1.09835
-0.01511 -0.01593 1.09898
-0.01546 -0.02048 1.11285
-0.02334 -0.03383 1.11176
-0.01722 -0.03978 1.11144
-0.01782 -0.03107 1.10662
-0.01562 -0.01749 1.11453
-0.01761 -0.01255 1.12415
-0.01727 -0.03420 1.13742
-0.01873 -0.02251 1.13404
-0.02329 -0.02114 1.13729
-0.02187 -0.02045 1.14284
-0.02143 -0.03080 1.14522
-0.01685 -0.03368 1.14983
-0.01585 -0.02881 1.15260
-0.01817 -0.02449 1.15903
-0.01999 -0.03728 1.15887
-0.02094 -0.03044 1.16624
-0.01803 -0.01304 1.17139
-0.02143 -0.03826 1.17192
-0.02102 -0.02983 1.16943
-0.01833 -0.02892 1.16458
-0.02423 -0.03540 1.16561
-0.02295 -0.03194 1.16255
-0.02484 -0.03183 1.15972
-0.02203 -0.02458 1.15958
-0.02081 -0.03932 1.15599
-0.01938 -0.03244 1.15457
-0.01846 -0.03220 1.14937
-0.01971 -0.03548 1.15070
-0.01965 -0.03698 1.14480
-0.01658 -0.02424 1.13590
-0.01735 -0.03263 1.13750
-0.01793 -0.02363 1.13439
-0.01613 -0.04334 1.13400
-0.01288 -0.01569 1.12757
-0.01750 -0.03695 1.12350
-0.02059 -0.03275 1.10769
-0.01754 -0.02321 1.10745
-0.02395 -0.03801 1.09746
-0.02015 -0.03125 1.08047
-0.02142 -0.03471 1.07154
-0.02388 -0.03389 1.05759
-0.02359 -0.02682 1.04198
-0.02443 -0.03304 1.03189
-0.01849 -0.02474 1.00271
-0.02663 -0.03519 0.99561
-0.02403 -0.03161 0.97733
-0.01977 -0.03070 0.96170
-0.01907 -0.03606 0.94934
-0.02427 -0.02835 0.92767
-0.01768 -0.03333 0.91396
-0.01580 -0.02602 0.89786
-0.01126 -0.02811 0.87859
-0.01111 -0.03061 0.86373
-0.01307 -0.02881 0.84383
-0.01171 -0.02591 0.83582
-0.01098 -0.02801 0.81860
-0.00430 -0.02648 0.80919
0.00653 -0.02770 0.77295
0.03506 -0.02331 0.71075
0.03997 -0.02294 0.71126
0.04622 -0.03081 0.71070
0.04174 -0.01764 0.71133
0.03570 -0.01338 0.71061
0.03460 -0.00926 0.71071
0.03290 -0.01552 0.71123
0.02064 -0.02137 0.71088
0.01489 -0.02574 0.71040
0.00050 -0.01727 0.71011
-0.02755 -0.01846 0.71029
-0.05570 -0.01465 0.70782
-0.06639 -0.01731 0.70684
-0.08193 -0.02599 0.70472
-0.11936 -0.02751 0.72567
-0.01017 -0.01805 0.61227
-0.01026 -0.01642 0.59409
-0.00824 -0.01269 0.57653
-0.00993 -0.02151 0.55579
-0.00931 -0.01656 0.53266
-0.00862 -0.01784 0.51434
-0.00922 -0.01740 0.48794
-0.00930 -0.02222 0.46369
-0.01024 -0.01841 0.43591
-0.01248 -0.01452 0.41055
-0.00924 -0.01337 0.38549
-0.00707 -0.01688 0.35836
-0.00914 -0.00830 0.33277
-0.00824 -0.01419 0.30917
-0.00708 -0.00820 0.28851
-0.00804 -0.01037 0.26658
-0.00715 -0.00973 0.24605
-0.00658 -0.01136 0.23181
-0.00650 -0.01320 0.22079
-0.00658 -0.00883 0.21444
-0.00678 -0.00945 0.20780
-0.00482 -0.00576 0.20260
-0.00414 -0.00872 0.19805
-0.00695 -0.00790 0.19690
-0.00882 -0.00567 0.19817
-0.00511 -0.00271 0.19908
-0.00385 -0.00334 0.19899
-0.00423 -0.00332 0.19746
-0.00467 -0.00354 0.19733
-0.00622 -0.00356 0.19841
-0.00587 -0.00371 0.19780
-0.00706 -0.00351 0.19744
-0.01075 -0.00795 0.20046
-0.01504 -0.00768 0.21182
-0.00966 -0.00264 0.22879
-0.00811 -0.00620 0.25050
-0.00514 -0.00657 0.27081
-0.00771 -0.00997 0.28921
-0.00287 -0.00869 0.30455
-0.00578 -0.00599 0.32395
-0.01003 -0.00580 0.34217
-0.01234 -0.00182 0.36843
-0.01126 0.00035 0.39057
-0.00734 -0.00846 0.41433
-0.00598 0.00043 0.44083
-0.00357 -0.00961 0.46350
-0.00288 -0.00673 0.48829
-0.01100 -0.00468 0.50621
-0.00514 -0.00671 0.52659
-0.00062 -0.01909 0.54317
0.00813 -0.01637 0.55738
0.00102 -0.00714 0.57668
-0.01210 -0.01561 0.59712
-0.01957 -0.00432 0.61925
-0.00531 0.00164 0.64054
0.00425 -0.01155 0.66230
-0.00015 -0.00941 0.67984
-0.02669 -0.03205 0.68992
-0.01844 -0.01469 0.70599
-0.01845 -0.00747 0.71906
-0.01540 0.00747 0.74377
-0.01054 -0.00035 0.76887
-0.01264 -0.01442 0.79147
-0.01565 -0.02575 0.80606
-0.01690 -0.01088 0.81299
-0.02113 -0.01664 0.83253
-0.01402 0.00150 0.84162
-0.01350 -0.00119 0.86654
-0.01709 -0.02657 0.88064
-0.01646 -0.02163 0.89002
-0.01135 -0.00697 0.90123
-0.01530 -0.02450 0.91327
-0.00684 -0.01390 0.92434
-0.01256 -0.01909 0.93350
-0.01093 -0.02184 0.94514
-0.00871 -0.01348 0.95853
-0.00736 -0.02304 0.96965
-0.00772 -0.01547 0.98316
-0.01238 -0.02862 0.98847
-0.00689 -0.01289 0.99618
-0.01006 -0.03031 1.00231
-0.00869 -0.02205 1.00546
-0.01233 -0.03133 1.01559
-0.01587 -0.01482 1.02191
-0.01089 -0.03033 1.02732
-0.02066 -0.02137 1.03051
-0.02329 -0.03376 1.03839
-0.01281 -0.01793 1.04044
-0.01404 -0.01319 1.05156
-0.02108 -0.03000 1.05352
-0.01252 -0.01838 1.05318
-0.00938 -0.02218 1.06134
-0.01087 -0.02159 1.06119
-0.01421 -0.03227 1.06255
-0.01316 -0.01419 1.06396
-0.01395 -0.03970 1.06118
-0.01925 -0.02059 1.06517
-0.02010 -0.03598 1.05827
-0.02067 -0.01929 1.06045
-0.02154 -0.01913 1.06457
-0.01433 -0.02241 1.06970
-0.01633 -0.03452 1.06928
-0.01789 -0.03546 1.06234
-0.01819 -0.02644 1.05591
-0.01393 -0.02471 1.05537
-0.01670 -0.02800 1.05822
-0.00937 -0.01569 1.06694
-0.01719 -0.03150 1.06893
-0.00679 -0.01660 1.06996
-0.01398 -0.03617 1.06694
-0.01369 -0.03069 1.06657
-0.01785 -0.02067 1.06536
-0.01636 -0.02067 1.06648
-0.01202 -0.02703 1.07196
-0.01558 -0.02777 1.07198
-0.01691 -0.02459 1.07573
-0.01991 -0.04257 1.06732
-0.01854 -0.01729 1.06865
-0.01793 -0.01810 1.07060
-0.01791 -0.01646 1.07619
-0.02006 -0.02788 1.08070
-0.02185 -0.04316 1.08057
-0.01534 -0.02072 1.07667
-0.01842 -0.03073 1.07467
-0.02754 -0.02277 1.07840
-0.02710 -0.03524 1.07891
-0.02122 -0.01833 1.08003
-0.02299 -0.04105 1.07983
-0.02095 -0.01968 1.08173
-0.00865 -0.02927 1.08245
-0.01972 -0.03517 1.08018
-0.01778 -0.01391 1.07945
-0.02005 -0.02783 1.08368
-0.01777 -0.01169 1.08772
-0.02239 -0.03683 1.09270
-0.01820 -0.02228 1.09306
-0.02332 -0.04686 1.09024
-0.01374 -0.01823 1.09061
-0.01719 -0.02337 1.09131
-0.01881 -0.03040 1.08880
-0.01975 -0.02425 1.08551
-0.01856 -0.02958 1.09801
-0.02261 -0.02174 1.09717
-0.01975 -0.03145 1.09499
-0.01905 -0.02205 1.09710
-0.02055 -0.02882 1.09824
-0.01683 -0.03039 1.09765
-0.01733 -0.02962 1.09975
-0.02052 -0.02076 1.09920
-0.02200 -0.03249 1.10325
-0.02154 -0.02657 1.10186
-0.01750 -0.03165 1.10114
-0.01593 -0.01743 1.10443
-0.01948 -0.03124 1.10622
-0.01736 -0.05620 1.10918
-0.01700 -0.01309 1.10699
-0.01748 -0.01408 1.10717
-0.01982 -0.04037 1.10933
-0.01773 -0.03455 1.11370
-0.01804 -0.02659 1.11223
-0.01159 -0.02102 1.11321
-0.01682 -0.03977 1.11895
-0.00688 -0.02348 1.11684
-0.01246 -0.03091 1.12095
-0.01706 -0.00946 1.11569
-0.01385 -0.04930 1.11925
-0.01324 -0.00966 1.12091
-0.02130 -0.02979 1.12418
-0.01759 -0.03209 1.12957
-0.01415 -0.01981 1.12998
-0.01957 -0.02628 1.13030
-0.02082 -0.03310 1.13111
-0.02261 -0.02839 1.13304
-0.01810 -0.02786 1.13131
-0.02096 -0.02773 1.13585
-0.01722 -0.02870 1.13374
-0.01951 -0.02482 1.13728
-0.01889 -0.02004 1.13945
-0.01856 -0.02995 1.13705
-0.01123 -0.01462 1.14179
-0.01490 -0.01637 1.14213
-0.01536 -0.04756 1.13854
-0.01404 -0.02714 1.13831
-0.01762 -0.02403 1.14185
-0.01820 -0.02801 1.14315
-0.01895 -0.03606 1.14563
-0.01463 -0.02902 1.13547
-0.01127 -0.02381 1.14032
-0.01566 -0.02378 1.13809
-0.01660 -0.03484 1.14103
-0.01860 -0.03695 1.13306
-0.01736 -0.02528 1.13224
-0.01605 -0.02719 1.13708
-0.01830 -0.02674 1.14326
-0.01723 -0.03572 1.12983
-0.01433 -0.05067 1.12423
-0.01764 -0.02460 1.11318
-0.01364 -0.00268 1.11402
-0.02016 -0.03371 1.12016
-0.01218 -0.04104 1.12249
-0.01177 -0.01914 1.11883
-0.01547 -0.03699 1.10796
-0.01758 -0.03200 1.10189
-0.00480 -0.04370 1.08516
-0.01494 -0.02697 1.08002
-0.01179 -0.00961 1.08641
-0.01086 -0.02409 1.09560
-0.00112 -0.03251 1.09047
-0.01369 -0.03503 1.07122
-0.01994 -0.04378 1.05348
-0.02415 -0.04005 1.04858
-0.01715 -0.02695 1.01848
-0.01750 -0.01835 1.03176
-0.01631 -0.01002 1.03540
-0.01713 -0.03142 1.03228
-0.01573 -0.02510 1.02067
-0.01760 -0.04263 1.01106
-0.01149 -0.01258 0.99970
-0.01351 -0.03810 0.99465
-0.01240 -0.04857 0.98762
-0.01253 -0.02017 0.97458
-0.01107 -0.01033 0.98012
-0.00996 -0.03507 0.97556
-0.01351 -0.04268 0.96876
-0.01350 -0.01592 0.95398
-0.01320 -0.02074 0.94832
-0.01554 -0.02833 0.94910
-0.01399 -0.03011 0.94291
-0.01559 -0.02009 0.93900
-0.01456 -0.03237 0.92519
-0.02578 -0.02528 0.92180
-0.01637 -0.01986 0.91836
-0.00818 -0.01261 0.91673
-0.02894 -0.03141 0.91120
-0.00913 -0.02066 0.90698
-0.00913 -0.02203 0.90457
-0.01668 -0.04117 0.89530
-0.01494 -0.01399 0.88731
-0.01613 -0.01871 0.88709
-0.01633 -0.00897 0.88782
-0.02539 -0.02861 0.88864
-0.02483 -0.02946 0.87942
-0.01821 -0.03120 0.86992
-0.01925 -0.02127 0.86203
-0.02146 -0.01849 0.85757
-0.02129 -0.01478 0.85648
-0.02153 -0.01726 0.85733
-0.01992 -0.03309 0.85005
-0.01565 -0.02067 0.84542
-0.01412 -0.01144 0.83452
-0.00822 -0.02379 0.83261
-0.01702 -0.02847 0.82245
-0.01391 -0.02226 0.80983
-0.01067 -0.01268 0.79189
-0.00731 -0.03168 0.78498
-0.00350 -0.01883 0.77208
-0.00104 -0.02074 0.76254
0.00372 -0.01895 0.75021
0.00882 -0.01530 0.73818
0.00776 -0.02157 0.73213
0.01076 -0.01010 0.71580
0.00532 -0.02522 0.70549
0.00536 -0.01272 0.69457
0.00644 -0.02231 0.68525
0.00522 -0.01796 0.67389
0.00239 -0.01163 0.66551
0.01115 -0.02216 0.65325
0.00582 -0.01726 0.64130
0.01133 -0.02007 0.62805
0.00889 -0.01571 0.61510
0.01468 -0.01690 0.59996
0.00541 -0.01366 0.58994
0.00653 -0.01381 0.58213
0.00993 -0.00998 0.56945
0.00870 -0.01745 0.56412
0.00654 -0.02382 0.54883
-0.00091 -0.01081 0.53864
0.00215 -0.01419 0.52369
-0.00064 -0.01716 0.51648
-0.00095 -0.01475 0.50543
-0.00394 -0.01286 0.49603
-0.00902 -0.01477 0.48549
-0.00934 -0.01082 0.47255
-0.01606 -0.01612 0.46349
-0.01344 -0.01189 0.45062
-0.02094 -0.01332 0.43409
-0.01920 -0.01388 0.42044
-0.02615 -0.00971 0.40691
-0.02625 -0.00981 0.39241
-0.02767 -0.00931 0.38574
-0.03199 -0.00986 0.36596
-0.03401 -0.00918 0.36201
-0.03908 -0.00804 0.35098
-0.04566 -0.01228 0.33277
-0.04925 -0.01132 0.33729
-0.05280 -0.01021 0.31457
-0.04887 -0.01063 0.32226
-0.04769 -0.00717 0.31856
-0.04302 -0.00506 0.30808
-0.04657 -0.00777 0.31369
-0.04509 -0.00407 0.30342
-0.05614 -0.00657 0.30596
-0.05071 -0.00463 0.30016
-0.05227 -0.01067 0.29118
-0.04982 -0.00657 0.29713
-0.04449 -0.00209 0.29248
-0.03928 -0.01495 0.29214
-0.03252 -0.01801 0.28224
-0.04317 -0.00099 0.28230
-0.04282 0.00022 0.28776
-0.03216 -0.00469 0.29253
-0.03609 -0.00919 0.29381
-0.03482 -0.01213 0.29373
-0.02014 -0.00259 0.28968
-0.01329 -0.02080 0.29482
-0.01959 -0.01648 0.29531
-0.02370 -0.01148 0.29405
-0.02257 -0.00365 0.30004
-0.01452 0.00304 0.30024
-0.02382 0.00074 0.30639
-0.02317 0.00244 0.31281
-0.03002 -0.00195 0.32249
-0.02964 -0.01233 0.32614
-0.03080 -0.01007 0.33020
-0.02828 -0.00863 0.33439
-0.02848 -0.00731 0.34853
-0.04550 -0.01324 0.34156
-0.03846 -0.00894 0.35850
-0.03574 -0.00772 0.36747
-0.03508 -0.00739 0.37444
-0.04567 -0.00391 0.38410
-0.04834 -0.00854 0.40435
-0.05618 0.00820 0.41717
-0.04454 -0.00592 0.43755
-0.02977 -0.01497 0.46216
-0.03339 -0.00861 0.47461
-0.03491 -0.00823 0.49044
-0.03531 -0.00626 0.51240
-0.02881 -0.01148 0.53485
-0.01798 0.00071 0.55797
-0.01860 -0.01399 0.57879
-0.01361 -0.01698 0.60540
-0.02647 -0.01213 0.62508
-0.02365 0.00178 0.65236
-0.02836 -0.00517 0.68331
-0.02001 0.00128 0.71127
-0.02628 -0.02264 0.74137
-0.01907 -0.01342 0.76354
-0.02741 -0.00673 0.78546
-0.02516 -0.01676 0.80718
-0.01879 -0.01314 0.83669
-0.02220 -0.00373 0.86154
-0.01632 -0.01189 0.88288
-0.01622 -0.01879 0.90551
-0.01423 -0.01072 0.92595
-0.01718 -0.01510 0.94921
-0.01702 -0.01344 0.97397
-0.01333 -0.00884 0.99771
-0.01359 -0.01526 1.02154
-0.01007 -0.02198 1.04437
-0.01844 -0.01620 1.06702
-0.01696 -0.02248 1.08872
-0.01565 -0.00403 1.11186
-0.02412 -0.01682 1.14082
-0.02229 -0.01505 1.16050
-0.01652 -0.01719 1.18135
-0.01589 -0.00843 1.18737
-0.01994 -0.03701 1.18783
-0.01363 -0.03641 1.18086
-0.01629 -0.03137 1.17511
-0.01918 -0.04223 1.17279
-0.01933 -0.02634 1.17736
-0.02241 -0.03575 1.17638
-0.01924 -0.01599 1.17508
-0.02188 -0.03746 1.18138
-0.02181 -0.02908 1.17761
-0.01787 -0.02772 1.17920
-0.01665 -0.03196 1.17893
-0.02125 -0.02634 1.17801
-0.01900 -0.03024 1.17637
-0.02519 -0.04113 1.17383
-0.01839 -0.03042 1.16938
-0.01977 -0.02776 1.17128
-0.02048 -0.04000 1.16316
-0.01651 -0.03625 1.16443
-0.01766 -0.03207 1.15931
-0.01802 -0.02783 1.15969
-0.01774 -0.02553 1.15753
-0.01987 -0.03688 1.15472
-0.02174 -0.03040 1.15210
-0.02096 -0.03439 1.14855
-0.02015 -0.03080 1.14602
-0.02208 -0.03338 1.14509
-0.02005 -0.03748 1.13823
-0.02097 -0.03343 1.13598
-0.02059 -0.02537 1.13284
-0.01824 -0.02547 1.13308
-0.02300 -0.03642 1.13066
-0.01909 -0.03308 1.13235
-0.01970 -0.03231 1.12461
-0.01626 -0.04009 1.11610
-0.01106 -0.02183 1.11438
-0.01429 -0.02727 1.10988
-0.01802 -0.03568 1.11341
-0.01427 -0.03937 1.10845
-0.01351 -0.03229 1.10137
-0.00409 -0.01479 1.09822
-0.00411 -0.03041 1.09844
-0.00336 -0.01943 1.09916
-0.01677 -0.03420 1.09918
-0.02010 -0.02337 1.09915
-0.01722 -0.04402 1.09394
-0.02179 -0.02937 1.08566
-0.02003 -0.02122 1.08548
-0.01402 -0.02514 1.08705
-0.01271 -0.04005 1.09230
-0.01024 -0.01022 1.09658
-0.01587 -0.03310 1.09588
-0.01736 -0.02579 1.09934
-0.02127 -0.03228 1.09189
-0.01355 -0.04155 1.08885
-0.01678 -0.01686 1.08712
-0.01725 -0.03983 1.08597
-0.01681 -0.02660 1.08311
-0.02026 -0.03171 1.08009
-0.02120 -0.02327 1.07962
-0.02222 -0.03202 1.07590
-0.01991 -0.03385 1.07779
-0.02107 -0.03017 1.07207
-0.02080 -0.03328 1.06928
-0.01811 -0.02732 1.06678
-0.02099 -0.03219 1.06222
-0.02220 -0.03304 1.06431
-0.01825 -0.03317 1.06094
-0.01990 -0.03309 1.05561
-0.01642 -0.02722 1.05746
-0.01900 -0.02914 1.05177
-0.01522 -0.03034 1.05216
-0.01672 -0.03005 1.04437
-0.01776 -0.03894 1.04635
-0.01514 -0.02232 1.04097
-0.01692 -0.03580 1.03815
-0.01372 -0.02774 1.03861
-0.01561 -0.02576 1.03644
-0.01460 -0.02935 1.03144
-0.01635 -0.02817 1.02507
-0.01402 -0.03407 1.03117
-0.01386 -0.02737 1.02544
-0.01285 -0.03892 1.02189
-0.01466 -0.02443 1.01872
-0.01109 -0.02587 1.01554
-0.01678 -0.03718 1.01639
-0.01130 -0.02246 1.01316
-0.01073 -0.02983 1.00786
-0.01289 -0.03100 1.00515
-0.01411 -0.03420 1.00031
-0.01259 -0.01515 1.00258
-0.01834 -0.03407 0.99762
-0.01674 -0.02227 0.99532
-0.01745 -0.03111 0.98925
-0.02405 -0.02570 0.98524
-0.02443 -0.02535 0.98506
-0.02199 -0.02797 0.98111
-0.02515 -0.02250 0.97930
-0.02518 -0.02506 0.97603
-0.02655 -0.01846 0.97278
-0.02592 -0.03453 0.97059
-0.02682 -0.03323 0.96329
-0.02967 -0.02180 0.96438
-0.02819 -0.01977 0.96336
-0.02761 -0.02541 0.96146
-0.03394 -0.03114 0.96067
-0.03629 -0.02870 0.95413
-0.03690 -0.02078 0.95611
-0.03629 -0.01882 0.95538
-0.03847 -0.02055 0.96037
-0.03861 -0.02420 0.96056
-0.03568 -0.02358 0.96068
-0.03858 -0.02540 0.96434
-0.04003 -0.02029 0.96444
-0.04413 -0.03475 0.96921
-0.04792 -0.01887 0.97090
-0.04338 -0.02117 0.97772
-0.04542 -0.02301 0.98490
-0.04254 -0.01728 0.98548
-0.04209 -0.02523 0.99716
-0.03903 -0.02591 0.99635
-0.04141 -0.02590 0.99931
-0.03957 -0.01352 1.01297
-0.04492 -0.02794 1.01409
-0.04145 -0.01392 1.01913
-0.04405 -0.04898 1.02214
-0.03195 0.00937 1.02933
-0.04122 -0.04057 1.03489
-0.03677 -0.00903 1.04919
-0.02626 -0.04773 1.05442
-0.03418 -0.01224 1.06448
-0.03162 -0.03532 1.06697
-0.02692 -0.01338 1.07215
-0.02467 -0.01623 1.08175
-0.01885 -0.03687 1.08614
-0.02133 -0.02225 1.09183
-0.02261 -0.02047 1.10109
-0.02346 -0.02673 1.10391
-0.02147 -0.02405 1.11262
-0.01975 -0.02342 1.11739
-0.01923 -0.02944 1.13628
-0.01723 -0.03391 1.10098
-0.01468 -0.02423 1.11339
-0.01914 -0.02451 1.12204
-0.01386 -0.02472 1.11606
-0.01251 -0.03542 1.11454
-0.01247 -0.03328 1.11359
-0.01121 -0.02635 1.10651
-0.00825 -0.03682 1.10570
-0.00999 -0.02304 1.10374
-0.01020 -0.03433 1.10212
-0.00644 -0.02987 1.09654
-0.00692 -0.02860 1.09940
-0.00593 -0.03156 1.08959
-0.00953 -0.03181 1.08750
-0.00913 -0.02812 1.08675
-0.00925 -0.02667 1.08081
-0.01198 -0.02825 1.07894
-0.01089 -0.03492 1.07327
-0.00893 -0.02390 1.06765
-0.00746 -0.02815 1.06454
-0.01155 -0.03128 1.05808
-0.01031 -0.03382 1.05485
-0.01033 -0.02226 1.04940
-0.01268 -0.03250 1.04819
-0.01087 -0.03163 1.04306
-0.00966 -0.02570 1.03288
-0.01132 -0.03144 1.03225
-0.01132 -0.02427 1.02211
-0.01272 -0.03179 1.01066
-0.01777 -0.02464 0.99226
-0.01641 -0.02602 0.96881
-0.01819 -0.03413 0.94499
-0.01633 -0.01851 0.92004
-0.01950 -0.03099 0.88981
-0.02430 -0.03922 0.86347
-0.01848 -0.02465 0.83852
-0.02087 -0.01752 0.81506
-0.02763 -0.03444 0.78512
-0.01980 -0.02575 0.75505
-0.02359 -0.03174 0.72864
-0.02072 -0.02385 0.69988
-0.01858 -0.01643 0.67662
-0.01749 -0.02336 0.66953
-0.01826 -0.01659 0.61158
-0.02118 -0.02206 0.60974
-0.01928 -0.01897 0.59167
-0.01854 -0.01671 0.57303
-0.02587 -0.02323 0.55721
-0.02433 -0.01814 0.54710
-0.02562 -0.02174 0.53212
-0.02349 -0.01897 0.52276
-0.02262 -0.01262 0.51119
-0.02247 -0.01581 0.49458
-0.02642 -0.00752 0.48330
-0.03504 -0.01719 0.45947
-0.03124 -0.01233 0.44702
-0.03485 -0.00968 0.43186
-0.03503 -0.01187 0.40709
-0.03827 -0.01426 0.38834
-0.04064 -0.01065 0.35825
-0.04112 -0.01165 0.33631
-0.03999 -0.00979 0.31271
-0.03397 -0.00537 0.29392
-0.03362 -0.00720 0.29336
-0.03445 -0.00432 0.28764
-0.03259 -0.00270 0.28697
-0.03638 -0.00532 0.29097
-0.04338 -0.00474 0.27922
-0.04348 -0.00713 0.28168
-0.03850 -0.00445 0.27270
-0.03364 -0.00715 0.27020
-0.04075 -0.01043 0.27746
-0.03918 -0.00694 0.27643
-0.04163 -0.00616 0.29246
-0.03270 -0.00295 0.29653
-0.03483 -0.01090 0.31474
-0.03310 -0.01114 0.31837
-0.03535 -0.00874 0.32942
-0.03689 -0.00573 0.34834
-0.03612 -0.00324 0.35216
-0.04062 -0.01127 0.37561
-0.03177 -0.00739 0.38150
-0.04205 -0.00613 0.39765
-0.04430 -0.00067 0.42580
-0.04185 -0.00262 0.43853
-0.03915 -0.00184 0.46793
-0.03529 -0.01231 0.48317
-0.02255 -0.00724 0.51670
-0.03289 -0.00956 0.52035
-0.03117 -0.00909 0.55061
-0.03518 -0.01315 0.57711
-0.03394 -0.00932 0.59742
-0.04094 0.00319 0.62007
-0.03169 -0.00786 0.64420
-0.03027 -0.01051 0.66844
-0.03217 -0.01311 0.69678
-0.03649 -0.02331 0.70949
-0.03269 -0.00958 0.73109
-0.03678 -0.02196 0.75013
-0.02304 0.00030 0.76909
-0.03472 -0.00536 0.78797
-0.04123 -0.01232 0.81277
-0.03735 -0.01170 0.83758
-0.03676 -0.01896 0.85664
-0.03079 -0.01715 0.87415
-0.02842 -0.01920 0.89284
-0.02310 -0.01456 0.91011
-0.02662 -0.01495 0.93080
-0.02239 -0.01365 0.94834
-0.01806 -0.01830 0.96332
-0.01484 -0.02745 0.97322
-0.01384 -0.01766 1.02922
-0.01203 -0.01539 0.95710
-0.01203 -0.01392 1.01558
-0.01401 -0.01669 1.03994
-0.01110 -0.02145 1.04748
-0.01519 -0.01863 1.06063
-0.01882 -0.02254 1.08033
-0.01436 -0.02283 1.08898
-0.01954 -0.02440 1.10347
-0.01523 -0.01428 1.11591
-0.01622 -0.01078 1.13162
-0.01347 -0.02363 1.15127
-0.01789 -0.03000 1.15923
-0.00911 -0.02293 1.16357
-0.01112 -0.02163 1.17352
-0.00731 -0.02229 1.18516
-0.00429 -0.02355 1.19204
-0.00055 -0.01838 1.19860
-0.00515 -0.03130 1.20314
-0.00844 -0.03341 1.19820
-0.00983 -0.03083 1.20355
-0.01452 -0.03170 1.20804
-0.01148 -0.02540 1.21039
-0.01109 -0.03284 1.21315
-0.00846 -0.02807 1.20776
-0.00990 -0.02585 1.20855
-0.01214 -0.02401 1.20888
-0.00900 -0.03474 1.20533
-0.03100 -0.03924 1.20182
-0.00704 -0.01435 1.18750
-0.00490 -0.03340 1.18780
-0.01689 -0.02204 1.19429
-0.01458 -0.04065 1.19413
-0.01743 -0.02924 1.19104
-0.01859 -0.02661 1.18742
-0.02129 -0.02936 1.19395
-0.01707 -0.05001 1.19314
-0.01409 -0.01264 1.18606
-0.01153 -0.03253 1.19301
-0.01490 -0.02128 1.19514
-0.01554 -0.02764 1.20242
-0.01761 -0.03187 1.19949
-0.01258 -0.02513 1.19886
-0.01490 -0.03287 1.19716
-0.01801 -0.03200 1.19417
-0.01616 -0.02553 1.19280
-0.01665 -0.03170 1.19472
-0.01550 -0.03049 1.19408
-0.01869 -0.03866 1.19594
-0.01791 -0.02949 1.18450
-0.01613 -0.03279 1.17837
-0.01621 -0.03106 1.17502
-0.01923 -0.03238 1.17410
-0.02061 -0.03063 1.17011
-0.01865 -0.02815 1.17106
-0.01856 -0.03421 1.16151
-0.01937 -0.03270 1.15595
-0.01508 -0.01926 1.15449
-0.01705 -0.02151 1.15377
-0.02002 -0.04642 1.15362
-0.01250 -0.03546 1.13698
-0.01362 -0.03480 1.12996
-0.00819 -0.02793 1.12982
-0.00682 -0.01803 1.13307
-0.00654 -0.03125 1.13727
-0.00580 -0.04043 1.13851
-0.00045 -0.03851 1.12885
0.00052 -0.02371 1.11344
0.00053 -0.02075 1.12663
-0.00303 -0.02681 1.13156
-0.00380 -0.04173 1.13124
-0.02651 -0.03909 1.11971
-0.00324 -0.02118 1.11556
-0.02091 -0.01915 1.12376
-0.02176 -0.02927 1.12449
-0.01170 -0.03279 1.12702
-0.01226 -0.02791 1.12570
-0.01194 -0.02062 1.12440
-0.02245 -0.02760 1.13046
-0.02466 -0.03896 1.12523
-0.01679 -0.05218 1.12041
-0.00681 -0.02315 1.11464
-0.00563 -0.01166 1.11085
-0.00328 -0.02138 1.12868
0.00052 -0.02726 1.12608
-0.00430 -0.02731 1.12706
-0.00781 -0.02106 1.12487
-0.01061 -0.02626 1.12305
-0.00861 -0.03104 1.12208
-0.00735 -0.03178 1.11927
-0.00861 -0.02341 1.12452
-0.00514 -0.02325 1.12392
-0.00435 -0.02749 1.12704
-0.01338 -0.02478 1.12665
-0.01281 -0.02749 1.12407
-0.01493 -0.02790 1.12334
-0.00526 -0.03451 1.12122
-0.00491 -0.02557 1.12029
0.00145 -0.01888 1.11898
-0.00440 -0.03694 1.12100
-0.00435 -0.03188 1.15012
-0.00220 -0.02851 1.07887
-0.00445 -0.03363 1.10882
-0.01013 -0.02395 1.10513
-0.01099 -0.03199 1.10530
-0.01237 -0.02921 1.10440
-0.01291 -0.03403 1.09951
-0.01230 -0.03522 1.09670
-0.01398 -0.03064 1.09650
-0.01225 -0.02624 1.09403
-0.01210 -0.02937 1.09632
-0.00874 -0.02791 1.08855
-0.01216 -0.03297 1.09111
-0.00880 -0.03542 1.08417
-0.00414 -0.02716 1.08142
-0.00961 -0.02690 1.07865
-0.00934 -0.02244 1.07985
-0.01230 -0.03242 1.07930
-0.01336 -0.02809 1.07534
-0.01222 -0.04020 1.06805
-0.00948 -0.02345 1.06373
-0.01468 -0.04191 1.06552
-0.00994 -0.02935 1.06233
-0.01151 -0.02601 1.04906
-0.01321 -0.02944 1.05159
-0.01870 -0.01973 1.05082
-0.01737 -0.02943 1.05242
-0.01185 -0.03048 1.04769
-0.01838 -0.03450 1.03972
-0.00778 -0.02630 1.03346
-0.00911 -0.02474 1.02895
-0.01277 -0.02526 1.03327
-0.01307 -0.02855 1.02739
-0.00977 -0.02598 1.02294
-0.01032 -0.02406 1.02393
-0.01038 -0.02535 1.02157
-0.01217 -0.02947 1.01045
-0.00859 -0.03081 0.99364
-0.01074 -0.02812 0.99251
-0.01189 -0.02713 0.98331
-0.01245 -0.02536 0.97283
-0.00952 -0.02552 0.96520
-0.01391 -0.02719 0.94956
-0.01018 -0.03053 0.93431
-0.00980 -0.03281 0.92182
-0.00677 -0.01838 0.91453
-0.00847 -0.01783 0.90520
-0.00808 -0.03341 0.89416
-0.00720 -0.02284 0.88023
-0.00568 -0.03293 0.87038
-0.01122 -0.03352 0.83673
-0.00593 -0.01921 0.82455
-0.01212 -0.02370 0.80421
-0.01316 -0.02708 0.78261
-0.00959 -0.02718 0.76439
-0.01061 -0.03219 0.74539
-0.00850 -0.00751 0.72999
-0.01402 -0.02711 0.71224
-0.01803 -0.02883 0.69467
-0.00558 -0.01235 0.67474
-0.01120 -0.03040 0.65685
-0.00940 -0.02652 0.64026
-0.00742 -0.01853 0.62089
-0.00371 -0.02042 0.60761
-0.00215 -0.01826 0.59137
-0.00186 -0.01828 0.57608
-0.00125 -0.01774 0.55845
-0.00014 -0.01509 0.54061
0.00175 -0.02206 0.51661
-0.00426 -0.01745 0.49593
-0.00474 -0.02016 0.47361
-0.00443 -0.02398 0.44676
-0.00016 -0.01404 0.41938
-0.00413 -0.00847 0.39567
-0.00647 -0.01177 0.37402
-0.00900 -0.01156 0.35285
-0.00546 -0.00758 0.32890
-0.01015 -0.00933 0.31028
-0.01020 -0.00801 0.29667
-0.01184 -0.00912 0.28409
-0.02027 -0.01209 0.27556
-0.01431 -0.00386 0.26596
-0.01400 -0.00625 0.25794
-0.01842 -0.00834 0.25288
-0.01683 -0.00523 0.25089
-0.02315 -0.00353 0.24875
-0.02914 -0.00825 0.24614
-0.02508 -0.00886 0.24244
-0.02156 -0.00446 0.22721
-0.01453 -0.00772 0.19563
-0.00672 -0.01038 0.15425
-0.00457 -0.00565 0.10783
-0.00577 -0.00252 0.07235
-0.00841 0.00005 0.04014
0.00080 0.00174 0.00874
0.00011 0.00006 -0.01550
-0.00198 -0.00471 -0.01234
0.00118 -0.00291 -0.00097
0.00026 0.00295 0.00060
-0.00117 0.00321 -0.00070
0.00018 0.00078 0.00212
0.00054 0.00134 0.00150
0.00216 -0.00196 0.00154
0.00256 -0.00165 -0.00176
0.00167 -0.00226 -0.00250
0.00110 -0.00223 -0.00221
0.00179 -0.00206 0.00082
0.00269 -0.00160 -0.00128
-0.00032 0.00061 0.00389
0.00182 0.00067 -0.00178
0.00233 -0.00102 0.00282
-0.00032 0.00042 0.00199
0.00228 -0.00085 -0.00417
0.00095 -0.00155 0.00187
0.00314 -0.00044 -0.00172
0.00206 -0.00006 -0.00048
0.00270 -0.00014 -0.00079
0.00220 -0.00019 -0.00206
0.00342 -0.00015 -0.00137
0.00252 -0.00011 -0.00086
0.00229 -0.00011 -0.00097
0.00207 -0.00012 -0.00112
-0.00105 0.00010 0.00203
0.00169 -0.00019 -0.00290
0.00156 0.00005 -0.00145
-0.00006 0.00009 0.00269
0.00122 0.00007 -0.00168
-0.00011 0.00008 0.00387
-0.00073 0.00062 0.00140
-0.00019 -0.00059 0.00366
0.00193 -0.00079 0.00088
-0.00148 -0.00009 0.00161
0.00054 0.00031 0.00137
0.00117 -0.00061 0.00112
0.00118 0.00011 -0.00045
-0.00018 -0.00029 0.00093
0.00092 0.00005 -0.00115
0.00162 -0.00062 -0.00046
0.00165 -0.00042 0.00045
0.00104 -0.00000 -0.00104
0.00124 -0.00058 0.00129
0.00090 -0.00065 -0.00104
0.00121 0.00029 0.00037
0.00028 -0.00088 0.00026
0.00108 0.00005 -0.00033
0.00008 -0.00029 -0.00073
-0.00096 0.00022 0.00059
0.00077 0.00016 -0.00043
0.00057 -0.00119 -0.00127
-0.00046 -0.00052 -0.00015
0.00159 -0.00149 -0.00045
0.00088 -0.00038 -0.00029
-0.00156 0.00050 -0.00058
0.00127 -0.00075 -0.00065
0.00087 -0.00020 0.00115
-0.00138 0.00027 0.00078
-0.00121 -0.00054 0.00181
0.00341 0.00023 0.00205
0.00647 0.00049 0.00206
0.00985 0.00059 0.00355
0.01359 0.00059 0.00415
-0.01590 0.00074 0.00634
-0.00072 0.00145 0.01892
0.01958 0.00074 0.00817
0.02318 0.00043 0.00905
-0.02952 0.00209 0.01969
-0.00506 0.00287 0.05061
-0.00955 0.00245 0.07295
-0.01411 -0.00108 0.09552
-0.01619 -0.00152 0.12245
-0.01860 -0.00358 0.14747
-0.02490 -0.00186 0.16944
-0.02064 0.00379 0.19679
-0.02740 0.00346 0.22121
-0.03840 -0.00068 0.24707
-0.03695 -0.00406 0.27147
-0.03889 0.00538 0.29295
-0.04757 -0.00556 0.31465
-0.06144 -0.00731 0.33377
-0.05722 -0.00588 0.35571
-0.06641 -0.01974 0.37296
-0.06800 -0.00097 0.39005
-0.06285 -0.00151 0.41188
-0.06135 -0.00894 0.42871
-0.06240 -0.00332 0.44324
-0.06295 -0.00035 0.46896
-0.06230 -0.00966 0.49288
-0.05882 0.00064 0.52011
-0.07374 -0.01743 0.53805
-0.06213 -0.00114 0.55797
-0.06976 -0.00312 0.58462
-0.05832 -0.01589 0.61404
-0.05321 -0.00333 0.64059
-0.05473 -0.00720 0.66277
-0.04681 -0.01345 0.68341
-0.04291 -0.00872 0.70973
-0.03607 -0.01087 0.73161
-0.04519 0.00001 0.75484
-0.05117 -0.01751 0.77312
-0.04359 -0.01146 0.79768
-0.04704 -0.01409 0.81652
-0.04193 -0.01024 0.83493
-0.04431 -0.00931 0.86138
-0.03391 -0.01086 0.88131
-0.03274 -0.01745 0.90763
-0.02927 -0.01247 0.92545
-0.02488 -0.01297 0.95065
-0.02289 -0.00763 0.97117
-0.01948 -0.01070 0.99754
-0.01909 -0.02019 1.01831
-0.01508 -0.01951 1.03767
-0.01716 -0.01082 1.06145
-0.01297 -0.00374 1.08294
-0.01810 -0.02195 1.10876
-0.01835 -0.02341 1.12585
-0.01784 -0.02821 1.14038
-0.01733 -0.01687 1.14687
-0.01895 -0.02681 1.14727
-0.01673 -0.01730 1.14973
-0.01562 -0.02756 1.15027
-0.01905 -0.03041 1.14928
-0.01984 -0.03520 1.14818
-0.02149 -0.03486 1.13940
-0.02134 -0.02311 1.14269
-0.01901 -0.01913 1.14325
-0.02229 -0.03698 1.14685
-0.02194 -0.04215 1.14372
-0.00945 -0.01355 1.13623
-0.02403 -0.04733 1.13418
-0.01573 -0.04216 1.12977
-0.01324 -0.02155 1.12576
-0.01705 -0.03875 1.12255
-0.01233 -0.01822 1.11821
-0.01531 -0.02090 1.12326
-0.01619 -0.03201 1.12533
-0.01345 -0.02031 1.12427
-0.01425 -0.04377 1.11644
-0.01233 -0.03503 1.11101
-0.00846 -0.02027 1.10442
-0.01414 -0.03808 1.10212
-0.01970 -0.03870 1.09924
-0.00937 -0.00939 1.09889
-0.02443 -0.03993 1.10666
-0.02245 -0.01491 1.09911
-0.01489 -0.02771 1.09508
-0.01455 -0.03414 1.09409
-0.01390 -0.02316 1.08878
-0.01595 -0.02740 1.08762
-0.01495 -0.02611 1.08569
-0.01647 -0.03818 1.07856
-0.01563 -0.03090 1.07409
-0.01419 -0.02230 1.06905
-0.01649 -0.02453 1.07372
-0.01943 -0.02751 1.07170
-0.01823 -0.03154 1.07184
-0.02044 -0.04424 1.06250
-0.01887 -0.02407 1.05868
-0.01731 -0.03029 1.06013
-0.01741 -0.02662 1.05684
-0.01773 -0.04088 1.05080
-0.01434 -0.01479 1.04715
-0.01684 -0.03912 1.05290
-0.01789 -0.02167 1.04921
-0.01331 -0.03146 1.04336
-0.01512 -0.03046 1.03946
-0.01245 -0.03629 1.03758
-0.01282 -0.02311 1.03755
-0.01276 -0.02476 1.03492
-0.01250 -0.02631 1.03169
-0.01565 -0.02111 1.03054
-0.01309 -0.03317 1.02702
-0.01255 -0.03444 1.02528
-0.01255 -0.03879 1.01525
-0.00912 -0.02020 1.01291
-0.00999 -0.02183 1.01464
-0.01359 -0.02820 1.01962
-0.01359 -0.02103 1.02089
-0.01342 -0.03146 1.01631
-0.00967 -0.04498 1.00762
-0.00883 -0.03539 0.99378
-0.00817 -0.02669 0.99009
-0.00871 -0.01384 0.99422
-0.01584 -0.03250 0.99915
-0.01988 -0.02600 1.00664
-0.01463 -0.01657 1.01341
-0.01989 -0.01289 1.02435
-0.02522 -0.03180 1.03195
-0.01042 -0.02200 1.03877
-0.01697 -0.00374 1.05000
-0.01785 -0.03722 1.05842
-0.01324 -0.01211 1.07160
-0.01600 -0.03336 1.07135
-0.01403 -0.02239 1.08110
-0.01689 -0.03907 1.08363
-0.01842 -0.02946 1.08827
-0.00528 0.00005 1.09834
-0.01650 -0.02799 1.11681
-0.02230 -0.02462 1.12732
-0.01476 -0.02142 1.13412
-0.01982 -0.02342 1.13550
-0.02316 -0.03007 1.14348
-0.01825 -0.01264 1.14920
-0.01922 -0.02642 1.15741
-0.02078 -0.03404 1.15683
-0.01478 -0.02241 1.15641
-0.01764 -0.02775 1.15700
-0.02084 -0.03319 1.15012
-0.01827 -0.03140 1.14923
-0.01743 -0.02708 1.14538
-0.01998 -0.03615 1.15062
-0.01898 -0.02617 1.14273
-0.01442 -0.03267 1.13964
-0.01765 -0.03069 1.13430
-0.01588 -0.02077 1.13366
-0.01793 -0.02399 1.13639
-0.01437 -0.04120 1.13207
-0.01794 -0.02315 1.12458
-0.02020 -0.03222 1.11722
-0.01994 -0.04128 1.10994
-0.01763 -0.02301 1.10395
-0.01506 -0.02330 1.09679
-0.00871 -0.03352 1.08688
-0.00973 -0.02439 1.07872
-0.01148 -0.03114 1.06575
-0.01268 -0.03355 1.06310
-0.01272 -0.02582 1.05696
-0.01341 -0.02407 1.05046
-0.01649 -0.03480 1.04295
-0.01637 -0.03354 1.03282
-0.01146 -0.02578 1.02962
-0.01341 -0.04627 1.02589
-0.02185 -0.01640 1.01849
-0.00443 -0.03830 1.01341
-0.00639 -0.01086 1.01340
-0.01123 -0.02898 1.01344
-0.01123 -0.02426 1.00906
-0.01427 -0.04272 1.00265
-0.02123 -0.01150 0.99867
-0.02619 -0.01626 1.01116
-0.02579 -0.02338 1.01670
-0.02282 -0.03121 1.02050
-0.01521 -0.00453 1.02310
-0.00852 -0.03944 1.02939
-0.00340 -0.00254 1.03549
-0.01817 -0.02875 1.04209
-0.01261 -0.01586 1.05447
-0.00813 -0.03448 1.05413
-0.01131 -0.03427 1.04935
-0.01819 -0.01814 1.05627
-0.01362 -0.02826 1.06095
-0.01512 -0.02646 1.07108
-0.01614 -0.02336 1.08005
-0.01606 -0.01333 1.08817
-0.01595 -0.03366 1.09665
-0.00462 -0.01494 1.10220
-0.01828 -0.02921 1.10803
-0.00675 -0.01256 1.11377
-0.02176 -0.03448 1.12327
-0.01439 -0.01385 1.12386
-0.00975 -0.02750 1.12645
-0.01265 -0.04276 1.12494
-0.01214 -0.03128 1.11694
-0.00882 -0.01481 1.11709
-0.00949 -0.02348 1.12256
-0.02192 -0.03620 1.12125
-0.01840 -0.01818 1.11628
-0.01826 -0.03528 1.10834
-0.01151 -0.02371 1.10995
-0.02321 -0.03115 1.10785
-0.00231 -0.02167 1.09974
-0.02347 -0.04299 1.09798
-0.01291 -0.01074 1.09194
-0.01889 -0.03474 1.08611
-0.01298 -0.03791 1.07220
-0.01387 -0.02314 1.05637
-0.00824 -0.04085 1.03938
-0.01566 -0.03715 1.01967
-0.01043 -0.04182 0.99795
-0.01230 -0.00108 0.98112
-0.01945 -0.04267 0.97433
-0.01609 -0.02733 0.95953
-0.01249 -0.03068 0.95363
-0.00913 -0.02254 0.94601
-0.01623 -0.02749 0.94126
-0.01186 -0.02549 0.94017
-0.00994 -0.01385 0.93444
-0.00873 -0.02851 0.93481
-0.00615 -0.02678 0.93003
-0.00637 -0.02370 0.92839
-0.00667 -0.02556 0.92643
-0.00497 -0.02480 0.92448
-0.00883 -0.02611 0.92489
-0.01913 -0.02503 0.92457
-0.00164 -0.02647 0.92699
-0.00556 -0.03455 0.92179
-0.02251 -0.03393 0.91728
-0.00295 0.00490 0.92249
-0.01960 -0.03243 0.93011
-0.02760 -0.01895 0.94255
-0.03032 -0.01414 0.94188
-0.02564 -0.01229 0.95814
-0.02880 -0.02009 0.96560
-0.03305 -0.03205 0.96969
-0.01922 -0.01746 0.97429
-0.01580 -0.03335 0.97968
-0.02737 -0.01652 0.99189
-0.01732 -0.03496 0.99941
-0.00265 0.00589 1.01285
-0.00932 -0.04237 1.02287
-0.00582 -0.01109 1.03391
-0.00207 -0.03313 1.04534
-0.00452 -0.00879 1.05309
-0.01300 -0.02356 1.06805
-0.01069 -0.00290 1.08196
-0.02111 -0.03780 1.09765
-0.01245 -0.01663 1.11448
-0.01068 -0.02281 1.12434
-0.00871 -0.02578 1.13578
-0.01267 -0.03621 1.14360
-0.01076 -0.00632 1.15284
-0.01427 -0.02083 1.16413
-0.01839 -0.02144 1.17693
-0.01800 -0.03185 1.18200
-0.01625 -0.04470 1.18194
-0.01417 -0.02049 1.17764
-0.01611 -0.03444 1.17669
-0.01347 -0.02288 1.17163
-0.02458 -0.05132 1.16475
-0.01493 -0.01688 1.16147
-0.01213 -0.02229 1.16075
-0.01539 -0.03856 1.15900
-0.00991 -0.01713 1.15883
-0.01088 -0.03332 1.16046
-0.01812 -0.04355 1.15357
-0.01630 -0.02695 1.14695
-0.02160 -0.03852 1.13470
-0.01947 -0.01409 1.13568
-0.02333 -0.03782 1.12785
-0.01608 -0.01966 1.11810
-0.01542 -0.02947 1.10709
-0.01631 -0.02758 1.09881
-0.01849 -0.03455 1.07726
-0.02030 -0.03980 1.06171
-0.02047 -0.02659 1.04651
-0.01782 -0.02581 1.03435
-0.01737 -0.02539 1.01875
-0.01537 -0.03129 1.00618
-0.01673 -0.02762 0.98833
-0.01367 -0.04297 0.96633
-0.01501 -0.03598 0.94720
-0.01523 -0.02465 0.93712
-0.01341 -0.01900 0.93544
-0.01121 -0.02494 0.93430
-0.01327 -0.02272 0.93513
-0.00892 -0.02508 0.92983
-0.01055 -0.02541 0.92931
-0.01486 -0.03713 0.92358
-0.01646 -0.03200 0.91657
-0.01383 -0.01320 0.91896
-0.01357 -0.02152 0.91905
-0.01893 -0.01587 0.92130
-0.01601 -0.03337 0.92713
-0.01033 -0.01659 0.93210
-0.00680 -0.03034 0.93460
-0.00523 -0.01757 0.94061
-0.00762 -0.01702 0.94069
-0.01460 -0.03608 0.95097
-0.00719 -0.00745 0.95610
-0.01274 -0.02708 0.97070
-0.01281 -0.02062 0.97437
-0.01060 -0.02633 0.97907
-0.01127 -0.01560 0.98850
-0.00387 -0.00380 1.01165
-0.01320 -0.04110 1.01798
-0.00424 -0.03878 1.02464
-0.00460 -0.01231 1.02501
-0.01127 -0.00068 1.03232
-0.01063 -0.02298 1.05595
-0.01612 -0.03477 1.06690
-0.00976 -0.02634 1.06505
-0.00984 -0.02165 1.06796
-0.00978 -0.01459 1.07319
-0.01340 -0.03073 1.08541
-0.01096 -0.02560 1.09187
-0.01134 -0.01681 1.10069
-0.01464 -0.01845 1.10967
-0.01150 -0.02908 1.12021
-0.00750 -0.02070 1.12434
-0.01010 -0.02212 1.12701
-0.00884 -0.03384 1.13556
-0.00766 -0.02743 1.13818
-0.01150 -0.02007 1.14162
-0.01397 -0.02560 1.15629
-0.01179 -0.01665 1.16686
-0.01546 -0.02955 1.17669
-0.01616 -0.02378 1.18316
-0.01242 -0.03422 1.19793
-0.01524 -0.02531 1.20653
-0.01762 -0.03207 1.20601
-0.01743 -0.02482 1.20733
-0.01730 -0.03059 1.20779
-0.01521 -0.03421 1.21046
-0.01625 -0.02645 1.20357
-0.01319 -0.04251 1.19443
-0.02308 -0.02482 1.19203
-0.02570 -0.04935 1.18438
-0.02241 -0.03302 1.19392
-0.01808 -0.02663 1.18606
-0.02030 -0.03102 1.18450
-0.02378 -0.03981 1.17448
-0.02106 -0.03566 1.16943
-0.02232 -0.03054 1.17102
-0.02021 -0.02851 1.16680
-0.02083 -0.04289 1.15923
-0.01758 -0.03059 1.14767
-0.01103 -0.01821 1.14189
-0.01221 -0.01962 1.14831
-0.01542 -0.02446 1.14838
-0.02389 -0.04305 1.14004
-0.02047 -0.04087 1.12811
-0.01892 -0.02006 1.12117
-0.02977 -0.04852 1.10882
-0.01705 -0.01585 1.10697
-0.02207 -0.02548 1.10920
-0.02521 -0.04207 1.10533
-0.01764 -0.01322 1.10053
