0.04342 3.62039 2.07445
0.04145 3.49613 2.00324
0.04358 3.65662 2.09521
0.02848 2.38914 1.36891
0.02591 2.16775 1.24205
0.03341 2.80594 1.60774
0.02564 2.14887 1.23124
0.02354 1.97547 1.13188
0.01377 1.15554 0.66208
0.00981 0.82314 0.47162
0.00776 0.65034 0.37262
0.01181 0.99045 0.56749
0.01599 1.33945 0.76745
0.01765 1.48129 0.84872
0.01124 0.94124 0.53929
0.01241 1.03744 0.59441
0.01483 1.24200 0.71162
0.01735 1.45196 0.83192
0.01543 1.29148 0.73997
0.00915 0.76575 0.43875
0.00919 0.76945 0.44086
0.00881 0.73578 0.42157
0.01223 1.01968 0.58424
0.01109 0.92726 0.53128
0.01040 0.87256 0.49994
0.01104 0.92006 0.52716
0.01107 0.91927 0.52670
0.00629 0.52921 0.30322
0.01646 1.37686 0.78889
0.01539 1.28407 0.73572
0.00483 0.40298 0.23089
0.01529 1.27646 0.73136
0.01672 1.39470 0.79911
0.01579 1.31822 0.75529
0.01599 1.33594 0.76544
0.02965 2.47572 1.41852
0.02359 1.96527 1.12604
0.02755 2.29522 1.31509
0.03192 2.65787 1.52289
0.02288 1.89766 1.08730
0.03331 2.76783 1.58590
0.01444 1.20436 0.69005
0.02196 1.82809 1.04743
0.02883 2.39995 1.37510
0.02212 1.83490 1.05133
0.02118 1.75926 1.00800
0.01157 0.95949 0.54975
0.00911 0.75404 0.43203
0.00326 0.27043 0.15494
0.00375 0.31110 0.17825
0.01311 1.08878 0.62383
0.01974 1.63926 0.93924
0.00716 0.59574 0.34133
0.01313 1.09401 0.62683
0.01693 1.40673 0.80600
0.01847 1.54250 0.88380
0.02281 1.91093 1.09490
0.01918 1.60536 0.91982
0.01235 1.03653 0.59389
0.00841 0.70615 0.40459
0.00790 0.66617 0.38169
0.01585 1.33703 0.76607
0.00998 0.84716 0.48539
0.00595 0.50615 0.29000
0.01822 1.55002 0.88811
0.02111 1.79080 1.02607
0.01316 1.12076 0.64215
0.03329 2.85478 1.63573
0.01894 1.62597 0.93162
0.02833 2.44369 1.40017
0.02037 1.75665 1.00650
0.02081 1.79418 1.02800
0.02330 2.01773 1.15609
0.01001 0.86761 0.49710
0.01502 1.30601 0.74829
0.01133 0.98408 0.56384
0.00962 0.83394 0.47781
0.00171 0.14784 0.08471
0.00658 0.56901 0.32602
0.00296 0.25623 0.14681
0.01215 1.05288 0.60326
0.01160 1.00029 0.57312
0.03807 3.27981 1.87928
0.00800 0.68396 0.39188
0.00965 0.82001 0.46983
0.00523 0.44250 0.25353
0.00718 0.60581 0.34710
0.01268 1.06303 0.60907
0.01610 1.34235 0.76912
0.02070 1.72435 0.98799
0.01529 1.26807 0.72656
0.02845 2.35567 1.34973
0.02700 2.22466 1.27466
0.02350 1.93167 1.10678
0.02164 1.77809 1.01879
0.00813 0.66695 0.38213
0.00350 0.28659 0.16421
0.00904 0.73870 0.42325
0.00351 0.28620 0.16398
0.00328 0.26710 0.15304
0.02002 1.62485 0.93098
0.00192 0.15599 0.08937
0.01352 1.08922 0.62408
0.01684 1.35676 0.77737
0.02245 1.80800 1.03592
0.01388 1.11385 0.63819
0.02751 2.19999 1.26053
0.01299 1.03886 0.59523
0.01441 1.15201 0.66006
0.01031 0.82136 0.47061
0.02304 1.83148 1.04938
0.03201 2.53536 1.45269
0.03045 2.41020 1.38097
0.01920 1.51974 0.87076
0.01414 1.11568 0.63924
0.02676 2.11105 1.20957
0.02211 1.73557 0.99442
0.00846 0.66310 0.37993
0.01308 1.02663 0.58822
0.03327 2.61377 1.49762
0.02235 1.75774 1.00712
0.02696 2.12273 1.21626
0.02698 2.12895 1.21982
0.02982 2.35462 1.34913
0.01762 1.39221 0.79769
0.01290 1.02025 0.58456
0.01340 1.05555 0.60479
0.01741 1.37729 0.78914
0.01260 0.99551 0.57039
0.01149 0.90904 0.52085
0.01916 1.51876 0.87019
0.01618 1.27942 0.73306
0.01343 1.06409 0.60968
0.01702 1.34966 0.77331
0.01776 1.40653 0.80589
0.01652 1.30597 0.74827
0.00857 0.67858 0.38880
0.01716 1.35847 0.77835
0.00963 0.76288 0.43710
0.00350 0.27667 0.15852
0.01092 0.86421 0.49516
0.00878 0.69325 0.39720
0.00867 0.68607 0.39309
0.01814 1.43457 0.82196
0.01655 1.31171 0.75156
0.01540 1.21430 0.69575
0.01598 1.26448 0.72450
0.01161 0.92070 0.52753
0.00586 0.46428 0.26601
0.01343 1.06431 0.60981
0.01871 1.47920 0.84753
0.02192 1.74338 0.99890
0.01479 1.18314 0.67789
0.01092 0.87398 0.50075
0.01762 1.41291 0.80955
0.02171 1.74027 0.99712
0.01987 1.59520 0.91399
0.02241 1.80783 1.03582
0.02754 2.23100 1.27829
0.02573 2.08941 1.19717
0.01657 1.35055 0.77382
0.02090 1.71165 0.98071
0.02273 1.86650 1.06944
0.02290 1.88732 1.08137
0.02580 2.13547 1.22356
0.00977 0.81328 0.46597
0.01521 1.27228 0.72897
0.02192 1.84481 1.05701
0.01340 1.13659 0.65122
0.01033 0.88232 0.50553
0.01465 1.26599 0.72536
0.01156 1.01093 0.57922
0.00507 0.44871 0.25709
0.00175 0.15755 0.09027
0.00376 0.34304 0.19655
0.01155 1.06501 0.61021
0.00266 0.24808 0.14214
0.01002 0.94526 0.54160
0.00702 0.67216 0.38512
0.00569 0.54844 0.31423
0.01076 1.05206 0.60279
0.00771 0.76778 0.43991
0.00738 0.74964 0.42951
0.01277 1.32069 0.75671
0.00977 1.03679 0.59404
0.00880 0.95580 0.54764
0.00077 0.08576 0.04914
0.00519 0.59326 0.33991
0.00918 1.07444 0.61561
0.01721 2.07233 1.18738
0.00308 0.37800 0.21658
0.01174 1.47720 0.84638
0.00717 0.92140 0.52793
0.00799 1.05397 0.60388
0.00712 0.95928 0.54963
0.00208 0.28435 0.16292
0.01050 1.44124 0.82578
0.01005 1.38903 0.79586
0.00340 0.47018 0.26939
0.00116 0.16179 0.09270
0.00338 0.47289 0.27095
0.00526 0.73970 0.42382
0.00429 0.60740 0.34801
0.00733 1.04194 0.59699
0.00943 1.34704 0.77180
0.00442 0.63475 0.36368
0.00234 0.33753 0.19339
0.00126 0.18374 0.10527
0.00138 0.19999 0.11458
0.00155 0.22445 0.12860
0.00803 1.15784 0.66340
0.00763 1.09504 0.62741
0.00791 1.12567 0.64497
0.00766 1.08905 0.62398
0.00605 0.85870 0.49200
0.00785 1.10902 0.63543
0.00120 0.16723 0.09581
0.00153 0.21200 0.12147
0.00243 0.33382 0.19127
0.00389 0.52990 0.30361
0.00236 0.31766 0.18201
0.00497 0.66585 0.38151
0.00761 1.01025 0.57883
0.00872 1.14529 0.65621
0.01761 2.27352 1.30266
0.01279 1.63087 0.93443
0.00668 0.84883 0.48635
0.01421 1.78813 1.02454
0.01170 1.47131 0.84300
0.00694 0.86025 0.49289
0.01569 1.91816 1.09904
0.00109 0.13185 0.07554
0.01062 1.27069 0.72806
0.01186 1.41631 0.81149
0.02163 2.57571 1.47581
0.00505 0.60528 0.34680
0.00583 0.69602 0.39879
0.00883 1.05100 0.60218
0.00795 0.94262 0.54008
0.00305 0.36178 0.20729
0.00923 1.09797 0.62909
0.01081 1.27994 0.73336
0.01939 2.29507 1.31501
0.00369 0.43520 0.24935
0.00469 0.55161 0.31605
0.00799 0.94087 0.53908
0.00235 0.27568 0.15796
0.00674 0.78957 0.45239
0.00929 1.08484 0.62157
0.01837 2.14652 1.22989
0.01361 1.59413 0.91338
0.01670 1.94904 1.11673
0.01435 1.68106 0.96319
0.02002 2.35012 1.34655
0.00403 0.47361 0.27136
0.01452 1.71051 0.98006
0.00748 0.88451 0.50679
0.01022 1.21692 0.69725
0.00873 1.04672 0.59973
0.00184 0.22432 0.12853
0.00571 0.70221 0.40234
0.00647 0.80853 0.46326
0.00303 0.38661 0.22151
0.00798 1.03949 0.59559
0.00544 0.72556 0.41572
0.01230 1.68306 0.96434
0.00708 0.99973 0.57281
0.00648 0.93929 0.53817
0.00873 1.30757 0.74919
0.00563 0.86398 0.49503
0.00908 1.42098 0.81417
0.01442 2.28915 1.31162
0.01687 2.75121 1.57638
0.01694 2.79571 1.60188
0.00984 1.69224 0.96959
0.00480 0.82657 0.47359
0.00870 1.52955 0.87637
0.01586 2.90864 1.66659
0.01385 2.52275 1.44547
0.01541 2.86447 1.64128
0.01805 3.55855 2.03901
0.01053 2.03494 1.16595
0.02871 5.94406 3.40620
0.03741 7.43878 4.26309
0.03893 7.80110 4.47084
0.02772 5.99260 3.43402
0.04876 9.97883 5.71982
0.03042 6.28099 3.59933
0.01155 2.57088 1.47305
0.00319 0.66863 0.38310
0.01990 4.52256 2.59145
0.02036 4.32035 2.47557
0.02090 4.51267 2.58579
0.01313 3.07080 1.75951
0.00485 1.07869 0.61804
0.03955 8.95485 5.13247
0.02067 5.00471 2.86779
0.01467 3.45727 1.98097
0.04741 11.53738 6.61410
0.02523 6.01874 3.44900
0.01851 4.37822 2.50874
0.02528 5.90043 3.38119
0.02477 5.62556 3.22363
0.01559 3.48302 1.99573
0.06183 13.16818 7.55027
0.02345 5.00158 2.86599
0.05559 11.19911 6.41998
0.02127 4.34810 2.49148
0.01902 3.80993 2.18306
0.06801 12.65012 7.25283
0.00448 0.84996 0.48699
0.02315 4.04687 2.31885
0.02046 3.61210 2.06969
0.02460 4.15489 2.38075
0.00988 1.55821 0.89280
0.02419 3.80444 2.17992
0.02325 3.39777 1.94687
0.02871 4.21036 2.41253
0.02454 3.37783 1.93545
0.01317 1.81279 1.03866
0.01580 2.10280 1.20484
0.03663 4.60101 2.63642
0.00559 0.69646 0.39904
0.03902 4.60944 2.64125
0.00432 0.50920 0.29175
0.01551 1.73499 0.99409
0.03872 4.31633 2.47326
0.02541 2.75689 1.57963
0.03964 4.10502 2.35217
0.02043 2.11020 1.20908
0.02362 2.35460 1.34912
0.03538 3.49395 2.00199
0.01047 1.00354 0.57499
0.01632 1.51719 0.86929
0.03815 3.49750 2.00402
0.01477 1.31792 0.75512
0.01689 1.48398 0.85027
0.01454 1.24688 0.71441
0.03032 2.57005 1.47257
0.02458 2.05932 1.17992
0.03220 2.65785 1.52288
0.03140 2.55530 1.46412
0.03263 2.61066 1.49584
0.02761 2.18642 1.25275
0.03477 2.71197 1.55389
0.03228 2.48881 1.42602
0.03562 2.71909 1.55797
0.03727 2.81278 1.61166
0.03099 2.32339 1.33124
0.03804 2.85007 1.63302
0.02797 2.09745 1.20177
0.01856 1.39566 0.79966
0.03007 2.23978 1.28333
0.01557 1.16122 0.66533
0.02850 2.12272 1.21625
0.02226 1.65165 0.94634
0.02763 2.04632 1.17248
0.02539 1.87791 1.07598
0.01242 0.91984 0.52703
0.02196 1.61772 0.92689
0.01056 0.78074 0.44733
0.01422 1.04669 0.59971
0.01586 1.15891 0.66401
0.01137 0.83080 0.47601
0.00403 0.29347 0.16815
0.01448 1.05394 0.60386
0.00758 0.54734 0.31361
0.00951 0.68876 0.39463
0.00712 0.51407 0.29454
0.00843 0.60651 0.34751
0.01815 1.30235 0.74620
0.00908 0.64937 0.37206
0.00578 0.41271 0.23647
0.00900 0.64250 0.36813
0.00933 0.66470 0.38085
0.01364 0.97086 0.55627
0.01195 0.84573 0.48457
0.00783 0.55253 0.31658
0.00521 0.36644 0.20996
0.00866 0.60828 0.34852
0.00858 0.60193 0.34488
0.01801 1.25879 0.72124
0.01153 0.80660 0.46215
0.00450 0.31328 0.17950
0.01530 1.06284 0.60897
0.02450 1.69882 0.97337
0.01397 0.96949 0.55548
0.02444 1.68804 0.96718
0.01774 1.22192 0.70011
0.00925 0.63568 0.36422
0.00347 0.23757 0.13612
0.01373 0.93811 0.53750
0.01565 1.06880 0.61238
0.00194 0.13268 0.07602
0.00588 0.40249 0.23061
0.01234 0.83986 0.48121
0.00809 0.55212 0.31634
0.02162 1.47924 0.84755
0.01073 0.73456 0.42087
0.00831 0.57085 0.32707
0.01234 0.84694 0.48526
0.01208 0.83138 0.47635
0.01015 0.70030 0.40124
0.00795 0.54871 0.31439
0.01714 1.18824 0.68082
0.01052 0.72831 0.41729
0.02705 1.87777 1.07590
0.01860 1.29380 0.74130
0.01841 1.28667 0.73721
0.01426 0.99983 0.57286
0.01548 1.08616 0.62233
0.02464 1.74301 0.99868
0.01884 1.33767 0.76644
0.01252 0.89909 0.51514
0.01221 0.88396 0.50647
0.01216 0.89085 0.51042
0.00689 0.51185 0.29327
0.00638 0.48280 0.27663
0.01402 1.07380 0.61524
0.00744 0.57963 0.33211
0.00721 0.57191 0.32768
0.01577 1.27976 0.73325
0.01261 1.04208 0.59707
0.00102 0.08579 0.04915
0.00720 0.62050 0.35552
0.01799 1.58749 0.90958
0.01722 1.55107 0.88870
0.01679 1.55167 0.88905
0.01849 1.75750 1.00698
0.01154 1.12056 0.64204
0.01483 1.48083 0.84846
0.00833 0.85261 0.48851
0.01039 1.09429 0.62698
0.01075 1.16537 0.66771
0.01057 1.17374 0.67251
0.01344 1.52950 0.87635
0.01394 1.61657 0.92624
0.00334 0.39518 0.22642
0.00902 1.08435 0.62129
0.00680 0.83011 0.47562
0.00787 0.98138 0.56229
0.00530 0.67760 0.38824
0.00747 0.97260 0.55726
0.00573 0.75395 0.43198
0.00218 0.29058 0.16649
0.00762 1.02621 0.58798
0.00836 1.13840 0.65226
0.00623 0.86312 0.49454
0.01481 2.07307 1.18780
0.01334 1.88212 1.07839
0.01231 1.74658 1.00073
0.01064 1.51732 0.86937
0.01490 2.13027 1.22058
0.01159 1.66149 0.95197
0.00378 0.54339 0.31134
0.00710 1.02080 0.58488
0.02895 4.20511 2.40953
0.00586 0.86207 0.49393
0.01723 2.52466 1.44656
0.00884 1.29044 0.73937
0.01982 2.84106 1.62786
0.00998 1.40896 0.80728
0.01475 2.04066 1.16923
0.00644 0.87982 0.50410
0.00520 0.70159 0.40198
0.01976 2.62856 1.50610
0.00551 0.72147 0.41337
0.02120 2.70770 1.55144
0.01651 2.05868 1.17955
0.01864 2.27618 1.30418
0.01458 1.74562 1.00018
0.00366 0.43115 0.24703
0.01223 1.41007 0.80792
0.01501 1.70148 0.97489
0.01108 1.23163 0.70568
0.00815 0.88512 0.50714
0.00374 0.39852 0.22834
0.00794 0.82902 0.47499
0.00691 0.71116 0.40746
0.02727 2.76484 1.58419
0.01288 1.28364 0.73548
0.01614 1.57876 0.90457
0.00827 0.79351 0.45465
0.02077 1.96312 1.12480
0.01150 1.07233 0.61440
0.02967 2.72105 1.55909
0.02011 1.81885 1.04214
0.01223 1.07966 0.61860
0.01382 1.19802 0.68642
0.01404 1.20337 0.68948
0.02063 1.75545 1.00581
0.01833 1.53401 0.87893
0.02094 1.72736 0.98972
0.01161 0.94633 0.54221
0.01106 0.89044 0.51019
0.01493 1.18651 0.67982
0.01531 1.19845 0.68666
0.02026 1.57458 0.90218
0.01907 1.46109 0.83715
0.00755 0.57346 0.32857
0.02149 1.62530 0.93124
0.02360 1.75379 1.00486
0.03005 2.18811 1.25372
0.01992 1.43633 0.82296
0.01266 0.90639 0.51932
0.00997 0.71005 0.40683
0.00500 0.34988 0.20047
0.01375 0.95258 0.54579
0.02047 1.40487 0.80494
0.02610 1.77470 1.01684
0.03072 2.08432 1.19425
0.01870 1.26699 0.72594
0.01545 1.04780 0.60035
0.01522 1.03302 0.59188
0.02402 1.63575 0.93722
0.01499 1.01950 0.58414
0.01388 0.94516 0.54154
0.02405 1.63569 0.93719
0.00777 0.53014 0.30375
0.01536 1.04975 0.60147
0.01602 1.08891 0.62390
0.00527 0.35861 0.20547
0.00633 0.43086 0.24686
0.00154 0.10544 0.06041
0.00894 0.61494 0.35234
0.00720 0.49332 0.28265
0.01551 1.06449 0.60991
0.00178 0.12235 0.07010
0.00497 0.34165 0.19575
0.00772 0.53216 0.30491
0.00962 0.66424 0.38058
0.00863 0.59987 0.34370
0.00581 0.40387 0.23140
0.02113 1.46815 0.84120
0.02249 1.56572 0.89710
0.02112 1.46909 0.84173
0.02192 1.53448 0.87920
0.02542 1.78105 1.02048
0.02378 1.66717 0.95523
0.01543 1.08634 0.62243
0.01065 0.75168 0.43068
0.01646 1.15650 0.66263
0.03135 2.21179 1.26729
0.03077 2.18147 1.24991
0.02056 1.46036 0.83673
0.03513 2.50116 1.43310
0.02318 1.65762 0.94976
0.03082 2.21361 1.26833
0.01828 1.32049 0.75659
0.00588 0.42495 0.24348
0.02009 1.45557 0.83399
0.02249 1.63434 0.93642
0.00462 0.33696 0.19306
0.00886 0.64768 0.37109
0.01960 1.42662 0.81740
0.02648 1.93406 1.10815
0.02819 2.06363 1.18239
0.01580 1.15738 0.66313
0.00955 0.70251 0.40251
0.01445 1.05973 0.60718
0.01703 1.25036 0.71641
0.01129 0.82826 0.47456
0.02271 1.66079 0.95157
0.01800 1.31144 0.75141
0.01873 1.36346 0.78121
0.01383 1.00396 0.57523
0.01958 1.41968 0.81342
0.00340 0.24589 0.14088
0.01042 0.74959 0.42948
0.00445 0.31964 0.18314
0.01036 0.74090 0.42451
0.01232 0.88280 0.50581
0.01731 1.23795 0.70930
0.01548 1.10237 0.63162
0.00752 0.53429 0.30612
0.01643 1.16866 0.66960
0.01196 0.84893 0.48640
0.02433 1.72411 0.98785
0.01704 1.19968 0.68737
0.01234 0.86891 0.49785
0.00658 0.46297 0.26526
0.01709 1.20102 0.68814
0.01475 1.03847 0.59500
0.01947 1.36384 0.78143
0.00334 0.23342 0.13374
0.01229 0.86240 0.49412
0.01459 1.02496 0.58726
0.00873 0.61331 0.35140
0.00124 0.08687 0.04977
0.00362 0.25454 0.14584
0.00731 0.51574 0.29550
0.00859 0.60602 0.34723
0.00727 0.51352 0.29423
0.01773 1.25800 0.72078
0.00897 0.63940 0.36635
0.00692 0.49185 0.28181
0.01832 1.30161 0.74577
0.01476 1.04938 0.60126
0.02007 1.43078 0.81978
0.00639 0.45570 0.26110
0.00555 0.39529 0.22649
0.01121 0.80322 0.46021
0.02521 1.79831 1.03037
0.00209 0.14872 0.08521
0.02284 1.63209 0.93513
0.00966 0.69045 0.39560
0.01723 1.23147 0.70558
0.01681 1.19845 0.68667
0.00280 0.20002 0.11460
0.01580 1.12854 0.64661
0.00412 0.29492 0.16898
0.00916 0.65807 0.37704
0.00941 0.67377 0.38604
0.00119 0.08554 0.04901
0.00909 0.65623 0.37599
0.00605 0.43642 0.25005
0.01247 0.90318 0.51748
0.01614 1.16915 0.66988
0.01161 0.84695 0.48527
0.01151 0.84211 0.48250
0.01982 1.45645 0.83449
0.01897 1.39056 0.79674
0.02352 1.72479 0.98824
0.00874 0.64542 0.36980
0.01093 0.81023 0.46423
0.01713 1.27563 0.73089
0.01526 1.13566 0.65069
0.01949 1.45715 0.83489
0.02029 1.52173 0.87189
0.02664 1.99429 1.14266
0.01464 1.10623 0.63383
0.01142 0.86238 0.49411
0.01880 1.42257 0.81508
0.02042 1.54934 0.88771
0.02086 1.58843 0.91011
0.02476 1.89407 1.08524
0.02047 1.56657 0.89759
0.02581 1.98191 1.13557
0.01122 0.86354 0.49477
0.01488 1.15034 0.65910
0.01217 0.94539 0.54167
0.01656 1.28347 0.73538
0.01088 0.84804 0.48589
0.01716 1.33750 0.76634
0.01092 0.85551 0.49017
0.01406 1.10582 0.63359
0.00984 0.77438 0.44369
0.00701 0.55485 0.31790
0.00857 0.68136 0.39039
0.01638 1.30537 0.74793
0.00997 0.79800 0.45722
0.01498 1.20717 0.69166
0.00719 0.58387 0.33453
0.00935 0.76525 0.43846
0.00729 0.60047 0.34404
0.00327 0.27082 0.15517
0.00585 0.48807 0.27964
0.00801 0.67540 0.38698
0.01211 1.03105 0.59075
0.01599 1.37381 0.78714
0.00977 0.84686 0.48521
0.01182 1.03897 0.59529
0.00511 0.45705 0.26187
0.00956 0.87207 0.49966
0.00907 0.83925 0.48086
0.00991 0.93494 0.53568
0.01414 1.36930 0.78456
0.01470 1.45661 0.83458
0.01223 1.24666 0.71429
0.02283 2.39116 1.37007
0.00230 0.24821 0.14221
0.00515 0.57475 0.32931
0.01870 2.15170 1.23286
0.02103 2.52178 1.44491
0.00310 0.38344 0.21970
0.00877 1.12257 0.64319
0.00323 0.42734 0.24485
0.00921 1.26458 0.72455
0.01396 1.97439 1.13126
0.00960 1.41773 0.81231
0.02172 3.37647 1.93467
0.03257 5.19461 2.97662
0.05649 9.27757 5.31757
0.05706 9.98410 5.72285
0.06590 11.50841 6.59748
0.00487 0.91097 0.52195
0.03583 6.52028 3.73651
0.01677 3.08101 1.76536
0.01152 2.24192 1.28455
0.03841 7.19898 4.12560
0.03562 6.77124 3.88038
0.01412 2.83391 1.62376
0.04240 8.25546 4.73138
0.01131 2.30199 1.31897
0.04279 8.55054 4.90059
0.04415 8.93095 5.11876
0.02004 4.18281 2.39675
0.00736 1.52095 0.87145
0.02569 5.36953 3.07688
0.02396 5.02379 2.87872
0.03124 6.51061 3.73097
0.00589 1.20293 0.68923
0.01901 3.85846 2.21087
0.02294 4.60737 2.64006
0.00386 0.75362 0.43179
0.04159 8.21783 4.70980
0.01550 2.96781 1.70049
0.01697 3.29574 1.88841
0.00790 1.49703 0.85774
0.02515 4.47214 2.56256
0.00737 1.33538 0.76512
0.01660 2.83022 1.62165
0.02836 4.95914 2.84167
0.02604 4.45561 2.55309
0.01832 2.94833 1.68933
0.00679 1.10285 0.63189
0.01168 1.77590 1.01753
0.00717 1.11132 0.63674
0.00664 1.00940 0.57835
0.13762 19.61481 11.25656
0.07685 11.05442 6.33694
0.05169 7.07547 4.05479
0.00688 0.93227 0.53415
0.00386 0.49901 0.28591
0.00851 1.07997 0.61878
0.01801 2.22085 1.27248
0.00916 1.09619 0.62807
0.01301 1.52364 0.87299
0.00594 0.67773 0.38831
0.01942 2.17025 1.24349
0.00895 0.97635 0.55941
0.00451 0.48235 0.27636
0.00500 0.52147 0.29878
0.00548 0.56060 0.32120
0.00681 0.68271 0.39117
0.01048 1.03369 0.59226
0.00323 0.31348 0.17961
0.00478 0.45451 0.26042
0.00925 0.86438 0.49526
0.00505 0.46430 0.26602
0.00917 0.83004 0.47558
0.01388 1.23805 0.70935
0.01203 1.05570 0.60488
0.01977 1.71074 0.98019
0.02553 2.18611 1.25257
0.02095 1.76308 1.01018
0.02232 1.85434 1.06247
0.02123 1.74071 0.99737
0.03007 2.44265 1.39957
0.01682 1.35354 0.77553
0.02514 1.99407 1.14253
0.02689 2.09948 1.20293
0.01220 0.94283 0.54020
0.01571 1.20023 0.68768
0.01561 1.18328 0.67797
0.02004 1.50189 0.86053
0.02285 1.68667 0.96640
0.02102 1.53573 0.87992
0.02551 1.84800 1.05884
0.01183 0.84887 0.48637
0.01645 1.16657 0.66840
0.02193 1.54031 0.88254
0.01651 1.14903 0.65835
0.02296 1.57904 0.90473
0.02732 1.85649 1.06370
0.01824 1.23321 0.70658
0.02698 1.79430 1.02807
0.03605 2.38618 1.36721
0.02784 1.83888 1.05362
0.00774 0.51222 0.29348
0.02751 1.82278 1.04439
0.01738 1.15369 0.66102
0.01874 1.24644 0.71416
0.02154 1.42976 0.81920
0.00809 0.53926 0.30897
0.01763 1.16523 0.66763
0.01679 1.11535 0.63905
0.01261 0.83836 0.48035
0.01099 0.73106 0.41887
0.01373 0.91368 0.52350
0.00529 0.35118 0.20121
0.01216 0.80940 0.46376
0.03388 2.26519 1.29789
0.02686 1.79877 1.03064
0.02274 1.52890 0.87600
0.02656 1.77847 1.01900
0.01697 1.13748 0.65173
0.01757 1.18546 0.67922
0.00816 0.54989 0.31507
0.02411 1.62897 0.93334
0.02725 1.84109 1.05488
0.01028 0.69933 0.40069
0.02337 1.58692 0.90925
0.02163 1.46536 0.83960
0.02268 1.54573 0.88565
0.02141 1.46366 0.83862
0.02219 1.51772 0.86960
0.01943 1.33208 0.76323
0.02280 1.56566 0.89706
0.02628 1.80763 1.03571
0.01670 1.15055 0.65922
0.02374 1.63746 0.93821
0.02313 1.60261 0.91824
0.01896 1.31053 0.75089
0.01728 1.19742 0.68608
0.01548 1.07515 0.61602
0.01256 0.87533 0.50153
0.02064 1.43865 0.82429
0.01332 0.92942 0.53252
0.01647 1.15059 0.65924
0.01901 1.33120 0.76273
0.02489 1.75016 1.00278
0.02623 1.84696 1.05825
0.02567 1.81217 1.03831
0.02065 1.45236 0.83215
0.02166 1.53761 0.88099
0.01049 0.74702 0.42801
0.01372 0.97734 0.55998
0.00441 0.31424 0.18005
0.01548 1.10741 0.63450
0.01404 1.00443 0.57550
0.01535 1.10148 0.63110
0.01212 0.87576 0.50178
0.02103 1.51957 0.87066
0.01649 1.19558 0.68502
0.01457 1.05845 0.60645
0.01524 1.10964 0.63578
0.00943 0.68821 0.39432
0.01708 1.24540 0.71357
0.01575 1.15259 0.66039
0.01992 1.45924 0.83609
0.01976 1.44733 0.82927
0.01359 0.99759 0.57158
0.02781 2.03548 1.16626
0.01090 0.80099 0.45894
0.00642 0.47204 0.27046
0.01502 1.10491 0.63307
0.01687 1.24354 0.71250
0.01897 1.39400 0.79871
0.01366 1.00745 0.57723
0.01524 1.12317 0.64353
0.02252 1.66097 0.95168
0.01317 0.97348 0.55776
0.01558 1.15029 0.65907
0.02374 1.75427 1.00514
0.00972 0.71921 0.41208
0.01796 1.32758 0.76065
0.00762 0.56476 0.32358
0.01218 0.90166 0.51662
0.01599 1.18664 0.67990
0.01187 0.88111 0.50484
0.01095 0.81252 0.46554
0.00887 0.66129 0.37889
0.00910 0.67783 0.38837
0.01043 0.77914 0.44642
0.00932 0.69985 0.40098
0.00785 0.59152 0.33892
0.01390 1.04361 0.59794
0.01486 1.12186 0.64278
0.01491 1.12870 0.64670
0.02154 1.63547 0.93707
0.00636 0.48467 0.27769
0.01792 1.36574 0.78252
0.00974 0.74496 0.42683
0.02205 1.68707 0.96663
0.00748 0.57614 0.33010
0.01750 1.34832 0.77254
0.01979 1.52558 0.87410
0.02812 2.16730 1.24180
0.02209 1.71062 0.98013
0.03679 2.85498 1.63584
0.00940 0.73545 0.42138
0.01833 1.42861 0.81854
0.01848 1.44711 0.82914
0.02482 1.94794 1.11611
0.02253 1.77516 1.01710
0.02259 1.77548 1.01729
0.00515 0.40577 0.23249
0.01252 0.99045 0.56749
0.01680 1.33231 0.76337
0.00815 0.64954 0.37216
0.01414 1.12381 0.64390
0.01299 1.03816 0.59483
0.01433 1.14409 0.65552
0.01582 1.27116 0.72833
0.03007 2.42820 1.39129
0.01662 1.33776 0.76649
0.01213 0.98075 0.56193
0.01553 1.26072 0.72234
0.01220 0.99413 0.56960
0.01282 1.05581 0.60493
0.00894 0.74284 0.42562
0.01014 0.85930 0.49235
0.01815 1.55893 0.89321
0.03002 2.60889 1.49483
0.02181 1.94246 1.11297
0.02471 2.23070 1.27812
0.01441 1.31076 0.75102
0.02156 1.96863 1.12796
0.01443 1.31714 0.75467
0.01562 1.42228 0.81491
0.01944 1.77359 1.01621
0.01643 1.51329 0.86706
0.00500 0.46144 0.26438
0.01316 1.21965 0.69881
0.01249 1.15840 0.66372
0.00729 0.67815 0.38855
0.00285 0.26681 0.15287
0.00520 0.48852 0.27990
0.01084 1.02035 0.58462
0.00260 0.24628 0.14111
0.02634 2.49939 1.43208
0.02313 2.18955 1.25454
0.01299 1.22299 0.70073
0.00803 0.75289 0.43137
0.00998 0.92863 0.53207
0.01008 0.93508 0.53577
0.01200 1.10905 0.63544
0.02056 1.88627 1.08077
0.02002 1.82774 1.04723
0.02101 1.91086 1.09486
0.02937 2.65575 1.52168
0.01493 1.34253 0.76922
0.01423 1.26800 0.72652
0.01558 1.38254 0.79214
0.01057 0.93037 0.53307
0.01890 1.66124 0.95183
0.01607 1.40296 0.80384
0.01445 1.25316 0.71801
0.01553 1.33517 0.76500
0.00758 0.64995 0.37239
0.00856 0.72730 0.41671
0.00640 0.54063 0.30976
0.01701 1.42742 0.81786
0.01312 1.09009 0.62458
0.01784 1.47522 0.84525
0.02278 1.86753 1.07003
0.01818 1.48033 0.84818
0.01403 1.13514 0.65039
0.00392 0.31413 0.17999
0.01057 0.84062 0.48164
0.02035 1.59966 0.91655
0.00525 0.40980 0.23480
0.01483 1.14610 0.65667
0.01414 1.08606 0.62227
0.01673 1.27742 0.73191
0.01895 1.42864 0.81856
0.01728 1.29385 0.74133
0.01197 0.89132 0.51069
0.01709 1.25647 0.71991
0.01458 1.06692 0.61131
0.02538 1.84807 1.05888
0.02433 1.75837 1.00748
0.02163 1.55792 0.89263
0.02235 1.59142 0.91182
0.01711 1.21053 0.69359
0.01492 1.04835 0.60066
0.01270 0.88914 0.50944
0.02250 1.56608 0.89731
0.01009 0.69912 0.40057
0.00564 0.39139 0.22425
0.01130 0.78294 0.44860
0.01517 1.05272 0.60317
0.01738 1.20655 0.69130
0.00840 0.58383 0.33451
0.00632 0.43969 0.25192
0.02058 1.43243 0.82073
0.00919 0.64048 0.36697
0.00712 0.49388 0.28298
0.02761 1.92546 1.10323
0.01774 1.23796 0.70930
0.02674 1.87206 1.07262
0.02698 1.89601 1.08635
0.01991 1.39708 0.80047
0.01281 0.90264 0.51718
0.01513 1.06956 0.61281
0.01801 1.27351 0.72967
0.01744 1.23515 0.70769
0.01869 1.32445 0.75886
0.02545 1.81653 1.04081
0.02119 1.51962 0.87069
0.01394 1.00033 0.57315
0.03450 2.47522 1.41823
0.01804 1.29493 0.74195
0.02453 1.76926 1.01372
0.01099 0.79580 0.45596
0.01699 1.23477 0.70747
0.02081 1.51367 0.86728
0.01821 1.32649 0.76003
0.02452 1.79319 1.02744
0.03090 2.26302 1.29664
0.00541 0.39872 0.22845
0.00866 0.63720 0.36509
0.02081 1.53745 0.88090
0.00953 0.70800 0.40565
0.01621 1.20613 0.69107
0.00460 0.34325 0.19667
0.01097 0.81829 0.46885
0.00918 0.68738 0.39384
0.00871 0.65690 0.37637
0.00856 0.64973 0.37227
0.00508 0.39044 0.22371
0.01726 1.34719 0.77189
0.00931 0.73891 0.42337
0.00469 0.37929 0.21731
0.01006 0.83199 0.47670
0.00622 0.52801 0.30253
0.01058 0.91446 0.52395
0.00996 0.88449 0.50677
0.00898 0.82062 0.47018
0.00142 0.13336 0.07641
0.01658 1.59818 0.91570
0.00520 0.51907 0.29740
0.01939 1.99547 1.14334
0.00812 0.86451 0.49533
0.01514 1.67648 0.96056
0.01073 1.22932 0.70435
0.00989 1.17701 0.67438
0.00048 0.05898 0.03380
0.00731 0.92938 0.53250
0.00418 0.53952 0.30912
0.00675 0.87167 0.49943
0.00358 0.46361 0.26563
0.00308 0.39961 0.22896
0.00989 1.28624 0.73697
0.00531 0.69688 0.39928
0.00200 0.26240 0.15034
0.00407 0.53715 0.30777
0.00310 0.41094 0.23545
0.00159 0.21185 0.12138
0.00531 0.70932 0.40641
0.00727 0.97524 0.55877
0.00554 0.74528 0.42702
0.00434 0.58849 0.33718
0.00247 0.33513 0.19202
0.00219 0.29488 0.16896
0.00345 0.46303 0.26530
0.00261 0.34682 0.19871
0.00722 0.95388 0.54654
0.00520 0.68404 0.39192
0.00816 1.06473 0.61005
0.01325 1.72601 0.98894
0.01109 1.43362 0.82141
0.01365 1.74553 1.00013
0.01437 1.81833 1.04184
0.01650 2.06903 1.18549
0.00955 1.20101 0.68813
0.00553 0.69474 0.39806
0.01024 1.27822 0.73237
0.01211 1.50056 0.85976
0.01352 1.64945 0.94508
0.00137 0.16663 0.09547
0.00540 0.65225 0.37371
0.01114 1.33978 0.76765
0.00277 0.33152 0.18994
0.01137 1.34589 0.77115
0.01934 2.26583 1.29825
0.00260 0.29996 0.17187
0.00447 0.50999 0.29221
0.00693 0.78241 0.44829
0.00807 0.90376 0.51782
0.00898 0.99518 0.57020
0.00800 0.87888 0.50356
0.00731 0.79490 0.45544
0.00666 0.72004 0.41255
0.01235 1.32423 0.75874
0.01211 1.29460 0.74175
0.00423 0.45039 0.25806
0.01437 1.53502 0.87951
0.01464 1.56344 0.89579
0.01354 1.44652 0.82880
0.00603 0.64597 0.37011
0.02533 2.71093 1.55330
0.00990 1.06160 0.60826
0.00947 1.01451 0.58127
0.01492 1.60865 0.92170
0.00220 0.23825 0.13650
0.00507 0.54953 0.31486
0.00378 0.41166 0.23587
0.00440 0.48017 0.27512
0.00494 0.54243 0.31079
0.00321 0.35710 0.20460
0.00226 0.25558 0.14644
0.00418 0.48500 0.27788
0.01127 1.33584 0.76538
0.00804 0.96840 0.55485
0.00525 0.63463 0.36362
0.00401 0.48640 0.27869
0.00049 0.05991 0.03433
0.01146 1.39694 0.80039
0.00840 1.03060 0.59049
0.01501 1.84747 1.05854
0.00639 0.79031 0.45282
0.00910 1.12477 0.64445
0.00645 0.80285 0.46000
0.00581 0.72678 0.41641
0.01068 1.33842 0.76687
0.01348 1.69315 0.97012
