0.02875 -0.03573 1.19854
0.02772 -0.02012 1.18510
0.03125 -0.03022 1.19109
0.01686 -0.02435 1.19171
0.01526 -0.02652 1.19497
0.02356 -0.02991 1.19024
0.01655 -0.02445 1.19268
0.01385 -0.01846 1.19151
0.00485 -0.02029 1.19174
-0.01300 -0.03397 1.19136
-0.01017 -0.03281 1.19201
0.00702 -0.02783 1.19165
0.01123 -0.02869 1.19313
0.01446 -0.03080 1.19088
0.00945 -0.02733 1.19350
0.00925 -0.03036 1.19552
0.00862 -0.03523 1.19342
0.01525 -0.02416 1.19450
0.01146 -0.01882 1.19443
0.00504 -0.03002 1.19418
0.00450 -0.03218 1.19394
0.00573 -0.02371 1.19646
0.01064 -0.02352 1.19874
0.00898 -0.02680 1.19549
0.00874 -0.02274 1.19142
0.00811 -0.03071 1.19972
0.00868 -0.02696 1.20421
0.00464 -0.02771 1.18852
0.01538 -0.02517 1.19482
0.01492 -0.02246 1.19805
0.00215 -0.02872 1.19703
0.01472 -0.03011 1.19771
0.01325 -0.01721 1.19897
0.01404 -0.02412 1.19728
0.00990 -0.03768 1.19628
0.02660 -0.02572 1.19720
0.01597 -0.01604 1.20013
0.02495 -0.01929 1.20010
0.02919 -0.01840 1.20043
0.02060 -0.01641 1.20534
0.03040 -0.03676 1.20234
0.01515 -0.02616 1.19869
0.01832 -0.03274 1.20068
0.02230 -0.03469 1.20074
0.01669 -0.03687 1.20489
0.00994 -0.04172 1.20341
-0.00105 -0.03585 1.20483
0.00350 -0.03054 1.20742
-0.00210 -0.02822 1.20486
-0.00246 -0.02464 1.20605
0.00608 -0.01951 1.20373
0.01140 -0.01362 1.20378
0.00569 -0.02502 1.20192
0.00812 -0.01658 1.20029
0.01433 -0.02562 1.20282
0.01153 -0.03710 1.19698
0.01606 -0.03148 1.19333
0.01261 -0.02627 1.19432
0.00586 -0.02017 1.19119
-0.00430 -0.01630 1.19015
-0.00169 -0.01885 1.18645
0.00658 -0.01451 1.18551
0.00770 -0.03847 1.17765
0.01166 -0.02943 1.17503
0.01949 -0.01876 1.17544
0.02401 -0.02601 1.17802
0.01672 -0.02651 1.17359
0.03450 -0.02890 1.16533
0.01903 -0.03918 1.16400
0.03410 -0.02899 1.15828
0.02247 -0.03407 1.15904
0.02322 -0.02148 1.15950
0.02509 -0.02710 1.15397
0.01350 -0.02460 1.15297
0.01886 -0.02182 1.14989
0.01438 -0.02602 1.15054
0.01404 -0.02108 1.15384
0.00626 -0.02108 1.15561
0.01044 -0.01887 1.15683
0.00886 -0.02463 1.15658
-0.00423 -0.03325 1.15372
-0.00352 -0.02951 1.15909
-0.02585 -0.04510 1.15955
-0.00388 -0.02269 1.16906
-0.00514 -0.02772 1.17594
-0.00559 -0.02224 1.18217
-0.00253 -0.02954 1.18555
-0.00915 -0.03234 1.19248
-0.01263 -0.03527 1.19885
-0.01574 -0.04022 1.19988
-0.01157 -0.03847 1.20509
-0.02607 -0.04121 1.20677
-0.02777 -0.03599 1.21303
-0.02679 -0.02785 1.21577
-0.02401 -0.03042 1.21637
-0.01205 -0.02887 1.21889
-0.00481 -0.03080 1.22032
-0.00231 -0.03762 1.22296
-0.00335 -0.03362 1.22551
-0.00736 -0.02791 1.22831
0.01409 -0.03674 1.23131
-0.00049 -0.02890 1.22998
0.00867 -0.02267 1.24123
0.01233 -0.03118 1.24042
0.01829 -0.01778 1.24135
0.00658 -0.02268 1.24621
0.02029 -0.01481 1.25009
0.00446 -0.03495 1.24944
0.01019 -0.03145 1.24999
0.01215 -0.02403 1.25541
0.02628 -0.02937 1.25751
0.03047 -0.03985 1.26164
0.02638 -0.04316 1.26253
0.02044 -0.03768 1.26275
0.01509 -0.03633 1.26646
0.02321 -0.04338 1.26660
0.02056 -0.03382 1.27345
0.00693 -0.02860 1.27531
0.00358 -0.03702 1.27394
0.01772 -0.05503 1.27170
0.00891 -0.04697 1.27040
0.01223 -0.05026 1.26915
0.01470 -0.05201 1.26630
0.01681 -0.04899 1.26521
0.01055 -0.03873 1.26524
0.01080 -0.03297 1.26384
0.00909 -0.02948 1.26870
0.01267 -0.03196 1.26350
0.00199 -0.03513 1.26497
0.00698 -0.02998 1.26368
0.00529 -0.04117 1.26066
0.00427 -0.04024 1.26421
0.00015 -0.04002 1.26136
0.00164 -0.04389 1.26014
0.00668 -0.03984 1.26192
0.01188 -0.02833 1.26430
0.00140 -0.03524 1.26171
0.01194 -0.03510 1.26244
0.00446 -0.01823 1.26261
-0.00183 -0.02941 1.26523
0.00734 -0.03164 1.26348
0.00460 -0.03128 1.26629
0.00295 -0.03255 1.26385
0.01498 -0.03077 1.26424
0.00861 -0.03884 1.26075
0.00948 -0.03832 1.26747
0.01049 -0.03999 1.26275
0.00868 -0.03727 1.26023
0.00676 -0.02938 1.26179
0.01295 -0.01701 1.26195
0.01685 -0.03456 1.26457
0.02087 -0.02941 1.25682
0.01262 -0.02788 1.24995
0.00871 -0.03129 1.24949
0.01705 -0.02026 1.24691
0.02146 -0.03113 1.24690
0.02035 -0.02621 1.24548
0.02392 -0.03597 1.23882
0.03045 -0.02969 1.23368
0.03031 -0.03261 1.23059
0.02010 -0.03488 1.22655
0.02579 -0.03515 1.22043
0.02605 -0.02672 1.21709
0.02642 -0.02514 1.21271
0.02758 -0.02615 1.20760
0.01257 -0.03078 1.20142
0.01347 -0.03980 1.19442
0.02415 -0.03877 1.18733
0.01260 -0.03765 1.17848
0.00725 -0.03760 1.17012
0.01545 -0.03727 1.15656
0.01124 -0.03580 1.14254
0.00681 -0.03037 1.12955
-0.00235 -0.02963 1.11187
0.00214 -0.02918 1.09699
-0.01104 -0.03504 1.08393
0.00098 -0.02763 1.07038
0.00722 -0.03109 1.05916
-0.00372 -0.01966 1.04384
-0.00375 -0.02139 1.03729
0.00803 -0.02867 1.02229
-0.00225 -0.03521 1.00356
-0.00408 -0.03211 0.98353
-0.01311 -0.03192 0.96609
-0.01203 -0.03056 0.94145
0.00095 -0.03441 0.92025
-0.00272 -0.02604 0.89676
-0.00698 -0.02683 0.87437
-0.01316 -0.02707 0.85348
-0.02034 -0.02311 0.83012
-0.00206 -0.02350 0.81356
-0.00398 -0.00988 0.79454
-0.00489 -0.01720 0.77782
-0.00091 -0.01493 0.75841
-0.00136 -0.01579 0.74184
0.00027 -0.01797 0.73118
-0.00755 -0.01493 0.72805
0.01108 -0.01393 0.72331
0.00524 -0.01807 0.72226
0.00442 -0.01807 0.71805
0.00070 -0.01587 0.71437
0.00728 -0.01731 0.71100
-0.00072 -0.01806 0.70672
0.01014 -0.01559 0.70334
-0.00433 -0.01655 0.69996
0.00126 -0.01606 0.69637
0.00289 -0.01730 0.69242
0.00553 -0.01933 0.68792
0.00412 -0.01505 0.68756
0.00444 -0.01725 0.68861
0.00665 -0.00936 0.69355
-0.00183 -0.00934 0.69633
0.00499 -0.00904 0.70252
-0.00111 -0.00857 0.70324
-0.00227 -0.01032 0.70450
0.00031 -0.00537 0.70822
0.00085 -0.01022 0.71487
-0.00097 -0.01182 0.72191
0.00025 -0.01172 0.72795
-0.00128 -0.01043 0.73379
-0.00064 -0.01392 0.74206
0.00376 -0.01350 0.74605
0.01058 -0.01495 0.75280
0.01180 -0.01169 0.76088
0.01054 0.00284 0.77432
0.00262 -0.00563 0.78412
0.00498 -0.01612 0.78712
0.01708 -0.02242 0.79441
0.00814 -0.01994 0.79473
0.00418 -0.00720 0.80646
0.01536 -0.00643 0.81786
0.00462 -0.01144 0.82861
0.01643 -0.01298 0.83537
0.01573 -0.00980 0.83708
0.02247 -0.01617 0.83914
0.00254 -0.01653 0.83479
-0.00299 -0.01243 0.83768
-0.00366 -0.00766 0.83974
-0.00483 -0.01059 0.84340
0.00022 -0.01647 0.84275
0.00909 -0.01777 0.84040
0.01301 -0.01991 0.84401
0.02514 -0.01388 0.84417
0.00115 -0.01527 0.84745
0.00882 -0.01666 0.84915
0.00797 -0.02039 0.84854
-0.00122 -0.01611 0.85381
-0.00683 -0.01494 0.85396
-0.01112 -0.01618 0.85634
-0.02016 -0.01699 0.85524
-0.01840 -0.01879 0.85309
-0.02194 -0.01970 0.85640
-0.01826 -0.01808 0.85322
-0.02501 -0.01695 0.85151
-0.00803 -0.01778 0.85016
-0.01855 -0.01225 0.84860
-0.01116 -0.01385 0.84580
-0.01492 -0.01657 0.83912
-0.01485 -0.01780 0.83351
-0.00803 -0.01740 0.82117
-0.00533 -0.02359 0.81336
-0.01032 -0.01698 0.80053
-0.00715 -0.02080 0.78418
-0.01527 -0.01981 0.76712
-0.00682 -0.02050 0.74972
-0.01666 -0.02428 0.73028
-0.00480 -0.02481 0.70785
-0.01294 -0.02336 0.68889
-0.00495 -0.01994 0.66753
-0.00803 -0.01535 0.65096
-0.00497 -0.01438 0.63859
-0.00423 -0.01210 0.62964
-0.00620 -0.01131 0.61303
-0.01355 -0.00814 0.60568
-0.01964 -0.01183 0.58106
-0.03045 -0.00839 0.57947
-0.03075 -0.00437 0.56814
-0.02448 -0.00685 0.54454
-0.02569 -0.01094 0.54814
-0.02543 -0.01654 0.53715
-0.03054 -0.01059 0.50629
-0.03729 -0.01191 0.51603
-0.02688 -0.00450 0.48231
-0.08197 -0.02530 0.49550
-0.08519 -0.01436 0.49154
-0.08798 -0.01501 0.45387
-0.09521 -0.01143 0.47915
-0.07697 -0.00506 0.47813
-0.08573 -0.01412 0.44094
-0.05577 -0.01542 0.47334
-0.06811 0.00172 0.43471
-0.06916 -0.01091 0.46605
-0.07353 -0.00374 0.45729
-0.09139 -0.00979 0.41774
-0.06564 -0.01787 0.44421
-0.10268 -0.01533 0.42926
-0.08886 -0.00947 0.40326
-0.06951 -0.00764 0.41857
-0.05826 -0.00570 0.40676
-0.07591 0.00235 0.41221
-0.07272 -0.00483 0.41644
-0.09519 0.00798 0.41774
-0.07723 0.00477 0.43343
-0.05913 0.00723 0.44359
-0.05851 0.00124 0.46587
-0.07766 0.00129 0.46228
-0.06444 -0.00216 0.49219
-0.07560 -0.00532 0.48338
-0.04859 0.00514 0.49679
-0.04478 -0.00292 0.53578
-0.05729 -0.00301 0.52432
-0.07643 -0.00390 0.56696
-0.07483 -0.00103 0.56139
-0.07798 -0.01394 0.58681
-0.06370 -0.00310 0.63071
-0.06576 -0.01085 0.63237
-0.04751 -0.01169 0.68264
-0.07766 -0.01802 0.67733
-0.04984 -0.01996 0.72466
-0.05436 -0.02079 0.72398
-0.06042 -0.01556 0.74875
-0.02453 -0.00497 0.79577
-0.05373 -0.00743 0.80136
-0.03144 -0.02683 0.84561
-0.05332 -0.01057 0.84684
-0.06644 -0.01393 0.89125
-0.07929 -0.00640 0.89345
-0.06574 0.00333 0.91940
-0.08145 -0.00376 0.96214
-0.05927 -0.01580 0.96615
-0.06488 -0.00473 1.00083
-0.07176 -0.00676 1.01013
-0.04595 -0.00757 1.04184
-0.04313 0.00207 1.07504
-0.06825 0.00094 1.08865
-0.02315 0.00153 1.12031
-0.01670 -0.00380 1.13807
-0.01828 -0.00230 1.16636
0.00352 -0.00359 1.17954
-0.00301 -0.00472 1.19355
-0.00913 0.01418 1.21146
0.00794 0.00425 1.22887
0.02140 -0.01233 1.24972
0.02568 -0.00652 1.26258
0.03635 -0.00981 1.28156
0.03312 -0.00851 1.29643
0.03554 -0.00421 1.30952
0.04216 -0.00829 1.32433
0.03548 -0.00908 1.33339
0.03843 -0.01310 1.33404
0.02155 -0.00739 1.33351
0.01702 -0.01739 1.32933
0.02988 -0.01504 1.34201
0.01521 -0.02100 1.34018
0.03078 -0.02389 1.34203
0.02514 -0.02283 1.34704
0.03220 -0.02583 1.34956
0.02964 -0.03613 1.35139
0.01481 -0.03477 1.35024
0.02593 -0.02974 1.35690
0.01220 -0.03191 1.35188
0.01506 -0.02671 1.35847
0.00888 -0.00785 1.36812
0.01360 -0.02154 1.36857
0.00538 -0.02468 1.37435
0.00957 -0.03264 1.37336
0.00077 -0.03190 1.38395
0.00227 -0.03686 1.38068
0.00739 -0.02194 1.38471
0.00801 -0.02237 1.38956
0.01685 -0.01748 1.39304
0.00410 -0.02651 1.39870
-0.00052 -0.02801 1.40095
0.00144 -0.03304 1.40100
0.00270 -0.03429 1.40380
0.00282 -0.04134 1.40438
0.01051 -0.02561 1.41250
0.00330 -0.01986 1.41712
0.00288 -0.02405 1.42046
-0.00229 -0.01924 1.42364
-0.00003 -0.02074 1.42474
0.01631 -0.03318 1.42991
0.00296 -0.01758 1.42875
0.00242 -0.01974 1.43724
0.01141 -0.01983 1.43967
0.00702 -0.04242 1.44165
0.00540 -0.02938 1.44109
0.01715 -0.02187 1.44730
0.00091 -0.03611 1.45162
0.00241 -0.01807 1.45426
-0.00474 -0.01812 1.46112
0.00322 -0.01461 1.46403
0.00416 -0.01373 1.46375
-0.00337 -0.02463 1.46383
-0.00012 -0.02289 1.45977
0.00797 -0.02385 1.46921
-0.01235 -0.02360 1.46464
0.01363 -0.03781 1.46106
0.00456 -0.03195 1.46005
-0.00350 -0.03899 1.45563
0.00138 -0.04122 1.45606
0.00845 -0.03328 1.45276
0.00471 -0.02672 1.44882
0.00351 -0.02899 1.44851
0.01133 -0.02634 1.44221
-0.00215 -0.02260 1.44430
-0.00774 -0.00598 1.44024
-0.00917 -0.01679 1.43738
0.01412 -0.02498 1.43082
0.00935 -0.02483 1.42583
0.01080 -0.02163 1.42483
0.02296 -0.02542 1.41346
0.01615 -0.02473 1.40781
0.01147 -0.03468 1.39204
0.00529 -0.04463 1.38098
0.01101 -0.03554 1.36432
-0.00644 -0.03627 1.34486
-0.00210 -0.04323 1.32041
-0.01350 -0.03744 1.30464
-0.00518 -0.04108 1.28269
0.00169 -0.04440 1.25959
-0.00025 -0.05331 1.23143
0.00727 -0.04174 1.20970
-0.00070 -0.03756 1.18377
-0.00356 -0.02946 1.16030
0.00586 -0.01923 1.13336
-0.00014 -0.01700 1.10979
0.00426 -0.02164 1.08151
0.01312 -0.02655 1.05157
0.00924 -0.02590 1.02925
0.01424 -0.03408 1.00054
0.00369 -0.02444 0.97621
-0.01131 -0.02793 0.94885
0.00861 -0.02666 0.92226
0.00062 -0.01759 0.90056
-0.00303 -0.01292 0.87835
-0.01025 -0.01592 0.86236
-0.00093 -0.02312 0.84508
0.00039 -0.01316 0.83178
0.00198 -0.01284 0.81885
0.00020 -0.01445 0.80141
-0.00571 -0.02614 0.78236
0.00901 -0.01722 0.76764
0.00566 -0.02065 0.75924
-0.00128 -0.01811 0.75066
-0.00844 -0.01756 0.74271
-0.00818 -0.02579 0.73367
-0.00279 -0.02451 0.72121
-0.01162 -0.02592 0.71388
-0.01047 -0.02600 0.70804
0.00203 -0.03419 0.70370
0.00257 -0.03024 0.70037
0.00210 -0.02768 0.69881
-0.00427 -0.02433 0.69690
-0.00542 -0.01072 0.69596
0.00039 -0.01742 0.69528
0.01717 -0.03467 0.68740
-0.01601 -0.01724 0.67992
-0.02161 -0.02427 0.68181
-0.00366 -0.00642 0.68506
-0.02699 -0.00497 0.69693
-0.02086 -0.01014 0.70815
-0.02012 -0.00156 0.72259
-0.01108 -0.00585 0.73219
-0.00266 -0.00831 0.74134
-0.02458 -0.00756 0.75146
-0.01208 -0.01005 0.76325
-0.02987 -0.00159 0.78224
-0.02164 0.00156 0.80160
-0.02337 -0.00216 0.81859
-0.01750 -0.00594 0.83529
-0.00693 -0.01581 0.84847
-0.01417 -0.01591 0.86678
-0.01682 -0.01876 0.88204
-0.01295 -0.01436 0.89970
0.00280 -0.00761 0.92079
-0.00186 -0.00932 0.93729
0.00057 -0.00691 0.95763
-0.00350 -0.02253 0.97106
0.02344 -0.01877 0.98603
0.00687 -0.01771 1.00302
-0.01749 -0.02136 1.02180
0.00227 -0.01506 1.04168
0.01075 -0.02657 1.05752
-0.00166 -0.02545 1.07201
0.02100 -0.03081 1.08987
0.02053 -0.01025 1.10551
0.01287 -0.00398 1.13274
0.01131 -0.01703 1.15317
0.01172 -0.01999 1.16685
0.01516 -0.02510 1.17455
0.01480 -0.01466 1.19461
0.01576 -0.01797 1.21226
0.00719 -0.02266 1.22609
0.01001 -0.01417 1.24146
0.01571 -0.01353 1.25781
0.01330 -0.01438 1.27737
0.01659 -0.00835 1.28630
0.01737 -0.00822 1.30476
0.00283 -0.01691 1.31727
0.01444 -0.00391 1.32208
0.01072 0.00571 1.34563
-0.01985 0.00801 1.37320
0.00201 0.00317 1.38690
0.01002 -0.01309 1.39634
0.00190 -0.01029 1.40430
0.00499 -0.02063 1.42757
0.00715 -0.00773 1.44340
0.01731 -0.00751 1.45662
0.02268 -0.00747 1.47075
0.02658 -0.01106 1.47360
-0.00942 -0.00792 1.47627
-0.00168 -0.01505 1.47474
0.00963 -0.02292 1.47297
0.01423 -0.01691 1.46822
0.00047 -0.01840 1.46976
-0.00279 -0.01804 1.46804
0.00535 -0.01045 1.47012
-0.00399 -0.04090 1.46460
-0.01696 -0.02439 1.46337
0.00126 -0.01441 1.47113
0.00095 -0.02994 1.47009
-0.00676 -0.02462 1.46791
-0.00563 -0.03238 1.46273
-0.00407 -0.04179 1.45341
-0.00812 -0.04172 1.45802
0.00635 -0.02764 1.45650
-0.00861 -0.03277 1.45396
-0.00270 -0.02778 1.45568
-0.00118 -0.02750 1.45060
-0.01478 -0.02760 1.44762
-0.00258 -0.03024 1.43838
-0.00458 -0.02896 1.43902
-0.01670 -0.01404 1.43940
-0.00269 -0.00840 1.43651
0.00273 -0.01547 1.43734
-0.01095 -0.01246 1.42843
0.01368 -0.02294 1.42708
0.00099 -0.01113 1.42606
-0.00222 -0.01724 1.42007
-0.00332 -0.02097 1.41710
0.00874 -0.01892 1.42338
0.02057 -0.01354 1.41727
0.02325 -0.02084 1.41035
0.01330 -0.03046 1.40726
0.02617 -0.03298 1.40385
0.01484 -0.02545 1.39784
0.01979 -0.01562 1.39194
0.01187 -0.02482 1.38421
0.00271 -0.03183 1.38418
0.01589 -0.02681 1.38012
0.01656 -0.03983 1.37514
-0.00270 -0.03288 1.37069
-0.00504 -0.02513 1.36736
0.00813 -0.02350 1.37361
0.01634 -0.03605 1.36833
0.02341 -0.02645 1.36556
0.01552 -0.03090 1.36448
0.00856 -0.03857 1.35880
0.01132 -0.03965 1.36333
0.01465 -0.03111 1.36140
0.00529 -0.02831 1.36302
0.01298 -0.03160 1.36726
0.00883 -0.03256 1.37209
0.01105 -0.03001 1.37335
0.00357 -0.03999 1.37686
0.01289 -0.03241 1.37865
-0.00705 -0.02410 1.38426
-0.00002 -0.03410 1.38958
-0.01260 -0.02453 1.39120
-0.00894 -0.01507 1.39845
-0.02018 -0.03599 1.39454
-0.02517 -0.03415 1.39729
-0.02421 -0.03095 1.40343
-0.00086 -0.02520 1.40818
0.00803 -0.03367 1.40505
0.00057 -0.02526 1.40919
0.01436 -0.01707 1.41070
0.00782 -0.01680 1.41986
-0.00252 -0.01564 1.42059
0.00315 -0.02495 1.42067
0.01109 -0.02605 1.42274
0.00767 -0.02615 1.42009
-0.00094 -0.00968 1.42766
-0.00816 -0.02274 1.43254
-0.00195 -0.01526 1.42549
-0.00248 -0.01663 1.42324
-0.00573 -0.02331 1.42392
-0.00315 -0.03136 1.42439
0.00245 -0.03404 1.42096
0.00427 -0.02694 1.41659
-0.00888 -0.02481 1.41696
-0.00441 -0.02429 1.41502
-0.00134 -0.05084 1.40817
0.00663 -0.02710 1.40208
0.00521 -0.02773 1.40569
0.01468 -0.03255 1.40738
0.00990 -0.03238 1.40595
0.01180 -0.04057 1.40232
0.00302 -0.02554 1.40208
-0.00582 -0.02873 1.40430
0.00844 -0.02343 1.39532
0.02145 -0.02386 1.40152
-0.00251 -0.02162 1.40273
0.01960 -0.03254 1.39902
0.00754 -0.02851 1.39925
0.01133 -0.03589 1.39843
0.01161 -0.02857 1.40201
-0.00570 -0.03033 1.39914
0.00806 -0.02487 1.39996
-0.00188 -0.02843 1.39570
0.00416 -0.02549 1.39216
-0.00013 -0.03938 1.39539
-0.00352 -0.03120 1.38842
0.00200 -0.03424 1.38478
0.00007 -0.03185 1.38665
-0.00211 -0.01947 1.38093
-0.01339 -0.01771 1.38010
-0.00379 -0.02216 1.37004
-0.00042 -0.04117 1.36641
0.01071 -0.03757 1.35996
0.00685 -0.01990 1.36371
0.01651 -0.03059 1.36298
0.00242 -0.02642 1.35440
-0.00052 -0.02393 1.34912
0.01184 -0.03558 1.34241
0.00773 -0.03482 1.34342
0.01130 -0.03465 1.33731
0.01032 -0.02567 1.33301
0.01829 -0.03494 1.33520
0.00688 -0.03560 1.32336
0.00351 -0.03241 1.32377
0.00900 -0.01881 1.32117
0.01250 -0.03411 1.31750
0.01406 -0.03387 1.31287
0.01722 -0.03238 1.30683
0.01211 -0.03905 1.30595
0.01496 -0.04021 1.30176
0.00469 -0.03250 1.29915
0.00301 -0.03969 1.29335
0.00277 -0.03727 1.28653
0.00373 -0.04239 1.28946
0.00223 -0.01927 1.28294
0.00908 -0.03340 1.28286
0.00465 -0.02845 1.27614
0.00339 -0.03557 1.27133
0.00298 -0.02701 1.27044
-0.00586 -0.02150 1.26334
-0.00849 -0.02077 1.25795
-0.00878 -0.01365 1.25467
-0.01379 -0.02280 1.24949
-0.01035 -0.01370 1.24073
-0.00501 -0.02338 1.23066
-0.00038 -0.02275 1.22207
0.00067 -0.02727 1.21417
-0.00915 -0.02704 1.20533
-0.00229 -0.02627 1.19789
-0.00117 -0.02418 1.18506
0.00670 -0.02845 1.17462
0.00168 -0.01311 1.16366
-0.00171 -0.01778 1.15319
0.00555 -0.02999 1.13717
-0.00824 -0.02890 1.11750
0.00744 -0.02886 1.09634
-0.00715 -0.01708 1.08019
-0.00086 -0.01997 1.05992
0.00867 -0.02515 1.03258
0.00743 -0.02134 1.00874
0.00526 -0.02126 0.98051
0.01839 -0.02194 0.95454
-0.00082 -0.02678 0.92490
-0.00758 -0.02303 0.89584
-0.02392 -0.02747 0.86828
-0.02812 -0.02859 0.83304
-0.01481 -0.02457 0.80788
-0.01240 -0.01646 0.78128
-0.02855 -0.01877 0.75518
-0.04431 -0.01557 0.72685
-0.02761 -0.02187 0.70626
-0.03392 -0.02630 0.67589
-0.02715 -0.03201 0.64176
-0.01819 -0.01922 0.62641
-0.11067 -0.02003 0.59841
-0.12195 -0.01593 0.55812
-0.12683 -0.01888 0.55806
-0.07499 -0.01510 0.52913
-0.10415 -0.01048 0.53945
-0.08720 -0.00884 0.53707
-0.09564 -0.00239 0.50485
-0.10931 -0.01411 0.52200
-0.10921 -0.00713 0.51457
-0.11092 -0.00019 0.48562
-0.11885 -0.00021 0.49972
-0.11883 -0.00481 0.47652
-0.12202 -0.00815 0.48526
-0.11863 -0.00629 0.47987
-0.11022 0.00749 0.46627
-0.06083 -0.01145 0.47979
-0.09548 -0.00984 0.46876
-0.08173 -0.00595 0.46985
-0.09986 0.00741 0.46925
-0.10323 0.00431 0.47850
-0.08691 -0.00200 0.48502
-0.08947 0.00749 0.48979
-0.11130 -0.00515 0.50024
-0.11795 -0.00098 0.49220
-0.10326 0.00295 0.51192
-0.08910 0.00230 0.50720
-0.07755 0.00342 0.52227
-0.08681 0.00511 0.55554
-0.08017 -0.01085 0.54575
-0.09827 -0.02451 0.57784
-0.10404 -0.01906 0.56192
-0.10163 -0.01009 0.57551
-0.07234 -0.00981 0.61717
-0.06748 0.00049 0.61204
-0.08938 0.00615 0.65174
-0.08689 -0.00868 0.63922
-0.07951 -0.00215 0.65321
-0.22129 -0.00139 0.66580
-0.14884 0.00264 0.67910
-0.12717 0.00074 0.71939
-0.06466 -0.01030 0.73514
-0.05998 -0.00372 0.77052
-0.04342 -0.01389 0.78685
-0.05627 -0.01631 0.80867
-0.04881 -0.01329 0.83436
-0.05023 -0.01619 0.85217
-0.02941 -0.01518 0.87579
-0.01036 -0.01757 0.89438
-0.01393 -0.01537 0.91637
-0.00551 -0.01046 0.93585
-0.00538 -0.01180 0.95869
-0.00300 -0.00780 0.97701
-0.00388 -0.00887 0.99739
0.00221 -0.02180 1.01343
-0.00274 -0.01007 1.03104
-0.00748 -0.01015 1.05161
0.00621 -0.00999 1.07014
0.00028 -0.02104 1.08691
0.00684 -0.01321 1.10458
0.00716 -0.02764 1.12106
0.00914 -0.01927 1.13932
0.01354 -0.02570 1.15536
0.02244 -0.02441 1.16747
0.01760 -0.02737 1.18788
0.01980 -0.02552 1.20310
0.01868 -0.02722 1.21941
0.02489 -0.03844 1.23034
0.01358 -0.03404 1.24246
0.01951 -0.03718 1.25985
0.01767 -0.03746 1.28026
0.01114 -0.02058 1.29381
0.01051 -0.03076 1.30887
0.00628 -0.03316 1.31914
0.00430 -0.03254 1.33412
0.01419 -0.02081 1.35477
0.01454 -0.02040 1.36819
0.01722 -0.03086 1.37991
0.00684 -0.01904 1.39287
0.00736 -0.02824 1.40950
0.01566 -0.02704 1.42347
0.00981 -0.01861 1.43637
0.01828 -0.02289 1.45379
0.02029 -0.01620 1.47158
0.01462 -0.02270 1.47888
0.02438 -0.01173 1.50335
0.03373 -0.02049 1.51019
0.02420 -0.02827 1.51330
0.00126 -0.03266 1.51078
0.02308 -0.02893 1.50901
0.01380 -0.03929 1.50584
0.00496 -0.05212 1.50217
0.01884 -0.04688 1.50572
0.00810 -0.03602 1.49946
0.01551 -0.03931 1.51247
0.01898 -0.03877 1.50441
0.00841 -0.04335 1.50349
0.01197 -0.03707 1.50282
0.01199 -0.03914 1.50241
0.00550 -0.03333 1.50489
0.01242 -0.03687 1.50197
0.02616 -0.05615 1.49446
0.02206 -0.04985 1.49217
0.01410 -0.04420 1.48689
0.02222 -0.04017 1.49293
0.00841 -0.04334 1.49083
0.01388 -0.04685 1.48154
0.00609 -0.03507 1.48373
0.01808 -0.04747 1.47899
0.01182 -0.05614 1.47920
0.01175 -0.03642 1.46958
0.02068 -0.04107 1.47173
0.01955 -0.03374 1.47570
0.00724 -0.04881 1.46652
0.01698 -0.03936 1.46233
0.00579 -0.04699 1.46107
0.01469 -0.03866 1.45801
0.01485 -0.04788 1.45526
0.02795 -0.03498 1.45316
0.01571 -0.03919 1.45120
0.02295 -0.04292 1.44910
0.02564 -0.03862 1.44237
0.02233 -0.03253 1.44627
0.01976 -0.03358 1.44234
0.01578 -0.03736 1.43919
0.01135 -0.02519 1.43471
0.01981 -0.03650 1.43432
0.01032 -0.03870 1.43267
0.01727 -0.02712 1.43120
0.01848 -0.04190 1.42724
0.02028 -0.05146 1.42121
0.02614 -0.04791 1.41912
0.02826 -0.03412 1.41591
0.02077 -0.04031 1.42102
0.02288 -0.04454 1.40753
0.01142 -0.03546 1.40401
0.00886 -0.04213 1.40317
0.00605 -0.03343 1.40149
0.01752 -0.03186 1.39777
0.01524 -0.03256 1.39696
0.01716 -0.03187 1.39335
0.01033 -0.04018 1.38384
0.01472 -0.01640 1.38372
0.01716 -0.03355 1.37860
0.00802 -0.01919 1.37666
-0.01174 -0.04185 1.37236
0.00688 -0.03000 1.36957
0.00793 -0.04496 1.37057
-0.00009 -0.04796 1.36564
0.01453 -0.04332 1.36434
0.01222 -0.04533 1.36444
0.01264 -0.02979 1.36234
0.02412 -0.04127 1.36533
0.00646 -0.03629 1.36013
0.00403 -0.02631 1.35988
0.01042 -0.03876 1.35890
0.01527 -0.02322 1.35625
0.01721 -0.04055 1.36015
0.01386 -0.03302 1.35547
0.01511 -0.03015 1.35607
0.01993 -0.03117 1.35522
0.00989 -0.04040 1.35195
0.01476 -0.02624 1.35432
0.02524 -0.02682 1.35300
0.01149 -0.03142 1.35066
0.02161 -0.03494 1.35245
0.00952 -0.03064 1.34963
0.01253 -0.03892 1.35010
0.01748 -0.02773 1.34699
0.01120 -0.02662 1.34653
0.00904 -0.03929 1.34648
0.00766 -0.03626 1.34045
0.00274 -0.02215 1.34167
0.01268 -0.02937 1.33827
0.00897 -0.02805 1.33094
0.01005 -0.03122 1.32707
0.01312 -0.03248 1.33158
0.01710 -0.03103 1.32399
0.01659 -0.02949 1.32043
0.02285 -0.02631 1.31642
0.00863 -0.03389 1.31159
0.02001 -0.03412 1.31136
0.00404 -0.02096 1.30747
0.01948 -0.04030 1.30601
0.00628 -0.02876 1.29834
0.01102 -0.02817 1.29770
0.01615 -0.02518 1.29715
0.02264 -0.02257 1.29691
0.01806 -0.02124 1.29101
0.03087 -0.04370 1.28745
0.00786 -0.02847 1.27808
0.00735 -0.04033 1.28246
0.00871 -0.04017 1.27654
0.01319 -0.04571 1.27323
0.01183 -0.04246 1.26825
0.01589 -0.03597 1.27196
0.00090 -0.03001 1.26946
0.00911 -0.03187 1.26329
0.01165 -0.03258 1.26063
0.00298 -0.02124 1.25503
0.00892 -0.01806 1.25844
0.01198 -0.02669 1.25124
0.01111 -0.02133 1.25208
0.00692 -0.04380 1.24339
0.02536 -0.03748 1.23762
0.01148 -0.02845 1.24206
0.00759 -0.02617 1.23614
0.00998 -0.02030 1.23201
0.00269 -0.01574 1.22740
0.00012 -0.01617 1.21434
0.01225 -0.03514 1.20234
0.01760 -0.03017 1.17895
0.01971 -0.02318 1.16409
0.03224 -0.03297 1.14981
0.02483 -0.02705 1.12212
0.02807 -0.03201 1.10710
0.01968 -0.03332 1.09865
0.02875 -0.02996 1.09449
0.02167 -0.02033 1.09544
0.02129 -0.01679 1.09767
0.02067 -0.02489 1.09560
0.01615 -0.02620 1.08519
0.00712 -0.02226 1.08258
0.01311 -0.01793 1.07901
0.01447 -0.02591 1.07754
0.00767 -0.01833 1.07407
0.00257 -0.02452 1.06894
0.00459 -0.01906 1.06358
-0.00926 -0.02307 1.06249
-0.00064 -0.02231 1.05385
-0.01168 -0.04718 1.05262
0.00040 -0.04212 1.05545
-0.01052 -0.03207 1.06197
-0.00124 -0.02326 1.06661
0.00169 -0.01634 1.07447
-0.00657 -0.03075 1.07757
-0.01557 -0.03134 1.08148
-0.00745 -0.04072 1.08925
-0.01422 -0.04007 1.09471
-0.01460 -0.04254 1.09844
0.00948 -0.04711 1.10487
-0.00027 -0.03593 1.11132
0.01024 -0.03107 1.12139
0.01726 -0.02781 1.12678
0.00437 -0.03035 1.13540
0.02285 -0.03327 1.13720
0.00045 -0.03184 1.14496
0.00526 -0.03171 1.15225
0.00042 -0.02881 1.16262
0.00787 -0.02455 1.16646
0.01968 -0.01434 1.17686
0.00389 -0.01427 1.18298
0.02561 -0.01988 1.19107
0.01853 -0.01766 1.20341
0.01960 -0.02087 1.20914
0.02285 -0.01691 1.21923
0.02161 -0.01256 1.22809
0.01603 -0.02172 1.23541
0.00281 -0.02010 1.24617
0.00280 -0.00690 1.25761
0.02227 -0.00924 1.27191
0.00098 -0.01408 1.28076
0.01612 -0.02025 1.29396
0.00537 -0.03675 1.30118
-0.01129 -0.03525 1.30877
0.00788 -0.03643 1.32573
0.00865 -0.03255 1.33535
-0.01609 -0.02496 1.34217
-0.01989 -0.03470 1.35972
-0.00749 -0.03913 1.36577
-0.00561 -0.04773 1.37267
-0.00643 -0.04741 1.38269
0.00468 -0.04679 1.38737
0.00193 -0.04522 1.40387
0.00783 -0.03581 1.41281
0.00586 -0.03586 1.42273
0.01141 -0.02761 1.42830
0.02039 -0.02763 1.43601
0.00928 -0.02396 1.44312
0.00147 -0.02250 1.44128
0.00988 -0.03497 1.44293
0.00363 -0.04326 1.44004
0.01040 -0.04568 1.43970
0.00577 -0.03301 1.43785
0.00435 -0.02936 1.43645
0.01902 -0.03070 1.43649
0.00776 -0.03278 1.43401
0.00734 -0.03009 1.44086
0.02482 -0.01985 1.43368
0.01650 -0.02458 1.43236
0.02589 -0.03296 1.42757
0.02545 -0.04422 1.42200
0.01887 -0.03923 1.42422
0.01145 -0.04207 1.41844
0.01367 -0.04185 1.41387
0.01937 -0.03875 1.41347
0.01548 -0.01879 1.41202
0.02024 -0.02850 1.41070
0.02221 -0.04219 1.40044
0.01933 -0.03225 1.39393
0.01198 -0.03640 1.39275
0.03353 -0.02539 1.39334
0.01732 -0.02932 1.39262
0.02514 -0.03400 1.38601
0.01098 -0.03184 1.38019
0.01728 -0.03341 1.37546
0.01788 -0.04089 1.37425
0.01562 -0.02342 1.37217
0.01983 -0.01853 1.36699
0.03005 -0.03108 1.36488
0.00456 -0.03237 1.35638
0.00961 -0.03296 1.35875
0.01587 -0.04800 1.35227
0.00461 -0.04177 1.34604
0.01238 -0.04532 1.34288
0.00168 -0.03728 1.33830
0.01113 -0.02449 1.34038
0.00500 -0.02364 1.33457
-0.00734 -0.03112 1.32540
-0.00690 -0.03425 1.31629
0.00522 -0.03612 1.29977
-0.01462 -0.03447 1.28098
-0.00458 -0.03404 1.25930
-0.00242 -0.03617 1.23528
-0.00244 -0.04693 1.20779
-0.00249 -0.03889 1.17768
-0.00425 -0.04281 1.15621
-0.00723 -0.04165 1.12544
-0.00326 -0.02814 1.09450
-0.00024 -0.03550 1.06225
-0.01611 -0.03484 1.03647
0.00277 -0.02943 1.00052
-0.01095 -0.01700 0.97138
0.00238 -0.02386 0.93886
-0.00836 -0.02075 0.90274
-0.00278 -0.02007 0.87290
-0.00727 -0.02525 0.83999
0.00070 -0.02841 0.80755
-0.00670 -0.02600 0.78629
-0.00247 -0.02534 0.77386
0.00190 -0.01620 0.77408
0.01020 -0.01740 0.77224
0.00739 -0.01610 0.77056
0.00362 -0.00960 0.76901
0.00170 -0.01635 0.76238
0.00082 -0.01677 0.76391
0.00758 -0.02079 0.75718
0.00059 -0.01564 0.75457
0.00236 -0.01496 0.75146
0.00461 -0.01626 0.74778
-0.01085 -0.01177 0.74546
-0.00227 -0.01011 0.74276
-0.00740 -0.01160 0.73710
-0.00542 -0.01537 0.73687
-0.00993 -0.01336 0.74115
-0.00758 -0.01312 0.74591
-0.00826 -0.01245 0.75345
-0.01025 -0.00917 0.75670
-0.01210 -0.01143 0.76061
-0.01318 -0.01646 0.76615
0.00895 -0.01821 0.76738
0.01219 -0.01154 0.77306
0.01202 -0.00134 0.78218
0.00366 -0.00106 0.79017
0.01369 -0.01510 0.79714
0.01191 -0.01929 0.79475
0.00496 -0.01875 0.79523
0.00721 -0.01128 0.80105
0.00939 -0.01527 0.80689
0.01109 -0.00639 0.81944
0.00467 -0.01378 0.82259
0.00629 -0.00803 0.82826
0.01182 -0.01896 0.83147
0.00001 -0.01760 0.83668
-0.01205 -0.01588 0.84450
-0.01667 -0.00345 0.85345
-0.00111 -0.00932 0.86765
-0.00550 -0.01284 0.87554
0.00498 -0.01213 0.88503
-0.00813 -0.01509 0.89301
0.00956 -0.00945 0.90205
0.00528 -0.00853 0.90992
0.00576 -0.01178 0.91896
-0.00403 -0.01301 0.92539
0.00664 -0.00823 0.93266
-0.01177 -0.01019 0.93523
-0.00440 -0.01820 0.93831
-0.01592 -0.01315 0.93607
-0.02106 -0.01702 0.93596
-0.02227 -0.01696 0.93534
-0.01589 -0.01945 0.93379
-0.02873 -0.00246 0.93381
-0.01630 -0.01238 0.93250
-0.01395 -0.01267 0.93340
-0.01670 -0.00972 0.92746
-0.00664 -0.02048 0.92454
-0.00541 -0.01653 0.92180
-0.00229 -0.02016 0.91884
-0.00676 -0.02586 0.91528
-0.00700 -0.02565 0.91106
-0.00864 -0.01729 0.89914
-0.00487 -0.02315 0.88295
-0.00785 -0.01963 0.86065
-0.00213 -0.01529 0.84390
-0.00161 -0.01602 0.83047
-0.00937 -0.01695 0.82652
-0.00431 -0.01560 0.82493
-0.00527 -0.01779 0.82424
0.00273 -0.00746 0.82031
-0.00209 -0.01137 0.81506
-0.01227 -0.00973 0.81215
0.00136 -0.01303 0.80805
-0.00954 -0.01796 0.80872
-0.00158 -0.01374 0.80362
0.00415 -0.01971 0.79933
-0.01392 -0.01812 0.79739
-0.01550 -0.01527 0.79596
