1.10672 84.43556 49.94431
0.53541 40.72016 23.49521
0.19101 14.50792 8.31973
0.97054 73.55393 43.15626
1.20351 91.12558 54.21069
1.20049 90.45175 53.77739
1.37022 103.00500 61.99825
0.22846 17.16767 9.84847
1.01062 75.71893 44.49332
0.75094 56.13015 32.59809
1.44663 108.07704 65.41973
0.05360 3.96921 2.27434
0.07926 5.86396 3.36028
0.10304 7.61840 4.36608
0.85290 63.08065 36.77032
1.48804 109.83930 66.62381
1.42356 104.30515 62.86930
0.90005 65.86092 38.45314
1.31978 95.86107 57.28009
0.23168 16.88972 9.68864
0.04525 3.29197 1.88624
0.08666 6.30004 3.61025
0.06096 4.41722 2.53108
1.43704 103.70284 62.46528
0.10640 7.69461 4.40977
1.21258 87.02655 51.58748
1.46566 104.88136 63.25664
0.24659 17.63619 10.11793
0.01048 0.75082 0.43019
0.51087 36.41437 20.98092
0.06336 4.50389 2.58075
0.00307 0.21826 0.12505
1.22155 86.64696 51.34605
0.33138 23.44791 13.46563
0.13161 9.29506 5.32759
1.08223 76.06409 44.70707
1.19150 83.75052 49.51172
0.66279 46.46999 26.87093
0.03483 2.43772 1.39675
0.10674 7.47660 4.28478
0.67807 47.34741 27.38808
0.09925 6.94562 3.98034
0.05745 4.02263 2.30495
0.12411 8.68066 4.97521
0.07109 4.98931 2.85896
0.29517 20.72560 11.89625
0.17578 12.37829 7.09677
0.45689 32.22709 18.54562
1.60889 113.79071 69.35457
0.47779 33.81099 19.46575
1.28181 90.63456 53.89486
1.08645 77.05418 45.32112
0.02636 1.88225 1.07847
0.97208 69.29944 40.54643
1.66284 118.58350 72.72864
0.19581 14.02215 8.04069
0.21052 15.09815 8.65884
0.08464 6.08672 3.48797
0.77615 56.01275 32.52802
1.64347 118.53934 72.69722
1.52316 109.84301 66.62635
1.03310 74.74565 43.89146
1.33539 96.43424 57.65460
1.27130 92.18630 54.89446
0.49940 36.25620 20.88877
1.36156 99.45202 59.63779
1.61866 118.46838 72.64675
1.39503 102.40352 61.59663
1.44150 106.17294 64.12780
1.33684 98.78057 59.19486
0.90982 67.29812 39.32641
0.44005 32.59519 18.75934
0.12888 9.57979 5.49091
1.53695 114.23898 69.66718
0.21255 15.85294 9.09260
0.02367 1.76820 1.01312
1.57375 117.75406 72.13959
1.46938 109.26013 66.22718
1.54954 115.51540 70.56061
1.53397 114.59346 69.91481
0.92484 69.41261 40.61557
1.24036 93.34813 55.64586
0.11084 8.37248 4.79848
1.60596 120.59663 74.16770
1.03153 77.38168 45.52454
1.47313 110.38409 66.99772
0.09751 7.30970 4.18908
1.39256 103.65954 62.43627
1.58209 115.95789 70.87147
0.91455 67.43723 39.41106
1.47439 108.43886 65.66628
0.58648 43.31862 25.01802
1.39893 103.16578 62.10575
1.15290 84.92682 50.25501
0.94741 69.77273 40.83565
1.27889 94.80842 56.59400
0.06093 4.49933 2.57814
0.06062 4.48371 2.56919
0.11009 8.13307 4.66119
0.04317 3.20644 1.83723
0.20766 15.35834 8.80835
0.16451 12.18164 6.98389
0.42200 31.24310 17.97460
0.10017 7.42242 4.25371
0.68946 51.14896 29.63545
1.55326 115.21329 70.34870
0.05665 4.21620 2.41588
0.19394 14.33241 8.21891
0.36285 26.88835 15.45268
0.04610 3.42672 1.96346
0.21315 15.86069 9.09706
0.15889 11.80241 6.76622
0.18641 13.83537 7.93342
1.06035 78.60669 46.28677
0.06527 4.83414 2.77003
0.06827 5.05937 2.89912
0.68939 51.18440 29.65645
1.01352 75.03959 44.07310
0.08067 5.97516 3.42402
0.12630 9.34849 5.35824
0.22444 16.60760 9.52643
0.12461 9.17200 5.25701
1.43120 105.13372 63.42653
1.18982 87.45683 51.86145
0.81627 60.02562 34.93059
0.05176 3.79242 2.17303
0.12034 8.78965 5.03772
0.81990 59.56180 34.65211
0.33338 24.16145 13.87739
0.74509 54.11959 31.39970
0.10912 7.93226 4.54604
0.87607 63.41647 36.97314
1.46485 106.17839 64.13148
0.78414 56.46952 32.80073
1.22144 87.59658 51.95050
1.37983 98.86481 59.25037
1.60356 114.56614 69.89571
1.56331 111.52354 67.78241
1.35549 96.49206 57.69242
1.22402 86.91454 51.51622
1.51809 107.75324 65.19937
1.55167 109.36395 66.29821
1.09924 77.42306 45.55025
0.28662 20.15304 11.56647
0.27031 19.02707 10.91822
0.03874 2.72018 1.55860
1.21066 84.43241 49.94232
0.07840 5.45116 3.12367
0.05615 3.90521 2.23766
0.05657 3.93367 2.25397
0.11748 8.11245 4.64937
0.36261 25.01173 14.36829
0.99374 68.27513 39.92142
0.07371 5.04127 2.88874
0.80102 54.83575 31.82616
0.03870 2.63350 1.50893
0.04730 3.21218 1.84053
1.67577 113.58766 69.21317
0.10706 7.23015 4.14347
1.23446 83.54315 49.38091
0.60628 40.78506 23.53319
0.62779 42.29195 24.41582
1.63173 109.52466 66.40823
1.49881 100.55888 60.37010
1.38905 93.13398 55.50717
0.07847 5.26213 3.01533
1.12604 75.34413 44.26140
0.07578 5.06213 2.90069
0.13708 9.16347 5.25212
0.61484 40.94770 23.62838
1.14455 76.00273 44.66905
1.48890 98.88535 59.26392
1.50004 99.28845 59.52980
0.76732 50.77518 29.41397
0.05793 3.82018 2.18894
0.72069 47.57041 27.51960
0.16034 10.53936 6.04140
1.74614 114.51532 69.86019
1.59460 104.85892 63.24154
1.31992 86.35494 51.16048
1.47151 96.30930 57.57291
1.38712 90.47759 53.79399
1.65534 108.07313 65.41707
0.32833 21.39294 12.28075
0.11843 7.69782 4.41162
0.14555 9.45505 5.41937
0.05281 3.44054 1.97138
0.22207 14.43724 8.27913
0.06691 4.34926 2.49214
0.06988 4.51932 2.58960
0.10299 6.68114 3.82872
0.15632 10.15051 5.81831
0.00831 0.53939 0.30905
1.51188 98.05025 58.71420
1.47954 95.63574 57.13304
0.05385 3.49031 1.99990
1.79075 115.74553 70.72220
0.23894 15.49272 8.88558
0.52204 33.66382 19.38020
0.01310 0.84472 0.48399
1.42615 91.74282 54.60832
1.44922 93.43184 55.70010
1.31974 85.39654 50.55245
1.79373 115.35269 70.44644
1.52800 98.31310 58.88706
0.17653 11.33699 6.49910
1.39843 89.68154 53.28314
1.04745 67.02106 39.15788
1.78476 113.70712 69.29635
1.03133 65.60003 38.29488
1.56235 98.99334 59.33511
1.84468 116.24419 71.07293
0.43873 27.68453 15.91316
0.63630 39.96021 23.05065
1.68392 105.45498 63.64303
0.66494 41.56932 23.99238
0.63215 39.42392 22.73714
1.39544 86.78438 51.43343
0.38812 24.03642 13.80523
0.50218 31.15290 17.92227
0.12669 7.79964 4.47000
1.04185 64.01434 37.33452
1.42785 87.63322 51.97386
0.07504 4.60695 2.63982
1.18263 72.54353 42.53438
1.61891 99.19900 59.47077
0.04051 2.49092 1.42723
0.05273 3.23735 1.85495
0.14544 8.92267 5.11401
0.19129 11.75685 6.74006
0.12117 7.44743 4.26805
0.39566 24.44008 14.03822
1.39585 86.14116 51.02472
0.04041 2.50430 1.43490
0.07756 4.82366 2.76402
0.05535 3.43362 1.96742
0.53055 32.99229 18.98999
0.07566 4.67650 2.67968
0.13919 8.66195 4.96448
0.63620 39.76617 22.93720
1.47638 92.09427 54.83505
0.06072 3.79494 2.17447
1.25509 78.52287 46.23454
1.69122 106.03198 64.03252
1.71793 107.43762 64.98485
0.21321 13.39222 7.67892
1.28057 80.36496 47.38461
0.19527 12.26925 7.03418
0.27257 17.13032 9.82699
1.10773 69.59549 40.72731
0.03280 2.06827 1.18505
0.09303 5.82105 3.33569
0.11300 7.07285 4.05329
1.38053 86.40603 51.19293
0.21247 13.22876 7.58506
0.81335 51.17818 29.65276
0.08124 4.95140 2.83723
0.07223 4.48514 2.57001
0.23408 15.04016 8.62552
0.08337 5.18937 2.97362
0.33040 20.57327 11.80851
1.82121 112.79905 68.66509
1.11454 69.07459 40.40913
0.22404 13.82039 7.92482
1.44316 89.59072 53.22493
1.91264 118.28017 72.51296
0.31120 19.23073 11.03545
0.08834 5.45113 3.12366
