-0.98236 -0.21135 0.84161
0.51863 -0.09581 1.20444
-0.18106 -0.07506 1.30194
-0.89566 -0.11745 0.96180
-1.03880 -0.26728 0.77055
-1.06435 -0.10238 0.78625
-1.16558 -0.14936 0.62345
-0.20631 -0.11737 1.30944
-0.91002 -0.22752 0.94948
-0.68639 -0.23567 1.12392
1.21534 0.00200 0.56087
-0.05543 -0.00774 1.34919
0.08124 -0.02280 1.34908
-0.09686 -0.00305 1.34908
-0.77995 -0.22109 1.08209
-1.23813 -0.12985 0.53432
-1.21448 -0.08752 0.61649
-0.84754 -0.13307 1.06374
-1.15622 -0.11064 0.73919
-0.22885 -0.02422 1.35230
-0.04020 -0.04114 1.37344
-0.08604 -0.03238 1.37252
-0.05908 -0.04391 1.37802
1.22477 0.05633 0.64575
-0.10300 -0.06124 1.37753
1.08659 0.06748 0.86959
1.24616 -0.04582 0.63075
0.22311 -0.12140 1.37492
0.00052 -0.01378 1.39584
0.48966 0.08709 1.31182
-0.06589 -0.01063 1.40527
0.00104 -0.02338 1.40760
-1.10020 -0.00093 0.88153
-0.29041 -0.17257 1.37229
-0.12955 -0.03703 1.40953
0.99291 -0.13421 1.01017
-1.08190 -0.06090 0.92185
-0.62880 -0.16512 1.26949
-0.00958 -0.05326 1.42791
-0.10524 -0.01216 1.42367
-0.63486 -0.18957 1.26962
-0.09404 -0.04129 1.42532
-0.01553 -0.07476 1.42622
-0.11385 -0.06017 1.42389
-0.06635 -0.01346 1.42332
0.27722 -0.13261 1.39065
-0.16382 -0.07426 1.40860
0.44703 -0.09890 1.34177
-1.30746 -0.20985 0.49559
0.44695 -0.15800 1.33122
1.12672 0.15661 0.84030
0.97067 0.21393 1.00004
-0.02262 -0.00498 1.40005
0.85403 0.29141 1.07394
1.33619 0.03275 0.42406
-0.18206 -0.10460 1.38059
0.20945 -0.02734 1.37826
-0.07001 -0.07119 1.38704
-0.74607 0.00123 1.16766
-1.32197 -0.08341 0.40943
-1.27512 -0.02654 0.54425
0.95174 -0.01118 1.00221
-1.17694 -0.05184 0.72782
1.10863 0.16885 0.80264
0.48006 0.00406 1.29105
1.17685 0.00530 0.69953
-1.30705 -0.04808 0.39515
1.19289 -0.01608 0.65772
1.21330 0.01591 0.60909
-1.16325 -0.13982 0.67738
0.84255 -0.09115 1.05333
-0.40674 -0.21282 1.26961
-0.13743 -0.02567 1.33803
-1.26692 -0.01399 0.45250
-0.20411 -0.11762 1.31989
-0.03422 -0.01588 1.33833
1.27037 -0.00117 0.41510
1.22393 0.03935 0.55594
-1.26785 0.04274 0.43602
1.22808 0.22458 0.48299
0.85180 0.02987 1.02409
1.08656 -0.03301 0.76411
0.03977 -0.12202 1.31757
1.25958 0.21548 0.37470
-0.95581 -0.01885 0.92902
1.22661 -0.01711 0.52550
-0.08477 -0.07236 1.32928
1.15677 0.25110 0.63526
1.27657 0.09935 0.47117
0.84443 0.03065 1.06072
1.23124 -0.03569 0.57568
0.55753 0.01420 1.23368
1.18839 -0.03002 0.65235
1.03249 -0.05494 0.87966
0.87299 -0.00851 1.03999
1.11671 0.04477 0.75535
0.03931 -0.06218 1.35227
0.02980 -0.00275 1.35179
-0.12483 -0.07098 1.34602
-0.04266 -0.06677 1.34396
-0.21251 -0.09723 1.33176
-0.14855 -0.12689 1.33628
-0.37246 -0.25288 1.27345
-0.10685 -0.07157 1.34346
-0.60177 -0.33775 1.15790
1.24913 0.19132 0.46968
-0.06558 -0.02764 1.34179
-0.18529 -0.11556 1.33541
-0.36127 -0.06020 1.29881
-0.04466 -0.06317 1.34316
-0.17260 -0.16592 1.32237
-0.13849 -0.13514 1.33224
-0.15804 -0.13527 1.33120
-0.91616 -0.35383 0.92470
-0.01777 0.03727 1.34959
-0.05945 -0.04645 1.34717
-0.60891 -0.28708 1.16657
-0.91944 -0.21203 0.96640
-0.06644 -0.08146 1.34593
-0.10509 -0.10288 1.34295
-0.18881 -0.14618 1.33018
-0.12456 -0.04010 1.35223
1.21678 0.02999 0.60968
1.06573 0.05641 0.84375
-0.77069 0.11800 1.11417
0.00515 0.03573 1.36423
-0.09943 0.01560 1.36545
0.76415 -0.19238 1.12869
0.29196 -0.19208 1.33479
0.72427 -0.03874 1.17019
-0.08202 -0.06858 1.37153
0.83203 0.00343 1.10278
1.24168 0.02231 0.60089
0.71575 0.20110 1.17282
1.09242 0.06764 0.86393
1.20146 0.02212 0.70987
-1.31223 -0.03941 0.48540
1.29730 -0.00231 0.53101
1.18692 0.03187 0.75071
1.10376 0.01828 0.87448
1.27927 -0.03668 0.58908
1.29662 0.07484 0.57113
1.01400 0.00661 0.99375
-0.24143 -0.20192 1.38696
-0.26062 -0.13055 1.39046
-0.04163 -0.01958 1.42339
1.08291 0.01901 0.93965
-0.01090 0.04672 1.43740
-0.05517 0.01289 1.43678
-0.05578 0.00067 1.43702
-0.12066 -0.01859 1.44295
-0.31111 -0.20937 1.40044
-0.91480 -0.22527 1.10944
-0.07508 -0.00100 1.46017
0.75702 0.06660 1.24753
0.02676 -0.01867 1.46901
0.04431 -0.03310 1.47151
1.36219 0.20518 0.52809
-0.09472 -0.08906 1.47497
1.11624 -0.03816 0.96745
0.58501 -0.09392 1.36335
0.60793 0.01171 1.35418
1.36447 0.00342 0.59815
1.29223 -0.09423 0.73674
-1.22818 -0.05283 0.84453
-0.07703 -0.01269 1.48914
-1.04107 0.00387 1.07228
-0.06146 0.01858 1.49559
-0.12773 -0.07387 1.48863
-0.57107 -0.22491 1.37035
-1.02691 -0.28503 1.06398
1.29044 0.05818 0.77361
1.30016 0.03013 0.76887
-0.65753 -0.37262 1.30865
-0.05671 -0.05381 1.51446
-0.66948 -0.23400 1.33874
-0.15797 -0.05895 1.51202
1.43118 0.02709 0.52537
1.35600 0.04968 0.68656
1.18871 0.02087 0.96061
1.28493 -0.11630 0.81848
1.23306 -0.10669 0.90476
-1.38882 -0.12123 0.63446
-0.26324 -0.21925 1.49602
-0.11469 -0.05638 1.53314
-0.13888 -0.06263 1.53182
0.05039 -0.04972 1.53344
-0.21688 -0.06324 1.52147
0.05168 0.01263 1.53758
0.05621 -0.07174 1.54354
-0.09236 -0.00033 1.53868
-0.15389 -0.07822 1.53028
-0.01293 -0.04797 1.53917
-1.09967 -0.75314 0.77530
1.29530 0.00360 0.84591
-0.05811 -0.02390 1.54148
-1.46332 0.03132 0.50138
-0.24533 -0.05120 1.52180
0.49629 -0.15167 1.46134
-0.00251 -0.05223 1.55032
-1.26884 -0.05362 0.89648
1.27886 -0.08784 0.87334
-1.19480 -0.06259 0.97820
1.46370 -0.04180 0.52331
1.32795 -0.03633 0.80672
-0.12211 -0.16218 1.54383
1.24185 -0.13901 0.93273
0.98207 -0.08039 1.21311
1.46519 0.04131 0.56142
0.97023 -0.03685 1.23650
1.35580 0.05533 0.80597
1.49773 0.07997 0.51832
-0.43608 -0.05493 1.52258
-0.61493 -0.14815 1.46133
1.42947 0.05414 0.70959
-0.64629 -0.09190 1.46034
-0.60505 -0.17268 1.47485
-1.25218 -0.18452 0.99170
-0.38746 -0.10817 1.56381
-0.50597 -0.08060 1.52839
-0.09061 0.06484 1.62048
-0.98674 -0.13341 1.28740
-1.28401 -0.12360 0.99539
-0.06579 0.00101 1.62749
-1.10498 -0.07247 1.19642
-1.39842 -0.18354 0.82103
-0.03165 -0.01429 1.62597
-0.05735 -0.05498 1.62702
-0.14603 -0.00472 1.62343
-0.19122 -0.05632 1.61478
-0.11824 -0.00938 1.62268
-0.38956 -0.09599 1.56839
-1.25921 -0.13046 1.01151
-0.04556 -0.02753 1.61265
-0.07762 -0.01254 1.60597
-0.01709 0.02021 1.61165
-0.51529 -0.15044 1.51586
-0.07403 -0.00395 1.61612
-0.13388 -0.08033 1.59926
0.59937 -0.19278 1.47076
-1.29748 -0.19919 0.92024
-0.04951 0.00046 1.59921
-1.14909 -0.13644 1.10262
1.43059 0.02471 0.70489
1.44666 0.00880 0.68110
-0.21986 -0.04250 1.57620
-1.17581 -0.06650 1.07337
-0.19791 -0.00343 1.57917
-0.26724 -0.11247 1.56451
-1.04459 -0.03738 1.20036
0.01269 -0.00971 1.58567
-0.09551 -0.01499 1.59529
0.10404 -0.04585 1.59356
-1.24903 -0.04760 0.99518
0.19505 -0.07498 1.59245
0.75864 -0.19069 1.38341
-0.09552 -0.02543 1.63781
-0.06905 0.00505 1.60894
-0.24534 -0.03208 1.53655
-0.08659 -0.00409 1.60425
-0.33465 -0.04995 1.56994
-1.50627 0.01155 0.58123
1.03849 -0.06373 1.23327
-0.22500 0.01709 1.60528
1.28379 0.04017 0.97213
1.51303 0.27546 0.49967
-0.28747 -0.16380 1.58408
-0.06548 -0.09836 1.61624
