0.02915 2.43069 1.39272
0.01517 1.27983 0.73329
0.02702 2.26712 1.29899
0.01816 1.52320 0.87274
0.01312 1.09762 0.62889
0.01449 1.21662 0.69708
0.02633 2.20704 1.26457
0.06066 5.09036 2.91687
0.02915 2.44568 1.40131
0.04454 3.73667 2.14108
0.08617 7.22585 4.14101
0.02991 2.50883 1.43749
0.02417 2.02492 1.16021
0.06544 5.49258 3.14741
0.01559 1.30618 0.74839
0.10413 8.70682 4.99021
0.03746 3.13784 1.79793
0.04591 3.84215 2.20153
0.02001 1.67520 0.95983
0.06345 5.31193 3.04387
0.04570 3.82631 2.19245
0.01298 1.08447 0.62136
0.02325 1.93912 1.11105
0.03604 3.01392 1.72691
0.03731 3.13104 1.79403
0.04044 3.36973 1.93081
0.01849 1.53480 0.87938
0.00476 0.40023 0.22931
0.01005 0.84104 0.48188
0.03736 3.11768 1.78637
0.03862 3.22524 1.84801
0.02927 2.44287 1.39969
0.00460 0.38389 0.21995
0.01056 0.88191 0.50530
0.02245 1.87561 1.07466
0.01367 1.14115 0.65383
0.00440 0.36694 0.21024
0.01299 1.08241 0.62018
0.02951 2.45702 1.40780
0.01044 0.86558 0.49594
0.01368 1.13721 0.65158
0.02020 1.68465 0.96525
0.02966 2.46911 1.41473
0.00282 0.23459 0.13441
0.01383 1.14734 0.65738
0.05979 4.96548 2.84530
0.02996 2.48567 1.42422
0.02970 2.45888 1.40887
0.03574 2.96557 1.69921
0.01926 1.59678 0.91490
0.11874 9.86252 5.65310
0.02297 1.90785 1.09313
0.03312 2.75475 1.57840
0.00861 0.71728 0.41097
0.02468 2.05081 1.17505
0.04682 3.90954 2.24014
0.03228 2.70368 1.54914
0.01379 1.15396 0.66117
0.00702 0.58964 0.33784
0.04295 3.60853 2.06765
0.02146 1.80817 1.03602
0.00868 0.73181 0.41930
0.02394 2.03211 1.16433
0.00826 0.70296 0.40277
0.01861 1.58247 0.90670
0.01367 1.15958 0.66440
0.01026 0.87376 0.50063
0.08968 7.69034 4.40733
0.09632 8.26926 4.73929
0.06315 5.44802 3.12187
0.00356 0.30721 0.17602
0.01806 1.55708 0.89215
0.01032 0.89409 0.51228
0.07652 6.63474 3.80212
0.03679 3.19845 1.83266
0.01699 1.47640 0.84592
0.00998 0.86456 0.49536
0.00721 0.62352 0.35725
0.01302 1.12499 0.64457
0.01715 1.48252 0.84943
0.03457 2.99505 1.71610
0.06570 5.66613 3.24689
0.05900 5.08338 2.91288
0.03316 2.83572 1.62480
0.02034 1.72943 0.99090
0.00211 0.17814 0.10207
0.02319 1.95583 1.12063
0.02925 2.45189 1.40487
0.04916 4.09820 2.34826
0.02836 2.36217 1.35346
0.04176 3.46327 1.98441
0.07912 6.55132 3.75430
0.04268 3.51576 2.01449
0.04457 3.66429 2.09960
0.03140 2.57996 1.47825
0.06224 5.10424 2.92483
0.05415 4.43570 2.54168
0.06363 5.20035 2.97992
0.08703 7.09888 4.06822
0.06075 4.94421 2.83311
0.06012 4.87990 2.79626
0.04496 3.65454 2.09401
0.05489 4.42103 2.53327
0.03389 2.73084 1.56470
0.02710 2.18249 1.25050
0.06197 4.97179 2.84892
0.03310 2.64722 1.51679
0.03683 2.94667 1.68838
0.03158 2.52522 1.44688
0.01562 1.24404 0.71279
0.02276 1.80920 1.03661
0.08145 6.45078 3.69667
0.01221 0.96607 0.55352
0.02283 1.80672 1.03519
0.01337 1.05538 0.60469
0.01606 1.26681 0.72583
0.01703 1.33697 0.76603
0.00878 0.68844 0.39445
0.01254 0.98428 0.56396
0.05674 4.45679 2.55376
0.02726 2.14453 1.22875
0.08157 6.42166 3.67997
0.06428 5.07124 2.90592
0.03812 3.01031 1.72485
0.02775 2.19245 1.25621
0.02608 2.06289 1.18197
0.01646 1.29708 0.74317
0.02743 2.17037 1.24356
0.01836 1.45125 0.83151
0.02694 2.13112 1.22107
0.02440 1.93476 1.10855
0.00986 0.77983 0.44681
0.00906 0.71767 0.41120
0.05957 4.72433 2.70710
0.04119 3.26278 1.86952
0.02732 2.16033 1.23780
0.04645 3.67976 2.10847
0.03238 2.56375 1.46896
0.00440 0.34819 0.19950
0.01979 1.56363 0.89591
0.05280 4.17754 2.39373
0.01129 0.89123 0.51064
0.04217 3.33516 1.91099
0.03917 3.09685 1.77443
0.03040 2.41011 1.38093
0.00738 0.58170 0.33329
0.03445 2.72671 1.56234
0.05096 4.04222 2.31618
0.01163 0.92118 0.52780
0.01149 0.91041 0.52163
0.02061 1.62866 0.93316
0.02441 1.94175 1.11256
0.00993 0.79432 0.45511
0.02163 1.73046 0.99150
0.02699 2.16394 1.23987
0.02958 2.37149 1.35880
0.04006 3.21547 1.84241
0.02419 1.95164 1.11822
0.02087 1.69054 0.96862
0.03309 2.68727 1.53974
0.02079 1.69406 0.97063
0.02849 2.33292 1.33670
0.01891 1.55335 0.89002
0.02299 1.89510 1.08583
0.01531 1.26680 0.72583
0.02458 2.04524 1.17186
0.01655 1.38452 0.79328
0.03265 2.74822 1.57466
0.02161 1.83287 1.05017
0.01841 1.57250 0.90098
0.01219 1.05353 0.60363
0.03974 3.47626 1.99185
0.02665 2.35818 1.35117
0.07151 6.42961 3.68453
0.03366 3.06765 1.75770
0.03563 3.28495 1.88222
0.04462 4.16706 2.38772
0.02738 2.58399 1.48056
0.09239 8.84930 5.07193
0.03646 3.51459 2.01382
0.08697 8.50386 4.87382
0.04672 4.65241 2.66587
0.11540 11.72686 6.72285
0.00938 0.96981 0.55566
0.01477 1.56803 0.89843
0.07413 8.04958 4.61331
0.06085 6.78299 3.88711
0.03296 3.76777 2.15890
0.03476 4.06974 2.33195
0.06148 7.40091 4.24138
0.02499 3.07025 1.75919
0.01206 1.51740 0.86942
0.01896 2.43660 1.39610
0.01496 1.97261 1.13024
0.00204 0.27540 0.15779
0.08294 11.33977 6.50069
0.04098 5.62735 3.22466
0.03066 4.23720 2.42792
0.00955 1.32223 0.75759
0.00833 1.15972 0.66447
0.02090 2.92508 1.67601
0.02885 4.05670 2.32447
0.01832 2.59192 1.48510
0.00363 0.51535 0.29527
0.01239 1.76888 1.01351
0.02230 3.20115 1.83420
0.02781 4.01495 2.30055
0.01487 2.16011 1.23768
0.01054 1.53286 0.87827
0.01754 2.54589 1.45873
0.00649 0.93634 0.53648
0.02509 3.60235 2.06411
0.01164 1.65609 0.94888
0.00538 0.76457 0.43806
0.00653 0.92687 0.53106
0.01965 2.77480 1.58989
0.01088 1.52132 0.87166
0.01005 1.39173 0.79741
0.03253 4.46797 2.56017
0.01483 2.02104 1.15799
0.00953 1.28340 0.73534
0.08218 11.01363 6.31354
0.02001 2.65744 1.52264
0.03246 4.26466 2.44366
0.01174 1.51613 0.86869
0.01490 1.90019 1.08874
0.06975 8.85909 5.07754
0.06383 8.03001 4.60210
0.02430 3.05704 1.75162
0.01558 1.93217 1.10707
0.02239 2.73755 1.56855
0.01034 1.24798 0.71504
0.01546 1.85067 1.06037
0.01072 1.28004 0.73342
0.00419 0.49855 0.28565
0.01737 2.08036 1.19198
0.01766 2.10796 1.20779
0.01076 1.28078 0.73384
0.01324 1.56915 0.89907
0.00709 0.84168 0.48225
0.00636 0.75715 0.43382
0.01709 2.02384 1.15960
0.10086 11.94113 6.84584
0.01506 1.77668 1.01797
0.02667 3.14006 1.79920
0.00867 1.02159 0.58533
0.00576 0.67500 0.38675
0.02992 3.50312 2.00724
0.01749 2.04158 1.16976
0.01932 2.25842 1.29401
0.01959 2.29585 1.31546
0.02021 2.35861 1.35141
0.01394 1.63322 0.93578
0.03063 3.59514 2.05998
0.01201 1.41284 0.80951
0.02848 3.35457 1.92212
0.03126 3.69511 2.11726
0.02595 3.09144 1.77133
0.03003 3.60203 2.06392
0.03206 3.90256 2.23614
0.04554 5.59603 3.20671
0.02837 3.54300 2.03010
0.03169 4.03928 2.31449
0.02932 3.82028 2.18899
0.03843 5.12389 2.93609
0.02329 3.18699 1.82609
0.02578 3.63941 2.08534
0.04266 6.18829 3.54620
0.05934 8.88587 5.09291
0.06550 10.05917 5.76591
0.02772 4.33898 2.48625
0.01011 1.60462 0.91939
0.01206 1.96745 1.12728
0.00714 1.17799 0.67494
0.02224 3.82535 2.19190
0.00411 0.70862 0.40601
0.03635 6.38898 3.66124
0.02001 3.67113 2.10352
0.00509 0.92672 0.53097
0.02505 4.65538 2.66757
0.02528 4.98211 2.85483
0.02344 4.53022 2.59585
0.02154 4.45937 2.55524
0.01190 2.36636 1.35585
0.03034 6.07830 3.48314
0.01875 4.05343 2.32260
0.04383 8.97062 5.14151
0.02803 5.78841 3.31698
0.04255 9.46785 5.42671
0.00813 1.70520 0.97702
0.03179 7.22432 4.14013
0.03252 6.89948 3.95389
0.02740 5.91603 3.39013
0.04208 9.83728 5.63862
0.00934 2.07778 1.19050
0.00844 1.90994 1.09433
0.09209 22.29619 12.80139
0.00830 1.95572 1.12056
0.04673 11.37129 6.51878
0.03476 8.29386 4.75340
0.01689 3.99621 2.28981
0.03236 7.55230 4.32818
0.04802 10.90720 6.25247
0.02832 6.32754 3.62602
0.06744 14.36316 8.23657
0.03265 6.96470 3.99128
0.02417 4.87004 2.79061
0.03642 7.44265 4.26531
0.02405 4.81793 2.76074
0.04681 8.70652 4.99004
0.00920 1.74510 0.99988
0.04815 8.41634 4.82363
0.00753 1.32984 0.76195
0.03606 6.09003 3.48987
0.01016 1.60298 0.91845
0.03424 5.38428 3.08534
0.01588 2.31978 1.32917
0.02153 3.15725 1.80905
0.00896 1.23288 0.70639
0.02552 3.51329 2.01307
0.03030 4.03280 2.31078
0.03245 4.07540 2.33520
0.00564 0.70200 0.40222
0.06032 7.12431 4.08279
0.02505 2.95227 1.69159
0.00788 0.88125 0.50492
0.00357 0.39763 0.22782
0.02310 2.50558 1.43563
0.03894 4.03286 2.31082
0.05338 5.51377 3.15956
0.05885 5.86776 3.36246
0.03738 3.69114 2.11499
0.03603 3.45505 1.97970
0.01983 1.84284 1.05589
0.03204 2.93703 1.68286
0.01332 1.18899 0.68125
0.01305 1.14670 0.65702
0.03188 2.73308 1.56599
0.01324 1.12237 0.64307
0.03563 2.98539 1.71056
0.02592 2.13900 1.22558
0.03303 2.68758 1.53992
0.04416 3.53313 2.02444
0.03372 2.67043 1.53009
0.03007 2.34547 1.34389
0.02582 1.99106 1.14081
0.02135 1.62957 0.93369
0.01809 1.36521 0.78221
0.00535 0.40132 0.22994
0.01327 0.99415 0.56961
0.01354 1.01542 0.58180
0.04624 3.47806 1.99288
0.09339 6.95654 3.98661
0.01845 1.37662 0.78875
0.05085 3.78750 2.17021
0.01704 1.26480 0.72468
0.08291 6.14075 3.51894
0.02180 1.61246 0.92388
0.01866 1.38137 0.79147
0.02557 1.88363 1.07925
0.06996 5.17305 2.96427
0.01967 1.44726 0.82922
0.01774 1.29634 0.74276
0.02548 1.86150 1.06658
0.01008 0.73312 0.42005
0.00902 0.65658 0.37619
0.03553 2.56655 1.47057
0.06306 4.56589 2.61629
0.06854 4.94917 2.83595
0.03442 2.47676 1.41912
0.06496 4.66213 2.67145
0.04483 3.20455 1.83615
0.18109 12.92347 7.40976
0.06918 4.93677 2.82885
0.03732 2.65782 1.52287
0.02065 1.46965 0.84206
0.02225 1.57522 0.90254
0.00837 0.59056 0.33837
0.02489 1.75233 1.00402
0.01835 1.28873 0.73839
0.02696 1.89172 1.08389
0.02145 1.49974 0.85929
0.03904 2.73226 1.56552
0.04239 2.94921 1.68983
0.04664 3.23940 1.85612
0.04179 2.89749 1.66020
0.03666 2.54345 1.45733
0.02304 1.59183 0.91206
0.06463 4.45073 2.55029
0.03494 2.40235 1.37648
0.03348 2.29099 1.31267
0.04599 3.14118 1.79984
0.02154 1.47180 0.84329
0.02947 2.01318 1.15349
0.03759 2.57490 1.47535
0.01980 1.34733 0.77197
0.10728 7.32364 4.19708
0.05965 4.08100 2.33840
0.07370 5.04646 2.89172
0.02723 1.86972 1.07129
0.08190 5.62241 3.22183
0.04107 2.82603 1.61925
0.03512 2.42377 1.38875
0.00386 0.26640 0.15263
0.02533 1.75620 1.00624
0.02659 1.84051 1.05455
0.03910 2.71451 1.55534
0.04933 3.43147 1.96618
0.10795 7.54287 4.32277
0.11126 7.80154 4.47109
0.03680 2.58224 1.47956
0.02498 1.76651 1.01215
0.06419 4.55887 2.61227
0.03085 2.21576 1.26956
0.05212 3.77198 2.16131
0.03865 2.83197 1.62265
0.02898 2.15378 1.23405
0.07037 5.32650 3.05222
0.02417 1.85189 1.06107
0.01672 1.30308 0.74661
0.02253 1.78732 1.02407
0.06183 5.01654 2.87457
0.02602 2.14962 1.23166
0.02485 2.09781 1.20198
0.02457 2.11645 1.21266
0.01129 0.99572 0.57051
0.02442 2.20019 1.26064
0.06077 5.61779 3.21918
0.04671 4.44009 2.54419
0.05711 5.54712 3.17868
0.06737 6.72884 3.85607
0.02298 2.35331 1.34838
0.02878 3.03127 1.73686
0.04517 4.89537 2.80512
0.05094 5.65503 3.24053
0.01959 2.22957 1.27748
0.04373 5.07013 2.90528
0.05386 6.37106 3.65097
0.01203 1.44598 0.82849
0.01434 1.75099 1.00325
0.01856 2.31613 1.32708
0.08261 10.55340 6.04946
0.03660 4.76668 2.73137
0.02371 3.12208 1.78889
0.01049 1.39736 0.80063
0.01282 1.72575 0.98880
0.03309 4.50658 2.58230
0.04406 6.10571 3.49886
0.04130 5.78100 3.31273
0.05598 7.89972 4.52739
0.03849 5.46260 3.13023
0.04731 6.74849 3.86734
0.03236 4.62778 2.65176
0.02382 3.41620 1.95743
0.00701 1.00702 0.57698
0.00687 0.98849 0.56636
0.03040 4.41577 2.53026
0.01995 2.93184 1.67988
0.05661 8.29329 4.75307
0.02587 3.77577 2.16348
0.02730 3.91480 2.24316
0.02016 2.84567 1.63051
0.07127 9.85998 5.65165
0.02972 4.05875 2.32565
0.01999 2.69693 1.54527
0.06458 8.58876 4.92251
0.05023 6.57962 3.77053
0.03664 4.68028 2.68185
0.03574 4.45647 2.55358
0.02958 3.61184 2.06954
0.04049 4.84630 2.77700
0.03815 4.49540 2.57589
0.05014 5.78306 3.31391
0.07630 8.64683 4.95581
0.02537 2.81872 1.61506
0.04604 4.99960 2.86486
0.04010 4.27844 2.45155
0.03717 3.88166 2.22417
0.04353 4.48103 2.56766
0.08572 8.68947 4.98027
0.03446 3.43499 1.96820
0.02760 2.70061 1.54738
0.02936 2.81839 1.61487
0.01926 1.82035 1.04300
0.05899 5.50100 3.15224
0.04730 4.33747 2.48538
0.04113 3.71958 2.13128
0.06695 5.91005 3.38670
0.02947 2.55520 1.46406
0.03980 3.41011 1.95394
0.05309 4.51870 2.58924
0.03389 2.83609 1.62502
0.01519 1.25311 0.71798
0.03071 2.50424 1.43486
0.02756 2.21971 1.27183
0.02590 2.05862 1.17953
0.01501 1.17520 0.67334
0.01869 1.45256 0.83226
0.01954 1.49772 0.85814
0.05413 4.10908 2.35449
0.07355 5.56279 3.18765
0.02466 1.83261 1.05002
0.03499 2.54753 1.45967
0.02329 1.67951 0.96230
0.01612 1.15458 0.66153
0.05166 3.67848 2.10773
0.01622 1.13607 0.65092
0.01221 0.84570 0.48455
0.07459 5.12028 2.93402
0.00832 0.56584 0.32420
0.03335 2.26264 1.29642
0.00745 0.50482 0.28924
0.06267 4.24914 2.43476
0.00537 0.36426 0.20871
0.01833 1.24850 0.71534
0.02930 1.99349 1.14220
0.01797 1.22401 0.70131
0.00762 0.51863 0.29715
0.06828 4.66001 2.67023
0.13163 8.99306 5.15438
0.04067 2.76441 1.58394
0.05025 3.41752 1.95819
0.03139 2.13794 1.22497
0.05341 3.65020 2.09152
0.08088 5.56224 3.18734
0.03688 2.52827 1.44863
0.04228 2.90207 1.66282
0.06260 4.30398 2.46619
0.02317 1.59129 0.91175
0.01658 1.14254 0.65463
0.01916 1.32331 0.75821
0.05416 3.76417 2.15684
0.03100 2.15377 1.23404
0.00555 0.38582 0.22106
0.03714 2.58508 1.48118
0.01167 0.81171 0.46508
0.05993 4.19504 2.40376
0.03205 2.24562 1.28667
0.02989 2.09569 1.20077
0.07428 5.23041 2.99714
0.02097 1.47934 0.84761
0.02070 1.45442 0.83333
0.01266 0.89348 0.51193
0.05493 3.89389 2.23118
0.01615 1.14750 0.65747
0.08781 6.25231 3.58289
0.00409 0.29252 0.16760
0.02356 1.69220 0.96957
0.04530 3.27210 1.87486
0.04558 3.29173 1.88611
0.01725 1.24960 0.71597
0.07175 5.21484 2.98822
0.08244 6.01256 3.44546
0.06262 4.57859 2.62357
0.07467 5.43520 3.11452
0.03418 2.49655 1.43046
0.05717 4.18527 2.39816
0.04242 3.10788 1.78076
0.04649 3.41983 1.95952
0.08401 6.15895 3.52938
0.04061 2.98225 1.70876
0.09306 6.82598 3.91176
0.04092 2.99204 1.71438
0.05235 3.81438 2.18561
0.02249 1.63689 0.93788
0.02812 2.04169 1.16982
0.01911 1.38572 0.79397
0.02232 1.61223 0.92375
0.01943 1.39753 0.80073
0.01267 0.91083 0.52187
0.02138 1.52893 0.87602
0.00682 0.48910 0.28023
0.04863 3.47904 1.99344
0.02530 1.80225 1.03263
0.01715 1.21737 0.69750
0.03451 2.45546 1.40691
0.02163 1.53494 0.87946
0.03345 2.37083 1.35841
0.05499 3.87233 2.21882
0.02257 1.58893 0.91040
0.02835 1.99497 1.14305
0.05333 3.74753 2.14730
0.04779 3.36488 1.92802
0.02280 1.59723 0.91516
0.04138 2.88823 1.65489
0.01775 1.24499 0.71333
0.02463 1.73060 0.99157
0.01530 1.07456 0.61568
0.01390 0.97530 0.55881
0.02983 2.09886 1.20258
0.02601 1.83607 1.05200
0.01308 0.92270 0.52867
0.03541 2.50175 1.43344
0.03985 2.82838 1.62060
0.03496 2.49294 1.42839
0.02999 2.13315 1.22223
0.03114 2.21180 1.26729
0.01339 0.95206 0.54549
0.06235 4.44408 2.54648
0.01370 0.97679 0.55966
0.01165 0.82907 0.47502
0.02963 2.12345 1.21667
0.03733 2.66307 1.52587
0.06755 4.81530 2.75923
0.01838 1.31336 0.75251
0.02093 1.49554 0.85689
0.02742 1.96029 1.12318
0.01970 1.40457 0.80477
0.00635 0.45395 0.26009
0.03048 2.17670 1.24718
0.02058 1.47434 0.84474
0.01032 0.74147 0.42483
0.12769 9.14720 5.24279
0.11309 8.14327 4.66704
0.02351 1.69749 0.97260
0.01601 1.15396 0.66117
0.03486 2.52402 1.44620
0.02651 1.92039 1.10032
0.03320 2.42269 1.38813
0.07054 5.16009 2.95684
0.06558 4.82046 2.76219
0.02662 1.95181 1.11832
0.03133 2.29761 1.31647
0.02765 2.04100 1.16943
0.02135 1.58247 0.90670
0.05121 3.81310 2.18488
0.01994 1.48360 0.85005
0.01506 1.12556 0.64490
0.02430 1.82245 1.04420
0.01807 1.35293 0.77518
0.03853 2.91011 1.66743
0.04200 3.17193 1.81746
0.05793 4.38393 2.51201
0.10436 7.91846 4.53813
0.04148 3.15814 1.80956
0.01671 1.27823 0.73238
0.01639 1.25404 0.71852
0.02601 1.99712 1.14429
0.03045 2.34329 1.34264
0.05833 4.50751 2.58283
0.04155 3.22847 1.84986
0.06106 4.73264 2.71186
0.02092 1.63025 0.93407
0.00496 0.38658 0.22149
0.06517 5.10565 2.92564
0.01589 1.24903 0.71564
0.01606 1.26358 0.72398
0.03955 3.13036 1.79364
0.02202 1.75054 1.00300
0.00925 0.73683 0.42217
0.02141 1.71335 0.98169
0.03711 2.99079 1.71366
0.03283 2.66728 1.52829
0.04478 3.66362 2.09922
0.04118 3.39087 1.94292
0.04634 3.84387 2.20251
0.02686 2.24214 1.28468
0.00755 0.63737 0.36519
0.04743 4.03648 2.31289
0.01827 1.56967 0.89936
0.01602 1.38876 0.79571
0.01951 1.71462 0.98241
0.02010 1.79839 1.03042
0.01352 1.23303 0.70648
0.00804 0.74423 0.42641
0.03137 2.95883 1.69535
0.04285 4.14806 2.37683
0.01413 1.40005 0.80218
0.07420 7.56540 4.33569
0.01741 1.82319 1.04462
0.01098 1.18717 0.68020
0.00965 1.07676 0.61694
0.03702 4.25944 2.44066
0.10624 12.73844 7.30353
0.00998 1.23408 0.70708
0.01856 2.37510 1.36086
0.02573 3.40385 1.95036
0.05129 7.04138 4.03525
0.02659 3.76082 2.15492
0.00671 0.99098 0.56779
0.04866 7.56656 4.33635
0.05136 8.19129 4.69458
0.05175 8.49847 4.87073
0.07148 12.50802 7.17125
0.06727 11.74892 6.73551
0.02020 3.77799 2.16476
0.08190 14.90394 8.54725
0.03069 5.63899 3.23133
0.01834 3.56984 2.04548
0.03497 6.55508 3.75646
0.05108 9.71021 5.56573
0.05166 10.37106 5.94484
0.06616 12.88073 7.38523
0.09730 19.81201 11.37009
0.06960 13.90711 7.97462
0.06375 12.89633 7.39418
0.02614 5.45559 3.12621
0.04374 9.04086 5.18180
0.03257 6.80762 3.90123
0.01234 2.58671 1.48212
0.01737 3.61966 2.07403
0.03732 7.62424 4.36943
0.05756 11.68201 6.69711
0.02336 4.69167 2.68838
0.02208 4.30735 2.46812
0.02351 4.64577 2.66207
0.03636 6.96219 3.98985
0.02414 4.68818 2.68638
0.01110 2.10239 1.20460
0.02931 5.21330 2.98734
0.03816 6.91594 3.96333
0.03562 6.07156 3.47928
0.01247 2.18060 1.24941
0.00665 1.13732 0.65164
0.02339 3.76344 2.15642
0.06166 10.01397 5.73998
0.04627 7.03343 4.03069
0.01784 2.76568 1.58467
0.03532 5.36694 3.07540
0.05169 7.36743 4.22218
0.01326 1.90746 1.09291
0.01602 2.19352 1.25682
0.01267 1.71631 0.98339
0.02118 2.74102 1.57054
0.01258 1.59572 0.91429
0.02001 2.46820 1.41421
0.01751 2.09491 1.20032
0.00643 0.75317 0.43154
0.00772 0.88127 0.50493
0.02564 2.86562 1.64193
0.03349 3.65402 2.09372
0.02942 3.14388 1.80138
0.01675 1.74752 1.00127
0.02157 2.20759 1.26488
0.03333 3.34169 1.91474
0.05304 5.23222 2.99818
0.00245 0.23756 0.13611
0.02247 2.13631 1.22404
0.03765 3.51764 2.01556
0.02418 2.22426 1.27444
0.00485 0.43931 0.25171
0.02237 1.99510 1.14313
0.01207 1.05903 0.60678
0.01912 1.65429 0.94785
0.01274 1.09047 0.62480
0.00856 0.72043 0.41278
0.02024 1.68170 0.96355
0.01971 1.61598 0.92590
0.14290 11.60675 6.65392
0.04974 4.00148 2.29283
0.02506 1.98806 1.13909
0.01768 1.38003 0.79071
0.01287 0.99432 0.56971
0.02122 1.62049 0.92848
0.02968 2.24932 1.28879
0.04330 3.24425 1.85890
0.01572 1.15986 0.66455
0.03237 2.36554 1.35539
0.02249 1.62949 0.93364
0.04202 3.01613 1.72818
0.04202 2.98079 1.70793
0.02947 2.06983 1.18595
0.01304 0.90804 0.52027
0.05065 3.48303 1.99573
0.02300 1.56281 0.89543
0.01543 1.04299 0.59759
0.02644 1.75817 1.00737
0.00725 0.47997 0.27501
0.02879 1.90193 1.08974
0.01282 0.84852 0.48617
0.01358 0.89962 0.51545
0.01586 1.05305 0.60335
0.04903 3.26197 1.86905
0.03796 2.51985 1.44381
0.02069 1.37937 0.79033
0.01740 1.14989 0.65884
0.03030 2.01351 1.15368
0.03335 2.21692 1.27023
0.02851 1.89623 1.08647
0.02484 1.65252 0.94683
0.02911 1.93354 1.10785
0.01870 1.24474 0.71319
0.05297 3.54106 2.02898
0.03499 2.34335 1.34267
0.02374 1.59613 0.91453
0.02932 1.96302 1.12475
0.02698 1.80860 1.03627
0.03356 2.26402 1.29721
0.01359 0.91593 0.52479
0.02747 1.85619 1.06353
0.03339 2.25569 1.29244
0.04821 3.27947 1.87908
0.02057 1.39730 0.80060
0.07264 4.92059 2.81957
0.04253 2.89871 1.66090
0.02548 1.74170 0.99793
0.03866 2.64444 1.51520
0.05481 3.75750 2.15301
0.07921 5.43944 3.11696
0.03806 2.61810 1.50010
0.02411 1.66102 0.95170
0.02408 1.66089 0.95163
0.03765 2.60893 1.49485
0.00637 0.44017 0.25220
0.00754 0.52256 0.29941
0.02087 1.44972 0.83064
0.06879 4.79384 2.74693
0.03200 2.23008 1.27777
0.01631 1.13810 0.65209
0.03329 2.32523 1.33229
0.01716 1.20139 0.68835
0.08479 5.96180 3.41637
0.05998 4.22362 2.42014
0.03429 2.42084 1.38708
0.09541 6.71052 3.84557
0.06178 4.38658 2.51353
0.02377 1.69264 0.96982
0.02804 1.99753 1.14452
0.02732 1.94912 1.11678
0.02004 1.43324 0.82119
0.03572 2.55589 1.46446
0.03510 2.51794 1.44271
0.02728 1.97053 1.12905
0.02602 1.88019 1.07729
0.03404 2.46841 1.41433
0.04031 2.92749 1.67739
0.01179 0.85834 0.49179
0.17850 13.02971 7.47076
0.06623 4.82956 2.76740
0.13217 9.67201 5.54382
0.02688 1.96937 1.12838
0.02487 1.82143 1.04362
0.01167 0.85638 0.49067
0.01786 1.30751 0.74915
0.01649 1.21208 0.69447
0.05801 4.26487 2.44378
0.03350 2.46379 1.41168
0.01717 1.26582 0.72527
0.02939 2.15984 1.23752
0.01308 0.96475 0.55276
0.01690 1.24571 0.71374
0.01595 1.17649 0.67408
0.04211 3.11341 1.78392
0.00536 0.39572 0.22673
0.02625 1.93957 1.11131
0.02392 1.77011 1.01421
0.01410 1.04225 0.59717
0.00957 0.70901 0.40623
0.07081 5.24209 3.00384
0.01589 1.17901 0.67552
0.01806 1.34088 0.76827
0.03023 2.24414 1.28582
0.02968 2.21313 1.26806
0.00827 0.61608 0.35299
0.06073 4.53677 2.59960
0.01376 1.03334 0.59206
0.03652 2.75137 1.57647
0.03072 2.30625 1.32141
0.00218 0.16451 0.09426
0.03261 2.46861 1.41445
0.02452 1.86201 1.06687
0.08288 6.31704 3.62000
0.01417 1.07995 0.61877
0.02805 2.14477 1.22888
0.02681 2.05141 1.17539
0.01863 1.43448 0.82190
0.01286 0.99081 0.56769
0.03202 2.46745 1.41378
0.00913 0.70411 0.40343
0.02599 2.01278 1.15326
0.03413 2.64876 1.51767
0.02988 2.33702 1.33904
0.03717 2.89711 1.65998
0.04638 3.63127 2.08068
0.04526 3.55224 2.03539
0.06951 5.47721 3.13860
0.02313 1.81797 1.04164
0.02695 2.12236 1.21605
0.03586 2.83746 1.62580
0.03137 2.48769 1.42538
0.02390 1.90445 1.09119
0.04098 3.25595 1.86560
0.01431 1.14334 0.65509
0.02074 1.65623 0.94896
0.03335 2.68043 1.53582
0.03728 3.01054 1.72498
0.03121 2.51189 1.43924
0.00375 0.30351 0.17390
0.01882 1.52754 0.87523
0.01323 1.07762 0.61744
0.01480 1.21859 0.69821
0.01001 0.83233 0.47689
0.01068 0.90562 0.51888
0.04092 3.51433 2.01367
0.01069 0.92895 0.53225
0.02214 1.97194 1.12986
0.13392 12.08755 6.92988
0.13163 11.97402 6.86471
0.03914 3.57388 2.04779
0.07441 6.79015 3.89122
0.07506 6.83579 3.91738
0.00691 0.63054 0.36127
0.01024 0.94326 0.54045
0.02537 2.34323 1.34260
0.02243 2.07815 1.19072
0.01329 1.23245 0.70614
0.01134 1.05543 0.60472
0.02263 2.11606 1.21243
0.03773 3.54707 2.03243
0.04385 4.12643 2.36444
0.05960 5.65430 3.24011
0.13149 12.47871 7.15442
0.04692 4.44232 2.54547
0.05486 5.16370 2.95891
0.04790 4.48946 2.57249
0.07842 7.29754 4.18211
0.05193 4.81683 2.76011
0.04386 4.05375 2.32279
0.04029 3.69626 2.11792
0.07902 7.21299 4.13364
0.03854 3.50561 2.00867
0.03792 3.42859 1.96453
0.02061 1.85386 1.06220
0.06489 5.78448 3.31473
0.03325 2.94924 1.68985
0.00784 0.69043 0.39559
0.07873 6.91849 3.96480
0.05907 5.15693 2.95503
0.03732 3.23759 1.85509
0.04973 4.27582 2.45005
0.03570 3.05983 1.75322
0.00629 0.53428 0.30612
0.05990 5.06339 2.90142
0.01136 0.95380 0.54649
0.03326 2.76310 1.58319
0.01739 1.43799 0.82391
0.01763 1.44599 0.82850
0.03640 2.96325 1.69788
0.06093 4.93074 2.82539
0.03295 2.64376 1.51481
0.01083 0.86103 0.49333
0.01827 1.43639 0.82300
0.03024 2.36125 1.35293
0.02284 1.76470 1.01111
0.03887 2.98593 1.71087
0.04659 3.55824 2.03883
0.03866 2.91500 1.67023
0.08488 6.35474 3.64161
0.04057 3.02167 1.73136
0.03214 2.36286 1.35385
0.06497 4.75518 2.72477
0.11171 8.13308 4.66120
0.15302 11.06014 6.34023
0.06547 4.71659 2.70266
0.05101 3.63134 2.08072
0.03695 2.61455 1.49807
0.02865 2.01279 1.15326
0.07297 5.10790 2.92693
0.02924 2.03585 1.16648
0.05927 4.10649 2.35301
0.04783 3.31837 1.90137
0.04444 3.07884 1.76412
0.02575 1.78742 1.02413
0.04946 3.43383 1.96753
0.08826 6.13695 3.51677
0.18924 13.17161 7.55224
0.04369 3.04080 1.74232
0.07352 5.12538 2.93695
0.03027 2.10023 1.20336
0.03067 2.13884 1.22549
0.01923 1.34193 0.76888
0.02581 1.80709 1.03540
0.01556 1.09348 0.62652
0.00656 0.46060 0.26390
0.03733 2.63018 1.50702
0.03490 2.46704 1.41355
0.04902 3.46632 1.98616
0.01139 0.80668 0.46219
0.04388 3.10932 1.78158
0.04875 3.47919 1.99353
0.02157 1.54687 0.88630
0.03961 2.84322 1.62910
0.00244 0.17534 0.10046
0.01508 1.08218 0.62004
0.02422 1.74652 1.00069
0.01134 0.82116 0.47049
0.03393 2.46584 1.41286
0.03869 2.81368 1.61217
0.02325 1.69388 0.97053
0.01305 0.95476 0.54704
0.03898 2.85446 1.63554
0.02167 1.59681 0.91492
0.02126 1.56440 0.89634
0.03681 2.72001 1.55850
0.03108 2.30812 1.32249
0.04403 3.27707 1.87771
0.05710 4.26523 2.44398
0.02316 1.72730 0.98968
0.03704 2.77517 1.59010
0.04484 3.38248 1.93811
0.07773 5.90297 3.38264
0.01644 1.26469 0.72462
0.10488 8.18434 4.69059
0.03589 2.84925 1.63256
0.02452 1.98391 1.13671
0.01820 1.50584 0.86279
0.03009 2.55355 1.46312
0.02992 2.58624 1.48185
0.09054 8.03898 4.60724
0.05564 5.08174 2.91194
0.05756 5.41537 3.10316
0.04611 4.44592 2.54754
0.06212 6.20569 3.55617
0.03349 3.44663 1.97487
0.05578 5.93929 3.40346
0.03708 4.10590 2.35267
0.06640 7.60428 4.35798
0.04988 5.93544 3.40126
0.02991 3.70137 2.12085
0.05842 7.42549 4.25547
0.03668 4.73788 2.71486
0.03078 3.97608 2.27828
0.01219 1.57810 0.90419
0.00871 1.13068 0.64784
0.01666 2.16568 1.24087
0.03713 4.86938 2.79022
0.00322 0.42194 0.24176
0.03498 4.61781 2.64605
0.00669 0.88594 0.50761
0.00944 1.25557 0.71939
0.01093 1.46157 0.83742
0.00605 0.81103 0.46469
0.01039 1.39850 0.80129
0.01607 2.17915 1.24859
0.00939 1.27433 0.73014
0.00846 1.14083 0.65365
0.02672 3.58133 2.05206
0.01804 2.39399 1.37169
0.02403 3.17479 1.81910
0.01145 1.50508 0.86236
0.06404 8.35561 4.78881
0.08229 10.71954 6.14479
0.06633 8.57804 4.91636
0.00970 1.23947 0.71017
0.02300 2.91075 1.66780
0.05211 6.53447 3.74464
0.02188 2.75247 1.57710
0.01895 2.38272 1.36523
0.02597 3.24187 1.85753
0.03000 3.71716 2.12990
0.02432 2.96764 1.70039
0.00091 0.11018 0.06313
0.00622 0.75138 0.43051
0.00823 0.99004 0.56726
0.02345 2.80179 1.60536
0.03145 3.72313 2.13332
0.07443 8.71976 4.99764
0.01432 1.65041 0.94563
0.01398 1.59654 0.91476
0.02107 2.38081 1.36414
0.02876 3.22046 1.84527
0.01043 1.15612 0.66241
0.02728 2.99780 1.71768
0.01574 1.71254 0.98123
0.00984 1.06290 0.60900
0.02556 2.74058 1.57029
0.00044 0.04720 0.02705
0.02208 2.35273 1.34805
0.01896 2.02500 1.16026
0.02812 3.00346 1.72092
0.01983 2.11966 1.21450
0.01512 1.61846 0.92732
0.02380 2.54709 1.45942
0.00702 0.75241 0.43110
0.01622 1.73776 0.99567
0.01869 2.01488 1.15446
0.01984 2.14558 1.22935
0.03598 3.90304 2.23642
0.02342 2.54839 1.46016
0.02334 2.54933 1.46070
0.02153 2.36222 1.35349
0.02663 2.96108 1.69663
0.03106 3.51666 2.01500
0.03435 3.99041 2.28649
0.02576 3.05247 1.74900
0.04831 5.81641 3.33303
0.02190 2.64835 1.51744
0.01967 2.38412 1.36603
0.03503 4.24853 2.43441
0.02526 3.07922 1.76433
0.02278 2.79459 1.60124
0.01935 2.38243 1.36507
0.03420 4.23157 2.42469
0.04120 5.09327 2.91854
0.01135 1.41272 0.80943
0.00808 1.01031 0.57887
0.02029 2.54381 1.45754
0.01631 2.04835 1.17364
