0.00026 -0.05361 1.19821
0.00081 -0.02149 1.18540
0.01288 -0.01783 1.19168
0.00217 -0.03962 1.19141
-0.00144 -0.03689 1.19479
-0.00797 -0.04164 1.19010
0.01025 -0.04519 1.19214
0.01240 0.03011 1.19129
-0.01684 0.00069 1.19181
-0.04376 -0.05094 1.19002
-0.09020 -0.04249 1.18833
-0.03319 -0.03523 1.19101
-0.00796 -0.05129 1.19239
-0.05697 -0.06049 1.18846
-0.01699 -0.02586 1.19345
-0.10542 -0.02941 1.19093
-0.02108 -0.05759 1.19239
-0.03970 -0.05024 1.19312
-0.00715 -0.04302 1.19384
-0.06558 -0.03337 1.19230
-0.04138 -0.04915 1.19265
-0.01566 -0.01955 1.19645
-0.01910 -0.03798 1.19826
-0.01590 -0.05598 1.19440
-0.02630 -0.05315 1.19020
-0.01651 -0.06152 1.19845
-0.01291 -0.03882 1.20384
-0.00327 -0.02054 1.18867
-0.01089 -0.02393 1.19489
-0.03696 -0.01743 1.19766
-0.03914 -0.03429 1.19624
-0.02890 -0.02153 1.19763
-0.00075 -0.02075 1.19899
-0.01022 -0.02090 1.19738
-0.02198 -0.03856 1.19610
-0.00780 -0.03807 1.19714
-0.00432 -0.02732 1.20003
-0.00372 -0.00948 1.20047
-0.03141 -0.01815 1.20038
0.00710 -0.01697 1.20548
-0.00093 -0.04001 1.20262
-0.00267 -0.04556 1.19821
-0.02109 -0.04833 1.20011
-0.00382 -0.02683 1.20114
-0.01452 -0.03145 1.20507
-0.05306 -0.05944 1.20154
-0.03363 -0.01813 1.20476
-0.03445 -0.02411 1.20708
-0.04030 -0.02950 1.20416
-0.01970 -0.03971 1.20549
-0.12283 -0.03818 1.19702
-0.01387 -0.04728 1.20290
-0.01883 -0.05480 1.20080
0.00516 -0.02649 1.20013
-0.02620 -0.03312 1.20244
0.00766 -0.07244 1.19540
0.00610 -0.05428 1.19261
-0.01830 -0.03206 1.19411
-0.00991 -0.03036 1.19094
-0.04642 -0.03651 1.18880
-0.02096 -0.03814 1.18580
0.00293 -0.02080 1.18543
0.01418 -0.05095 1.17711
0.01259 -0.03309 1.17492
0.02034 -0.02758 1.17525
0.00894 -0.01193 1.17846
0.00898 -0.03548 1.17344
0.07625 -0.07559 1.16125
0.05180 -0.11063 1.15840
0.05048 -0.07231 1.15579
0.00647 -0.02730 1.15942
0.00442 -0.00501 1.15991
0.00258 -0.03484 1.15403
0.07312 -0.05869 1.14950
0.02202 -0.05592 1.14868
0.01172 -0.03737 1.15026
-0.00294 -0.02886 1.15376
-0.00196 -0.01965 1.15565
0.00969 -0.01034 1.15694
0.01963 -0.01417 1.15662
0.00913 -0.06020 1.15260
-0.03474 -0.07505 1.15652
-0.02387 -0.07363 1.15813
-0.01139 -0.05020 1.16816
-0.01896 -0.02052 1.17595
-0.00165 -0.01930 1.18223
-0.02033 -0.01216 1.18568
-0.02837 -0.02609 1.19233
-0.05021 -0.02942 1.19802
-0.01706 -0.04879 1.19955
-0.04317 -0.04128 1.20428
-0.08185 -0.03070 1.20459
-0.04538 -0.02492 1.21278
-0.04790 -0.02526 1.21518
-0.03374 -0.02089 1.21634
-0.06453 -0.04201 1.21685
-0.05035 -0.05717 1.21834
-0.06611 -0.04202 1.22103
-0.08469 -0.06204 1.22147
-0.06476 -0.03498 1.22645
-0.06106 -0.04783 1.22949
-0.03933 -0.05314 1.22854
-0.05783 -0.03861 1.23952
-0.03710 -0.02063 1.24015
-0.02879 -0.02490 1.24103
-0.06400 0.00191 1.24479
-0.02406 0.00328 1.25011
-0.02755 -0.05128 1.24858
-0.02480 -0.04525 1.24936
-0.01191 -0.02948 1.25530
-0.01871 -0.02615 1.25772
0.08109 -0.00272 1.26003
-0.00983 -0.02225 1.26331
-0.01515 -0.03682 1.26285
-0.00613 -0.03195 1.26666
-0.00261 -0.03958 1.26693
-0.01327 -0.03653 1.27347
-0.00033 -0.01629 1.27554
-0.01580 -0.02169 1.27420
-0.03534 -0.07385 1.27038
-0.02339 -0.04449 1.27031
-0.02075 -0.10728 1.26550
-0.00145 -0.09393 1.26396
-0.01376 -0.06253 1.26465
-0.01339 -0.05197 1.26474
-0.02659 -0.02222 1.26384
-0.01256 -0.01212 1.26895
-0.01941 -0.00337 1.26381
-0.02322 -0.02086 1.26507
-0.02210 -0.04455 1.26308
-0.02715 -0.03190 1.26065
-0.00024 -0.01573 1.26476
-0.00702 -0.03559 1.26148
-0.05678 -0.05292 1.25851
-0.02397 -0.06135 1.26084
-0.02748 -0.04060 1.26372
-0.03627 -0.05962 1.26028
-0.02714 -0.04823 1.26177
-0.00523 -0.02837 1.26242
-0.01630 -0.01145 1.26542
-0.05417 -0.03903 1.26213
-0.01327 -0.03072 1.26624
-0.04325 -0.03898 1.26294
-0.01933 -0.06314 1.26298
-0.03220 -0.03241 1.26055
-0.00372 -0.02016 1.26792
-0.02683 -0.05095 1.26211
-0.01675 -0.07501 1.25846
-0.00406 -0.03438 1.26168
0.00252 -0.01253 1.26206
0.00699 -0.04496 1.26434
-0.02091 -0.04306 1.25642
-0.00448 -0.03820 1.24974
-0.00762 -0.04854 1.24894
-0.02610 -0.02899 1.24659
-0.02680 -0.03792 1.24661
0.01507 0.00917 1.24579
0.00503 -0.05418 1.23837
0.00554 -0.05241 1.23329
0.00235 -0.06369 1.22974
0.00685 -0.05221 1.22608
-0.01799 -0.04733 1.22015
-0.00234 -0.01159 1.21761
-0.00332 -0.00725 1.21323
-0.00163 -0.01622 1.20809
0.02667 -0.03595 1.20104
-0.00109 -0.04513 1.19430
0.02591 -0.05477 1.18666
0.02199 -0.03840 1.17832
0.00975 -0.04537 1.16983
0.00656 -0.04057 1.15653
-0.03727 -0.02666 1.14223
-0.02380 -0.03611 1.12915
-0.06402 -0.06213 1.10868
-0.02351 -0.05431 1.09578
-0.03056 -0.04918 1.08300
-0.03774 -0.05287 1.06876
-0.02154 -0.04563 1.05844
-0.09365 -0.02617 1.03949
-0.03212 -0.00824 1.03699
-0.08793 -0.04057 1.01813
-0.04974 -0.02498 1.00264
-0.11789 -0.04369 0.97600
-0.01057 -0.02963 0.96619
-0.01810 -0.02777 0.94144
-0.07502 -0.04443 0.91675
-0.06348 -0.02936 0.89441
-0.03499 -0.02923 0.87362
-0.03892 -0.02175 0.85284
-0.06359 -0.03648 0.82744
-0.02845 -0.02947 0.81287
-0.01198 -0.01536 0.79437
-0.01770 -0.01742 0.77763
-0.01304 -0.02060 0.75816
0.00009 -0.02339 0.74165
-0.06341 -0.07241 0.72504
-0.03229 -0.04143 0.72635
-0.02813 -0.02434 0.72257
-0.00335 -0.02562 0.72205
-0.00376 -0.02057 0.71799
-0.01645 -0.02174 0.71402
-0.02542 -0.02514 0.71034
-0.01280 -0.02522 0.70639
0.00239 -0.01105 0.70350
-0.00414 -0.00621 0.70013
-0.01638 -0.02164 0.69603
-0.02006 -0.02989 0.69171
-0.01005 -0.01826 0.68789
-0.00269 -0.02366 0.68733
0.00556 -0.03361 0.68800
0.00536 -0.02264 0.69325
-0.02175 -0.01680 0.69586
0.01063 -0.02071 0.70221
-0.00327 -0.01860 0.70304
-0.00201 -0.02157 0.70425
-0.00432 -0.03226 0.70750
-0.01079 -0.01166 0.71477
-0.00915 -0.01653 0.72176
-0.02822 -0.03046 0.72686
-0.01425 -0.02232 0.73338
-0.00413 -0.02486 0.74177
0.05559 -0.07403 0.74042
0.00567 -0.03376 0.75225
0.01815 -0.03885 0.75985
0.00525 0.00005 0.77438
-0.01115 0.00304 0.78406
-0.06942 -0.03010 0.78365
-0.05009 -0.05064 0.79171
0.01301 -0.03226 0.79426
0.00055 -0.02622 0.80608
0.01979 -0.02001 0.81754
-0.00585 -0.00747 0.82865
0.02109 -0.01108 0.83529
0.01110 -0.02160 0.83693
0.00362 -0.01998 0.83935
0.00587 -0.03487 0.83420
0.01043 -0.03151 0.83712
-0.00778 -0.00992 0.83969
-0.00932 -0.00755 0.84339
-0.00609 -0.02441 0.84254
-0.00347 -0.02424 0.84028
-0.01292 -0.02511 0.84388
0.08832 -0.07446 0.83672
-0.00557 -0.02577 0.84717
0.00998 -0.04167 0.84827
-0.00031 -0.02611 0.84842
-0.00374 -0.02176 0.85368
-0.02956 -0.01027 0.85355
-0.00166 -0.03689 0.85577
-0.01265 -0.03584 0.85481
-0.00788 -0.03624 0.85269
-0.02444 -0.02368 0.85623
-0.00801 -0.02899 0.85307
-0.03012 -0.03441 0.85081
-0.01634 -0.01762 0.85004
-0.03303 -0.01813 0.84805
-0.03475 -0.00972 0.84522
-0.03077 -0.01829 0.83866
-0.03619 -0.01791 0.83285
-0.03659 -0.02908 0.82006
-0.05009 -0.02377 0.81183
-0.03228 -0.02096 0.79985
-0.03689 -0.02457 0.78324
-0.03607 -0.02564 0.76625
-0.04452 -0.03095 0.74807
-0.02989 -0.01945 0.73000
-0.02693 -0.03303 0.70702
-0.04552 -0.04108 0.68667
-0.06091 -0.05116 0.66309
-0.06768 -0.05089 0.64566
-0.02665 -0.03953 0.63699
-0.01317 -0.02390 0.62918
-0.01107 -0.01479 0.61289
-0.03481 -0.00759 0.60484
-0.04501 -0.02795 0.57909
-0.03493 -0.01530 0.57908
-0.07013 -0.02040 0.56428
-0.04938 0.00699 0.54285
-0.03837 -0.00544 0.54748
-0.02114 0.00039 0.53759
-0.02820 -0.00060 0.50654
-0.04802 0.00667 0.51524
-0.04737 0.00480 0.48073
-0.05171 -0.00278 0.50019
-0.07664 -0.01625 0.49289
-0.07896 -0.01270 0.45560
-0.08991 -0.00687 0.48026
-0.06374 0.00923 0.48001
-0.03239 -0.00895 0.44816
-0.05822 -0.01071 0.47317
-0.08760 0.01780 0.43084
-0.01958 0.00513 0.47085
-0.03507 0.01087 0.46172
-0.06218 -0.00873 0.42310
-0.06890 -0.00462 0.44405
-0.07240 -0.01163 0.43551
-0.01794 0.00146 0.41265
-0.05946 0.00037 0.42019
-0.06028 0.00607 0.40646
-0.03324 0.01769 0.41745
-0.05302 0.00746 0.41937
-0.11027 0.02507 0.41333
-0.08116 0.03163 0.43158
-0.07542 0.01402 0.44095
-0.05661 0.01884 0.46572
-0.08395 0.00816 0.46111
-0.09820 0.00447 0.48657
-0.08218 0.01234 0.48218
-0.07821 -0.00314 0.49302
-0.06542 -0.01128 0.53355
-0.06430 -0.00240 0.52351
-0.05159 -0.00319 0.56976
-0.04919 0.00041 0.56422
-0.08983 -0.00828 0.58522
-0.07372 0.00383 0.62961
-0.07366 0.00279 0.63159
-0.05448 -0.00194 0.68221
-0.07112 -0.01497 0.67812
-0.07138 -0.01994 0.72286
-0.05635 -0.03297 0.72338
-0.04229 -0.03198 0.74947
-0.03005 -0.01324 0.79549
-0.04494 -0.00887 0.80188
-0.00762 -0.02300 0.84627
-0.07369 -0.00074 0.84538
-0.04474 -0.00611 0.89269
-0.04448 -0.01129 0.89581
-0.02646 0.00380 0.92137
-0.00522 -0.00393 0.96557
0.01091 -0.03550 0.96738
0.00635 -0.04593 1.00187
-0.00314 -0.02612 1.01236
-0.04229 0.02464 1.04173
-0.05004 0.00176 1.07474
-0.06493 -0.01643 1.08873
-0.03755 -0.00123 1.11992
-0.03776 -0.00110 1.13757
-0.05612 0.00154 1.16516
-0.01633 -0.02590 1.17916
0.00025 -0.04230 1.19282
-0.04629 -0.01758 1.21057
-0.04430 0.00281 1.22811
-0.05486 -0.02080 1.24859
-0.02121 -0.04484 1.26188
0.00889 -0.04596 1.28126
-0.02205 -0.02510 1.29645
-0.01883 -0.02022 1.30972
0.02373 -0.02132 1.32465
0.01202 -0.01944 1.33369
0.01499 -0.03119 1.33421
-0.00673 -0.01902 1.33355
0.02600 -0.07063 1.32742
0.06209 -0.10176 1.33712
0.00560 -0.04781 1.33957
0.02981 -0.07087 1.34039
-0.00973 -0.01549 1.34734
-0.06497 0.01725 1.34852
-0.00771 -0.04530 1.35142
0.01902 -0.03937 1.35006
0.02781 -0.03660 1.35669
0.02924 -0.09342 1.34877
0.00694 -0.04309 1.35812
0.01310 -0.03457 1.36767
0.02691 -0.01656 1.36844
0.00949 -0.02918 1.37424
-0.00081 -0.03138 1.37342
-0.00981 -0.05807 1.38306
-0.00365 -0.09009 1.37823
-0.04298 -0.07674 1.38211
-0.03423 -0.01521 1.38926
-0.06431 -0.00634 1.39176
-0.04138 -0.04308 1.39768
-0.18587 -0.03254 1.38847
-0.06368 -0.06573 1.39840
-0.03671 -0.04968 1.40286
0.01661 -0.03770 1.40439
0.01964 -0.03507 1.41220
-0.00600 -0.03211 1.41689
-0.02379 -0.01821 1.42036
0.00853 -0.04320 1.42309
-0.02555 -0.01370 1.42460
0.00551 -0.04914 1.42953
0.01216 -0.06333 1.42741
0.04096 -0.02996 1.43649
0.03499 0.00132 1.43943
0.00471 -0.06252 1.44093
-0.00502 -0.05963 1.44016
-0.01640 -0.04192 1.44687
-0.02025 -0.08416 1.44949
-0.00181 -0.05595 1.45329
0.01046 0.00962 1.46117
0.01732 -0.06180 1.46269
-0.02644 -0.03443 1.46317
-0.03315 -0.02209 1.46350
-0.04117 -0.01869 1.45925
-0.01994 -0.03731 1.46881
0.08683 0.02585 1.46208
0.04350 -0.06227 1.45964
0.06301 -0.05561 1.45799
0.01438 -0.04810 1.45529
0.01954 -0.10890 1.45243
0.02489 -0.06197 1.45163
0.01009 -0.06506 1.44758
0.00092 -0.03576 1.44836
0.00667 -0.05627 1.44138
-0.02984 -0.02461 1.44396
0.03550 -0.02948 1.43954
0.03812 -0.06194 1.43567
0.09989 -0.06938 1.42593
-0.10347 -0.07913 1.42012
0.02715 -0.05346 1.42377
0.02401 -0.02865 1.41338
0.05647 -0.06474 1.40550
0.01948 -0.05707 1.39121
0.04725 -0.05498 1.37981
0.03759 -0.03451 1.36387
0.02873 -0.04157 1.34442
0.06577 -0.06064 1.31809
0.02067 -0.04705 1.30424
-0.01683 -0.04293 1.28253
-0.01310 -0.05713 1.25901
-0.01547 -0.09826 1.22856
0.02053 -0.04479 1.20944
-0.01214 -0.05890 1.18284
0.01645 -0.05257 1.15937
0.00453 -0.02648 1.13322
-0.00732 -0.01012 1.10985
-0.06175 -0.02458 1.07969
-0.04926 -0.04314 1.04995
-0.04573 -0.06692 1.02642
-0.02870 -0.09320 0.99646
-0.02483 -0.02835 0.97579
-0.02976 -0.03005 0.94839
-0.04539 -0.02032 0.92135
-0.05123 -0.01850 0.89909
-0.01885 -0.03406 0.87759
-0.04264 -0.00949 0.86147
-0.03006 -0.07185 0.84180
-0.00230 -0.03310 0.83122
0.00335 -0.03343 0.81826
-0.00807 -0.03916 0.80054
-0.04783 -0.09072 0.77607
-0.00591 -0.05522 0.76588
-0.01440 -0.03747 0.75848
-0.01300 -0.01922 0.75052
-0.01236 -0.01396 0.74273
-0.01418 -0.05227 0.73217
-0.01685 -0.05961 0.71897
-0.01092 -0.05757 0.71204
-0.02528 -0.06917 0.70476
0.00069 -0.06039 0.70194
-0.00751 -0.06643 0.69784
-0.00697 -0.04622 0.69780
-0.01093 -0.03601 0.69632
-0.00905 -0.01234 0.69590
0.00384 -0.00397 0.69548
0.00823 -0.04438 0.68700
-0.01452 -0.04107 0.67893
-0.04066 -0.06087 0.67865
0.01502 -0.03365 0.68411
-0.00975 -0.03504 0.69652
-0.02833 -0.01921 0.70770
-0.03240 0.05788 0.71982
-0.03324 0.00209 0.73154
-0.02353 -0.02039 0.74074
-0.06825 -0.02731 0.74830
-0.04951 -0.03446 0.76102
-0.04421 -0.01698 0.78138
-0.04319 -0.00095 0.80073
0.01557 0.01041 0.81872
-0.04447 -0.01301 0.83421
-0.03478 -0.03612 0.84717
-0.04066 -0.04462 0.86493
-0.06000 -0.06301 0.87810
-0.02147 -0.02824 0.89921
-0.05067 -0.01576 0.91930
-0.04269 -0.00482 0.93636
-0.02960 0.01373 0.95710
-0.04518 -0.01281 0.97019
-0.07471 -0.06362 0.98159
-0.03468 -0.03148 1.00211
-0.02516 -0.03002 1.02142
-0.03479 -0.00947 1.04117
-0.01200 -0.03248 1.05735
-0.02580 -0.06977 1.06973
-0.00782 -0.06158 1.08873
0.01842 -0.04753 1.10457
-0.05272 0.03316 1.13111
-0.01008 0.01705 1.15318
-0.04043 -0.00889 1.16635
-0.02693 -0.06391 1.17287
-0.00507 -0.04852 1.19380
-0.01978 -0.01148 1.21228
-0.01642 -0.04471 1.22540
-0.02763 -0.00690 1.24125
-0.01491 0.00674 1.25787
-0.01654 -0.01503 1.27732
-0.01025 -0.03482 1.28592
-0.01790 -0.00937 1.30475
-0.03160 -0.06751 1.31527
-0.06312 -0.05616 1.31947
0.02199 -0.02747 1.34523
0.03624 -0.01837 1.37276
0.01328 0.00290 1.38683
-0.01206 -0.03111 1.39604
-0.04112 -0.05322 1.40272
0.00574 -0.03440 1.42730
-0.00095 -0.03195 1.44308
0.07188 0.00433 1.45497
0.00707 -0.01599 1.47084
0.03146 -0.01970 1.47341
0.00120 -0.03156 1.47599
0.04635 0.00751 1.47407
0.00032 -0.03826 1.47268
-0.00481 -0.05184 1.46746
-0.02713 -0.04782 1.46885
-0.01166 -0.04775 1.46733
-0.00644 -0.02498 1.46994
0.03530 -0.08874 1.46206
0.08936 -0.12510 1.45557
-0.04218 -0.01813 1.47049
-0.01898 0.01885 1.47015
0.01503 -0.00719 1.46804
-0.05908 -0.04357 1.46126
0.05455 -0.08494 1.45051
-0.02858 -0.06557 1.45688
0.02995 -0.04955 1.45563
-0.06852 -0.04573 1.45202
0.01572 -0.02378 1.45567
-0.01554 -0.01661 1.45068
-0.02182 -0.04955 1.44695
-0.02107 -0.08961 1.43575
0.00439 -0.06254 1.43795
0.00018 -0.03118 1.43922
-0.01458 0.00484 1.43646
0.00369 -0.04066 1.43685
0.01796 -0.08816 1.42569
0.01619 -0.05293 1.42625
0.01266 -0.05451 1.42501
0.06038 -0.06339 1.41748
0.00798 -0.04836 1.41641
-0.00558 -0.05104 1.42260
-0.01379 -0.04104 1.41682
-0.00384 -0.08774 1.40796
-0.00425 -0.04638 1.40688
0.07807 -0.04305 1.40164
-0.00830 -0.03437 1.39770
0.01688 -0.03027 1.39174
-0.03515 -0.06579 1.38247
-0.03609 -0.06223 1.38268
-0.01967 -0.03795 1.37981
-0.03993 -0.09624 1.37187
-0.00383 -0.11412 1.36633
-0.04948 -0.08072 1.36432
0.06007 -0.00508 1.37252
0.02515 -0.03183 1.36831
0.04850 -0.00807 1.36513
-0.01930 -0.06729 1.36312
0.01453 0.01307 1.35923
-0.07117 -0.07611 1.35997
-0.01471 -0.06890 1.36001
-0.09053 -0.06755 1.35863
0.03130 -0.02029 1.36718
0.04378 -0.02484 1.37158
-0.01334 -0.05051 1.37273
-0.03022 -0.04526 1.37637
-0.00165 -0.04637 1.37831
0.01616 -0.03010 1.38406
-0.01302 -0.04625 1.38916
-0.00909 -0.03874 1.39090
0.00876 -0.01459 1.39846
-0.01319 -0.03568 1.39464
0.01784 -0.07012 1.39606
0.01015 -0.04245 1.40330
0.00624 -0.03817 1.40787
-0.00146 -0.06508 1.40396
-0.00443 -0.05466 1.40835
0.02060 -0.04415 1.41003
-0.04324 -0.06740 1.41772
-0.01713 -0.01013 1.42054
-0.03035 -0.02398 1.42036
-0.05823 -0.03826 1.42131
-0.04545 -0.05821 1.41843
-0.02098 -0.00841 1.42751
-0.04356 -0.00758 1.43206
-0.01935 -0.03556 1.42499
-0.02588 -0.03087 1.42277
-0.01533 -0.03528 1.42361
-0.01570 -0.02841 1.42437
-0.03015 -0.03707 1.42056
-0.02668 -0.03792 1.41609
0.01117 -0.03232 1.41679
-0.03562 -0.03850 1.41426
-0.01167 -0.07139 1.40723
-0.03598 -0.03398 1.40148
-0.02282 -0.04895 1.40494
-0.02795 -0.00795 1.40753
-0.01616 -0.03135 1.40591
0.01999 -0.08485 1.40025
-0.00679 -0.01103 1.40225
-0.00921 -0.03380 1.40417
0.00979 -0.05292 1.39451
0.03272 -0.01450 1.40143
0.04750 -0.06774 1.40046
0.00210 -0.04366 1.39886
-0.02031 -0.03712 1.39892
-0.01708 -0.04853 1.39799
0.01418 -0.02170 1.40211
-0.00188 -0.03253 1.39910
0.02118 -0.03881 1.39951
-0.02217 -0.04049 1.39523
-0.01454 -0.03092 1.39198
-0.12681 -0.06433 1.38868
-0.11578 -0.04960 1.38306
-0.01419 -0.05048 1.38422
-0.02091 -0.02537 1.38663
-0.02786 -0.00537 1.38078
-0.03165 -0.03608 1.37944
-0.01388 -0.06576 1.36857
0.01455 -0.09963 1.36331
0.05633 -0.04240 1.35870
-0.01491 -0.00483 1.36378
-0.02739 -0.00526 1.36314
-0.02466 -0.01095 1.35439
0.01173 -0.02078 1.34912
0.02788 -0.07295 1.34067
-0.01270 -0.05502 1.34271
-0.01462 -0.04569 1.33695
0.01467 -0.03550 1.33274
0.00986 -0.03333 1.33533
-0.04479 -0.04424 1.32236
0.02689 -0.05427 1.32279
0.04196 0.00229 1.32067
0.07234 -0.09811 1.31235
-0.04040 -0.05475 1.31161
0.00604 -0.03910 1.30674
0.00456 -0.04298 1.30587
-0.02484 -0.04993 1.30127
0.02249 -0.04013 1.29875
0.04822 -0.04527 1.29227
0.00425 -0.07004 1.28516
0.04050 -0.06813 1.28772
-0.01379 -0.00726 1.28299
-0.01107 -0.02495 1.28304
-0.06442 -0.05892 1.27347
-0.01179 -0.04349 1.27104
0.00904 -0.03048 1.27033
-0.04623 -0.02699 1.26240
0.00815 -0.01278 1.25806
-0.01396 -0.02371 1.25448
-0.02820 -0.03195 1.24905
-0.02985 -0.05829 1.23912
-0.01043 -0.06298 1.22924
-0.04705 -0.04855 1.22041
0.03449 -0.03512 1.21348
0.03915 -0.02135 1.20484
0.01917 -0.02454 1.19778
-0.01015 -0.03685 1.18469
0.02594 -0.06499 1.17290
0.00503 -0.04247 1.16295
-0.00802 -0.01094 1.15324
-0.02487 -0.02301 1.13707
0.00865 -0.01355 1.11779
-0.00995 -0.04199 1.09590
-0.00921 -0.01813 1.08015
0.00164 0.00176 1.06010
0.03632 -0.04041 1.03149
0.00373 -0.03771 1.00828
0.06699 -0.04603 0.97738
0.01378 -0.02641 0.95450
0.00072 -0.03824 0.92449
-0.00176 -0.01801 0.89598
-0.02428 -0.05805 0.86676
-0.10047 -0.07538 0.82449
-0.00439 -0.02944 0.80784
-0.00161 -0.02563 0.78113
-0.00721 -0.00728 0.75588
-0.07268 0.01649 0.72455
-0.04687 0.00701 0.70555
-0.04530 -0.02932 0.67510
-0.07857 -0.06129 0.63537
-0.08504 -0.05573 0.61867
-0.09465 -0.04600 0.59972
-0.13605 -0.01047 0.55498
-0.12819 -0.01478 0.55788
-0.07937 -0.00024 0.52871
0.01097 0.00112 0.54940
-0.04763 0.00655 0.54205
-0.07598 0.00184 0.50818
-0.04486 0.00612 0.53158
-0.11720 0.01247 0.51270
-0.13213 0.03044 0.47932
-0.11379 0.04613 0.49877
-0.01676 0.02034 0.49043
-0.14738 -0.00279 0.47822
-0.13601 0.00310 0.47526
-0.11874 0.00985 0.46413
-0.10700 0.00648 0.47175
-0.10018 -0.02510 0.46721
-0.09412 -0.01544 0.46731
-0.07114 0.00795 0.47444
-0.08118 0.02644 0.48203
-0.12257 0.01288 0.47709
-0.09513 -0.01096 0.48866
-0.11474 -0.02757 0.49873
-0.10160 -0.00813 0.49577
-0.14701 -0.01756 0.50081
-0.05382 0.00631 0.51212
-0.08313 0.00155 0.52142
-0.08295 0.00680 0.55611
-0.10678 0.01168 0.54116
-0.07367 -0.01163 0.58189
-0.08896 -0.01477 0.56463
-0.07687 -0.01430 0.57925
-0.06759 -0.01149 0.61768
-0.01131 0.00209 0.61564
-0.04376 0.00026 0.65641
-0.06382 -0.01138 0.64190
-0.04328 0.00696 0.65658
-0.03732 0.00270 0.70061
-0.06146 -0.00415 0.69249
-0.06843 -0.02336 0.72696
-0.07216 -0.01772 0.73430
-0.04715 -0.01995 0.77116
-0.04025 0.00445 0.78712
-0.05886 -0.00165 0.80865
-0.05013 0.00352 0.83438
-0.04220 -0.01655 0.85259
-0.02737 -0.01363 0.87588
-0.01525 -0.03316 0.89387
-0.00986 -0.04299 0.91554
-0.03279 -0.02990 0.93487
-0.01695 -0.01552 0.95850
-0.01145 -0.02915 0.97655
-0.03031 -0.00508 0.99697
-0.04723 -0.03798 1.01186
-0.00682 -0.01306 1.03098
-0.02354 -0.00262 1.05142
-0.02205 0.01697 1.06984
-0.02439 -0.01380 1.08676
-0.00251 -0.01588 1.10456
-0.02307 -0.02315 1.12095
-0.01454 -0.01574 1.13932
-0.02203 -0.02319 1.15528
-0.00903 -0.02896 1.16755
-0.00879 -0.01425 1.18821
-0.01351 -0.00161 1.20345
-0.02061 -0.02120 1.21949
-0.13864 -0.05548 1.22210
0.01149 -0.07088 1.24092
-0.01401 -0.03935 1.25986
-0.01114 -0.03231 1.28047
-0.01281 -0.01343 1.29389
-0.01480 -0.03840 1.30863
-0.01073 -0.04982 1.31859
-0.04773 -0.03281 1.33327
-0.02351 -0.01757 1.35469
-0.02766 0.00698 1.36813
-0.02008 -0.03776 1.37970
-0.04606 -0.00924 1.39223
-0.02869 -0.05066 1.40860
-0.01978 -0.04235 1.42305
0.00139 -0.02755 1.43625
-0.05028 -0.03503 1.45280
-0.02126 0.00165 1.47165
0.01175 -0.02263 1.47890
-0.01910 0.00398 1.50346
-0.00743 -0.02317 1.51051
-0.01839 0.00234 1.51365
-0.00515 -0.01380 1.51106
-0.00430 -0.01449 1.50939
-0.01287 -0.04176 1.50578
-0.02708 -0.07483 1.50098
0.01061 -0.07026 1.50489
-0.01646 -0.03969 1.49930
-0.01344 -0.02014 1.51286
-0.01570 -0.05388 1.50398
-0.00697 -0.06320 1.50279
-0.01397 -0.00815 1.50324
-0.01341 -0.01018 1.50288
-0.02288 -0.01740 1.50500
0.01741 -0.01590 1.50229
-0.04127 -0.06151 1.49391
-0.01188 -0.06571 1.49168
-0.01834 -0.04908 1.48669
-0.02567 -0.01138 1.49337
-0.02775 -0.02710 1.49098
-0.01904 -0.05535 1.48119
0.00025 -0.01412 1.48409
-0.00421 -0.00156 1.47986
-0.01003 -0.06085 1.47903
-0.04337 -0.04943 1.46860
-0.00290 -0.04676 1.47170
-0.06973 -0.00385 1.47456
-0.04150 -0.03266 1.46640
-0.01386 -0.04902 1.46207
0.00016 -0.06492 1.46040
-0.04383 -0.06508 1.45648
0.02671 -0.10519 1.45208
0.01545 -0.06729 1.45221
-0.01889 -0.04250 1.45107
0.00119 -0.05396 1.44891
-0.03254 -0.02187 1.44258
0.00273 -0.03595 1.44636
-0.00327 -0.03719 1.44238
0.00266 -0.05302 1.43878
0.02580 -0.09689 1.43147
-0.02340 -0.05236 1.43378
0.01602 -0.02864 1.43285
0.03404 -0.03983 1.43061
0.00284 -0.04964 1.42711
-0.06675 -0.08006 1.41846
0.02996 -0.08666 1.41721
0.03601 -0.01926 1.41601
-0.09281 -0.03761 1.41821
0.00353 -0.09605 1.40514
0.00524 -0.05694 1.40334
0.00119 -0.05865 1.40261
-0.01272 -0.05668 1.40070
0.02162 -0.02635 1.39783
-0.02893 -0.01108 1.39708
-0.00959 0.00354 1.39378
-0.02388 -0.04022 1.38367
-0.01435 -0.05338 1.38279
-0.01418 -0.05996 1.37774
-0.04237 -0.02439 1.37595
-0.00953 -0.03918 1.37246
-0.18016 -0.01637 1.35792
-0.06645 -0.03462 1.36928
-0.13020 -0.05575 1.35912
-0.01493 -0.05025 1.36409
-0.01885 -0.04801 1.36427
-0.01102 -0.03549 1.36221
-0.00117 -0.04925 1.36527
-0.00481 -0.04608 1.35984
-0.05837 -0.02286 1.35870
-0.01357 -0.05909 1.35814
-0.01715 -0.02910 1.35612
-0.01516 -0.05629 1.35961
0.00325 -0.04313 1.35525
-0.01516 -0.02057 1.35625
0.01323 -0.03198 1.35528
0.00417 -0.07432 1.35054
-0.00075 -0.03632 1.35417
0.02586 -0.04443 1.35253
0.00328 -0.05543 1.34993
0.00754 -0.04531 1.35230
0.00869 -0.02615 1.34973
-0.05948 -0.06914 1.34763
-0.00913 -0.04358 1.34666
0.01206 -0.04345 1.34608
-0.02590 -0.04625 1.34604
-0.02670 -0.04339 1.34000
-0.00184 -0.02297 1.34166
-0.05021 -0.06101 1.33632
0.00055 -0.04496 1.33051
-0.01051 -0.06556 1.32581
-0.02399 -0.04987 1.33089
0.00041 -0.03198 1.32407
0.03284 -0.02112 1.32029
-0.02079 -0.04075 1.31609
-0.07964 -0.03276 1.30923
-0.01159 -0.03236 1.31151
0.02711 -0.02138 1.30719
-0.02358 -0.04509 1.30578
-0.01780 -0.03875 1.29797
-0.01512 -0.03909 1.29738
-0.03356 -0.01661 1.29696
-0.00401 -0.01846 1.29716
-0.01382 -0.00452 1.29123
-0.02285 -0.05811 1.28704
-0.03135 -0.02661 1.27776
-0.03780 -0.04749 1.28168
-0.04571 -0.04905 1.27544
-0.03802 -0.05835 1.27221
-0.06914 -0.05501 1.26594
-0.02139 -0.04152 1.27171
-0.02793 -0.03987 1.26888
-0.03379 -0.04655 1.26241
-0.01566 -0.05683 1.25973
-0.01780 -0.04555 1.25426
-0.03460 -0.05177 1.25706
-0.01082 -0.03702 1.25099
-0.01910 -0.01677 1.25205
0.00059 -0.06401 1.24253
-0.02912 -0.05629 1.23683
-0.03330 -0.04204 1.24128
-0.00204 -0.03175 1.23603
-0.02054 -0.03606 1.23151
0.01145 -0.03316 1.22701
-0.00761 -0.01572 1.21432
-0.00146 -0.03985 1.20226
0.00813 -0.04291 1.17866
-0.03885 -0.02101 1.16365
-0.00166 -0.03721 1.15013
-0.01095 -0.04753 1.12166
0.10336 -0.11874 1.09668
0.07623 -0.14071 1.08762
0.03418 -0.05612 1.09330
0.07213 -0.05838 1.09191
0.06923 0.02033 1.09563
0.00633 -0.01443 1.09597
0.00989 -0.01901 1.08542
-0.00168 -0.04734 1.08179
-0.01250 -0.04058 1.07840
-0.00571 -0.03386 1.07741
-0.00889 -0.02389 1.07396
-0.01455 -0.00600 1.06911
-0.03568 -0.01725 1.06302
-0.04232 -0.02419 1.06166
-0.05372 -0.04862 1.05159
-0.12140 -0.07752 1.04385
-0.03508 -0.05559 1.05425
-0.05617 -0.04264 1.06016
-0.05346 -0.00656 1.06551
-0.07343 0.02463 1.07180
-0.06017 -0.02184 1.07613
-0.05261 -0.01766 1.08062
-0.04848 -0.00857 1.08892
-0.08819 -0.01133 1.09192
-0.03554 -0.04912 1.09769
-0.00575 -0.05914 1.10432
0.00917 -0.03913 1.11117
-0.06042 -0.03337 1.11974
-0.02616 -0.00678 1.12693
0.00478 -0.02756 1.13547
-0.06506 -0.04594 1.13512
-0.02111 -0.06911 1.14312
-0.00768 -0.05073 1.15156
-0.01221 -0.06333 1.16118
-0.00819 -0.04785 1.16573
0.00670 -0.02150 1.17690
-0.05063 -0.01042 1.18195
-0.00017 -0.01323 1.19143
-0.02414 -0.03480 1.20293
-0.01380 -0.02879 1.20906
0.01332 -0.03198 1.21907
0.03841 -0.00544 1.22773
-0.03445 -0.07095 1.23318
-0.01582 -0.05013 1.24523
-0.00469 -0.01788 1.25749
-0.01373 -0.02276 1.27186
0.01732 0.00835 1.28070
-0.02090 -0.01329 1.29398
-0.03780 -0.01964 1.30101
-0.04414 -0.03831 1.30799
-0.03934 -0.03099 1.32531
-0.08890 -0.02717 1.33254
-0.03583 0.00269 1.34202
-0.04047 -0.02513 1.35947
-0.07032 -0.04598 1.36377
-0.08993 -0.09843 1.36702
-0.14789 -0.08302 1.37308
-0.04576 -0.07690 1.38528
-0.03299 -0.06545 1.40269
-0.03943 -0.02863 1.41244
-0.03097 -0.02119 1.42270
-0.06197 0.01525 1.42719
-0.03091 -0.02093 1.43593
-0.05788 -0.01188 1.44214
-0.04915 -0.02136 1.44046
-0.01992 0.01058 1.44322
-0.02639 -0.03802 1.43996
-0.04780 -0.04765 1.43888
-0.08624 -0.05832 1.43446
-0.18586 -0.07201 1.42286
-0.02162 -0.07020 1.43507
-0.06684 -0.06195 1.43151
-0.02768 -0.04029 1.44036
-0.02979 -0.03998 1.43316
0.01806 -0.04027 1.43199
0.01554 -0.05299 1.42711
0.01260 -0.04394 1.42218
-0.00647 -0.03162 1.42452
-0.03270 -0.04949 1.41787
-0.00946 -0.06459 1.41305
0.04863 -0.04926 1.41244
-0.00904 -0.02921 1.41189
0.03598 -0.00331 1.41067
0.00821 -0.07942 1.39898
-0.02167 -0.03893 1.39372
-0.00031 -0.07205 1.39142
0.00057 -0.02991 1.39365
-0.01156 -0.02016 1.39284
0.01692 -0.04942 1.38567
-0.00633 -0.04267 1.37993
-0.01159 -0.06368 1.37445
-0.01667 -0.06721 1.37323
-0.00814 -0.05348 1.37139
-0.01178 -0.02409 1.36700
-0.00436 0.00743 1.36553
-0.02222 -0.02843 1.35629
-0.02023 -0.03352 1.35862
-0.02273 -0.06196 1.35161
-0.01672 -0.05750 1.34536
0.00721 -0.07649 1.34150
-0.04889 -0.05508 1.33679
-0.02080 -0.03495 1.34003
-0.03398 -0.04270 1.33367
-0.03657 -0.05580 1.32410
-0.07159 -0.05873 1.31349
-0.01251 -0.03469 1.29976
-0.10087 -0.01610 1.27745
-0.02934 -0.02273 1.25922
-0.02138 -0.02903 1.23529
-0.01345 -0.04732 1.20770
-0.02745 -0.03814 1.17739
-0.02443 -0.04397 1.15591
-0.08849 -0.04177 1.12197
-0.05305 -0.03211 1.09311
-0.05501 -0.05145 1.06017
-0.04495 -0.02663 1.03586
-0.06261 -0.03850 0.99825
-0.03105 -0.02807 0.97069
-0.05126 -0.02293 0.93749
-0.03450 -0.02686 0.90195
-0.06014 -0.05480 0.86934
-0.04545 -0.04196 0.83812
-0.02839 -0.03606 0.80674
-0.05350 -0.05081 0.78328
-0.02543 -0.05024 0.77223
-0.01759 -0.04482 0.77275
-0.00220 -0.02707 0.77202
0.00169 -0.01834 0.77055
0.00926 -0.00021 0.76902
-0.02956 -0.02364 0.76162
-0.00081 -0.01721 0.76390
-0.02840 -0.03083 0.75635
0.00923 -0.01321 0.75456
0.00188 -0.02548 0.75118
0.00927 -0.01993 0.74765
-0.00443 -0.00768 0.74558
-0.00036 -0.02577 0.74238
-0.01473 -0.02862 0.73653
-0.00850 -0.02432 0.73660
-0.00073 -0.01721 0.74114
-0.02333 -0.03088 0.74506
-0.02245 -0.01868 0.75303
-0.02604 -0.02291 0.75603
-0.01688 -0.01754 0.76041
0.02743 -0.06917 0.76282
0.04285 -0.08149 0.76211
0.04675 -0.05923 0.76955
0.00779 -0.00181 0.78223
-0.01832 0.01234 0.78987
-0.05435 -0.02195 0.79524
-0.01453 -0.02956 0.79439
-0.00546 -0.03428 0.79471
0.01663 -0.02858 0.80048
0.02003 -0.03188 0.80621
-0.02314 -0.00745 0.81918
0.00328 -0.01543 0.82257
0.00680 -0.01943 0.82807
0.00571 -0.02235 0.83145
0.00447 -0.03889 0.83595
0.01306 -0.04241 0.84357
-0.07218 -0.02405 0.85023
-0.00220 0.00256 0.86769
0.01256 -0.01397 0.87545
-0.01780 -0.02839 0.88449
-0.02583 -0.02811 0.89236
-0.00671 -0.01880 0.90193
-0.02355 -0.02039 0.90944
-0.00901 -0.02773 0.91859
-0.00957 -0.02025 0.92522
-0.02474 -0.02783 0.93198
-0.00301 -0.01793 0.93518
-0.02085 -0.03546 0.93760
-0.02355 -0.02102 0.93577
-0.03152 -0.03348 0.93522
-0.01114 -0.03972 0.93485
-0.02319 -0.02758 0.93343
-0.03372 -0.02196 0.93339
-0.01696 -0.02063 0.93235
-0.02421 -0.01440 0.93317
-0.02543 -0.01526 0.92719
-0.02822 -0.02438 0.92404
-0.04303 -0.01537 0.92083
-0.02844 -0.02759 0.91820
-0.02882 -0.02334 0.91492
-0.02793 -0.01549 0.91089
-0.03431 -0.02113 0.89844
-0.03644 -0.03017 0.88200
-0.03980 -0.03542 0.85926
-0.01633 -0.04854 0.84248
-0.03059 -0.06394 0.82760
-0.02268 -0.03309 0.82577
-0.01818 -0.00461 0.82487
-0.01606 -0.05082 0.82272
0.00602 -0.04081 0.81931
0.01321 -0.03598 0.81424
0.01481 -0.03047 0.81159
0.02783 -0.00171 0.80767
0.03885 -0.00776 0.80801
-0.01148 -0.01454 0.80352
-0.00506 -0.01262 0.79946
-0.02366 -0.01972 0.79712
-0.01458 -0.03056 0.79554
