0.01372 2.42652 1.39033
0.00639 1.13685 0.65137
0.00701 1.24703 0.71450
0.00869 1.54490 0.88517
0.00171 0.30192 0.17299
0.00825 1.43613 0.82285
0.00877 1.51356 0.86721
0.01004 1.70958 0.97953
0.01835 3.08541 1.76788
0.00587 0.97511 0.55870
0.00437 0.71235 0.40814
0.01054 1.68257 0.96406
0.01508 2.32549 1.33244
0.01105 1.66165 0.95206
0.01282 1.89448 1.08547
0.00755 1.10399 0.63254
0.00999 1.44314 0.82687
0.00915 1.28664 0.73720
0.00466 0.63422 0.36338
0.00923 1.21442 0.69581
0.00227 0.29234 0.16750
0.00683 0.86573 0.49603
0.01004 1.24942 0.71587
0.01401 1.70540 0.97713
0.01186 1.42366 0.81571
0.01118 1.32137 0.75710
0.01847 2.14719 1.23028
0.00229 0.25945 0.14865
0.00984 1.09173 0.62552
0.01216 1.32101 0.75689
0.00679 0.72615 0.41605
0.01203 1.26158 0.72284
0.02292 2.35794 1.35103
0.01138 1.16524 0.66764
0.00888 0.90276 0.51725
0.00448 0.45319 0.25966
0.00221 0.22066 0.12643
0.00715 0.70941 0.40646
0.00334 0.32952 0.18880
0.00438 0.42862 0.24558
0.00249 0.24218 0.13876
0.00474 0.45683 0.26174
0.00667 0.63706 0.36501
0.00864 0.81866 0.46906
0.00504 0.47366 0.27139
0.00937 0.88094 0.50474
0.01265 1.18020 0.67621
0.01815 1.68722 0.96672
0.00033 0.03090 0.01770
0.00670 0.62163 0.35617
0.00530 0.49264 0.28227
0.00800 0.74411 0.42634
0.00987 0.92621 0.53068
0.01569 1.47617 0.84579
0.01812 1.68816 0.96726
0.01816 1.68299 0.96429
0.01675 1.55463 0.89075
0.01901 1.76565 1.01165
0.01870 1.73282 0.99285
0.02223 2.07556 1.18923
0.01644 1.53128 0.87737
0.02565 2.38725 1.36783
0.02815 2.63834 1.51170
0.01327 1.23748 0.70903
0.01892 1.76571 1.01169
0.01375 1.26547 0.72507
0.01120 1.03121 0.59084
0.01466 1.35286 0.77514
0.01451 1.34446 0.77033
0.01456 1.35052 0.77380
0.01276 1.18244 0.67749
0.00687 0.63476 0.36369
0.01497 1.37955 0.79043
0.00964 0.88218 0.50545
0.00999 0.91772 0.52582
0.00614 0.56513 0.32379
0.00949 0.87209 0.49967
0.01140 1.05181 0.60265
0.01140 1.05176 0.60262
0.01660 1.53732 0.88083
0.01577 1.46726 0.84069
0.01163 1.08732 0.62299
0.00969 0.90585 0.51902
0.01219 1.14364 0.65526
0.01695 1.58165 0.90623
0.01978 1.85435 1.06248
0.01859 1.75082 1.00316
0.01455 1.37874 0.78997
0.00286 0.27312 0.15649
0.00518 0.49793 0.28529
0.01265 1.23380 0.70692
0.01107 1.09399 0.62681
0.00154 0.15443 0.08848
0.01307 1.34386 0.76998
0.00860 0.90139 0.51646
0.00381 0.40889 0.23427
0.00769 0.84845 0.48613
0.00426 0.48106 0.27563
0.01687 1.95537 1.12036
0.01506 1.79303 1.02735
0.01278 1.56804 0.89843
0.01420 1.80344 1.03331
0.00747 0.98187 0.56257
0.01002 1.37584 0.78831
0.00406 0.57989 0.33225
0.00432 0.64859 0.37161
0.00424 0.66438 0.38067
0.00442 0.72700 0.41654
0.02643 4.51488 2.58705
0.02775 4.91640 2.81718
0.02347 4.34865 2.49179
0.02093 4.04112 2.31555
0.02255 4.55554 2.61036
0.01626 3.42718 1.96372
0.01232 2.73194 1.56534
0.01735 4.01482 2.30048
0.00796 1.88744 1.08144
0.01048 2.53681 1.45352
0.00813 2.01926 1.15697
0.00922 2.29639 1.31576
0.00641 1.64989 0.94533
0.00864 2.22303 1.27373
0.01735 4.61288 2.64322
0.02459 6.46238 3.70332
0.02187 5.98277 3.42839
0.00773 2.09630 1.20112
0.01729 4.73637 2.71399
0.01282 3.62165 2.07517
0.01258 3.48780 1.99846
0.00719 2.07938 1.19142
0.01197 3.40552 1.95131
0.00440 1.29342 0.74108
0.01477 4.19821 2.40557
0.00260 0.75197 0.43085
0.01318 3.66015 2.09723
0.00246 0.67928 0.38920
0.01013 2.83276 1.62311
0.00551 1.47005 0.84229
0.01158 3.13522 1.79642
0.02137 5.61292 3.21639
0.01276 3.35358 1.92155
0.01751 4.50246 2.57994
0.01989 5.07210 2.90641
0.00786 1.99916 1.14545
0.00513 1.25224 0.71749
0.01337 3.18695 1.82607
0.00827 1.89734 1.08711
0.00982 2.20617 1.26407
0.01327 2.84852 1.63214
0.01001 2.06494 1.18314
0.01458 2.91457 1.66998
0.00819 1.57297 0.90126
0.00343 0.63984 0.36660
0.01639 2.95641 1.69396
0.01975 3.44605 1.97454
0.01827 3.08313 1.76657
0.00925 1.49592 0.85711
0.01702 2.64443 1.51519
0.01229 1.86989 1.07139
0.00314 0.46463 0.26621
0.01369 1.98683 1.13839
0.00862 1.21326 0.69515
0.00684 0.94558 0.54178
0.00227 0.30743 0.17614
0.01551 2.04989 1.17452
0.00848 1.10674 0.63412
0.01451 1.86554 1.06889
0.02036 2.60823 1.49445
0.00965 1.22612 0.70252
0.01726 2.16182 1.23865
0.01939 2.40391 1.37737
0.01357 1.66088 0.95162
0.01450 1.77285 1.01578
0.01762 2.14322 1.22800
0.02982 3.58674 2.05516
0.03366 4.01183 2.29876
0.03021 3.58796 2.05586
0.02427 2.87423 1.64687
0.03013 3.56372 2.04197
0.02419 2.88470 1.65287
0.02139 2.57232 1.47387
0.01711 2.08183 1.19282
0.02735 3.32117 1.90298
0.01644 1.97538 1.13183
0.01803 2.16751 1.24191
0.02017 2.45258 1.40526
0.02699 3.31737 1.90080
0.03397 4.17950 2.39485
0.03633 4.50416 2.58091
0.03713 4.61357 2.64361
0.03781 4.72338 2.70655
0.04285 5.37768 3.08156
0.03529 4.43833 2.54319
0.03463 4.37673 2.50788
0.02665 3.40068 1.94854
0.02038 2.60630 1.49334
0.01298 1.68071 0.96299
0.01608 2.07821 1.19075
0.02251 2.92768 1.67750
0.01880 2.46944 1.41492
0.01893 2.52227 1.44519
0.02511 3.41912 1.95911
0.01710 2.38981 1.36930
0.01834 2.59842 1.48883
0.00880 1.25490 0.71901
0.01136 1.62673 0.93206
0.01258 1.80815 1.03601
0.01866 2.68317 1.53739
0.01451 2.10529 1.20627
0.02816 4.10332 2.35119
0.02507 3.66027 2.09730
0.01081 1.59830 0.91577
0.01839 2.72802 1.56309
0.01836 2.73878 1.56926
0.03336 5.00343 2.86706
0.03071 4.64136 2.65954
0.03146 4.74108 2.71669
0.02872 4.27556 2.44990
0.02477 3.67294 2.10456
0.01531 2.25246 1.29059
0.02498 3.65672 2.09526
0.02450 3.54329 2.03026
0.02180 3.11123 1.78268
0.01637 2.29388 1.31432
0.01209 1.66152 0.95199
0.01082 1.48353 0.85001
0.00513 0.70003 0.40109
0.00198 0.26841 0.15379
0.00449 0.60159 0.34469
0.00992 1.32403 0.75862
0.00695 0.92327 0.52900
0.01354 1.78971 1.02544
0.07337 9.75200 5.58970
0.11593 15.25061 8.74645
0.06870 9.18392 5.26385
0.09233 12.32584 7.06666
0.05636 7.55374 4.32901
0.06226 8.26095 4.73452
0.04060 5.37104 3.07775
0.04362 5.73242 3.28488
0.03931 5.17222 2.96379
0.03692 4.82405 2.76425
0.03718 4.82594 2.76533
0.03595 4.62411 2.64966
0.03520 4.50635 2.58217
0.03637 4.62264 2.64882
0.03456 4.36690 2.50225
0.01914 2.39960 1.37490
0.03198 3.99018 2.28635
0.03822 4.75132 2.72256
0.02115 2.61166 1.49641
0.02515 3.08531 1.76783
0.01879 2.27504 1.30353
0.02663 3.20075 1.83397
0.02017 2.40545 1.37825
0.01922 2.28424 1.30880
0.01394 1.64754 0.94398
0.01291 1.50805 0.86406
0.01540 1.79831 1.03037
0.00733 0.85544 0.49014
0.01136 1.33082 0.76251
0.01251 1.46374 0.83867
0.01288 1.50142 0.86026
0.02406 2.77296 1.58884
0.01952 2.23905 1.28291
0.01811 2.07652 1.18978
0.02175 2.51074 1.43859
0.01741 2.00116 1.14660
0.02502 2.87696 1.64843
0.01830 2.10641 1.20691
0.01329 1.54446 0.88492
0.01380 1.60188 0.91782
0.01229 1.43163 0.82027
0.02148 2.50218 1.43368
0.02017 2.35855 1.35138
0.01419 1.67601 0.96029
0.01319 1.57076 0.89999
0.00699 0.83558 0.47875
0.01300 1.55918 0.89335
0.01371 1.64739 0.94389
0.01387 1.68439 0.96510
0.00516 0.62956 0.36071
0.00729 0.89602 0.51338
0.00865 1.06663 0.61113
0.03220 4.00010 2.29204
0.01928 2.41876 1.38588
0.03209 4.05098 2.32120
0.01670 2.12216 1.21593
0.02391 3.04413 1.74422
0.01784 2.28303 1.30811
0.02740 3.51822 2.01590
0.01651 2.14064 1.22652
0.02416 3.15486 1.80768
0.02710 3.53283 2.02427
0.00746 0.96788 0.55455
0.00920 1.18598 0.67952
0.00921 1.20302 0.68928
0.01419 1.87375 1.07360
0.00313 0.41485 0.23769
0.00991 1.31768 0.75498
0.01015 1.35370 0.77562
0.00977 1.31134 0.75135
0.01459 1.96144 1.12384
0.01802 2.41558 1.38406
0.00782 1.04591 0.59926
0.00648 0.87628 0.50207
0.01436 1.94466 1.11423
0.00801 1.09626 0.62811
0.00759 1.04031 0.59606
0.02464 3.39086 1.94291
0.00987 1.35734 0.77770
0.00298 0.41061 0.23526
0.00351 0.48405 0.27734
0.00590 0.81789 0.46862
0.00856 1.18450 0.67867
0.00676 0.93871 0.53784
0.00729 1.01932 0.58403
0.01905 2.66138 1.52490
0.01428 2.00042 1.14618
0.01935 2.72705 1.56253
0.00812 1.15282 0.66052
0.01118 1.61322 0.92432
0.00112 0.16233 0.09301
0.01146 1.66548 0.95426
0.02220 3.22364 1.84709
0.01409 2.06105 1.18092
0.02862 4.26220 2.44225
0.01845 2.77533 1.59020
0.01599 2.42168 1.38755
0.01951 2.96330 1.69791
0.01599 2.44365 1.40014
0.01542 2.38196 1.36480
0.03163 4.93350 2.82697
0.01247 1.95604 1.12074
0.01539 2.42399 1.38888
0.01142 1.80939 1.03672
0.01930 3.11235 1.78332
0.00669 1.09413 0.62689
0.00616 1.01694 0.58266
0.00916 1.52006 0.87094
0.01441 2.42228 1.38790
0.01224 2.05578 1.17790
0.01703 2.88560 1.65338
0.01140 1.93828 1.11057
0.01474 2.52658 1.44766
0.01238 2.13924 1.22572
0.02223 3.84712 2.20437
0.01105 1.93079 1.10628
0.01394 2.43953 1.39778
0.00736 1.29765 0.74351
0.01857 3.30869 1.89583
0.03814 6.78887 3.89048
0.04910 8.78928 5.03751
0.04080 7.27788 4.17084
0.02730 4.89706 2.80609
0.04006 7.17981 4.11461
0.02474 4.49518 2.57577
0.00910 1.66397 0.95340
0.00946 1.73854 0.99612
0.02170 4.02685 2.30737
0.01017 1.90360 1.09070
0.01803 3.40942 1.95355
0.01296 2.46046 1.40978
0.02299 4.41067 2.52733
0.01391 2.66265 1.52563
0.01969 3.81351 2.18511
0.01551 3.06940 1.75871
0.01010 1.99704 1.14424
0.00965 1.93297 1.10753
0.00888 1.79303 1.02734
0.01231 2.49696 1.43069
0.01036 2.12228 1.21600
0.01767 3.61463 2.07114
0.01194 2.45434 1.40627
0.01330 2.74776 1.57440
0.01653 3.45129 1.97754
0.02091 4.38685 2.51368
0.01420 2.96294 1.69770
0.01004 2.05949 1.18002
0.01337 2.68240 1.53695
0.01336 2.63486 1.50971
0.01189 2.30844 1.32267
0.01451 2.76943 1.58682
0.01313 2.46598 1.41294
0.00675 1.25175 0.71720
0.00595 1.08534 0.62186
0.00590 1.06254 0.60879
0.00747 1.33383 0.76423
0.00690 1.22004 0.69904
0.00628 1.10033 0.63044
0.01083 1.87766 1.07584
0.01870 3.25037 1.86241
0.00792 1.37244 0.78636
0.01322 2.29947 1.31753
0.00246 0.43039 0.24660
0.01080 1.89789 1.08743
0.00652 1.14502 0.65605
0.01151 2.03701 1.16714
0.01274 2.25924 1.29448
0.00762 1.36126 0.77995
0.00573 1.04426 0.59832
0.01229 2.27562 1.30386
0.01236 2.33020 1.33514
0.01694 3.28138 1.88018
0.01224 2.43144 1.39315
0.00884 1.79832 1.03037
0.02932 6.14104 3.51911
0.01326 2.89684 1.65983
0.00457 1.04174 0.59687
0.00531 1.25126 0.71692
0.03163 7.64520 4.38144
0.00839 2.05770 1.17900
0.01932 4.79235 2.74608
0.04068 10.29468 5.90102
0.02609 6.54664 3.75162
0.02787 7.06450 4.04850
0.02523 6.45849 3.70109
0.01120 2.87060 1.64479
0.02086 5.53657 3.17263
0.03907 10.17214 5.83072
0.02409 6.29706 3.60854
0.00921 2.49990 1.43238
0.00602 1.59435 0.91351
0.01137 3.13171 1.79441
0.01870 4.96936 2.84752
0.03153 8.24051 4.72280
0.04141 11.08447 6.35419
0.04447 11.10103 6.36369
0.02697 6.95216 3.98410
0.03067 7.35383 4.21438
0.02888 7.19411 4.12281
0.02244 5.15413 2.95343
0.00231 0.51455 0.29481
0.02826 6.49208 3.72034
0.00802 1.66916 0.95637
0.01221 2.59131 1.48475
0.01067 2.08824 1.19649
0.03395 6.48349 3.71542
0.02934 5.65821 3.24235
0.00945 1.69422 0.97073
0.01417 2.53530 1.45266
0.01936 3.25877 1.86722
0.00891 1.46895 0.84166
0.01103 1.77167 1.01510
0.01786 2.74985 1.57560
0.01692 2.56917 1.47207
0.00421 0.61579 0.35282
0.01132 1.63162 0.93486
0.00528 0.74169 0.42496
0.00468 0.64209 0.36789
0.01405 1.87925 1.07675
0.01384 1.81611 1.04057
0.01331 1.72049 0.98578
0.01138 1.43677 0.82321
0.00620 0.76875 0.44046
0.00920 1.12587 0.64508
0.01031 1.24879 0.71551
0.01555 1.84912 1.05948
0.02168 2.53799 1.45420
0.02137 2.46118 1.41019
0.01980 2.25448 1.29175
0.01388 1.55275 0.88967
0.02262 2.50940 1.43782
0.01522 1.66997 0.95684
0.02082 2.28100 1.30695
0.01122 1.23002 0.70476
0.02037 2.23588 1.28109
0.01381 1.51193 0.86628
0.01356 1.47700 0.84627
0.01182 1.28850 0.73826
0.01504 1.64327 0.94154
0.01733 1.89163 1.08384
0.00794 0.86509 0.49566
0.00938 0.96492 0.55286
0.00450 0.51841 0.29702
0.00705 0.76723 0.43959
0.00191 0.20790 0.11912
0.01058 1.14617 0.65671
0.00024 0.02564 0.01469
0.00950 1.03512 0.59308
0.00625 0.68125 0.39033
0.00173 0.18915 0.10837
0.00978 1.06767 0.61173
0.00783 0.85906 0.49220
0.01188 1.31025 0.75072
0.01235 1.36982 0.78486
0.01062 1.19191 0.68292
0.00476 0.53644 0.30736
0.01109 1.26405 0.72425
0.00972 1.12036 0.64192
0.01578 1.84699 1.05827
0.00965 1.15688 0.66285
0.01452 1.74843 1.00179
0.01388 1.76113 1.00907
0.01037 1.31795 0.75514
0.00633 0.82478 0.47256
0.00966 1.28668 0.73722
0.00323 0.44187 0.25317
0.00325 0.45996 0.26354
0.00276 0.40561 0.23240
0.01035 1.58333 0.90719
0.01021 1.62738 0.93243
0.00321 0.53392 0.30592
0.00211 0.36472 0.20897
0.00347 0.62865 0.36019
0.00043 0.08057 0.04616
0.00140 0.27208 0.15589
0.00436 0.87612 0.50198
0.00377 0.77700 0.44519
0.00824 1.71132 0.98052
0.01333 2.86555 1.64189
0.01559 3.32332 1.90421
0.00786 1.69095 0.96886
0.01242 2.72075 1.55893
0.01469 3.26196 1.86905
0.01413 3.24659 1.86024
0.02413 5.47495 3.13731
0.00650 1.48645 0.85168
0.03219 7.61043 4.36151
0.04326 10.05053 5.76096
0.05912 14.29626 8.19815
0.02350 5.58134 3.19829
0.00658 1.57936 0.90492
0.01590 3.95537 2.26641
0.01955 4.72102 2.70520
0.02206 5.51652 3.16113
0.02069 5.09809 2.92131
0.02527 6.27853 3.59792
0.01353 3.43955 1.97081
0.02039 5.18846 2.97310
0.02198 5.67520 3.25208
0.02117 5.50327 3.15354
0.02071 5.43495 3.11438
0.03048 7.93363 4.54683
0.01930 5.12381 2.93605
0.02947 7.62399 4.36928
0.03099 8.35590 4.78897
0.01963 5.31163 3.04369
0.01790 4.68016 2.68178
0.01078 2.99173 1.71420
0.00271 0.71090 0.40731
0.02983 8.24911 4.72773
0.00680 1.76250 1.00985
0.01611 4.35086 2.49305
0.00385 1.02668 0.58824
0.02121 5.40887 3.09943
0.00858 2.24295 1.28514
0.00682 1.71057 0.98009
0.00701 1.73329 0.99311
0.01778 4.23898 2.42894
0.01979 4.62558 2.65050
0.02787 6.28202 3.59992
0.01298 2.86146 1.63955
0.01159 2.47995 1.42094
0.02314 4.78107 2.73961
0.02486 4.93041 2.82520
0.03713 7.01160 4.01818
0.03991 7.26200 4.16173
0.03039 5.35003 3.06571
0.04086 6.98850 4.00493
0.01367 2.26804 1.29952
0.01433 2.30449 1.32040
0.01593 2.48546 1.42410
0.01199 1.82642 1.04647
0.01899 2.79580 1.60193
0.03433 4.94072 2.83111
0.03201 4.48882 2.57212
0.02158 2.95109 1.69091
0.00443 0.59114 0.33870
0.00997 1.29974 0.74470
0.00616 0.78402 0.44921
0.03416 4.26289 2.44264
0.01083 1.32596 0.75973
0.02107 2.52454 1.44649
0.00970 1.13747 0.65172
0.01464 1.69461 0.97095
0.00345 0.39535 0.22652
0.01714 1.95645 1.12098
0.01495 1.69660 0.97209
0.00961 1.09087 0.62502
0.02301 2.60801 1.49432
0.01639 1.85726 1.06414
0.00592 0.66930 0.38348
0.02446 2.74642 1.57363
0.02158 2.42233 1.38793
0.01172 1.30932 0.75019
0.03400 3.79385 2.17385
0.01742 1.94004 1.11158
0.01260 1.39980 0.80204
0.01704 1.89638 1.08656
0.01262 1.40352 0.80416
0.00492 0.54684 0.31332
0.00565 0.63090 0.36148
0.00621 0.69530 0.39838
0.01209 1.34688 0.77171
0.01323 1.46521 0.83951
0.01071 1.19301 0.68355
0.01389 1.54843 0.88719
0.00837 0.93212 0.53407
0.00595 0.66217 0.37939
0.02343 2.60776 1.49418
0.01492 1.66693 0.95509
0.00778 0.84825 0.48601
0.00556 0.64050 0.36698
0.01597 1.79586 1.02897
0.02139 2.41363 1.38294
0.01241 1.40526 0.80516
0.01683 1.90200 1.08978
0.02140 2.42917 1.39185
0.01219 1.38599 0.79412
0.01252 1.42409 0.81595
0.01053 1.20449 0.69013
0.00499 0.56714 0.32495
0.00861 0.98681 0.56540
0.01354 1.54539 0.88545
0.00668 0.75910 0.43493
0.01543 1.74633 1.00059
0.00945 1.06415 0.60972
0.02700 3.02191 1.73149
0.02009 2.24004 1.28347
0.01969 2.20708 1.26459
0.01203 1.33051 0.76233
0.01842 2.03005 1.16315
0.00888 0.97733 0.55997
0.00505 0.55430 0.31759
0.00669 0.73334 0.42017
0.01820 1.96849 1.12788
0.01047 1.13175 0.64845
0.02484 2.67071 1.53025
0.01401 1.50127 0.86017
0.02255 2.40641 1.37881
0.00301 0.31621 0.18117
0.01616 1.72069 0.98589
0.00914 0.96139 0.55084
0.00519 0.54313 0.31119
0.01146 1.19651 0.68556
0.01653 1.71440 0.98229
0.00493 0.51105 0.29281
0.00981 1.01098 0.57925
0.00595 0.61068 0.34989
0.00980 1.00069 0.57336
0.01896 1.92887 1.10518
0.01753 1.74424 0.99939
0.00054 0.05544 0.03176
0.02363 2.40763 1.37950
0.02853 2.90654 1.66538
0.02288 2.33799 1.33960
0.01312 1.34327 0.76964
0.00630 0.64626 0.37028
0.00570 0.58555 0.33549
0.00756 0.77504 0.44407
0.00393 0.40319 0.23101
0.01436 1.47115 0.84291
0.00501 0.51385 0.29441
0.01010 1.03694 0.59412
0.00675 0.69169 0.39631
0.01774 1.82115 1.04346
0.01149 1.17975 0.67595
0.01820 1.86430 1.06818
0.00968 0.99369 0.56934
0.02428 2.48767 1.42537
0.00320 0.32834 0.18812
0.01800 1.84780 1.05873
0.01836 1.87730 1.07563
0.00612 0.62907 0.36043
0.01232 1.26184 0.72299
0.01468 1.51204 0.86634
0.01460 1.50056 0.85976
0.01324 1.36190 0.78032
0.01150 1.18268 0.67763
0.00885 0.91411 0.52375
0.02595 2.68315 1.53738
0.01553 1.60459 0.91937
0.01727 1.78468 1.02256
0.00632 0.64740 0.37094
0.00514 0.52923 0.30323
0.00733 0.75517 0.43268
0.00772 0.79615 0.45616
0.00410 0.42351 0.24265
0.01486 1.52581 0.87424
0.00379 0.38938 0.22310
0.01202 1.21830 0.69804
0.00601 0.63297 0.36267
0.01150 1.18679 0.67999
0.01318 1.35038 0.77372
0.01524 1.56118 0.89450
0.01714 1.74374 0.99910
0.01773 1.82183 1.04385
0.02551 2.61715 1.49956
0.02228 2.27290 1.30230
0.01115 1.13265 0.64896
0.02221 2.25453 1.29178
0.00698 0.71098 0.40736
0.00244 0.24867 0.14248
0.00607 0.62046 0.35550
0.00861 0.87775 0.50291
0.01401 1.41458 0.81050
0.00280 0.28211 0.16164
0.00559 0.56288 0.32251
0.00754 0.76234 0.43679
0.01244 1.25684 0.72012
0.00794 0.79928 0.45796
0.01046 1.05308 0.60337
0.00452 0.45449 0.26041
0.01186 1.19323 0.68368
0.01851 1.86043 1.06597
0.00462 0.46289 0.26522
0.00949 0.94949 0.54402
0.00539 0.53866 0.30863
0.00185 0.18351 0.10514
0.00939 0.93436 0.53535
0.01644 1.63547 0.93707
0.00545 0.54369 0.31151
0.01066 1.06023 0.60747
0.01039 1.03405 0.59247
0.00167 0.16626 0.09526
0.00724 0.72076 0.41296
0.00299 0.29820 0.17086
0.01411 1.40881 0.80719
0.00523 0.52458 0.30056
0.00448 0.44934 0.25745
0.01699 1.71366 0.98187
0.00592 0.59622 0.34161
0.01244 1.26057 0.72226
0.00641 0.65546 0.37555
0.00456 0.46553 0.26673
0.01511 1.54720 0.88649
0.01299 1.32463 0.75896
0.02329 2.39233 1.37074
0.01930 1.99416 1.14259
0.02520 2.61349 1.49746
0.01043 1.08678 0.62268
0.01674 1.74288 0.99861
0.01340 1.39740 0.80066
0.01593 1.66614 0.95464
0.01427 1.50114 0.86010
0.00877 0.93563 0.53608
0.01539 1.64163 0.94060
0.02103 2.26947 1.30034
0.01640 1.78331 1.02178
0.00921 1.01664 0.58250
0.00913 1.01170 0.57966
0.00119 0.13216 0.07572
0.01389 1.58095 0.90583
0.01378 1.56630 0.89743
0.01590 1.82307 1.04456
0.01392 1.61377 0.92463
0.01263 1.48582 0.85132
0.02106 2.50828 1.43717
0.00116 0.14034 0.08041
0.02147 2.65676 1.52226
0.03316 4.19556 2.40406
0.01385 1.78117 1.02055
0.02139 2.79718 1.60272
0.02448 3.23931 1.85607
0.01396 1.86681 1.06962
0.01720 2.32598 1.33272
0.04074 5.54427 3.17704
0.02225 3.06399 1.75561
0.01024 1.41906 0.81307
0.00680 0.94947 0.54401
0.01557 2.19559 1.25801
0.00312 0.44003 0.25212
0.00309 0.45542 0.26094
0.02189 3.22125 1.84572
0.01325 1.97413 1.13111
0.00457 0.69120 0.39603
0.00637 0.97938 0.56114
0.00457 0.71786 0.41131
0.00411 0.66013 0.37823
0.00628 1.03507 0.59305
0.01218 2.06082 1.18078
0.00774 1.35390 0.77573
0.01016 1.82655 1.04655
0.00748 1.38643 0.79437
0.00777 1.47646 0.84596
0.00843 1.65496 0.94823
0.00597 1.20345 0.68953
0.00313 0.64580 0.37002
0.01004 2.12866 1.21966
0.00464 1.01123 0.57939
0.02040 4.55695 2.61117
0.04122 9.47242 5.42933
0.04524 10.74361 6.15860
0.02952 7.21047 4.13219
0.04648 11.60580 6.65337
0.03037 7.81005 4.47597
0.02919 7.72964 4.42986
0.02374 6.55097 3.75410
0.03932 11.21744 6.43049
0.02881 8.42323 4.82758
0.03627 10.60555 6.07938
0.01329 3.91539 2.24350
0.04801 13.49788 7.73960
0.01228 3.71743 2.13006
0.03122 9.14080 5.23912
0.04582 13.73625 7.87649
0.03094 9.29081 5.32516
0.03053 9.22830 5.28930
0.03898 12.29351 7.04811
0.03411 10.39369 5.95783
0.01142 3.58506 2.05420
0.02822 8.26521 4.73697
0.00080 0.23560 0.13499
0.01915 5.20584 2.98306
0.01441 3.80729 2.18155
0.00553 1.48801 0.85257
0.00933 2.37050 1.35823
0.00913 2.34469 1.34344
0.01347 3.24346 1.85845
0.02136 5.19536 2.97706
0.00919 2.10015 1.20332
0.01291 2.90221 1.66290
0.00208 0.43996 0.25208
0.00483 0.97535 0.55884
0.01973 3.86074 2.21218
0.00624 1.19255 0.68328
0.04454 8.45876 4.84796
0.02854 5.07621 2.90877
0.02591 4.51081 2.58472
0.00987 1.69232 0.96964
0.00747 1.22267 0.70054
0.00659 1.06739 0.61157
0.01016 1.58445 0.90783
0.00441 0.67400 0.38617
0.00496 0.74270 0.42554
0.00393 0.57119 0.32727
0.00865 1.23083 0.70522
0.00569 0.79337 0.45457
0.00650 0.89204 0.51110
0.01339 1.80033 1.03153
0.00735 0.96500 0.55291
0.00799 1.03134 0.59092
0.00333 0.42389 0.24287
0.01933 2.44411 1.40040
0.00879 1.10057 0.63059
0.01470 1.82929 1.04812
0.01127 1.39031 0.79660
0.01655 2.03744 1.16739
0.01348 1.66223 0.95240
0.00990 1.22085 0.69950
0.01543 1.90143 1.08946
0.01114 1.36114 0.77988
0.00945 1.14727 0.65734
0.00869 1.04922 0.60116
0.01537 1.85898 1.06513
0.02430 2.94168 1.68552
0.02300 2.78618 1.59642
0.02683 3.26020 1.86804
0.02641 3.20670 1.83738
0.02156 2.63001 1.50693
0.02381 2.91951 1.67281
0.01795 2.20709 1.26459
0.01485 1.82868 1.04777
0.00419 0.51940 0.29759
0.00753 0.93944 0.53826
0.01119 1.40898 0.80729
0.00724 0.91560 0.52460
0.01649 2.10700 1.20725
0.00857 1.10764 0.63464
0.01437 1.89469 1.08559
0.01423 1.91534 1.09743
0.00825 1.14129 0.65392
0.00763 1.08102 0.61938
0.01155 1.67672 0.96070
0.00270 0.40330 0.23107
0.01014 1.55032 0.88828
0.00405 0.63781 0.36544
0.00717 1.17588 0.67373
0.00821 1.39134 0.79719
0.00266 0.46982 0.26918
0.01065 1.93950 1.11127
0.00417 0.79016 0.45273
0.00946 1.86644 1.06941
0.01410 2.90521 1.66462
0.00217 0.46788 0.26807
0.01471 3.26223 1.86921
0.00639 1.44141 0.82587
0.00162 0.36985 0.21191
0.00284 0.64600 0.37013
0.00923 2.13122 1.22112
0.00130 0.29843 0.17099
0.02854 6.77229 3.88098
0.01541 3.66874 2.10215
0.01325 3.14962 1.80467
0.00655 1.61629 0.92608
0.01030 2.47681 1.41915
0.02257 5.66896 3.24851
0.02072 5.06848 2.90434
0.03082 7.96122 4.56265
0.02013 4.98062 2.85398
0.02291 5.93773 3.40257
0.00518 1.33732 0.76623
0.00104 0.28346 0.16241
0.01129 2.95361 1.69235
0.00639 1.65144 0.94621
0.01257 3.35220 1.92076
0.01336 3.36022 1.92536
0.00783 2.07143 1.18687
0.01274 3.17602 1.81980
0.02243 5.76996 3.30640
0.01315 3.19565 1.83105
0.01537 3.70118 2.12074
0.01584 3.95341 2.26528
0.02040 4.79231 2.74605
0.03124 7.41529 4.24962
0.01438 3.19980 1.83343
0.02714 5.79671 3.32173
0.02244 4.84791 2.77792
0.01048 2.15477 1.23461
0.00510 1.03734 0.59435
0.01926 3.78960 2.17141
0.02039 3.90290 2.23634
0.03121 5.75689 3.29891
0.00271 0.48113 0.27567
0.00958 1.67378 0.95902
0.01918 3.25910 1.86741
0.00289 0.48128 0.27575
0.00785 1.27683 0.73157
0.00371 0.58230 0.33363
0.00864 1.32896 0.76144
0.01029 1.53208 0.87783
0.01855 2.70822 1.55174
0.00807 1.15527 0.66192
0.01166 1.63781 0.93841
0.01017 1.40226 0.80344
0.01393 1.86971 1.07128
0.00410 0.53655 0.30742
0.00629 0.80660 0.46215
0.00506 0.63810 0.36561
0.00101 0.12692 0.07272
0.01928 2.38508 1.36658
0.00237 0.29183 0.16721
0.00120 0.14875 0.08523
0.02078 2.58323 1.48012
0.00795 0.98645 0.56520
0.01573 1.94401 1.11385
0.00272 0.33630 0.19269
0.01499 1.84310 1.05603
0.01226 1.50964 0.86497
0.02147 2.62795 1.50575
0.01217 1.45907 0.83599
0.00584 0.71981 0.41242
0.02238 2.71947 1.55819
0.01902 2.31870 1.32855
0.02019 2.45461 1.40642
0.02701 3.27378 1.87582
0.02048 2.47675 1.41911
0.01748 2.11299 1.21068
0.02469 2.98052 1.70777
0.01435 1.73841 0.99605
0.01788 2.16203 1.23877
0.02933 3.55664 2.03791
0.02011 2.44070 1.39846
0.02675 3.25423 1.86462
0.02186 2.66796 1.52867
0.02531 3.10118 1.77692
0.02161 2.65062 1.51874
0.01572 1.92794 1.10464
0.01735 2.13874 1.22543
0.00943 1.16918 0.66990
0.01795 2.24630 1.28706
0.00870 1.09271 0.62608
0.00343 0.43312 0.24816
0.01138 1.43715 0.82343
0.01649 2.08771 1.19619
0.01849 2.35467 1.34916
0.01372 1.74318 0.99878
0.01728 2.20144 1.26136
0.01394 1.78124 1.02059
0.01048 1.36203 0.78039
0.01440 1.87163 1.07238
0.00787 1.02559 0.58762
0.00409 0.53440 0.30619
0.00258 0.33721 0.19321
0.01136 1.49056 0.85404
0.00991 1.30123 0.74556
0.00413 0.54429 0.31186
0.01107 1.46738 0.84075
0.01871 2.50232 1.43376
0.01197 1.60377 0.91890
0.02578 3.45426 1.97924
0.01630 2.15822 1.23659
0.02905 3.97408 2.27713
0.01699 2.33328 1.33690
0.01527 2.13276 1.22201
0.01886 2.60709 1.49380
0.02749 3.77043 2.16043
0.02069 2.84456 1.62987
0.01895 2.63010 1.50698
0.01278 1.78852 1.02476
0.01573 2.21325 1.26812
0.01198 1.69387 0.97053
0.02180 3.09511 1.77344
0.02573 3.68616 2.11213
0.04675 6.73067 3.85712
0.01396 2.01186 1.15273
0.01335 1.94204 1.11273
0.02361 3.46065 1.98290
0.01040 1.53414 0.87900
0.02415 3.58029 2.05147
0.01368 2.04522 1.17184
0.01735 2.63471 1.50962
0.01470 2.25137 1.28997
0.01356 2.08637 1.19542
0.01928 2.97052 1.70205
0.01897 2.93506 1.68173
0.01654 2.56845 1.47166
0.01579 2.45671 1.40762
0.00283 0.44448 0.25467
0.02193 3.45285 1.97844
0.01997 3.17217 1.81759
0.02262 3.60382 2.06495
0.02597 4.15210 2.37915
0.02958 4.75624 2.72538
0.02519 4.03797 2.31374
0.01275 2.03107 1.16374
0.00449 0.70765 0.40546
0.00649 1.00686 0.57689
0.01049 1.60376 0.91890
0.01106 1.66030 0.95129
0.00825 1.23019 0.70485
0.01079 1.58570 0.90855
0.00633 0.91582 0.52473
0.01433 2.03350 1.16513
0.00821 1.14595 0.65658
0.01205 1.66282 0.95274
0.00852 1.16477 0.66737
0.00593 0.79491 0.45545
0.01828 2.39188 1.37048
0.02458 3.15627 1.80849
0.02537 3.19335 1.82973
0.01699 2.09726 1.20166
0.01196 1.45566 0.83404
0.00550 0.65560 0.37563
0.01016 1.19582 0.68516
0.01001 1.14885 0.65825
0.00547 0.63405 0.36328
0.00393 0.44358 0.25415
0.00355 0.39130 0.22420
0.00813 0.88720 0.50833
0.00524 0.56470 0.32355
0.00675 0.71792 0.41134
0.00410 0.43112 0.24701
0.01625 1.68953 0.96804
0.01934 1.99619 1.14375
0.00791 0.80873 0.46337
0.00913 0.92024 0.52726
0.00598 0.60072 0.34419
0.01207 1.21475 0.69600
0.00977 0.98346 0.56348
0.02391 2.39641 1.37307
0.02347 2.32741 1.33354
0.01853 1.83518 1.05149
0.00164 0.16230 0.09299
0.01023 1.01327 0.58057
0.01692 1.67883 0.96191
0.02220 2.21389 1.26849
0.00480 0.47450 0.27187
0.01693 1.68899 0.96773
0.00780 0.78649 0.45063
0.00559 0.55671 0.31897
0.02085 2.08928 1.19709
0.00952 0.95483 0.54708
0.01063 1.06839 0.61215
0.01374 1.38141 0.79150
0.01572 1.58086 0.90578
0.02227 2.25046 1.28945
0.01896 1.93082 1.10629
0.01922 1.96248 1.12443
0.01544 1.58094 0.90582
0.02299 2.35253 1.34793
0.01667 1.70799 0.97862
0.00725 0.75463 0.43237
0.02588 2.69458 1.54393
0.02734 2.86178 1.63973
0.02662 2.80038 1.60455
0.01418 1.49110 0.85434
0.02356 2.47835 1.42002
0.02091 2.21052 1.26656
0.02552 2.70377 1.54919
0.02385 2.56254 1.46827
0.01691 1.80776 1.03578
0.01478 1.58268 0.90682
0.01572 1.69068 0.96870
0.01087 1.17105 0.67097
0.02220 2.40012 1.37520
0.01753 1.89285 1.08454
0.01744 1.87885 1.07652
0.01363 1.46749 0.84082
0.01659 1.78656 1.02364
0.00910 0.98115 0.56216
0.01620 1.73830 0.99599
0.01112 1.19291 0.68349
0.00799 0.85845 0.49186
0.00190 0.20491 0.11741
0.00614 0.65627 0.37601
0.00360 0.38079 0.21818
0.00361 0.39134 0.22422
0.00521 0.55601 0.31857
0.01012 1.07553 0.61624
0.01144 1.21187 0.69436
0.01291 1.36978 0.78483
0.01499 1.59172 0.91200
0.01033 1.08915 0.62404
0.01372 1.44845 0.82991
0.01292 1.36165 0.78017
0.01466 1.55039 0.88832
0.01027 1.08251 0.62024
0.01843 1.94719 1.11567
0.02137 2.25558 1.29238
0.02112 2.21218 1.26751
0.02334 2.45242 1.40517
0.01100 1.16398 0.66692
0.00371 0.39409 0.22580
0.00070 0.07429 0.04257
0.01548 1.64970 0.94522
0.01135 1.21079 0.69373
0.02174 2.31878 1.32859
0.01192 1.26908 0.72713
0.01674 1.80128 1.03207
0.02139 2.30918 1.32309
0.01787 1.94752 1.11586
0.01190 1.31140 0.75138
0.01340 1.49960 0.85922
0.02016 2.27648 1.30435
0.01650 1.89439 1.08542
0.02782 3.27331 1.87555
0.01871 2.25112 1.28982
0.02245 2.73698 1.56822
0.01730 2.11596 1.21238
0.00734 0.89834 0.51471
0.03650 4.47143 2.56215
0.02949 3.60945 2.06817
0.02808 3.45164 1.97774
0.02762 3.39544 1.94554
0.01745 2.14854 1.23105
0.02672 3.30953 1.89631
0.02466 3.07803 1.76365
0.02061 2.60059 1.49007
0.00337 0.42431 0.24311
0.02022 2.54677 1.45923
0.01626 2.05023 1.17471
0.01470 1.86947 1.07114
0.01438 1.82504 1.04569
0.01372 1.74043 0.99721
0.00722 0.93432 0.53533
0.01864 2.41770 1.38528
0.01365 1.77095 1.01469
0.02573 3.34225 1.91506
0.01285 1.66354 0.95315
0.00845 1.09395 0.62679
0.02686 3.52056 2.01723
0.01254 1.66443 0.95366
0.00940 1.26190 0.72302
0.00962 1.31772 0.75500
0.01050 1.46958 0.84201
0.01841 2.64023 1.51278
0.01580 2.33388 1.33725
0.01106 1.68693 0.96655
0.01391 2.21844 1.27110
0.01386 2.30700 1.32184
0.01131 1.97429 1.13120
0.00394 0.71731 0.41099
0.00254 0.48619 0.27856
0.01254 2.50492 1.43525
0.00452 0.94104 0.53918
0.00645 1.38185 0.79175
0.01434 3.08091 1.76530
0.01386 3.04392 1.74411
0.01700 3.75922 2.15400
0.01238 2.77943 1.59255
0.01067 2.35502 1.34936
0.01020 2.48275 1.42255
0.01476 3.61839 2.07330
0.01341 3.45357 1.97885
0.00893 2.44506 1.40095
0.01233 3.61989 2.07416
0.00422 1.32660 0.76009
0.01007 3.16528 1.81365
0.00225 0.71196 0.40792
0.00906 2.87116 1.64511
0.00683 2.19547 1.25794
0.00200 0.64896 0.37183
0.00466 1.53551 0.87979
0.00736 2.42282 1.38821
0.01111 3.75211 2.14992
0.00336 1.14262 0.65468
0.00409 1.38232 0.79202
0.02007 6.70152 3.84041
0.00418 1.36703 0.78326
0.04585 14.96907 8.58467
0.03528 11.24385 6.44565
0.00970 3.03936 1.74149
0.01591 4.91658 2.81728
0.00699 2.12350 1.21670
0.00862 2.57017 1.47264
0.00283 0.81545 0.46722
0.00290 0.81932 0.46944
0.00362 0.98434 0.56399
0.01677 4.44371 2.54627
0.00968 2.47469 1.41793
0.00503 1.24058 0.71080
0.02166 5.25148 3.00922
0.00557 1.29953 0.74458
0.01305 2.98626 1.71107
0.01516 3.36444 1.92778
0.02301 4.96291 2.84383
0.00809 1.72530 0.98854
0.01966 4.05040 2.32087
0.04342 8.74083 5.00972
0.00979 1.93633 1.10945
0.03192 6.14663 3.52231
0.01167 2.24623 1.28702
0.02115 3.92951 2.25159
0.00843 1.55002 0.88810
0.01991 3.59083 2.05751
0.02626 4.60223 2.63712
0.02926 5.08948 2.91637
0.03294 5.57074 3.19221
0.04151 6.95628 3.98646
0.02013 3.25535 1.86526
0.01792 2.89521 1.65889
0.04507 7.15831 4.10228
0.04852 7.52072 4.31007
0.03832 5.98548 3.42994
0.03914 5.92771 3.39682
0.02960 4.52028 2.59015
0.01008 1.53417 0.87902
0.01471 2.16950 1.24306
0.01377 2.04979 1.17446
0.03629 5.22136 2.99196
0.06956 9.96933 5.71437
0.00788 1.09873 0.62953
0.03568 4.97652 2.85163
0.01377 1.90029 1.08880
0.01066 1.44512 0.82800
0.00799 1.07679 0.61696
0.00736 0.97243 0.55716
0.01570 2.07198 1.18718
0.01123 1.45537 0.83387
0.00810 1.03877 0.59517
0.00678 0.86296 0.49444
0.00475 0.60230 0.34509
0.01403 1.77023 1.01428
0.00359 0.44911 0.25732
0.00645 0.79452 0.45523
0.00160 0.19508 0.11177
0.00686 0.82351 0.47184
0.01186 1.42494 0.81644
0.01260 1.50561 0.86266
0.01339 1.59276 0.91260
0.01355 1.60440 0.91927
0.01248 1.46469 0.83921
0.00981 1.13058 0.64778
0.01808 2.17418 1.24574
0.00981 1.14810 0.65782
0.01145 1.33904 0.76722
0.01703 2.00291 1.14760
0.00813 0.94701 0.54260
0.01518 1.81288 1.03872
0.00838 0.99395 0.56949
0.00963 1.15040 0.65913
0.01713 2.05782 1.17907
0.01887 2.27635 1.30428
0.01545 1.88795 1.08173
0.00480 0.59744 0.34231
0.00377 0.47839 0.27410
0.00384 0.49798 0.28532
0.00689 0.91404 0.52371
0.00139 0.18690 0.10709
0.00930 1.32769 0.76072
0.00303 0.43778 0.25083
0.00543 0.79025 0.45278
0.00469 0.70255 0.40253
0.00942 1.48618 0.85153
0.00266 0.42015 0.24073
0.00515 0.82903 0.47500
0.00244 0.41707 0.23896
0.01296 2.18731 1.25326
0.00336 0.58848 0.33717
0.01194 2.09538 1.20059
0.00642 1.13149 0.64830
0.01557 2.81657 1.61383
0.02740 4.98625 2.85721
0.03683 6.94385 3.97933
0.04856 9.41419 5.39593
0.03029 5.84395 3.34881
0.03806 7.67073 4.39608
0.06250 12.26039 7.02909
0.04618 9.57848 5.49016
0.06665 13.25706 7.60131
0.05652 12.03778 6.90131
0.03609 7.24780 4.15359
0.03102 6.72395 3.85326
0.00924 1.86991 1.07140
0.00103 0.22651 0.12978
0.00565 1.25941 0.72159
0.01082 2.25055 1.28950
0.00860 1.92551 1.10325
0.01779 3.68878 2.11364
0.01035 2.27710 1.30471
0.05507 11.20066 6.42086
0.02434 5.22996 2.99689
0.04208 8.46181 4.84971
0.03341 6.93767 3.97579
0.01738 3.51196 2.01231
0.02292 4.38933 2.51510
0.02985 5.73539 3.28659
0.03430 6.24845 3.58068
0.04095 7.63014 4.37281
0.01944 3.41374 1.95602
0.01834 3.32161 1.90323
0.01231 2.11758 1.21331
0.02066 3.45574 1.98009
0.01416 2.28044 1.30662
0.02383 3.84449 2.20287
0.00592 0.91841 0.52621
0.00703 1.07037 0.61328
0.00281 0.41997 0.24063
0.01878 2.74319 1.57178
0.01972 2.83135 1.62230
0.00522 0.73301 0.41999
0.02352 3.24060 1.85681
0.02019 2.72819 1.56318
0.04361 5.78187 3.31323
0.00866 1.13336 0.64937
0.03197 4.09649 2.34728
0.02829 3.57696 2.04956
0.02151 2.67632 1.53346
0.01598 1.95681 1.12119
0.01209 1.45841 0.83561
0.01656 1.96885 1.12809
0.02095 2.45519 1.40676
0.00755 0.87029 0.49864
0.01535 1.75238 1.00405
0.01078 1.20965 0.69308
0.01606 1.78395 1.02214
0.02547 2.80126 1.60506
0.01372 1.49395 0.85598
0.02158 2.33197 1.33615
0.01143 1.22392 0.70126
0.01549 1.64860 0.94459
0.02695 2.85109 1.63361
0.02519 2.65495 1.52122
0.01172 1.23236 0.70610
0.01966 2.05992 1.18027
0.02302 2.41591 1.38425
0.01413 1.48477 0.85072
0.00307 0.32223 0.18463
0.00421 0.44497 0.25495
0.00506 0.53049 0.30395
0.03673 3.85832 2.21079
0.02144 2.25112 1.28982
0.01628 1.71975 0.98536
0.01641 1.74184 0.99802
0.00827 0.87949 0.50391
0.02653 2.82358 1.61785
0.01413 1.50496 0.86228
0.00701 0.74969 0.42954
0.00537 0.57505 0.32948
0.01731 1.85883 1.06505
0.01641 1.76676 1.01229
0.00874 0.94150 0.53944
0.01051 1.13673 0.65130
0.02021 2.17598 1.24677
0.01250 1.34678 0.77166
0.00794 0.85468 0.48969
0.01454 1.56063 0.89418
0.00845 0.90996 0.52137
0.00850 0.91238 0.52276
0.00947 1.01754 0.58301
0.01157 1.23861 0.70968
0.01781 1.89955 1.08838
0.00770 0.81983 0.46973
0.01813 1.91992 1.10005
0.03083 3.26560 1.87113
0.01197 1.26272 0.72349
0.01845 1.93342 1.10778
0.02118 2.21669 1.27010
0.00776 0.81239 0.46547
0.00102 0.10687 0.06123
0.01946 2.01283 1.15328
0.00621 0.63895 0.36609
0.02415 2.46778 1.41397
0.01968 2.00315 1.14774
0.01976 1.99461 1.14285
0.01459 1.46595 0.83993
0.01996 1.99536 1.14328
0.01050 1.03148 0.59100
0.00748 0.74200 0.42513
0.01314 1.28390 0.73563
0.01350 1.32419 0.75871
0.00354 0.34524 0.19781
0.01099 1.06146 0.60818
0.00667 0.63951 0.36641
0.02072 1.97435 1.13124
0.02440 2.30877 1.32286
0.00644 0.60965 0.34930
0.01048 0.98206 0.56268
0.02045 1.92089 1.10061
0.02433 2.27886 1.30572
0.01684 1.57467 0.90223
0.01601 1.49874 0.85872
0.00248 0.23217 0.13302
0.00795 0.74161 0.42491
0.01169 1.09425 0.62696
0.00781 0.73005 0.41829
0.00325 0.30337 0.17382
0.00580 0.54256 0.31086
0.01359 1.27254 0.72912
0.00562 0.52494 0.30077
0.02157 2.02037 1.15761
0.01344 1.25555 0.71938
0.01987 1.86319 1.06755
0.01549 1.45101 0.83138
0.01525 1.42592 0.81700
0.01254 1.17526 0.67338
0.01134 1.05966 0.60715
0.01422 1.33114 0.76269
0.01538 1.44366 0.82716
0.01452 1.35902 0.77866
0.01688 1.58427 0.90773
0.01826 1.71454 0.98237
0.02766 2.59683 1.48792
0.01804 1.68991 0.96826
0.00735 0.68322 0.39146
0.01121 1.04051 0.59617
0.00981 0.91194 0.52250
0.01652 1.52984 0.87654
0.01081 1.00050 0.57324
0.01439 1.33275 0.76362
0.00699 0.64467 0.36937
0.00481 0.44437 0.25461
0.00668 0.61766 0.35390
0.00872 0.80276 0.45995
0.01518 1.39398 0.79870
0.01654 1.50722 0.86358
0.01061 0.96659 0.55382
0.01839 1.67317 0.95867
0.03501 3.18550 1.82523
0.01739 1.56209 0.89502
0.00389 0.34973 0.20038
0.00760 0.68364 0.39170
0.01177 1.06271 0.60889
0.00707 0.63402 0.36327
0.00767 0.68256 0.39108
0.01478 1.29857 0.74403
0.00225 0.19849 0.11373
0.01185 1.04154 0.59676
0.02317 2.02713 1.16148
0.00976 0.85208 0.48821
0.01241 1.07845 0.61791
0.02680 2.32453 1.33189
0.02729 2.35352 1.34850
0.01105 0.95302 0.54604
0.01006 0.86256 0.49421
0.00501 0.42802 0.24524
0.00896 0.76361 0.43752
0.00384 0.32841 0.18817
0.01120 0.96105 0.55064
0.01178 1.01002 0.57870
0.01784 1.53368 0.87874
0.00804 0.69276 0.39692
0.01045 0.90073 0.51608
0.01350 1.16725 0.66879
0.01669 1.44518 0.82803
0.00446 0.38809 0.22236
0.00294 0.25529 0.14627
0.00818 0.71379 0.40897
0.01273 1.12042 0.64196
0.00916 0.80467 0.46105
0.00156 0.13705 0.07852
0.01839 1.62068 0.92859
0.03088 2.73776 1.56867
0.01432 1.27357 0.72971
0.02242 2.02319 1.15922
0.02246 2.02699 1.16140
0.00865 0.78773 0.45134
0.02102 1.94465 1.11422
0.01023 0.95434 0.54680
0.00946 0.89359 0.51199
0.03770 3.61639 2.07215
0.01857 1.79809 1.03024
0.01003 0.99946 0.57265
0.01878 1.88463 1.07983
0.01373 1.40393 0.80440
0.01805 1.87512 1.07438
0.01661 1.74754 1.00128
0.02470 2.66090 1.52463
0.01943 2.12417 1.21708
0.01858 2.06794 1.18486
0.04140 4.70944 2.69856
0.02122 2.45518 1.40675
0.02869 3.39775 1.94686
0.01293 1.54625 0.88595
0.01808 2.20705 1.26457
0.01710 2.11190 1.21005
0.01201 1.55280 0.88970
0.01092 1.53382 0.87882
0.04433 6.21888 3.56373
0.00831 1.16595 0.66804
0.03531 4.95446 2.83899
0.02602 3.65639 2.09507
0.02598 3.65084 2.09190
0.01175 1.64982 0.94529
0.00603 0.84764 0.48566
0.00897 1.26179 0.72296
0.01478 2.08045 1.19203
0.03399 4.77967 2.73881
0.09353 13.16999 7.55131
0.09923 13.97325 8.01261
0.13158 18.53400 10.63446
0.22336 30.35018 17.45682
0.03758 6.13444 3.51532
0.03446 5.79726 3.32205
0.04368 7.57315 4.34013
0.03339 6.00150 3.43912
0.01775 3.32996 1.90802
0.02189 4.25343 2.43722
0.02970 6.08238 3.48548
0.03329 7.17056 4.10931
0.01564 3.58315 2.05311
0.02107 5.12712 2.93795
0.02450 6.34958 3.63865
0.02278 6.34709 3.63723
0.01784 5.35655 3.06945
0.02676 8.64179 4.95292
0.02229 7.72156 4.42523
0.01911 7.16010 4.10331
0.02115 8.58626 4.92108
0.01901 8.18955 4.69358
0.01698 7.67557 4.39886
0.00741 3.45091 1.97732
0.01669 8.01915 4.59587
0.02000 9.86253 5.65310
0.01570 7.91928 4.53860
0.01206 6.11596 3.50474
0.01140 5.74625 3.29281
0.01263 6.34304 3.63491
0.01437 7.21787 4.13643
0.01335 6.75798 3.87277
0.00930 4.71147 2.69972
0.01223 6.16230 3.53130
0.00994 5.02046 2.87681
0.00827 4.18490 2.39795
0.00573 2.85423 1.63541
0.01425 6.70825 3.84427
0.00572 2.49722 1.43084
0.01238 4.93786 2.82947
0.00715 2.64038 1.51287
0.01237 4.27247 2.44813
0.00460 1.50989 0.86511
0.00709 2.18869 1.25405
0.00226 0.65944 0.37783
0.00846 2.29594 1.31550
0.00147 0.37551 0.21515
0.00138 0.33354 0.19111
0.01759 3.98930 2.28585
0.00348 0.74983 0.42962
0.00275 0.56231 0.32218
0.01294 2.55572 1.46436
0.01089 2.06796 1.18487
0.00933 1.71622 0.98333
0.01281 2.29722 1.31624
0.01684 2.91979 1.67297
0.02806 4.69713 2.69151
0.01321 2.13282 1.22204
0.01082 1.68972 0.96815
0.00929 1.40221 0.80341
0.00464 0.68193 0.39072
0.02291 3.31485 1.89935
0.03418 4.83826 2.77239
0.01120 1.55700 0.89210
0.01399 1.88073 1.07759
0.02347 3.05225 1.74888
0.02328 2.93991 1.68450
0.00090 0.11150 0.06388
0.01518 1.86695 1.06970
0.01764 2.11834 1.21374
0.00900 1.06896 0.61247
0.01956 2.25719 1.29330
0.00263 0.29848 0.17102
0.01018 1.14301 0.65490
0.01455 1.61474 0.92519
0.01893 2.07221 1.18731
0.02193 2.37265 1.35946
0.01588 1.70056 0.97436
0.01667 1.76349 1.01042
0.00510 0.53181 0.30470
0.00828 0.85352 0.48903
0.00888 0.90299 0.51737
0.01616 1.63450 0.93651
0.00191 0.19136 0.10964
0.01506 1.50135 0.86022
0.01498 1.48950 0.85343
0.01636 1.61026 0.92262
0.00322 0.31500 0.18048
0.00479 0.46582 0.26690
0.00950 0.92125 0.52784
0.01359 1.30729 0.74903
0.00867 0.83354 0.47758
0.01616 1.53630 0.88024
0.00409 0.38756 0.22206
0.02215 2.10300 1.20495
0.01285 1.21078 0.69373
0.00990 0.93302 0.53458
0.00452 0.42533 0.24369
0.01855 1.74313 0.99875
0.01651 1.55432 0.89057
0.02326 2.18257 1.25054
0.01995 1.88349 1.07918
0.02255 2.12567 1.21794
0.01549 1.45422 0.83322
0.00811 0.75838 0.43452
0.00858 0.80166 0.45932
0.01177 1.10704 0.63429
0.01523 1.44123 0.82577
0.01084 1.02643 0.58811
0.00478 0.45170 0.25881
0.01160 1.08727 0.62296
0.00904 0.84521 0.48427
0.01217 1.13729 0.65162
0.00507 0.47520 0.27227
0.01316 1.23306 0.70650
0.02419 2.26959 1.30041
0.03853 3.61153 2.06937
0.03400 3.17094 1.81689
0.01797 1.67535 0.95992
0.03118 2.89717 1.66001
0.01238 1.15903 0.66408
0.00577 0.54023 0.30953
0.00569 0.53118 0.30434
0.06776 6.29457 3.60712
0.01340 1.23925 0.71004
0.01421 1.31327 0.75245
0.02178 2.02259 1.15888
0.02685 2.49692 1.43067
0.01189 1.10199 0.63140
0.01597 1.47861 0.84719
0.00626 0.57925 0.33188
0.01108 1.02487 0.58721
0.00199 0.18367 0.10523
0.01179 1.08897 0.62394
0.00843 0.78001 0.44691
0.00555 0.51364 0.29429
0.00950 0.87647 0.50218
0.04842 4.45064 2.55024
0.01128 1.03168 0.59111
0.00629 0.57561 0.32980
0.03175 2.90920 1.66691
0.01701 1.55925 0.89340
0.00994 0.91081 0.52186
0.01204 1.10506 0.63315
0.03035 2.79484 1.60138
0.02881 2.62208 1.50239
0.02721 2.47919 1.42051
0.03208 2.92783 1.67758
0.04726 4.30648 2.46762
0.01155 1.05096 0.60216
0.00338 0.30743 0.17615
0.01184 1.07568 0.61632
0.00610 0.55498 0.31798
0.00498 0.45116 0.25850
0.00899 0.81546 0.46722
0.03487 3.16512 1.81356
0.01878 1.70032 0.97422
0.01683 1.52042 0.87114
0.02723 2.45154 1.40466
0.01395 1.26038 0.72215
0.02266 2.04624 1.17243
0.01282 1.15487 0.66170
0.01323 1.18701 0.68011
0.00592 0.53228 0.30497
0.01389 1.24774 0.71491
0.00396 0.35373 0.20267
0.01866 1.67052 0.95715
0.00308 0.27432 0.15717
0.00903 0.80901 0.46353
0.01788 1.59543 0.91413
0.01960 1.74877 1.00198
0.01056 0.93849 0.53772
0.01461 1.29252 0.74057
0.01150 1.01733 0.58289
0.01293 1.14337 0.65511
0.00926 0.81858 0.46901
0.01060 0.93464 0.53551
0.00840 0.74225 0.42528
0.01701 1.49701 0.85773
0.01153 1.01625 0.58227
0.01748 1.53645 0.88033
0.01864 1.63571 0.93720
0.02889 2.53959 1.45512
0.01336 1.16963 0.67015
0.00880 0.77008 0.44122
0.00605 0.53048 0.30394
0.01488 1.30638 0.74851
0.03526 3.08694 1.76876
0.02971 2.59771 1.48842
0.02179 1.90123 1.08934
0.00865 0.76121 0.43614
0.01217 1.06670 0.61117
0.01263 1.10897 0.63540
0.03030 2.65378 1.52055
0.01391 1.22709 0.70308
0.01598 1.41098 0.80844
0.00737 0.64827 0.37143
0.01978 1.72943 0.99090
0.00894 0.79049 0.45292
0.01264 1.12332 0.64362
0.02421 2.17378 1.24551
0.02838 2.54708 1.45941
0.02662 2.37535 1.36101
0.02183 1.94315 1.11336
0.01694 1.51367 0.86728
0.01730 1.56009 0.89388
0.00122 0.11030 0.06320
0.03153 2.90341 1.66359
0.01391 1.28778 0.73785
0.01976 1.81854 1.04196
0.00980 0.89414 0.51230
0.00348 0.31863 0.18256
0.01465 1.36645 0.78293
0.01610 1.52662 0.87469
0.01750 1.66770 0.95554
0.00979 0.96035 0.55024
0.01648 1.59650 0.91474
0.01468 1.41713 0.81196
0.01282 1.24156 0.71137
0.01323 1.29594 0.74253
0.00919 0.90799 0.52024
0.02629 2.62943 1.50659
0.01457 1.46363 0.83860
0.01030 1.04203 0.59704
0.00660 0.67651 0.38761
0.00433 0.44184 0.25316
0.01254 1.28455 0.73600
0.01354 1.39655 0.80017
0.00816 0.85547 0.49015
0.00590 0.62206 0.35642
0.00681 0.71668 0.41063
0.00781 0.82751 0.47413
0.00664 0.70657 0.40484
0.00741 0.80063 0.45873
0.00286 0.31035 0.17782
0.01516 1.65063 0.94575
0.01653 1.80277 1.03292
0.00291 0.31894 0.18274
0.00272 0.29939 0.17154
0.01532 1.69315 0.97011
0.00576 0.64232 0.36802
0.02392 2.69502 1.54418
0.01687 1.90082 1.08911
0.04015 4.52083 2.59047
0.03241 3.64393 2.08793
0.02934 3.33324 1.90989
0.01245 1.43019 0.81945
0.01342 1.55553 0.89126
0.01424 1.65939 0.95077
0.02695 3.14541 1.80226
0.02488 2.90103 1.66223
0.03443 4.04650 2.31863
0.02088 2.46857 1.41442
0.02708 3.24435 1.85896
0.01531 1.83748 1.05281
0.02979 3.61939 2.07387
0.02903 3.58226 2.05259
0.02623 3.31146 1.89741
0.03138 3.99407 2.28859
0.02548 3.29869 1.89009
0.02915 3.82180 2.18986
0.02628 3.50201 2.00661
0.02574 3.48609 1.99749
0.00531 0.72458 0.41515
0.02252 3.14547 1.80230
0.01091 1.54546 0.88549
0.01872 2.69427 1.54375
0.03074 4.48343 2.56903
0.01136 1.68564 0.96581
0.01603 2.40795 1.37969
0.02010 3.07509 1.76197
0.00683 1.06520 0.61031
0.02084 3.31600 1.90001
0.01063 1.72724 0.98965
0.01646 2.74153 1.57083
0.00887 1.50372 0.86158
0.00490 0.84215 0.48252
0.01038 1.82274 1.04437
0.00620 1.09927 0.62984
0.00530 0.96382 0.55223
0.01280 2.37571 1.36121
0.00982 1.87491 1.07426
0.00695 1.34571 0.77104
0.00683 1.35023 0.77363
0.00974 1.96370 1.12514
0.01069 2.20062 1.26089
0.02048 4.33105 2.48171
0.02297 4.94903 2.83587
0.00843 1.87032 1.07163
0.00818 1.88188 1.07826
0.00836 1.98565 1.13771
0.01008 2.47091 1.41576
0.00818 2.07939 1.19143
0.01286 3.32519 1.90528
0.02354 6.40624 3.67113
0.03601 9.89999 5.67460
0.01582 4.47719 2.56546
0.02287 6.80332 3.89877
0.01465 4.29451 2.46076
0.01162 3.64187 2.08675
0.01265 3.87854 2.22238
0.01956 6.07231 3.47971
0.01265 4.06684 2.33029
0.01092 3.44355 1.97311
0.01043 3.40024 1.94829
0.01079 3.46855 1.98743
0.01447 4.75257 2.72328
0.01383 4.67298 2.67766
0.01586 5.26186 3.01517
0.00809 2.73543 1.56733
0.01344 4.55273 2.60875
0.01024 3.59837 2.06183
0.01906 6.67489 3.82514
0.01068 3.67094 2.10341
0.01314 4.46313 2.55740
0.00864 2.91892 1.67248
0.02180 7.36226 4.21922
0.01781 6.13245 3.51419
0.01498 5.06293 2.90116
0.01943 6.55448 3.75611
0.00142 0.48229 0.27633
0.00071 0.23628 0.13538
0.00232 0.77074 0.44160
0.00470 1.52823 0.87562
0.00205 0.65359 0.37448
0.00564 1.74028 0.99712
0.00252 0.76972 0.44102
0.00726 2.18786 1.25358
0.00193 0.57364 0.32867
0.01377 3.93684 2.25579
0.02072 6.01009 3.44405
0.02383 6.60598 3.78564
0.02204 5.96753 3.41965
0.02717 7.22406 4.13998
0.03535 9.13904 5.23811
0.01763 4.32784 2.47986
0.02372 5.63319 3.22801
0.02942 6.68941 3.83346
0.02657 5.73316 3.28531
0.00089 0.18604 0.10659
0.03273 6.65520 3.81385
0.01923 3.74280 2.14459
0.01908 3.56191 2.04093
0.03528 6.32051 3.62199
0.02930 5.05877 2.89877
0.01976 3.26124 1.86864
0.02733 4.36782 2.50277
0.00800 1.22593 0.70241
0.00558 0.81533 0.46715
0.01020 1.43282 0.82095
0.02340 3.15303 1.80663
0.00364 0.47607 0.27277
0.00829 1.05411 0.60396
0.00318 0.39347 0.22544
0.00951 1.13595 0.65085
0.00375 0.43470 0.24907
0.00884 1.00063 0.57332
0.01113 1.22822 0.70372
0.00834 0.90016 0.51575
0.01739 1.83200 1.04967
0.01083 1.11130 0.63673
0.00466 0.46718 0.26767
0.00987 0.96564 0.55327
0.00801 0.76685 0.43938
0.00385 0.36040 0.20650
0.00807 0.74106 0.42460
0.00976 0.87776 0.50292
0.00892 0.78129 0.44765
0.00886 0.76355 0.43748
0.00685 0.57998 0.33230
0.00761 0.64049 0.36697
0.00844 0.70975 0.40666
0.00067 0.05661 0.03244
0.00657 0.55910 0.32034
0.00574 0.48916 0.28027
0.00727 0.61697 0.35350
0.01482 1.25912 0.72143
0.01735 1.47597 0.84567
0.01810 1.53109 0.87726
0.01411 1.19785 0.68632
0.01254 1.06297 0.60904
0.01562 1.32425 0.75874
0.01802 1.52918 0.87616
0.01904 1.61775 0.92691
0.01976 1.68196 0.96370
0.02234 1.90928 1.09395
0.02408 2.05537 1.17766
0.01611 1.38422 0.79310
0.01174 1.00755 0.57729
0.00972 0.83771 0.47997
0.01004 0.86541 0.49584
0.01129 0.97497 0.55862
0.01731 1.49818 0.85840
0.00934 0.81007 0.46414
0.01050 0.91395 0.52366
0.01547 1.34921 0.77304
0.01818 1.58685 0.90921
0.01394 1.22426 0.70145
0.01360 1.19674 0.68569
0.00494 0.43574 0.24966
0.01254 1.10620 0.63381
0.01596 1.41028 0.80804
0.01421 1.25388 0.71843
0.01185 1.05291 0.60328
0.02010 1.79942 1.03100
0.01971 1.76784 1.01291
0.02153 1.93899 1.11098
0.01254 1.12555 0.64490
0.01325 1.19437 0.68433
0.01752 1.58979 0.91089
0.02541 2.31389 1.32579
0.01930 1.75676 1.00656
0.01701 1.54697 0.88636
0.00479 0.43521 0.24936
0.01773 1.61200 0.92362
0.00780 0.71223 0.40808
0.01814 1.66994 0.95682
0.01805 1.66196 0.95225
0.00610 0.56061 0.32121
0.01965 1.79761 1.02997
0.01120 1.02094 0.58496
0.00781 0.71214 0.40803
0.01445 1.31414 0.75295
0.01453 1.33028 0.76220
0.01609 1.47652 0.84599
0.01346 1.23819 0.70944
0.00832 0.76513 0.43839
0.00867 0.80053 0.45867
0.00276 0.25512 0.14617
0.01243 1.15075 0.65933
0.01039 0.96485 0.55282
0.01222 1.13278 0.64904
0.00947 0.88259 0.50569
0.00987 0.92227 0.52843
0.00702 0.65813 0.37708
0.00901 0.84732 0.48548
0.00310 0.29092 0.16669
0.00287 0.27038 0.15492
0.00653 0.61775 0.35395
0.00809 0.76437 0.43795
0.00854 0.81163 0.46503
0.00689 0.65414 0.37479
0.01302 1.24634 0.71410
0.01068 1.01942 0.58409
0.00737 0.70804 0.40568
0.01305 1.25635 0.71984
0.00513 0.49401 0.28304
0.00335 0.32294 0.18503
0.01036 1.00348 0.57495
0.00257 0.25104 0.14383
0.01540 1.49244 0.85511
0.00882 0.85968 0.49256
0.01467 1.43478 0.82207
0.00773 0.75872 0.43471
0.00945 0.93048 0.53313
0.01789 1.75831 1.00745
0.02262 2.23157 1.27862
0.02431 2.41126 1.38158
0.00975 0.96921 0.55532
0.01397 1.39597 0.79984
0.01369 1.36500 0.78210
0.02083 2.08624 1.19535
0.01042 1.04647 0.59959
0.01707 1.72401 0.98780
0.01508 1.53006 0.87667
0.01748 1.77385 1.01636
0.01125 1.14572 0.65645
0.02193 2.23820 1.28242
0.02093 2.14325 1.22801
0.02622 2.69347 1.54329
0.01856 1.91001 1.09437
0.02074 2.15085 1.23237
0.01897 1.96557 1.12621
0.02884 2.99212 1.71442
0.02670 2.77452 1.58973
0.01220 1.26822 0.72664
0.06262 6.55566 3.75679
0.05384 5.62553 3.22362
0.08542 8.93240 5.11959
0.02474 2.57307 1.47430
0.00335 0.34804 0.19941
0.01072 1.11500 0.63885
0.01627 1.68566 0.96582
0.01839 1.90518 1.09160
0.02142 2.20592 1.26392
0.01797 1.84874 1.05927
0.08406 8.58706 4.92154
0.02719 2.75691 1.57964
0.02827 2.86535 1.64178
0.04888 4.89610 2.80554
0.04390 4.40133 2.52198
0.04593 4.59034 2.63030
0.02505 2.47110 1.41587
0.04103 4.04051 2.31520
0.02403 2.35576 1.34978
0.04745 4.63224 2.65432
0.01202 1.16691 0.66859
0.02353 2.26999 1.30064
0.00375 0.35747 0.20481
0.03034 2.87334 1.64636
0.01318 1.23760 0.70910
0.02621 2.45453 1.40638
0.00580 0.54071 0.30980
0.00158 0.14644 0.08391
0.01684 1.54925 0.88766
0.00493 0.45093 0.25836
0.00927 0.84202 0.48244
0.01355 1.22651 0.70274
0.01015 0.91219 0.52265
0.00823 0.73597 0.42168
0.00890 0.78288 0.44856
0.01897 1.72216 0.98674
0.01793 1.61029 0.92264
0.02757 2.45653 1.40752
0.01085 0.97146 0.55661
0.01029 0.92267 0.52865
0.01053 0.94485 0.54136
0.00289 0.26140 0.14977
0.01763 1.59349 0.91301
0.00754 0.68274 0.39118
0.00730 0.66208 0.37934
0.00970 0.88460 0.50684
0.01401 1.27403 0.72997
0.00806 0.73943 0.42366
0.01079 0.99131 0.56798
0.01774 1.63194 0.93504
0.02355 2.17822 1.24805
0.01781 1.64993 0.94535
0.01981 1.84481 1.05701
0.01880 1.76017 1.00852
0.01886 1.77130 1.01489
0.02067 1.95268 1.11882
0.01337 1.26668 0.72576
0.02016 1.92066 1.10047
0.02648 2.52485 1.44667
0.01087 1.04200 0.59702
0.02298 2.22388 1.27422
0.02274 2.20202 1.26169
0.01506 1.47333 0.84417
0.01446 1.43029 0.81950
0.00980 0.98678 0.56538
0.01255 1.29486 0.74190
0.02058 2.17562 1.24656
0.02694 2.92724 1.67724
0.02168 2.43476 1.39505
0.02053 2.37431 1.36041
0.01823 2.17214 1.24457
0.01659 2.03443 1.16566
0.01492 1.89737 1.08713
0.01042 1.37872 0.78996
0.01070 1.46582 0.83986
0.01677 2.39384 1.37160
0.02207 3.25997 1.86791
0.00805 1.20188 0.68863
0.01473 2.40633 1.37876
0.03223 5.27843 3.02467
0.00955 1.61271 0.92402
0.02782 4.85097 2.77968
0.06596 11.81518 6.77354
0.02836 5.17661 2.96631
0.00183 0.34412 0.19716
0.02870 5.48035 3.14040
0.01956 3.82120 2.18952
0.01343 2.71074 1.55319
0.00659 1.36112 0.77987
0.00979 2.12205 1.21587
0.00824 1.83715 1.05262
0.00549 1.26659 0.72571
0.01857 4.54333 2.60336
0.02584 6.61708 3.79200
0.01318 3.65346 2.09340
0.00481 1.42010 0.81366
0.01301 4.12433 2.36324
0.01557 5.26237 3.01546
0.00147 0.49729 0.28493
0.00925 3.19441 1.83034
0.00778 2.69510 1.54423
0.01430 4.87582 2.79391
0.00518 1.83233 1.04986
0.00410 1.43689 0.82328
0.00667 2.42198 1.38773
0.00628 2.30705 1.32187
0.00730 2.60230 1.49105
0.00928 3.32383 1.90450
0.00528 1.78711 1.02395
0.00443 1.48450 0.85057
0.00416 1.31324 0.75244
0.00884 2.76120 1.58210
0.01494 4.50708 2.58258
0.00169 0.48359 0.27708
0.00748 2.11266 1.21049
0.02745 7.26388 4.16281
0.00496 1.29638 0.74278
0.00835 2.08677 1.19565
0.01189 2.77708 1.59120
0.00850 1.93036 1.10603
0.01057 2.25059 1.28952
0.01092 2.25381 1.29136
0.00829 1.60251 0.91818
0.01550 2.97249 1.70317
0.01439 2.60849 1.49460
0.01481 2.56157 1.46771
0.00762 1.27359 0.72972
0.02207 3.55125 2.03482
0.01516 2.34992 1.34644
0.00948 1.41596 0.81129
0.02271 3.25457 1.86482
0.01548 2.17794 1.24789
0.01341 1.83177 1.04954
0.01249 1.66212 0.95234
0.00436 0.56697 0.32485
0.01367 1.73254 0.99268
0.00299 0.36704 0.21030
0.00816 0.97286 0.55741
0.00448 0.52225 0.29923
0.00640 0.73104 0.41885
0.02311 2.58656 1.48203
0.00270 0.29666 0.16997
0.00302 0.32409 0.18569
0.00473 0.49890 0.28585
0.00398 0.41325 0.23677
0.01813 1.86194 1.06683
0.00550 0.53404 0.30599
0.00697 0.72772 0.41695
0.00469 0.46218 0.26481
0.01201 1.15444 0.66145
0.01105 1.05441 0.60414
0.01443 1.36008 0.77928
0.00719 0.66528 0.38118
0.00417 0.38282 0.21934
0.00513 0.46497 0.26641
0.01474 1.32044 0.75656
0.01966 1.73718 0.99534
0.01709 1.48422 0.85040
0.01189 1.02553 0.58759
0.02597 2.23176 1.27873
0.00654 0.55730 0.31931
0.03827 3.22811 1.84965
0.03043 2.55191 1.46218
0.01786 1.49003 0.85373
0.02110 1.75331 1.00458
0.00359 0.29920 0.17143
0.00385 0.31986 0.18327
0.00929 0.76885 0.44052
0.01559 1.28768 0.73779
0.01709 1.40842 0.80697
0.02807 2.32331 1.33119
0.01446 1.19644 0.68551
0.01882 1.55627 0.89168
0.00486 0.40269 0.23073
0.00432 0.35885 0.20560
0.03015 2.53886 1.45470
0.01733 1.45865 0.83575
0.01488 1.24598 0.71390
0.00800 0.66955 0.38362
0.01108 0.93006 0.53288
0.01088 0.91560 0.52460
0.01787 1.49638 0.85737
0.01952 1.63411 0.93629
0.01109 0.93472 0.53556
0.02778 2.32799 1.33387
0.02792 2.33570 1.33829
0.01876 1.55986 0.89374
0.01264 1.05365 0.60370
0.01598 1.33247 0.76345
0.01383 1.15464 0.66156
0.01052 0.88029 0.50437
0.00953 0.79839 0.45745
0.01596 1.33502 0.76492
0.01913 1.60115 0.91740
0.01952 1.63153 0.93481
0.01070 0.90267 0.51719
0.01320 1.11936 0.64135
0.02494 2.12129 1.21543
0.01903 1.62023 0.92833
0.02009 1.71620 0.98332
0.01210 1.03311 0.59193
0.01085 0.93396 0.53512
0.00830 0.71726 0.41096
0.00993 0.86000 0.49274
0.02558 2.21653 1.27000
0.01136 0.98370 0.56362
0.00933 0.82019 0.46993
0.00532 0.47063 0.26965
0.02458 2.17471 1.24604
0.01895 1.67241 0.95823
0.02809 2.46897 1.41465
0.01205 1.05796 0.60617
0.00371 0.32815 0.18802
0.00538 0.48276 0.27660
0.02470 2.19206 1.25598
0.02202 1.94513 1.11449
0.01271 1.12248 0.64314
0.01773 1.58172 0.90627
0.01258 1.12729 0.64589
0.00891 0.79294 0.45432
0.00660 0.58666 0.33613
0.00763 0.67634 0.38752
0.01294 1.14875 0.65819
0.00738 0.65639 0.37608
0.01264 1.11731 0.64017
0.01421 1.26171 0.72291
0.02082 1.85636 1.06363
0.02310 2.07153 1.18692
0.01591 1.43175 0.82034
0.01877 1.66277 0.95271
0.01205 1.06962 0.61285
0.01012 0.89808 0.51456
0.01128 1.00271 0.57451
0.01720 1.53082 0.87711
0.01320 1.17560 0.67357
0.02968 2.65102 1.51897
0.01472 1.30841 0.74967
0.03388 3.01391 1.72691
0.00777 0.68879 0.39465
0.01750 1.55259 0.88958
0.00787 0.69971 0.40090
0.01060 0.94319 0.54041
0.00413 0.36797 0.21083
0.00630 0.56250 0.32229
0.01218 1.08873 0.62380
0.02363 2.10698 1.20723
0.02627 2.28335 1.30829
0.01755 1.62577 0.93151
0.01100 0.99152 0.56810
0.01452 1.31349 0.75258
0.00227 0.20537 0.11767
0.01765 1.59759 0.91536
0.01135 1.03132 0.59090
0.00807 0.73547 0.42139
0.00670 0.61039 0.34973
0.01094 0.99916 0.57248
0.01147 1.04622 0.59944
0.01072 0.98459 0.56413
0.00348 0.31898 0.18276
0.01238 1.14104 0.65377
0.00955 0.88246 0.50561
0.02181 2.02103 1.15798
0.01556 1.44027 0.82522
0.02011 1.86222 1.06699
0.01162 1.07985 0.61871
0.00879 0.82205 0.47100
0.00953 0.89575 0.51323
0.01983 1.85930 1.06532
0.01600 1.50586 0.86280
0.02569 2.44832 1.40282
0.01623 1.54309 0.88414
0.01998 1.90110 1.08926
0.00606 0.57526 0.32960
0.00601 0.57384 0.32879
0.00765 0.73548 0.42140
0.01192 1.15333 0.66081
0.00572 0.55589 0.31850
0.01209 1.16929 0.66996
0.01593 1.54951 0.88781
0.01100 1.07520 0.61605
0.01989 1.94185 1.11262
0.02037 1.99303 1.14194
0.02082 2.05899 1.17973
0.01033 1.03957 0.59563
0.01877 1.89074 1.08333
0.01590 1.61608 0.92596
0.00582 0.59840 0.34286
0.01337 1.38484 0.79346
0.01453 1.52972 0.87648
0.00518 0.55400 0.31742
0.00305 0.33091 0.18960
0.02068 2.26121 1.29561
0.01119 1.23620 0.70829
0.00380 0.42476 0.24337
0.00932 1.05866 0.60657
0.00948 1.08788 0.62331
0.01043 1.24601 0.71392
0.00604 0.73180 0.41929
0.01119 1.39083 0.79689
0.01968 2.51335 1.44008
0.00395 0.51663 0.29601
0.02947 3.95018 2.26344
0.01507 2.06424 1.18274
0.00694 0.97347 0.55776
0.01248 1.79475 1.02833
0.01091 1.61671 0.92632
0.01158 1.76152 1.00929
0.01382 2.15711 1.23596
0.00042 0.06822 0.03909
0.01364 2.24328 1.28533
0.00352 0.59541 0.34115
0.00747 1.29589 0.74250
0.00766 1.37033 0.78515
0.01168 2.15999 1.23760
0.00055 0.10702 0.06132
0.00359 0.72408 0.41487
0.00884 1.86532 1.06876
0.00736 1.64453 0.94226
0.00124 0.29489 0.16896
0.00831 2.09979 1.20311
0.00241 0.64271 0.36825
0.00804 2.27594 1.30405
0.00490 1.48942 0.85338
0.01416 4.56064 2.61328
0.01131 3.80978 2.18297
0.01142 4.01292 2.29939
0.02073 7.49444 4.29501
0.02015 7.56354 4.33462
0.00338 1.30659 0.74863
0.00415 1.63652 0.93767
0.01106 4.39670 2.51933
0.00502 2.00903 1.15111
0.00741 2.98887 1.71256
0.02301 9.43357 5.40704
0.00300 1.31258 0.75206
0.00663 3.37779 1.93542
0.00327 2.11624 1.21254
0.00475 4.39661 2.51927
0.00378 5.20521 2.98270
0.00131 3.19808 1.83244
0.00312 34.89017 20.09341
0.00158 10.17882 5.83456
0.00471 35.23931 20.29660
0.00357 108.66031 65.81735
0.00365 120.91714 74.39807
0.00462 132.53090 83.00527
0.00076 33.32369 19.18253
0.00022 10.48774 6.01179
0.00331 100.45068 60.29839
0.00373 106.12391 64.09465
0.00457 121.29583 74.67071
0.00468 140.62250 89.35452
0.00278 97.50073 58.35327
0.00479 141.39251 89.97663
0.00381 96.41340 57.64098
0.00340 129.12888 80.42802
0.00520 136.89132 86.38577
0.00283 137.77883 87.08527
0.00522 108.01756 65.37923
0.00358 137.28294 86.69393
0.00391 108.40963 65.64635
0.00165 78.12803 45.98867
0.00272 96.75107 57.86192
0.00324 107.42612 64.97704
0.00326 88.33872 52.42398
0.00271 101.49831 60.99378
0.00289 115.86112 70.80344
0.00323 137.22816 86.65078
0.00317 138.60718 87.74182
0.00459 136.52054 86.09473
0.00236 110.82843 67.30330
0.00328 121.88933 75.09901
0.00233 112.06430 68.15607
0.00447 115.46989 70.52866
0.00143 84.34687 49.88827
0.00437 117.57193 72.01054
0.00291 128.52714 79.97728
0.00193 88.14951 52.30318
0.00143 95.06995 56.76425
0.00186 107.21837 64.83598
0.00132 104.35654 62.90382
0.00081 81.71859 48.23295
0.00189 128.30797 79.81348
0.00241 134.39235 84.43731
0.00238 134.80729 84.75874
0.00192 130.55007 81.49858
0.00261 138.81826 87.90970
0.00198 130.77371 81.66783
0.00161 124.70595 77.14871
0.00109 113.99522 69.49712
0.00152 134.43036 84.46672
0.00101 127.35349 79.10239
0.00152 132.73007 83.15774
0.00114 127.24939 79.02506
0.00247 135.08313 84.97288
0.00082 114.98907 70.19161
0.00311 139.77238 88.67153
0.00141 141.22230 89.83882
0.00229 132.05633 82.64271
0.00206 127.63167 79.30926
0.00175 119.80087 73.59725
0.00208 129.54148 80.73795
0.00208 92.71600 55.23672
0.00154 38.72299 22.32765
0.00138 20.31690 11.66084
0.00081 7.67829 4.40042
0.01338 94.05914 56.10698
0.01656 96.65254 57.79743
0.01717 90.39038 53.73797
0.01554 73.19802 42.93705
0.01274 51.20850 29.67073
0.01971 55.45067 32.19269
0.02396 47.02303 27.19682
0.00639 8.67647 4.97281
0.00923 9.56273 5.48113
0.01402 11.35088 6.50707
0.00098 0.66103 0.37874
0.00563 3.28631 1.88300
0.01148 5.80188 3.32470
0.00841 3.77262 2.16168
0.02400 9.60034 5.50271
0.01923 7.01628 4.02086
0.02836 9.59533 5.49983
0.00583 1.83051 1.04882
0.01008 2.96837 1.70081
0.02301 6.38577 3.65940
0.00579 1.52586 0.87426
0.02190 5.53097 3.16942
0.03764 9.03301 5.17730
0.03183 7.34862 4.21140
0.01509 3.37104 1.93155
0.04078 8.61822 4.93941
0.01614 3.24836 1.86126
0.03271 6.24928 3.58116
0.04872 8.96673 5.13928
0.02358 4.20058 2.40693
0.05103 8.66734 4.96758
0.04611 7.47389 4.28322
0.05577 8.67641 4.97278
0.03921 5.89502 3.37809
0.05084 7.42043 4.25257
0.03576 5.02887 2.88164
0.03890 5.30994 3.04273
0.01674 2.21335 1.26818
0.02528 3.26229 1.86924
0.03020 3.78007 2.16595
0.01085 1.32678 0.76020
0.01185 1.41730 0.81206
0.01009 1.17015 0.67045
0.00469 0.53199 0.30481
0.01240 1.36458 0.78185
0.01142 1.23313 0.70654
0.00496 0.52173 0.29893
0.00594 0.61161 0.35043
0.00543 0.54451 0.31198
0.00397 0.38924 0.22302
0.00422 0.40647 0.23289
0.00451 0.42439 0.24316
0.00469 0.43290 0.24803
0.00165 0.14918 0.08547
0.01076 0.95541 0.54741
0.00843 0.73862 0.42320
0.00336 0.29279 0.16776
0.00713 0.62149 0.35609
0.00979 0.85096 0.48756
0.00774 0.67252 0.38533
0.00164 0.14273 0.08178
0.00750 0.65252 0.37386
0.00480 0.42071 0.24105
0.01287 1.12583 0.64506
0.00409 0.35747 0.20482
0.01293 1.12632 0.64534
0.00899 0.78563 0.45013
0.01984 1.74577 1.00026
0.00683 0.60177 0.34479
0.00609 0.53838 0.30847
0.01853 1.64550 0.94281
0.00834 0.74232 0.42532
0.00937 0.83802 0.48015
0.01154 1.02745 0.58869
0.01370 1.21642 0.69696
0.02732 2.42940 1.39198
0.00808 0.72321 0.41437
0.00055 0.04991 0.02859
0.02001 1.81181 1.03810
0.00743 0.67351 0.38589
0.00528 0.47952 0.27475
0.01926 1.75233 1.00402
0.00267 0.24130 0.13825
0.02366 2.15209 1.23308
0.00810 0.73968 0.42381
0.00408 0.37286 0.21363
0.01313 1.20574 0.69084
0.01079 0.99183 0.56828
0.01157 1.06487 0.61013
0.01244 1.15229 0.66022
0.00784 0.72999 0.41825
0.00910 0.85136 0.48780
0.00784 0.73007 0.41830
0.00839 0.78249 0.44833
0.00872 0.81314 0.46589
0.01844 1.73404 0.99354
0.02082 1.96621 1.12658
0.01175 1.10803 0.63486
0.00414 0.39122 0.22415
0.01547 1.47106 0.84286
0.01863 1.77893 1.01927
0.01815 1.72264 0.98701
0.02821 2.68804 1.54018
0.02280 2.18402 1.25137
0.01117 1.07431 0.61554
0.01851 1.78259 1.02136
0.02501 2.40989 1.38080
0.03353 3.23896 1.85587
0.01480 1.43443 0.82187
0.03345 3.24513 1.85941
0.02932 2.85290 1.63465
0.03176 3.09571 1.77378
0.01597 1.57218 0.90080
0.01507 1.48775 0.85243
0.01505 1.48336 0.84991
0.01741 1.70654 0.97779
0.00960 0.93990 0.53853
0.00941 0.92523 0.53012
0.01036 1.02702 0.58844
0.00875 0.88015 0.50429
0.00935 0.94434 0.54107
0.01829 1.83899 1.05368
0.00642 0.64240 0.36807
0.01645 1.63319 0.93576
0.01630 1.60851 0.92162
0.02798 2.73088 1.56473
0.01332 1.29002 0.73913
0.02096 2.01714 1.15576
0.02209 2.10387 1.20545
0.01204 1.13668 0.65127
0.01274 1.18850 0.68097
0.01699 1.58469 0.90797
0.00797 0.73667 0.42208
0.01986 1.83111 1.04916
0.00620 0.56977 0.32646
0.00960 0.87372 0.50061
0.00228 0.20403 0.11690
0.00838 0.74303 0.42572
0.00909 0.80120 0.45906
0.00529 0.46567 0.26681
0.00031 0.02675 0.01533
0.00446 0.38823 0.22244
0.00202 0.17411 0.09976
0.00370 0.31979 0.18323
0.00711 0.61457 0.35212
0.01317 1.13807 0.65207
0.00995 0.86426 0.49519
0.01197 1.04067 0.59626
0.00727 0.63417 0.36335
0.01062 0.92247 0.52854
0.00144 0.12634 0.07239
0.00468 0.41050 0.23520
0.00310 0.27337 0.15663
0.01986 1.75132 1.00344
0.01215 1.06851 0.61221
0.01115 0.98451 0.56409
0.01562 1.38833 0.79546
0.00198 0.17738 0.10163
0.01013 0.91186 0.52246
0.01478 1.33792 0.76658
0.01208 1.10149 0.63111
0.01272 1.17017 0.67046
0.01422 1.31825 0.75531
0.01237 1.16058 0.66497
0.01553 1.46016 0.83662
0.01479 1.39841 0.80124
0.00998 0.94969 0.54413
0.01956 1.87376 1.07360
0.02187 2.11598 1.21239
0.00377 0.36587 0.20963
0.01272 1.23817 0.70943
0.01101 1.08052 0.61910
0.01906 1.87915 1.07669
0.01198 1.18173 0.67709
0.01063 1.04876 0.60090
0.00455 0.45088 0.25834
0.01396 1.39064 0.79679
0.00970 0.97091 0.55629
0.00764 0.75567 0.43297
0.00375 0.36867 0.21123
0.01903 1.86351 1.06773
0.01281 1.25232 0.71753
0.02723 2.64343 1.51462
0.02240 2.16340 1.23956
0.01995 1.91304 1.09611
0.01724 1.63449 0.93650
0.01750 1.65964 0.95091
0.02262 2.15451 1.23447
0.01592 1.50688 0.86339
0.01980 1.86576 1.06901
0.01782 1.66352 0.95314
0.01353 1.25215 0.71744
0.00337 0.30968 0.17743
0.01262 1.15023 0.65903
0.00279 0.25344 0.14521
0.00763 0.68855 0.39451
0.01474 1.32296 0.75801
0.01518 1.35014 0.77358
0.00872 0.77590 0.44456
0.00958 0.84984 0.48693
0.01059 0.94085 0.53907
0.00426 0.38145 0.21855
0.02073 1.85549 1.06313
0.00760 0.67690 0.38784
0.01060 0.94463 0.54123
0.01395 1.24959 0.71597
0.01092 0.98459 0.56413
0.01074 0.96705 0.55408
0.01352 1.21930 0.69861
0.01579 1.43588 0.82270
0.01792 1.63060 0.93427
0.01748 1.60094 0.91728
0.00781 0.71843 0.41163
0.00911 0.84884 0.48635
0.01598 1.51257 0.86665
0.01366 1.31330 0.75247
0.00309 0.30268 0.17342
0.00687 0.68824 0.39433
0.02125 2.16553 1.24078
0.00536 0.54948 0.31483
0.01166 1.21420 0.69569
0.00692 0.72546 0.41566
0.00809 0.85447 0.48958
0.01463 1.55312 0.88988
0.01289 1.37052 0.78526
0.01512 1.61753 0.92678
0.02696 2.88238 1.65154
0.02121 2.27912 1.30587
0.01900 2.04570 1.17212
0.01229 1.32609 0.75980
0.01941 2.09886 1.20258
0.01912 2.06621 1.18387
0.02049 2.21450 1.26884
0.01637 1.76544 1.01154
0.01791 1.94177 1.11257
0.01928 2.10001 1.20324
0.02143 2.32294 1.33097
0.01331 1.42994 0.81930
0.01448 1.53569 0.87989
0.01165 1.23638 0.70840
0.01518 1.58334 0.90720
0.01971 2.04014 1.16894
0.01049 1.08066 0.61917
0.01357 1.39226 0.79771
0.02090 2.13166 1.22137
0.01489 1.50027 0.85960
0.02155 2.15485 1.23466
0.02803 2.76773 1.58584
0.02577 2.51674 1.44202
0.00455 0.44010 0.25216
0.02051 1.96081 1.12348
0.00994 0.94398 0.54086
0.01884 1.76298 1.01013
0.02379 2.19848 1.25966
0.02466 2.24462 1.28610
0.03305 2.96540 1.69911
0.02635 2.34305 1.34250
0.02508 2.20769 1.26494
0.02580 2.25435 1.29168
0.01094 0.94891 0.54369
0.00483 0.41490 0.23772
0.01572 1.33552 0.76520
0.01924 1.62715 0.93230
0.01160 0.98072 0.56191
0.02090 1.77404 1.01646
0.01566 1.33007 0.76208
0.01316 1.12255 0.64318
0.01089 0.93364 0.53494
0.01459 1.25598 0.71963
0.00804 0.69235 0.39669
0.00982 0.84642 0.48497
0.01553 1.34027 0.76792
0.00812 0.69908 0.40054
0.00510 0.44142 0.25291
0.00897 0.78137 0.44769
0.00778 0.68490 0.39242
0.03298 2.90301 1.66336
0.00698 0.61844 0.35434
0.01598 1.42868 0.81858
0.00327 0.29518 0.16913
0.00685 0.62271 0.35679
0.00123 0.11392 0.06527
0.00602 0.56605 0.32433
0.01195 1.14163 0.65411
0.01113 1.07601 0.61651
0.00755 0.74118 0.42467
0.00946 0.93921 0.53813
0.00239 0.24138 0.13830
0.01136 1.17439 0.67288
0.01741 1.83642 1.05221
0.02331 2.48638 1.42463
0.01123 1.19976 0.68741
0.00624 0.66753 0.38247
0.01614 1.72529 0.98853
0.01387 1.49105 0.85432
0.01755 1.88774 1.08161
0.02669 2.88764 1.65455
0.02564 2.79498 1.60146
0.00511 0.55598 0.31855
0.01858 2.02049 1.15768
0.00950 1.03066 0.59053
0.02922 3.14872 1.80416
0.01186 1.27174 0.72866
0.00509 0.54463 0.31205
0.00409 0.43456 0.24899
0.01501 1.59541 0.91411
0.02290 2.40629 1.37874
0.01956 2.04543 1.17196
0.01355 1.39480 0.79917
0.02305 2.36517 1.35517
0.02568 2.62164 1.50213
0.01960 1.98256 1.13594
0.01581 1.56244 0.89522
0.01783 1.74969 1.00251
0.02024 1.97353 1.13077
0.01466 1.43013 0.81941
0.00506 0.49036 0.28096
0.01334 1.26306 0.72368
0.01261 1.18092 0.67662
0.01111 1.04272 0.59744
0.01099 1.02873 0.58942
0.00495 0.46094 0.26410
0.00682 0.62818 0.35992
0.00865 0.79237 0.45400
0.00894 0.81191 0.46519
0.00430 0.38703 0.22175
0.00805 0.71827 0.41154
0.00380 0.33755 0.19340
0.01065 0.94517 0.54154
0.01490 1.31110 0.75121
0.01497 1.31486 0.75336
0.01594 1.39581 0.79975
0.01214 1.04930 0.60121
0.00445 0.38104 0.21832
0.00170 0.14476 0.08294
0.01632 1.37869 0.78994
0.01068 0.89144 0.51076
0.00648 0.53701 0.30769
0.00846 0.70139 0.40187
0.00562 0.46511 0.26649
0.00845 0.69967 0.40088
0.00153 0.12666 0.07257
0.00844 0.70090 0.40159
0.00597 0.49921 0.28602
0.01435 1.20327 0.68943
0.00541 0.45637 0.26148
0.01263 1.05757 0.60595
0.00756 0.63675 0.36483
0.00967 0.81575 0.46739
0.00238 0.20210 0.11580
0.01238 1.05802 0.60620
0.01094 0.93385 0.53506
0.01026 0.87916 0.50372
0.00517 0.44578 0.25542
0.00908 0.79042 0.45288
0.01619 1.41772 0.81230
0.01806 1.57245 0.90096
0.01413 1.23002 0.70475
0.00196 0.17198 0.09854
0.00212 0.18789 0.10765
0.01168 1.04126 0.59660
0.01078 0.97109 0.55639
0.00682 0.61621 0.35306
0.02697 2.43043 1.39257
0.00838 0.75749 0.43401
0.01556 1.41359 0.80994
