-0.00955 -0.01401 0.56519
-0.00149 -0.01847 0.56210
-0.01375 -0.01450 0.56165
-0.01252 -0.01200 0.56213
-0.00015 -0.01111 0.56489
-0.01114 -0.00701 0.57437
-0.01007 -0.00611 0.57953
-0.00841 -0.01030 0.58727
-0.02216 -0.00743 0.59440
-0.01045 -0.01061 0.60134
-0.01229 -0.00795 0.61304
-0.00327 0.00127 0.62624
-0.01129 0.00942 0.64838
-0.01369 0.00017 0.66491
-0.00118 -0.00710 0.67681
-0.00384 -0.01798 0.68393
-0.00224 -0.01015 0.69223
0.00262 -0.00020 0.71087
0.00394 0.00316 0.73435
-0.00178 -0.00399 0.76041
0.00253 -0.00641 0.77661
0.00292 -0.01827 0.78876
0.01166 -0.01885 0.80346
0.01261 -0.01901 0.82107
-0.00113 -0.01666 0.83287
0.00250 -0.01440 0.84628
-0.00059 -0.00941 0.86002
0.00553 -0.00668 0.88176
0.00242 -0.01658 0.90106
-0.00306 -0.00402 0.92042
0.00213 -0.01052 0.93470
-0.00359 -0.00468 0.95341
-0.01359 -0.00396 0.97187
-0.00713 -0.00785 0.97631
-0.00200 -0.02099 0.98295
0.00704 -0.01252 0.98790
0.00370 -0.01511 1.00159
-0.00498 -0.01262 1.00783
-0.00136 -0.01504 1.01473
-0.00164 -0.01874 1.02140
-0.00192 -0.01632 1.02900
-0.00314 -0.01450 1.03653
0.00537 -0.01021 1.04756
0.00325 -0.00920 1.05560
0.00615 -0.01823 1.06330
0.00783 -0.01838 1.06314
-0.00021 -0.02592 1.07174
0.00154 -0.02366 1.07540
0.00608 -0.01872 1.07690
0.00919 -0.02041 1.07791
0.00120 -0.01920 1.07601
0.00640 -0.03253 1.07435
-0.00370 -0.03086 1.06526
0.00455 -0.02224 1.06247
0.00983 -0.02329 1.07311
0.01519 -0.01625 1.07895
0.01205 -0.02028 1.07693
0.02050 -0.01509 1.07629
0.01377 -0.02635 1.07882
0.02190 -0.01022 1.07061
0.00935 -0.01817 1.07356
0.01345 -0.03216 1.07401
0.01473 -0.02821 1.06644
0.00909 -0.01741 1.07202
0.01086 -0.01503 1.07153
0.01054 -0.00987 1.08684
-0.00216 -0.01919 1.08567
0.00812 -0.02498 1.08297
0.01203 -0.02151 1.07897
0.01446 -0.01904 1.07778
-0.00781 -0.02269 1.07920
0.00226 -0.01503 1.08173
0.00915 -0.01495 1.08497
-0.00300 -0.01636 1.09232
0.00338 -0.01782 1.08880
-0.00146 -0.01340 1.08565
0.01116 -0.01621 1.08768
0.01197 -0.01684 1.08386
0.00869 -0.00843 1.08416
0.01302 -0.01755 1.07990
0.01401 -0.02227 1.07441
0.00642 -0.02264 1.06935
0.00248 -0.02399 1.06899
0.00070 -0.01623 1.06572
0.00654 -0.01237 1.07133
0.01031 -0.01831 1.06627
0.01237 -0.02107 1.06123
0.00687 -0.02739 1.05501
-0.00123 -0.01942 1.04760
0.00099 -0.01695 1.03947
0.01100 -0.01486 1.02546
0.00646 -0.02111 1.01126
-0.00580 -0.01599 0.99428
0.00495 -0.02906 0.97239
-0.00015 -0.02255 0.95354
-0.00478 -0.02757 0.93098
-0.00200 -0.02215 0.90628
-0.00227 -0.02153 0.88557
0.00397 -0.02472 0.86226
0.00275 -0.01731 0.83990
-0.00143 -0.02058 0.81505
0.00247 -0.02006 0.78687
-0.01364 -0.01961 0.76086
-0.02496 -0.02524 0.72778
-0.01773 -0.02865 0.69860
-0.01683 -0.02488 0.66586
-0.00760 -0.02460 0.63821
-0.00560 -0.01997 0.60701
0.01745 -0.02097 0.58474
0.01640 -0.01146 0.56415
0.01856 -0.01267 0.53932
0.02045 -0.00779 0.51748
0.02782 -0.00620 0.49415
0.01850 -0.01081 0.47394
0.01387 -0.00996 0.45074
0.02603 -0.01270 0.43125
0.01516 -0.01229 0.42113
0.02162 -0.01214 0.41218
0.03592 -0.01645 0.40058
0.03314 -0.00950 0.40005
0.04215 -0.00970 0.38608
0.03074 -0.01639 0.38721
0.02679 -0.01093 0.37496
0.02304 -0.01181 0.37960
0.02919 -0.01388 0.36408
0.03836 -0.01397 0.36653
0.05763 0.00329 0.36041
0.05962 0.00237 0.34897
0.06419 -0.00032 0.35501
0.05916 -0.00056 0.34054
0.06369 -0.00125 0.34577
0.06266 -0.00870 0.33396
0.06276 -0.00701 0.34610
0.05292 0.00096 0.34154
0.06010 0.00086 0.35495
0.05402 -0.00020 0.35833
0.07300 0.00897 0.35012
0.05662 0.00707 0.37072
0.06387 0.01134 0.36362
0.07167 0.01219 0.37381
0.06730 0.00712 0.37428
0.04393 0.00820 0.38642
0.06446 0.00441 0.38686
0.05615 0.00445 0.38893
0.04441 0.00256 0.40718
0.04406 -0.00123 0.41724
0.04495 0.00510 0.43337
0.04056 0.00845 0.44325
0.02613 0.00763 0.46514
0.01589 0.00578 0.48448
0.01322 0.00692 0.50000
0.02080 -0.00612 0.52017
0.03222 -0.00869 0.53482
0.01936 -0.00086 0.55392
0.00919 -0.01760 0.57278
-0.00742 0.01491 0.59219
0.00447 0.00994 0.61840
0.02245 -0.01455 0.64294
-0.00416 -0.01107 0.65728
-0.00631 -0.00365 0.67663
-0.01433 -0.01769 0.68860
0.00165 -0.00819 0.71026
-0.00276 -0.00691 0.72323
-0.00098 -0.00489 0.73900
0.00719 -0.00088 0.75640
0.00531 -0.00722 0.76587
0.01229 -0.00343 0.77744
0.01716 -0.00287 0.78043
0.01076 -0.00716 0.78683
0.02347 -0.00839 0.79807
0.02686 -0.01019 0.80621
0.01132 -0.01601 0.81663
0.00961 -0.01216 0.81799
0.01495 -0.01084 0.82213
0.02471 -0.01186 0.83093
0.02097 -0.00876 0.83860
0.01207 -0.00593 0.84182
0.01486 -0.01536 0.84409
0.01350 -0.00516 0.84537
0.00922 -0.01378 0.83843
0.01579 -0.02873 0.83100
0.01150 -0.00675 0.82160
0.01796 0.00715 0.82321
0.01206 -0.00279 0.83228
0.01766 -0.01044 0.83175
0.02063 -0.01250 0.82185
0.02307 -0.01033 0.81306
0.02950 -0.01631 0.81207
0.03412 -0.01179 0.80576
0.03696 -0.01801 0.80371
0.03487 -0.01482 0.79964
0.03714 -0.01424 0.79578
0.02869 -0.01203 0.79451
0.03004 -0.01588 0.79039
0.02402 -0.01722 0.78323
0.01790 -0.01594 0.78142
0.01182 -0.01112 0.77203
0.01747 -0.01215 0.77364
0.01837 -0.00668 0.76860
0.00666 -0.00548 0.76126
0.00806 -0.00704 0.75045
0.01515 -0.00215 0.73410
0.00819 -0.00738 0.71554
0.01074 -0.01110 0.70577
0.00263 -0.01397 0.70140
0.00015 -0.00827 0.69819
0.00056 -0.00578 0.69563
0.01578 -0.00794 0.69540
0.01048 -0.00661 0.68933
0.01720 -0.00354 0.68607
0.01583 -0.01104 0.68466
0.00918 -0.00789 0.67617
0.01746 -0.00659 0.67370
0.01221 -0.00672 0.67023
0.02738 -0.00849 0.66611
0.03842 -0.01207 0.66033
0.04136 -0.00241 0.66225
0.03218 -0.00235 0.67088
0.02115 -0.00002 0.67408
0.01302 -0.00229 0.67959
0.02942 -0.00929 0.68250
0.02227 0.00110 0.69108
0.02012 0.00231 0.70041
0.01936 -0.00741 0.71347
0.00845 -0.01447 0.72744
0.00363 -0.00589 0.72943
0.00214 -0.01661 0.73263
0.00779 -0.01298 0.73792
0.01124 -0.01585 0.74609
-0.00118 0.00006 0.74950
-0.00180 -0.00416 0.75305
-0.00954 -0.00114 0.75659
0.00076 -0.00272 0.75234
-0.00721 -0.01043 0.76006
-0.00136 -0.01047 0.74801
0.00942 -0.00221 0.74899
0.01773 -0.00665 0.74588
0.00977 -0.00898 0.75351
0.00190 -0.00899 0.75578
0.00958 -0.01094 0.76088
0.02161 -0.01253 0.75958
0.01363 -0.01290 0.76504
0.02210 -0.01082 0.77013
0.01130 -0.00238 0.77743
0.01905 -0.00626 0.78096
0.01826 -0.00491 0.78653
0.02406 -0.01110 0.79099
0.01366 -0.01505 0.79738
0.02344 -0.01502 0.80106
0.03194 -0.01200 0.80363
0.01809 -0.01606 0.80964
0.02104 -0.01166 0.81474
0.01137 -0.00646 0.82562
0.02100 0.00021 0.83167
0.01011 -0.00620 0.83859
0.00674 -0.00366 0.84147
-0.00212 -0.00374 0.84589
-0.00170 -0.00195 0.85598
0.00451 -0.00611 0.85613
-0.00632 -0.01709 0.85617
0.00419 -0.02403 0.85349
0.00474 -0.01705 0.85425
0.00042 -0.01193 0.85759
0.00038 0.00228 0.86753
0.00229 -0.00277 0.87180
0.00358 -0.00304 0.87215
0.01075 -0.00586 0.86604
0.00712 -0.00993 0.87006
0.01530 -0.00215 0.86967
0.01641 -0.01646 0.86833
0.01085 -0.01873 0.86048
0.00997 -0.01453 0.86119
0.00549 -0.01973 0.85843
-0.00062 -0.00015 0.85859
0.00295 -0.00862 0.85520
0.00358 -0.01586 0.84632
0.00173 -0.01357 0.83989
-0.00079 -0.01223 0.83596
-0.00542 -0.00605 0.83396
-0.00029 -0.00724 0.83193
0.00098 -0.00762 0.82364
-0.00051 -0.01617 0.81868
-0.00114 -0.01291 0.81383
0.00292 -0.01413 0.81056
0.02294 -0.00333 0.80476
0.01669 -0.01709 0.79688
0.02891 -0.01161 0.79161
0.01276 -0.01381 0.78648
0.01906 -0.00770 0.78529
0.01401 -0.00735 0.78106
0.02579 -0.01417 0.77826
0.00647 -0.01854 0.77080
0.01589 -0.02175 0.76537
0.02911 -0.00144 0.76646
0.01051 -0.00200 0.77089
0.00083 -0.00589 0.77565
-0.00168 -0.01092 0.76586
0.01087 -0.00808 0.75744
-0.00818 -0.01355 0.75482
0.00197 -0.00855 0.75197
0.01014 -0.01504 0.74944
0.00623 -0.01160 0.74528
0.00693 -0.00670 0.74401
0.01384 -0.00071 0.74587
0.01321 -0.00760 0.74782
0.00748 -0.00801 0.73989
0.01294 -0.00708 0.73808
0.01131 -0.01402 0.73079
0.00287 -0.00813 0.72919
-0.01308 -0.01467 0.72627
0.00089 -0.01364 0.72673
0.01264 -0.00963 0.72483
0.01448 -0.00853 0.72399
0.01988 -0.01104 0.72111
0.01685 -0.00467 0.72222
0.01692 -0.00478 0.71946
0.01039 -0.00772 0.71471
0.01674 0.00704 0.71559
0.01041 0.00248 0.71359
0.01040 0.00265 0.70936
0.00492 -0.00904 0.70441
-0.00618 -0.01924 0.69301
-0.00171 -0.01173 0.69023
0.00527 -0.00041 0.68803
-0.01487 0.00220 0.68835
-0.00494 -0.00824 0.68352
-0.02159 0.00011 0.67106
-0.01652 -0.00584 0.66458
-0.00901 -0.00327 0.66018
-0.00997 0.00233 0.65828
-0.01122 -0.00611 0.65422
-0.01162 -0.00633 0.64734
-0.03060 -0.00661 0.64042
0.00261 -0.00318 0.63761
0.01248 -0.00202 0.63475
-0.00024 -0.00461 0.63138
-0.01701 -0.00921 0.61984
-0.00301 -0.01503 0.61084
-0.00493 -0.01317 0.60531
-0.01070 -0.01198 0.60242
-0.01836 -0.00421 0.59443
-0.02020 -0.00363 0.59507
-0.01212 0.00079 0.59001
-0.00778 -0.00284 0.58823
-0.02150 -0.00308 0.58305
-0.01582 -0.00360 0.57844
0.00165 -0.00794 0.57766
-0.00786 -0.00455 0.57247
-0.03315 -0.00403 0.57040
-0.02870 -0.01015 0.56617
-0.01147 -0.00265 0.56111
0.00921 0.00373 0.56175
0.02215 0.00895 0.55817
-0.06063 0.00071 0.55726
0.00230 0.00684 0.55748
0.02851 0.00676 0.55718
0.02636 0.00389 0.54964
0.01595 -0.00182 0.54676
0.02369 -0.00684 0.54351
0.03146 0.00081 0.53799
0.01668 -0.00268 0.53399
0.02218 0.00294 0.52834
0.00255 -0.00645 0.52668
0.03565 0.00542 0.51994
0.02802 -0.00123 0.52176
0.01867 0.00830 0.51591
0.01539 0.00363 0.50498
0.01753 -0.00580 0.50530
0.01232 -0.00267 0.49930
0.01467 -0.00300 0.49499
0.01459 -0.00126 0.49260
0.01387 -0.00427 0.48809
0.00871 -0.00073 0.48863
0.00430 -0.00307 0.48640
0.00666 -0.00881 0.48379
0.01369 -0.00500 0.47880
0.01131 -0.00821 0.47638
0.01383 -0.00410 0.47899
0.00744 -0.00693 0.48745
0.01118 0.00009 0.49820
0.01256 -0.00350 0.50707
0.01759 -0.00389 0.51461
0.02267 -0.00890 0.52338
0.01625 -0.00579 0.53207
0.00807 -0.00623 0.53894
0.01143 -0.00421 0.54778
0.01442 -0.00585 0.55549
0.00656 -0.00205 0.55964
0.00331 -0.00390 0.56561
-0.00020 -0.00247 0.57116
0.00337 0.00192 0.57664
0.00008 0.00419 0.57534
0.00550 -0.00552 0.57721
0.00147 -0.00157 0.57512
0.00008 -0.01425 0.57208
0.00425 -0.00301 0.56915
-0.00732 -0.01316 0.56905
-0.01151 -0.00550 0.56492
-0.01703 -0.01955 0.56328
-0.01005 -0.00889 0.55949
-0.00922 -0.01859 0.54794
-0.02031 -0.01724 0.53931
-0.02030 -0.01689 0.52957
-0.02591 -0.01473 0.51536
-0.02216 -0.00621 0.50300
-0.01664 -0.00835 0.49127
-0.03536 -0.01213 0.47601
-0.01966 -0.00632 0.45741
-0.01445 -0.00911 0.43838
-0.02357 -0.01412 0.42317
-0.05279 -0.01342 0.41012
-0.01322 -0.01040 0.40729
-0.00594 -0.01173 0.40300
-0.06284 -0.00695 0.39005
-0.05691 -0.00245 0.39443
-0.06343 -0.00665 0.38931
-0.06824 -0.00060 0.38467
-0.05663 -0.00273 0.38604
-0.05898 -0.00058 0.37214
-0.00703 -0.00173 0.38397
-0.01924 -0.00225 0.38202
-0.03768 -0.00674 0.36645
-0.03793 -0.00736 0.37531
-0.04900 -0.01012 0.35949
-0.06177 -0.01042 0.37107
-0.07608 -0.01374 0.37474
-0.08186 -0.01208 0.36433
-0.09374 -0.01069 0.38933
-0.08099 -0.01655 0.37909
-0.09358 -0.01765 0.40604
-0.08432 -0.01403 0.39222
-0.07330 -0.01435 0.42899
-0.04993 -0.00594 0.44685
-0.07743 -0.00404 0.42832
-0.05224 0.00032 0.47766
-0.07625 0.00425 0.46515
-0.06152 0.00007 0.50733
-0.08799 0.00547 0.51622
-0.08867 0.00113 0.51095
-0.05585 -0.00046 0.55501
-0.05252 0.00379 0.55655
-0.06545 -0.00441 0.59057
-0.04783 -0.00254 0.60456
-0.04873 -0.00075 0.62040
-0.05323 -0.00452 0.64729
-0.05324 -0.00630 0.65638
-0.03276 -0.01032 0.68201
-0.01459 -0.00530 0.69349
-0.01464 -0.01166 0.71192
-0.01507 -0.01243 0.72818
-0.00757 -0.01730 0.74730
-0.01153 -0.02164 0.76190
-0.01351 -0.01671 0.77354
-0.01462 -0.01844 0.79198
-0.01399 -0.01507 0.80686
-0.02122 -0.01972 0.81668
-0.01896 -0.01875 0.82490
-0.01395 -0.02167 0.84074
-0.01842 -0.02473 0.85359
-0.01178 -0.03084 0.86764
-0.01510 -0.02358 0.87799
-0.01157 -0.01971 0.89359
-0.02063 -0.02223 0.90088
-0.01444 -0.01739 0.91095
-0.01864 -0.02031 0.91238
-0.00945 -0.02246 0.91212
-0.01805 -0.02134 0.91080
-0.00696 -0.01846 0.91301
-0.00713 -0.02095 0.91757
-0.00736 -0.02028 0.91718
-0.01129 -0.02097 0.91488
-0.01119 -0.02021 0.91562
-0.00680 -0.02267 0.91799
-0.00729 -0.01903 0.97237
-0.00421 -0.01662 0.86702
-0.00921 -0.01930 0.91918
-0.00392 -0.01761 0.91995
0.00581 -0.01864 0.92256
-0.00274 -0.01995 0.91995
-0.00272 -0.02842 0.91709
-0.00475 -0.02376 0.91654
-0.00121 -0.01782 0.91710
-0.01179 -0.02336 0.91596
-0.00998 -0.02486 0.91152
-0.01445 -0.02342 0.90665
-0.01324 -0.02482 0.90148
-0.01138 -0.02701 0.89082
-0.00979 -0.01900 0.88622
-0.01655 -0.01600 0.87704
-0.01424 -0.02001 0.86683
-0.01912 -0.03067 0.85380
-0.01265 -0.02879 0.83330
-0.01879 -0.02788 0.82959
-0.02008 -0.02239 0.78733
-0.01554 -0.02360 0.78622
-0.01182 -0.01693 0.76744
-0.01526 -0.01889 0.75051
-0.00943 -0.01612 0.73002
-0.00573 -0.01810 0.70600
-0.00681 -0.02233 0.68027
-0.00206 -0.02429 0.65327
-0.00520 -0.02498 0.62671
-0.00546 -0.01678 0.60142
-0.00784 -0.01830 0.57804
-0.00802 -0.01570 0.55182
-0.00406 -0.01403 0.53227
-0.00027 -0.01439 0.51268
-0.00363 -0.01003 0.49764
-0.00343 -0.00881 0.48452
0.00362 -0.01170 0.48138
-0.01258 -0.00417 0.46507
-0.01855 -0.00634 0.46867
-0.00937 -0.00418 0.46487
-0.00844 -0.00215 0.45637
-0.00778 -0.00623 0.45018
-0.01753 -0.01087 0.43477
-0.01811 0.01167 0.44013
-0.02962 -0.00241 0.43594
-0.01412 -0.00524 0.42268
0.00336 -0.00589 0.43038
-0.00187 -0.00652 0.41349
-0.02647 -0.01225 0.41999
-0.05439 -0.00767 0.41318
-0.06303 0.00132 0.39697
-0.06819 -0.00411 0.40852
-0.05917 -0.00196 0.39544
-0.06668 -0.00562 0.40026
-0.07273 -0.00663 0.39587
-0.07653 -0.00647 0.38587
-0.07438 -0.00777 0.38586
-0.07873 -0.00002 0.37929
-0.07369 0.00078 0.37751
-0.07200 -0.00258 0.37419
-0.06601 0.00237 0.37845
-0.06475 -0.00204 0.37103
-0.06618 -0.00255 0.38082
-0.08349 -0.00264 0.36130
-0.06968 -0.00329 0.36289
-0.07588 -0.01185 0.37469
-0.07601 -0.00905 0.35220
-0.10076 -0.00851 0.36712
-0.09002 -0.00312 0.35027
-0.07801 -0.00515 0.37795
-0.07148 -0.00600 0.36324
-0.05848 -0.00384 0.36990
-0.04666 -0.00261 0.38930
-0.02932 0.00035 0.38137
-0.02698 0.00581 0.39802
-0.03252 0.00329 0.40317
-0.02554 -0.00180 0.41858
-0.01783 -0.00478 0.42752
-0.00860 -0.00254 0.44351
-0.00842 -0.00356 0.45351
-0.00271 -0.00249 0.46743
0.00394 -0.00034 0.48401
0.00593 0.01035 0.50412
0.01096 0.00235 0.52943
0.00775 -0.00198 0.54957
-0.00576 0.00121 0.56807
0.01446 0.00639 0.58451
-0.00380 -0.00626 0.60248
-0.00528 0.00696 0.62188
0.00289 0.00211 0.64110
-0.00515 0.00289 0.65651
0.00228 0.00431 0.67917
0.02070 0.00799 0.69448
0.02533 0.00598 0.71253
0.01793 0.00091 0.73111
0.00610 -0.00370 0.74919
0.01141 -0.00192 0.76722
0.01224 -0.00843 0.78548
0.03773 0.00478 0.80034
0.01804 -0.00460 0.81669
-0.00802 -0.00575 0.83472
0.00966 -0.00178 0.85261
0.01346 0.00249 0.86390
0.01653 -0.01208 0.87294
0.02588 -0.00456 0.87556
0.02553 -0.01272 0.88076
0.01615 -0.01125 0.88089
0.02690 -0.00654 0.88167
-0.00852 -0.02740 0.88208
0.00496 -0.01273 0.88463
0.02100 -0.01447 0.89022
-0.01815 -0.03407 0.89010
-0.01338 -0.02656 0.89476
0.02696 -0.00714 0.89571
0.01068 -0.00988 0.89796
0.00303 -0.00788 0.90008
-0.01360 -0.03302 0.89764
-0.00113 -0.03137 0.89828
-0.00221 -0.02290 0.89956
-0.00487 -0.01731 0.89562
-0.00362 -0.01384 0.89349
0.00600 -0.00822 0.89740
0.00954 -0.01060 0.90262
0.00890 -0.01651 0.89788
0.01009 -0.01167 0.89697
0.00408 -0.01287 0.89794
0.00013 -0.01213 0.89840
0.02038 -0.00797 0.89808
0.01240 -0.01118 0.89510
0.00214 -0.01283 0.91726
-0.00050 -0.01588 0.86856
0.01172 -0.00788 0.88899
0.01557 -0.00453 0.88588
0.00214 -0.00855 0.88272
-0.01203 -0.00916 0.88453
0.00868 -0.00059 0.88076
0.00160 -0.00822 0.87974
0.00795 -0.01027 0.87920
0.00116 -0.01126 0.87385
0.00375 -0.01838 0.87943
-0.00576 -0.01664 0.87282
-0.00620 -0.01045 0.87597
-0.00302 -0.01316 0.87974
0.01508 -0.01473 0.88324
0.00943 -0.01200 0.88762
-0.01274 0.00208 0.89330
0.01868 -0.00881 0.89676
0.02073 -0.01184 0.89177
0.01420 -0.00914 0.90375
0.02301 -0.00784 0.90712
-0.00410 -0.03240 0.90803
-0.00385 -0.01771 0.91063
0.00984 -0.01239 0.91211
0.01546 -0.01538 0.92412
0.00367 -0.02057 0.92494
-0.00307 0.00665 0.92998
-0.00686 -0.03167 0.93245
0.02009 -0.01333 0.93671
-0.00263 -0.02144 0.95043
0.00886 -0.01486 0.93895
0.00332 -0.01928 0.95030
-0.00450 -0.02552 0.95560
-0.00313 -0.01131 0.95732
0.00906 -0.02691 0.96390
-0.00071 -0.02057 0.96369
-0.01545 -0.02066 0.96988
-0.00305 -0.00953 0.97489
0.01041 -0.01460 0.97885
0.00824 0.00008 0.98314
0.01264 -0.00951 1.00483
-0.00412 -0.01884 0.96917
0.01566 -0.00983 0.98110
0.01650 -0.00433 0.98129
0.01162 -0.00565 0.97849
0.00223 -0.00999 0.97699
-0.00409 -0.01464 0.97513
-0.00438 -0.01405 0.97308
-0.01311 -0.01467 0.97506
-0.01275 -0.01691 0.97508
-0.01983 -0.02119 0.97600
-0.00587 -0.02407 0.97500
-0.01465 -0.01429 0.97416
-0.00520 -0.02457 0.97620
-0.00767 -0.00346 0.97386
0.00586 -0.01412 0.97388
-0.00328 -0.00278 0.97627
0.00466 -0.01644 0.97406
0.00742 -0.00225 0.97609
-0.00340 -0.01764 0.97321
0.00951 -0.00729 0.97381
0.01170 -0.01286 0.97789
-0.00681 -0.01558 0.97331
0.00625 -0.02626 0.97569
0.00629 -0.03114 0.97059
0.00820 -0.01585 0.97253
0.00456 -0.01417 0.97193
0.00200 -0.02332 0.97204
-0.00037 -0.02882 0.96749
0.01742 -0.02151 0.96658
0.00735 -0.01513 0.96771
0.00996 -0.00883 0.96774
-0.00137 -0.01194 0.97606
0.00374 -0.01429 0.97032
0.00236 -0.01261 0.97121
0.00270 -0.01168 0.96967
0.00649 -0.01895 0.96850
0.01116 -0.01328 0.97371
-0.00136 -0.02269 0.97186
0.00993 -0.01739 0.98628
0.00444 -0.02253 0.94969
0.00877 -0.02135 0.96894
-0.00765 -0.01072 0.97587
0.00297 -0.00572 0.97644
-0.01299 -0.01966 0.98260
-0.01376 -0.01086 0.97317
-0.02483 -0.02241 0.97430
-0.02166 -0.01547 0.98002
-0.00736 -0.01254 0.98401
-0.02345 -0.01085 0.98466
0.00328 -0.02857 0.98113
0.00125 -0.02352 0.97937
-0.00315 -0.02373 0.97832
0.00900 -0.01211 0.98088
0.01229 -0.01196 0.99004
0.00086 -0.01863 0.99130
0.00305 -0.01919 0.99262
-0.01020 -0.02136 0.98878
-0.01039 -0.01091 0.98958
0.00637 -0.02415 0.99338
0.00534 -0.01556 0.99332
-0.00107 -0.02821 0.99455
0.00864 -0.02637 0.99315
0.00664 -0.03783 0.99432
0.00024 -0.01977 0.99775
-0.01445 -0.02689 0.99920
-0.00522 -0.02649 1.00107
-0.00631 -0.01987 1.00550
0.00314 -0.02155 1.00508
0.01028 -0.02385 1.00470
0.00156 -0.02369 1.00302
0.00731 -0.02455 1.00555
0.00316 -0.01876 1.00444
-0.00107 -0.02261 1.00540
0.00520 -0.02104 1.00371
-0.00538 -0.02203 1.00303
0.01118 -0.02597 1.00093
0.00277 -0.02440 0.99601
0.00038 -0.02847 0.99619
0.01202 -0.01828 0.99104
0.00367 -0.02346 0.99245
0.00799 -0.02773 0.98638
-0.00376 -0.01904 0.97829
-0.00618 -0.02595 0.97821
0.00934 -0.01332 0.97659
-0.01794 -0.01999 0.98056
0.01597 -0.00994 0.97345
-0.02147 -0.03024 0.96703
0.01891 -0.01596 0.96375
0.00350 -0.01441 0.96003
-0.02112 -0.02405 0.95990
-0.01876 -0.02505 0.95868
0.00856 -0.01495 0.95584
0.00521 -0.01254 0.95052
0.00164 -0.01751 0.93702
0.00416 -0.00902 0.93759
0.01015 -0.00869 0.92639
0.00696 -0.01358 0.91930
0.00089 -0.01617 0.90604
-0.00432 -0.01163 0.90207
-0.00711 -0.01894 0.90378
0.00384 -0.01053 0.87854
-0.01872 -0.02630 0.87893
0.00675 -0.00932 0.87217
0.00487 -0.01050 0.86225
-0.02054 -0.01908 0.84949
-0.03023 -0.01423 0.83910
-0.01205 -0.01862 0.82274
0.01097 -0.01582 0.80781
0.02235 -0.00960 0.78997
0.00511 -0.01616 0.77749
0.01676 -0.01707 0.76421
0.02037 -0.01176 0.75523
0.01284 -0.01679 0.74743
0.01521 -0.00827 0.73919
0.04026 -0.01569 0.73346
0.02135 -0.01019 0.72567
0.00502 -0.00608 0.72123
0.00867 -0.01066 0.71572
-0.01405 -0.01872 0.70870
-0.00277 -0.01353 0.70872
-0.00037 -0.01913 0.67771
-0.02171 -0.02170 0.67875
0.00755 -0.00502 0.67134
-0.00444 -0.01662 0.66109
0.00468 -0.01117 0.65003
0.00205 -0.01192 0.63610
0.00131 -0.01476 0.62233
0.00046 -0.01070 0.60660
0.01559 -0.00700 0.59102
0.01278 -0.00832 0.57179
0.00795 -0.00719 0.55591
0.01212 -0.01025 0.53963
0.00279 -0.01138 0.52637
0.01665 -0.01363 0.50894
0.01522 -0.00853 0.49568
0.01397 -0.01638 0.48388
0.00574 -0.01497 0.47158
0.01695 -0.01620 0.45844
-0.00386 -0.01053 0.44760
-0.02161 -0.00938 0.43447
-0.02501 -0.01016 0.42020
-0.00555 -0.00687 0.40933
-0.02677 -0.00834 0.39947
-0.00696 -0.00484 0.38880
-0.00700 -0.00489 0.37748
0.00903 -0.00581 0.36224
-0.00147 -0.02050 0.34995
0.00686 -0.02116 0.34128
0.00194 -0.02180 0.34131
0.01727 -0.00006 0.33895
-0.00935 0.00166 0.35557
0.03188 0.00154 0.32878
0.01422 -0.00219 0.34128
-0.00509 -0.00757 0.33346
0.02196 -0.00978 0.33216
0.02978 -0.00826 0.32940
0.00541 -0.00846 0.31688
0.02457 -0.00861 0.32718
0.02953 -0.00703 0.31710
0.02525 -0.00424 0.34043
0.04587 -0.00115 0.33721
0.04778 -0.00398 0.36481
0.05639 -0.00428 0.37426
0.05144 -0.00361 0.36782
0.05599 0.00034 0.38957
0.04210 -0.00469 0.38693
0.05314 -0.00119 0.41201
0.06639 -0.00015 0.40575
0.05237 -0.00046 0.43457
0.03369 0.00026 0.44365
0.04930 -0.00239 0.46980
0.04454 -0.00334 0.49360
0.03038 -0.00602 0.51005
0.05841 -0.00537 0.51979
0.08665 -0.01861 0.51903
0.06946 -0.01924 0.55753
0.06776 -0.01018 0.57027
0.04688 -0.00815 0.58112
0.03995 -0.01264 0.60916
0.03353 -0.01175 0.61659
0.01560 -0.01122 0.64090
0.01701 -0.00631 0.65345
0.01300 -0.00424 0.66821
0.01089 -0.00616 0.68739
0.01689 -0.00785 0.70250
0.01062 -0.00794 0.71765
0.00838 -0.00514 0.72832
0.01225 -0.01074 0.74384
0.00091 -0.00676 0.76112
-0.00052 -0.00863 0.77509
-0.00110 -0.01151 0.78639
-0.01468 -0.00700 0.79076
-0.01007 -0.00866 0.79860
-0.01222 -0.00097 0.80359
-0.00587 -0.00028 0.81069
-0.01038 -0.00370 0.81228
-0.01605 -0.01310 0.81089
-0.00607 -0.01321 0.81069
-0.01494 -0.02210 0.81099
-0.00955 -0.01616 0.81792
-0.00876 -0.01527 0.82369
-0.00710 -0.01535 0.82853
-0.01174 -0.01925 0.82626
-0.02445 -0.01319 0.82545
-0.02233 -0.01913 0.82483
-0.01992 -0.00728 0.82261
-0.01328 -0.00324 0.82354
-0.02009 -0.01236 0.81948
-0.02133 -0.01615 0.81513
-0.01421 -0.01306 0.81323
-0.01489 -0.01915 0.81172
0.00117 -0.01878 0.80701
-0.00675 -0.02758 0.80129
-0.00813 -0.01679 0.79380
-0.00690 -0.02156 0.79071
-0.00372 -0.00197 0.78276
-0.00314 -0.01188 0.77340
-0.00720 -0.01081 0.75838
-0.00754 -0.01066 0.74267
-0.00650 -0.01487 0.72289
-0.01102 -0.01863 0.70565
-0.01538 -0.01287 0.68865
-0.00340 -0.01328 0.66937
-0.00722 -0.00842 0.65420
-0.00782 -0.02111 0.63489
-0.00698 -0.01386 0.60931
-0.01098 -0.02086 0.58927
-0.00044 -0.01561 0.56701
-0.01178 -0.02206 0.54846
-0.00139 -0.01806 0.52745
0.00696 -0.00991 0.50695
0.01393 -0.01843 0.48464
0.00571 -0.01094 0.46419
0.02019 -0.00731 0.45032
0.01419 -0.01339 0.44285
0.01365 -0.00892 0.43890
0.01363 -0.01233 0.43955
0.01103 -0.01049 0.43260
0.02588 -0.01249 0.43379
0.05492 -0.01826 0.41742
0.03921 -0.01746 0.41782
0.03784 -0.01877 0.41855
0.02846 -0.00906 0.40414
0.03095 -0.01358 0.41446
0.02679 -0.00881 0.39714
0.03619 0.00545 0.40720
0.02568 0.00514 0.38620
0.03332 -0.00577 0.40283
0.03414 -0.00833 0.38426
0.04096 -0.00998 0.38516
0.04772 -0.01147 0.36380
0.04998 -0.00837 0.37889
0.05101 -0.00225 0.38381
0.05654 -0.00502 0.37077
0.06422 -0.00732 0.39240
0.06029 0.00511 0.37305
0.04056 0.00758 0.39915
0.01415 -0.00100 0.38841
0.03417 0.00230 0.40999
0.05887 0.00402 0.41093
0.07135 0.01201 0.39412
0.07429 0.01477 0.41891
0.03655 0.01624 0.41944
0.03055 0.01480 0.44810
0.02804 0.00804 0.46729
0.05806 0.00249 0.45912
0.05022 -0.00170 0.48392
0.06427 -0.00882 0.48692
0.05401 -0.01345 0.50515
0.02313 0.00472 0.52194
0.05803 0.00433 0.53903
0.02659 -0.00853 0.56320
0.03652 -0.00149 0.57140
0.04148 -0.00704 0.58694
0.02705 -0.00695 0.59926
0.02957 0.00188 0.61375
0.02851 -0.00655 0.63586
0.01543 0.00185 0.65025
0.01931 -0.00411 0.67130
-0.00378 -0.00223 0.68496
0.01541 -0.00837 0.69851
0.00327 -0.00475 0.71164
0.02303 -0.00614 0.72522
0.01606 -0.00106 0.74485
-0.00119 -0.00888 0.76492
0.00183 -0.00956 0.77961
-0.00063 -0.01061 0.79216
-0.00053 -0.00800 0.79761
0.01333 -0.00529 0.80810
-0.00414 -0.01139 0.81247
-0.01160 -0.01308 0.80395
-0.02767 -0.01077 0.80369
-0.01423 -0.00864 0.80575
-0.01687 0.00115 0.80885
-0.00826 -0.01095 0.80848
0.00182 -0.01534 0.81312
-0.00055 -0.02110 0.81155
0.00439 -0.00592 0.81683
-0.00722 -0.00161 0.83382
-0.01628 -0.01206 0.81164
-0.00298 -0.00726 0.82302
-0.00489 -0.01155 0.82022
-0.00412 -0.00117 0.82243
0.00639 -0.00409 0.82493
0.00506 -0.00600 0.82676
0.00227 -0.01150 0.82723
0.01452 -0.00744 0.82808
0.00520 -0.01284 0.82556
0.00615 -0.00626 0.82692
0.00852 -0.00052 0.82449
0.00647 -0.01015 0.82372
0.00849 -0.00703 0.82202
0.01017 -0.01921 0.81890
0.01340 -0.00376 0.81604
0.00211 -0.00100 0.81525
-0.00610 -0.00171 0.81543
0.00041 -0.00564 0.81120
0.00021 -0.01538 0.80598
0.01110 -0.01715 0.79864
-0.00473 -0.00911 0.79599
-0.00570 -0.01055 0.79224
0.00680 -0.01377 0.79176
0.01051 -0.01458 0.78988
0.00995 -0.01841 0.78516
0.00563 -0.01234 0.78687
0.01377 -0.01290 0.78449
0.00756 -0.01554 0.78226
0.00199 -0.01504 0.76904
0.00726 -0.01728 0.76900
0.00352 -0.01248 0.76765
-0.00702 -0.01079 0.76515
-0.00893 -0.01499 0.76471
0.00141 -0.01447 0.76195
-0.00255 -0.01191 0.76116
-0.00812 -0.01815 0.75802
0.00380 -0.02275 0.75403
0.00924 -0.02603 0.74711
-0.00196 -0.02013 0.74589
0.01772 -0.00718 0.74597
0.01490 -0.01086 0.75510
0.02372 -0.02792 0.73014
0.00265 -0.02605 0.72772
0.00193 -0.00220 0.71577
0.01646 0.00540 0.72319
0.02058 0.00229 0.72869
0.00054 0.00052 0.72721
0.00383 -0.00521 0.72049
0.00125 -0.00582 0.71427
0.00805 -0.00415 0.71056
-0.00989 -0.00675 0.70692
0.00377 -0.01037 0.70425
0.01638 -0.01319 0.69777
0.04219 -0.00810 0.69325
0.00672 -0.00790 0.69359
0.00443 -0.00862 0.68744
0.01990 -0.00430 0.68201
0.00181 -0.00720 0.67804
0.01700 -0.00568 0.67416
-0.01347 -0.00612 0.66877
-0.00858 -0.00178 0.65853
-0.00457 -0.00431 0.65301
-0.00240 -0.00470 0.65013
-0.01161 0.00195 0.64901
0.00591 0.00146 0.64639
-0.01257 0.00171 0.64398
-0.01111 0.00049 0.64276
-0.00436 -0.01268 0.63574
0.02141 -0.00118 0.63488
0.02360 -0.00626 0.62906
0.01977 -0.00632 0.62724
0.01993 -0.00181 0.62525
0.03047 -0.00585 0.62117
0.03376 -0.01441 0.62277
0.01966 -0.01150 0.62716
0.00637 -0.00862 0.63464
0.00159 -0.00468 0.64434
0.00099 -0.00107 0.65404
0.01448 -0.00403 0.66579
0.00728 -0.00738 0.67064
0.01106 -0.00212 0.68065
0.00399 -0.00320 0.69170
0.00977 0.00273 0.70477
0.00692 -0.00702 0.71672
0.01825 -0.00923 0.72409
0.01214 -0.01325 0.73165
0.01216 -0.01113 0.74566
0.02159 -0.00116 0.76397
0.02849 0.00049 0.77838
0.01764 0.01151 0.79418
0.01753 0.00061 0.80979
0.00990 -0.00190 0.82181
0.00402 -0.00415 0.83850
0.00963 -0.00633 0.84927
-0.00031 -0.01945 0.87107
0.00459 -0.00621 0.86316
0.00461 -0.00745 0.88591
-0.00385 -0.01096 0.90619
-0.00446 -0.01025 0.91630
-0.00298 -0.00918 0.92848
-0.00517 -0.00719 0.94055
-0.00960 -0.01202 0.95133
-0.02330 -0.01321 0.96139
-0.02330 -0.00493 0.96865
-0.00495 -0.00972 0.97819
-0.01026 -0.00707 0.99186
-0.01540 -0.01414 0.99601
-0.00175 -0.01301 0.99371
0.00201 -0.01285 0.99358
0.01552 -0.00634 0.99778
0.01643 -0.00015 1.00826
0.00738 -0.00112 1.00993
0.00432 -0.01394 1.01262
-0.00023 -0.00851 1.00924
0.00846 -0.03056 1.00750
0.01851 -0.02013 1.00242
-0.00285 -0.02842 1.01048
0.01386 -0.02091 1.00203
0.00491 -0.01585 0.99133
-0.00472 -0.01442 1.00399
0.01404 -0.02350 0.99742
0.00168 -0.01868 0.99674
-0.01356 -0.01494 0.99434
-0.00194 -0.00822 0.99456
0.00385 -0.01191 0.99416
0.01108 -0.01102 0.98933
0.00712 -0.01448 0.98178
0.00122 -0.01203 0.97949
-0.00744 -0.00804 0.97656
0.00292 -0.00815 0.97741
-0.00704 -0.01161 0.97614
-0.00075 -0.02201 0.96095
0.01293 -0.00667 0.96021
0.01972 -0.02598 0.95488
0.01401 0.00084 0.95042
0.01214 -0.00893 0.95094
0.00598 0.00115 0.95053
0.00696 -0.00590 0.94608
0.01609 -0.00614 0.94357
0.01615 -0.01022 0.93046
0.00598 -0.00895 0.93548
0.01092 -0.01440 0.93366
0.01259 -0.01502 0.92964
0.00010 -0.01086 0.92777
0.02307 -0.02496 0.92430
0.01487 -0.01614 0.92572
0.01978 -0.00831 0.92818
0.01755 -0.01166 0.92825
0.01625 -0.00972 0.92816
0.01471 -0.00979 0.92762
0.02179 -0.00840 0.93149
0.01602 -0.00753 0.93227
0.01161 -0.01097 0.93005
0.00641 -0.01551 0.92925
0.01159 -0.00955 0.93502
0.00974 -0.01478 0.94612
0.00941 -0.01892 0.92297
0.00438 -0.01594 0.93665
0.01095 -0.00740 0.94080
0.00624 -0.01774 0.94381
0.01485 -0.00950 0.94242
0.01781 -0.00345 0.94174
0.01023 -0.00903 0.94820
0.00479 -0.01355 0.94696
0.01362 -0.01344 0.94845
-0.00390 -0.01608 0.94558
0.00041 -0.01444 0.94861
-0.01444 -0.01736 0.94601
0.00830 0.00095 0.94734
-0.00804 0.00092 0.95465
-0.01017 0.00175 0.95178
-0.00527 -0.01264 0.94524
-0.00214 -0.02289 0.94217
-0.00478 -0.02211 0.93660
-0.01782 -0.01061 0.93806
-0.00986 -0.00735 0.93767
-0.03296 -0.00727 0.93687
-0.01847 -0.01028 0.93887
-0.00818 -0.00647 0.92910
0.00740 -0.00730 0.92625
-0.00023 -0.00822 0.91761
-0.00286 -0.01185 0.90725
0.00379 -0.00752 0.89346
0.00302 -0.00196 0.88546
0.00414 -0.00966 0.87091
-0.00396 0.00004 0.84987
-0.00383 -0.01126 0.83086
0.01223 -0.00910 0.82011
0.00423 -0.00845 0.81742
-0.00695 -0.01461 0.81708
0.02337 -0.00233 0.81600
0.02139 -0.00410 0.81676
0.01761 -0.00315 0.81329
0.01776 -0.00418 0.81327
0.01495 -0.01328 0.81178
0.02672 -0.01759 0.80678
0.02294 -0.01288 0.80085
0.01627 -0.01593 0.79225
-0.00239 -0.01593 0.79358
0.01693 -0.00982 0.79371
0.00091 -0.00209 0.79325
-0.01363 -0.00801 0.78639
-0.00375 -0.00733 0.78773
0.00168 -0.00920 0.78810
-0.01154 -0.01626 0.77198
0.00993 -0.01191 0.77080
0.00439 -0.00841 0.77072
-0.02676 -0.00365 0.76931
0.00127 -0.00318 0.77272
-0.00301 -0.01035 0.77221
-0.03106 -0.01137 0.76229
-0.01210 -0.00925 0.75354
-0.01255 -0.01264 0.74451
-0.01321 -0.00805 0.73000
-0.00343 -0.00758 0.71411
-0.01775 -0.00184 0.69698
-0.01228 -0.00479 0.67669
-0.00375 -0.01105 0.65533
-0.01168 -0.01188 0.62670
-0.01980 -0.01961 0.60015
-0.00420 -0.00965 0.57257
0.00871 -0.01526 0.54842
0.00285 -0.01131 0.52284
-0.00805 -0.00345 0.50039
-0.00546 -0.01390 0.48052
0.00144 -0.01001 0.46701
0.00203 -0.00644 0.46549
-0.00099 -0.00606 0.45513
-0.00109 -0.00170 0.45220
0.01863 -0.00959 0.44494
0.00578 -0.00370 0.45290
0.02516 -0.01119 0.41007
0.00219 -0.00163 0.40787
0.00289 -0.00159 0.38833
0.00783 -0.00136 0.36499
-0.00045 -0.00193 0.34060
0.00899 -0.00350 0.31831
0.00431 -0.00893 0.31788
0.01179 -0.00474 0.31566
0.02594 -0.00415 0.31459
0.00859 -0.00438 0.31097
0.01572 -0.00381 0.30829
0.01772 -0.00750 0.30310
0.02200 -0.00505 0.30274
0.02305 -0.00350 0.29515
0.01561 -0.00754 0.29363
0.01212 -0.00690 0.29532
-0.00223 -0.00293 0.29953
0.01592 -0.00683 0.30492
-0.02336 -0.00208 0.30542
-0.01446 -0.00148 0.31345
0.00835 -0.00430 0.31895
0.00408 -0.00723 0.32350
0.01032 -0.00580 0.32873
0.03542 -0.01049 0.33335
0.02478 -0.00788 0.34610
0.03101 -0.00581 0.35260
0.01957 -0.00850 0.36751
0.01179 -0.00224 0.37730
0.01070 -0.00088 0.39121
0.02950 -0.00422 0.40456
0.02248 -0.00941 0.41172
0.02430 -0.00580 0.42788
0.03669 -0.01105 0.43546
0.01437 -0.00796 0.45036
0.02731 -0.01301 0.46259
0.03551 -0.01019 0.46767
0.01666 -0.00928 0.48492
0.01191 -0.01246 0.49643
0.03783 -0.01220 0.50393
0.01594 -0.01364 0.51894
0.02382 -0.00504 0.51917
0.03365 -0.00465 0.53716
0.02810 -0.00926 0.54318
0.01237 -0.00246 0.55422
0.02201 -0.00312 0.57007
0.00385 -0.00172 0.57489
0.01602 0.00288 0.59105
-0.01400 -0.00021 0.59652
0.03184 -0.00684 0.61736
0.02288 -0.00487 0.61836
-0.00526 -0.01195 0.62947
0.00358 -0.01711 0.64498
-0.00377 -0.01649 0.64004
0.02482 -0.00469 0.65979
0.01982 -0.00865 0.65442
0.05212 -0.00663 0.65484
0.03855 -0.01061 0.67685
0.03683 0.00200 0.67063
0.07772 0.01360 0.69050
0.10309 0.01408 0.68998
0.04941 -0.01493 0.71494
0.06484 -0.01262 0.71398
0.03892 -0.01962 0.72330
0.03469 -0.00301 0.73653
0.02520 -0.00500 0.74157
0.01604 -0.01336 0.75612
0.03493 -0.00696 0.75704
0.02403 -0.00327 0.77090
0.01826 -0.00709 0.77913
0.01039 -0.01150 0.78542
0.01737 -0.01886 0.78885
0.02209 -0.03080 0.79159
0.01756 -0.01560 0.79909
0.01446 -0.01137 0.81133
0.01235 -0.00927 0.82138
0.01356 -0.02042 0.83301
0.00559 -0.01210 0.83200
0.00197 -0.02222 0.83654
-0.00747 -0.01794 0.84074
-0.00350 -0.02705 0.84397
-0.00599 -0.01338 0.85196
-0.00583 -0.01749 0.86735
-0.01432 -0.00782 0.83151
-0.00525 -0.01246 0.85443
-0.00610 -0.01193 0.85472
-0.01579 -0.01031 0.85022
-0.01156 -0.01886 0.85872
-0.02041 -0.02383 0.83656
-0.01418 -0.02035 0.84280
-0.01685 -0.02025 0.83692
-0.02112 -0.01552 0.83213
-0.02338 -0.01379 0.82840
-0.01891 -0.01109 0.81795
-0.00502 -0.02420 0.80249
-0.00936 -0.02193 0.78792
-0.00868 -0.02374 0.77034
-0.00987 -0.02032 0.75292
-0.00425 -0.02343 0.74070
-0.00996 -0.01805 0.69989
-0.00338 -0.02183 0.69284
-0.00283 -0.01582 0.68656
0.00341 -0.01538 0.66736
0.01012 -0.02209 0.63311
0.00536 -0.01959 0.63263
0.01037 -0.01977 0.62125
0.00396 -0.01948 0.58476
-0.00532 -0.01988 0.59193
0.00757 -0.02096 0.57123
-0.00080 -0.01880 0.56960
0.01748 -0.02128 0.56673
0.00278 -0.01913 0.55249
-0.00358 -0.01622 0.54931
-0.01043 -0.01474 0.53002
-0.02054 -0.01422 0.51523
0.00537 -0.00507 0.51830
-0.00202 -0.00152 0.49617
-0.01406 -0.00174 0.50956
0.00330 0.00549 0.48208
-0.00327 0.00883 0.50265
-0.00441 0.00611 0.46949
0.02835 0.00412 0.49709
0.02611 -0.00369 0.46059
0.05027 -0.00519 0.49161
0.05166 -0.01115 0.44982
0.05688 -0.01328 0.44506
0.04973 -0.00804 0.47827
0.05443 -0.00694 0.44329
0.07162 -0.00067 0.47680
0.05942 -0.00058 0.45078
0.10267 0.00197 0.48084
0.08383 0.00165 0.45770
0.09383 -0.00068 0.48834
0.09022 -0.00092 0.47299
0.06662 0.00235 0.49047
0.06100 -0.00075 0.51871
0.07628 -0.00312 0.51481
0.06730 -0.00259 0.54477
0.06828 -0.01385 0.53213
0.04144 -0.01133 0.56772
0.03820 -0.00817 0.55084
0.02483 0.00177 0.58087
0.02067 0.01286 0.59724
0.01974 0.00503 0.62076
0.03312 -0.00311 0.61885
0.01300 -0.00802 0.64472
0.01059 -0.00441 0.65708
0.00842 -0.01275 0.66867
0.02065 0.00261 0.68437
0.02086 0.00180 0.69607
-0.00111 -0.00490 0.71184
0.01189 0.00592 0.72570
-0.02800 -0.01368 0.73928
0.02971 0.00947 0.75362
-0.01513 -0.01183 0.76390
0.02394 0.00197 0.78017
0.01063 0.01249 0.79076
-0.02402 -0.01397 0.80336
-0.01641 -0.01732 0.81650
-0.01137 -0.02001 0.82888
-0.01886 -0.01231 0.84076
0.01237 0.00151 0.85331
0.00202 -0.00907 0.86750
0.01259 -0.00868 0.87563
0.00913 -0.00986 0.89095
0.01424 -0.00978 0.90011
0.02404 -0.00790 0.90904
0.01249 -0.00887 0.91828
-0.02119 -0.02011 0.92507
-0.01173 -0.02225 0.93362
0.00551 -0.00404 0.93983
-0.02728 -0.03174 0.94425
0.01661 -0.00735 0.94845
-0.00526 -0.00480 0.95093
-0.01348 -0.03488 0.95375
0.00523 0.00204 0.95276
-0.00412 -0.03126 0.95134
-0.00918 -0.02093 0.95157
-0.00301 -0.01751 0.94685
-0.00312 -0.01934 0.95451
0.02628 -0.00669 0.95156
0.01704 -0.01674 0.95191
0.00884 -0.01179 0.94672
0.01011 -0.01362 0.94207
0.00199 -0.01630 0.94032
0.01886 -0.00659 0.93940
0.00490 -0.00956 0.93888
-0.00032 -0.01339 0.93481
0.00170 -0.01895 0.93364
0.00944 -0.00961 0.93140
0.00905 -0.00847 0.92892
-0.00319 -0.00972 0.92871
-0.01039 -0.00990 0.92482
0.00682 -0.00176 0.92866
0.00313 -0.00783 0.92820
-0.00195 -0.01067 0.92857
0.00747 -0.01016 0.93174
0.00386 -0.01602 0.92856
0.00555 -0.01387 0.93096
-0.00938 -0.01682 0.93002
0.00913 -0.01376 0.93407
0.01678 -0.01639 0.93712
-0.00423 -0.02459 0.93867
-0.00993 -0.00576 0.94399
0.02950 -0.00931 0.94370
0.01237 -0.01142 0.94805
0.02042 -0.00434 0.95391
-0.00454 -0.00174 0.95554
-0.00489 -0.01418 0.95542
0.00190 -0.02060 0.95701
0.01218 -0.02525 0.96649
-0.00209 -0.01673 0.97168
-0.00128 0.00443 0.97867
0.00073 -0.00022 0.98244
0.01347 -0.01653 0.99055
-0.00351 -0.03043 0.99475
0.01032 -0.01847 1.00031
-0.00048 -0.02048 1.01733
-0.00569 -0.01584 1.00840
0.00028 -0.01793 1.02290
-0.00804 -0.03384 1.01894
-0.00552 -0.01802 1.02447
-0.01234 -0.01205 1.03545
0.00281 -0.01407 1.04299
0.01367 -0.00351 1.04940
0.01548 0.00002 1.05666
-0.00767 -0.02123 1.05655
-0.01313 -0.02489 1.06707
0.01231 -0.01100 1.06470
0.00492 0.00134 1.06771
0.00903 -0.01348 1.06903
-0.00996 -0.00794 1.06809
-0.00203 -0.02255 1.06812
-0.00499 -0.01450 1.07133
-0.01372 -0.02119 1.06834
-0.00861 -0.02026 1.06930
0.00176 -0.02363 1.07010
-0.00414 -0.01810 1.06867
0.00123 -0.00802 1.06758
-0.00772 -0.01742 1.06971
0.00508 -0.00158 1.06761
0.00125 -0.01049 1.07010
0.01074 -0.01021 1.06629
0.00560 -0.01004 1.06758
0.00655 -0.01126 1.06936
0.00547 -0.01387 1.06655
0.00568 -0.02444 1.06963
0.00899 -0.03265 1.06750
0.01269 -0.02507 1.06492
0.00476 -0.01337 1.06838
0.00951 -0.02725 1.06520
0.01290 -0.03547 1.06460
0.01998 -0.01713 1.06463
0.00133 -0.00643 1.06765
0.00255 -0.01538 1.07503
0.00144 -0.01151 1.07778
0.00582 -0.01564 1.07566
-0.00637 -0.01214 1.08001
0.01264 -0.02179 1.08007
0.00916 -0.01415 1.07988
0.00647 -0.02050 1.08427
0.00214 -0.02231 1.08251
-0.00597 -0.02595 1.08134
0.00793 -0.02331 1.08644
0.00061 -0.00680 1.08890
-0.01535 -0.02322 1.09717
-0.00765 -0.01885 1.09729
-0.01950 -0.02564 1.09848
-0.03564 -0.01572 1.09851
-0.01555 -0.00745 1.11301
-0.00643 -0.01746 1.11236
0.00114 -0.02902 1.11191
-0.01657 -0.02109 1.10688
-0.00121 -0.01443 1.11468
-0.00168 -0.01239 1.12429
0.00649 -0.02134 1.13784
-0.00803 -0.02248 1.13416
-0.01927 -0.01307 1.13749
0.00816 -0.03738 1.14259
0.00352 -0.02223 1.14562
0.00604 -0.02985 1.15005
0.02251 -0.03265 1.15238
0.02124 -0.02625 1.15894
0.00141 -0.03044 1.15924
-0.01412 -0.02986 1.16636
-0.00286 -0.01841 1.17146
-0.00091 -0.02504 1.17248
-0.01040 -0.02245 1.16973
0.00371 -0.02660 1.16477
0.00527 -0.02341 1.16615
0.01106 -0.02517 1.16289
0.00275 -0.02554 1.16014
0.00367 -0.02939 1.15967
0.00863 -0.03494 1.15629
0.01380 -0.02993 1.15472
-0.00057 -0.02835 1.14962
-0.00142 -0.02943 1.15104
-0.01213 -0.02681 1.14519
0.01073 -0.02909 1.13585
0.00599 -0.02907 1.13772
-0.00013 -0.02465 1.13451
0.01737 -0.03033 1.13441
0.02184 -0.00813 1.12751
0.00611 -0.01856 1.12407
0.01543 -0.02036 1.10807
-0.00177 -0.00425 1.10782
-0.00911 -0.01884 1.09818
0.00655 -0.01341 1.08101
-0.01528 -0.03599 1.07161
-0.00122 -0.02145 1.05819
0.02523 -0.01164 1.04222
0.00892 -0.01929 1.03249
-0.00393 -0.01736 1.00303
0.00358 -0.01369 0.99648
0.00126 -0.01878 0.97796
0.00197 -0.01119 0.96233
-0.01981 -0.03584 0.94933
0.01324 -0.00885 0.92828
0.01033 -0.01487 0.91456
-0.02220 -0.01700 0.89794
0.03124 -0.00418 0.87855
0.01545 -0.01870 0.86401
0.02409 -0.01328 0.84398
0.01192 -0.01855 0.83602
0.02189 -0.02081 0.81860
0.01708 -0.01279 0.80935
0.03121 -0.01256 0.77274
0.05229 -0.01297 0.70995
0.09961 -0.02432 0.70533
0.05799 -0.01691 0.71030
0.08067 -0.01634 0.70800
0.05905 -0.00343 0.70917
0.05784 -0.00840 0.70921
0.03657 -0.01235 0.71111
0.03154 -0.02074 0.71050
0.01268 -0.01955 0.71064
0.01476 -0.00877 0.71011
-0.02209 -0.01591 0.71054
-0.08564 -0.00617 0.70495
-0.09697 -0.00985 0.70344
-0.13458 -0.03175 0.69635
-0.23117 -0.02339 0.69829
-0.03884 -0.01708 0.61115
-0.03699 -0.01215 0.59313
-0.04431 -0.01038 0.57493
-0.03642 -0.01586 0.55488
-0.02069 -0.01369 0.53242
-0.02827 -0.01278 0.51379
-0.03486 -0.01372 0.48690
-0.03828 -0.01407 0.46252
-0.02134 -0.01824 0.43551
-0.02874 -0.01421 0.40974
-0.03396 -0.00857 0.38424
-0.02942 -0.01240 0.35741
-0.02521 -0.01167 0.33184
-0.03389 -0.00926 0.30760
-0.02923 -0.00629 0.28716
-0.02395 -0.00964 0.26565
-0.02382 -0.00742 0.24508
-0.01992 -0.00821 0.23118
-0.01664 -0.00721 0.22053
-0.00905 -0.00777 0.21439
-0.01679 -0.00636 0.20735
-0.01867 -0.00449 0.20183
-0.01460 -0.00710 0.19762
-0.01373 -0.00970 0.19646
-0.01472 -0.00498 0.19784
-0.01421 -0.00279 0.19864
-0.01251 -0.00373 0.19863
-0.01151 -0.00349 0.19717
-0.00928 -0.00186 0.19719
-0.01453 -0.00148 0.19800
-0.01354 -0.00088 0.19745
-0.01368 -0.00088 0.19712
-0.01410 -0.00363 0.20038
-0.02170 -0.01000 0.21114
-0.01173 -0.00655 0.22862
-0.01691 -0.00538 0.25008
-0.01150 -0.00264 0.27068
-0.01588 -0.00096 0.28905
-0.00583 -0.00103 0.30463
-0.00875 -0.00502 0.32390
-0.00787 -0.00032 0.34228
-0.00041 -0.00300 0.36863
-0.00737 0.00143 0.39066
-0.00610 -0.00040 0.41444
-0.01665 0.00791 0.44049
-0.00275 0.00148 0.46360
-0.00498 -0.00002 0.48832
0.00653 0.00189 0.50630
0.00920 0.00058 0.52658
0.00005 -0.00950 0.54342
0.00204 -0.01533 0.55746
-0.00792 -0.00739 0.57662
-0.02534 -0.02441 0.59641
-0.02302 -0.00677 0.61911
-0.01019 0.00011 0.64048
0.00241 -0.00676 0.66237
-0.00500 -0.00249 0.67988
-0.03113 -0.02423 0.69005
-0.04369 -0.01970 0.70476
-0.01290 0.00369 0.71921
-0.01456 0.01116 0.74374
-0.02242 0.00555 0.76859
-0.02316 -0.00496 0.79135
-0.00200 -0.01094 0.80655
-0.02219 -0.01027 0.81287
0.00771 -0.01664 0.83276
-0.01481 -0.00912 0.84156
0.00974 0.00083 0.86659
-0.00810 -0.01277 0.88107
0.00280 -0.00897 0.89039
0.00282 0.00044 0.90132
0.01106 -0.00937 0.91361
0.00674 0.00101 0.92444
0.00628 -0.00791 0.93372
0.01096 -0.01196 0.94531
0.00047 -0.00808 0.95863
0.00515 -0.01847 0.96976
-0.00602 -0.01130 0.98323
-0.01131 -0.02619 0.98855
0.00310 -0.01467 0.99617
-0.00082 -0.03062 1.00236
-0.00751 -0.02845 1.00531
-0.01175 -0.02851 1.01568
-0.00119 -0.01433 1.02204
-0.00321 -0.01890 1.02765
-0.00112 -0.01269 1.03086
-0.01856 -0.01999 1.03884
-0.00480 -0.01122 1.04060
0.00287 -0.00138 1.05173
-0.00192 -0.01838 1.05399
0.01412 -0.00409 1.05331
0.00853 -0.00439 1.06157
-0.00577 -0.02430 1.06117
0.00066 -0.01794 1.06299
0.00733 -0.00470 1.06410
-0.00723 -0.00525 1.06197
0.00056 0.00050 1.06554
-0.02225 -0.01365 1.05876
0.01171 -0.00437 1.06075
-0.01577 -0.00726 1.06482
0.00638 -0.01150 1.06995
0.00662 -0.01537 1.06983
0.00722 -0.01903 1.06288
0.00743 -0.01404 1.05628
0.00490 -0.01348 1.05565
-0.00547 -0.01766 1.05856
0.00688 -0.00377 1.06707
-0.00931 -0.01716 1.06935
-0.00324 -0.00488 1.07010
-0.00186 -0.02096 1.06744
-0.00965 -0.01477 1.06696
-0.02275 -0.02006 1.06528
-0.03407 -0.00391 1.06626
-0.02840 -0.00492 1.07198
-0.01344 -0.00960 1.07233
-0.02545 -0.00417 1.07583
-0.00525 -0.03429 1.06779
-0.00535 -0.01707 1.06880
-0.00687 -0.01545 1.07077
-0.06644 0.00747 1.07438
-0.01614 -0.02039 1.08093
-0.00932 -0.01393 1.08153
-0.00629 -0.00424 1.07695
-0.02456 -0.03673 1.07436
-0.01708 -0.02656 1.07853
-0.01872 -0.03801 1.07900
-0.00102 -0.01979 1.08022
-0.00684 -0.03365 1.08031
-0.00522 -0.02192 1.08188
-0.00985 -0.02822 1.08247
-0.01220 -0.02941 1.08047
-0.00369 -0.01879 1.07951
-0.01323 -0.01536 1.08403
-0.04833 -0.00038 1.08686
-0.02061 -0.01945 1.09319
-0.00087 -0.02351 1.09319
-0.04145 -0.03022 1.09029
-0.02291 -0.02188 1.09039
-0.01698 -0.02453 1.09129
-0.02020 -0.02398 1.08894
-0.03842 -0.01448 1.08518
-0.03877 -0.01295 1.09780
-0.03542 -0.01330 1.09697
-0.04459 -0.01956 1.09454
-0.05793 -0.00540 1.09595
-0.02416 -0.01779 1.09840
-0.00977 -0.02017 1.09797
-0.01565 -0.01019 1.10013
-0.01249 -0.01644 1.09939
-0.01858 -0.02110 1.10359
-0.00253 -0.02285 1.10215
-0.04381 -0.01510 1.10076
-0.02290 -0.01065 1.10440
-0.01685 -0.00652 1.10669
0.02018 -0.01880 1.11040
-0.01583 -0.01030 1.10703
0.00707 -0.00843 1.10734
0.00543 -0.02043 1.11004
0.00362 -0.01583 1.11426
-0.00450 -0.01921 1.11252
-0.00668 -0.01019 1.11340
-0.00799 -0.01908 1.11959
-0.01117 -0.01446 1.11696
-0.00279 -0.02530 1.12116
-0.00439 -0.01924 1.11569
-0.01556 -0.03472 1.11977
-0.01622 -0.01129 1.12086
-0.01663 -0.01511 1.12456
0.00790 -0.01464 1.13005
-0.00369 -0.01186 1.13017
-0.01054 -0.01259 1.13066
0.00470 -0.02652 1.13146
-0.01325 -0.01941 1.13337
0.00089 -0.02010 1.13162
-0.01368 -0.00916 1.13627
-0.00959 -0.01549 1.13408
0.00969 -0.01410 1.13759
0.00920 -0.01329 1.13967
0.02096 -0.01010 1.13736
-0.00030 -0.01023 1.14190
-0.00184 -0.01467 1.14225
0.00166 -0.03336 1.13914
0.01036 -0.02697 1.13835
0.02635 -0.00995 1.14189
0.02068 -0.01374 1.14337
0.00369 -0.00448 1.14634
0.00638 -0.02640 1.13561
0.00216 -0.03371 1.14012
-0.01082 -0.01436 1.13830
-0.03242 -0.01106 1.14117
-0.02162 -0.02528 1.13332
-0.02413 -0.02074 1.13220
-0.01180 -0.01542 1.13735
0.01161 -0.01392 1.14358
0.00164 -0.02718 1.13020
-0.00344 -0.04093 1.12472
0.01067 -0.01905 1.11338
0.01317 -0.00874 1.11399
0.01696 -0.01951 1.12055
0.01487 -0.01659 1.12309
0.00022 -0.00180 1.11905
0.00982 -0.02278 1.10841
-0.01013 -0.02460 1.10217
0.02641 -0.01624 1.08561
0.00492 -0.01421 1.08036
-0.00068 0.00400 1.08651
0.00805 -0.00719 1.09586
0.00800 -0.01788 1.09078
0.00695 -0.01856 1.07170
0.00504 -0.02134 1.05435
-0.01356 -0.01833 1.04937
-0.01832 -0.02427 1.01853
-0.02528 -0.01618 1.03164
-0.01103 -0.00285 1.03551
-0.02196 -0.01362 1.03258
-0.01560 -0.00997 1.02093
-0.01276 -0.03153 1.01154
-0.02905 -0.01811 0.99926
-0.01890 -0.02399 0.99501
-0.00633 -0.03736 0.98817
-0.01066 -0.02049 0.97459
-0.00741 -0.01501 0.98009
0.00315 -0.02638 0.97588
-0.00655 -0.03359 0.96919
-0.00042 -0.01805 0.95404
-0.00404 -0.02194 0.94838
-0.00265 -0.02341 0.94935
-0.00028 -0.02215 0.94324
-0.00050 -0.01742 0.93918
-0.00498 -0.03028 0.92536
-0.01232 -0.02015 0.92221
0.00302 -0.01407 0.91861
0.00705 -0.01564 0.91669
-0.01736 -0.01888 0.91184
-0.00583 -0.01709 0.90708
0.01174 -0.01480 0.90469
-0.01410 -0.02358 0.89598
0.00573 -0.00301 0.88752
0.00824 -0.00888 0.88735
0.01724 0.01148 0.88778
0.01494 -0.00159 0.88934
0.00989 -0.00505 0.88019
0.00028 -0.01558 0.87053
-0.00107 -0.01301 0.86241
-0.01157 -0.00736 0.85792
-0.00646 0.00536 0.85684
0.00344 -0.00289 0.85777
0.01961 -0.01164 0.85062
0.00290 -0.00697 0.84578
0.00886 -0.00595 0.83465
-0.00608 -0.00462 0.83295
0.00934 -0.00896 0.82302
0.00969 -0.00774 0.81016
0.00915 -0.00487 0.79199
0.02462 -0.01716 0.78508
0.02046 -0.00673 0.77202
0.02633 -0.00871 0.76232
0.03745 -0.01170 0.74943
-0.01382 -0.01976 0.73800
0.01648 -0.01846 0.73207
0.01618 0.00364 0.71576
0.01736 -0.01795 0.70552
0.02035 -0.00125 0.69440
0.04048 -0.01037 0.68437
0.01683 -0.00739 0.67390
0.02179 -0.00361 0.66525
0.03226 -0.00146 0.65292
0.02022 -0.00842 0.64118
0.03644 -0.00358 0.62740
0.00929 -0.01550 0.61510
0.00391 -0.01085 0.60027
0.00956 -0.00860 0.58998
0.02140 -0.00740 0.58189
0.01037 -0.00492 0.56951
0.01597 -0.00900 0.56416
0.01232 -0.01018 0.54915
0.00956 -0.00078 0.53866
0.00515 -0.00859 0.52379
0.00897 -0.00711 0.51664
0.00332 -0.00842 0.50556
-0.00028 -0.00367 0.49620
-0.01242 -0.00718 0.48559
-0.02308 -0.00746 0.47214
-0.02690 -0.00681 0.46322
-0.01212 -0.00342 0.45080
-0.01589 -0.00388 0.43449
-0.00813 -0.00321 0.42102
-0.02508 -0.00225 0.40708
-0.02212 0.00026 0.39279
-0.03238 -0.00124 0.38549
-0.04837 0.00174 0.36428
-0.05905 0.00079 0.35890
-0.03914 0.00473 0.35104
-0.06590 -0.00128 0.32958
-0.04288 0.00483 0.33832
-0.05065 0.00059 0.31509
-0.04591 0.00061 0.32287
-0.05470 -0.00208 0.31751
-0.04114 0.00224 0.30837
-0.03212 0.00420 0.31557
-0.04388 0.00101 0.30363
-0.05314 0.00012 0.30657
-0.03888 0.00198 0.30195
-0.05046 -0.00181 0.29169
-0.05850 0.00169 0.29561
-0.05214 0.00434 0.29119
-0.04728 -0.00130 0.29133
-0.04406 -0.00111 0.28125
-0.06118 0.00055 0.27895
-0.04641 0.00712 0.28711
-0.03604 0.00305 0.29210
-0.03323 0.00164 0.29429
-0.01930 -0.00232 0.29540
-0.01754 0.00522 0.28981
-0.00677 -0.00835 0.29566
-0.00017 -0.00300 0.29641
-0.01884 -0.00631 0.29456
-0.02490 -0.00542 0.29983
-0.01635 0.00307 0.30015
-0.02360 0.00017 0.30641
-0.02624 0.00220 0.31257
-0.03220 0.00145 0.32228
-0.03113 -0.00357 0.32622
-0.03494 -0.00200 0.32993
-0.03608 -0.00506 0.33371
-0.04859 -0.00411 0.34635
-0.06984 -0.00092 0.33768
-0.05908 -0.00270 0.35578
-0.05323 -0.00102 0.36543
-0.07352 -0.00604 0.36885
-0.07058 -0.00290 0.38032
-0.07469 -0.00026 0.40041
-0.07010 0.00634 0.41509
-0.06424 0.00259 0.43513
-0.06626 -0.00165 0.45859
-0.03038 -0.00774 0.47483
-0.07461 -0.00511 0.48603
-0.05059 -0.00275 0.51115
-0.04604 -0.00767 0.53371
-0.05051 -0.00593 0.55594
-0.03786 -0.00913 0.57794
-0.03112 -0.01018 0.60491
-0.04308 -0.00987 0.62419
-0.03015 -0.00477 0.65208
-0.02772 -0.00469 0.68334
-0.02963 -0.00117 0.71093
-0.04458 -0.01013 0.74077
-0.02065 -0.01171 0.76353
-0.02954 -0.00823 0.78537
-0.01468 -0.00976 0.80756
-0.02227 -0.01048 0.83664
-0.01798 -0.00646 0.86163
-0.02121 -0.01074 0.88279
-0.01633 -0.01883 0.90551
-0.01157 -0.01440 0.92594
-0.01429 -0.02395 0.94908
-0.01392 -0.01148 0.97404
-0.00438 -0.01088 0.99777
0.00203 -0.01795 1.02159
0.00118 -0.01692 1.04451
-0.00133 -0.01403 1.06721
-0.00294 -0.01977 1.08890
0.00081 -0.00585 1.11196
-0.01940 -0.01231 1.14097
-0.00981 -0.00449 1.16076
-0.00391 -0.00711 1.18156
-0.00586 -0.00775 1.18747
-0.00863 -0.02697 1.18824
-0.00092 -0.02692 1.18119
0.00141 -0.02936 1.17528
-0.00398 -0.03418 1.17320
-0.00066 -0.02775 1.17749
-0.01216 -0.04019 1.17638
0.00612 -0.01709 1.17521
-0.00821 -0.03734 1.18156
-0.02051 -0.02685 1.17769
0.00053 -0.03654 1.17909
0.00064 -0.04052 1.17878
0.00707 -0.03999 1.17779
0.00899 -0.03690 1.17630
-0.00080 -0.04368 1.17401
0.01315 -0.03701 1.16926
0.01576 -0.03194 1.17123
0.00312 -0.04068 1.16331
-0.01093 -0.03619 1.16449
-0.00014 -0.03450 1.15937
0.00582 -0.02971 1.15977
0.00644 -0.03163 1.15749
0.00223 -0.04052 1.15477
0.00120 -0.03192 1.15226
-0.00542 -0.03402 1.14874
0.00411 -0.03643 1.14602
0.00677 -0.03629 1.14519
0.00209 -0.03750 1.13841
0.00627 -0.03267 1.13618
-0.00127 -0.02635 1.13300
0.00691 -0.02412 1.13324
0.00887 -0.02581 1.13115
0.00796 -0.02589 1.13267
0.00635 -0.03141 1.12479
0.00423 -0.04621 1.11598
0.01525 -0.02476 1.11427
0.01904 -0.02696 1.10982
0.00851 -0.02268 1.11386
0.01438 -0.02507 1.10886
0.01905 -0.02299 1.10153
0.03126 -0.01673 1.09776
0.02407 -0.01685 1.09848
0.01743 -0.01215 1.09913
-0.00106 -0.02750 1.09950
0.00904 -0.02027 1.09935
0.00130 -0.03098 1.09452
0.00588 -0.02703 1.08593
0.01081 -0.02146 1.08560
0.00409 -0.02820 1.08706
-0.00606 -0.03428 1.09256
0.00156 -0.00828 1.09664
0.00519 -0.02278 1.09624
0.00954 -0.02004 1.09955
0.00751 -0.02859 1.09217
0.00939 -0.03159 1.08923
0.00978 -0.02126 1.08713
0.00200 -0.03052 1.08640
0.00414 -0.01949 1.08338
-0.00389 -0.01992 1.08055
-0.00917 -0.01206 1.07998
-0.00030 -0.01717 1.07647
0.00394 -0.02293 1.07826
0.00177 -0.02084 1.07250
0.00364 -0.02255 1.06976
0.00050 -0.02270 1.06704
0.00208 -0.02710 1.06257
-0.00377 -0.02550 1.06475
-0.00770 -0.03115 1.06113
-0.00494 -0.03121 1.05585
-0.01300 -0.02348 1.05760
-0.00301 -0.01829 1.05218
-0.00132 -0.01936 1.05253
0.00863 -0.02558 1.04459
0.00574 -0.03001 1.04678
0.00182 -0.02043 1.04112
0.00916 -0.02817 1.03848
-0.00558 -0.01953 1.03887
0.00030 -0.02647 1.03654
-0.00787 -0.03039 1.03149
-0.00123 -0.02694 1.02524
0.01168 -0.03429 1.03119
0.00147 -0.03313 1.02536
0.01311 -0.02932 1.02221
0.00174 -0.01858 1.01895
0.00313 -0.01709 1.01578
0.01610 -0.02021 1.01688
0.01025 -0.00748 1.01339
0.01707 -0.01071 1.00816
-0.00852 -0.02699 1.00531
-0.01562 -0.02455 1.00057
-0.01676 -0.02224 1.00239
-0.02409 -0.02673 0.99772
-0.01486 -0.02726 0.99522
-0.02277 -0.02948 0.98919
-0.01418 -0.01250 0.98569
-0.02431 -0.01685 0.98525
-0.01827 -0.01872 0.98140
-0.02480 -0.00927 0.97952
-0.02308 -0.01010 0.97635
-0.03666 -0.01017 0.97257
-0.03178 -0.01960 0.97083
-0.02674 -0.01298 0.96377
-0.03055 -0.01437 0.96450
-0.04465 -0.02427 0.96264
-0.03266 -0.04402 0.96063
-0.00740 -0.01997 0.96153
-0.08243 -0.03469 0.95105
-0.08110 -0.02528 0.95327
-0.11112 -0.02769 0.94937
-0.05661 -0.02051 0.95947
-0.02725 -0.02258 0.96099
-0.03031 -0.02897 0.96072
-0.03687 -0.03444 0.96413
-0.04309 -0.02846 0.96410
-0.02857 -0.04234 0.96949
-0.04021 -0.03101 0.97093
-0.11091 -0.01275 0.97252
-0.05910 -0.02859 0.98403
-0.05675 -0.02441 0.98462
-0.08206 -0.01115 0.99493
-0.06933 -0.00633 0.99502
-0.07494 -0.02030 0.99749
-0.06169 -0.01363 1.01186
-0.06810 -0.03152 1.01270
-0.05872 -0.02386 1.01809
-0.05998 -0.05200 1.02118
-0.04400 -0.01396 1.02883
-0.02801 -0.04020 1.03535
-0.02367 -0.01464 1.04950
-0.01265 -0.04586 1.05475
-0.01403 -0.02620 1.06468
-0.00321 -0.03644 1.06740
-0.01161 -0.02359 1.07225
-0.01271 -0.02144 1.08187
-0.00404 -0.03763 1.08627
-0.00728 -0.02751 1.09189
-0.00286 -0.02974 1.10110
0.00508 -0.03077 1.10405
0.00263 -0.02735 1.11274
0.00157 -0.02763 1.11746
0.00448 -0.02895 1.13645
0.01238 -0.03454 1.10102
0.01522 -0.03429 1.11312
0.02691 -0.03448 1.12161
0.01284 -0.03289 1.11586
0.00868 -0.03798 1.11449
0.00199 -0.03528 1.11359
0.01048 -0.02984 1.10643
-0.00247 -0.03906 1.10565
0.00538 -0.03087 1.10358
0.00858 -0.03059 1.10224
0.00553 -0.03079 1.09652
0.00469 -0.03524 1.09922
0.01345 -0.03214 1.08951
0.01146 -0.03312 1.08744
-0.00706 -0.03063 1.08670
-0.01520 -0.03205 1.08060
-0.00831 -0.03510 1.07877
-0.00724 -0.03905 1.07315
-0.01021 -0.02329 1.06765
-0.00827 -0.03433 1.06435
-0.00902 -0.03616 1.05795
-0.00208 -0.03512 1.05485
-0.01439 -0.02487 1.04930
-0.01804 -0.03477 1.04804
-0.00338 -0.02467 1.04329
-0.01563 -0.02113 1.03291
-0.01518 -0.03412 1.03211
-0.00981 -0.02605 1.02208
-0.01075 -0.02756 1.01080
-0.00798 -0.02251 0.99244
-0.01001 -0.01929 0.96906
-0.02284 -0.02618 0.94514
-0.02608 -0.01702 0.91985
-0.02508 -0.02826 0.88976
-0.02346 -0.03465 0.86369
-0.02249 -0.02570 0.83839
-0.02241 -0.02177 0.81492
-0.02316 -0.02859 0.78550
-0.01560 -0.02049 0.75531
-0.01856 -0.01984 0.72921
-0.02286 -0.01571 0.70005
-0.02848 -0.01112 0.67638
-0.00005 -0.01501 0.67000
-0.02085 -0.01578 0.61152
-0.03933 -0.01664 0.60901
-0.01767 -0.01685 0.59178
-0.03843 -0.01632 0.57205
-0.07852 -0.01280 0.55259
-0.04374 -0.01659 0.54594
-0.01767 -0.01900 0.53255
-0.04454 -0.01400 0.52155
-0.03667 -0.01293 0.51036
-0.02903 -0.01828 0.49415
-0.01712 -0.00930 0.48369
-0.03197 -0.01396 0.45980
-0.03085 -0.00879 0.44713
-0.02906 -0.00673 0.43235
-0.04811 -0.01363 0.40570
-0.06488 -0.00843 0.38496
-0.04944 -0.01040 0.35714
-0.04352 -0.01155 0.33602
-0.05007 -0.00375 0.31139
-0.04658 -0.00535 0.29219
-0.03342 -0.00855 0.29335
-0.03717 -0.00271 0.28732
-0.03757 -0.00139 0.28637
-0.05372 -0.00151 0.28832
-0.04356 -0.00131 0.27923
-0.04091 -0.00320 0.28213
-0.03933 -0.00024 0.27262
-0.03807 -0.00183 0.26970
-0.04304 -0.00328 0.27729
-0.03275 -0.00213 0.27734
-0.04497 -0.00456 0.29199
-0.03720 -0.00512 0.29597
-0.04048 -0.00891 0.31413
-0.02460 -0.00792 0.31924
-0.04712 -0.00682 0.32799
-0.03715 -0.00664 0.34830
-0.03605 -0.00246 0.35217
-0.06195 -0.00760 0.37278
-0.03098 -0.00287 0.38162
-0.03877 0.00102 0.39803
-0.04858 0.00324 0.42532
-0.04418 0.00213 0.43831
-0.04353 0.00193 0.46754
-0.03993 -0.00168 0.48296
-0.03392 -0.00341 0.51612
-0.03860 -0.00480 0.52002
-0.03872 -0.00678 0.55016
-0.04229 -0.00742 0.57673
-0.03612 0.00072 0.59736
-0.05079 0.00261 0.61934
-0.03727 0.00495 0.64394
-0.03235 -0.00002 0.66843
-0.04390 0.00138 0.69626
-0.04338 -0.00724 0.70945
-0.03916 -0.01031 0.73076
-0.03528 -0.01707 0.75033
-0.01890 -0.00800 0.76917
-0.04081 0.00057 0.78770
-0.03179 -0.00163 0.81328
-0.02278 0.00014 0.83818
-0.02540 -0.00518 0.85724
-0.01620 -0.01103 0.87464
0.00107 -0.01223 0.89341
-0.01996 -0.01052 0.91024
-0.01928 -0.00916 0.93106
-0.01373 -0.00362 0.94859
-0.00530 -0.00508 0.96364
0.01454 -0.01057 0.97355
0.00562 -0.01064 1.02940
0.00812 -0.00714 0.95724
-0.00162 -0.00612 1.01573
0.00802 -0.00293 1.04013
0.01170 -0.01137 1.04763
0.01356 -0.00794 1.06079
0.00787 -0.01231 1.08063
0.00299 -0.01202 1.08925
0.00222 -0.01013 1.10386
0.01196 -0.00426 1.11604
0.01881 -0.00284 1.13163
0.01353 -0.00182 1.15151
0.00910 -0.00974 1.15968
0.03050 -0.01058 1.16339
0.00824 -0.01251 1.17367
0.04440 -0.00479 1.18456
0.03746 -0.00679 1.19167
0.01209 -0.00335 1.19867
0.02271 -0.00842 1.20332
0.00207 -0.02738 1.19838
0.00219 -0.02287 1.20377
0.00832 -0.01512 1.20842
0.00702 -0.00655 1.21068
0.01197 -0.00763 1.21357
0.03344 -0.01248 1.20759
-0.00459 -0.01555 1.20876
-0.00883 -0.01095 1.20910
0.00222 -0.02894 1.20552
0.00032 -0.02658 1.20257
0.01940 -0.00569 1.18743
0.00618 -0.04254 1.18751
-0.01255 -0.02147 1.19436
-0.00189 -0.01454 1.19482
-0.00931 -0.01398 1.19141
-0.01595 -0.02808 1.18742
0.01487 -0.02427 1.19417
0.00238 -0.04637 1.19341
0.01089 -0.01950 1.18600
0.02792 -0.02360 1.19295
0.02321 -0.01144 1.19514
0.00528 -0.00788 1.20280
0.00126 -0.01247 1.19998
0.00621 -0.01237 1.19911
0.01302 -0.02386 1.19740
0.00707 -0.02320 1.19449
0.00629 -0.02115 1.19298
0.00948 -0.01682 1.19510
0.01030 -0.01496 1.19443
0.01350 -0.02148 1.19644
0.00226 -0.01716 1.18488
0.00277 -0.01555 1.17883
0.01847 -0.01440 1.17531
0.01118 -0.01499 1.17455
0.01364 -0.01585 1.17051
0.00112 -0.01676 1.17142
0.00500 -0.02208 1.16194
0.00374 -0.02886 1.15621
0.00456 -0.01944 1.15458
0.02014 -0.01461 1.15383
0.00301 -0.03780 1.15410
0.01057 -0.02732 1.13723
0.00628 -0.02448 1.13029
0.02451 -0.01279 1.12986
-0.00462 -0.00637 1.13321
0.01831 0.00500 1.13756
0.00931 -0.01012 1.13915
0.01133 -0.02788 1.12911
0.01355 -0.02090 1.11341
0.03106 -0.01519 1.12629
0.03206 -0.00906 1.13139
0.01551 -0.02246 1.13168
0.01354 -0.03254 1.12015
0.01725 -0.01720 1.11550
0.00265 -0.01437 1.12403
0.00673 -0.01705 1.12494
0.00403 -0.01111 1.12750
-0.00970 -0.01966 1.12590
-0.00332 -0.01711 1.12452
-0.00162 -0.01458 1.13093
0.00230 -0.02025 1.12599
0.01409 -0.03633 1.12108
0.01967 -0.02312 1.11449
0.00234 -0.01120 1.11087
0.02225 -0.01033 1.12862
0.01205 -0.01267 1.12627
0.01460 -0.01728 1.12717
0.01489 -0.01856 1.12484
0.01729 -0.01363 1.12319
0.01888 -0.02228 1.12216
0.03360 -0.01598 1.11913
0.01805 -0.01677 1.12452
0.03516 -0.01331 1.12354
0.00956 -0.01948 1.12717
0.02000 -0.02064 1.12663
-0.00198 -0.03027 1.12407
-0.00560 -0.03082 1.12335
-0.00049 -0.02699 1.12143
0.00914 -0.02637 1.12024
0.00482 -0.01164 1.11907
0.01495 -0.00459 1.12151
-0.02459 -0.01262 1.15024
0.01763 -0.02070 1.07890
0.01313 -0.02623 1.10895
0.01432 -0.02876 1.10497
0.00208 -0.01950 1.10564
0.01152 -0.01082 1.10474
0.01067 -0.01774 1.09992
0.00556 -0.02121 1.09712
0.00299 -0.02092 1.09682
0.00588 -0.01491 1.09430
-0.00887 -0.01245 1.09667
-0.00424 -0.01441 1.08884
0.00266 -0.02101 1.09147
-0.00471 -0.01440 1.08468
0.00743 -0.01485 1.08164
0.02242 -0.01195 1.07873
0.00992 -0.00896 1.08004
0.01958 -0.01595 1.07956
0.00535 -0.01691 1.07564
0.01060 -0.03043 1.06839
0.00662 -0.02299 1.06376
0.01221 -0.03809 1.06569
0.01652 -0.02035 1.06246
0.02619 -0.02013 1.04893
0.01406 -0.02006 1.05180
0.01361 -0.01648 1.05095
0.00089 -0.01926 1.05279
0.00129 -0.01938 1.04802
0.00090 -0.03409 1.03989
0.01312 -0.02240 1.03350
0.00759 -0.02203 1.02903
0.00555 -0.01157 1.03358
0.01253 -0.01314 1.02771
0.00522 -0.01444 1.02320
-0.00309 -0.00826 1.02422
-0.01285 -0.01164 1.02179
-0.01523 -0.01538 1.01073
0.00172 -0.01506 0.99404
-0.00274 -0.00571 0.99294
-0.00378 -0.00854 0.98371
0.00266 -0.01567 0.97311
-0.01068 -0.01379 0.96542
0.00067 -0.00997 0.95000
0.00222 -0.02205 0.93460
-0.00304 -0.02253 0.92217
-0.01814 -0.01408 0.91446
0.00578 -0.01080 0.90533
0.00540 -0.01983 0.89459
-0.00401 -0.01159 0.88047
-0.00654 -0.01734 0.87082
0.00460 -0.01449 0.83733
0.00087 -0.01665 0.82462
-0.01193 -0.01864 0.80435
-0.02126 -0.02463 0.78251
-0.00058 -0.02529 0.76451
-0.02569 -0.02893 0.74516
-0.00990 -0.00676 0.72998
-0.00996 -0.02118 0.71251
-0.01651 -0.01885 0.69506
-0.01141 -0.01317 0.67465
-0.01037 -0.02398 0.65713
-0.01715 -0.01922 0.64036
-0.00143 -0.01726 0.62097
-0.00989 -0.00770 0.60784
0.00897 -0.01255 0.59145
0.01039 -0.00882 0.57622
0.00043 -0.01420 0.55855
0.01977 -0.01619 0.54022
0.00649 -0.01632 0.51678
0.00601 -0.01603 0.49596
0.00921 -0.01156 0.47383
-0.00628 -0.01877 0.44699
0.00206 -0.01481 0.41935
0.00845 -0.01370 0.39545
-0.00465 -0.00914 0.37412
-0.00585 -0.01016 0.35296
-0.00508 -0.00464 0.32896
-0.01779 -0.00577 0.31002
-0.01639 -0.00270 0.29649
-0.01809 -0.00428 0.28388
-0.03118 -0.00401 0.27478
-0.03055 -0.00082 0.26461
-0.01040 -0.00190 0.25818
-0.00952 -0.00163 0.25351
-0.00370 -0.00245 0.25147
-0.01703 -0.00263 0.24926
-0.01876 -0.00573 0.24722
-0.00357 -0.00187 0.24386
-0.02339 -0.00223 0.22706
-0.01184 0.00294 0.19594
-0.01232 -0.00134 0.15425
-0.01423 -0.00227 0.10711
-0.00504 -0.00092 0.07245
-0.00570 -0.00030 0.04062
0.00015 -0.00010 0.00894
0.00027 0.00033 -0.01550
-0.00046 0.00039 -0.01334
0.00014 0.00010 -0.00328
-0.00062 -0.00007 0.00296
-0.00000 -0.00001 -0.00348
-0.00003 -0.00003 0.00227
-0.00005 -0.00003 0.00208
-0.00003 -0.00000 -0.00330
-0.00003 0.00005 -0.00351
-0.00017 -0.00007 0.00376
-0.00001 0.00004 -0.00333
0.00007 0.00008 -0.00285
0.00015 0.00006 -0.00338
-0.00003 -0.00009 0.00395
0.00057 0.00007 -0.00257
-0.00006 -0.00007 0.00380
0.00044 0.00004 -0.00201
0.00012 -0.00007 0.00483
0.00009 -0.00003 0.00261
-0.00012 -0.00005 0.00360
0.00020 -0.00002 0.00210
0.00007 -0.00004 0.00282
-0.00004 -0.00007 0.00301
0.00032 -0.00008 0.00367
0.00024 -0.00006 0.00266
0.00170 0.00003 -0.00182
0.00151 0.00002 -0.00180
-0.00131 -0.00001 0.00187
0.00153 0.00002 -0.00300
-0.00049 -0.00006 0.00207
-0.00049 -0.00007 0.00265
-0.00032 -0.00004 0.00205
-0.00038 -0.00007 0.00385
0.00013 -0.00003 0.00170
-0.00004 -0.00006 0.00372
-0.00044 -0.00005 0.00222
-0.00006 -0.00005 0.00218
-0.00005 -0.00003 0.00150
-0.00004 -0.00002 0.00173
-0.00004 -0.00002 0.00127
-0.00006 -0.00002 0.00099
-0.00003 -0.00002 0.00148
-0.00006 -0.00003 0.00179
-0.00005 -0.00001 0.00176
0.00009 0.00002 -0.00147
0.00004 0.00003 -0.00188
-0.00006 -0.00003 0.00152
-0.00007 -0.00002 0.00129
-0.00003 -0.00001 0.00096
-0.00006 -0.00002 0.00113
-0.00001 -0.00001 0.00079
-0.00006 -0.00002 0.00115
0.00001 0.00001 -0.00090
-0.00005 -0.00003 0.00183
0.00005 -0.00002 0.00071
-0.00051 -0.00006 0.00216
0.00003 0.00001 -0.00100
0.00005 -0.00006 0.00174
-0.00006 -0.00002 0.00161
-0.00006 -0.00003 0.00146
-0.00012 -0.00001 0.00160
-0.00056 -0.00008 0.00217
-0.00080 -0.00011 0.00391
-0.00056 -0.00010 0.00678
-0.00186 -0.00023 0.01032
0.00908 0.00027 0.01095
0.01113 0.00037 0.01302
0.01206 0.00037 0.01467
0.01029 0.00054 0.01856
0.00807 0.00069 0.02353
0.01181 0.00061 0.03352
0.01514 0.00081 0.04864
-0.00662 0.00165 0.07330
-0.00525 0.00195 0.09640
-0.00449 0.00144 0.12344
-0.02108 -0.00304 0.14714
-0.01928 -0.00129 0.17018
-0.01450 0.00222 0.19736
-0.02037 0.00380 0.22197
-0.01202 0.00415 0.24972
-0.01932 0.00342 0.27330
-0.01044 0.00485 0.29535
-0.04493 -0.00583 0.31503
-0.04852 0.00062 0.33597
-0.03697 -0.00144 0.35843
-0.06569 -0.01268 0.37339
-0.08069 -0.00813 0.38754
-0.09644 -0.00900 0.40524
-0.09295 -0.01214 0.42291
-0.07612 -0.00605 0.44106
-0.10440 -0.00534 0.46147
-0.07403 -0.01228 0.49120
-0.09391 0.00094 0.51493
-0.10905 -0.01332 0.53214
-0.08817 -0.00608 0.55442
-0.11655 -0.00243 0.57712
-0.09987 -0.00718 0.60883
-0.10418 -0.00568 0.63428
-0.08922 -0.00408 0.65905
-0.09218 -0.00957 0.67884
-0.07093 -0.00262 0.70753
-0.07110 -0.00907 0.72907
-0.06018 0.00245 0.75379
-0.06691 -0.00858 0.77207
-0.06981 -0.00419 0.79588
-0.04906 -0.00512 0.81651
-0.04932 -0.00319 0.83459
-0.04721 -0.00190 0.86128
-0.03035 -0.00537 0.88149
-0.01972 -0.00290 0.90817
-0.01520 -0.00379 0.92586
-0.01923 -0.00126 0.95087
-0.01164 -0.00461 0.97138
-0.01643 -0.00048 0.99765
-0.01411 -0.00577 1.01857
-0.00498 -0.00796 1.03792
-0.00338 -0.00450 1.06163
-0.00881 -0.00286 1.08298
-0.00480 -0.00601 1.10909
0.00565 -0.00838 1.12620
0.00241 -0.01582 1.14076
-0.00860 -0.01813 1.14695
-0.00024 -0.02149 1.14754
0.00352 -0.01743 1.14985
0.00391 -0.02193 1.15049
-0.00372 -0.02304 1.14960
0.00068 -0.03098 1.14848
-0.00251 -0.03281 1.13966
0.00667 -0.02718 1.14278
-0.00050 -0.02344 1.14333
0.00688 -0.02068 1.14746
0.00768 -0.03122 1.14426
0.00912 -0.00989 1.13627
0.00554 -0.02716 1.13509
0.00772 -0.02744 1.13031
0.01937 -0.02255 1.12565
0.00871 -0.03421 1.12279
0.01237 -0.02210 1.11814
0.01268 -0.01461 1.12339
0.00282 -0.00746 1.12588
-0.01743 -0.00599 1.12438
0.01286 -0.02533 1.11703
0.00766 -0.02929 1.11121
-0.00800 -0.01740 1.10447
-0.00008 -0.02193 1.10265
-0.00170 -0.03016 1.09969
0.01045 -0.00680 1.09890
0.00008 -0.02221 1.10742
-0.00953 -0.00457 1.09939
0.00738 -0.01653 1.09538
0.00647 -0.01903 1.09454
0.01025 -0.01466 1.08897
0.00256 -0.01398 1.08799
0.00744 -0.01465 1.08598
0.01330 -0.02067 1.07908
0.00599 -0.02001 1.07445
0.00048 -0.01533 1.06927
0.00177 -0.01494 1.07402
0.00011 -0.01387 1.07214
0.00025 -0.01477 1.07235
0.01563 -0.02509 1.06321
0.01765 -0.02111 1.05876
0.01090 -0.02184 1.06043
0.00181 -0.01971 1.05713
0.00989 -0.03336 1.05117
0.01740 -0.01755 1.04706
0.01506 -0.02386 1.05338
0.02391 -0.01096 1.04926
0.02044 -0.01740 1.04357
0.00946 -0.02405 1.03969
0.01817 -0.01929 1.03795
0.02517 -0.01443 1.03748
0.03107 -0.01015 1.03478
0.01056 -0.01061 1.03199
0.02576 -0.00094 1.03056
0.02605 -0.01401 1.02721
0.03091 -0.02858 1.02507
0.01442 -0.03094 1.01550
0.00831 -0.03032 1.01266
0.01488 -0.00988 1.01476
0.01655 -0.01592 1.01984
0.01020 -0.01560 1.02102
0.01017 -0.01834 1.01667
0.00298 -0.03731 1.00798
0.00034 -0.03508 0.99383
0.01041 -0.02119 0.99020
-0.00838 -0.00635 0.99430
-0.00693 -0.01540 0.99966
-0.01644 -0.00587 1.00702
-0.00804 -0.00176 1.01362
-0.02897 0.00030 1.02421
-0.01939 -0.01707 1.03243
-0.01871 -0.00888 1.03884
-0.01839 -0.00106 1.04998
-0.01249 -0.02333 1.05890
-0.00981 -0.01578 1.07159
-0.00712 -0.03543 1.07138
-0.00377 -0.02376 1.08115
-0.02170 -0.02312 1.08400
-0.00443 -0.02577 1.08851
-0.00386 -0.00985 1.09830
-0.00155 -0.01322 1.11720
-0.01034 -0.01040 1.12771
-0.00398 -0.00722 1.13439
-0.00581 -0.01742 1.13577
-0.00486 -0.02572 1.14381
-0.00626 -0.01937 1.14924
-0.00457 -0.01758 1.15773
-0.00029 -0.02017 1.15734
-0.01182 -0.02684 1.15635
0.00439 -0.01875 1.15731
-0.00292 -0.01981 1.15062
-0.00049 -0.01859 1.14965
0.00047 -0.02122 1.14564
-0.01247 -0.02297 1.15106
-0.00390 -0.02917 1.14281
0.00154 -0.02927 1.13983
-0.00342 -0.02520 1.13457
0.00627 -0.00577 1.13393
0.00080 -0.01333 1.13671
0.00675 -0.01785 1.13275
-0.00835 -0.01352 1.12485
-0.00596 -0.02915 1.11747
0.00389 -0.02595 1.11057
0.00327 -0.01639 1.10420
0.00239 -0.01952 1.09697
0.00673 -0.01897 1.08724
0.01191 -0.02311 1.07873
0.01122 -0.02750 1.06585
0.00881 -0.02204 1.06344
0.01338 -0.02435 1.05698
0.00766 -0.02629 1.05046
0.01878 -0.03502 1.04291
0.02097 -0.03969 1.03252
0.00459 -0.02537 1.02969
0.01380 -0.03169 1.02644
-0.00818 -0.02064 1.01861
0.01677 -0.03748 1.01331
0.01455 -0.01501 1.01326
0.01517 -0.02251 1.01355
0.00139 -0.02508 1.00910
-0.00061 -0.03674 1.00299
-0.00371 -0.01052 0.99890
-0.00368 -0.00880 1.01159
-0.00499 -0.00913 1.01724
-0.02188 -0.02591 1.02067
-0.01341 -0.00943 1.02309
-0.00767 -0.03198 1.02965
-0.01205 -0.01366 1.03534
-0.01061 -0.02539 1.04228
-0.00317 -0.02416 1.05438
0.01063 -0.03132 1.05420
0.00795 -0.04066 1.04916
0.00926 -0.03174 1.05606
0.01257 -0.03239 1.06084
0.01018 -0.02943 1.07106
0.00372 -0.02952 1.08001
-0.00106 -0.02250 1.08814
0.00490 -0.03112 1.09683
0.00733 -0.02270 1.10205
0.00799 -0.02409 1.10827
0.01848 -0.01369 1.11362
0.01165 -0.02499 1.12367
0.00916 -0.01784 1.12386
0.01159 -0.02030 1.12658
0.00809 -0.03188 1.12534
0.00555 -0.01866 1.11728
-0.01148 -0.00994 1.11712
0.00572 -0.00994 1.12279
-0.00899 -0.01766 1.12187
-0.00433 -0.01123 1.11652
-0.00337 -0.03354 1.10854
-0.00034 -0.01322 1.11018
-0.01052 -0.02278 1.10825
0.00009 -0.01255 1.09989
-0.01450 -0.02909 1.09859
-0.00898 -0.01210 1.09196
-0.01016 -0.02169 1.08657
-0.00668 -0.02365 1.07267
-0.01196 -0.02107 1.05644
-0.00710 -0.03071 1.03974
-0.00138 -0.03278 1.01994
-0.00618 -0.03734 0.99816
-0.00511 -0.00885 0.98114
-0.00637 -0.02885 0.97501
-0.00382 -0.01302 0.95996
-0.00047 -0.02309 0.95392
0.00678 -0.02045 0.94608
0.00821 -0.01698 0.94162
0.00916 -0.02071 0.94032
0.00846 -0.01116 0.93449
0.02492 -0.01632 0.93482
0.02238 -0.02108 0.92993
0.02038 -0.02022 0.92827
0.01364 -0.01855 0.92652
0.01846 -0.01945 0.92444
0.01559 -0.01934 0.92497
0.01254 -0.02523 0.92468
0.02163 -0.02172 0.92686
0.01528 -0.02745 0.92192
0.01000 -0.02994 0.91764
0.01078 0.00232 0.92244
0.00452 -0.00209 0.93087
-0.01129 -0.00236 0.94308
-0.01532 -0.00261 0.94234
-0.00349 -0.00576 0.95854
-0.00077 -0.01167 0.96617
-0.00729 -0.01430 0.97065
0.00300 -0.01658 0.97449
0.01240 -0.01654 0.98016
-0.00290 -0.01211 0.99232
0.01675 -0.02496 0.99972
0.03147 -0.00306 1.01237
0.02212 -0.03255 1.02304
0.01217 -0.01986 1.03373
0.01717 -0.03423 1.04516
0.01445 -0.01955 1.05285
0.01626 -0.02288 1.06802
0.01981 -0.01143 1.08177
0.01546 -0.02743 1.09805
0.02639 -0.01179 1.11430
0.02420 -0.02370 1.12411
0.02294 -0.02443 1.13561
0.01788 -0.03664 1.14351
0.01180 -0.01025 1.15280
0.00571 -0.01976 1.16422
0.01318 -0.00622 1.17718
0.01642 -0.00938 1.18241
0.01408 -0.01402 1.18273
0.01545 -0.00710 1.17779
0.01609 -0.01736 1.17707
0.00780 -0.01211 1.17184
0.00325 -0.03673 1.16555
0.00215 -0.01116 1.16163
-0.00209 -0.02002 1.16085
0.00845 -0.01875 1.15956
0.00990 -0.00984 1.15892
0.00725 -0.01796 1.16083
0.00367 -0.02633 1.15423
0.00662 -0.02656 1.14706
0.00014 -0.03148 1.13512
-0.00985 0.00138 1.13589
-0.01093 -0.02558 1.12838
-0.00562 -0.01931 1.11821
-0.00046 -0.02270 1.10736
-0.00555 -0.02495 1.09898
-0.00173 -0.02788 1.07761
0.00127 -0.02728 1.06230
0.00380 -0.01792 1.04689
-0.01349 -0.02067 1.03453
-0.01014 -0.02407 1.01888
-0.01100 -0.02239 1.00647
-0.00460 -0.02531 0.98852
-0.01253 -0.02930 0.96685
-0.00791 -0.04198 0.94704
-0.02016 -0.04013 0.93649
-0.00147 -0.02967 0.93526
-0.00000 -0.02130 0.93446
0.01243 -0.02383 0.93511
0.01094 -0.02181 0.92989
0.00868 -0.02642 0.92930
0.01537 -0.03653 0.92359
-0.01461 -0.03807 0.91637
0.00218 -0.01385 0.91905
0.01363 -0.02060 0.91907
0.00620 -0.01578 0.92148
0.02466 -0.02297 0.92726
0.01224 -0.00664 0.93221
0.01367 -0.01835 0.93484
0.01046 -0.01191 0.94066
0.01965 -0.01312 0.94058
0.02195 -0.02361 0.95122
0.02412 -0.01068 0.95580
0.01723 -0.01527 0.97088
0.02437 -0.02073 0.97414
0.01507 -0.03076 0.97888
0.01375 -0.02620 0.98824
0.02353 -0.01385 1.01130
0.01892 -0.02464 1.01842
0.01525 -0.03663 1.02462
0.02065 -0.01266 1.02480
0.01073 -0.00924 1.03229
0.01875 -0.00699 1.05607
0.01148 -0.01856 1.06737
0.01468 -0.01936 1.06514
0.01405 -0.02132 1.06792
0.01008 -0.01726 1.07315
-0.00333 -0.01815 1.08577
0.00006 -0.00841 1.09219
0.01050 -0.00759 1.10080
-0.00076 -0.00299 1.10992
0.01156 -0.00869 1.12056
0.00762 -0.01330 1.12445
0.01305 -0.01957 1.12703
0.01299 -0.02371 1.13578
0.00867 -0.03028 1.13810
-0.00034 -0.02500 1.14158
0.00979 -0.02137 1.15642
0.00101 -0.01320 1.16697
-0.00036 -0.01391 1.17708
-0.01220 -0.02281 1.18323
-0.00409 -0.03016 1.19809
0.00265 -0.03164 1.20648
-0.00874 -0.02970 1.20617
-0.00219 -0.02754 1.20739
-0.00540 -0.02600 1.20801
-0.00230 -0.02705 1.21073
-0.00710 -0.02516 1.20368
-0.00241 -0.03498 1.19474
-0.02079 -0.03236 1.19189
-0.00738 -0.03498 1.18515
-0.00828 -0.02971 1.19419
-0.00119 -0.02795 1.18617
-0.00461 -0.02708 1.18476
-0.00693 -0.03103 1.17496
-0.00460 -0.03106 1.16974
-0.01468 -0.02636 1.17124
-0.00857 -0.02664 1.16699
-0.00972 -0.02902 1.15981
-0.00583 -0.02773 1.14786
0.00259 -0.01426 1.14199
-0.00287 -0.00589 1.14853
-0.00109 -0.00935 1.14870
-0.00934 -0.02329 1.14083
-0.00566 -0.02869 1.12866
-0.00257 -0.02378 1.12125
-0.00527 -0.03850 1.10960
-0.00861 -0.01821 1.10704
0.01524 -0.01451 1.10951
-0.00131 -0.02472 1.10614
0.00675 -0.01525 1.10062
