0.01652 18.01988 10.33865
0.00412 4.36463 2.50095
0.00254 2.59309 1.48577
0.00541 5.18515 2.97120
0.01047 9.12873 5.23220
0.01301 10.17076 5.82993
0.01622 11.51478 6.60114
0.01806 11.69074 6.70212
0.01482 8.93340 5.12016
0.02207 12.66881 7.26355
0.02832 15.58725 8.93990
0.02699 14.29740 8.19880
0.03351 17.02158 9.76446
0.00709 3.45878 1.98183
0.00157 0.74259 0.42548
0.00536 2.44864 1.40300
0.01007 4.51369 2.58637
0.00548 2.44603 1.40151
0.01601 6.91479 3.96267
0.01820 7.76604 4.45073
0.01486 6.28739 3.60300
0.00396 1.63607 0.93741
0.01621 6.45011 3.69628
0.01864 7.07990 4.05733
0.00341 1.27463 0.73031
0.00565 2.05695 1.17857
0.00421 1.49238 0.85508
0.01894 6.44448 3.69305
0.01593 5.24234 3.00398
0.00585 1.84460 1.05689
0.01593 4.87516 2.79354
0.00574 1.70221 0.97531
0.01116 3.15760 1.80925
0.00544 1.48448 0.85055
0.00922 2.40815 1.37980
0.02430 6.18987 3.54710
0.02033 5.02993 2.88224
0.02260 5.36432 3.07390
0.01392 3.18507 1.82499
0.00576 1.27861 0.73259
0.00749 1.61175 0.92348
0.00914 1.91376 1.09652
0.00949 1.91551 1.09752
0.00770 1.50815 0.86412
0.00838 1.58164 0.90622
0.00928 1.70138 0.97483
0.00584 1.04349 0.59788
0.00863 1.49492 0.85654
0.00522 0.88536 0.50727
0.00683 1.12283 0.64334
0.00893 1.43183 0.82039
0.01535 2.40092 1.37566
0.00709 1.08221 0.62006
0.01036 1.55665 0.89190
0.00674 0.98615 0.56502
0.01162 1.65909 0.95060
0.01141 1.59129 0.91175
0.01244 1.70034 0.97423
0.01368 1.84352 1.05628
0.01664 2.20206 1.26171
0.01322 1.72236 0.98685
0.01240 1.57543 0.90266
0.00616 0.77637 0.44483
0.00582 0.72583 0.41587
0.01000 1.24531 0.71351
0.00775 0.95980 0.54993
0.00503 0.61170 0.35048
0.01052 1.26482 0.72470
0.00247 0.29204 0.16733
0.00851 1.00166 0.57391
0.00135 0.15893 0.09106
0.00742 0.87409 0.50082
0.00344 0.40813 0.23384
0.00356 0.42352 0.24266
0.00228 0.26967 0.15451
0.01101 1.30752 0.74916
0.01290 1.52854 0.87580
0.01055 1.26453 0.72453
0.00405 0.48399 0.27731
0.00338 0.40308 0.23095
0.00896 1.06713 0.61142
0.01113 1.32047 0.75658
0.00745 0.88326 0.50607
0.00427 0.51037 0.29242
0.00787 0.94251 0.54002
0.00680 0.81602 0.46755
0.00495 0.59605 0.34151
0.00908 1.09415 0.62691
0.00837 1.00896 0.57809
0.00742 0.89773 0.51436
0.01116 1.35143 0.77432
0.00213 0.25761 0.14760
0.00208 0.25247 0.14465
0.00104 0.12629 0.07236
0.00400 0.48805 0.27963
0.00648 0.79671 0.45648
0.01282 1.59013 0.91109
0.01276 1.59243 0.91240
0.00438 0.54649 0.31312
0.00497 0.62203 0.35640
0.00781 0.98003 0.56152
0.00497 0.62907 0.36043
0.00947 1.20538 0.69064
0.00835 1.06710 0.61141
0.01381 1.77425 1.01658
0.01540 1.98310 1.13625
0.00754 0.98245 0.56290
0.00603 0.79338 0.45458
0.01054 1.40387 0.80436
0.00792 1.07462 0.61571
0.01730 2.37027 1.35809
0.01487 2.08697 1.19577
0.00889 1.27324 0.72952
0.01952 2.85899 1.63814
0.01739 2.60598 1.49316
0.00199 0.30597 0.17531
0.00839 1.31878 0.75561
0.01093 1.76142 1.00923
0.00608 1.01073 0.57911
0.02382 4.07689 2.33605
0.01746 3.10935 1.78160
0.01823 3.37340 1.93291
0.01964 3.80371 2.17950
0.04240 8.53622 4.89238
0.06372 13.27009 7.60879
0.03321 7.18715 4.11882
0.03129 6.74974 3.86805
0.00903 2.01025 1.15181
0.00291 0.64444 0.36924
0.01600 3.65480 2.09416
0.00582 1.30682 0.74876
0.00632 1.45122 0.83149
0.01203 2.72720 1.56262
0.00983 2.23453 1.28032
0.01661 3.86253 2.21320
0.01648 3.85459 2.20866
0.02472 5.92640 3.39607
0.02247 5.20458 2.98234
0.01742 3.97691 2.27875
0.01096 2.36227 1.35351
0.00712 1.48434 0.85047
0.00738 1.51709 0.86923
0.01099 2.14325 1.22801
0.00762 1.45529 0.83383
0.00723 1.33607 0.76552
0.02333 4.15440 2.38047
0.02264 3.92585 2.24949
0.01839 3.09133 1.77127
0.02919 4.77944 2.73868
0.02242 3.56587 2.04320
0.04084 6.36522 3.64762
0.00924 1.40548 0.80529
0.00541 0.80595 0.46178
0.01456 2.12299 1.21641
0.01154 1.64599 0.94310
0.01762 2.45754 1.40810
0.01833 2.52904 1.44907
0.01705 2.30938 1.32321
0.03426 4.58824 2.62910
0.00749 0.98151 0.56237
0.00712 0.91749 0.52569
0.01332 1.70888 0.97913
0.02154 2.77018 1.58724
0.01763 2.29225 1.31339
0.00753 0.97764 0.56015
0.00842 1.08870 0.62378
0.00498 0.64408 0.36903
0.01054 1.36353 0.78125
0.00545 0.71298 0.40851
0.00657 0.86180 0.49378
0.00682 0.89428 0.51238
0.00019 0.02528 0.01449
0.00797 1.03571 0.59342
0.01408 1.84788 1.05877
0.01692 2.22234 1.27334
0.01801 2.38700 1.36768
0.00896 1.19493 0.68465
0.02335 3.09818 1.77520
0.01158 1.53443 0.87918
0.01270 1.67805 0.96146
0.01545 2.02181 1.15843
0.01856 2.41532 1.38391
0.00769 0.99671 0.57107
0.01327 1.70505 0.97693
0.00621 0.79007 0.45268
0.00349 0.44323 0.25395
0.00103 0.12883 0.07381
0.00789 0.98979 0.56711
0.00291 0.36408 0.20860
0.01290 1.58667 0.90911
0.00441 0.53707 0.30772
0.00668 0.80214 0.45959
0.01451 1.73043 0.99147
0.01452 1.71547 0.98291
0.01022 1.19776 0.68627
0.00828 0.96599 0.55348
0.01319 1.52823 0.87562
0.01253 1.45099 0.83136
0.02009 2.31884 1.32863
0.01350 1.54975 0.88795
0.00421 0.48267 0.27655
0.00822 0.93461 0.53549
0.00375 0.42585 0.24400
0.01539 1.75824 1.00741
0.00983 1.12987 0.64737
0.01657 1.92485 1.10287
0.00291 0.33787 0.19359
0.01202 1.40521 0.80513
0.00358 0.41774 0.23935
0.01569 1.83706 1.05257
0.00773 0.89944 0.51534
0.00709 0.83013 0.47563
0.02295 2.74013 1.57003
0.01628 1.95695 1.12127
0.01516 1.82116 1.04346
0.01542 1.86528 1.06874
0.00737 0.89714 0.51403
0.01509 1.84546 1.05739
0.02310 2.84383 1.62945
0.01580 1.94267 1.11308
0.00883 1.08694 0.62278
0.02438 3.00408 1.72128
0.00597 0.73821 0.42296
0.01648 2.05545 1.17771
0.01621 2.03982 1.16875
0.02925 3.67043 2.10312
0.01138 1.44483 0.82783
0.01154 1.47793 0.84680
0.01272 1.63662 0.93772
0.01315 1.70403 0.97635
0.00416 0.53819 0.30836
0.01993 2.58399 1.48056
0.01160 1.50569 0.86270
0.01468 1.92142 1.10091
0.00559 0.74000 0.42399
0.01819 2.42015 1.38668
0.01163 1.54443 0.88490
0.01893 2.50044 1.43268
0.01592 2.10532 1.20628
0.01003 1.32063 0.75667
0.01284 1.70726 0.97820
0.00488 0.65961 0.37793
0.01594 2.17565 1.24658
0.00978 1.32540 0.75940
0.00634 0.84399 0.48357
0.02474 3.26914 1.87316
0.01819 2.40558 1.37833
0.01584 2.11862 1.21390
0.00589 0.78913 0.45214
0.04834 6.47137 3.70847
0.01180 1.57924 0.90484
0.00897 1.19101 0.68240
0.00824 1.08995 0.62450
0.02016 2.68120 1.53626
0.00601 0.78996 0.45262
0.01385 1.81212 1.03828
0.00982 1.28213 0.73461
0.01725 2.27289 1.30230
0.00658 0.87430 0.50094
0.00469 0.62074 0.35566
0.00584 0.76474 0.43817
0.01040 1.34298 0.76948
0.01164 1.50269 0.86099
0.01375 1.77973 1.01972
0.00944 1.23535 0.70781
0.01386 1.81077 1.03751
0.00941 1.22493 0.70184
0.02650 3.41292 1.95555
0.01719 2.22525 1.27500
0.01281 1.66699 0.95513
0.01784 2.33297 1.33672
0.00676 0.88765 0.50859
0.03013 3.96255 2.27052
0.02262 2.97886 1.70682
0.02262 2.99935 1.71857
0.02362 3.17389 1.81858
0.01402 1.89371 1.08503
0.00549 0.74663 0.42779
0.00565 0.76074 0.43588
0.00216 0.29250 0.16759
0.01561 2.13944 1.22583
0.01280 1.79816 1.03029
0.00283 0.40624 0.23276
0.00258 0.38119 0.21841
0.00749 1.13267 0.64897
0.00652 1.00817 0.57764
0.01132 1.80512 1.03427
0.01965 3.22161 1.84592
0.01049 1.78078 1.02032
0.01653 2.93728 1.68300
0.00650 1.20580 0.69088
0.00586 1.13891 0.65255
0.00458 0.92755 0.53145
0.00425 0.90150 0.51652
0.03379 7.48056 4.28704
0.02061 4.71957 2.70437
0.02010 4.83263 2.76916
0.01386 3.47804 1.99287
0.00791 2.08199 1.19292
0.00787 2.17050 1.24363
0.00771 2.26933 1.30026
0.00348 1.09727 0.62869
0.00145 0.47912 0.27452
0.01230 4.31910 2.47486
0.02459 9.09504 5.21287
0.02399 9.44727 5.41490
0.00924 3.80034 2.17757
0.00912 3.99823 2.29097
0.01567 7.29202 4.17895
0.01021 4.76930 2.73287
0.00856 3.94318 2.25942
0.01205 5.64422 3.23433
0.00823 3.74699 2.14700
0.00795 3.63692 2.08392
0.01486 6.97977 3.99993
0.01277 5.81921 3.33463
0.00305 1.43184 0.82039
0.01550 7.14581 4.09512
0.00305 1.40854 0.80704
0.00338 1.60252 0.91819
0.00425 1.95981 1.12291
0.00720 3.27805 1.87827
0.00825 3.70405 2.12239
0.01051 4.17859 2.39433
0.00751 2.89330 1.65780
0.00892 3.08241 1.76616
0.00336 1.10668 0.63408
0.00096 0.31402 0.17992
0.00625 1.87026 1.07160
0.00905 2.57935 1.47790
0.00453 1.31491 0.75339
0.00629 1.68084 0.96306
0.01544 4.17947 2.39483
0.00224 0.56383 0.32305
0.01951 4.75659 2.72558
0.00605 1.48029 0.84815
0.03073 7.02703 4.02702
0.02641 5.84394 3.34881
0.07402 15.88731 9.11236
0.07239 14.77027 8.47045
0.05557 11.07540 6.34899
0.04743 9.02646 5.17354
0.03141 5.72487 3.28056
0.00664 1.18025 0.67624
0.02146 3.65905 2.09660
0.00711 1.18683 0.68001
0.00722 1.16094 0.66517
0.00860 1.34450 0.77035
0.00716 1.08560 0.62200
0.00785 1.16004 0.66466
0.01002 1.44973 0.83064
0.00921 1.30270 0.74640
0.01119 1.54837 0.88716
0.01453 1.96015 1.12310
0.01021 1.35688 0.77744
0.00515 0.66614 0.38167
0.01005 1.27952 0.73311
0.01223 1.52356 0.87295
0.01408 1.71839 0.98458
0.00704 0.84267 0.48282
0.00893 1.05626 0.60520
0.00878 1.01813 0.58335
0.00837 0.96542 0.55315
0.01295 1.46929 0.84185
0.01238 1.38460 0.79332
0.00523 0.57458 0.32921
0.00842 0.91179 0.52242
0.01002 1.07574 0.61636
0.00974 1.03290 0.59181
0.00081 0.08508 0.04875
0.00528 0.54600 0.31283
0.00783 0.80035 0.45857
0.00287 0.29079 0.16661
0.00637 0.64712 0.37077
0.00288 0.29092 0.16669
0.00768 0.77697 0.44517
0.01080 1.09204 0.62570
0.00476 0.48162 0.27595
0.01085 1.09464 0.62719
0.02815 2.81954 1.61553
0.01427 1.43878 0.82437
0.00842 0.84677 0.48517
0.01686 1.68760 0.96693
0.04905 4.95441 2.83896
0.03452 3.46123 1.98324
0.01361 1.37406 0.78728
0.01714 1.72870 0.99049
0.01390 1.40865 0.80710
0.03366 3.38526 1.93970
0.02579 2.59064 1.48437
0.01857 1.87418 1.07384
0.02150 2.17790 1.24787
0.01656 1.67920 0.96212
0.02130 2.15092 1.23241
0.00938 0.94422 0.54100
0.01772 1.78871 1.02487
0.01433 1.43905 0.82452
0.00686 0.69537 0.39842
0.00733 0.74627 0.42758
0.00318 0.32377 0.18551
0.00343 0.34831 0.19957
0.00699 0.70782 0.40555
0.00692 0.70529 0.40410
0.01403 1.43678 0.82322
0.00720 0.73905 0.42345
0.01354 1.38982 0.79631
0.02869 2.94462 1.68720
0.01541 1.58796 0.90985
0.02688 2.77314 1.58894
0.02639 2.74884 1.57502
0.00702 0.73685 0.42218
0.01085 1.13972 0.65302
0.01000 1.05312 0.60339
0.00253 0.26646 0.15267
0.00328 0.34652 0.19854
0.00925 0.98031 0.56168
0.00333 0.35401 0.20283
0.01304 1.39083 0.79689
0.00435 0.46482 0.26632
0.00644 0.68875 0.39463
0.01096 1.17631 0.67398
0.01872 2.01597 1.15508
0.01331 1.44062 0.82542
0.01303 1.41901 0.81304
0.00774 0.85098 0.48758
0.02235 2.48273 1.42253
0.01198 1.34738 0.77200
0.02551 2.89269 1.65745
0.02090 2.41758 1.38521
0.01042 1.22019 0.69912
0.01918 2.28228 1.30768
0.01585 1.91633 1.09800
0.01586 1.93818 1.11051
0.01422 1.76247 1.00983
0.01083 1.35664 0.77730
0.01958 2.48258 1.42245
0.01547 1.99871 1.14520
0.01402 1.84986 1.05990
0.01116 1.50131 0.86019
0.01323 1.81911 1.04229
0.01750 2.43482 1.39508
0.00770 1.10936 0.63562
0.00608 0.88591 0.50759
0.00463 0.68877 0.39464
0.01077 1.62951 0.93365
0.00552 0.85242 0.48840
0.01795 2.81424 1.61249
0.02427 3.87239 2.21885
0.01520 2.45807 1.40840
0.01114 1.82255 1.04426
0.00682 1.13534 0.65051
0.00294 0.49681 0.28465
0.01545 2.69114 1.54196
0.00344 0.60824 0.34850
0.01335 2.40182 1.37618
0.03048 5.61555 3.21789
0.00900 1.67683 0.96077
0.01011 1.92933 1.10544
0.01946 3.81911 2.18832
0.01341 2.66082 1.52458
0.01192 2.39899 1.37455
0.00433 0.88091 0.50472
0.01488 3.05135 1.74837
0.00866 1.77318 1.01597
0.01732 3.57890 2.05067
0.02418 5.01823 2.87554
0.00815 1.66732 0.95531
0.01593 3.36297 1.92693
0.01284 2.76317 1.58323
0.03379 7.18894 4.11985
0.01285 2.81283 1.61169
0.02203 4.73092 2.71087
0.01028 2.29390 1.31434
0.02172 4.90123 2.80848
0.02064 4.51007 2.58430
0.01856 4.11325 2.35689
0.02092 4.41952 2.53241
0.02606 5.56010 3.18611
0.02157 4.57068 2.61903
0.02388 5.00073 2.86551
0.01924 4.05044 2.32089
0.01414 2.91673 1.67122
0.01159 2.38021 1.36379
0.01097 2.21678 1.27015
0.01365 2.72164 1.55943
0.02039 3.99974 2.29184
0.00823 1.58994 0.91098
0.01561 2.96385 1.69822
0.02132 3.95769 2.26774
0.01001 1.82378 1.04496
0.02014 3.58918 2.05656
0.00494 0.86436 0.49525
0.00762 1.28503 0.73627
0.01607 2.67078 1.53029
0.01105 1.78530 1.02292
0.00787 1.24412 0.71283
0.01857 2.87211 1.64565
0.01192 1.81312 1.03885
0.00878 1.30012 0.74492
0.00878 1.25631 0.71982
0.02217 3.10333 1.77815
0.00830 1.13562 0.65066
0.01749 2.33988 1.34069
0.01280 1.67987 0.96251
0.01046 1.33170 0.76302
0.00231 0.28787 0.16494
0.01690 2.07210 1.18725
0.02374 2.87198 1.64558
0.00881 1.05412 0.60397
0.00865 1.01061 0.57904
0.02176 2.50409 1.43477
0.01971 2.24582 1.28679
0.01772 2.00028 1.14609
0.02803 3.12223 1.78898
0.02962 3.26870 1.87291
0.01513 1.65161 0.94632
0.01476 1.59291 0.91268
0.01463 1.56036 0.89403
0.02134 2.27041 1.30087
0.01715 1.82346 1.04478
0.01523 1.62926 0.93351
0.01371 1.47204 0.84342
0.01143 1.22607 0.70249
0.01052 1.12191 0.64281
0.00373 0.39917 0.22871
0.01103 1.19191 0.68292
0.01051 1.14555 0.65635
0.01347 1.48011 0.84805
0.01386 1.50390 0.86168
0.00712 0.77717 0.44529
0.01103 1.20366 0.68965
0.00811 0.88217 0.50545
0.01859 2.07588 1.18941
0.01779 1.96718 1.12713
0.01679 1.86778 1.07017
0.01748 1.96215 1.12425
0.01661 1.87320 1.07328
0.01036 1.17455 0.67297
0.01028 1.16470 0.66733
0.00357 0.40881 0.23423
0.00906 1.03856 0.59506
0.01240 1.42967 0.81915
0.01333 1.53928 0.88195
0.01291 1.49209 0.85491
0.01178 1.38650 0.79441
0.01690 1.99415 1.14259
0.01854 2.19358 1.25685
0.00459 0.53681 0.30757
0.00841 0.98328 0.56338
0.00773 0.90253 0.51711
0.00457 0.53035 0.30387
0.01358 1.56481 0.89658
0.01003 1.13612 0.65095
0.01283 1.44983 0.83070
0.01144 1.28621 0.73695
0.00639 0.71687 0.41074
0.01446 1.59842 0.91583
0.01421 1.53279 0.87823
0.04906 5.25228 3.00968
0.04004 4.22360 2.42012
0.03107 3.27556 1.87684
0.03046 3.19027 1.82797
0.03936 4.08876 2.34285
0.03649 3.72263 2.13303
0.02795 2.80440 1.60686
0.03577 3.55981 2.03973
0.03029 2.99420 1.71561
0.02923 2.84626 1.63084
0.02726 2.65433 1.52087
0.02610 2.51482 1.44092
0.03586 3.44518 1.97404
0.02806 2.67481 1.53260
0.01985 1.88152 1.07805
0.01190 1.12534 0.64478
0.02872 2.71283 1.55438
0.02041 1.92966 1.10563
0.02042 1.92634 1.10373
0.02550 2.40569 1.37839
0.03544 3.35544 1.92262
0.02721 2.59131 1.48475
0.02815 2.68888 1.54066
0.01315 1.25650 0.71993
0.01831 1.75401 1.00499
0.02348 2.24475 1.28617
0.01365 1.30267 0.74638
0.00232 0.22583 0.12939
0.01118 1.08287 0.62044
0.02134 2.07323 1.18789
0.03416 3.32345 1.90429
0.02153 2.10240 1.20461
0.02547 2.49414 1.42908
0.02771 2.72597 1.56191
0.02189 2.16270 1.23916
0.01731 1.70970 0.97960
0.02250 2.24365 1.28554
0.00874 0.86821 0.49745
0.00435 0.43507 0.24928
0.01828 1.83715 1.05263
0.00744 0.75062 0.43007
0.00722 0.72839 0.41734
0.00744 0.75326 0.43159
0.01093 1.10983 0.63589
0.01543 1.57051 0.89985
0.01486 1.52269 0.87245
0.01398 1.43987 0.82499
0.01840 1.89416 1.08529
0.01394 1.44061 0.82542
0.01634 1.69801 0.97290
0.01028 1.07012 0.61314
0.01369 1.43506 0.82224
0.01304 1.36984 0.78487
0.01563 1.65270 0.94694
0.01190 1.26608 0.72542
0.01242 1.33156 0.76293
0.01184 1.28399 0.73568
0.01123 1.22573 0.70229
0.01033 1.15291 0.66057
0.00652 0.73844 0.42310
0.01653 1.90397 1.09091
0.02267 2.65770 1.52279
0.00586 0.70391 0.40331
0.00400 0.49245 0.28215
0.00825 1.04653 0.59962
0.01650 2.15759 1.23623
0.00577 0.78027 0.44706
0.01764 2.46961 1.41502
0.01915 2.79152 1.59948
0.01722 2.61274 1.49703
0.00457 0.72110 0.41316
0.01039 1.71245 0.98117
0.00859 1.48381 0.85017
0.00743 1.33537 0.76512
0.00120 0.22794 0.13060
0.29218 58.91447 34.26379
0.19222 41.46312 23.93017
0.14849 34.02197 19.58841
0.16696 41.56826 23.99175
0.10494 28.35236 16.29961
0.06874 20.33832 11.67318
0.17820 57.86581 33.63558
0.09741 36.54980 21.05985
0.08511 34.71713 19.99272
0.04158 18.44987 10.58605
0.02348 11.63519 6.67024
0.02597 13.17246 7.55273
0.02251 11.89533 6.81954
0.00764 4.12277 2.36234
0.01805 10.20244 5.84811
0.01091 6.57485 3.76779
0.12305 81.49542 48.09290
0.11431 81.17627 47.89274
0.09905 74.52433 43.75479
0.09090 71.96105 42.17647
0.08105 67.66862 39.55192
0.07198 63.73367 37.16482
0.06120 57.88583 33.64756
0.05474 58.19918 33.83517
0.03021 38.69548 22.31158
0.01696 26.81518 15.41037
0.01293 26.43410 15.19007
0.00539 14.48622 8.30727
0.00713 26.80880 15.40668
0.00836 48.51068 28.07459
0.00748 79.14152 46.62023
0.00564 91.54824 54.48289
0.00260 34.41873 19.81914
0.00151 73.13993 42.90130
0.00378 87.14190 51.66090
0.00370 60.12934 34.99290
0.00374 88.79784 52.71737
0.00634 131.40948 82.15016
0.00694 125.34239 77.61590
0.00733 140.20565 89.01912
0.00930 140.27400 89.07405
0.00486 104.51082 63.00746
0.00581 109.59744 66.45807
0.00264 108.54208 65.73668
0.00966 107.82707 65.24959
0.00663 119.74685 73.55860
0.00828 117.97108 72.29349
0.00576 129.77235 80.91167
0.00762 125.08138 77.42412
0.00523 129.11823 80.42002
0.00821 136.12772 85.78713
0.00665 121.80227 75.03610
0.00788 103.80150 62.53140
0.00896 106.24765 64.17831
0.00742 105.19331 63.46667
0.00494 102.74528 61.82473
0.00494 108.36339 65.61482
0.00590 108.23854 65.52973
0.00399 96.62802 57.78138
0.00301 103.18088 62.11585
0.00101 58.19618 33.83338
0.00283 128.89271 80.25093
0.00188 107.95631 65.33754
0.00593 138.42916 87.60042
0.00384 134.53004 84.54388
0.00391 132.05176 82.63923
0.00310 134.73515 84.70280
0.00676 127.70948 79.36718
0.00535 135.01370 84.91894
0.00289 124.65960 77.11475
0.00063 87.68540 52.00712
0.00032 51.90904 30.08615
0.00124 131.76266 82.41886
0.00204 134.33571 84.39350
0.00722 113.00221 68.80612
0.00456 95.47063 57.02535
0.00286 85.88763 50.86382
0.00151 97.17017 58.13647
0.00288 81.25355 47.94119
0.00147 90.77630 53.98598
0.00109 112.56690 68.50410
0.00335 136.88883 86.38382
0.05237 100.80279 60.53183
0.03587 101.44808 60.96037
0.03049 96.37906 57.61852
0.03197 92.63985 55.18749
0.01933 66.73312 38.98283
0.02188 60.02382 34.92951
0.01365 41.20519 23.77913
0.01779 46.80317 27.06724
0.02372 66.99808 39.14391
0.02128 51.42973 29.80188
0.02680 62.63257 36.49988
0.01680 34.91121 20.10565
0.01810 35.87019 20.66392
0.03552 65.29963 38.11273
0.01771 28.88091 16.60560
0.02060 29.08340 16.72286
0.03461 39.96113 23.05119
0.02698 25.33242 14.55350
0.02920 24.71420 14.19648
0.01801 13.17802 7.55592
0.02485 16.32244 9.36248
0.01653 10.02101 5.74402
0.00531 2.94207 1.68574
0.00330 1.74101 0.99754
0.01159 5.81164 3.33030
0.00782 3.70558 2.12326
0.00344 1.55955 0.89356
0.01074 4.64623 2.66234
0.00854 3.50247 2.00687
0.00579 2.18418 1.25147
0.00991 3.44097 1.97163
0.00756 2.37132 1.35870
0.01979 5.80238 3.32499
0.02773 7.56293 4.33427
0.00454 1.12633 0.64535
0.03457 8.12475 4.65642
0.02981 6.53878 3.74711
0.00987 2.00926 1.15124
0.02766 5.44107 3.11789
0.01383 2.54585 1.45871
0.03337 6.06628 3.47626
0.02760 4.82319 2.76375
0.01205 1.97818 1.13343
0.01528 2.48220 1.42223
0.02985 4.56854 2.61781
0.03426 5.18491 2.97107
0.00157 0.22860 0.13098
0.01178 1.63978 0.93953
0.03427 4.65716 2.66860
0.01446 1.88755 1.08150
0.01861 2.35462 1.34913
0.02067 2.54237 1.45671
0.01339 1.60705 0.92078
0.01985 2.32904 1.33447
0.01459 1.66680 0.95501
0.00350 0.38840 0.22254
0.00545 0.59090 0.33856
0.01568 1.66246 0.95253
0.01559 1.61461 0.92511
0.00600 0.60659 0.34755
0.01037 1.02193 0.58552
0.02113 2.03523 1.16612
0.01477 1.39935 0.80178
0.00926 0.85982 0.49264
0.02362 2.15607 1.23536
0.01338 1.20226 0.68885
0.00315 0.27966 0.16023
0.00680 0.59463 0.34070
0.00379 0.32672 0.18720
0.02031 1.73098 0.99179
0.01305 1.09998 0.63025
0.01570 1.30770 0.74926
0.00902 0.74747 0.42827
0.01257 1.03770 0.59456
0.00908 0.75338 0.43166
0.02017 1.68182 0.96362
0.01128 0.94176 0.53959
0.01307 1.09655 0.62828
0.02601 2.18248 1.25049
0.00964 0.80832 0.46314
0.02192 1.83748 1.05282
0.00331 0.27811 0.15935
0.00859 0.72322 0.41438
0.00412 0.34845 0.19965
0.02280 1.93506 1.10872
0.00942 0.79948 0.45807
0.01278 1.08606 0.62227
0.00721 0.61384 0.35170
0.01084 0.92883 0.53218
0.02073 1.78515 1.02283
0.01502 1.29557 0.74231
0.00297 0.25658 0.14701
0.01045 0.90340 0.51761
0.01475 1.27974 0.73324
0.02842 2.47793 1.41978
0.01543 1.35220 0.77476
0.02241 1.97107 1.12936
0.01124 0.98568 0.56476
0.00883 0.77832 0.44594
0.00701 0.61916 0.35475
0.00289 0.25639 0.14690
0.00670 0.59804 0.34265
0.01398 1.24181 0.71151
0.02512 2.24499 1.28631
0.02196 1.96750 1.12731
0.01235 1.10996 0.63596
0.01041 0.93605 0.53632
0.00796 0.71955 0.41228
0.00870 0.78799 0.45149
0.01349 1.22672 0.70286
0.00999 0.90906 0.52086
0.01246 1.13318 0.64927
0.01459 1.32206 0.75749
0.00918 0.83404 0.47787
0.01128 1.02055 0.58474
0.00397 0.36464 0.20892
0.00806 0.73317 0.42008
0.01380 1.25890 0.72130
0.01213 1.12266 0.64324
0.00699 0.64977 0.37229
0.01655 1.54984 0.88800
0.01197 1.10734 0.63446
0.00489 0.45426 0.26027
0.01299 1.20290 0.68921
0.00776 0.71992 0.41249
0.00586 0.54442 0.31193
0.01650 1.54600 0.88580
0.00899 0.85437 0.48952
0.00582 0.55244 0.31652
0.01755 1.66770 0.95553
0.01520 1.45180 0.83182
0.03342 3.17985 1.82200
0.01481 1.39279 0.79802
0.01895 1.78416 1.02226
0.00307 0.28713 0.16451
0.01240 1.16534 0.66770
0.00774 0.72611 0.41603
0.01044 0.98756 0.56583
0.01665 1.57360 0.90162
0.01374 1.30445 0.74740
0.01185 1.12706 0.64576
0.02026 1.94036 1.11176
0.00947 0.91256 0.52286
0.00177 0.17097 0.09796
0.01123 1.09206 0.62571
0.01332 1.28704 0.73742
0.00663 0.64265 0.36821
0.00459 0.44696 0.25609
0.01188 1.16529 0.66767
0.01273 1.25786 0.72071
0.01675 1.65029 0.94556
0.00322 0.31752 0.18193
0.01811 1.79795 1.03016
0.02133 2.12193 1.21580
0.02120 2.12557 1.21789
0.02588 2.60300 1.49145
0.02168 2.21336 1.26819
0.01976 2.06211 1.18153
0.03422 3.63944 2.08536
0.03187 3.44607 1.97455
0.03588 3.96224 2.27035
0.02950 3.33508 1.91095
0.05299 6.16792 3.53452
0.03994 4.74178 2.71709
0.04639 5.67062 3.24946
0.04840 6.05006 3.46696
0.03283 4.18155 2.39603
0.05449 7.15839 4.10233
0.04291 5.79525 3.32090
0.05438 7.58128 4.34479
0.03731 5.34436 3.06246
0.05461 8.13858 4.66435
0.03738 5.72142 3.27858
0.03933 6.30946 3.61566
0.04316 7.11820 4.07929
0.05097 8.29296 4.75288
0.02370 4.29486 2.46096
0.03411 5.87625 3.36733
0.01023 1.89375 1.08506
0.01043 1.92664 1.10390
0.02647 4.99109 2.85998
0.03548 6.79046 3.89140
0.02895 5.64950 3.23735
0.05246 10.31350 5.91182
0.06777 13.28762 7.61886
0.03065 6.11203 3.50248
0.01466 2.95697 1.69428
0.02850 5.74967 3.29477
0.00469 0.96884 0.55511
0.04267 8.88697 5.09354
0.01223 2.53081 1.45009
0.01376 2.90108 1.66226
0.01732 3.63207 2.08114
0.01426 3.03740 1.74037
0.01327 2.80622 1.60790
0.03457 7.14832 4.09656
0.00813 1.70169 0.97501
0.00081 0.16660 0.09545
0.01667 3.49810 2.00437
0.02636 5.52940 3.16852
0.00937 1.92138 1.10088
0.02449 5.03032 2.88246
0.04050 8.13016 4.65952
0.00592 1.18941 0.68149
0.00422 0.83071 0.47596
0.00265 0.51221 0.29348
0.00529 1.01098 0.57925
0.01448 2.72690 1.56245
0.03692 6.81750 3.90690
0.01200 2.15782 1.23636
0.02172 3.78646 2.16961
0.01333 2.27034 1.30084
0.01302 2.15147 1.23273
0.01802 2.89804 1.66051
0.01088 1.70464 0.97670
0.01154 1.76301 1.01014
0.01491 2.22757 1.27633
0.01732 2.52042 1.44414
0.00813 1.15001 0.65891
0.01535 2.14086 1.22664
0.00276 0.37623 0.21557
0.01398 1.86724 1.06986
0.02334 3.07714 1.76314
0.01337 1.75355 1.00472
0.01432 1.87029 1.07161
0.02415 3.15297 1.80659
0.04069 5.33277 3.05581
0.02251 2.93359 1.68088
0.01392 1.81462 1.03971
0.00958 1.24677 0.71435
0.00284 0.36980 0.21188
0.00443 0.57613 0.33010
0.00640 0.83393 0.47781
0.00628 0.81703 0.46812
0.02021 2.63610 1.51042
0.02102 2.74642 1.57363
0.02200 2.87521 1.64743
0.01930 2.53657 1.45339
0.01400 1.84163 1.05519
0.02233 2.95462 1.69293
0.00721 0.95719 0.54843
0.01127 1.50118 0.86012
0.00410 0.54953 0.31486
0.01029 1.38713 0.79477
0.01485 2.02949 1.16283
0.01760 2.43528 1.39535
0.01484 2.08002 1.19179
0.02609 3.71144 2.12662
0.01803 2.61542 1.49857
0.01374 2.03101 1.16370
0.01992 2.99388 1.71543
0.02470 3.74899 2.14814
0.02988 4.57283 2.62027
0.01761 2.71145 1.55359
0.00777 1.20235 0.68890
0.01580 2.47594 1.41864
0.02574 4.05959 2.32613
0.00763 1.21348 0.69527
0.00889 1.42139 0.81440
0.01396 2.25072 1.28960
0.01014 1.64437 0.94217
0.01535 2.51065 1.43854
0.01253 2.05230 1.17590
0.01681 2.76835 1.58620
0.01652 2.72806 1.56311
0.01211 2.00740 1.15018
0.01030 1.71805 0.98438
0.01006 1.68136 0.96336
0.01241 2.08252 1.19322
0.00513 0.86291 0.49441
0.00408 0.69372 0.39747
0.01466 2.50499 1.43529
0.00700 1.20650 0.69128
0.00628 1.09396 0.62680
0.01864 3.31088 1.89708
0.00769 1.38590 0.79407
0.01110 2.04008 1.16890
0.01740 3.27153 1.87453
0.01782 3.41664 1.95769
0.00615 1.20738 0.69178
0.00451 0.90770 0.52008
0.00481 0.99258 0.56871
0.00205 0.43154 0.24725
0.00974 2.10703 1.20726
0.00862 1.90125 1.08935
0.00761 1.73561 0.99445
0.00851 2.01362 1.15374
0.00917 2.17089 1.24385
0.01078 2.90421 1.66405
0.00957 2.58879 1.48331
0.01185 3.45779 1.98127
0.01312 4.08178 2.33885
0.01364 4.47584 2.56468
0.01369 4.76918 2.73280
0.01074 3.89024 2.22908
0.01699 6.30916 3.61548
0.00543 2.08379 1.19395
0.01015 3.91251 2.24185
0.02374 9.19377 5.26950
0.01967 7.66866 4.39490
0.02768 10.92417 6.26220
0.02537 10.03428 5.75163
0.01616 6.43042 3.68500
0.02797 11.30739 6.48212
0.02992 12.02416 6.89350
0.02963 11.98458 6.87077
0.02551 10.35422 5.93518
0.02892 11.79600 6.76254
0.02665 10.94155 6.27217
0.04158 17.22438 9.88109
0.06058 25.02915 14.37835
0.03977 16.76026 9.61420
0.04035 17.12726 9.82523
0.03790 15.91552 9.12857
0.04718 20.03676 11.49951
0.03296 13.99388 8.02446
0.01553 6.66756 3.82094
0.01153 4.98715 2.85772
0.00980 4.25632 2.43888
0.01365 5.96758 3.41968
0.00796 3.49727 2.00389
0.01010 4.37234 2.50537
0.00647 2.84774 1.63169
0.00922 4.08638 2.34149
0.00970 4.32088 2.47588
0.00819 3.64160 2.08660
0.00866 3.86776 2.21620
0.00445 1.98842 1.13930
0.00982 4.31197 2.47077
0.00493 2.09316 1.19931
0.00277 1.12143 0.64254
0.00701 2.70619 1.55058
0.00140 0.51603 0.29566
0.00461 1.63686 0.93786
0.01109 3.78573 2.16920
0.00531 1.76002 1.00843
0.00583 1.88499 1.08004
0.01612 5.08322 2.91278
0.00435 1.33895 0.76717
0.01674 5.00611 2.86859
0.01918 5.62784 3.22494
0.00449 1.28356 0.73543
0.01538 4.31737 2.47386
0.00387 1.05885 0.60668
0.00370 0.98257 0.56297
0.00371 0.95652 0.54805
0.02937 7.31502 4.19214
0.05902 14.34991 8.22896
0.04023 9.92892 5.69119
0.04884 12.18321 6.98479
0.03484 8.89520 5.09826
0.03789 9.77296 5.60173
0.03180 8.32531 4.77143
0.02934 7.74402 4.43811
0.01197 3.18777 1.82654
0.00728 1.94809 1.11619
0.00741 1.98251 1.13591
0.01417 3.82787 2.19334
0.00842 2.32286 1.33093
0.00790 2.21913 1.27149
0.01198 3.38996 1.94240
0.04213 11.95786 6.85544
0.01013 2.89694 1.65988
0.00720 2.06916 1.18557
0.00964 2.80380 1.60651
0.02524 7.45231 4.27085
0.00289 0.86368 0.49486
0.00340 1.09689 0.62848
0.00230 0.83321 0.47739
0.00296 1.26015 0.72202
0.00568 2.85981 1.63860
0.00642 3.97925 2.28009
0.00939 7.42373 4.25446
0.00162 1.73343 0.99320
0.00682 11.90813 6.82690
0.00724 27.85515 16.01188
0.00110 99.01974 59.35252
0.00436 23.91111 13.73290
0.00575 58.99617 34.31278
0.00345 83.07895 49.08836
0.00371 76.06881 44.70999
0.00429 92.37340 55.01529
0.00008 5.02687 2.88049
