0.03055 23.99955 13.78395
0.02720 19.01523 10.91140
0.02705 16.43387 9.42654
0.00368 2.05792 1.17912
0.03412 17.65817 10.13058
0.05124 24.61121 14.13702
0.00529 2.40592 1.37852
0.02357 10.06737 5.77061
0.00548 2.20200 1.26168
0.00418 1.57694 0.90353
0.00527 1.94749 1.11584
0.01621 5.81289 3.33101
0.02290 7.77579 4.45632
0.02045 6.68842 3.83290
0.04037 12.69924 7.28103
0.04495 13.50692 7.74479
0.03624 10.45332 5.99204
0.01626 4.43623 2.54198
0.01333 3.47710 1.99233
0.01242 3.06534 1.75638
0.01355 3.17512 1.81929
0.00851 1.89569 1.08617
0.01097 2.31935 1.32892
0.00813 1.64410 0.94201
0.00666 1.28725 0.73754
0.03262 6.01298 3.44571
0.02409 4.23210 2.42499
0.00755 1.27056 0.72798
0.00800 1.28501 0.73626
0.01587 2.45517 1.40675
0.01554 2.31458 1.32619
0.01979 2.84124 1.62797
0.02073 2.89486 1.65869
0.01668 2.25739 1.29342
0.01238 1.63583 0.93727
0.01407 1.81789 1.04159
0.01551 1.95926 1.12259
0.01684 2.10579 1.20655
0.00507 0.62978 0.36084
0.00846 1.04498 0.59874
0.01766 2.18032 1.24926
0.01285 1.57435 0.90204
0.01349 1.64490 0.94247
0.01256 1.52655 0.87466
0.02757 3.33042 1.90828
0.01688 2.03579 1.16644
0.03798 4.54498 2.60431
0.02918 3.48511 1.99692
0.00137 0.16350 0.09368
0.00918 1.09165 0.62547
0.02694 3.20149 1.83440
0.02596 3.08102 1.76537
0.03170 3.75536 2.15179
0.02089 2.48260 1.42246
0.02673 3.16465 1.81329
0.03172 3.72543 2.13464
0.03859 4.56865 2.61787
0.06423 7.68685 4.40533
0.07336 8.83809 5.06550
0.06394 7.73930 4.43540
0.02950 3.54102 2.02896
0.03895 4.67231 2.67728
0.03191 3.82493 2.19166
0.02768 3.31764 1.90096
0.01050 1.26673 0.72579
0.00836 1.01621 0.58225
0.00870 1.07179 0.61409
0.01632 2.02886 1.16247
0.01567 1.95779 1.12175
0.00485 0.60368 0.34589
0.00811 1.00768 0.57736
0.00499 0.61612 0.35301
0.00146 0.17746 0.10167
0.00716 0.85393 0.48927
0.00552 0.64359 0.36875
0.00589 0.67265 0.38540
0.01552 1.73989 0.99690
0.01573 1.73138 0.99202
0.02370 2.56259 1.46829
0.02397 2.54252 1.45680
0.02136 2.22169 1.27296
0.02032 2.08021 1.19189
0.01485 1.49978 0.85932
0.01320 1.31839 0.75539
0.01913 1.88082 1.07765
0.02145 2.08431 1.19425
0.01532 1.48010 0.84804
0.01674 1.60788 0.92126
0.01104 1.06253 0.60879
0.00611 0.58895 0.33745
0.01789 1.72858 0.99042
0.00704 0.68017 0.38971
0.00535 0.51879 0.29725
0.01043 1.01555 0.58187
0.01624 1.58336 0.90721
0.00991 0.96851 0.55492
0.01664 1.63877 0.93896
0.01857 1.83588 1.05190
0.02216 2.20300 1.26225
0.02373 2.35534 1.34954
0.01356 1.35157 0.77440
0.02093 2.10227 1.20454
0.00911 0.92184 0.52818
0.01690 1.72059 0.98584
0.01082 1.10183 0.63130
0.02111 2.16184 1.23867
0.01568 1.60987 0.92240
0.01483 1.51522 0.86817
0.01732 1.77488 1.01695
0.00679 0.70095 0.40162
0.04182 4.38910 2.51497
0.01019 1.07366 0.61516
0.01805 1.89711 1.08698
0.00769 0.80774 0.46280
0.01876 1.97287 1.13039
0.01838 1.93639 1.10949
0.01383 1.45708 0.83486
0.00225 0.23872 0.13677
0.01948 2.07084 1.18652
0.00146 0.15529 0.08898
0.01258 1.34692 0.77174
0.01046 1.12421 0.64413
0.00721 0.77386 0.44339
0.01312 1.40430 0.80461
0.01344 1.44825 0.82979
0.00895 0.96118 0.55072
0.00380 0.40918 0.23444
0.00244 0.26422 0.15139
0.00890 0.95971 0.54988
0.01010 1.09706 0.62857
0.01484 1.61870 0.92746
0.01728 1.90243 1.09003
0.01344 1.47582 0.84559
0.01627 1.77471 1.01685
0.01219 1.33024 0.76217
0.02147 2.36343 1.35418
0.02133 2.36496 1.35505
0.02118 2.34707 1.34480
0.00414 0.45747 0.26211
0.00892 0.98380 0.56368
0.00456 0.50453 0.28907
0.02855 3.14963 1.80468
0.01853 2.03822 1.16783
0.00599 0.66300 0.37987
0.01117 1.24170 0.71145
0.00869 0.96869 0.55502
0.00733 0.82054 0.47014
0.01300 1.45252 0.83224
0.01173 1.30636 0.74849
0.01253 1.38915 0.79593
0.01979 2.19169 1.25577
0.00568 0.63547 0.36410
0.00254 0.28392 0.16268
0.01621 1.81071 1.03748
0.01962 2.18131 1.24983
0.01451 1.61644 0.92616
0.02020 2.25388 1.29141
0.00862 0.96219 0.55129
0.00316 0.35301 0.20226
0.01808 2.01684 1.15559
0.00556 0.62062 0.35559
0.00888 0.99190 0.56832
0.02212 2.47839 1.42005
0.00998 1.11071 0.63639
0.00993 1.10776 0.63471
0.01516 1.69824 0.97303
0.00887 0.99465 0.56989
0.01112 1.25216 0.71744
0.01743 1.95789 1.12181
0.00673 0.75660 0.43350
0.02348 2.64166 1.51360
0.00694 0.77639 0.44484
0.00678 0.76704 0.43949
0.01731 1.98050 1.13476
0.01914 2.19532 1.25785
0.01132 1.29597 0.74254
0.01256 1.43809 0.82397
0.02741 3.15131 1.80564
0.03716 4.30921 2.46919
0.00718 0.83662 0.47935
0.00548 0.64266 0.36822
0.00689 0.81079 0.46455
0.01278 1.51175 0.86618
0.04470 5.34041 3.06019
0.01000 1.18726 0.68025
0.03709 4.45270 2.55142
0.01749 2.08733 1.19597
0.03207 3.89276 2.23053
0.05670 6.95346 3.98484
0.01729 2.13277 1.22201
0.01404 1.73631 0.99484
0.02917 3.59813 2.06169
0.01546 1.91998 1.10008
0.01591 1.99742 1.14446
0.01621 2.04082 1.16932
0.02137 2.69406 1.54363
0.01051 1.34371 0.76989
0.00210 0.27163 0.15563
0.01844 2.41118 1.38154
0.01796 2.35822 1.35119
0.01928 2.50956 1.43791
0.01291 1.67299 0.95856
0.04163 5.45477 3.12574
0.01426 1.90207 1.08982
0.01039 1.39554 0.79959
0.02190 2.92173 1.67409
0.02072 2.72767 1.56289
0.01579 2.08444 1.19432
0.01988 2.62874 1.50620
0.05098 6.79839 3.89594
0.04257 5.69851 3.26545
0.01934 2.56503 1.46969
0.02912 3.89020 2.22906
0.02257 3.01728 1.72884
0.00830 1.11197 0.63711
0.02461 3.34447 1.91633
0.01001 1.36689 0.78318
0.01452 1.99402 1.14251
0.01792 2.48128 1.42171
0.01772 2.47351 1.41725
0.02718 3.76991 2.16013
0.03216 4.47631 2.56495
0.02521 3.54889 2.03347
0.02929 4.17586 2.39277
0.02755 3.94979 2.26321
0.02911 4.19831 2.40563
0.02281 3.31591 1.89996
0.02103 3.06561 1.75653
0.01809 2.65620 1.52194
0.01212 1.79613 1.02912
0.03895 5.83210 3.34202
0.01085 1.65195 0.94651
0.01182 1.80324 1.03320
0.00988 1.54638 0.88602
0.01983 3.09130 1.77125
0.01380 2.17044 1.24359
0.01668 2.62091 1.50171
0.00619 0.98169 0.56247
0.01566 2.51919 1.44343
0.01621 2.63853 1.51181
0.02132 3.51097 2.01174
0.00675 1.10565 0.63350
0.01549 2.51698 1.44216
0.01285 2.04454 1.17146
0.01248 1.97669 1.13258
0.01828 2.89175 1.65691
0.00805 1.29369 0.74124
0.00621 1.00211 0.57417
0.00628 1.01155 0.57958
0.01130 1.80833 1.03611
0.01188 1.89094 1.08345
0.01816 2.83948 1.62696
0.01251 1.94707 1.11561
0.01597 2.47081 1.41571
0.00388 0.59786 0.34255
0.00514 0.79561 0.45585
0.01617 2.49973 1.43228
0.02028 3.12612 1.79121
0.01487 2.26827 1.29965
0.03007 4.50838 2.58333
0.02751 4.06699 2.33038
0.01929 2.86034 1.63891
0.03283 4.86827 2.78959
0.01456 2.11929 1.21428
0.01539 2.23157 1.27862
0.01243 1.76392 1.01066
0.01380 1.93076 1.10626
0.02042 2.87754 1.64877
0.01471 2.04399 1.17114
0.01134 1.55224 0.88938
0.00994 1.33228 0.76334
0.01534 2.05107 1.17519
0.00900 1.19819 0.68652
0.01324 1.76343 1.01038
0.01342 1.78244 1.02128
0.01258 1.67334 0.95876
0.01697 2.27017 1.30074
0.00789 1.05505 0.60450
0.02954 3.96949 2.27450
0.02123 2.84778 1.63171
0.01626 2.16751 1.24191
0.02203 2.94534 1.68762
0.04092 5.47109 3.13509
0.03000 4.00984 2.29762
0.03618 4.86489 2.78765
0.02718 3.64747 2.08996
0.01838 2.48856 1.42588
0.02030 2.73110 1.56485
0.01676 2.25423 1.29161
0.00803 1.07358 0.61512
0.00441 0.59035 0.33825
0.00498 0.67117 0.38455
0.00851 1.14409 0.65552
0.00376 0.50597 0.28990
0.00581 0.77196 0.44230
0.00804 1.07298 0.61477
0.00695 0.92014 0.52720
0.00509 0.67062 0.38424
0.01358 1.78356 1.02192
0.01252 1.64029 0.93983
0.01244 1.62249 0.92963
0.00069 0.08939 0.05122
0.01725 2.22242 1.27338
0.00323 0.41187 0.23598
0.00491 0.62787 0.35974
0.00656 0.83403 0.47786
0.01043 1.32357 0.75835
0.00292 0.36942 0.21166
0.00878 1.10869 0.63524
0.02017 2.53070 1.45003
0.01851 2.33064 1.33539
0.02649 3.31034 1.89677
0.03514 4.38318 2.51158
0.02793 3.49209 2.00092
0.02797 3.52125 2.01763
0.01973 2.50060 1.43278
0.01284 1.62358 0.93025
0.01734 2.17932 1.24868
0.01211 1.53095 0.87718
0.01123 1.43939 0.82471
0.01088 1.39452 0.79901
0.01392 1.77451 1.01673
0.01689 2.12518 1.21766
0.01429 1.78533 1.02293
0.01629 2.02684 1.16132
0.01292 1.60525 0.91975
0.01564 1.95384 1.11949
0.01935 2.44869 1.40303
0.01688 2.13327 1.22230
0.02813 3.54836 2.03316
0.00901 1.13546 0.65057
0.02261 2.85462 1.63563
0.01548 1.93934 1.11118
0.03946 4.90090 2.80829
0.03291 4.07863 2.33704
0.02264 2.79214 1.59983
0.01682 2.07106 1.18665
0.01672 2.04488 1.17165
0.01682 2.07092 1.18657
0.01919 2.40235 1.37648
0.01075 1.34725 0.77192
0.01935 2.43040 1.39255
0.01264 1.55818 0.89278
0.00748 0.91582 0.52473
0.01153 1.42056 0.81393
0.00452 0.55667 0.31895
0.01549 1.89391 1.08515
0.01030 1.25451 0.71878
0.02088 2.55498 1.46394
0.00247 0.30260 0.17337
0.00967 1.18806 0.68071
0.00659 0.81044 0.46435
0.00395 0.48327 0.27690
0.01807 2.20909 1.26574
0.00939 1.14566 0.65642
0.01736 2.12431 1.21716
0.01280 1.57034 0.89975
0.02784 3.41945 1.95930
0.01802 2.22104 1.27259
0.01925 2.35691 1.35044
0.01877 2.29435 1.31460
0.01993 2.43130 1.39307
0.01371 1.68212 0.96379
0.00854 1.03951 0.59560
0.01186 1.43747 0.82362
0.02134 2.59171 1.48498
0.01872 2.27892 1.30575
0.01466 1.79619 1.02915
0.03442 4.22021 2.41818
0.02873 3.50317 2.00727
0.03922 4.79193 2.74584
0.03223 3.95498 2.26618
0.02350 2.89437 1.65841
0.02515 3.09582 1.77384
0.03271 3.98848 2.28538
0.02143 2.62461 1.50383
0.01911 2.34076 1.34119
0.02263 2.78542 1.59598
0.00465 0.57354 0.32862
0.01457 1.77927 1.01946
0.00599 0.73194 0.41937
0.01443 1.74950 1.00240
0.01818 2.19893 1.25992
0.02964 3.57467 2.04825
0.02012 2.44363 1.40013
0.00834 1.01711 0.58276
0.01680 2.05912 1.17981
0.02171 2.63596 1.51034
0.01427 1.71220 0.98103
0.01253 1.48619 0.85153
0.00796 0.94574 0.54187
0.01768 2.08231 1.19310
0.01385 1.62071 0.92861
0.03177 3.70222 2.12134
0.01190 1.38211 0.79190
0.01205 1.39271 0.79797
0.00842 0.96825 0.55477
0.02373 2.74486 1.57274
0.03240 3.71968 2.13134
0.04284 4.92047 2.81950
0.03278 3.72993 2.13722
0.02204 2.48587 1.42433
0.02491 2.79214 1.59983
0.03181 3.52741 2.02116
0.03875 4.26126 2.44171
0.03151 3.47549 1.99141
0.02180 2.41568 1.38411
0.02571 2.86875 1.64373
0.02506 2.81607 1.61354
0.01740 1.94887 1.11664
0.02483 2.77132 1.58790
0.01805 1.99327 1.14208
0.02536 2.76090 1.58193
0.03255 3.51999 2.01691
0.03116 3.36454 1.92783
0.01662 1.79578 1.02892
0.07818 7.93943 4.55015
0.09776 9.69455 5.55675
0.11411 11.29495 6.47497
0.07969 8.07627 4.62862
0.05498 5.60591 3.21237
0.08507 8.66508 4.96628
0.05378 5.49001 3.14594
0.06100 6.18802 3.54604
0.04271 4.33791 2.48563
0.03918 3.98925 2.28582
0.02943 3.05235 1.74894
0.02080 2.13154 1.22130
0.03077 3.17587 1.81972
0.01415 1.45363 0.83287
0.01074 1.11333 0.63789
0.01768 1.82397 1.04507
0.01726 1.79279 1.02721
0.02229 2.31654 1.32731
0.01365 1.42062 0.81396
0.01153 1.21241 0.69466
0.02699 2.81907 1.61526
0.00855 0.89900 0.51509
0.02760 2.89968 1.66145
0.00493 0.52144 0.29877
0.02011 2.12070 1.21509
0.01483 1.56019 0.89393
0.01741 1.83260 1.05002
0.00964 1.01716 0.58279
0.02666 2.81064 1.61043
0.00989 1.05060 0.60195
0.02531 2.68970 1.54113
0.00278 0.29748 0.17044
0.01457 1.55033 0.88828
0.00888 0.93928 0.53817
0.01495 1.57338 0.90149
0.00712 0.74551 0.42714
0.01013 1.06458 0.60996
0.01084 1.14003 0.65319
0.00375 0.39417 0.22584
0.00503 0.52447 0.30050
0.00463 0.48063 0.27538
0.01813 1.87766 1.07584
0.01265 1.30475 0.74757
0.00715 0.73057 0.41859
0.00769 0.78503 0.44979
0.01608 1.65631 0.94901
0.02805 2.89336 1.65783
0.00610 0.62635 0.35887
0.02596 2.64338 1.51459
0.02001 2.02409 1.15974
0.01435 1.45041 0.83103
0.01617 1.62753 0.93251
0.02406 2.41675 1.38473
0.02212 2.21081 1.26673
0.02244 2.24594 1.28686
0.02573 2.56356 1.46885
0.02315 2.30169 1.31880
0.01369 1.35569 0.77676
0.00871 0.86332 0.49465
0.01894 1.86235 1.06706
0.01681 1.65848 0.95025
0.00240 0.23687 0.13572
0.00773 0.76091 0.43597
0.01765 1.74798 1.00153
0.01306 1.29325 0.74099
0.00346 0.34216 0.19604
0.01337 1.31485 0.75336
0.00551 0.54071 0.30980
0.00108 0.10604 0.06076
0.00672 0.66417 0.38054
0.00817 0.81228 0.46540
0.00769 0.76324 0.43730
0.00947 0.93870 0.53783
0.01126 1.10556 0.63344
0.01345 1.32404 0.75862
0.01529 1.50442 0.86197
0.02002 1.96754 1.12734
0.00880 0.86977 0.49834
0.00270 0.26636 0.15261
0.00951 0.94185 0.53964
0.00688 0.67708 0.38794
0.01135 1.11601 0.63943
0.00261 0.25773 0.14767
0.01290 1.27239 0.72903
0.01117 1.10376 0.63241
0.01487 1.46596 0.83994
0.01591 1.56805 0.89844
0.01937 1.91420 1.09677
0.02628 2.60300 1.49145
0.02254 2.23866 1.28269
0.01686 1.68285 0.96421
0.01326 1.32604 0.75977
0.02237 2.24693 1.28742
0.01050 1.05817 0.60629
0.01940 1.97422 1.13116
0.00744 0.76457 0.43807
0.01575 1.63739 0.93816
0.01152 1.21251 0.69472
0.01710 1.82399 1.04508
0.01605 1.73495 0.99407
0.00940 1.02942 0.58982
0.00798 0.89202 0.51109
0.01736 1.97669 1.13258
0.02243 2.61124 1.49618
0.02526 3.00222 1.72021
0.01301 1.57919 0.90482
0.01288 1.59712 0.91509
0.00534 0.67203 0.38504
0.01292 1.64820 0.94436
0.01365 1.76976 1.01401
0.01402 1.84625 1.05784
0.01531 2.05195 1.17570
0.02516 3.41251 1.95532
0.01470 2.03157 1.16402
0.00969 1.36786 0.78373
0.01301 1.85507 1.06289
0.03031 4.33185 2.48216
0.02665 3.79297 2.17334
0.01455 2.03628 1.16672
0.01760 2.44543 1.40117
0.00800 1.10345 0.63223
0.00987 1.35105 0.77410
0.01132 1.55418 0.89049
0.01180 1.61058 0.92280
0.01139 1.55445 0.89064
0.02886 3.91206 2.24159
0.00367 0.49055 0.28106
0.02535 3.35220 1.92076
0.02149 2.76805 1.58603
0.04130 5.24416 3.00502
0.02545 3.22598 1.84843
0.02509 3.18670 1.82592
0.04233 5.35652 3.06943
0.03520 4.43608 2.54190
0.02525 3.13449 1.79600
0.02103 2.60871 1.49472
0.00940 1.16230 0.66595
0.01985 2.48222 1.42225
0.02440 3.07997 1.76476
0.03350 4.24390 2.43176
0.01268 1.61569 0.92573
0.02369 3.04840 1.74667
0.01745 2.26335 1.29683
0.01947 2.56209 1.46801
0.01532 2.02900 1.16255
0.00991 1.33283 0.76366
0.02399 3.28852 1.88427
0.02802 3.88988 2.22888
0.02468 3.45413 1.97917
0.02831 3.99402 2.28855
0.02945 4.09889 2.34866
0.01810 2.57322 1.47439
0.00844 1.18583 0.67943
0.01582 2.21263 1.26777
0.01638 2.31162 1.32449
0.01568 2.14460 1.22879
0.00802 1.10042 0.63050
0.00715 0.95441 0.54684
0.00456 0.60271 0.34533
0.00611 0.81040 0.46432
0.01027 1.34998 0.77349
0.01497 1.96025 1.12316
0.01734 2.25692 1.29315
0.01447 1.86848 1.07057
0.01239 1.61300 0.92419
0.01072 1.41495 0.81071
0.01937 2.56996 1.47252
0.02131 2.81963 1.61558
0.00567 0.72742 0.41678
0.00226 0.28462 0.16308
0.01424 1.80710 1.03541
0.00332 0.43282 0.24799
0.00870 1.17318 0.67219
0.01946 2.58541 1.48137
0.01417 1.85068 1.06037
0.02540 3.29919 1.89038
0.01554 2.06134 1.18108
0.01340 1.83078 1.04897
0.01333 1.85983 1.06562
0.01836 2.57289 1.47420
0.02448 3.44616 1.97460
0.02938 4.19766 2.40526
0.03070 4.47160 2.56225
0.01937 2.86246 1.64012
0.01834 2.75087 1.57618
0.01831 2.76395 1.58367
0.02158 3.30068 1.89124
0.00096 0.14721 0.08435
0.00361 0.56972 0.32643
0.00648 1.03241 0.59153
0.00299 0.49874 0.28576
0.00674 1.17240 0.67174
0.00695 1.24558 0.71367
0.00298 0.55828 0.31987
0.00574 1.10751 0.63456
0.00636 1.29303 0.74086
0.02621 5.74720 3.29336
0.02457 5.70602 3.26975
0.02221 5.47173 3.13546
0.01271 3.35854 1.92439
0.01361 3.70433 2.12254
0.01854 5.26970 3.01967
0.01129 3.35146 1.92033
0.00928 2.88052 1.65047
0.01145 3.75569 2.15198
0.01596 5.56814 3.19072
0.00864 3.25324 1.86405
0.01379 5.57640 3.19546
0.00662 2.93363 1.68090
0.00521 2.58198 1.47941
0.00769 4.33792 2.48564
0.00810 5.07368 2.90731
0.00399 2.63724 1.51107
0.00306 2.03053 1.16343
0.00484 3.16757 1.81496
0.02643 16.80067 9.63743
0.00110 0.71865 0.41176
0.00569 3.84925 2.20559
0.00781 5.31699 3.04677
0.00819 5.56573 3.18934
0.00788 5.25354 3.01040
0.00753 4.62881 2.65235
0.00421 2.37271 1.35950
0.02284 11.66006 6.68451
0.01900 8.83771 5.06528
0.02943 13.00520 7.45669
0.01119 4.77036 2.73348
0.01024 4.12957 2.36624
0.01330 5.28385 3.02778
0.01168 4.41728 2.53112
0.01916 7.06831 4.05069
0.02453 9.01141 5.16490
0.01263 4.35077 2.49300
0.01356 4.49596 2.57621
0.00808 2.67647 1.53355
0.02354 7.19478 4.12320
0.00462 1.36213 0.78045
0.02285 6.78535 3.88847
0.01096 2.99188 1.71429
0.01493 4.11303 2.35676
0.00334 0.84662 0.48508
0.00241 0.58928 0.33763
0.00607 1.48152 0.84886
0.00310 0.70351 0.40308
0.03536 7.69749 4.41143
0.04367 9.31052 5.33647
0.04868 9.80242 5.61862
0.03491 6.89099 3.94903
0.04480 8.40384 4.81646
0.04520 8.18778 4.69256
0.01781 3.19344 1.82979
0.01362 2.36649 1.35593
0.01459 2.45502 1.40666
0.00934 1.54667 0.88618
0.00468 0.74598 0.42741
0.00897 1.40468 0.80483
0.01018 1.51774 0.86961
0.01571 2.28660 1.31015
0.01086 1.54276 0.88394
0.00977 1.36120 0.77992
0.01539 2.10411 1.20559
0.00804 1.07772 0.61749
0.01087 1.42740 0.81785
0.00793 1.02339 0.58636
0.00886 1.12121 0.64241
0.00805 1.00029 0.57312
0.00686 0.83575 0.47885
0.00638 0.76601 0.43889
0.00410 0.48450 0.27760
0.00355 0.41519 0.23789
0.01055 1.22366 0.70111
0.00689 0.78402 0.44921
0.00729 0.82385 0.47203
0.00992 1.10436 0.63275
0.01268 1.39392 0.79867
0.01348 1.45748 0.83508
0.01515 1.61397 0.92475
0.01488 1.56866 0.89879
0.01361 1.41967 0.81342
0.00189 0.19570 0.11213
0.01084 1.10413 0.63263
0.01517 1.52821 0.87561
0.01747 1.73690 0.99518
0.01864 1.83518 1.05149
0.01044 1.01874 0.58370
0.00513 0.49300 0.28247
0.00749 0.71356 0.40884
0.01677 1.59397 0.91329
0.03678 3.51082 2.01165
0.04500 4.25354 2.43728
0.04502 4.23616 2.42732
0.04001 3.72005 2.13155
0.05402 5.02128 2.87729
0.01762 1.62911 0.93342
0.04173 3.85894 2.21115
0.01700 1.57378 0.90172
0.01731 1.58275 0.90686
0.03395 3.10881 1.78129
0.01929 1.77474 1.01686
0.02470 2.25885 1.29426
0.03084 2.82401 1.61809
0.04751 4.27687 2.45065
0.03187 2.86787 1.64323
0.03293 3.01588 1.72804
0.02903 2.62176 1.50220
0.05539 5.08026 2.91109
0.01520 1.37119 0.78564
0.01021 0.91976 0.52698
0.00800 0.73628 0.42186
0.02952 2.65229 1.51970
0.05199 4.75955 2.72728
0.05314 4.77385 2.73547
0.04877 4.37150 2.50489
0.06660 5.99724 3.43668
0.04133 3.65782 2.09589
0.05063 4.49302 2.57453
0.01183 1.05639 0.60527
0.00587 0.51631 0.29582
0.01323 1.16785 0.66913
0.03538 3.09921 1.77579
0.04240 3.71339 2.12774
0.02849 2.48481 1.42373
0.03864 3.36931 1.93057
0.03626 3.14823 1.80388
0.02823 2.43822 1.39703
0.03551 3.03606 1.73960
0.02823 2.39087 1.36990
0.04556 3.81744 2.18736
0.03674 3.06163 1.75426
0.04816 3.99602 2.28971
0.03729 3.09007 1.77055
0.04370 3.57863 2.05051
0.02128 1.73217 0.99247
0.03423 2.75882 1.58074
0.03486 2.79449 1.60118
0.03779 3.02032 1.73058
0.01005 0.79653 0.45638
0.03119 2.44995 1.40375
0.04120 3.23475 1.85345
0.03503 2.72500 1.56136
0.02652 2.05243 1.17598
0.02398 1.84250 1.05569
0.02380 1.81859 1.04199
0.04166 3.11943 1.78737
0.03999 2.97702 1.70577
0.03818 2.82624 1.61937
0.04205 3.10748 1.78053
0.04904 3.59592 2.06042
0.03981 2.90678 1.66552
0.03737 2.71469 1.55545
0.02519 1.82280 1.04440
0.02127 1.52969 0.87646
0.03869 2.77102 1.58773
0.03497 2.49004 1.42673
0.03822 2.70608 1.55052
0.04064 2.86993 1.64440
0.03087 2.15965 1.23741
0.02572 1.79703 1.02964
0.02019 1.39790 0.80094
0.01780 1.22836 0.70380
0.02743 1.88212 1.07839
0.01794 1.22684 0.70293
0.02011 1.36307 0.78098
0.02132 1.44435 0.82756
0.02578 1.73467 0.99390
0.01149 0.77017 0.44128
0.03946 2.61940 1.50085
0.01932 1.28696 0.73738
0.02059 1.37477 0.78769
0.02388 1.58805 0.90989
0.01805 1.19913 0.68706
0.00967 0.63944 0.36638
0.02003 1.32029 0.75647
0.01782 1.17574 0.67365
0.00988 0.65072 0.37284
0.03064 2.01639 1.15533
0.01174 0.77310 0.44295
0.03107 2.03655 1.16688
0.01738 1.14368 0.65528
0.00620 0.40804 0.23379
0.00916 0.60381 0.34596
0.00681 0.44845 0.25694
0.01629 1.07474 0.61578
0.04301 2.84464 1.62991
0.02860 1.89828 1.08765
0.01722 1.14138 0.65396
0.02224 1.47426 0.84470
0.02275 1.51029 0.86534
0.01211 0.80624 0.46194
0.02760 1.84145 1.05509
0.02294 1.52294 0.87259
0.02967 1.97137 1.12953
0.00398 0.26512 0.15190
0.00400 0.26593 0.15237
0.00253 0.16847 0.09652
0.00900 0.59945 0.34346
0.00852 0.56688 0.32480
0.01240 0.82822 0.47453
0.00333 0.22239 0.12742
0.00633 0.42342 0.24260
0.03438 2.29795 1.31666
0.01468 0.98805 0.56611
0.00652 0.44188 0.25318
0.00363 0.24625 0.14109
0.00099 0.06789 0.03890
0.01536 1.05635 0.60525
0.00431 0.29871 0.17115
0.00922 0.64153 0.36757
0.01928 1.34928 0.77309
0.02138 1.50764 0.86382
0.01651 1.17049 0.67065
0.01512 1.08250 0.62023
0.01910 1.38395 0.79295
0.00221 0.16334 0.09358
0.00913 0.68354 0.39164
0.00673 0.51454 0.29481
0.01617 1.26250 0.72336
0.01432 1.14862 0.65811
0.01056 0.86154 0.49363
0.01150 0.95622 0.54788
0.00997 0.85535 0.49008
0.01219 1.07703 0.61709
0.01157 1.05432 0.60408
0.00800 0.75176 0.43073
0.00833 0.81378 0.46626
0.01138 1.15002 0.65892
0.00277 0.29443 0.16869
0.00368 0.40780 0.23365
0.00845 0.97970 0.56133
0.01277 1.56426 0.89627
0.00775 0.99705 0.57127
0.01220 1.65180 0.94642
0.01080 1.55542 0.89120
0.00582 0.87062 0.49883
0.01286 1.99489 1.14300
0.04817 8.12675 4.65757
0.02848 4.54730 2.60564
0.04448 7.96402 4.56426
0.02286 3.71665 2.12961
0.02085 3.38162 1.93762
0.05093 9.68360 5.55047
0.00916 1.53748 0.88092
0.09441 19.18387 11.00847
0.02293 4.00535 2.29505
0.09932 20.69850 11.88064
0.03924 7.28501 4.17493
0.03775 7.01640 4.02093
0.10402 21.70304 12.45946
0.02850 5.39614 3.09214
0.11330 22.96424 13.18662
0.04226 8.02194 4.59746
0.03880 7.36240 4.21930
0.07742 14.97109 8.58583
0.09140 17.29140 9.91963
0.02692 4.95506 2.83933
0.06073 11.11157 6.36974
0.08255 14.90433 8.54748
0.06751 11.45401 6.56626
0.06562 11.74200 6.73154
0.07058 11.43552 6.55565
0.04492 7.88340 4.51803
0.01733 2.94526 1.68757
0.10131 15.20251 8.71881
0.00661 1.07104 0.61366
0.01447 2.26740 1.29915
0.06477 9.23111 5.29092
0.01791 2.68245 1.53698
0.01508 2.19159 1.25571
0.04952 6.77524 3.88267
0.00782 1.08013 0.61887
0.00646 0.86999 0.49847
0.01296 1.70945 0.97946
0.00444 0.58768 0.33672
0.01919 2.42868 1.39157
0.01161 1.47165 0.84320
0.01821 2.30622 1.32139
0.01638 2.01820 1.15636
0.01105 1.36707 0.78328
0.01352 1.65969 0.95094
0.01143 1.37458 0.78758
0.02169 2.66114 1.52477
0.00736 0.87860 0.50340
0.02210 2.68624 1.53915
0.01714 2.03839 1.16793
0.01278 1.49597 0.85714
0.00654 0.77233 0.44252
0.01411 1.65067 0.94578
0.01199 1.36835 0.78401
0.01359 1.53610 0.88013
0.02317 2.59813 1.48866
0.01516 1.68971 0.96815
0.00981 1.09472 0.62723
0.02868 3.14675 1.80303
0.01145 1.25110 0.71683
0.00789 0.84566 0.48453
0.00391 0.41517 0.23788
0.00547 0.57625 0.33016
0.01332 1.39868 0.80139
0.00683 0.71198 0.40794
0.02507 2.56529 1.46984
0.03168 3.20942 1.83894
0.02237 2.23862 1.28266
0.02138 2.11402 1.21127
0.00995 0.97771 0.56019
0.02136 2.09820 1.20220
0.00785 0.77457 0.44380
0.00410 0.40382 0.23137
0.01231 1.21556 0.69647
0.00850 0.83696 0.47954
0.00253 0.24994 0.14321
0.00774 0.77170 0.44215
0.01773 1.76392 1.01066
0.00942 0.94282 0.54020
0.00900 0.91285 0.52303
0.00380 0.38771 0.22214
0.02648 2.73574 1.56751
0.02658 2.73797 1.56879
0.01842 1.90878 1.09367
0.01790 1.87121 1.07214
0.01635 1.72232 0.98683
0.01201 1.28321 0.73523
0.02053 2.21454 1.26886
0.01678 1.83220 1.04979
0.01905 2.08662 1.19557
0.00489 0.54488 0.31219
0.01665 1.87951 1.07689
0.00467 0.53939 0.30905
0.01429 1.68153 0.96346
0.01992 2.38466 1.36634
0.02219 2.72733 1.56269
0.01973 2.49939 1.43208
0.00778 1.01389 0.58092
0.00382 0.51432 0.29468
0.00725 1.00910 0.57817
0.00976 1.40686 0.80608
0.00485 0.73090 0.41877
0.00180 0.28392 0.16267
0.01244 2.05938 1.17996
0.00704 1.23029 0.70491
0.00517 0.96943 0.55544
0.00530 1.05638 0.60526
0.00854 1.81792 1.04160
0.01033 2.36812 1.35686
0.01177 2.86905 1.64390
0.00880 2.35294 1.34816
0.00359 1.03801 0.59474
0.00765 2.41824 1.38558
0.00596 2.06599 1.18375
0.00967 3.67142 2.10368
0.00197 0.80314 0.46017
0.00464 2.07775 1.19048
0.00647 2.98453 1.71007
0.01068 5.06067 2.89986
0.00493 2.37914 1.36318
0.01246 6.00153 3.43914
0.01160 5.55911 3.18554
0.01322 6.49257 3.72062
0.01310 6.47779 3.71215
0.01605 7.87983 4.51598
0.01217 6.02739 3.45396
0.01011 4.90707 2.81183
0.00317 1.60448 0.91931
0.00274 1.40867 0.80711
0.00448 2.42778 1.39105
0.00837 4.59284 2.63173
0.00494 2.71181 1.55380
0.00573 3.22813 1.84966
0.00794 4.61326 2.64344
0.00282 1.71319 0.98160
0.00988 6.38900 3.66125
0.02037 13.84614 7.93960
0.01159 8.05732 4.61775
0.01340 9.49491 5.44223
0.01344 9.45418 5.41887
0.02075 14.88147 8.53434
0.02073 14.09334 8.08159
0.02144 14.82494 8.50187
0.02195 16.25662 9.32465
0.01823 14.04664 8.05476
0.02308 17.75724 10.18756
0.00967 7.37750 4.22795
0.00656 4.87633 2.79421
0.00801 5.71086 3.27252
0.01480 9.84257 5.64165
0.00795 4.99315 2.86116
0.00759 4.27178 2.44774
0.00462 2.26509 1.29783
0.00871 3.74925 2.14829
0.00789 3.02474 1.73311
0.00496 1.70899 0.97919
0.00513 1.60548 0.91988
0.01507 4.34852 2.49171
0.00856 2.27094 1.30118
0.00396 0.99970 0.57279
0.02118 4.94002 2.83071
0.01024 2.27978 1.30625
0.00723 1.52702 0.87493
0.01266 2.58923 1.48356
0.01367 2.65508 1.52129
0.01352 2.48953 1.42643
0.01906 3.37600 1.93440
0.00838 1.45093 0.83133
0.01046 1.74559 1.00016
0.01063 1.70845 0.97888
0.02996 4.74216 2.71731
0.01079 1.64440 0.94218
0.00849 1.26140 0.72274
0.01009 1.45661 0.83458
0.01730 2.43125 1.39304
0.01280 1.75484 1.00546
0.01581 2.13479 1.22317
0.00539 0.70904 0.40625
0.01469 1.89420 1.08531
0.01351 1.68737 0.96680
0.02011 2.45244 1.40518
0.01965 2.36342 1.35417
0.01700 2.00394 1.14819
0.01857 2.16423 1.24004
0.02036 2.29820 1.31680
0.01312 1.46576 0.83983
0.01822 2.01163 1.15260
0.02042 2.22937 1.27736
0.01206 1.30663 0.74865
0.02594 2.81542 1.61317
0.01197 1.30067 0.74523
0.01871 2.03704 1.16716
0.00728 0.79589 0.45601
0.02506 2.72546 1.56162
0.01009 1.09931 0.62986
0.01961 2.13523 1.22342
0.01828 1.98842 1.13930
0.03995 4.30636 2.46756
0.03154 3.37699 1.93497
0.02619 2.80354 1.60636
0.01586 1.69656 0.97207
0.01671 1.77770 1.01856
0.01628 1.72891 0.99061
0.01757 1.85605 1.06345
0.02583 2.71887 1.55784
0.02381 2.51325 1.44002
0.02865 3.01028 1.72483
0.02171 2.26743 1.29917
0.02506 2.61673 1.49932
0.01525 1.57786 0.90406
0.01938 2.00453 1.14853
0.01503 1.55143 0.88891
0.01267 1.30299 0.74657
0.00785 0.80236 0.45972
0.01503 1.53187 0.87771
0.00753 0.77119 0.44186
0.01347 1.38109 0.79131
0.02508 2.57958 1.47803
0.00775 0.79348 0.45463
0.02924 3.00729 1.72312
0.02063 2.11995 1.21466
0.01604 1.66215 0.95235
0.01882 1.95158 1.11819
0.01811 1.88677 1.08106
0.01665 1.74374 0.99910
0.01637 1.72719 0.98962
0.01874 1.98776 1.13892
0.01646 1.74714 1.00105
0.01727 1.83534 1.05159
0.02222 2.36540 1.35531
0.01953 2.10085 1.20372
0.01656 1.80660 1.03512
0.01905 2.07416 1.18842
0.01806 1.97461 1.13139
0.01398 1.53474 0.87935
0.01305 1.44848 0.82993
0.00664 0.74725 0.42814
0.01918 2.17418 1.24574
0.02161 2.49330 1.42859
0.01679 1.96312 1.12480
0.01054 1.27490 0.73047
0.00870 1.07823 0.61778
0.00758 0.95737 0.54853
0.01153 1.48936 0.85335
0.01719 2.28265 1.30789
0.00734 1.02374 0.58656
0.01635 2.37650 1.36167
0.01519 2.31897 1.32870
0.00386 0.61594 0.35291
0.00553 0.91181 0.52243
0.00569 0.97768 0.56017
0.01055 1.89062 1.08326
0.01104 2.06051 1.18061
0.01091 2.10772 1.20766
0.01222 2.40635 1.37877
0.00653 1.31440 0.75310
0.01076 2.20781 1.26501
0.00980 2.04917 1.17411
0.00391 0.84218 0.48254
0.00785 1.73456 0.99384
0.00216 0.48765 0.27940
0.00400 0.92048 0.52740
0.00609 1.43297 0.82104
0.00293 0.70397 0.40335
0.00512 1.27320 0.72949
0.00648 1.67390 0.95908
0.01123 3.00136 1.71972
0.01965 5.46611 3.13224
0.00780 2.23062 1.27808
0.01550 4.63282 2.65465
0.01665 5.14422 2.94775
0.01710 5.46780 3.13321
0.00846 2.76718 1.58553
0.00957 3.25647 1.86590
0.00360 1.29001 0.73912
0.00511 1.93075 1.10625
0.00670 2.67392 1.53209
0.00864 3.73733 2.14146
0.01008 4.60269 2.63738
0.00753 3.65650 2.09514
0.00607 3.08775 1.76922
0.00530 2.93131 1.67958
0.00492 2.88107 1.65079
0.00092 0.57956 0.33206
0.00171 1.14401 0.65547
0.00351 2.47382 1.41743
0.00223 1.69724 0.97246
0.00224 1.79319 1.02744
0.00161 1.38500 0.79355
0.00673 6.34323 3.63501
0.00512 5.10637 2.92605
0.00707 7.43324 4.25992
0.00071 0.77513 0.44412
0.00065 0.76386 0.43766
0.00238 3.09798 1.77508
0.00246 3.40261 1.94965
0.00707 10.22983 5.86382
0.00096 1.53528 0.87966
0.00461 7.84465 4.49581
0.00212 3.81042 2.18334
0.00270 5.15468 2.95374
0.00166 3.49144 2.00055
0.00264 6.03021 3.45558
0.00258 6.69439 3.83632
0.00392 10.88874 6.24187
0.00366 11.86374 6.80141
0.00440 16.54549 9.49071
0.00335 15.97357 9.16194
0.00288 16.75402 9.61061
0.00277 19.11534 10.96903
0.00275 21.97999 12.61910
0.00397 31.98926 18.40756
0.00389 32.06442 18.45119
0.01045 47.63839 27.55970
0.00864 40.23403 23.21079
0.01528 47.30928 27.36559
0.01095 33.50327 19.28689
0.00991 28.42100 16.33934
0.00538 16.21209 9.29904
0.00319 9.29677 5.32858
0.00332 8.48903 4.86532
0.00298 6.89177 3.94948
0.00427 8.91092 5.10727
0.00394 7.68337 4.40333
0.00336 5.78949 3.31760
0.00384 6.28721 3.60290
0.00337 4.87585 2.79393
0.00307 4.27107 2.44733
0.00592 7.62331 4.36890
0.00606 7.38487 4.23218
0.00779 8.85576 5.07564
0.00623 6.81560 3.90581
0.00651 6.82106 3.90894
0.00868 8.51208 4.87853
0.00695 6.70127 3.84026
0.01031 9.74389 5.58505
0.00268 2.49257 1.42817
0.00427 3.76131 2.15520
0.00624 5.41904 3.10526
0.00893 7.63792 4.37727
0.00615 5.24660 3.00643
0.00959 8.23396 4.71905
0.01264 11.29907 6.47734
0.01169 11.00180 6.30675
0.01237 12.14386 6.96220
0.00635 6.53350 3.74408
0.00972 10.49348 6.01508
0.00991 11.56665 6.63090
