-0.01841 0.00175 0.12596
-0.01125 0.00174 0.14260
-0.00318 0.00270 0.16456
0.03064 0.00165 0.17608
0.00850 0.00178 0.19300
-0.00271 0.00130 0.20818
0.04007 0.00275 0.21633
0.02313 0.00297 0.23300
0.05336 0.00207 0.24286
0.06913 -0.00055 0.25612
0.06916 0.00010 0.26140
0.04484 -0.00095 0.27525
0.04133 -0.00083 0.29162
0.08578 0.00571 0.29348
0.03391 -0.00181 0.31608
0.02839 -0.00178 0.33156
0.03479 -0.00623 0.34484
0.08269 -0.00129 0.35697
0.06867 0.00299 0.37711
0.06776 -0.00091 0.39946
0.06190 0.00589 0.42228
0.05227 -0.00105 0.44591
0.04966 0.00202 0.47053
0.03912 -0.00311 0.49305
0.05210 -0.00870 0.51449
0.07363 -0.01149 0.53740
0.05810 -0.00374 0.56630
0.03299 -0.00200 0.59317
0.02805 -0.00296 0.62184
0.03062 -0.00327 0.64575
0.02507 -0.00490 0.67089
0.02582 -0.00029 0.69619
0.02886 -0.00953 0.71556
0.02552 -0.00743 0.73821
0.02193 -0.00655 0.75668
0.02318 -0.00721 0.77344
0.02204 -0.01505 0.79140
0.02063 0.00101 0.79924
0.01106 -0.01594 0.80518
0.01888 -0.01743 0.80929
-0.00133 -0.02885 0.80966
0.00778 -0.02833 0.81570
0.01199 -0.03002 0.81946
0.01122 -0.02885 0.82206
0.04747 -0.02155 0.82627
0.03357 -0.02903 0.82793
0.06717 -0.01144 0.83276
0.06216 -0.01703 0.83472
0.03536 -0.01736 0.83783
0.04012 -0.02203 0.83982
0.05660 -0.02048 0.83936
0.05845 -0.02811 0.84013
0.07004 -0.02655 0.84092
0.05989 -0.01484 0.83915
0.06403 -0.02613 0.84170
0.07576 -0.02242 0.84790
0.07722 -0.03193 0.84044
0.10031 -0.01559 0.82936
0.10252 -0.00840 0.82369
0.08930 -0.00303 0.82127
0.05915 -0.01126 0.83079
0.06834 -0.02126 0.83061
0.06028 -0.01423 0.83207
0.05373 -0.00628 0.83271
0.04013 -0.02212 0.82787
0.03154 -0.02066 0.82166
0.02144 -0.02745 0.81135
0.03044 -0.01554 0.80347
0.01964 -0.02256 0.80004
0.00794 -0.01799 0.80325
0.02186 -0.01202 0.80416
0.01807 -0.02062 0.80981
0.00585 -0.01596 0.82264
0.00406 -0.01591 0.83864
-0.00027 -0.00786 0.85811
-0.00629 -0.01128 0.87620
-0.00323 -0.00799 0.89185
-0.00191 -0.01202 0.90851
-0.00384 -0.03169 0.92432
0.00500 -0.01829 0.94249
0.00299 -0.01128 0.96114
0.00380 -0.00598 0.97664
0.00431 -0.02086 0.99024
0.00383 -0.01439 1.00115
0.01061 -0.01791 1.01712
0.01186 -0.01176 1.02883
0.00690 -0.01893 1.03459
0.00498 -0.02147 1.04101
0.00105 -0.02237 1.03852
-0.00489 -0.02404 1.03665
0.00291 -0.01164 1.03474
-0.00406 -0.02398 1.03414
-0.00662 -0.02703 1.03148
-0.00050 -0.02579 1.02674
0.00652 -0.02198 1.02531
0.00081 -0.02291 1.02320
0.00678 -0.02140 1.01516
0.00959 -0.01895 1.01134
0.01460 -0.01309 1.00590
0.01358 -0.00294 1.00743
0.01646 -0.01965 1.00264
0.01296 -0.01437 0.99553
0.01141 -0.02735 0.98788
0.00512 -0.01061 0.98232
0.00633 -0.01947 0.98137
0.01274 -0.00907 0.97626
0.01185 -0.01058 0.97406
0.00981 -0.00558 0.97886
0.01280 -0.01303 0.97588
-0.00679 -0.03072 0.96845
0.00953 0.01148 0.95277
-0.00487 -0.01774 0.94847
0.01223 -0.00354 0.95124
0.00808 -0.01948 0.95182
0.00166 -0.00527 0.95074
-0.00301 -0.00135 0.94929
-0.01448 -0.01187 0.94915
-0.01584 -0.02380 0.94081
-0.02587 -0.00238 0.94033
-0.00548 -0.02176 0.93765
-0.01255 -0.03026 0.93359
-0.01229 -0.01282 0.93050
0.00178 -0.01783 0.93150
-0.01398 -0.02694 0.93394
-0.00968 -0.00226 0.92826
-0.03097 -0.01157 0.93015
-0.01934 -0.00994 0.92932
-0.01914 -0.01792 0.92250
-0.00942 -0.01313 0.92677
-0.01041 -0.00857 0.92035
-0.00326 -0.02488 0.91619
-0.03000 -0.02160 0.90755
-0.00577 -0.00296 0.91066
-0.01091 -0.00163 0.91691
-0.00879 -0.01057 0.91656
-0.00181 -0.00801 0.90827
-0.03952 -0.02286 0.90066
-0.03934 -0.01721 0.90135
-0.01715 -0.01640 0.90503
-0.01883 -0.01233 0.90606
-0.01367 -0.01773 0.90262
-0.04108 -0.01446 0.90552
-0.03186 -0.02442 0.90842
-0.02080 -0.02488 0.90252
-0.02641 -0.03338 0.89873
-0.03250 -0.01556 0.89604
-0.01961 -0.02727 0.89208
-0.00095 -0.00807 0.89493
-0.00812 -0.00615 0.89820
-0.02182 -0.01054 0.90154
-0.00229 -0.00890 0.90277
-0.00857 -0.02258 0.89340
-0.01811 -0.02131 0.89473
-0.00842 -0.00565 0.89537
0.00276 -0.01463 0.89916
-0.00061 -0.00829 0.89753
0.01245 -0.01253 0.89625
-0.01106 -0.01083 0.89571
-0.02258 -0.01809 0.89520
-0.00292 -0.01224 0.89648
-0.01108 -0.01449 0.89615
-0.01606 -0.01695 0.89517
-0.02764 -0.01191 0.89207
-0.01124 -0.01326 0.89858
-0.00137 -0.00788 0.89622
-0.01703 -0.01576 0.89249
-0.01560 -0.01378 0.89185
-0.01976 -0.01797 0.88727
-0.02635 -0.01745 0.88990
-0.00436 -0.01172 0.88961
0.01468 0.00251 0.88854
0.00480 -0.01829 0.89347
-0.00776 -0.01991 0.88411
-0.01539 -0.01660 0.87356
-0.01641 -0.01229 0.87153
-0.01112 -0.00804 0.87318
-0.01402 -0.01834 0.87284
-0.02270 -0.01694 0.86923
-0.03507 -0.00978 0.86165
-0.01733 -0.01733 0.85804
-0.02162 -0.02275 0.85207
-0.01192 -0.01650 0.84974
-0.01324 -0.01076 0.84523
-0.05100 -0.01722 0.83523
-0.00043 -0.00541 0.84194
-0.03007 -0.00063 0.83249
0.01387 -0.00883 0.83752
0.02396 -0.01200 0.82345
0.04851 -0.00934 0.81389
0.00763 -0.01859 0.81061
-0.01896 0.00074 0.80826
0.01101 -0.00712 0.81072
-0.00804 -0.00830 0.80524
0.00124 -0.01167 0.79623
-0.00261 -0.01286 0.79396
0.00422 -0.01218 0.79313
-0.01560 -0.00950 0.78175
-0.01594 -0.02139 0.77433
-0.02135 -0.00178 0.76427
-0.00717 -0.00285 0.76145
-0.00482 0.00368 0.76838
-0.01379 -0.00321 0.77136
0.01444 -0.00854 0.76294
-0.01365 -0.01327 0.74967
-0.02303 -0.00364 0.74432
-0.00084 0.00218 0.74947
-0.00769 0.00970 0.75946
0.00336 -0.00920 0.75738
0.00973 -0.00347 0.75617
0.04275 0.00025 0.74860
0.03814 -0.00417 0.74611
0.00875 -0.01259 0.75364
0.02074 0.00226 0.74838
0.00412 0.00504 0.74815
-0.00302 -0.01184 0.74659
0.01159 0.00142 0.73569
-0.00121 -0.00865 0.73260
0.00530 -0.01454 0.72825
-0.02006 -0.00648 0.72188
-0.00791 0.00584 0.71616
-0.02854 0.00236 0.72044
-0.03469 0.00251 0.71765
-0.03861 -0.00837 0.70933
-0.03854 -0.00062 0.70031
-0.04282 0.00141 0.69610
-0.00946 0.01380 0.69310
-0.05543 -0.00410 0.68562
-0.04350 -0.00194 0.68469
-0.03773 -0.00418 0.67999
-0.02633 -0.00523 0.67449
-0.06259 -0.00351 0.66494
-0.03173 -0.01139 0.65612
-0.02715 -0.00658 0.65514
-0.01794 -0.00538 0.63863
-0.01610 0.00274 0.64135
-0.03582 -0.01035 0.63477
0.00372 -0.00844 0.63621
-0.00488 -0.01474 0.63066
-0.03839 -0.02254 0.62021
-0.03952 -0.02061 0.61278
-0.03289 -0.00374 0.60645
-0.00650 0.00233 0.61030
-0.02153 0.00643 0.61513
-0.02582 0.00517 0.62815
-0.02053 0.00183 0.63111
-0.02903 -0.01564 0.63115
-0.00808 -0.01206 0.62204
-0.00761 -0.01142 0.61925
-0.00576 -0.00285 0.62037
-0.01191 0.00562 0.62453
-0.00838 0.00268 0.62809
-0.02853 -0.01071 0.63889
-0.02395 -0.01793 0.64196
-0.00780 -0.00003 0.64615
-0.01688 -0.01243 0.64793
-0.01456 -0.01850 0.64617
-0.00425 -0.01935 0.64660
-0.00586 -0.01540 0.64861
-0.00788 -0.01542 0.65554
0.00669 -0.00913 0.66697
0.00447 -0.00705 0.67631
-0.01107 -0.01622 0.67396
0.00547 -0.01105 0.67426
-0.00751 -0.01536 0.68704
-0.00402 -0.00928 0.68946
0.00124 -0.01232 0.70479
0.01548 -0.01674 0.71431
0.02298 -0.01114 0.70912
0.01413 -0.01720 0.71944
0.01643 -0.01454 0.73047
0.01600 -0.00296 0.74562
0.02407 -0.01702 0.74716
0.01733 -0.01363 0.75071
0.01757 -0.01740 0.75053
0.01558 -0.00979 0.75289
0.01273 -0.01266 0.75156
0.01761 -0.01705 0.74702
0.00885 -0.01832 0.74745
0.03065 0.00137 0.74361
0.01872 -0.00278 0.74520
0.01186 -0.00797 0.75009
0.01662 -0.01470 0.74758
0.03404 -0.01557 0.74700
0.02554 -0.00636 0.74760
0.03930 -0.00003 0.74273
0.03391 -0.00551 0.74441
0.02979 -0.01350 0.73769
0.02491 -0.00758 0.74272
0.00211 0.00211 0.74343
0.00694 -0.00634 0.74787
0.01872 -0.00993 0.74721
0.00910 -0.00748 0.74223
-0.01180 -0.00849 0.74408
-0.00055 -0.01244 0.74373
0.00490 -0.01202 0.75229
0.00001 -0.01830 0.74885
-0.00323 -0.00704 0.75484
-0.00907 -0.01319 0.75932
-0.00684 -0.01113 0.76101
-0.00751 -0.01506 0.76310
-0.00574 -0.01739 0.76630
-0.00168 -0.01804 0.77469
-0.02492 -0.01450 0.77565
-0.01751 -0.01492 0.78373
-0.01729 -0.01306 0.78193
-0.02024 -0.01955 0.78594
-0.01007 -0.02818 0.78727
-0.02167 -0.01098 0.78875
-0.02637 -0.01733 0.79128
-0.03647 -0.01844 0.79609
-0.03506 -0.02337 0.79324
-0.04027 -0.01541 0.79910
-0.04600 -0.01351 0.80019
-0.03836 -0.01805 0.79860
-0.03471 -0.01666 0.79349
-0.02410 -0.01622 0.78853
-0.02460 -0.00426 0.79024
-0.03583 -0.00860 0.79460
-0.01994 -0.01225 0.79071
-0.01287 -0.02006 0.77964
-0.01360 -0.01590 0.77968
-0.02893 -0.01091 0.78394
-0.03575 0.00059 0.79379
-0.02073 -0.01169 0.80009
-0.01816 -0.01128 0.80350
-0.02078 -0.02012 0.80405
-0.02475 -0.02995 0.79978
-0.02692 -0.02424 0.78942
-0.02434 -0.01663 0.79052
-0.04048 -0.01273 0.79161
-0.01864 -0.01758 0.79284
-0.03378 -0.00697 0.79120
-0.02503 -0.00398 0.79783
-0.04912 -0.01067 0.80363
-0.03844 -0.00739 0.80590
-0.02864 -0.01300 0.81030
-0.02371 -0.01518 0.81157
-0.02186 -0.01427 0.81711
-0.02486 -0.02120 0.81149
-0.03900 -0.02948 0.79731
-0.01826 -0.02257 0.79763
-0.02153 0.01034 0.79564
0.00359 -0.00762 0.81143
-0.01001 -0.00333 0.81661
-0.01465 -0.00514 0.81169
-0.00316 -0.00934 0.81127
0.00027 -0.00278 0.81772
-0.01280 -0.01193 0.82120
-0.02686 -0.01788 0.81663
-0.00543 -0.01415 0.81633
-0.00036 -0.02235 0.81382
-0.00340 -0.00615 0.81362
-0.00565 -0.00499 0.81673
-0.00780 -0.01613 0.81760
-0.00365 -0.01407 0.81945
-0.00091 -0.01546 0.81717
-0.01630 -0.01520 0.81453
-0.01696 -0.02800 0.81353
-0.02438 -0.01933 0.81054
-0.01100 -0.02175 0.81657
-0.00457 -0.02404 0.81775
-0.01314 -0.02522 0.81906
-0.01118 -0.01515 0.81464
-0.02312 -0.01140 0.82144
-0.01316 -0.01050 0.82511
-0.02105 -0.02941 0.82276
-0.01017 -0.02062 0.82096
-0.01310 -0.01842 0.81589
0.00757 -0.02447 0.81525
0.00669 -0.02068 0.81981
0.02299 -0.02481 0.81775
0.01423 -0.03267 0.81409
0.02213 -0.02085 0.81142
0.02739 -0.01980 0.81180
0.03881 -0.02048 0.81899
0.01696 -0.02138 0.81586
0.01752 -0.02267 0.81576
0.03416 -0.01595 0.81158
0.01170 -0.01075 0.81130
0.00563 -0.02213 0.81855
-0.00330 -0.00975 0.81830
-0.00036 -0.01610 0.82457
0.01541 -0.00972 0.82634
0.01055 -0.03053 0.82855
0.00032 -0.02890 0.82304
-0.00684 -0.01987 0.81975
0.00692 -0.01570 0.81553
-0.00944 -0.01375 0.82363
-0.01370 -0.00359 0.83328
-0.01475 -0.01348 0.84271
-0.00609 -0.00965 0.84137
-0.00108 -0.02262 0.84884
-0.01725 -0.02218 0.85419
-0.03533 -0.03377 0.85673
-0.02236 -0.01540 0.86055
-0.00306 -0.02010 0.86483
-0.02284 -0.01561 0.86892
-0.03169 -0.03150 0.86334
-0.03664 -0.02171 0.86988
-0.04566 -0.02768 0.86898
-0.03831 -0.01639 0.87776
-0.03432 -0.01906 0.88583
-0.04271 -0.01129 0.89112
-0.04849 -0.01352 0.90029
-0.06051 -0.02208 0.90708
-0.04833 -0.01900 0.90504
-0.03572 -0.03175 0.90136
-0.04053 -0.02997 0.89470
-0.02770 -0.02319 0.88916
-0.01630 -0.01796 0.89237
-0.02427 -0.01393 0.89546
-0.00964 -0.01533 0.90548
-0.00431 -0.00854 0.91856
-0.01954 -0.01802 0.92429
-0.01307 -0.01322 0.92580
-0.01468 -0.01927 0.92517
-0.02380 -0.02254 0.98411
-0.01398 -0.01158 1.00821
-0.02257 -0.01182 1.00996
-0.02451 -0.02104 0.98615
-0.01138 -0.02845 0.98019
-0.02927 -0.01048 0.98127
-0.01808 -0.00988 0.97939
-0.02621 -0.00379 0.98538
-0.02867 -0.01372 0.98415
-0.01363 -0.01560 0.98182
-0.01137 -0.01210 0.96388
-0.00653 -0.02374 0.97572
0.01320 -0.00282 0.96877
0.01120 -0.02017 0.97344
0.00331 -0.01994 0.96472
-0.00414 -0.01453 0.96903
-0.00855 -0.01879 0.96264
-0.00721 -0.00891 0.96200
-0.02044 -0.02109 0.96040
-0.01373 -0.02097 0.95088
-0.02731 -0.00473 0.95716
-0.01009 -0.02306 0.95110
0.00188 -0.00432 0.95184
-0.00349 -0.02468 0.94492
0.00057 -0.00285 0.94808
0.00305 -0.01445 0.95068
-0.01666 -0.01223 0.94965
-0.01262 -0.01368 0.94791
-0.00013 0.00681 0.94856
-0.00952 -0.04092 0.94027
-0.00844 -0.00886 0.94088
0.00490 -0.02044 0.93399
0.00772 -0.00694 0.93994
0.00617 -0.01459 0.94551
0.00417 -0.00550 0.95030
0.00903 -0.01753 0.95422
0.01238 -0.01705 0.95146
0.01225 -0.02924 0.95049
0.00906 -0.02412 0.95209
0.00972 -0.02508 0.95800
0.01137 -0.01999 0.96298
-0.00785 -0.02874 0.96516
-0.00677 -0.01117 0.96941
0.00877 -0.02337 0.97826
0.00092 -0.03035 0.97972
0.01705 -0.03306 0.96988
0.03312 -0.01804 0.96863
0.01297 -0.02182 0.97333
0.03442 -0.00916 0.98127
0.02760 -0.01583 0.98803
0.01765 -0.01639 0.98919
0.02307 -0.01621 0.99291
0.02333 -0.01032 0.99508
0.01780 -0.01736 1.00003
0.02180 -0.01913 0.99868
0.02424 -0.01978 1.00309
0.02243 -0.02015 1.00529
0.01137 -0.01853 1.00936
0.01062 -0.02311 1.00828
0.01817 -0.02004 1.01653
0.01347 -0.02653 1.01302
-0.00456 -0.01930 1.01373
0.00378 -0.01960 1.01517
0.01443 -0.02487 1.00933
0.01066 -0.01824 1.00961
0.00192 -0.01914 1.01124
0.01103 -0.01357 1.01690
0.01002 -0.02001 1.01920
0.00460 -0.02340 1.02020
0.00804 -0.03318 1.01166
0.01080 -0.02335 1.00602
0.00580 -0.01950 1.00677
0.01531 -0.01811 1.00856
0.00634 -0.01414 1.01793
0.01248 -0.01478 1.01599
0.01569 -0.01315 1.01623
0.01642 -0.00948 1.01725
0.01473 -0.02546 1.01136
0.00815 -0.03241 1.01326
0.00714 -0.01925 1.00902
0.00427 -0.01781 1.01564
0.00184 -0.01736 1.01673
0.00520 -0.02554 1.01217
0.00795 -0.01840 1.01382
-0.00159 -0.01758 1.01160
0.00621 -0.01086 1.01397
0.01318 -0.01334 1.01417
0.02064 -0.01443 1.01173
0.02672 -0.01046 1.00933
0.02328 -0.01106 1.00669
0.01787 -0.01159 1.00181
0.02035 -0.01612 0.99928
0.01920 -0.00878 0.99542
0.01006 -0.01513 0.99189
0.01318 -0.01033 0.98240
0.00689 -0.02107 0.97228
0.00424 -0.01041 0.96178
0.00486 -0.01604 0.95018
0.01027 -0.01357 0.93723
-0.00062 -0.01047 0.92478
0.00222 -0.02205 0.91247
-0.00765 -0.02146 0.89427
0.00392 -0.02254 0.87774
0.00973 -0.01949 0.85863
0.01599 -0.02224 0.84104
0.00585 -0.02260 0.82346
0.01053 -0.02486 0.80609
0.00073 -0.02204 0.79419
0.00009 -0.01550 0.78367
0.01095 -0.01925 0.77112
0.01134 -0.01882 0.75885
0.01384 -0.01462 0.74584
0.02387 -0.01352 0.73669
0.01660 -0.01707 0.72341
0.01183 -0.02226 0.70803
0.01244 -0.01999 0.70073
0.03005 -0.00555 0.69907
0.03737 -0.01152 0.70140
0.02266 -0.00861 0.71406
0.00056 -0.00910 0.71980
0.01258 -0.01431 0.72463
0.01007 -0.01622 0.73034
0.00371 -0.01845 0.72827
0.02285 -0.01574 0.73228
0.02559 -0.02516 0.73155
0.04483 -0.01067 0.73617
0.01355 -0.01063 0.74708
0.03515 -0.00099 0.75533
0.03012 -0.00248 0.77576
0.03959 -0.01039 0.78654
0.02320 -0.02663 0.78823
0.02599 -0.02117 0.78677
0.03473 -0.00116 0.78943
0.02930 -0.00173 0.79301
0.02896 -0.00323 0.80489
0.02562 -0.00601 0.80556
0.01860 -0.01415 0.80855
0.02861 -0.02408 0.79873
0.02892 -0.01368 0.79142
0.03644 -0.01302 0.78836
0.01331 -0.02022 0.78462
0.02434 -0.01155 0.77654
0.02070 -0.01094 0.77062
0.02254 -0.00693 0.75956
0.01974 -0.01528 0.75472
0.01146 -0.01449 0.74351
0.03373 -0.02699 0.72828
0.03513 -0.02336 0.71917
0.02578 -0.01668 0.71396
0.02175 -0.00738 0.70837
0.03834 -0.01514 0.71719
0.03776 -0.01321 0.70225
0.03345 -0.01646 0.71034
0.03693 -0.00756 0.71410
0.04522 -0.01216 0.70687
0.04838 -0.01411 0.72927
0.03545 -0.00712 0.72748
0.02696 -0.00643 0.74846
0.01799 -0.01162 0.75548
0.02203 -0.01929 0.75311
0.01694 -0.01444 0.76074
0.01380 -0.01835 0.76346
0.01066 -0.01414 0.76796
0.01697 -0.02055 0.77378
0.00810 -0.01940 0.76774
-0.00690 -0.03966 0.75677
0.00454 -0.02936 0.75317
0.01894 -0.00621 0.75564
-0.01009 -0.00823 0.77913
-0.02499 -0.01653 0.79315
-0.01101 -0.03712 0.78718
-0.02026 -0.04396 0.76482
-0.01915 -0.02403 0.74135
0.00341 -0.00209 0.75252
-0.00312 0.00878 0.76553
-0.02084 -0.03760 0.76875
0.00050 -0.02526 0.75363
0.00911 -0.02921 0.73116
0.01077 -0.02235 0.71610
0.01073 -0.02579 0.71316
0.01480 -0.02475 0.70972
0.01486 -0.03475 0.69885
0.01946 -0.02428 0.68590
0.00205 -0.02255 0.67644
0.00150 -0.01308 0.66655
0.00584 -0.02135 0.66209
0.01460 -0.02662 0.65321
0.00282 -0.01744 0.64945
0.00819 -0.01446 0.63385
0.00836 -0.01593 0.62759
0.01005 -0.01898 0.59874
0.00351 -0.01807 0.57482
0.00391 -0.00757 0.55830
0.00593 -0.01079 0.53351
0.00485 -0.00918 0.51776
0.00566 -0.01277 0.49137
-0.00802 -0.03787 0.45438
-0.00236 -0.03590 0.42906
0.03315 -0.00611 0.40447
-0.00110 -0.02015 0.37784
-0.01295 0.00461 0.36708
-0.00327 -0.01382 0.35146
0.01802 -0.01141 0.33626
0.01842 -0.01354 0.32131
0.01870 0.00694 0.30414
0.01141 0.00421 0.28642
-0.00445 -0.01181 0.26513
-0.00051 -0.01218 0.24697
-0.00635 -0.00886 0.22538
0.00062 -0.00970 0.20167
0.00968 -0.00622 0.17694
0.00860 -0.00402 0.15928
-0.00846 -0.00314 0.15112
-0.01274 -0.00241 0.14998
-0.00903 -0.00081 0.15244
-0.02715 -0.00137 0.15496
-0.00589 0.00413 0.15297
-0.01252 -0.00648 0.14717
-0.02569 0.00416 0.14463
-0.02758 0.00434 0.14451
-0.02593 0.00524 0.14755
-0.02265 0.00561 0.16092
-0.02009 0.00549 0.17617
-0.04868 0.00292 0.18970
-0.05513 0.00500 0.20769
-0.05991 0.00741 0.21813
-0.02207 0.00164 0.23354
-0.00945 0.00243 0.24775
-0.01879 0.00534 0.25104
-0.01315 0.00378 0.26407
-0.00495 0.00419 0.27102
-0.00802 0.00619 0.27197
-0.02333 -0.00026 0.28927
-0.02622 0.00397 0.30046
-0.04085 0.00475 0.29912
-0.07208 0.00147 0.31910
-0.04976 0.00486 0.33510
-0.06311 -0.00521 0.33076
-0.04671 -0.00803 0.36326
-0.04949 -0.00797 0.35939
-0.04534 -0.00340 0.39139
-0.04748 -0.00507 0.40632
-0.04735 -0.00906 0.40692
-0.05764 -0.00537 0.43727
-0.04125 -0.00275 0.45749
-0.03376 -0.00455 0.46781
-0.01700 -0.00405 0.49632
-0.03199 -0.00845 0.50557
-0.01364 -0.00474 0.53285
-0.01262 -0.00620 0.55182
-0.01998 -0.00454 0.55744
-0.01791 -0.01338 0.57493
-0.00668 0.00235 0.59439
-0.01489 -0.00522 0.60336
-0.02533 -0.00681 0.62715
-0.01956 -0.00514 0.63859
-0.01765 -0.00517 0.67035
0.00063 -0.00651 0.68713
-0.00202 -0.01419 0.70399
-0.00307 -0.01219 0.71784
-0.01669 -0.01415 0.73114
-0.01515 -0.00993 0.74576
-0.00949 -0.00860 0.76126
-0.01711 -0.01314 0.77461
0.00409 -0.01232 0.79042
-0.00102 -0.01952 0.80413
-0.00687 -0.02213 0.82001
-0.00819 -0.02077 0.83244
-0.00685 -0.01862 0.84506
-0.00646 -0.01789 0.85467
0.00443 -0.01783 0.86221
-0.00010 -0.01553 0.87868
-0.00476 -0.02064 0.88482
0.00199 -0.01760 0.89827
0.00031 -0.01828 0.90962
0.00002 -0.00615 0.92503
0.00460 -0.01005 0.93876
0.00490 -0.01292 0.94822
0.00559 -0.02125 0.95846
-0.00418 -0.01447 0.96761
0.00162 -0.02198 0.98160
0.00730 -0.01697 0.99233
0.00270 -0.02790 1.00531
0.00828 -0.02278 1.01515
0.00261 -0.01596 1.02510
-0.01029 -0.01916 1.03942
-0.00042 -0.01474 1.04891
0.00776 -0.01766 1.05218
0.00994 -0.02078 1.04743
0.02513 -0.01700 1.05759
0.02725 -0.02310 1.06227
0.02400 -0.02289 1.07505
0.03703 -0.02110 1.07498
0.00653 -0.01878 1.08125
0.02662 -0.02076 1.08095
-0.00546 -0.01991 1.08005
-0.00695 -0.02539 1.09342
0.01711 -0.03689 1.09130
0.00714 -0.03106 1.08672
0.01646 -0.03022 1.09273
0.02777 -0.02583 1.09141
0.03390 -0.01809 1.11011
0.03164 -0.02186 1.11045
0.03000 -0.02901 1.09104
0.02273 -0.01221 1.10713
0.05625 -0.02130 1.08872
0.02071 -0.02597 1.10802
0.02723 -0.02046 1.10904
0.01676 -0.02661 1.08600
0.04656 -0.02729 1.11172
0.07223 -0.02089 1.08975
0.06974 -0.03215 1.11053
0.06476 -0.02063 1.11362
0.08445 -0.01670 1.10723
0.05285 -0.04116 1.12779
0.06272 -0.02964 1.12480
0.00217 -0.02009 1.11970
0.01067 -0.02465 1.13571
0.02098 -0.03005 1.13237
0.02932 -0.04116 1.14039
0.03642 -0.02529 1.14103
0.01353 -0.02554 1.14601
0.02337 -0.01686 1.14647
0.02117 -0.02666 1.15118
0.01683 -0.02286 1.15740
0.02615 -0.01797 1.16916
0.01840 -0.01199 1.18048
0.03244 -0.00600 1.19305
0.02285 -0.00466 1.19990
0.02789 -0.02881 1.20465
0.01772 -0.02942 1.20612
0.02534 -0.03161 1.22051
0.00102 -0.02937 1.22831
0.01314 -0.03341 1.24018
0.01646 -0.02141 1.24704
0.01391 -0.03156 1.25055
-0.00487 -0.01217 1.26219
0.00780 -0.03574 1.27247
0.02903 -0.00239 1.27319
0.02127 -0.02796 1.28505
0.01283 -0.01441 1.29211
0.01244 -0.02147 1.30101
0.01012 -0.01418 1.30835
0.02361 -0.02340 1.33511
0.01733 -0.02692 1.34305
0.02399 -0.01720 1.35071
0.02811 -0.02326 1.35284
0.03641 -0.02574 1.36308
0.03080 -0.02062 1.36922
0.02935 -0.01872 1.37609
0.01838 -0.02098 1.38168
0.01513 -0.01823 1.38996
0.03358 -0.02757 1.39554
0.02857 -0.02582 1.40401
0.02716 -0.04107 1.41137
0.03245 -0.03192 1.41541
0.01402 -0.04281 1.42861
0.00446 -0.03935 1.43086
0.00659 -0.03339 1.44392
-0.00464 -0.03498 1.44840
0.01407 -0.03823 1.45696
0.01088 -0.02443 1.46206
0.01437 -0.02180 1.47486
0.01217 -0.02580 1.47604
0.01602 -0.02373 1.48573
0.00135 -0.01649 1.49164
0.03120 -0.01516 1.50619
0.01066 -0.02257 1.50138
0.00956 -0.02507 1.49773
-0.00631 -0.04164 1.50287
0.00430 -0.02581 1.50479
-0.01876 -0.02354 1.51119
-0.00866 -0.02590 1.51666
-0.00499 -0.04532 1.51533
-0.02659 -0.03855 1.51729
0.01312 -0.03160 1.51926
-0.00381 -0.03156 1.51789
0.01436 -0.02193 1.52538
-0.00594 -0.02015 1.51952
-0.01970 -0.03130 1.51799
-0.01388 -0.03914 1.51572
-0.00658 -0.02332 1.51791
0.00281 -0.03123 1.51565
0.02746 -0.03554 1.51115
0.01407 -0.03373 1.50621
0.01150 -0.02869 1.50819
0.02103 -0.02044 1.50801
0.02960 -0.01590 1.50617
0.01338 -0.01640 1.50237
0.02327 -0.00874 1.49841
0.01169 -0.01022 1.50643
-0.02741 -0.04483 1.50398
-0.00924 -0.02739 1.50273
-0.00634 -0.02476 1.50294
-0.00993 -0.02084 1.50318
0.01021 -0.01658 1.50080
-0.00076 -0.01492 1.50351
0.00076 -0.03367 1.49717
0.00107 -0.02011 1.49734
-0.00182 -0.01599 1.49487
-0.03034 -0.02857 1.49572
-0.01056 -0.03864 1.48553
0.00098 -0.03624 1.47496
-0.00683 -0.02470 1.47385
-0.00464 -0.02998 1.46341
0.01105 -0.01726 1.45432
0.00526 -0.02877 1.44255
0.01015 -0.02075 1.43702
0.02315 -0.02962 1.42817
0.02232 -0.01966 1.41774
0.01597 -0.02102 1.41060
0.01515 -0.02265 1.39622
0.02101 -0.03267 1.37984
0.00474 -0.02858 1.35490
0.00887 -0.03120 1.33542
0.00761 -0.03297 1.30828
0.00178 -0.04536 1.28025
-0.00263 -0.03916 1.24652
-0.00640 -0.03306 1.22484
-0.00224 -0.03911 1.20234
-0.00569 -0.02466 1.16498
-0.01116 -0.02883 1.13153
-0.01107 -0.02405 1.09728
-0.00065 -0.02094 1.06354
0.00490 -0.01977 1.02360
-0.00891 -0.02286 0.98911
0.00009 -0.02991 0.94160
0.00113 -0.02638 0.90098
-0.00155 -0.02462 0.86228
-0.00152 -0.01780 0.81646
0.00928 -0.02014 0.77706
0.00306 -0.01321 0.73824
0.01327 -0.01842 0.69407
0.01530 -0.01725 0.66808
0.01982 -0.01355 0.64410
0.00422 -0.01337 0.59252
0.00926 -0.00912 0.62627
0.01853 -0.00437 0.55816
0.01209 -0.00985 0.61495
0.02946 0.00899 0.61585
0.03519 0.00424 0.52470
0.02005 -0.00831 0.59563
0.01727 -0.00836 0.49177
0.03421 -0.02469 0.57087
0.03460 0.00059 0.47858
0.06922 -0.00544 0.53420
0.07147 -0.00734 0.53323
0.03733 0.00276 0.47783
0.04441 0.00483 0.52633
0.03035 -0.00589 0.49241
0.07268 -0.00915 0.52170
0.06640 -0.01058 0.52276
0.08666 -0.00030 0.50983
0.10758 0.01210 0.51739
0.13792 0.01615 0.52528
0.07411 0.00464 0.54151
0.08545 0.00221 0.54724
0.09311 0.00042 0.58197
0.07884 0.00346 0.55326
0.08841 -0.00645 0.61079
0.05564 -0.01150 0.56693
0.04145 -0.01435 0.58684
0.04200 -0.01498 0.66490
0.03399 -0.01155 0.61625
0.03961 -0.01679 0.63671
0.03904 -0.01438 0.70040
0.03913 -0.01071 0.66659
0.02547 -0.00644 0.68761
0.00448 -0.01178 0.73075
0.03991 0.00250 0.72302
0.02410 -0.00801 0.74185
0.01866 -0.01257 0.75791
0.01939 -0.00095 0.75607
0.02440 -0.00884 0.78964
0.01895 -0.00458 0.78850
0.02136 -0.01061 0.78924
0.04013 0.00350 0.81057
0.02596 -0.00233 0.80793
0.02689 -0.00273 0.81435
0.01804 -0.01402 0.83099
0.04670 -0.00212 0.81383
0.04176 -0.00160 0.83674
0.04577 0.00274 0.82154
0.03440 -0.00531 0.83995
0.03371 -0.00245 0.85371
0.02379 -0.00401 0.84645
0.00851 0.00086 0.85498
0.00862 -0.00478 0.87632
-0.00494 -0.00300 0.88453
-0.00334 -0.01306 0.89177
-0.01137 -0.01765 0.89671
-0.02779 -0.02378 0.89554
-0.04318 -0.01989 0.91003
-0.00524 -0.01749 0.91472
-0.02059 -0.01597 0.93309
-0.01383 -0.01552 0.94167
-0.01635 -0.02036 0.94813
-0.02417 -0.01451 0.95222
-0.00258 -0.02050 0.95911
-0.01214 0.00232 0.97728
-0.02510 0.00310 0.98668
-0.02818 -0.00884 0.99904
-0.01772 -0.00622 1.01098
-0.02020 -0.01477 1.01695
-0.02404 -0.01709 1.01757
-0.01311 -0.02497 1.01345
-0.00898 -0.01782 1.01424
-0.01929 -0.02192 1.01241
-0.01248 -0.02927 1.01562
-0.00980 -0.02204 1.01158
-0.00588 -0.01778 1.00337
-0.00324 -0.01367 1.00479
-0.00958 -0.02198 0.99866
-0.00757 -0.03049 0.98582
-0.00322 -0.02058 0.97977
-0.00329 -0.00176 0.96806
0.00953 -0.02102 0.97062
0.00139 -0.01451 0.96488
0.00287 -0.02074 0.95658
0.00780 -0.00787 0.94908
-0.00056 -0.01393 0.93592
0.00576 -0.01927 0.92702
0.00343 -0.01353 0.91562
0.00014 -0.00784 0.91291
-0.01674 -0.01390 0.89713
0.00027 -0.02160 0.88545
-0.01526 -0.00627 0.86648
-0.00255 -0.00523 0.84987
-0.00034 -0.01431 0.83538
-0.00140 -0.01830 0.81337
-0.00690 -0.01038 0.78934
-0.02747 -0.00503 0.76686
-0.01280 -0.01333 0.74342
-0.01128 -0.00336 0.71861
-0.00842 -0.01829 0.69337
-0.02530 -0.01974 0.66248
-0.01511 -0.01410 0.63437
-0.00680 -0.01506 0.60380
-0.00622 -0.01808 0.57186
-0.00338 -0.01210 0.53290
-0.00244 -0.01242 0.50125
0.00069 -0.00549 0.46984
-0.00432 -0.00842 0.43600
-0.00842 -0.00839 0.41003
0.00538 -0.00620 0.37386
0.01061 -0.00767 0.34602
0.00873 -0.00222 0.31602
0.00131 -0.00330 0.28824
0.00623 -0.00419 0.26332
0.00516 -0.00260 0.24516
-0.00048 -0.00537 0.22339
-0.00132 -0.00139 0.21690
0.00458 -0.00069 0.21100
0.00059 -0.00266 0.20732
-0.00052 -0.00207 0.20763
0.00507 -0.00027 0.20869
0.00895 -0.00024 0.20339
0.01010 0.00084 0.20202
0.01043 0.00159 0.20342
0.00097 -0.00304 0.20197
0.00628 -0.00143 0.20601
0.00369 -0.00131 0.19739
0.00144 -0.00270 0.19418
0.00128 -0.00161 0.18471
0.00014 -0.00184 0.18224
0.00013 -0.00189 0.18230
0.00184 -0.00126 0.17739
0.00675 0.00022 0.17204
0.00343 -0.00043 0.16429
0.00420 -0.00079 0.15453
0.01259 -0.00006 0.14659
0.00484 0.00009 0.14381
0.01277 0.00178 0.14050
0.01604 0.00110 0.14121
0.01565 0.00211 0.13857
0.01291 0.00261 0.14647
0.01206 0.00365 0.14407
0.01370 0.00273 0.13432
0.01108 0.00120 0.12927
0.01599 0.00327 0.12894
0.00352 -0.00042 0.13097
0.00088 -0.00149 0.13445
-0.00076 -0.00256 0.14015
0.01007 0.00199 0.14997
0.00477 0.00129 0.15914
0.00363 0.00093 0.17762
-0.00065 0.00212 0.20400
-0.01500 -0.00606 0.23173
-0.01725 -0.00535 0.26014
-0.01148 0.00257 0.29027
-0.00151 0.00606 0.31966
-0.00345 0.00347 0.34652
-0.01210 0.00225 0.37686
-0.00831 0.00161 0.39576
0.00211 0.00187 0.42870
-0.00084 0.00612 0.44932
-0.01260 0.00354 0.47306
-0.00582 -0.00264 0.48900
-0.01128 0.00082 0.51490
0.00281 0.00629 0.54312
-0.00228 -0.00268 0.56444
-0.00052 0.00714 0.57733
-0.01758 0.00151 0.59897
-0.00674 0.00009 0.62217
0.01749 -0.00696 0.63151
-0.00174 -0.00293 0.65636
-0.00846 -0.00297 0.67320
0.00025 -0.00444 0.69242
0.00711 -0.01182 0.71125
0.00479 -0.00678 0.72930
-0.00413 -0.01342 0.74064
-0.01403 -0.00800 0.75994
0.00736 -0.00839 0.77556
0.01054 0.00512 0.80037
0.00420 -0.01018 0.81980
-0.00089 -0.00725 0.83159
-0.00022 -0.01665 0.84813
0.00490 -0.00858 0.85810
0.00112 -0.00995 0.88598
0.00038 -0.00938 0.89471
-0.00733 -0.00543 0.90562
0.00763 -0.01104 0.91576
-0.02077 -0.01426 0.92240
0.00864 -0.00405 0.92138
-0.00297 -0.01510 0.92020
0.00780 -0.00448 0.91839
-0.01089 -0.01617 0.91447
0.01430 -0.01036 0.91916
0.00624 -0.00979 0.91782
0.01568 -0.02090 0.91818
0.02199 -0.00736 0.91902
0.04126 -0.00362 0.92675
0.02971 -0.02009 0.93314
0.01975 -0.00948 0.93403
0.01342 -0.01576 0.93453
0.01309 -0.00597 0.93984
0.01479 -0.01906 0.94148
0.01360 -0.01601 0.94664
0.02242 -0.01629 0.94947
0.02064 -0.01953 0.94703
0.02651 -0.00950 0.95145
0.01736 -0.00722 0.95714
0.01889 -0.00821 0.95733
0.00729 -0.01055 0.96621
0.00997 -0.01200 0.96691
0.00538 -0.01630 0.96869
0.00370 -0.00983 0.97198
0.00021 -0.01355 0.97847
0.00825 -0.02110 0.98099
-0.00319 -0.01352 0.97600
-0.00001 -0.02840 0.97511
-0.00082 0.00450 0.97226
-0.00584 -0.02126 0.97660
0.00435 0.00177 0.97238
0.00964 -0.02250 0.97306
0.00503 -0.00396 0.96500
0.00968 -0.01615 0.96412
0.00975 -0.00899 0.95949
0.00900 -0.02217 0.95465
0.01186 -0.01315 0.94735
0.00805 -0.02004 0.94252
0.00652 -0.01543 0.94223
0.00793 -0.01256 0.94101
0.01234 -0.02579 0.93873
0.00923 -0.02175 0.92936
0.00550 -0.02798 0.91646
0.01063 -0.02662 0.91806
0.01461 -0.02520 0.91397
0.01201 -0.02527 0.91023
0.01015 -0.02605 0.90078
0.00628 -0.02146 0.88787
0.01904 -0.01741 0.88200
0.01566 -0.02753 0.86617
0.00067 -0.03551 0.85452
0.00191 -0.01881 0.82646
-0.00643 -0.02718 0.80641
-0.00428 -0.01701 0.79119
0.01125 -0.00699 0.77423
0.01975 -0.01363 0.75281
0.00330 -0.01857 0.71665
0.00826 -0.02641 0.68762
0.01733 -0.02430 0.65440
0.00173 -0.01273 0.62639
-0.00987 -0.00932 0.60588
-0.00992 -0.00992 0.58139
-0.00346 -0.00997 0.55809
-0.00104 -0.01803 0.53569
-0.01015 -0.00989 0.51741
-0.00736 -0.00584 0.50759
-0.00402 -0.00487 0.49712
-0.00361 -0.00481 0.48715
0.00081 -0.00430 0.47815
-0.00373 -0.01312 0.46388
0.00069 -0.00306 0.45267
-0.00229 -0.00746 0.44353
0.00543 -0.00340 0.43441
-0.00493 -0.00254 0.42465
-0.00178 -0.00765 0.41591
-0.00533 -0.00848 0.40206
-0.00541 -0.00424 0.38725
-0.00657 -0.00222 0.37417
-0.00535 -0.00335 0.35936
-0.00690 -0.00834 0.34932
-0.00480 -0.00644 0.33450
-0.00406 -0.00246 0.32356
-0.00606 -0.00279 0.31275
-0.00835 -0.00314 0.30553
-0.00910 0.00328 0.29381
-0.00988 -0.00237 0.27896
-0.01421 -0.00210 0.26421
-0.01358 -0.00455 0.25000
-0.01160 -0.00446 0.23074
-0.00977 -0.00289 0.21874
-0.00587 0.00023 0.20593
-0.00707 -0.00412 0.19628
-0.00632 -0.00537 0.18064
-0.00583 -0.00414 0.17056
-0.00282 -0.00279 0.15914
-0.00130 -0.00298 0.14951
-0.00165 -0.00262 0.14204
-0.00439 -0.00210 0.13143
-0.00410 -0.00301 0.12455
-0.00191 -0.00175 0.11652
0.00038 -0.00102 0.10609
-0.00224 -0.00122 0.10025
-0.00160 -0.00052 0.09516
-0.00133 -0.00060 0.09127
0.00199 -0.00087 0.08520
-0.00373 -0.00077 0.07684
0.00081 -0.00149 0.07229
0.00055 -0.00123 0.06912
0.00052 -0.00089 0.06240
0.00005 -0.00092 0.05872
-0.00018 -0.00100 0.05572
0.00035 -0.00122 0.05233
0.00036 -0.00125 0.04764
-0.00149 -0.00036 0.04376
-0.00095 -0.00021 0.03847
0.00015 -0.00038 0.03597
-0.00088 -0.00010 0.03085
0.00020 -0.00017 0.02657
0.00007 -0.00009 0.02097
0.00009 -0.00010 0.01717
0.00007 -0.00006 0.01447
-0.00000 -0.00005 0.01250
0.00003 -0.00006 0.01240
0.00022 -0.00006 0.01214
0.00007 -0.00009 0.02194
0.00059 -0.00013 0.02145
-0.00022 -0.00015 0.03230
-0.00009 -0.00010 0.03270
-0.00029 -0.00006 0.03487
-0.00095 -0.00011 0.03315
0.00057 -0.00005 0.03430
-0.00060 -0.00018 0.03909
-0.00081 -0.00014 0.04328
0.00080 -0.00039 0.04791
0.00042 -0.00062 0.05124
0.00015 -0.00104 0.05808
0.00137 -0.00088 0.06107
-0.00070 -0.00134 0.06905
-0.00010 -0.00135 0.07185
-0.00013 -0.00101 0.07766
0.00163 -0.00159 0.08205
-0.00216 -0.00112 0.08792
-0.00082 -0.00137 0.09144
-0.00060 -0.00085 0.09548
-0.00032 -0.00080 0.10201
0.00035 -0.00075 0.10366
-0.00076 -0.00065 0.10578
-0.00172 -0.00219 0.10746
0.00017 -0.00220 0.11355
0.00146 -0.00114 0.11509
-0.00259 -0.00091 0.11685
0.00354 -0.00083 0.11722
0.00378 -0.00061 0.11637
-0.00085 -0.00078 0.11188
0.00070 -0.00090 0.10622
0.00239 -0.00045 0.10181
0.00143 -0.00059 0.09719
0.00129 -0.00051 0.09267
0.00334 -0.00003 0.08558
