0.10946 119.39646 73.30815
0.11277 119.48631 73.37233
0.08612 87.82801 52.09805
0.11002 105.35108 63.57298
0.09439 82.29782 48.59682
0.14414 112.63832 68.55361
0.17738 125.92820 78.04728
0.16320 105.62622 63.75854
0.15696 94.58649 56.44963
0.18569 106.60454 64.41983
0.18946 104.27925 62.85191
0.09574 50.71160 29.37632
0.09424 47.86796 27.69516
0.19126 93.37049 55.66035
0.25200 118.88005 72.93978
0.27247 124.57235 77.05084
0.22807 102.23600 61.48492
0.08327 37.14824 21.40870
0.29911 129.15804 80.44990
0.30731 131.10192 81.91660
0.12840 54.32638 31.52279
0.18734 77.46526 45.57647
0.33066 131.57372 82.27505
0.29490 112.02122 68.12627
0.02082 7.77564 4.45624
0.25720 93.65153 55.84251
0.37693 133.62308 83.84355
0.37719 128.32119 79.82335
0.37664 123.95824 76.60178
0.34767 109.54492 66.42210
0.28472 87.15484 51.66914
0.29561 87.64813 51.98336
0.34388 97.26044 58.19565
0.08919 24.35900 13.99142
0.38511 100.55984 60.37074
0.36423 92.76262 55.26687
0.40119 99.27620 59.52171
0.33483 79.48375 46.83382
0.22859 52.30034 30.31837
0.46038 102.24547 61.49123
0.56602 121.82207 75.05041
0.46392 97.15314 58.12530
0.39205 79.11507 46.60372
0.10479 20.53416 11.78598
0.18840 35.57567 20.49241
0.40635 74.52289 43.75390
0.34364 61.44791 35.78590
0.44378 76.88841 45.21821
0.59598 101.00436 60.66560
0.57034 93.81943 55.95141
0.67727 108.63269 65.79850
0.71140 111.26941 67.60709
0.18246 27.85059 16.00924
0.54803 82.34137 48.62420
0.02205 3.22500 1.84787
0.64890 92.61373 55.17060
0.34704 48.38441 28.00002
0.80435 109.92243 66.68081
0.06955 9.37419 5.37298
0.03499 4.62987 2.65296
0.67599 88.09743 52.26994
0.65124 82.70761 48.85457
0.09561 12.04180 6.90362
0.01180 1.46982 0.84215
0.02417 3.01062 1.72502
0.29686 36.74741 21.17502
0.05491 6.67796 3.82690
0.07455 8.96222 5.13669
0.04128 4.88236 2.79766
0.08799 10.35965 5.93830
0.10845 12.77672 7.32551
0.08003 9.43358 5.40705
0.02513 2.98023 1.70761
0.07751 9.22270 5.28609
0.03354 3.96856 2.27397
0.19736 23.44265 13.46260
0.12222 14.47685 8.30188
0.08404 10.07204 5.77329
0.02643 3.15809 1.80953
0.92986 110.78630 67.27430
0.01550 1.84560 1.05747
0.98166 116.42861 71.20283
0.87221 103.34958 62.22872
0.87086 103.99790 62.66309
0.90005 107.74320 65.19255
0.65582 78.72321 46.35938
0.89994 108.46263 65.68249
0.89329 107.60004 65.09521
0.00696 0.83941 0.48095
0.20984 25.38881 14.58607
0.14307 17.31845 9.93518
0.78619 95.29759 56.91255
0.93193 112.95614 68.77413
0.73731 89.15011 52.94274
0.05575 6.80804 3.90147
0.15705 19.31907 11.08630
0.09063 11.23911 6.44293
0.08996 11.22810 6.43661
0.06711 8.38109 4.80342
0.09902 12.40384 7.11144
0.00337 0.42336 0.24257
0.06212 7.86263 4.50612
0.05706 7.26009 4.16064
0.03351 4.28195 2.45357
0.08328 10.69532 6.13089
0.06704 8.63165 4.94711
0.06173 8.03969 4.60764
0.04987 6.56679 3.76317
0.11672 15.54437 8.91526
0.09611 13.04769 7.48109
0.17062 23.37439 13.42322
0.78193 109.75510 66.56610
0.16310 23.35931 13.41452
0.07150 10.47310 6.00339
0.11178 16.74893 9.60768
0.01200 1.84149 1.05511
0.45518 71.52100 41.90637
0.10975 17.68961 10.14866
0.43021 71.46897 41.87444
0.56031 95.88172 57.29357
0.60022 106.89114 64.61401
0.09325 17.25111 9.89646
0.55949 108.35067 65.60616
0.59091 118.96422 72.99976
0.56843 118.37402 72.57966
0.48423 104.80674 63.20643
0.57808 124.70239 77.14610
0.47131 104.94623 63.30029
0.39240 87.00664 51.57481
0.53331 121.79770 75.03280
0.40524 90.95443 54.10055
0.36791 84.54188 50.01152
0.45108 102.23749 61.48592
0.54540 123.94750 76.59394
0.51497 119.75518 73.56456
0.41669 97.43511 58.31022
0.41575 99.66913 59.78122
0.31219 72.30980 42.39071
0.14499 33.09836 19.05161
0.33026 71.17179 41.69219
0.28945 60.31421 35.10397
0.38118 78.33055 46.11475
0.37178 72.52828 42.52501
0.61383 117.18419 71.73615
0.50269 92.86199 55.33114
0.59729 106.34682 64.24539
0.43567 75.54795 44.38750
0.03896 6.54852 3.75270
0.03145 5.14967 2.95087
0.68559 109.04620 66.08090
0.59900 93.35562 55.65071
0.70152 106.73579 64.50873
0.70784 105.52350 63.68924
0.58285 84.95851 50.27507
0.72524 103.42022 62.27600
0.77978 108.75956 65.88510
0.71382 98.51097 59.01729
0.72434 98.10959 58.75321
0.10885 14.57675 8.35928
0.62498 81.92545 48.36284
0.32623 42.05387 24.27627
0.47694 61.19947 35.63635
0.02295 2.95200 1.69143
0.10498 13.64580 7.82455
0.01617 2.09915 1.20274
0.66250 85.65863 50.71857
0.05047 6.53161 3.74300
0.01211 1.56641 0.89750
0.83613 109.30099 66.25513
0.02128 2.79044 1.59886
0.11776 15.45171 8.86201
0.81163 106.95771 64.65914
0.87435 113.64341 69.25198
0.88994 116.83706 71.49091
0.81785 107.43505 64.98311
0.03933 5.21143 2.98626
0.32658 43.53265 25.14364
0.02323 3.08302 1.76651
0.08973 11.89331 6.81839
0.02718 3.59098 2.05759
0.83816 109.66178 66.50215
0.13785 17.93514 10.28990
0.22257 28.83029 16.57629
0.49070 63.07296 36.76568
0.91487 116.33277 71.13531
0.86351 109.54120 66.41955
0.15972 19.99668 11.47643
0.88761 111.38705 67.68823
0.36425 45.50514 26.30289
0.92441 113.66693 69.26835
0.28083 34.19012 19.68619
0.94836 113.83874 69.38804
0.03381 4.03257 2.31065
0.05416 6.39716 3.66593
0.15668 18.35510 10.53152
0.32254 37.62385 21.68609
0.31339 36.31018 20.92022
0.06007 6.95516 3.98582
0.49967 57.67121 33.51912
0.07260 8.33557 4.77731
0.01293 1.48141 0.84879
0.05912 6.72245 3.85241
0.06764 7.69030 4.40730
0.09220 10.52980 6.03592
0.64025 73.59904 43.18406
0.33236 38.59780 22.25454
0.09516 11.04518 6.33165
0.26490 30.96792 17.81499
0.90670 105.89895 63.94264
0.10039 11.75433 6.73862
0.17527 20.40611 11.71222
0.86038 100.76997 60.51007
0.14184 16.93482 9.71457
0.89144 107.18159 64.81101
0.10841 13.02573 7.46848
0.07749 9.37206 5.37176
0.09903 12.05128 6.90906
0.24672 30.17486 17.35519
0.08190 10.08114 5.77852
0.16608 20.41609 11.71797
0.88062 108.42172 65.65460
0.11999 14.78625 8.47964
0.19046 23.53105 13.51360
0.92694 115.62299 70.63614
0.49236 61.95142 36.08918
0.11875 14.90210 8.54620
0.10741 13.63265 7.81699
0.41980 53.74564 31.17720
0.45810 58.94527 34.28226
0.49433 64.03697 37.34821
0.51049 65.99612 38.53520
0.13047 16.91725 9.70446
0.78146 101.43835 60.95391
0.59773 78.23860 46.05751
0.36830 48.72361 28.20036
0.24131 32.11016 18.47773
0.78728 104.52622 63.01781
0.02854 3.77037 2.16039
0.20921 27.67318 15.90660
0.59283 78.07242 45.95406
0.86023 114.34370 69.74029
0.19189 25.92657 14.89675
0.58415 79.75004 47.00014
0.41393 56.11926 32.59159
0.81108 107.93011 65.31971
0.88421 116.85871 71.50620
0.81149 107.31029 64.89837
0.77011 103.02438 62.01121
0.81979 109.89464 66.66176
0.80842 108.23474 65.52715
0.87515 117.15480 71.71538
0.72018 95.67206 57.15673
0.63831 84.45038 49.95368
0.82404 109.56992 66.43922
0.89793 118.05641 72.35405
0.82152 107.46024 65.00022
0.86019 112.36610 68.36497
0.23651 31.17198 17.93334
0.81326 108.03114 65.38848
0.84435 111.78752 67.96471
0.78041 102.24678 61.49211
0.24336 31.42713 18.08136
0.12503 16.14552 9.26078
0.06556 8.48586 4.86350
0.11722 15.33137 8.79285
0.87241 113.96779 69.47799
0.18189 23.67315 13.59559
0.88267 113.67208 69.27194
0.88235 114.24715 69.67288
0.74211 96.56479 57.74001
0.74597 97.54340 58.38128
0.74153 97.32201 58.23602
0.76809 101.00485 60.66592
0.45911 60.45712 35.18987
0.38442 50.97714 29.53362
0.17224 23.14335 13.28993
0.24329 32.85905 18.91259
0.39964 54.39509 31.56370
0.82733 111.44378 67.72737
0.04723 6.40998 3.67328
0.78074 107.03126 64.70902
0.04639 6.51728 3.73479
0.61742 88.76695 52.69762
0.69898 103.46357 62.30502
0.71196 107.69272 65.15822
0.74418 115.03964 70.22702
0.68163 108.71362 65.85373
0.63186 103.59615 62.39380
0.61516 104.41422 62.94256
0.47235 83.92608 49.62251
0.58055 107.64584 65.12635
0.53173 103.37356 62.24477
0.50282 101.83603 61.21847
0.49948 106.00441 64.01389
0.51824 114.74688 70.02210
0.49600 113.60028 69.22195
0.50506 121.45979 74.78891
0.46777 117.37768 71.87302
0.41683 109.65694 66.49883
0.37637 103.80278 62.53226
0.35853 105.49207 63.66804
0.32586 102.72772 61.81300
0.34742 115.02427 70.21626
0.33969 119.27582 73.22201
0.17790 65.79712 38.41443
0.32985 129.87774 80.99106
0.31156 128.20134 79.73385
0.24063 105.45837 63.64531
0.05793 26.96184 15.49517
0.27055 126.39035 78.38853
0.27702 127.61396 79.29608
0.24874 116.53692 71.27917
0.25380 115.54032 70.57809
0.24305 111.20183 67.56050
0.25181 118.23479 72.48072
0.28997 132.17287 82.73165
0.27083 127.03658 78.86710
0.28176 129.86180 80.97905
0.26953 124.42378 76.94207
0.22530 106.89093 64.61387
0.28487 131.26667 82.04166
0.28766 131.02595 81.85897
0.22056 98.98760 59.33133
0.30654 121.85598 75.07491
0.34126 131.50172 82.22028
0.28788 99.48285 59.65815
0.27075 89.19308 52.97024
0.40140 131.13548 81.94207
0.42998 128.64640 80.06649
0.45356 129.29886 80.55561
0.47117 136.82034 86.33001
0.35208 94.02853 56.08712
0.25292 68.45966 40.03392
0.37229 93.61318 55.81765
0.37999 92.62972 55.18094
0.33621 82.20943 48.54127
0.54558 124.77080 77.19625
0.44078 97.53316 58.37455
0.43752 93.90734 56.00845
0.60417 123.26794 76.09866
0.40083 79.88531 47.08467
0.39095 74.40907 43.68363
0.59578 108.57647 65.76014
0.01516 2.69339 1.54324
0.66423 113.26697 68.99007
0.66173 110.49159 67.07161
0.04454 7.16463 4.10591
0.01632 2.55319 1.46291
0.22363 33.92061 19.52948
0.73613 108.83893 65.93929
0.51790 74.89980 43.98670
0.20444 28.91225 16.62375
0.03915 5.41772 3.10450
0.03218 4.34165 2.48778
0.04638 6.16589 3.53335
0.87536 113.20263 68.94535
0.05049 6.43096 3.68530
0.06218 7.74339 4.43774
0.01572 1.91797 1.09893
0.86868 103.92882 62.61676
0.09097 10.75680 6.16617
0.84764 98.32741 58.89648
0.06426 7.40740 4.24510
0.05386 6.11061 3.50167
0.05743 6.42135 3.67980
0.09367 10.29006 5.89837
0.01398 1.51376 0.86733
0.82032 88.06325 52.24812
0.35616 37.78748 21.78156
0.13487 14.15482 8.11690
0.02246 2.32190 1.33038
0.63751 65.14967 38.02184
0.21524 21.80539 12.51845
0.23159 23.52093 13.50776
0.07793 7.87536 4.51342
0.11066 11.19940 6.42014
0.06968 7.04331 4.03635
0.91823 92.87806 55.34154
0.28160 28.40857 16.33215
0.21781 21.81469 12.52382
0.29259 29.50502 16.96706
1.10488 111.15410 67.52760
0.34658 34.68312 19.97294
0.80168 80.97967 47.76952
1.15002 115.30934 70.41604
0.69471 70.12888 41.05347
0.84091 84.81397 50.18360
0.42904 43.47567 25.11019
1.04223 104.83394 63.22473
1.11251 111.76740 67.95081
1.09137 110.14979 66.83682
0.05289 5.35650 3.06941
0.06233 6.31898 3.62111
1.12221 113.34311 69.04301
0.65844 66.26569 38.69885
0.98778 99.70037 59.80186
1.07294 107.73661 65.18807
0.17384 17.62164 10.10957
0.32265 32.84233 18.90288
0.05889 5.99987 3.43819
0.14760 14.99936 8.60208
0.05536 5.60539 3.21207
0.03260 3.32193 1.90341
0.28383 29.06823 16.71407
0.44121 45.25737 26.15712
0.94976 97.49018 58.34635
0.17969 18.44381 10.58256
0.23714 24.42916 14.03192
1.11234 114.75457 70.02748
0.92177 96.01827 57.38274
0.25049 26.30760 15.11695
1.03024 108.19893 65.50275
0.79410 83.60650 49.42087
0.98928 104.23572 62.82269
0.13245 13.99981 8.02786
0.13369 14.16342 8.12184
0.05712 6.06803 3.47726
0.76824 81.95583 48.38193
0.13099 13.99033 8.02242
0.05604 5.99604 3.43599
0.05791 6.21348 3.56063
0.67717 72.93671 42.77622
0.03143 3.40090 1.94867
0.28745 31.30525 18.01065
0.25231 27.72662 15.93752
0.31005 34.44124 19.83223
0.75814 85.23542 50.45039
0.14205 16.11107 9.24098
0.11395 13.17816 7.55600
0.20707 24.23635 13.92062
0.81651 97.17627 58.14046
0.85006 102.78449 61.85091
0.89611 109.48058 66.37804
0.89838 111.32805 67.64753
0.05888 7.37291 4.22533
0.26513 33.61750 19.35328
0.36898 47.68145 27.58511
0.72566 95.73731 57.19930
0.80979 108.94565 66.01219
0.02670 3.67117 2.10354
0.73913 102.80944 61.86758
0.06727 9.69674 5.55800
0.07079 10.32128 5.91628
0.08798 13.09074 7.50581
0.71642 108.37852 65.62514
0.73518 113.48483 69.14160
0.63106 98.94971 59.30634
0.63463 101.25142 60.82967
0.61895 100.06169 60.04082
0.58317 95.39809 56.97806
0.49506 82.45071 48.69296
0.63868 107.86044 65.27230
0.46636 81.24054 47.93303
0.42370 74.99198 44.04367
0.63817 114.82851 70.07922
0.64075 118.05648 72.35410
0.06466 12.04290 6.90425
0.08081 15.41437 8.84055
0.39961 78.41196 46.16546
0.46065 91.39961 54.38713
0.44732 90.04598 53.51687
0.44580 90.61581 53.88281
0.45618 93.57794 55.79480
0.62587 128.20311 79.73518
0.51473 106.38912 64.27401
0.59143 122.72130 75.70147
0.55042 112.66387 68.57133
0.56262 118.78410 72.87143
0.01101 2.37075 1.35837
0.59406 126.39825 78.39437
0.57087 124.93044 77.31333
0.44993 96.60319 57.76513
0.44314 98.91148 59.28114
0.43162 97.41138 58.29465
0.40443 88.36422 52.44027
0.45868 101.64818 61.09346
0.29782 62.91264 36.66889
0.03942 8.40885 4.81934
0.46006 97.46447 58.32947
0.48651 101.86733 61.23931
0.50171 105.61121 63.74841
0.37612 77.60348 45.66239
0.49308 101.27738 60.84693
0.56870 114.94197 70.15863
0.56373 112.42924 68.40870
0.51622 101.24377 60.82459
0.54009 104.31372 62.87506
0.58759 111.58065 67.82183
0.26693 49.54371 28.68510
0.30876 56.25742 32.67407
0.02330 4.15306 2.37970
0.19102 33.41355 19.23475
0.16141 27.22913 15.64975
0.04603 7.65264 4.38571
0.67613 109.24431 66.21636
0.01187 1.87494 1.07428
0.03316 5.12823 2.93858
0.01583 2.40850 1.38000
0.68866 101.93660 61.28543
0.16261 23.26988 13.36292
0.17300 24.21791 13.90997
0.04663 6.37899 3.65551
0.79374 106.17500 64.12919
0.09158 12.01894 6.89050
0.15155 19.28876 11.06885
0.87343 108.92143 65.99564
0.83064 101.82834 61.21335
0.79577 96.28052 57.55410
0.91370 109.35518 66.29221
0.05351 6.25228 3.58288
0.92109 105.97455 63.99372
0.95800 109.16246 66.16038
0.90102 101.73393 61.15052
0.07319 8.15250 4.67233
0.04716 5.20408 2.98205
0.05249 5.73096 3.28405
0.98216 105.97278 63.99252
0.89735 95.71724 57.18621
1.03011 109.60550 66.46359
0.21163 22.50661 12.92271
0.50789 54.33765 31.52950
0.05877 6.31093 3.61650
0.99691 106.90606 64.62412
0.04820 5.13952 2.94505
0.08770 9.38992 5.38201
0.86554 93.54321 55.77228
0.08964 9.76549 5.59744
0.09211 10.12465 5.80348
0.04823 5.23131 2.99766
0.49170 53.69903 31.14948
0.08974 9.79505 5.61440
0.04435 4.82572 2.76520
0.97613 108.97378 66.03141
0.48756 53.92700 31.28509
0.88283 98.18800 58.80476
0.76780 86.19660 51.05992
0.91076 102.68900 61.78715
0.52984 60.05414 34.94773
0.07144 8.09464 4.63916
0.05295 6.06328 3.47453
0.50520 57.93552 33.67731
0.86081 99.27760 59.52264
1.01589 117.30031 71.81828
0.92179 106.56412 64.39246
0.36008 42.37923 24.46699
0.12087 14.26260 8.17881
0.66825 79.05682 46.56739
0.61590 71.96308 42.17772
0.55910 65.38560 38.16485
0.03070 3.58371 2.05342
0.25352 29.42751 16.92216
0.04783 5.51200 3.15854
0.02628 2.97700 1.70576
0.06697 7.57064 4.33869
0.57982 65.16271 38.02974
1.01013 113.32593 69.03107
0.77905 86.13207 51.01895
1.07235 115.66321 70.66438
1.04528 111.89570 68.03948
0.03139 3.31068 1.89697
0.68785 72.52413 42.52245
0.21546 22.56340 12.95546
0.46703 48.51337 28.07618
0.02535 2.58571 1.48154
0.28256 28.35573 16.30156
0.02797 2.78360 1.59494
0.06061 5.99217 3.43377
0.08015 7.80337 4.47214
0.09081 8.84187 5.06767
0.56780 54.70438 31.74790
0.65556 62.97365 36.70572
0.65171 62.13169 36.19783
0.83938 79.54468 46.87187
0.54281 51.34373 29.75090
0.04573 4.31902 2.47481
0.45347 42.86606 24.75248
0.79261 74.77397 43.90896
1.12473 106.10460 64.08160
0.04207 3.98314 2.28232
0.11495 10.94778 6.27575
0.03032 2.89571 1.65918
0.97997 93.63301 55.83050
1.01679 97.39264 58.28235
1.14966 109.93101 66.68670
0.08265 7.88955 4.52155
0.00575 0.55958 0.32062
0.03518 3.40933 1.95349
0.06401 6.21785 3.56314
0.35831 34.85618 20.07363
0.76726 74.90886 43.99230
0.78683 77.04231 45.31375
0.03070 3.01971 1.73023
1.03423 102.19259 61.45598
1.02972 101.70885 61.13383
0.09963 9.93292 5.69349
0.32338 32.11304 18.47941
0.41308 41.31916 23.84586
0.31322 31.48308 18.11382
0.99629 100.47873 60.31698
0.06083 6.13955 3.51825
1.02196 103.43720 62.28736
0.85057 86.35470 51.16033
0.91434 93.04157 55.44735
0.67217 68.86492 40.28114
1.08807 112.08495 68.17035
0.33458 34.43723 19.82990
0.19216 19.85431 11.39445
0.61833 64.27258 37.49073
0.24959 25.99157 14.93431
0.13683 14.33779 8.22200
0.22249 23.37994 13.42642
0.44412 46.96420 27.16214
0.64348 68.45531 40.03127
0.27022 28.96195 16.65252
0.56310 61.04365 35.54259
0.94468 103.13978 62.08836
0.41445 46.26683 26.75126
0.19069 21.58823 12.39329
0.18820 21.67618 12.44398
0.92034 107.89306 65.29449
0.71875 86.27001 51.10653
0.78856 97.14454 58.11966
0.23554 29.87264 17.18005
0.74851 97.89577 58.61267
0.80947 109.55325 66.42781
0.71165 99.62589 59.75265
0.76090 110.89752 67.35086
0.67994 103.14424 62.09134
0.65058 102.69809 61.79322
0.67158 110.68381 67.20378
0.64824 111.93332 68.06549
0.59924 107.65259 65.13093
0.37814 72.01642 42.21048
0.57986 116.92122 71.55033
0.41199 88.86716 52.76170
0.49872 114.26337 69.68421
0.32762 81.56803 48.13846
0.20191 54.55031 31.65613
0.36493 107.97223 65.34837
0.27841 90.40859 53.74967
0.31203 117.08311 71.66471
0.26791 109.27688 66.23864
0.26148 116.02550 70.91902
0.22236 110.18417 66.86042
0.21517 109.15862 66.15776
0.23032 121.72843 74.98277
0.16479 88.88462 52.77287
0.18715 105.79553 63.87281
0.16446 99.14220 59.43329
0.15771 104.45086 62.96718
0.15788 112.12024 68.19477
0.01502 11.29947 6.47757
0.15262 120.82199 74.32964
0.13090 109.29752 66.25276
0.14041 124.33031 76.87368
0.11073 104.74183 63.16277
0.09466 100.63466 60.42033
0.05962 76.37749 44.90129
0.06111 96.59829 57.76192
0.04521 92.43596 55.05571
0.00904 24.26571 13.93757
0.01047 39.37158 22.70655
0.00811 47.04391 27.20913
0.01073 113.48737 69.14337
0.00686 111.36493 67.67297
0.01030 136.18276 85.83018
0.00283 137.43812 86.81626
0.00201 46.27449 26.75577
0.00223 36.18415 20.84679
0.00208 49.42562 28.61527
0.00506 104.88580 63.25962
0.00614 110.80915 67.29003
0.00647 123.60804 76.34632
0.00876 132.04795 82.63632
0.00624 134.10142 84.21243
0.00725 136.70516 86.23956
0.00331 136.33205 85.94704
0.00891 99.40173 59.60458
0.00584 105.51097 63.68079
0.00957 136.26616 85.89545
0.00594 133.78994 83.97211
0.00743 121.96736 75.15541
0.00447 110.33036 66.96081
0.00789 130.80818 81.69393
0.00727 133.13795 83.47052
0.00728 95.85989 57.27932
0.00974 115.47169 70.52993
0.00741 105.09083 63.39764
0.00525 109.25681 66.22491
0.00522 114.70526 69.99299
0.00676 124.01117 76.64043
0.00429 103.99086 62.65838
0.00354 121.20259 74.60354
0.00117 67.50769 39.45395
0.00219 100.04746 60.03140
0.00207 119.04264 73.05566
0.00601 140.26699 89.06841
0.00320 112.24194 68.27900
0.00400 135.37256 85.19795
0.00307 133.24420 83.55213
0.00636 120.09483 73.80773
0.00509 128.58077 80.01739
0.00281 120.98733 74.44857
0.00079 109.63022 66.48053
0.00029 46.17890 26.69948
0.00111 117.86529 72.21845
0.00195 128.93746 80.28447
0.00775 121.26020 74.64504
0.00425 89.07893 52.89718
0.00183 54.91272 31.87202
0.00149 95.72225 57.18948
0.00292 82.45664 48.69668
0.00094 57.94490 33.68292
0.00129 133.60735 83.83144
0.00302 123.30576 76.12618
0.06704 129.02692 80.35154
0.02489 70.39587 41.21686
0.04413 139.48264 88.43966
0.04808 139.33367 88.32062
0.03549 122.51985 75.55536
0.02989 82.01268 48.41764
0.03031 91.49670 54.44968
0.03790 99.73696 59.82605
0.04000 112.98915 68.79705
0.04443 107.37217 64.94040
0.05171 120.83517 74.33912
0.05402 112.24856 68.28358
0.06070 120.28849 73.94655
0.06495 119.39243 73.30527
0.07753 126.40854 78.40198
0.05867 82.83202 48.93287
0.08335 96.22754 57.51947
0.11719 110.04584 66.76548
0.11274 95.43571 57.00258
0.07086 51.85439 30.05373
0.18237 119.80843 73.60265
0.17387 105.37620 63.58991
0.17634 97.64919 58.45071
0.24527 129.46400 80.67969
0.25097 125.88174 78.01302
0.25793 122.26596 75.37144
0.04218 19.12757 10.97607
0.29143 126.08113 78.16011
0.19469 79.86765 47.07363
0.14902 56.19978 32.63966
0.24325 84.42806 49.93957
0.08997 28.21711 16.22133
0.40123 117.64243 72.06048
0.40783 111.23143 67.58090
0.37743 93.70300 55.87589
0.49077 115.34436 70.44060
0.43896 96.29082 57.56083
0.49094 99.94225 59.96180
0.12695 24.97233 14.34553
0.53600 98.65678 59.11331
0.69015 125.44297 77.68988
0.43551 76.11509 44.73866
0.64512 105.90232 63.94492
0.37064 60.20287 35.03708
0.27712 42.40969 24.48485
0.17855 27.01969 15.52862
0.36190 52.67495 30.54081
0.69901 97.28156 58.20950
0.73024 99.22320 59.48673
0.72449 94.59878 56.45763
0.89525 113.27099 68.99287
0.50484 62.09188 36.17384
0.59645 71.59545 41.95205
0.79537 93.29898 55.61403
0.96788 110.60375 67.14872
0.94167 104.50861 63.00598
0.64053 69.50895 40.67443
1.03694 109.92218 66.68065
1.04868 108.58487 65.76587
0.86615 87.53563 51.91166
1.05689 104.13287 62.75365
1.13073 108.88652 65.97179
1.07143 101.48494 60.98489
1.03238 95.85114 57.27361
1.07044 97.71106 58.49134
0.72463 65.08892 37.98502
0.55038 48.87331 28.28880
0.84523 73.87322 43.35306
1.07013 92.23256 54.92433
0.76755 65.43155 38.19270
0.61731 52.01894 30.15136
1.40910 117.37904 71.87398
1.30668 108.31936 65.58481
0.67898 56.06817 32.56110
0.41464 34.42087 19.82039
0.58597 48.86779 28.28554
1.25567 104.80529 63.20545
0.64709 54.27128 31.48999
1.23696 103.78231 62.51854
0.85897 72.02030 42.21286
1.29292 108.37542 65.62303
0.69126 58.02181 33.72897
0.29428 24.78662 14.23830
0.17638 14.93393 8.56448
1.25108 106.17711 64.13062
0.80361 68.22856 39.89303
1.28512 109.17034 66.16577
1.31387 111.89979 68.04231
0.65993 56.53804 32.84166
0.25843 22.24960 12.77453
1.12438 96.99102 58.01906
0.34646 29.93426 17.21576
0.86370 74.68976 43.85694
1.19592 103.77358 62.51269
0.37403 32.61156 18.76885
0.27252 23.88737 13.71920
1.03045 90.61591 53.88287
0.56981 49.95262 28.92699
1.24587 109.86376 66.64058
0.44420 39.23955 22.62940
1.07604 95.61386 57.11876
1.10226 98.33517 58.90158
0.90688 80.58291 47.52102
0.20796 18.58505 10.66383
1.06974 95.84550 57.26992
0.99983 89.85314 53.39316
1.00575 90.46443 53.78554
1.23921 111.97976 68.09760
0.24745 22.42296 12.87448
0.75741 68.88086 40.29087
0.76797 69.90690 40.91769
0.07703 7.00667 4.01535
0.69307 62.79995 36.60088
1.02657 93.28985 55.60811
0.99302 89.82495 53.37509
1.25602 115.48674 70.54049
1.14229 103.96906 62.64375
0.94137 85.86950 50.85232
1.04810 97.03290 58.04650
0.69674 64.76158 37.78674
0.77334 72.42435 42.46111
1.02161 94.47481 56.37703
0.64064 59.53239 34.63446
0.45271 41.91612 24.19555
0.87529 81.16573 47.88613
1.15480 107.26988 64.87094
1.11112 104.08826 62.72371
1.07789 102.42300 61.60963
0.30524 28.99264 16.67030
1.04492 99.29141 59.53175
1.09851 104.89014 63.26255
0.77042 73.30056 43.00019
0.99982 94.03183 56.08926
0.73137 68.85885 40.27744
0.51228 47.96404 27.75186
0.77248 72.59183 42.56408
0.59334 55.63843 32.30467
1.09124 103.23899 62.15472
1.11287 105.14749 63.43580
0.91933 87.30653 51.76572
0.88390 84.07450 49.71622
0.86484 82.84593 48.94162
0.73977 71.25045 41.74042
0.73367 70.76842 41.44499
0.88973 86.51523 51.26232
0.66545 64.30858 37.51252
0.88657 85.92465 50.88731
0.08529 8.31134 4.76342
0.44114 43.26198 24.98478
0.32641 32.24300 18.55485
0.98021 96.56783 57.74199
1.10211 108.69324 65.83983
0.81945 81.36143 48.00884
0.91112 90.61942 53.88513
0.43898 44.01067 25.42433
0.29073 29.23850 16.81268
1.01121 103.22869 62.14783
0.84194 87.88456 52.13412
0.98046 104.27418 62.84851
0.89933 97.24466 58.18530
0.05371 5.93176 3.39914
0.12988 14.68585 8.42195
0.12218 14.22237 8.15570
0.91834 109.03975 66.07649
0.80827 98.80224 59.20914
0.79907 99.87682 59.91852
0.31526 40.15403 23.16400
0.88166 115.82416 70.77745
0.86516 116.84990 71.49998
0.65816 91.76324 54.62149
0.45570 65.27755 38.09935
0.33486 49.90500 28.89881
0.64485 98.71231 59.14988
0.45441 72.90536 42.75693
0.70565 116.37287 71.16355
0.71525 116.37250 71.16330
0.11651 21.11066 12.11809
0.04179 7.19978 4.12606
0.33025 61.13244 35.59602
0.49447 91.35802 54.36035
0.52231 98.49897 59.00939
0.55429 106.08315 64.06710
0.50833 99.20281 59.47328
0.37473 73.66412 43.22416
0.42858 84.02865 49.68726
0.58423 116.51549 71.26406
0.52036 104.96702 63.31429
0.49368 99.60775 59.74066
0.46814 96.66861 57.80794
0.41673 86.80112 51.44407
0.54388 112.55715 68.49734
0.60915 128.41218 79.89133
0.60019 125.83828 77.98098
0.51712 110.15710 66.84183
0.58980 124.73480 77.16986
0.61929 128.05255 79.62283
0.49124 102.85561 61.89842
0.43170 88.30438 52.40205
0.48531 101.80853 61.20016
0.50638 106.23645 64.17074
0.05466 11.21144 6.42705
0.26343 54.11479 31.39684
0.59409 119.24913 73.20297
0.05509 11.07195 6.34700
0.49701 97.76544 58.52705
0.49798 96.26214 57.54208
0.11501 21.98639 12.62278
0.08370 15.76179 9.04022
0.02116 3.90760 2.23903
0.11471 20.63587 11.84456
0.08109 14.13714 8.10675
0.66091 112.55905 68.49866
0.53335 88.15060 52.30387
0.69815 112.28993 68.31222
0.68145 106.78949 64.54511
0.12550 19.17492 11.00332
0.77009 115.01550 70.21012
0.72982 106.19684 64.14395
0.77196 109.16732 66.16370
0.78715 109.76162 66.57057
0.44961 61.25520 35.66990
0.66965 89.45434 53.13755
0.66617 87.84015 52.10579
0.04648 6.09550 3.49300
0.86414 112.89897 68.73444
0.04268 5.57371 3.19391
0.05121 6.71074 3.84569
0.90125 117.46366 71.93387
0.66464 86.64659 51.34581
0.62080 80.76193 47.63311
0.77961 101.57460 61.04451
0.78343 101.87655 61.24545
0.72103 93.99958 56.06832
0.71881 93.44537 55.70887
0.80065 104.45504 62.96998
0.88835 116.06122 70.94415
0.87284 114.07818 69.55498
0.76640 100.70663 60.46806
0.05386 7.08640 4.06106
0.02104 2.78397 1.59515
0.05178 6.87424 3.93943
0.76956 102.47967 61.64743
0.69608 93.36373 55.65597
0.08776 11.83405 6.78437
0.83135 113.58295 69.20988
0.78445 108.54421 65.73813
0.77914 109.23724 66.21152
0.01941 2.76109 1.58204
0.01723 2.49894 1.43182
0.03751 5.54505 3.17749
0.01175 1.76558 1.01161
0.21653 32.86462 18.91583
0.74128 113.44013 69.11050
0.43181 66.50065 38.84156
0.56145 86.92505 51.52290
0.43391 67.97475 39.73836
0.59266 93.47402 55.72744
0.53891 85.69262 50.74013
0.12323 19.70319 11.30744
0.69434 111.96109 68.08469
0.52308 84.83152 50.19471
0.69558 113.73429 69.31527
0.01390 2.27770 1.30505
0.14346 23.63128 13.57143
0.02906 4.79858 2.74964
0.66360 110.00569 66.73793
0.13861 23.12280 13.27808
0.42976 71.84423 42.10474
0.20805 34.91020 20.10506
0.08201 13.80492 7.91593
0.33854 57.57717 33.46285
0.64195 109.68694 66.51939
0.29974 51.65439 29.93510
0.58073 101.22074 60.80929
0.61444 109.16033 66.15892
0.62956 113.44292 69.11244
0.45527 83.70523 49.48315
0.46136 86.72828 51.39775
0.05147 9.86891 5.65676
0.44198 86.73835 51.40415
0.53087 106.85992 64.59285
0.00532 1.09743 0.62878
0.02489 5.23019 2.99702
0.01431 3.09497 1.77336
0.01905 4.20202 2.40776
0.50069 114.17412 69.62191
0.45265 107.16380 64.79894
0.37379 88.53296 52.54806
0.31662 85.31047 50.49792
0.39258 106.20207 64.14749
0.27451 80.13290 47.23945
0.02176 6.76822 3.87864
0.22600 74.15059 43.52412
0.31774 110.66241 67.18906
0.29749 107.78792 65.22296
0.30310 112.54534 68.48916
0.01745 6.68896 3.83321
0.28298 109.09062 66.11126
0.21780 84.33967 49.88372
0.29569 115.28698 70.40037
0.26851 105.98741 64.00240
0.28967 114.58894 69.91165
0.29281 116.52174 71.26847
0.25578 103.42116 62.27663
0.28353 113.94636 69.46305
0.29093 117.67135 72.08097
0.21809 88.50610 52.53090
0.28168 114.90492 70.13269
0.26010 106.79688 64.55012
0.28089 116.36641 71.15900
0.26982 111.47111 67.74623
0.23636 99.61788 59.74735
0.26493 112.46574 68.43399
0.25965 109.03840 66.07557
0.27252 115.73218 70.71283
0.21868 92.84625 55.32096
0.26735 114.75275 70.02620
0.25054 108.36079 65.61305
0.25812 112.09352 68.17628
0.20235 88.44296 52.49056
0.24512 107.65223 65.13069
0.22153 95.88242 57.29402
0.26170 115.15356 70.30684
0.25761 114.18104 69.62675
0.26117 116.33330 71.13569
0.24668 109.65427 66.49700
0.25545 114.03918 69.52778
0.22968 102.53799 61.68634
0.24119 105.91590 63.95410
0.26029 110.40733 67.01369
0.27559 111.43633 67.72223
0.18085 69.76802 40.83278
0.18916 69.87121 40.89587
0.15539 55.15044 32.01369
0.24187 82.53101 48.74346
0.24548 81.35142 48.00257
0.32114 103.84739 62.56216
0.33059 104.27141 62.84665
0.32422 99.83884 59.89341
0.33110 99.01334 59.34830
0.39026 114.49560 69.84641
0.40019 114.50489 69.85290
0.36856 103.45498 62.29927
0.39863 109.04721 66.08159
0.40474 107.51134 65.03494
0.39188 101.10771 60.73422
0.47782 119.02863 73.04568
0.43650 106.12761 64.09715
0.27487 67.83738 39.65469
0.14135 35.26178 20.30967
0.39757 101.50812 61.00029
0.24547 63.31201 36.91004
0.05956 15.59463 8.94415
0.44656 117.86341 72.21712
0.41945 111.68144 67.89143
0.44186 118.26660 72.50332
0.40255 107.71383 65.17257
0.40875 110.39786 67.00719
0.41317 114.01984 69.51429
0.42539 119.47284 73.36271
0.16780 47.49308 27.47399
0.41496 117.79322 72.16735
0.29885 85.42676 50.57160
0.37293 107.15637 64.79390
0.37561 109.24550 66.21718
0.38398 113.37291 69.06374
0.35879 107.37911 64.94511
0.33064 106.61334 64.42579
0.21738 78.85206 46.43970
0.23490 100.05258 60.03479
0.11328 57.02917 33.13513
0.14815 91.75768 54.61791
0.10477 82.86682 48.95478
0.09698 104.03203 62.68599
0.06385 111.50250 67.76789
0.01112 42.80147 24.71460
0.00109 98.27486 58.86190
0.01884 103.31252 62.20392
0.00490 50.28061 29.12111
0.00246 59.22500 34.45002
0.00480 98.59361 59.07170
0.00579 124.57522 77.05293
0.00074 48.36898 27.99091
