0.08638 -0.00161 0.03067
0.08894 -0.00092 0.03157
-0.08085 0.00380 0.05534
0.08916 -0.00270 0.05430
0.07812 0.00877 0.08352
0.11415 0.00299 0.05775
0.13385 0.00304 0.04377
-0.14469 0.00202 0.05415
-0.14729 -0.00382 0.07636
-0.16499 -0.00743 0.05535
-0.17226 -0.00808 0.05719
-0.11940 -0.00487 0.14616
-0.11988 -0.00424 0.15611
0.14785 -0.00202 0.14176
0.18847 -0.00422 0.09693
0.19986 0.00667 0.08863
0.17320 0.00201 0.14058
-0.12098 -0.00056 0.18869
0.21449 -0.01031 0.08671
0.22046 0.01338 0.07852
-0.15747 0.00778 0.17608
-0.19969 0.00524 0.13631
0.23555 0.00869 0.08716
0.20976 0.00960 0.15877
-0.08694 0.00148 0.25321
-0.25685 -0.00966 0.09672
0.26851 0.01168 0.08565
0.27224 0.01182 0.11022
0.27400 0.00188 0.13132
0.25714 0.00022 0.18603
-0.29312 -0.00970 0.14390
-0.30303 -0.01507 0.14729
-0.33205 -0.00763 0.12121
0.01636 -0.00035 0.36580
-0.36134 -0.01125 0.12637
-0.35298 -0.00313 0.17194
-0.37428 -0.00764 0.15220
-0.34623 -0.00844 0.23980
0.16920 -0.01428 0.40274
-0.41586 -0.03079 0.16987
0.43577 -0.01230 0.16074
-0.42098 -0.04440 0.22096
-0.38194 -0.02868 0.31442
-0.12338 -0.04333 0.49327
-0.19238 -0.06530 0.48906
-0.38747 -0.03033 0.38244
-0.32972 -0.07793 0.44494
-0.41684 -0.04370 0.39682
-0.50181 -0.12687 0.28330
-0.49224 -0.10705 0.34029
0.56913 0.00855 0.25436
0.59086 0.00727 0.24413
-0.17251 -0.07193 0.62790
-0.50120 -0.03277 0.43667
-0.00584 0.01649 0.68358
0.57561 0.00062 0.39948
-0.32883 -0.08201 0.63213
-0.67188 -0.01614 0.28943
0.05139 -0.05701 0.73793
0.01142 -0.03989 0.75469
-0.60712 -0.02193 0.46873
0.59704 -0.01447 0.51317
-0.08115 -0.05164 0.78813
-0.00340 -0.02259 0.80217
-0.01480 -0.03551 0.80182
-0.28532 -0.05894 0.75347
-0.04086 -0.03641 0.82047
-0.07024 -0.01228 0.82880
-0.04158 -0.00097 0.84442
-0.09041 -0.02077 0.84425
-0.11265 -0.03518 0.84059
-0.07212 -0.06835 0.84255
-0.02586 -0.03554 0.84192
-0.08067 -0.01921 0.83629
-0.03095 0.00698 0.84451
0.19248 -0.02212 0.81929
-0.11846 -0.06621 0.83328
-0.06100 -0.07967 0.82834
-0.02532 -0.00361 0.83652
0.77366 0.00475 0.32543
0.00621 -0.00516 0.83977
0.79807 0.00352 0.27196
0.73981 -0.10728 0.39167
-0.74433 -0.03071 0.38242
-0.75589 -0.07056 0.34857
-0.59752 -0.10055 0.57172
0.75451 0.01402 0.34489
-0.75538 -0.04304 0.34173
-0.01021 -0.00829 0.82951
-0.20799 -0.04266 0.79878
-0.13269 -0.06099 0.81309
0.69174 0.02502 0.44887
-0.76568 -0.08099 0.29641
-0.66006 -0.02372 0.49775
-0.05393 -0.02989 0.81653
-0.15052 -0.06305 0.79639
-0.08359 -0.07242 0.79878
-0.09405 -0.04965 0.79413
-0.07445 -0.03704 0.79641
-0.10606 -0.03106 0.79059
-0.00539 -0.02028 0.79665
-0.06546 -0.03375 0.78668
-0.05980 -0.00878 0.78368
-0.03284 -0.02301 0.78161
-0.08107 -0.00396 0.77438
-0.07029 -0.02435 0.77312
-0.06330 -0.01054 0.76508
-0.05008 -0.01894 0.75761
-0.11511 -0.03965 0.74094
-0.09060 -0.05947 0.72860
-0.16554 -0.06516 0.70795
0.65337 -0.00884 0.28387
0.16122 -0.02301 0.67896
-0.06892 -0.02387 0.67882
0.11797 -0.00536 0.65688
0.01614 -0.01075 0.65134
-0.41757 -0.05703 0.47688
-0.09959 -0.03563 0.61133
-0.39234 -0.04351 0.45444
-0.48118 -0.03804 0.32940
-0.49647 -0.03613 0.25984
0.12279 -0.01047 0.52630
0.48509 0.00396 0.17694
-0.45873 -0.03818 0.18665
-0.44036 -0.04039 0.18719
0.43207 0.01470 0.16296
-0.43594 -0.01224 0.15716
0.42497 0.01326 0.14462
-0.30141 -0.04180 0.33288
-0.39649 -0.00171 0.18578
0.40036 0.00154 0.19549
0.37409 0.01891 0.22154
0.41478 0.01631 0.14951
-0.40320 -0.04257 0.17100
-0.37741 -0.04582 0.20095
0.39490 -0.02466 0.16230
0.38671 0.02904 0.15366
0.32567 0.05504 0.27806
0.20091 0.02059 0.38872
0.35177 -0.00765 0.30253
0.32635 -0.00363 0.35183
0.39250 0.02021 0.28697
0.38519 -0.00907 0.33810
-0.47848 0.00826 0.21301
0.46472 -0.03980 0.27477
0.52009 -0.02586 0.21044
0.42796 -0.00432 0.38652
-0.00439 0.01203 0.59486
0.05367 0.01170 0.60833
0.58216 0.00181 0.23743
0.53665 -0.00872 0.35162
-0.58792 -0.02076 0.29307
-0.59126 -0.03308 0.31506
0.54111 -0.00096 0.42172
-0.61088 -0.02870 0.34317
-0.64554 -0.02350 0.31110
-0.60760 -0.07951 0.38674
-0.61842 -0.07906 0.39546
-0.07302 -0.06811 0.74004
-0.55887 -0.03510 0.51807
-0.30610 -0.05997 0.71028
-0.44674 -0.08384 0.63303
-0.01526 -0.02736 0.77686
-0.08865 -0.05692 0.76205
0.01416 -0.00183 0.77019
-0.59268 -0.04844 0.49453
0.05465 -0.03634 0.76989
0.02150 -0.02763 0.77243
0.70520 0.00007 0.29646
-0.01677 -0.01986 0.76218
-0.11732 -0.01946 0.75281
-0.68088 -0.08494 0.32406
0.71914 -0.01535 0.27305
0.71849 -0.04399 0.24904
-0.69156 -0.05508 0.31338
-0.03406 0.00385 0.75388
0.32086 -0.04347 0.67671
-0.02079 -0.02069 0.75306
-0.08364 -0.04756 0.74830
-0.00322 0.00733 0.75696
-0.69886 -0.05102 0.30523
-0.13362 -0.06871 0.75378
0.21447 -0.01541 0.74146
-0.47151 -0.02364 0.61838
0.74319 -0.00144 0.25717
0.71913 -0.00880 0.32278
0.14019 -0.06575 0.78360
-0.73924 -0.05695 0.29202
-0.34196 -0.12840 0.71227
0.75959 -0.01522 0.29013
-0.27965 0.00875 0.77225
0.77843 0.02167 0.29595
-0.02979 -0.01527 0.83783
-0.04753 -0.03439 0.84454
-0.14724 -0.06845 0.83802
-0.30561 -0.09669 0.79510
-0.29484 -0.11681 0.80271
0.04828 -0.05004 0.86085
-0.47251 -0.07501 0.72234
-0.06479 -0.01140 0.86844
-0.00836 -0.01963 0.87255
-0.05868 -0.01431 0.87741
-0.06175 -0.00375 0.87737
-0.09199 -0.02298 0.87043
-0.59049 -0.11407 0.62854
-0.30388 -0.15395 0.79083
-0.05648 -0.09935 0.85393
-0.21740 -0.17930 0.80763
-0.77014 -0.04419 0.37149
-0.09861 -0.03988 0.84738
-0.15962 -0.09635 0.83844
-0.74705 -0.04104 0.41137
-0.13431 -0.07116 0.82366
-0.75120 -0.04355 0.35433
-0.10867 -0.04495 0.82396
-0.08215 -0.04524 0.82144
-0.10610 -0.04806 0.81347
-0.23770 -0.08727 0.77744
-0.08300 -0.04638 0.80682
-0.17097 -0.05174 0.79362
0.73636 0.03134 0.34130
-0.12451 0.00555 0.80185
-0.18803 -0.07386 0.78377
0.75436 -0.00262 0.27138
-0.47432 -0.05003 0.63573
-0.12397 -0.02385 0.78680
-0.11621 -0.01755 0.77905
-0.39236 -0.17002 0.65365
-0.43607 -0.13363 0.62926
-0.45481 -0.15881 0.60318
-0.48510 -0.10250 0.59371
-0.14952 -0.04022 0.75553
0.66238 0.04552 0.39072
-0.54987 -0.13216 0.51366
-0.35416 -0.12064 0.65682
-0.23835 -0.10084 0.70555
-0.66471 -0.13762 0.32637
0.00694 -0.03209 0.75627
0.18953 -0.00465 0.73183
0.53024 0.01523 0.54332
0.70091 -0.01007 0.27316
-0.17160 -0.13322 0.70751
-0.52232 -0.17571 0.48254
-0.38357 -0.13571 0.61523
0.68019 0.03558 0.31752
0.71090 0.05894 0.25234
0.67991 0.00178 0.33100
-0.65957 -0.08173 0.34213
0.67996 0.03904 0.30435
0.67571 0.01431 0.31794
0.70676 0.04148 0.23828
0.62753 0.02569 0.41496
-0.58324 -0.08786 0.47267
-0.69375 -0.05347 0.28541
0.71934 0.06150 0.23931
0.68863 0.02243 0.33126
0.70231 0.01423 0.30429
-0.25213 -0.08183 0.71092
0.67692 0.00399 0.32935
0.69759 0.02350 0.28864
0.66497 0.03226 0.37327
-0.25097 -0.05977 0.73012
-0.13392 -0.01010 0.76266
-0.07051 -0.02545 0.76895
-0.12762 -0.01717 0.75362
0.71084 0.04708 0.28010
-0.18753 -0.05668 0.74293
0.72013 0.03199 0.28870
0.71717 0.05472 0.28135
-0.65404 -0.01101 0.40337
-0.65133 -0.08630 0.39138
-0.64977 -0.05938 0.39348
-0.66646 -0.05335 0.36232
-0.44170 -0.09541 0.61032
-0.37756 -0.07506 0.64845
-0.17180 -0.07575 0.72015
-0.23487 -0.10299 0.69456
-0.38362 -0.09807 0.61887
-0.69224 -0.01330 0.26786
-0.05570 -0.02575 0.73429
-0.65222 -0.12439 0.30206
-0.05127 -0.01327 0.70982
-0.55519 -0.00436 0.41897
-0.59565 -0.09308 0.30487
-0.60097 -0.06309 0.26817
0.60540 0.00560 0.22789
-0.57314 -0.02220 0.25328
0.53824 0.00412 0.28687
-0.52696 -0.01364 0.26311
0.42749 -0.00544 0.36603
-0.48920 -0.02619 0.22553
-0.45651 -0.02496 0.23572
-0.43567 -0.04737 0.22747
0.41981 0.00857 0.21379
0.42254 -0.00364 0.15946
0.40621 0.00213 0.16006
0.39757 0.00584 0.12172
0.37203 0.00809 0.14265
0.33940 0.01004 0.17088
0.31255 0.01145 0.18344
0.29854 -0.00125 0.16243
0.27491 0.00091 0.15826
-0.28668 0.01816 0.09335
0.26799 -0.00884 0.09597
-0.18464 0.00414 0.19747
0.24434 -0.01458 0.06772
0.23294 0.00309 0.06922
-0.21455 -0.02163 0.07459
-0.08262 -0.00923 0.19811
0.20044 -0.00117 0.07512
0.20152 0.00720 0.08038
0.18785 0.00266 0.10131
0.19570 0.01053 0.09921
0.18965 0.00736 0.10840
0.18941 0.00445 0.09727
0.20745 0.01551 0.06966
0.19713 0.00988 0.08056
0.20474 0.00873 0.07129
0.19729 -0.00163 0.08942
0.16590 -0.00335 0.12997
0.20437 0.00049 0.07301
0.20867 -0.00468 0.06806
-0.21022 -0.01141 0.07295
0.22700 -0.00799 0.10812
0.24367 -0.00382 0.08918
-0.27131 -0.01114 0.10004
0.20847 -0.01040 0.22040
0.28746 0.01849 0.10354
0.31498 -0.00501 0.11170
0.32995 0.03370 0.11422
0.33078 0.02800 0.09160
-0.33582 -0.03326 0.16223
-0.28535 -0.01481 0.23418
-0.35515 -0.02815 0.17673
-0.36420 -0.02106 0.18760
-0.34698 -0.02570 0.21493
0.41246 0.00596 0.14506
-0.40432 0.04143 0.19760
-0.41466 -0.05238 0.20587
0.45986 0.04692 0.16295
0.32385 0.01649 0.38289
-0.39439 0.01158 0.34696
0.47927 -0.01474 0.26678
-0.06200 -0.01413 0.55928
0.52938 -0.05904 0.24528
-0.56436 -0.01086 0.20014
0.01176 0.01437 0.62143
-0.01469 0.00608 0.63909
0.20737 0.00016 0.62581
-0.62238 -0.01234 0.26445
0.46965 -0.02170 0.50701
0.18973 0.01180 0.68107
0.01151 0.02288 0.72215
-0.03731 -0.00496 0.74023
-0.05012 0.00444 0.75053
0.71944 -0.03343 0.28148
-0.04827 -0.03759 0.78278
-0.05302 -0.04814 0.79976
-0.01173 0.00352 0.81949
0.73954 0.02024 0.38898
-0.08429 -0.06322 0.83908
-0.74114 -0.07433 0.43398
-0.07200 -0.03349 0.86385
-0.06075 -0.02196 0.87904
-0.06195 -0.02677 0.89177
-0.08960 -0.04620 0.90467
-0.01001 -0.00016 0.92349
-0.73986 -0.03347 0.56498
-0.35022 -0.06550 0.87260
-0.13415 -0.05020 0.94197
-0.02474 -0.00148 0.96718
-0.60599 -0.03270 0.76761
-0.21601 -0.00232 0.96317
-0.22636 -0.04843 0.95701
-0.06953 -0.00342 0.98709
-0.09470 -0.06819 0.98120
-0.06635 -0.02670 0.98669
0.81310 -0.03489 0.56131
-0.23070 -0.17353 0.94830
0.01533 0.19143 0.97981
0.29048 0.01707 0.94801
-0.91541 -0.06940 0.38113
0.34455 -0.01831 0.93782
-0.72788 -0.03358 0.67017
-0.93686 -0.02596 0.34100
0.65007 0.04361 0.74622
-0.75847 0.00663 0.63853
0.42036 -0.01175 0.89277
0.89117 -0.02241 0.44009
0.92363 0.00933 0.37095
0.91287 -0.02327 0.38447
-0.04329 -0.00599 0.98645
-0.02142 0.03046 0.98577
0.92747 -0.03869 0.34437
0.62811 -0.02761 0.76944
0.86038 0.03772 0.48982
-0.89637 0.06777 0.42863
-0.16470 -0.05293 0.97120
-0.31067 -0.07160 0.92924
-0.05005 -0.04518 0.97926
-0.14416 -0.02732 0.97306
-0.05292 -0.02813 0.98574
-0.00951 0.00595 0.98131
-0.25977 -0.11948 0.93362
-0.40106 -0.16911 0.87234
0.82883 0.03199 0.51098
-0.17433 0.01319 0.95844
-0.22509 -0.08086 0.94081
0.91218 0.01485 0.32755
-0.80712 -0.04239 0.51802
-0.23809 -0.10536 0.91586
0.86458 0.00289 0.39891
-0.72474 -0.02390 0.61344
0.84286 0.00498 0.43624
-0.13533 -0.01243 0.93627
-0.13539 -0.03714 0.93343
-0.03669 0.02157 0.94036
-0.69966 -0.05052 0.62177
-0.13005 -0.04003 0.92633
-0.05008 -0.03910 0.93238
-0.04993 -0.00735 0.93071
-0.62446 -0.08086 0.68229
0.02562 -0.00112 0.92377
-0.26007 -0.09649 0.87532
-0.23918 -0.04767 0.87669
-0.29248 -0.05771 0.84943
-0.67955 -0.00189 0.57390
-0.12553 -0.05165 0.87120
-0.10063 -0.04944 0.85738
-0.17202 -0.11753 0.82857
0.71854 -0.02600 0.43476
0.73169 0.03582 0.38385
-0.74631 -0.02874 0.33489
0.74935 0.01983 0.29880
-0.03214 0.01844 0.79767
-0.25099 -0.05347 0.74573
-0.34756 -0.10889 0.68277
-0.63987 -0.05569 0.40247
-0.68192 -0.05627 0.29037
-0.01775 -0.00125 0.72694
-0.64045 -0.06184 0.32072
-0.07118 0.00461 0.69009
-0.08212 -0.03510 0.68001
-0.09673 -0.02933 0.66441
-0.60452 -0.07042 0.25799
0.59901 0.02820 0.24509
0.53894 0.01242 0.34077
0.53500 0.00578 0.32651
0.52426 0.01113 0.32810
-0.51919 -0.04918 0.31893
0.43545 -0.00125 0.41341
-0.54909 -0.03051 0.21952
0.39553 -0.00466 0.41601
0.35839 0.00762 0.43670
0.50329 -0.02329 0.23458
0.49291 0.01246 0.22686
0.00524 0.02643 0.53622
-0.13565 0.00836 0.50635
-0.41858 -0.04134 0.28777
-0.44595 -0.03266 0.23253
-0.43542 -0.03627 0.23638
-0.43956 -0.03115 0.21875
-0.43080 -0.03011 0.22617
0.46087 0.00687 0.16088
0.40895 0.01066 0.25831
0.44670 0.01691 0.18009
0.40949 0.03774 0.26378
0.42963 0.01357 0.19894
-0.03777 -0.00836 0.46290
0.44175 0.00034 0.16046
0.43147 0.00566 0.15037
-0.42995 -0.01271 0.17863
-0.41373 -0.01630 0.17111
-0.40379 -0.00817 0.18226
-0.39927 0.00837 0.22359
0.36844 0.00013 0.26053
-0.33486 -0.03380 0.33290
-0.08650 -0.00127 0.46070
-0.42062 -0.00757 0.21408
-0.43327 -0.01218 0.20056
0.41126 -0.00688 0.23768
-0.36651 -0.04981 0.31320
-0.43581 -0.04481 0.21236
0.45753 0.00498 0.18824
0.45886 -0.00276 0.20212
0.43660 0.00370 0.26333
0.45426 -0.00474 0.24839
-0.48814 -0.05350 0.19019
-0.26174 -0.04993 0.46826
-0.29417 -0.07128 0.45781
-0.03568 0.00296 0.55986
-0.19784 -0.05654 0.53339
-0.17137 -0.02733 0.56680
-0.04977 -0.00144 0.59946
0.56792 -0.00498 0.24596
0.00549 -0.00569 0.63287
-0.03112 0.00540 0.64586
0.01077 -0.00286 0.65711
-0.58935 -0.07246 0.32221
-0.15612 -0.03448 0.68027
-0.17985 -0.04858 0.68963
-0.06747 -0.01270 0.72768
0.66536 -0.01832 0.34035
-0.09920 -0.03443 0.75466
-0.13808 -0.08580 0.76868
-0.73450 -0.03901 0.31939
-0.72007 -0.00615 0.38323
-0.70143 -0.07884 0.42999
-0.76442 -0.07471 0.32893
-0.05162 -0.03615 0.85345
0.77639 0.03997 0.38866
-0.80559 -0.05001 0.34453
-0.77718 -0.09509 0.41394
-0.07950 -0.04770 0.89295
-0.05263 -0.01964 0.90447
-0.03642 0.02008 0.91504
0.83018 -0.02345 0.41137
-0.78976 -0.04733 0.50294
-0.86283 0.01546 0.37225
-0.20773 -0.05750 0.91528
-0.48058 -0.07486 0.79817
-0.04597 -0.03910 0.92935
-0.83793 -0.06002 0.40479
-0.02047 0.02097 0.93733
-0.07076 0.00531 0.93129
-0.76270 -0.00978 0.52379
-0.09172 -0.04280 0.91228
-0.09150 -0.05345 0.90355
-0.03597 -0.05393 0.91961
-0.47491 -0.04708 0.78146
-0.08884 -0.00220 0.91188
-0.04534 -0.01365 0.91775
-0.81789 -0.06846 0.35880
-0.45820 -0.11468 0.77093
0.77215 -0.02594 0.45992
-0.68092 -0.08119 0.56851
-0.77075 -0.04287 0.43670
0.52820 -0.03948 0.70558
-0.03137 0.02182 0.88178
0.03461 0.02966 0.87210
-0.45531 -0.03202 0.74300
0.77027 0.00416 0.39810
-0.80662 0.00820 0.31521
-0.76021 -0.07623 0.40561
-0.29675 -0.11065 0.78842
-0.08659 -0.02111 0.84275
-0.57929 -0.10407 0.60670
-0.54891 -0.09744 0.64938
-0.49483 -0.10622 0.68921
0.00359 -0.00799 0.85654
-0.22173 -0.06338 0.83006
0.04823 0.02568 0.86606
-0.00843 -0.00325 0.88266
-0.04946 -0.00359 0.88326
-0.52301 -0.11733 0.71024
-0.82381 -0.08582 0.32934
-0.68807 -0.10461 0.57768
0.87552 0.08947 0.29159
0.86922 0.05483 0.33778
0.03416 0.00004 0.94751
0.64003 0.00176 0.69994
-0.18763 -0.13139 0.92704
-0.44003 -0.15774 0.84157
-0.04226 -0.02446 0.97913
-0.28598 -0.07980 0.95122
-0.03710 -0.00361 1.00415
-0.06763 -0.03473 1.00862
-0.08786 -0.03381 1.02274
-0.09542 -0.04745 1.02155
-0.54406 -0.13146 0.87409
-0.61193 -0.16586 0.82568
-0.61943 -0.11047 0.83925
-0.77621 -0.03024 0.71421
-0.52842 -0.06416 0.91342
-0.05000 -0.02827 1.05715
-0.43668 -0.11592 0.95655
-0.72343 -0.15093 0.75992
-0.95380 -0.06405 0.45804
-0.04175 -0.00604 1.05543
0.07753 -0.10528 1.04178
-0.00215 -0.05067 1.04567
-0.82918 -0.26477 0.58115
-0.84884 -0.27459 0.54225
0.95975 0.01150 0.41527
-0.07275 -0.05789 1.04342
0.00181 -0.02537 1.02768
-0.03453 -0.02602 1.03111
-0.06495 -0.01672 1.02721
-0.34567 -0.10543 0.96233
-0.70293 -0.13777 0.73213
-0.72578 -0.01943 0.71827
0.03232 -0.02733 1.01575
0.88671 0.00086 0.48781
0.88480 0.00159 0.49206
-0.09985 -0.05203 0.99670
-0.30593 -0.13678 0.94962
-0.39702 -0.13607 0.90736
0.28369 -0.10839 0.94739
-0.85036 -0.18019 0.47705
-0.06967 -0.02623 0.98807
-0.87476 -0.09568 0.44922
-0.74372 -0.22339 0.60592
0.79729 -0.11464 0.56297
0.61043 -0.14783 0.74715
-0.90432 0.01902 0.35244
-0.32991 -0.09838 0.90853
-0.19048 -0.08854 0.94477
-0.57532 -0.15321 0.75569
-0.24360 -0.09677 0.92380
-0.14178 -0.06303 0.94161
-0.22546 -0.06644 0.92213
-0.42735 -0.11462 0.83577
-0.60704 -0.07981 0.71325
-0.25662 -0.12123 0.88881
-0.53089 -0.12194 0.74445
-0.81083 -0.04089 0.42401
-0.38885 -0.14640 0.79358
-0.18194 -0.09177 0.85949
-0.17963 -0.08594 0.84511
-0.77313 -0.07422 0.35268
-0.64172 -0.11325 0.51912
-0.68340 -0.09675 0.42724
-0.21880 -0.08760 0.75242
-0.64899 -0.03406 0.40281
-0.67603 -0.01797 0.29766
-0.61757 -0.03309 0.35745
-0.63334 -0.01622 0.26341
0.58244 0.00375 0.30872
-0.55921 0.00529 0.29760
0.55829 -0.02622 0.23616
-0.53645 -0.02477 0.21681
-0.50315 0.00241 0.23808
-0.34842 0.01181 0.39265
-0.46952 0.00761 0.15953
-0.36598 -0.00457 0.28454
0.41137 -0.00834 0.14561
0.30524 0.00386 0.26103
-0.19002 -0.00631 0.31759
0.30969 0.00007 0.13537
0.24970 0.00146 0.18022
0.25288 0.01041 0.08345
-0.22368 0.00062 0.10035
-0.21298 0.00247 0.07363
-0.18440 0.00677 0.08170
-0.18023 0.00624 0.07958
0.17971 0.03215 0.04972
0.14582 0.00056 0.11449
-0.16290 0.00220 0.06894
-0.14862 0.00570 0.07347
-0.14060 0.00182 0.05502
-0.13281 0.00129 0.04678
-0.01726 0.00508 0.13168
0.11984 0.00107 0.03991
0.10529 0.00299 0.05701
0.10596 0.00466 0.03880
-0.09994 0.00057 0.03447
-0.08883 -0.00337 0.03073
-0.06440 -0.00119 0.04410
-0.05915 -0.00043 0.02243
-0.04482 0.00147 0.01950
-0.01750 0.00196 0.03281
-0.01683 0.00183 0.02050
-0.01349 -0.00063 0.01070
-0.00884 -0.00237 -0.00237
-0.00481 0.00018 0.00383
-0.00714 -0.00070 0.00239
-0.00182 0.00011 0.00097
0.00390 0.00034 0.00189
0.00486 0.00038 0.00376
0.00398 0.00002 0.00139
0.00449 0.00030 0.00173
0.00483 0.00011 0.00272
0.00485 0.00030 0.00193
0.00597 -0.00021 -0.00287
-0.00329 0.00067 0.00321
0.00395 -0.00035 -0.00352
0.00203 -0.00004 -0.00134
-0.00100 0.00135 0.00880
0.00260 0.00056 0.00485
0.00460 0.00104 -0.00520
0.00409 0.00047 -0.00167
0.00415 -0.00030 0.00445
-0.00383 0.00016 0.00131
0.00567 0.00053 0.00197
0.00226 0.00023 -0.00497
-0.00667 0.00050 -0.00360
-0.00303 -0.00092 -0.00781
-0.00446 -0.00013 -0.00546
0.00212 -0.00052 -0.00428
0.00244 -0.00054 -0.00381
0.00508 0.00016 -0.00199
0.00076 0.00016 -0.00405
-0.00228 0.00101 0.00152
-0.00138 0.00014 -0.00105
0.00151 0.00023 0.00158
0.00157 0.00003 -0.00075
-0.00166 -0.00017 0.00395
0.00245 0.00085 0.00118
-0.00208 0.00026 0.00208
-0.00122 -0.00006 -0.00195
-0.00498 -0.00031 -0.00178
-0.00051 0.00038 0.00391
0.00192 0.00018 0.00129
0.00065 -0.00003 -0.00031
-0.00051 -0.00005 -0.00035
0.00086 0.00005 -0.00037
0.00106 0.00003 -0.00108
-0.00385 -0.00051 -0.00507
-0.00426 -0.00021 0.00215
-0.00314 -0.00043 -0.00101
-0.00130 -0.00004 0.00084
0.00283 0.00006 -0.00214
0.00144 0.00006 -0.00076
0.00047 0.00003 -0.00085
-0.00141 -0.00005 0.00200
0.03335 0.00116 -0.03983
0.03365 0.00502 0.00963
0.02198 -0.00255 -0.02262
-0.02295 -0.00257 0.02564
-0.02127 0.00115 0.01964
0.03483 0.00131 0.01065
0.03100 0.00087 0.01164
0.03599 0.00071 0.01219
0.03318 0.00132 0.01229
0.03920 0.00211 0.01308
0.04071 0.00163 0.01310
0.04539 0.00220 0.01585
0.04718 0.00325 0.01762
0.04912 0.00032 0.02338
0.05743 0.00142 0.02147
-0.06164 0.00128 0.03487
-0.08035 0.00652 0.03169
-0.10130 0.00087 0.03283
-0.11017 0.00361 0.04249
0.05619 0.00419 0.12449
0.13912 0.01585 0.05971
-0.15563 -0.00958 0.05396
-0.16399 -0.01313 0.07447
0.18038 0.00248 0.05786
0.18884 -0.00308 0.06387
0.19598 0.00515 0.07790
0.00464 0.00462 0.22042
0.21698 0.00243 0.07963
-0.20150 -0.00676 0.13701
-0.18758 0.01103 0.18708
-0.24888 0.00250 0.14514
0.02138 0.00999 0.31797
0.30920 0.00673 0.14377
0.32147 0.00499 0.17624
0.29072 0.01194 0.27855
0.38207 0.02571 0.18546
-0.40706 -0.02505 0.20369
-0.45463 0.00173 0.18605
-0.17752 -0.00723 0.47631
-0.49773 -0.02261 0.21664
0.52419 0.04700 0.16032
0.36807 0.01595 0.43778
-0.57088 -0.05496 0.20531
-0.38956 -0.03530 0.47542
-0.32149 -0.02599 0.56828
-0.20928 -0.05396 0.62446
-0.38087 -0.03431 0.57077
-0.62966 -0.05631 0.34155
-0.64716 -0.04101 0.34805
0.62536 -0.00434 0.44209
0.73189 0.00686 0.29825
-0.48243 -0.09297 0.64782
-0.55700 -0.10191 0.61107
-0.70083 -0.11699 0.47105
0.80014 0.04492 0.35148
-0.80932 -0.03467 0.39457
-0.61065 -0.04295 0.68881
-0.86472 -0.10655 0.36166
-0.87429 -0.12477 0.39085
-0.77869 -0.01588 0.61031
-0.90159 -0.01750 0.46577
-0.94467 -0.09517 0.42062
-0.92222 -0.06464 0.50984
-0.90651 -0.05565 0.57898
-0.94223 -0.06590 0.55499
-0.69924 -0.08199 0.86241
-0.54338 0.03313 0.98580
-0.79388 -0.07478 0.82053
-0.95023 -0.10829 0.65690
-0.73046 -0.09161 0.91330
-0.59975 -0.10448 1.01864
1.13277 0.09003 0.38714
-1.09375 -0.13842 0.48966
-0.65884 -0.04503 1.01509
-0.40230 -0.11638 1.12948
-0.56364 -0.13018 1.05031
-1.07341 -0.06547 0.52815
-0.61588 -0.16134 1.00811
-1.06041 -0.07109 0.53949
-0.80055 -0.11533 0.87653
1.08032 0.06007 0.50255
0.64815 0.08203 0.99627
-0.29980 -0.08848 1.14536
-0.17207 -0.08518 1.16535
-1.04991 -0.18893 0.50037
-0.75970 -0.08185 0.89634
-1.07870 -0.07532 0.46526
-1.08588 -0.12621 0.42844
-0.62483 -0.17016 0.97111
-0.24672 -0.11631 1.12901
-0.98246 -0.09895 0.60735
-0.33940 -0.10651 1.10138
-0.78593 -0.18754 0.82726
-1.02250 -0.06945 0.52703
-0.36088 -0.10745 1.08334
-0.25973 -0.10511 1.10592
-0.91867 -0.03947 0.66905
-0.55373 -0.08017 0.99406
-1.04283 -0.04196 0.44352
-0.44337 -0.05049 1.04036
-0.94931 -0.06883 0.60050
-0.96252 -0.07350 0.56974
-0.83158 -0.04504 0.75695
-0.20752 -0.00620 1.09955
-0.93926 -0.03842 0.60168
-0.89170 -0.08371 0.66034
-0.89871 -0.00686 0.65444
-1.02786 -0.03673 0.40843
-0.22073 -0.14448 1.07156
-0.70546 -0.12976 0.83342
-0.72041 -0.02382 0.82903
-0.07568 -0.01612 1.09661
-0.65390 -0.08180 0.88526
-0.90081 -0.11230 0.62197
-0.87947 -0.12039 0.65892
1.02622 -0.01963 0.35962
-0.97556 -0.05224 0.50265
-0.84634 -0.12324 0.68581
-0.91712 -0.06541 0.56688
-0.65843 -0.10995 0.84371
-0.71191 -0.15757 0.78008
-0.90511 -0.10577 0.58217
-0.61264 -0.10427 0.87855
-0.43672 -0.14531 0.97707
-0.80593 -0.04049 0.71539
-0.97520 -0.10227 0.44435
0.94254 -0.01268 0.50095
-0.92978 -0.08794 0.48507
-0.30144 -0.11841 1.00175
-0.91341 -0.05421 0.51984
-0.94169 -0.05007 0.45557
-0.72229 -0.08312 0.75900
-0.88315 -0.09735 0.58407
-0.68100 -0.12667 0.80518
-0.49349 -0.07430 0.94428
-0.72226 0.01261 0.78140
-0.57653 -0.02333 0.89684
-0.93195 -0.06756 0.49411
-0.94595 -0.05392 0.47166
-0.82549 -0.09625 0.64659
-0.80406 -0.06101 0.67457
-0.78482 -0.09569 0.68166
-0.68630 -0.10871 0.77146
-0.67869 -0.11783 0.77478
-0.80101 -0.05919 0.64226
-0.62959 -0.05257 0.81952
-0.79872 0.00764 0.65315
0.08698 -0.00226 1.02253
-0.42456 -0.04917 0.92581
-0.31287 -0.06375 0.96067
0.85716 0.05591 0.54081
0.92585 0.04776 0.41065
-0.74276 -0.09125 0.67408
-0.80747 -0.07810 0.59397
-0.42609 -0.04662 0.90065
-0.28496 -0.05916 0.95080
0.86567 -0.01765 0.45815
-0.75240 -0.09196 0.58584
0.83613 -0.03066 0.42900
-0.78760 -0.00856 0.48465
-0.05306 -0.00243 0.90388
-0.12810 0.01800 0.87488
-0.13038 0.00802 0.84911
-0.77392 -0.00293 0.33221
-0.71104 -0.00814 0.40447
-0.70122 -0.02577 0.38434
-0.31979 -0.06645 0.71397
0.71407 -0.00698 0.26359
0.69718 -0.00833 0.24914
-0.59400 -0.04657 0.39929
-0.44788 -0.05536 0.53260
-0.34716 -0.03402 0.57320
-0.57208 -0.04069 0.31276
-0.44136 -0.03861 0.43841
0.56339 0.01274 0.22387
0.56847 -0.01054 0.23342
-0.14030 -0.06517 0.52977
0.00659 -0.01006 0.58032
-0.33990 -0.04284 0.41769
-0.46207 -0.04733 0.27786
0.43100 0.00608 0.30884
-0.48724 -0.04427 0.18342
-0.46216 -0.03547 0.21845
-0.38111 -0.02695 0.33586
0.35322 -0.00147 0.36794
0.45649 0.01074 0.20717
-0.46679 -0.01697 0.16605
-0.46009 -0.04349 0.17909
-0.44084 -0.01340 0.20002
0.33694 -0.00086 0.34200
0.42509 0.01524 0.22924
0.44984 0.03289 0.14692
0.44238 0.02572 0.17642
0.39899 0.00165 0.24735
0.44379 0.01642 0.16236
0.46158 0.01855 0.14313
-0.44376 -0.04372 0.17109
-0.42805 -0.06360 0.22746
-0.44474 -0.04661 0.16511
-0.44901 -0.02344 0.15822
-0.10429 -0.00688 0.47616
-0.28628 -0.04853 0.39072
0.45871 0.02273 0.19304
0.00871 0.00666 0.49741
-0.44911 -0.04126 0.23462
-0.45050 -0.01265 0.25397
-0.13382 -0.03471 0.50449
-0.09856 -0.02720 0.52109
-0.03969 -0.00940 0.54007
-0.12475 -0.04942 0.53946
-0.09571 -0.03618 0.56437
0.53882 0.01856 0.23257
0.46756 -0.01830 0.38358
0.57212 0.00996 0.24318
0.56902 0.00184 0.28882
0.10788 -0.02136 0.64520
0.61960 0.07841 0.24135
0.61268 0.04590 0.30792
0.64092 0.02811 0.29743
-0.66095 -0.04048 0.27534
-0.43096 -0.04293 0.59261
-0.59689 -0.06954 0.44641
-0.59953 -0.01383 0.46426
-0.02196 0.03091 0.76163
-0.71471 -0.00007 0.27394
-0.04477 -0.01239 0.76441
0.04808 -0.02720 0.76103
0.72667 0.04336 0.24237
0.59240 0.01489 0.48706
0.56050 -0.02879 0.52524
0.66724 -0.01151 0.37915
0.66932 -0.02140 0.37804
0.63211 0.01764 0.43417
-0.63944 -0.03355 0.42626
-0.68264 -0.02706 0.34756
0.72646 -0.00495 0.24100
0.71671 0.03830 0.26509
-0.65964 -0.05894 0.37491
0.05388 -0.00804 0.75810
-0.01085 -0.00406 0.75571
-0.03076 -0.06221 0.75004
0.65645 0.06996 0.35789
-0.61262 -0.04703 0.42231
-0.07078 -0.06532 0.73534
0.68313 0.04328 0.25920
0.66077 0.01533 0.29231
-0.64797 -0.07119 0.28949
-0.02173 -0.00944 0.70258
0.01745 -0.02780 0.68862
0.03698 -0.04143 0.67414
0.01590 -0.03669 0.66427
-0.19815 -0.09929 0.62045
-0.59916 -0.12486 0.22896
0.40883 -0.00729 0.50442
-0.50254 -0.04054 0.40372
-0.40609 -0.02385 0.49193
-0.52434 -0.01067 0.35631
-0.48771 -0.02507 0.39624
-0.11947 -0.04366 0.61235
-0.57391 -0.01160 0.23473
-0.47110 -0.01384 0.39760
-0.57115 -0.01086 0.21840
0.01565 -0.02686 0.60968
-0.13348 -0.04268 0.59067
-0.01941 -0.00650 0.60522
0.55447 0.05098 0.23209
-0.12640 -0.05581 0.58333
-0.39184 -0.07015 0.44651
-0.19332 -0.05265 0.56127
-0.07109 -0.03265 0.58889
0.32768 0.03311 0.48707
-0.53137 -0.06597 0.23626
-0.27559 -0.08486 0.50355
-0.49801 -0.02876 0.28340
0.51742 -0.00425 0.22157
0.51903 -0.00456 0.19638
-0.40893 -0.02559 0.35770
0.41903 -0.00743 0.32763
0.06042 -0.00993 0.51795
-0.39223 -0.02028 0.32465
-0.44446 0.01268 0.22157
0.00600 -0.00330 0.48497
0.03133 -0.01041 0.47468
-0.00775 -0.01997 0.46177
-0.01425 -0.02103 0.45267
0.41202 -0.01134 0.14975
-0.38008 -0.02935 0.18191
-0.33359 -0.03768 0.25604
-0.28705 -0.01752 0.23461
-0.33356 -0.01348 0.15875
-0.25170 -0.01556 0.23186
-0.02014 -0.01411 0.32060
-0.20762 -0.01471 0.22264
-0.26419 -0.01269 0.11174
-0.25000 -0.00898 0.11658
-0.24831 -0.02175 0.10197
-0.01195 -0.00267 0.26053
0.23996 0.00274 0.09849
-0.19352 -0.01244 0.17054
-0.23824 -0.00199 0.09499
0.23237 0.00322 0.10088
-0.23550 0.00205 0.09184
0.23920 -0.00262 0.07696
-0.21769 -0.00035 0.11738
-0.23181 -0.00309 0.09039
0.23586 0.00599 0.07389
-0.19341 -0.02126 0.15119
0.23016 0.00558 0.08420
-0.21987 -0.00766 0.10447
-0.22826 -0.01074 0.07778
0.22364 0.00723 0.09231
0.20346 0.00467 0.12196
-0.21921 -0.00600 0.08603
-0.21699 0.00182 0.09806
0.22268 0.00229 0.07652
-0.19419 0.00907 0.13297
-0.22078 0.00340 0.07434
0.20780 0.00453 0.10127
0.21406 -0.00675 0.08460
-0.17877 0.01523 0.14196
-0.20463 -0.00585 0.09970
0.19480 -0.01695 0.12308
0.21386 -0.01566 0.07526
-0.21119 0.00823 0.07896
-0.21144 0.01340 0.07425
0.20642 -0.01959 0.08726
0.21134 -0.00182 0.07423
-0.19392 0.00210 0.11211
0.20732 0.00222 0.09417
0.21938 0.00627 0.08610
0.23213 0.01299 0.08429
0.17636 -0.00121 0.18996
0.18530 -0.00074 0.19737
0.15677 0.01769 0.23344
0.22930 -0.00346 0.18248
0.23115 0.00521 0.19390
0.27683 0.01182 0.13732
0.28542 0.00374 0.13798
0.28527 -0.00620 0.15505
0.29173 0.00300 0.16341
0.32246 -0.00653 0.11024
-0.32482 -0.01080 0.12854
0.32034 -0.00102 0.15589
0.33702 0.00678 0.14145
-0.33998 -0.00839 0.16146
0.33787 0.00767 0.18976
-0.37731 -0.00768 0.13684
0.38795 0.01427 0.13587
0.29176 -0.00866 0.28104
-0.09107 0.02339 0.38967
-0.33130 -0.03054 0.20666
-0.23001 -0.00008 0.31212
-0.07049 -0.00947 0.37525
0.35624 0.00339 0.12897
-0.35114 0.00194 0.13324
0.35503 0.00199 0.11635
-0.34352 0.02304 0.14538
0.32927 0.01342 0.16878
0.32892 -0.00355 0.15203
0.33316 -0.00725 0.12543
-0.17645 0.01346 0.30580
0.33041 -0.01723 0.12096
0.25684 0.01309 0.23715
-0.32155 -0.00655 0.13299
0.31307 0.00009 0.14212
0.31821 -0.01223 0.11532
0.30906 0.00334 0.12695
0.28862 0.01454 0.11254
0.21327 0.00647 0.17457
0.20789 -0.00590 0.10894
0.11628 0.00603 0.16094
-0.12495 -0.00026 0.10224
0.10219 -0.01039 0.07372
0.08535 0.00534 0.03711
0.05281 0.00468 0.02164
0.00748 -0.00139 0.02485
-0.00094 0.00000 0.00060
-0.01743 0.00180 -0.00503
-0.00517 -0.00133 -0.00816
-0.00263 0.00041 -0.00319
0.00242 0.00044 -0.00421
0.00232 0.00032 -0.00401
0.00057 -0.00013 0.00141
