0.04626 8.18052 4.68840
0.04318 7.67807 4.40029
0.03702 6.58630 3.77436
0.03335 5.93078 3.39858
0.02447 4.33179 2.48212
0.01935 3.36738 1.92946
0.01461 2.52032 1.44408
0.01463 2.48975 1.42656
0.03076 5.17119 2.96321
0.03062 5.09050 2.91696
0.02754 4.49162 2.57372
0.02214 3.53549 2.02579
0.01701 2.62223 1.50247
0.03524 5.29919 3.03657
0.03199 4.72702 2.70863
0.04432 6.47748 3.71197
0.03110 4.49177 2.57381
0.00887 1.24815 0.71514
0.01827 2.48732 1.42517
0.06375 8.38286 4.80443
0.07989 10.28684 5.89653
0.04720 5.98278 3.42839
0.04398 5.47155 3.13536
0.05576 6.78801 3.88999
0.05974 7.17195 4.11011
0.06984 8.25116 4.72891
0.04621 5.37282 3.07877
0.04057 4.60052 2.63613
0.03152 3.49728 2.00390
0.03116 3.38492 1.93951
0.04165 4.45522 2.55287
0.06201 6.50409 3.72722
0.05647 5.80952 3.32908
0.05388 5.51804 3.16201
0.07021 7.14101 4.09237
0.06563 6.64225 3.80643
0.04943 4.93406 2.82729
0.03908 3.87769 2.22189
0.04567 4.50037 2.57874
0.09644 9.43998 5.41072
0.07182 6.97858 3.99924
0.05832 5.62547 3.22358
0.05166 4.93148 2.82581
0.03014 2.85519 1.63596
0.04252 3.99863 2.29120
0.02904 2.73097 1.56478
0.06406 5.97568 3.42432
0.05817 5.40826 3.09908
0.09612 8.92442 5.11502
0.03750 3.47807 1.99289
0.03390 3.15005 1.80492
0.05236 4.87133 2.79134
0.03608 3.38554 1.93987
0.03620 3.40602 1.95160
0.03981 3.70904 2.12524
0.02303 2.13430 1.22289
0.04539 4.21349 2.41433
0.02537 2.35665 1.35029
0.07583 7.02596 4.02641
0.03993 3.72859 2.13645
0.06527 6.07902 3.48356
0.07960 7.40766 4.24525
0.05488 5.14408 2.94767
0.03880 3.61849 2.07336
0.04272 3.98601 2.28397
0.04444 4.08902 2.34300
0.03216 2.96198 1.69715
0.05489 5.06653 2.90322
0.05047 4.67608 2.67944
0.06774 6.28405 3.60109
0.05449 5.04781 2.89249
0.05687 5.25717 3.01248
0.05458 5.02997 2.88227
0.05857 5.36176 3.07243
0.05215 4.78868 2.74397
0.03435 3.16420 1.81303
0.07762 7.13511 4.08899
0.06666 6.14939 3.52389
0.07548 6.96175 3.98959
0.05526 5.11579 2.93145
0.04577 4.25896 2.44039
0.06686 6.25098 3.58213
0.03445 3.22172 1.84599
0.09814 9.20726 5.27723
0.01176 1.09801 0.62912
0.03495 3.27735 1.87787
0.06251 5.88875 3.37450
0.05393 5.11025 2.92827
0.02747 2.62143 1.50201
0.06505 6.25742 3.58582
0.04394 4.28416 2.45483
0.09788 9.67624 5.54624
0.05040 5.06800 2.90406
0.03738 3.84197 2.20142
0.03786 3.96933 2.27441
0.05888 6.32209 3.62289
0.04842 5.34128 3.06069
0.04408 4.97610 2.85139
0.05653 6.55380 3.75572
0.04428 5.27126 3.02056
0.03290 4.03535 2.31224
0.02828 3.59318 2.05885
0.03878 5.09385 2.91888
0.04103 5.63127 3.22691
0.04879 6.97568 3.99758
0.05244 7.86687 4.50855
0.04710 7.37371 4.22578
0.04187 6.89396 3.95073
0.03643 6.22405 3.56669
0.01986 3.51874 2.01619
0.01708 3.16389 1.81285
0.01002 1.93412 1.10818
0.00803 1.62140 0.92900
0.02068 4.35939 2.49795
0.02315 5.13309 2.94136
0.02360 5.46113 3.12939
0.02312 5.48504 3.14309
0.03466 8.39476 4.81126
0.03067 7.61869 4.36624
0.02047 5.09763 2.92104
0.02992 7.70229 4.41418
0.02705 6.95671 3.98671
0.03177 8.44704 4.84124
0.03425 9.00105 5.15896
0.02534 6.93234 3.97273
0.01829 4.95988 2.84209
0.01317 3.60798 2.06734
0.00719 2.03053 1.16343
0.02777 7.69814 4.41180
0.01877 5.42981 3.11144
0.01229 3.49595 2.00313
0.02642 7.77243 4.45439
0.08188 23.27393 13.36526
0.03119 9.02405 5.17215
0.01180 3.27907 1.87885
0.02384 6.57990 3.77068
0.00949 2.65264 1.51989
0.02557 6.81597 3.90602
0.01270 3.43952 1.97079
0.02270 5.96164 3.41627
0.06814 17.91582 10.27879
0.03343 8.59268 4.92476
0.01375 3.50556 2.00864
0.01875 4.77210 2.73447
0.01773 4.32956 2.48085
0.01644 3.91844 2.24525
0.02137 4.90523 2.81077
0.02615 5.87390 3.36598
0.02910 6.24650 3.57957
0.01733 3.57455 2.04817
0.01291 2.58058 1.47860
0.02776 5.33136 3.05501
0.02097 3.91305 2.24216
0.02546 4.59430 2.63257
0.02331 4.06779 2.33083
0.06965 11.75596 6.73955
0.20235 32.71692 18.83004
0.02131 3.31159 1.89749
0.02662 4.04988 2.32057
0.03103 4.58632 2.62800
0.04161 6.03897 3.46060
0.03419 4.81285 2.75782
0.04512 6.23888 3.57519
0.03107 4.20476 2.40933
0.09578 12.66222 7.25977
0.01681 2.19462 1.25745
0.06039 7.76661 4.45106
0.05481 7.02191 4.02409
0.05465 6.94452 3.97972
0.05080 6.36282 3.64624
0.04029 4.99415 2.86174
0.05752 7.04146 4.03529
0.04003 4.89321 2.80388
0.08509 10.34743 5.93129
0.03951 4.75225 2.72310
0.03650 4.35055 2.49288
0.02694 3.20023 1.83368
0.03357 3.97529 2.27782
0.08454 9.99875 5.73125
0.09929 11.83981 6.78768
0.04276 5.14158 2.94623
0.02662 3.24019 1.85657
0.08833 10.72762 6.14943
0.13481 16.19583 9.28970
0.04132 4.96580 2.84549
0.01996 2.42751 1.39089
0.02770 3.40492 1.95097
0.02237 2.75221 1.57695
0.04048 5.01869 2.87580
0.08532 10.60234 6.07754
0.13285 16.59523 9.51931
0.07267 9.12024 5.22733
0.02126 2.67321 1.53168
0.03294 4.16391 2.38592
0.03224 4.11309 2.35679
0.04599 5.88275 3.37105
0.01240 1.60600 0.92018
0.03006 3.88382 2.22540
0.01384 1.80052 1.03164
0.01729 2.27107 1.30126
0.02769 3.68900 2.11376
0.02626 3.57644 2.04926
0.04017 5.61299 3.21643
0.04659 6.60036 3.78241
0.03710 5.28810 3.03021
0.04311 6.17476 3.53844
0.02106 3.02791 1.73493
0.02288 3.28846 1.88423
0.04726 6.85534 3.92859
0.06144 8.95174 5.13068
0.06288 9.18113 5.26225
0.02441 3.60893 2.06788
0.01823 2.70492 1.54985
0.01354 2.01925 1.15697
0.01137 1.70555 0.97722
0.09436 14.26358 8.17937
0.07896 11.89929 6.82182
0.01565 2.32994 1.33499
0.02335 3.46223 1.98381
0.01915 2.81774 1.61450
0.01883 2.75551 1.57884
0.02707 3.91522 2.24340
0.01114 1.58968 0.91083
0.02203 3.08616 1.76831
0.03020 4.15035 2.37815
0.01017 1.39403 0.79873
0.02599 3.54666 2.03219
0.02597 3.51883 2.01624
0.04119 5.51829 3.16215
0.04338 5.78832 3.31692
0.02101 2.79009 1.59865
0.01835 2.42473 1.38930
0.09356 12.43554 7.12964
0.08214 10.80512 6.19389
0.04293 5.73910 3.28872
0.05170 6.90249 3.95562
0.09587 12.84957 7.36734
0.06059 8.04007 4.60786
0.03961 5.24119 3.00333
0.02863 3.76211 2.15566
0.02992 3.93695 2.25585
0.05108 6.67533 3.82539
0.00517 0.67138 0.38467
0.02962 3.80932 2.18271
0.02966 3.79676 2.17551
0.06731 8.55507 4.90319
0.01512 1.91088 1.09487
0.02956 3.70597 2.12349
0.02658 3.31580 1.89990
0.05780 7.18592 4.11812
0.02875 3.54994 2.03408
0.03851 4.72506 2.70751
0.04013 4.85960 2.78462
0.04460 5.36083 3.07190
0.01709 2.03795 1.16768
0.05264 6.25580 3.58490
0.02966 3.50622 2.00902
0.02652 3.09825 1.77523
0.01409 1.64545 0.94278
0.01741 2.03257 1.16460
0.02341 2.74153 1.57083
0.03810 4.45878 2.55490
0.03122 3.63988 2.08561
0.05028 5.79554 3.32107
0.02352 2.69788 1.54582
0.05294 6.06990 3.47833
0.04026 4.64810 2.66340
0.01843 2.11821 1.21367
0.03205 3.68526 2.11162
0.05008 5.76523 3.30369
0.09887 11.48643 6.58486
0.01396 1.62070 0.92860
0.02512 2.92516 1.67605
0.02110 2.45788 1.40830
0.02104 2.45954 1.40925
0.00816 0.96421 0.55246
0.04812 5.72900 3.28292
0.02157 2.57959 1.47804
0.01950 2.33867 1.33999
0.04284 5.14947 2.95076
0.02738 3.32434 1.90479
0.05044 6.16013 3.53005
0.04036 4.95830 2.84119
0.07640 9.42417 5.40165
0.02150 2.67059 1.53018
0.05228 6.55812 3.75820
0.03141 3.96487 2.27185
0.04878 6.20020 3.55302
0.05957 7.58314 4.34586
0.05602 7.17064 4.10935
0.01585 2.03542 1.16623
0.02154 2.79374 1.60075
0.03148 4.11027 2.35518
0.05656 7.37379 4.22583
0.06370 8.26237 4.73533
0.04762 6.13869 3.51776
0.05688 7.42674 4.25619
0.02136 2.81985 1.61571
0.01937 2.56515 1.46976
0.03814 5.07174 2.90621
0.03177 4.23804 2.42840
0.02249 3.01772 1.72909
0.03040 4.08499 2.34069
0.03553 4.76328 2.72942
0.01667 2.22820 1.27669
0.03036 4.10289 2.35095
0.00977 1.32330 0.75820
0.01426 1.95091 1.11781
0.18019 24.70898 14.19346
0.04543 6.25278 3.58316
0.03200 4.40279 2.52282
0.03323 4.58408 2.62671
0.02772 3.82820 2.19353
0.08323 11.53551 6.61303
0.02076 2.87386 1.64666
0.04092 5.68565 3.25808
0.10706 14.97697 8.58921
0.01257 1.75613 1.00620
0.02740 3.83883 2.19962
0.03681 5.18911 2.97347
0.02119 3.00813 1.72360
0.04016 5.79200 3.31904
0.09178 13.29493 7.62306
0.00572 0.83072 0.47597
0.03738 5.42858 3.11073
0.02159 3.15811 1.80954
0.02190 3.26215 1.86916
0.01211 1.82205 1.04397
0.05345 8.09472 4.63920
0.03684 5.59545 3.20637
0.02325 3.55251 2.03555
0.01635 2.52494 1.44672
0.01949 3.03987 1.74178
0.05740 9.00276 5.15994
0.07116 11.20805 6.42510
0.05671 8.98113 5.14754
0.02549 4.10954 2.35476
0.02367 3.87391 2.21973
0.04204 6.94304 3.97887
0.04721 7.83450 4.48999
0.06272 10.54531 6.04482
0.07172 12.04501 6.90546
0.03447 5.84061 3.34690
0.02024 3.44116 1.97174
0.13430 23.01804 13.21766
0.04235 7.31899 4.19441
0.01799 3.11319 1.78380
0.03087 5.39232 3.08994
0.02638 4.61744 2.64583
0.01718 3.02962 1.73591
0.01202 2.14154 1.22704
0.02534 4.50964 2.58405
0.01822 3.26176 1.86893
0.02436 4.34536 2.48990
0.04661 8.35999 4.79132
0.03924 7.03216 4.02996
0.03675 6.67888 3.82743
0.08719 15.94055 9.14296
0.33140 60.91121 35.46291
0.02475 4.59280 2.63171
0.02591 4.85051 2.77941
0.28634 54.14734 31.41622
0.03750 7.11853 4.07948
0.06519 12.50761 7.17101
0.01642 3.14196 1.80029
0.03758 7.27941 4.17172
0.12094 23.93751 13.74814
0.02231 4.41234 2.52829
0.02485 4.97526 2.85091
0.02349 4.74281 2.71768
0.02113 4.28809 2.45708
0.03215 6.58298 3.77245
0.02786 5.70128 3.26704
0.01278 2.62743 1.50545
0.02593 5.35909 3.07090
0.02997 6.25658 3.58534
0.01493 3.13364 1.79552
0.04374 9.12854 5.23209
0.02336 4.79138 2.74552
0.05336 10.70748 6.13787
0.01839 3.62516 2.07718
0.02040 3.96232 2.27039
0.01082 2.06442 1.18285
0.01709 3.21083 1.83975
0.01247 2.31323 1.32541
0.01525 2.78298 1.59458
0.04824 8.68004 4.97486
0.04938 8.82267 5.05666
0.01140 2.01579 1.15498
0.03065 5.36614 3.07494
0.03740 6.48536 3.71649
0.01917 3.33132 1.90879
0.02023 3.50366 2.00755
0.01936 3.36541 1.92833
0.09731 17.00430 9.75452
0.00602 1.05731 0.60579
0.04523 7.94494 4.55331
0.02951 5.22190 2.99227
0.04166 7.38758 4.23373
0.01547 2.76472 1.58412
0.02397 4.37139 2.50482
0.00815 1.51002 0.86519
0.03125 5.89416 3.37760
0.04157 8.05314 4.61536
0.00546 1.08413 0.62117
0.02100 4.27127 2.44744
0.02266 4.74589 2.71945
0.02906 6.34603 3.63662
0.02751 6.26975 3.59289
0.05015 11.82701 6.78033
0.07061 17.06760 9.79093
0.03448 8.45938 4.84831
0.05753 14.26890 8.18243
0.04373 11.06681 6.34405
0.03340 8.37970 4.80262
0.02139 5.42096 3.10636
0.02840 7.26825 4.16532
0.00991 2.53878 1.45465
0.01525 4.04770 2.31932
0.00616 1.60297 0.91845
0.00836 2.18576 1.25238
0.00416 1.13037 0.64766
0.00703 1.86199 1.06686
0.00873 2.40569 1.37839
0.01076 2.85986 1.63863
0.01037 2.71115 1.55342
0.01632 4.36888 2.50339
0.01300 3.24558 1.85966
0.01301 3.35262 1.92100
0.02769 6.63996 3.80512
0.01936 4.82397 2.76420
0.02858 6.56270 3.76083
0.04860 10.80851 6.19584
0.00686 1.57708 0.90361
0.04045 8.41735 4.82421
0.01158 2.45751 1.40809
0.00912 1.78423 1.02230
0.01945 3.71318 2.12762
0.02529 4.87578 2.79389
0.05533 9.91884 5.68541
0.01898 3.39539 1.94551
0.06461 10.87296 6.23282
0.01736 2.86282 1.64033
0.01236 1.98546 1.13760
0.02568 3.95340 2.26528
0.05081 7.71585 4.42195
0.02011 2.94462 1.68720
0.19251 27.75227 15.95235
0.03307 4.64418 2.66116
0.02081 2.85650 1.63671
0.04956 6.62990 3.79935
0.04933 6.47102 3.70827
0.02296 2.96719 1.70014
0.01686 2.12733 1.21890
0.02259 2.79824 1.60333
0.04322 5.28877 3.03060
0.05705 6.91289 3.96158
0.05999 7.13220 4.08732
0.05201 6.08947 3.48955
0.05414 6.23565 3.57335
0.06752 7.68657 4.40516
0.00250 0.27996 0.16041
0.06451 7.15691 4.10149
0.05659 6.21020 3.55875
0.05252 5.75360 3.29703
0.05407 5.92593 3.39580
0.04464 4.89866 2.80701
0.07921 8.67329 4.97099
0.04225 4.60360 2.63790
0.05609 6.11389 3.50355
0.05045 5.51216 3.15864
0.04930 5.38287 3.08453
0.04464 4.86160 2.78576
0.07783 8.00279 4.58649
0.06983 8.05229 4.61487
0.07327 7.96900 4.56711
0.02280 2.47847 1.42009
0.03502 3.79545 2.17476
0.04519 4.91153 2.81438
0.05689 6.19983 3.55281
0.07369 8.03686 4.60602
0.04388 4.78327 2.74087
0.07301 7.96782 4.56643
0.05413 5.93566 3.40138
0.06058 6.67846 3.82719
0.05256 5.82801 3.33968
0.05475 6.14212 3.51973
0.04384 4.94545 2.83382
0.05105 5.81878 3.33438
0.04763 5.49250 3.14737
0.07139 8.35448 4.78816
0.16444 19.71895 11.31651
0.05470 6.58774 3.77518
0.07157 9.08299 5.20596
0.11680 14.84649 8.51424
0.06520 8.49265 4.86739
0.04526 6.02765 3.45411
0.01554 2.12759 1.21904
0.06833 9.67432 5.54514
0.02639 3.87703 2.22152
0.04582 7.00856 4.01643
0.01821 2.90284 1.66326
0.02723 4.52649 2.59371
0.02587 4.47210 2.56254
0.02192 3.97003 2.27481
0.02678 5.03020 2.88240
0.04513 8.79959 5.04342
0.02851 5.72824 3.28249
0.02660 5.48938 3.14558
0.02257 4.68758 2.68603
0.02501 5.37589 3.08053
0.01990 4.24301 2.43125
0.04496 9.66892 5.54204
0.03333 7.30101 4.18410
0.03796 8.43113 4.83211
0.05272 12.11275 6.94434
0.04688 10.63966 6.09896
0.02415 5.52674 3.16699
0.00664 1.57032 0.89974
0.01803 4.18855 2.40004
0.02343 5.66635 3.24701
0.00888 2.11017 1.20906
0.01273 3.05347 1.74958
0.30249 75.25664 44.20729
0.02110 5.09326 2.91854
0.05627 14.07243 8.06958
0.17333 42.71237 24.66233
0.14782 36.71975 21.15890
0.00862 2.19185 1.25586
0.04607 11.72178 6.71994
0.00876 2.26161 1.29584
0.01611 4.18795 2.39969
0.02527 6.63041 3.79964
0.01781 4.63622 2.65660
0.03139 8.33367 4.77622
0.02867 7.41828 4.25133
0.01784 4.80983 2.75610
0.03740 10.12010 5.80087
0.01895 4.95392 2.83868
0.01640 4.54971 2.60702
0.00540 1.41712 0.81195
0.04478 12.38080 7.09822
0.01390 3.60114 2.06341
0.01724 4.65496 2.66733
0.05017 13.39553 7.68083
0.03866 9.85878 5.65096
0.01307 3.41768 1.95828
0.00130 0.32667 0.18717
0.03767 9.31368 5.33827
0.01765 4.20920 2.41187
0.01564 3.65387 2.09363
0.02147 4.83984 2.77329
0.01601 3.53035 2.02285
0.04432 9.48039 5.43390
0.04960 10.24747 5.87394
0.03484 6.90841 3.95902
0.01692 3.19449 1.83039
0.02037 3.70617 2.12360
0.03772 6.63963 3.80492
0.01961 3.35305 1.92124
0.03220 5.34446 3.06252
0.02089 3.35920 1.92477
0.03614 5.63783 3.23067
0.03858 5.87593 3.36714
0.02371 3.49109 2.00035
0.01951 2.80737 1.60856
0.12672 17.77252 10.19635
0.07093 9.69894 5.55926
0.01218 1.62539 0.93129
0.02322 3.02557 1.73359
0.02245 2.85752 1.63729
0.02821 3.52029 2.01708
0.03125 3.82495 2.19167
0.02017 2.41661 1.38465
0.03414 4.00414 2.29435
0.02037 2.35751 1.35078
0.03477 3.98219 2.28178
0.06266 7.15391 4.09977
0.03225 3.66004 2.09717
0.02656 3.01455 1.72728
0.11400 12.92303 7.40951
0.02060 2.33453 1.33762
0.07027 7.94253 4.55193
0.02083 2.33897 1.34016
0.09085 10.19655 5.84473
0.03270 3.65213 2.09263
0.04964 5.53914 3.17410
0.06847 7.62373 4.36913
0.02270 2.52196 1.44501
0.03488 3.88260 2.22471
0.03555 3.95556 2.26651
0.02597 2.88622 1.65374
0.04085 4.55971 2.61275
0.01523 1.70400 0.97633
0.03975 4.42884 2.53774
0.01577 1.74712 1.00104
0.04783 5.32629 3.05210
0.02839 3.16476 1.81335
0.04079 4.54170 2.60242
0.02992 3.33003 1.90806
0.02559 2.84883 1.63232
0.02364 2.64021 1.51277
0.01526 1.66348 0.95311
0.02737 3.15029 1.80506
0.02548 2.86592 1.64211
0.03001 3.38701 1.94071
0.03943 4.46683 2.55952
0.06036 6.82276 3.90991
0.21893 24.85629 14.27853
0.08188 9.30646 5.33413
0.02832 3.22023 1.84514
0.02391 2.73583 1.56756
0.02315 2.63125 1.50764
0.02218 2.54046 1.45562
0.13504 15.41437 8.84055
0.07559 8.59130 4.92397
0.05250 5.94216 3.40511
0.04367 4.91882 2.81856
0.05272 5.90079 3.38139
0.06556 7.30845 4.18836
0.05697 6.38646 3.65979
0.04274 4.72805 2.70923
0.02339 2.57756 1.47688
0.05225 5.75078 3.29541
0.06435 7.06564 4.04916
0.02489 2.72792 1.56303
0.05508 5.95808 3.41423
0.01074 1.16109 0.66526
0.06307 6.78209 3.88660
0.04994 5.35218 3.06694
0.08844 9.43851 5.40988
0.02626 2.76173 1.58240
0.03830 4.07826 2.33683
0.04762 5.00993 2.87078
0.02959 3.09569 1.77377
0.05066 5.29124 3.03201
0.02953 3.06229 1.75463
0.02824 2.93005 1.67885
0.03014 3.10681 1.78014
0.03440 3.52810 2.02156
0.03498 3.57306 2.04732
0.02911 2.96076 1.69645
0.03163 3.14731 1.80335
0.01659 1.71174 0.98077
0.05022 5.11795 2.93269
0.03454 3.51977 2.01679
0.02500 2.55430 1.46355
0.07253 7.42333 4.25423
0.07684 7.87880 4.51539
0.07329 7.53087 4.31589
0.04902 5.02663 2.88035
0.02808 2.87895 1.64957
0.01585 1.62315 0.93001
0.04072 4.17455 2.39202
0.04142 4.25092 2.43578
0.08649 8.85673 5.07620
0.05559 5.70814 3.27097
0.04741 4.86710 2.78892
0.01033 1.05813 0.60627
0.04340 4.45526 2.55289
0.03468 3.55330 2.03600
0.04082 4.19338 2.40280
0.02311 2.37296 1.35964
0.03162 3.23298 1.85244
0.01379 1.41686 0.81181
0.03932 4.02825 2.30818
0.03943 4.05992 2.32632
0.04936 5.07410 2.90756
0.05417 5.57297 3.19349
0.02299 2.36471 1.35491
0.04127 4.26355 2.44302
0.03380 3.49565 2.00296
0.03908 4.03811 2.31382
0.02816 2.90949 1.66707
0.02176 2.22969 1.27755
0.04002 4.12393 2.36300
0.04519 4.65294 2.66618
0.04816 4.96618 2.84570
0.01919 1.98102 1.13506
0.01163 1.19402 0.68413
0.04825 4.96370 2.84428
0.02437 2.47082 1.41571
0.02777 2.92279 1.67469
0.03178 3.27909 1.87887
0.05531 5.66711 3.24745
0.02775 2.84214 1.62848
0.02688 2.73476 1.56695
0.00702 0.72083 0.41301
0.02645 2.71279 1.55436
0.06199 6.32266 3.62322
0.02562 2.60318 1.49155
0.04256 4.32095 2.47591
0.04227 4.30620 2.46746
0.04081 4.16598 2.38710
0.05772 5.89828 3.37996
0.02500 2.54832 1.46012
0.02248 2.27010 1.30070
0.07069 7.13000 4.08606
0.02952 2.97337 1.70368
0.02647 2.67578 1.53315
0.02716 2.74391 1.57219
0.06114 6.15259 3.52573
0.02540 2.55703 1.46511
0.03749 3.76823 2.15916
0.01360 1.36882 0.78428
0.04654 4.67741 2.68020
0.03590 3.59732 2.06122
0.04514 4.51506 2.58716
0.03726 3.72047 2.13180
0.04375 4.35008 2.49261
0.05141 5.11381 2.93032
0.02561 2.54847 1.46020
0.02468 2.45970 1.40934
0.03079 3.06104 1.75392
0.03391 3.37528 1.93398
0.04691 4.66451 2.67281
0.01309 1.30343 0.74681
0.03790 3.77758 2.16452
0.04427 4.42088 2.53319
0.04109 4.12446 2.36331
0.04913 4.92963 2.82476
0.03794 3.82762 2.19320
0.03145 3.16811 1.81527
0.02837 2.87502 1.64732
0.05604 5.72771 3.28218
0.03598 3.67664 2.10668
0.07279 7.45220 4.27079
0.04331 4.41484 2.52972
0.04090 4.20099 2.40717
0.01926 1.99044 1.14046
0.04227 4.38479 2.51250
0.05772 6.01135 3.44477
0.02360 2.45770 1.40819
0.04264 4.44586 2.54750
0.03133 3.27695 1.87764
0.03885 4.08716 2.34193
0.02650 2.82762 1.62016
0.02860 3.04985 1.74750
0.02489 2.68638 1.53923
0.01115 1.21308 0.69505
0.03895 4.29810 2.46282
0.07145 7.91967 4.53883
0.04968 5.49598 3.14936
0.03052 3.47403 1.99057
0.04923 5.59691 3.20721
0.03985 4.56894 2.61804
0.03662 4.24659 2.43330
0.02945 3.46450 1.98511
0.02127 2.53331 1.45152
0.02757 3.34945 1.91918
0.06303 7.80010 4.47026
0.07986 10.10496 5.79218
0.17815 22.90842 13.15443
0.17016 22.25572 12.77805
0.18261 24.16826 13.88132
0.05334 7.13375 4.08821
0.02566 3.47065 1.98864
0.02724 3.70775 2.12451
0.02647 3.64603 2.08914
0.04114 5.70371 3.26843
0.02707 3.78130 2.16666
0.03123 4.40363 2.52330
0.03514 4.95769 2.84084
0.02731 4.02814 2.30811
0.05382 7.92169 4.53998
0.07359 10.96017 6.28286
0.08928 13.50072 7.74123
0.05002 7.69400 4.40943
0.05459 8.58097 4.91804
0.03711 5.96096 3.41588
0.03098 5.10556 2.92559
0.05170 8.74327 5.01112
0.05435 9.50247 5.44656
0.02596 4.66820 2.67492
0.05862 10.85905 6.22484
0.02229 4.23308 2.42556
0.04000 7.85236 4.50023
0.03551 7.15901 4.10269
0.05164 10.66183 6.11168
0.03505 7.42866 4.25729
0.04904 10.68275 6.12368
0.03938 8.79431 5.04039
0.05747 13.20913 7.57379
0.03375 8.01594 4.59403
0.04681 11.43196 6.55360
0.03312 8.27165 4.74066
0.02957 7.60403 4.35784
0.02970 7.86519 4.50759
0.02992 8.25740 4.73248
0.02777 7.92268 4.54055
0.02613 7.63964 4.37826
0.02541 7.42996 4.25803
0.03372 9.93478 5.69455
0.03673 10.32555 5.91874
0.00399 1.20841 0.69237
0.03410 9.98229 5.72181
0.01648 4.93897 2.83011
0.03593 10.79015 6.18530
0.03563 10.76956 6.17349
0.04075 12.85263 7.36909
0.04116 12.54029 7.18977
0.01868 5.86454 3.36062
0.05052 14.79693 8.48577
0.01025 3.01075 1.72510
0.02256 6.13195 3.51390
0.05393 14.24693 8.16981
0.01684 4.53503 2.59860
0.04367 11.09541 6.36047
0.04700 12.07593 6.92321
0.02698 6.49565 3.72239
0.02846 6.92247 3.96707
0.08713 19.90444 11.42331
0.00190 0.42609 0.24413
0.01745 3.69415 2.11671
0.04736 9.55667 5.47765
0.02498 4.88937 2.80168
0.03002 5.73835 3.28828
0.07368 13.99330 8.02413
0.09394 16.70947 9.58499
0.06785 11.81284 6.77220
0.04422 7.58469 4.34675
0.02406 3.94018 2.25770
0.06429 10.40952 5.96691
0.05803 9.05027 5.18719
0.00582 0.89021 0.51005
0.00752 1.12449 0.64429
0.01274 1.85238 1.06135
0.02770 3.94119 2.25828
0.01373 1.91241 1.09575
0.00715 0.98162 0.56243
0.01945 2.61440 1.49798
0.02496 3.27941 1.87905
0.03235 4.17286 2.39105
0.04890 6.21821 3.56334
0.09374 11.85238 6.79489
0.06442 8.06584 4.62264
0.05043 6.27505 3.59593
0.04046 4.99070 2.85976
0.02457 3.02484 1.73317
0.02421 2.98444 1.71002
0.00786 0.96915 0.55528
0.12904 15.90290 9.12132
0.19306 23.59792 13.55218
0.05459 6.62607 3.79715
0.03099 3.73974 2.14284
0.01784 2.15864 1.23683
0.07916 9.58398 5.49332
0.02146 2.60034 1.48992
0.14727 17.89702 10.26797
0.02389 2.90101 1.66222
0.13524 16.49654 9.46257
0.01949 2.39030 1.36957
0.10291 12.65079 7.25321
0.10740 13.22505 7.58293
0.09072 11.23880 6.44275
0.05643 7.03817 4.03341
0.03614 4.55095 2.60772
0.01754 2.21745 1.27053
0.05761 7.36036 4.21813
0.02055 2.65662 1.52217
0.00842 1.10997 0.63597
0.01307 1.76021 1.00854
0.03181 4.39956 2.52096
0.05681 8.04755 4.61215
0.04897 7.10745 4.07313
0.03185 4.75707 2.72586
0.03158 4.82700 2.76593
0.08240 12.97096 7.43703
0.02617 4.29364 2.46026
0.04631 7.85223 4.50015
0.02227 3.92665 2.24995
0.04307 7.84395 4.49540
0.02513 4.76123 2.72824
0.03522 6.94480 3.97988
0.01876 3.86580 2.21508
0.01740 3.74786 2.14749
0.01716 3.80726 2.18153
0.02747 6.19610 3.55067
0.01538 3.50094 2.00600
0.05133 11.66817 6.68917
0.02782 6.42620 3.68258
0.02497 5.74371 3.29136
0.02670 6.33705 3.63147
0.03464 8.24616 4.72604
0.05607 13.32891 7.64257
0.01466 3.61821 2.07320
0.03570 8.58431 4.91996
0.03056 7.67498 4.39852
0.02475 6.05454 3.46953
0.03868 9.99179 5.72726
0.02885 7.13580 4.08938
0.03316 8.59237 4.92458
0.03449 8.90094 5.10155
0.02998 8.16743 4.68090
0.03417 8.94007 5.12399
0.01662 4.29303 2.45992
0.02307 6.15114 3.52490
0.03366 8.46311 4.85045
0.00735 1.94575 1.11485
0.01833 4.56724 2.61706
0.02157 5.54996 3.18030
0.03915 9.51496 5.45373
0.02870 6.91391 3.96217
0.03878 9.67787 5.54718
0.11948 28.06658 16.13422
0.02644 6.27502 3.59591
0.08855 19.70494 11.30845
0.44218 94.44262 56.35610
0.01446 3.12470 1.79040
0.03703 7.61200 4.36241
0.03368 6.85675 3.92940
0.02946 5.79687 3.32183
0.04940 9.45560 5.41968
0.03751 6.91890 3.96503
0.06707 11.89357 6.81854
0.08378 14.63165 8.39081
0.04771 8.10833 4.64700
0.54626 91.05635 54.16613
0.03868 6.29458 3.60712
0.03735 5.86739 3.36225
0.03925 6.03400 3.45775
0.10953 16.30868 9.35457
0.09427 13.76212 7.89135
0.06048 8.65609 4.96113
0.75071 105.48595 63.66392
0.02165 2.98345 1.70945
0.02386 3.20297 1.83524
0.01827 2.38852 1.36855
0.03067 3.93317 2.25369
0.02863 3.61390 2.07073
0.02785 3.49210 2.00092
0.01315 1.62714 0.93229
0.03853 4.74175 2.71708
0.04245 5.27882 3.02489
0.04594 5.71207 3.27322
0.03782 4.69255 2.68888
0.03837 4.74219 2.71733
0.06047 7.47816 4.28567
0.04215 5.18255 2.96972
0.08013 9.87061 5.65774
0.02644 3.23671 1.85458
0.04973 5.96392 3.41758
0.06746 8.30909 4.76213
0.03072 3.73287 2.13890
0.10830 13.20199 7.56968
0.02869 3.48813 1.99865
0.05248 6.36203 3.64579
0.04506 5.45005 3.12304
0.05461 6.60078 3.78266
0.00752 0.90774 0.52010
0.05304 6.42427 3.68147
0.03463 4.18789 2.39966
0.00892 1.08188 0.61987
0.01523 1.84832 1.05902
0.00543 0.66002 0.37817
0.04481 5.46999 3.13446
0.02734 3.34962 1.91928
0.01154 1.41591 0.81126
0.02661 3.26356 1.86997
0.01185 1.46137 0.83731
0.08165 10.12931 5.80615
0.02447 3.06349 1.75532
0.03476 4.36630 2.50190
0.09801 12.36969 7.09184
0.06767 8.54498 4.89740
0.04036 5.10871 2.92740
0.03764 4.79248 2.74615
0.02033 2.58280 1.47987
0.01308 1.66697 0.95511
0.01795 2.29390 1.31433
0.04175 5.42769 3.11022
0.02945 3.82891 2.19394
0.01788 2.32859 1.33421
0.01793 2.34241 1.34213
0.01792 2.34299 1.34246
0.01741 2.28493 1.30920
0.02715 3.56700 2.04385
0.02816 3.71359 2.12785
0.02880 3.81752 2.18741
0.08092 10.82320 6.20427
0.04552 6.10120 3.49627
0.00840 1.12622 0.64528
0.04148 5.49109 3.14656
0.02053 2.80862 1.60928
0.03974 5.45756 3.12734
0.03045 4.25480 2.43800
0.00531 0.73450 0.42084
0.02195 3.01045 1.72493
0.02524 3.47098 1.98883
0.02446 3.39542 1.94553
0.04896 6.85366 3.92763
0.02774 3.90392 2.23692
0.01188 1.68069 0.96298
0.03890 5.52287 3.16478
0.05118 7.33094 4.20126
0.03102 4.46645 2.55930
0.03349 4.82813 2.76659
0.04271 6.21296 3.56034
0.07211 10.56851 6.05813
0.01573 2.31987 1.32922
0.00307 0.45594 0.26123
0.02641 3.94833 2.26238
0.00925 1.40514 0.80509
0.03021 4.62593 2.65070
0.07703 11.84764 6.79218
0.02675 4.12157 2.36165
0.02259 3.49477 2.00246
0.02556 3.96836 2.27385
0.03096 4.81543 2.75930
0.06268 9.85729 5.65010
0.07870 12.38969 7.10332
0.09697 15.40287 8.83394
0.09967 15.88215 9.10939
0.03817 6.10199 3.49672
0.05061 8.13685 4.66336
0.04989 7.99699 4.58316
0.04463 7.11075 4.07502
0.02770 4.36355 2.50033
0.04473 6.94183 3.97818
0.24226 37.04077 21.34604
0.01691 2.53933 1.45497
0.03173 4.73041 2.71058
0.02299 3.37736 1.93518
0.02639 3.81442 2.18563
0.02857 4.05311 2.32242
0.02733 3.81287 2.18475
0.02957 4.08204 2.33900
0.01098 1.50080 0.85991
0.03614 4.84496 2.77623
0.03242 4.24156 2.43041
0.03114 3.99825 2.29098
0.03321 4.18037 2.39535
0.05080 6.27167 3.59399
0.01921 2.33776 1.33947
0.03122 3.72366 2.13362
0.07975 9.38974 5.38190
0.05251 6.02694 3.45370
0.09015 10.44406 5.98673
0.02689 3.03571 1.73940
0.05530 6.10192 3.49668
0.03066 3.34533 1.91682
0.02852 3.07179 1.76008
0.02605 2.76982 1.58704
0.03040 3.19485 1.83059
0.06545 6.80541 3.89996
0.02402 2.47878 1.42027
0.04024 4.11391 2.35726
0.10398 10.48288 6.00900
0.05903 5.92536 3.39548
0.04944 4.97460 2.85053
0.09738 9.80027 5.61739
0.03182 3.18890 1.82718
0.08518 8.44670 4.84104
0.05087 5.03707 2.88634
0.05174 5.10901 2.92756
0.17955 17.78975 10.20626
0.04320 4.28601 2.45589
0.07675 7.65349 4.38620
0.03169 3.13454 1.79603
0.04856 4.84442 2.77592
0.13705 13.82303 7.92633
0.23339 23.24418 13.34810
0.05965 5.97832 3.42584
0.05266 5.28231 3.02689
0.05321 5.35053 3.06599
0.18129 18.22711 10.45788
0.05210 5.24046 3.00291
0.04422 4.46936 2.56097
0.03557 3.62245 2.07563
0.12708 12.97295 7.43817
0.01426 1.46043 0.83677
0.03545 3.62640 2.07789
0.03838 3.93116 2.25254
0.05758 5.99061 3.43288
0.02432 2.53229 1.45094
0.07685 8.04367 4.60993
0.06095 6.41200 3.67443
0.11537 12.13044 6.95450
0.04884 5.13771 2.94401
0.05087 5.37642 3.08084
0.04390 4.65175 2.66550
0.03986 4.28305 2.45419
0.10336 11.04772 6.33310
0.01876 2.00897 1.15107
0.03120 3.35569 1.92276
0.03309 3.56638 2.04349
0.05553 6.00409 3.44061
0.04389 4.74009 2.71613
0.07031 7.57292 4.34000
0.03721 4.00762 2.29635
0.02975 3.20410 1.83589
0.13540 14.59394 8.36915
0.02739 2.93913 1.68406
0.01407 1.50864 0.86439
0.04375 4.70391 2.69539
0.20622 22.18851 12.73930
0.01568 1.67638 0.96051
0.14402 15.21942 8.72852
0.10620 11.50359 6.59471
0.04385 4.68075 2.68212
0.16054 17.06302 9.78829
0.15667 16.59610 9.51981
0.17985 19.08035 10.94889
0.05228 5.55016 3.18042
0.01556 1.64038 0.93988
0.09356 9.87930 5.66273
0.01686 1.77750 1.01844
0.03963 4.18994 2.40084
0.05143 5.42139 3.10661
0.05079 5.36783 3.07591
0.06215 6.56065 3.75965
0.07160 7.49966 4.29799
0.08835 9.28229 5.32027
0.05989 6.33505 3.63032
0.06055 6.42429 3.68148
0.06544 6.98523 4.00305
0.17249 18.38327 10.54773
0.01368 1.45857 0.83571
0.01289 1.37472 0.78766
0.02201 2.34404 1.34307
0.01804 1.94128 1.11229
0.04099 4.42520 2.53566
0.03566 3.88563 2.22644
0.09440 10.40380 5.96363
0.03703 4.14490 2.37502
0.01601 1.80784 1.03583
0.03532 4.05547 2.32377
0.02187 2.57301 1.47427
0.05898 7.09765 4.06751
0.05403 6.58700 3.77476
0.03413 4.17468 2.39209
0.13887 16.99291 9.74797
0.09311 11.40625 6.53885
0.04732 5.79100 3.31846
0.04377 5.38002 3.08290
0.01220 1.49952 0.85917
0.05793 7.13396 4.08833
0.05353 6.63027 3.79956
0.01458 1.81977 1.04267
0.02632 3.32143 1.90313
0.09341 11.76840 6.74669
0.07957 10.02162 5.74437
0.05094 6.42147 3.67986
0.02386 3.03376 1.73828
0.03237 4.10844 2.35413
0.15609 19.80420 11.36560
0.03026 3.91873 2.24541
0.01654 2.14474 1.22887
0.02111 2.73944 1.56963
0.03164 4.10960 2.35479
0.02454 3.17553 1.81952
0.03322 4.30142 2.46472
0.07393 9.68886 5.55348
0.17026 22.58940 12.97045
0.42999 57.73867 33.55949
0.07646 10.47150 6.00247
0.02805 3.92743 2.25040
0.10011 14.35812 8.23368
0.03081 4.55231 2.60851
0.02656 4.05157 2.32154
0.02411 3.84566 2.20354
0.05095 8.48020 4.86025
0.07334 12.80604 7.34234
0.02357 4.29625 2.46176
0.05380 10.28752 5.89692
0.03333 6.65915 3.81612
0.06907 14.36761 8.23913
0.03866 8.27691 4.74367
0.07693 16.52387 9.47828
0.04703 10.33322 5.92313
0.03716 8.21809 4.70994
0.41585 93.35947 55.65321
0.36507 80.59857 47.53082
0.02419 5.88567 3.37273
0.03447 8.45050 4.84322
0.03882 9.99652 5.72997
0.02396 6.56325 3.76114
0.03474 10.19944 5.84638
0.04129 12.96559 7.43395
0.02962 9.31241 5.33755
0.03376 10.68736 6.12633
0.07853 24.87748 14.29076
0.02685 8.62928 4.94575
0.03274 10.60474 6.07892
0.03791 12.48368 7.15727
0.06020 19.82935 11.38008
0.03741 12.63661 7.24507
0.23064 78.41268 46.16590
0.19694 66.61194 38.90918
0.05483 18.30481 10.50258
0.03268 10.70010 6.13363
0.09656 31.52256 18.13672
0.05242 16.70528 9.58258
0.05544 17.37441 9.96737
0.10536 32.55752 18.73747
0.06484 19.71239 11.31273
0.08737 26.05022 14.96821
0.02849 8.20938 4.70495
0.02252 6.36123 3.64533
0.08871 24.09713 13.84026
0.17178 45.50390 26.30216
0.02911 7.43854 4.26295
0.02828 6.97194 3.99544
0.04988 12.09457 6.93391
0.00244 0.56920 0.32613
0.07256 16.59798 9.52089
0.02383 5.28791 3.03010
0.04999 10.78361 6.18155
0.06440 13.72871 7.87216
0.03356 6.91483 3.96270
0.04573 9.20614 5.27659
0.13765 27.23049 15.65053
0.09859 18.98306 10.89289
0.04186 8.05324 4.61541
0.07895 14.66853 8.41200
0.04285 7.87731 4.51454
0.02897 5.22524 2.99418
0.02232 3.91306 2.24216
0.03073 5.34502 3.06284
0.05341 9.03374 5.17771
0.01812 3.03657 1.73989
0.26370 42.65417 24.62821
0.07182 11.60642 6.65373
0.41755 66.31855 38.73095
0.03354 5.19758 2.97833
0.03702 5.78214 3.31338
0.04976 7.53670 4.31923
0.05836 8.91316 5.10855
0.07205 10.96731 6.28696
0.07048 10.39504 5.95861
0.27784 41.36788 23.87440
0.08300 11.94283 6.84681
0.08240 11.80909 6.77005
0.03887 5.42211 3.10702
0.03524 4.91505 2.81640
0.02890 3.98873 2.28553
0.01234 1.67392 0.95910
0.02610 3.51704 2.01522
0.01860 2.45870 1.40876
0.10697 14.11415 8.09354
0.02113 2.73897 1.56936
0.02395 3.07299 1.76077
0.03015 3.83773 2.19899
0.02682 3.39819 1.94711
0.09148 11.54354 6.61764
0.09950 12.44604 7.13567
0.11597 14.28957 8.19430
0.06246 7.60238 4.35689
0.07893 9.47077 5.42838
0.71863 86.36233 51.16518
0.03322 3.96941 2.27446
0.01219 1.44897 0.83020
0.05023 5.94884 3.40894
0.02306 2.70590 1.55042
0.03645 4.20166 2.40755
0.02907 3.49498 2.00258
0.05093 5.95972 3.41518
0.05289 6.18738 3.54567
0.00954 1.12123 0.64242
0.02713 3.15809 1.80952
0.02789 3.33151 1.90890
0.03586 4.25299 2.43697
0.03369 4.02359 2.30550
0.02371 2.84803 1.63185
0.03713 4.47978 2.56694
0.03606 4.40657 2.52499
0.07102 8.84604 5.07006
0.08295 10.52299 6.03202
0.07103 9.21538 5.28189
0.07149 9.49016 5.43950
0.06681 9.01565 5.16734
0.05136 7.33533 4.20378
0.06486 9.35625 5.36270
0.05404 7.86959 4.51011
0.04360 6.53189 3.74316
0.04667 7.36598 4.22135
0.02566 4.05406 2.32297
0.10902 17.53643 10.06055
0.01776 3.03559 1.73933
0.04010 6.76987 3.87959
0.02595 4.54015 2.60154
0.04991 8.75826 5.01972
0.04923 8.67718 4.97322
0.07737 13.99525 8.02525
0.07909 14.39180 8.25303
0.02212 4.17065 2.38978
0.05760 11.16650 6.40126
0.05668 10.93429 6.26801
0.09537 19.22083 11.02975
0.13707 26.88933 15.45325
0.07472 15.49771 8.88844
0.07672 15.25969 8.75166
0.03541 7.54136 4.32190
0.03054 6.13337 3.51471
0.05459 11.83348 6.78404
0.02263 4.57991 2.62433
0.02575 5.68452 3.25743
0.03540 7.88659 4.51986
0.05277 10.97244 6.28991
0.02530 5.66483 3.24614
0.01319 2.73555 1.56740
0.05837 12.83664 7.35991
0.05906 12.01161 6.88629
0.09342 20.07753 11.52299
0.19213 38.63722 22.27756
0.12805 26.59384 15.28241
0.04797 9.69108 5.55475
0.02038 3.90267 2.23621
0.01762 3.38605 1.94016
0.03519 6.41081 3.67375
0.10485 19.53647 11.21145
0.01678 2.94659 1.68833
0.02097 3.79811 2.17629
0.02499 4.29883 2.46324
0.02041 3.41537 1.95696
0.01471 2.36811 1.35686
0.02446 3.94629 2.26120
0.04801 7.44516 4.26675
0.05326 8.10417 4.64462
0.06051 9.04637 5.18496
0.00763 1.11492 0.63881
0.03307 4.74833 2.72085
0.03130 4.39702 2.51951
0.02986 4.11338 2.35696
0.08634 11.66911 6.68971
0.01933 2.56336 1.46874
0.01332 1.74280 0.99856
0.03905 5.00327 2.86696
0.03321 4.19931 2.40620
0.05933 7.38138 4.23018
0.01948 2.38429 1.36613
0.05805 7.00046 4.01179
0.01280 1.52133 0.87166
0.01148 1.34476 0.77049
0.03540 4.08083 2.33831
0.01228 1.40182 0.80319
0.04096 4.59677 2.63399
0.03739 4.15341 2.37990
0.10679 11.74347 6.73238
0.03879 4.22328 2.41994
0.05321 5.74916 3.29448
0.03442 3.68587 2.11197
0.05212 5.54533 3.17765
0.04920 5.20525 2.98273
0.05020 5.29137 3.03209
0.07711 8.10895 4.64736
0.04065 4.25857 2.44017
0.03646 3.82643 2.19251
0.02949 3.09856 1.77542
0.03390 3.56151 2.04070
0.02724 2.87693 1.64842
0.05674 5.94360 3.40593
0.02408 2.52944 1.44930
0.02663 2.79627 1.60220
0.06123 6.46678 3.70584
0.02503 2.65635 1.52202
0.04833 5.13893 2.94472
0.07813 8.31549 4.76580
0.01860 1.98059 1.13481
0.02080 2.22439 1.27451
0.03189 3.41499 1.95674
0.03591 3.85533 2.20908
0.03955 4.25717 2.43936
0.04338 4.67112 2.67660
0.07460 8.06581 4.62262
0.04097 4.41138 2.52774
0.24980 26.91105 15.46581
0.03236 3.48518 1.99696
0.01404 1.50648 0.86316
0.01292 1.39068 0.79681
0.04990 5.35888 3.07078
0.07397 7.95152 4.55709
0.05583 5.97640 3.42473
0.03708 3.95557 2.26652
0.05492 5.84833 3.35133
0.06070 6.42939 3.68441
0.02007 2.12567 1.21794
0.05398 5.69242 3.26196
0.01908 2.00005 1.14596
0.04782 5.00495 2.86793
0.06427 6.72569 3.85426
0.01027 1.07273 0.61463
0.05013 5.18459 2.97088
0.01489 1.53246 0.87804
0.04625 4.72561 2.70783
0.07187 7.31576 4.19256
0.03886 3.92235 2.24749
0.10347 10.39623 5.95929
0.04493 4.49079 2.57325
0.05134 5.04568 2.89127
0.03661 3.62959 2.07972
0.04201 4.10676 2.35316
0.02284 2.24019 1.28356
0.00304 0.29711 0.17023
0.03973 3.83660 2.19834
0.04506 4.32014 2.47545
0.04714 4.49147 2.57364
0.01220 1.15416 0.66129
0.02129 2.01503 1.15454
0.07449 6.97813 3.99898
0.03942 3.70239 2.12144
0.04125 3.86359 2.21381
0.04906 4.58879 2.62942
0.02307 2.15961 1.23739
0.06070 5.68142 3.25565
0.05662 5.28473 3.02828
0.02492 2.33179 1.33605
0.03245 3.03440 1.73865
0.05639 5.26871 3.01910
0.05094 4.76614 2.73106
0.05661 5.30236 3.03839
0.04650 4.34581 2.49016
0.03514 3.29120 1.88581
0.02686 2.50965 1.43796
0.03320 3.11373 1.78411
0.04027 3.77161 2.16110
0.03452 3.22773 1.84944
0.01506 1.41213 0.80910
0.05394 5.04140 2.88882
0.04698 4.39892 2.52060
0.03089 2.90005 1.66166
0.01450 1.35662 0.77729
0.02829 2.65471 1.52108
0.13177 12.36935 7.09164
0.03438 3.22838 1.84981
0.02728 2.55525 1.46409
0.03163 2.94203 1.68572
0.03823 3.54727 2.03254
0.02167 2.01414 1.15403
0.03384 3.13309 1.79520
0.00952 0.88141 0.50501
0.02105 1.94919 1.11682
0.08220 7.57950 4.34378
0.05475 5.05653 2.89749
0.01475 1.36358 0.78128
0.02452 2.25648 1.29290
0.02020 1.85481 1.06274
0.00759 0.69143 0.39616
0.03924 3.57516 2.04853
0.03632 3.30511 1.89378
0.01473 1.34036 0.76798
0.02330 2.09291 1.19917
0.02435 2.18860 1.25400
0.09167 8.24131 4.72326
0.04926 4.44875 2.54916
0.06598 5.91884 3.39174
0.05550 4.93578 2.82828
0.06566 5.76929 3.30602
0.02201 1.94012 1.11163
0.03231 2.84017 1.62735
0.03226 2.82203 1.61696
0.03972 3.46647 1.98624
0.02564 2.22829 1.27674
0.05572 4.83257 2.76913
0.04211 3.63190 2.08104
0.05549 4.78542 2.74211
0.05499 4.71257 2.70036
0.03129 2.67100 1.53042
0.06520 5.55927 3.18564
0.02727 2.33035 1.33522
0.07979 6.84875 3.92481
0.07565 6.48542 3.71652
0.06041 5.19325 2.97585
0.01965 1.69300 0.97003
0.03409 2.93868 1.68380
0.01923 1.66245 0.95253
0.03359 2.90785 1.66614
0.13428 11.67697 6.69422
0.04764 4.13752 2.37079
0.03220 2.81042 1.61030
0.05876 5.17138 2.96331
0.06757 5.93696 3.40213
0.06352 5.59749 3.20754
0.08048 7.09074 4.06355
0.01836 1.62795 0.93276
0.03203 2.84884 1.63232
0.06601 5.95542 3.41271
0.01378 1.24393 0.71272
0.03439 3.13111 1.79407
0.03018 2.79116 1.59927
0.03583 3.34111 1.91441
0.04619 4.36406 2.50062
0.02562 2.45699 1.40779
0.07199 6.97097 3.99488
0.01086 1.08226 0.62009
0.07511 7.53697 4.31939
0.05448 5.57004 3.19181
0.06066 6.30290 3.61189
0.04776 5.02582 2.87989
0.03887 4.18641 2.39881
0.05667 6.19542 3.55028
0.01794 1.99730 1.14439
0.04126 4.69332 2.68932
0.06823 7.89363 4.52389
0.03304 3.91219 2.24166
0.12706 15.19241 8.71300
0.16057 19.60181 11.24907
0.04948 6.11177 3.50233
0.11176 14.44948 8.28616
0.06612 9.28703 5.32299
0.04458 6.25402 3.58387
0.05305 7.44113 4.26444
0.02022 2.83693 1.62549
0.04106 5.76955 3.30617
0.05530 7.77103 4.45359
0.02140 3.00469 1.72162
0.00881 1.23793 0.70929
0.01136 1.59772 0.91544
0.04593 6.46595 3.70536
0.10327 14.52300 8.32839
0.11325 15.94715 9.14675
0.17203 24.22459 13.91383
0.20710 29.17139 16.77381
0.24161 32.83051 18.89601
0.04009 6.54371 3.74994
0.06669 11.21890 6.43133
0.02762 4.78982 2.74463
0.02235 4.01767 2.30211
0.03156 5.92205 3.39358
0.01505 2.92439 1.67561
0.05327 10.90794 6.25289
0.04354 9.37788 5.37510
0.05031 11.52836 6.60893
0.05769 14.03699 8.04922
0.03649 9.45847 5.42132
0.02505 6.98060 4.00040
0.03147 9.45083 5.41694
0.02814 9.09044 5.21024
0.02677 9.27390 5.31546
0.01633 6.11777 3.50577
0.02730 11.08100 6.35220
0.04999 21.52866 12.35896
0.02549 11.51928 6.60372
0.02987 13.91191 7.97738
0.04117 19.77967 11.35147
0.03095 15.26730 8.75604
0.03068 15.47277 8.87411
0.02556 12.96229 7.43205
0.03863 19.46480 11.17019
0.03513 17.64107 10.12074
0.02149 10.79519 6.18820
0.02458 12.44266 7.13373
0.03022 15.30504 8.77772
0.02819 14.19863 8.14207
0.06392 32.29634 18.58582
0.04476 22.65273 13.00697
0.02835 14.11114 8.09181
0.03429 16.13824 9.25660
0.02563 11.19173 6.41574
0.02522 10.06147 5.76723
0.02567 9.47616 5.43147
0.03581 12.36903 7.09146
0.02562 8.40928 4.81959
0.02303 7.10729 4.07303
0.02471 7.21707 4.13598
0.01627 4.41402 2.52925
0.01421 3.63763 2.08432
0.01604 3.87067 2.21787
0.00371 0.84131 0.48204
0.01165 2.51203 1.43932
0.01971 4.03642 2.31286
0.01198 2.36502 1.35509
0.01329 2.52415 1.44627
0.03275 6.02572 3.45301
0.01745 3.12844 1.79254
0.04925 8.53982 4.89445
0.02539 4.25004 2.43528
0.05704 9.20570 5.27634
0.01902 2.96952 1.70147
0.03949 5.96205 3.41651
0.02890 4.25078 2.43570
0.06127 8.86525 5.08108
0.06174 8.73981 5.00913
0.02914 4.05113 2.32129
0.03936 5.29102 3.03188
0.03194 4.15420 2.38035
0.02673 3.37651 1.93469
0.08407 10.42191 5.97402
0.05262 6.47101 3.70826
0.03924 4.71090 2.69940
0.02911 3.45811 1.98145
0.00260 0.29994 0.17186
0.03539 4.01580 2.30104
0.01846 2.07285 1.18768
0.01949 2.16255 1.23907
0.02786 3.04920 1.74713
0.03680 3.98083 2.28100
0.04186 4.48254 2.56852
0.02268 2.39841 1.37422
0.07041 7.34424 4.20888
0.01124 1.15876 0.66392
0.01460 1.48451 0.85057
0.05057 5.11372 2.93027
0.02401 2.41011 1.38093
0.08027 8.00476 4.58761
0.04643 4.61649 2.64529
0.03751 3.69118 2.11501
0.38439 37.60656 21.67601
0.04131 4.01953 2.30317
0.06568 6.37048 3.65063
0.11345 10.91693 6.25805
0.05537 5.32102 3.04908
0.03225 3.06642 1.75700
0.03928 3.72605 2.13499
0.06772 6.42906 3.68421
0.03849 3.62530 2.07726
0.07560 7.12270 4.08187
0.12607 11.85833 6.79831
0.03439 3.23149 1.85159
0.14681 13.82373 7.92673
0.05931 5.56575 3.18935
0.06839 6.45704 3.70025
0.06800 6.41004 3.67331
0.06130 5.75616 3.29849
0.01805 1.68684 0.96650
0.18562 17.34846 9.95244
0.04288 4.03332 2.31108
0.03890 3.68266 2.11013
0.05442 5.15467 2.95373
0.05422 5.12107 2.93448
0.01164 1.09105 0.62513
0.02097 1.96030 1.12318
0.04277 3.99705 2.29029
0.06226 5.83200 3.34197
0.05451 5.10796 2.92696
0.04813 4.51606 2.58773
0.02057 1.92822 1.10481
0.01599 1.49116 0.85438
0.01640 1.52963 0.87642
0.00713 0.66236 0.37951
0.04804 4.49702 2.57682
0.03340 3.12477 1.79044
0.01893 1.76732 1.01262
0.04679 4.34662 2.49063
0.06240 5.77110 3.30706
0.06414 5.92973 3.39798
0.05381 4.99612 2.86287
0.05199 4.83525 2.77066
0.05788 5.36385 3.07363
0.08233 7.62417 4.36938
0.02178 2.01575 1.15496
0.07551 6.98592 4.00345
0.02444 2.25896 1.29432
0.03577 3.30335 1.89277
0.04231 3.91445 2.24296
0.03977 3.68348 2.11060
0.05429 5.00718 2.86920
0.01927 1.77084 1.01463
0.01427 1.30497 0.74770
0.00866 0.79244 0.45404
0.06451 5.90982 3.38657
0.09589 8.79017 5.03802
0.06818 6.24565 3.57908
0.05872 5.38997 3.08860
0.01400 1.28923 0.73868
0.05061 4.60698 2.63984
0.04823 4.39387 2.51770
0.07724 7.04994 4.04016
0.01596 1.45439 0.83331
0.03749 3.41229 1.95519
0.02137 1.94596 1.11497
0.00623 0.56583 0.32420
0.00904 0.82210 0.47103
0.02051 1.85763 1.06436
0.00645 0.58548 0.33546
0.05190 4.71044 2.69913
0.04925 4.45872 2.55487
0.03814 3.44579 1.97439
0.08669 7.80473 4.47292
0.05654 5.10622 2.92596
0.03042 2.74677 1.57384
0.06693 6.02800 3.45431
0.07060 6.33571 3.63070
0.04413 3.96600 2.27250
0.03824 3.43425 1.96777
0.05047 4.50735 2.58274
0.02199 1.96875 1.12803
0.05178 4.61694 2.64555
0.03991 3.57705 2.04961
0.07168 6.39781 3.66630
0.03252 2.90129 1.66238
0.05777 5.13601 2.94304
0.02777 2.45686 1.40772
0.02709 2.39706 1.37345
0.02489 2.20135 1.26131
0.04331 3.82652 2.19257
0.07350 6.48390 3.71565
0.05713 5.04801 2.89260
0.05698 5.01408 2.87316
0.04227 3.72650 2.13525
0.08001 7.03285 4.03036
0.04112 3.60762 2.06713
0.05982 5.25808 3.01300
0.01461 1.27976 0.73325
0.01885 1.64977 0.94526
0.10025 8.79704 5.04196
0.05801 5.09418 2.91906
0.07596 6.65015 3.81096
0.06940 6.06823 3.47737
0.06085 5.30846 3.04188
0.03045 2.68038 1.53579
0.03151 2.76274 1.58299
0.04457 3.91473 2.24312
0.06414 5.61839 3.21952
0.07180 6.33227 3.62873
0.03395 2.99728 1.71738
0.03010 2.64578 1.51597
0.01190 1.04042 0.59612
0.03483 3.08082 1.76525
0.07628 6.77760 3.88402
0.04552 4.08796 2.34239
0.03513 3.15357 1.80694
0.05433 4.84700 2.77740
0.07817 6.95915 3.98810
0.02139 1.91156 1.09526
0.06598 5.95104 3.41020
0.04690 4.25438 2.43776
0.04690 4.31795 2.47420
0.07922 7.33204 4.20189
0.07329 6.74529 3.86550
0.04143 3.78016 2.16600
0.07253 6.64828 3.80989
0.03448 3.21647 1.84298
0.05521 5.23481 2.99967
0.03161 3.01155 1.72555
0.05878 5.76811 3.30534
0.04869 4.71766 2.70327
0.05934 5.73009 3.28355
0.06424 6.21947 3.56407
0.05659 5.54228 3.17590
0.03740 3.69571 2.11761
0.02332 2.33243 1.33641
0.03960 3.97760 2.27915
0.06434 6.50645 3.72858
0.02616 2.68324 1.53743
0.00158 0.16166 0.09262
0.09527 9.75934 5.59391
0.07745 7.98625 4.57700
0.02535 2.65662 1.52218
0.01036 1.09251 0.62596
0.02318 2.44132 1.39881
0.07314 7.75181 4.44257
0.00954 1.01509 0.58161
0.06197 6.69316 3.83561
0.03817 4.13734 2.37069
0.02484 2.70419 1.54943
0.01048 1.14292 0.65485
0.03844 4.21452 2.41492
0.02754 3.03498 1.73898
0.01469 1.62333 0.93011
0.05072 5.65842 3.24247
0.03840 4.32625 2.47895
0.06009 6.77071 3.88007
0.02480 2.79300 1.60032
0.03935 4.42372 2.53481
0.05541 6.29484 3.60728
0.03763 4.32240 2.47674
0.04494 5.20991 2.98540
0.02135 2.48842 1.42580
0.03230 3.76906 2.15964
0.03649 4.25380 2.43743
0.03306 3.88510 2.22614
0.02996 3.54191 2.02947
0.02577 3.08705 1.76882
0.02100 2.52151 1.44476
0.00449 0.54599 0.31283
0.03129 3.86128 2.21249
0.05963 7.52829 4.31441
0.06641 8.45306 4.84469
0.02800 3.62569 2.07748
0.03758 4.92638 2.82290
0.09262 12.34171 7.07578
0.01329 1.79965 1.03114
0.19969 27.26183 15.66866
0.01274 1.77904 1.01933
0.05402 7.65222 4.38547
0.01882 2.70913 1.55226
0.03457 5.04269 2.88955
0.02818 4.17950 2.39485
0.01393 2.09339 1.19944
0.00585 0.89516 0.51289
0.11791 18.37847 10.54496
0.05738 9.12939 5.23257
0.09087 14.76639 8.46822
0.00802 1.33663 0.76584
0.00692 1.17184 0.67142
0.01182 2.02966 1.16293
0.01819 3.19391 1.83005
0.01344 2.38181 1.36471
0.01853 3.37219 1.93221
0.02432 4.51497 2.58711
0.02183 4.16781 2.38815
0.01330 2.57314 1.47434
0.01497 2.96153 1.69689
0.01822 3.67201 2.10403
0.01776 3.65642 2.09509
0.02450 5.18180 2.96929
0.06741 14.52581 8.33001
0.07031 15.59140 8.94229
0.05062 11.64250 6.67444
0.04716 11.19903 6.41993
0.01506 3.69146 2.11517
0.02346 5.96305 3.41708
0.01577 4.07531 2.33514
0.01858 5.05485 2.89653
0.13593 37.37125 21.53875
0.01637 4.63430 2.65550
0.01516 4.51020 2.58438
0.04025 11.80119 6.76551
0.02646 8.29045 4.75144
0.00898 2.75257 1.57716
0.12513 38.83848 22.39510
0.00940 3.02296 1.73209
0.03159 9.95793 5.70783
0.02649 8.63625 4.94975
0.03907 12.55708 7.19941
0.00653 2.14439 1.22867
0.00778 2.62807 1.50582
0.03581 11.88361 6.81282
0.10485 35.43997 20.41340
0.03693 12.51182 7.17343
0.03388 11.90077 6.82267
0.04493 15.73321 9.02379
0.02542 8.73891 5.00862
0.01596 5.42234 3.10715
0.04653 15.71236 9.01180
0.02671 9.02153 5.17071
0.02039 7.02237 4.02435
0.02766 9.34782 5.35786
0.03337 11.25756 6.45352
0.03755 12.72024 7.29308
0.02771 9.20975 5.27866
0.01577 5.24527 3.00566
0.02488 8.09573 4.63978
0.00821 2.61703 1.49949
0.00396 1.22405 0.70134
0.01137 3.47035 1.98846
0.01496 4.50941 2.58392
0.02598 7.73883 4.43513
0.05580 15.95323 9.15025
0.04174 12.10434 6.93952
0.03188 8.83929 5.06619
0.03745 10.14020 5.81240
0.03508 9.32735 5.34612
0.07418 19.17717 11.00461
0.04039 9.91566 5.68358
0.07121 16.91284 9.70193
0.03991 9.07316 5.20033
0.07164 15.46061 8.86712
0.01861 3.91126 2.24113
0.02852 5.79996 3.32360
0.03798 7.39503 4.23801
0.04587 8.56120 4.90671
0.02091 3.74566 2.14623
0.07151 12.34464 7.07746
0.10951 18.07672 10.37135
0.03159 5.04793 2.89256
0.03166 4.84933 2.77874
0.00908 1.32782 0.76079
0.02450 3.44335 1.97299
0.01173 1.58019 0.90539
0.03284 4.29878 2.46321
0.03519 4.47786 2.56584
0.06710 8.30756 4.76125
0.05876 7.02027 4.02314
0.01633 1.89501 1.08578
0.01758 1.99039 1.14043
0.05233 5.77735 3.31064
0.03214 3.47081 1.98873
0.04357 4.58857 2.62929
0.06875 7.05693 4.04416
0.11188 11.21223 6.42750
0.08498 8.31740 4.76690
0.04160 3.98258 2.28200
0.05427 5.08440 2.91346
0.05436 4.99151 2.86022
0.05526 4.96987 2.84782
0.06512 5.70621 3.26986
0.05561 4.79029 2.74489
0.04136 3.50016 2.00555
0.06143 5.17307 2.96428
0.05264 4.42892 2.53779
0.04219 3.57059 2.04591
0.04964 4.22232 2.41939
0.03723 3.17170 1.81732
0.02695 2.28790 1.31090
0.06280 5.33487 3.05702
0.03199 2.72200 1.55964
0.05917 5.00491 2.86790
0.12030 10.21073 5.85286
0.01676 1.42086 0.81410
0.02770 2.34834 1.34553
0.09191 7.79913 4.46971
0.04126 3.50557 2.00865
0.07115 6.05595 3.47034
0.04891 4.18081 2.39560
0.10474 8.93862 5.12316
0.10350 8.89176 5.09629
0.03796 3.25838 1.86699
0.01919 1.65416 0.94777
0.11508 9.91932 5.68568
0.04404 3.80347 2.17936
0.07619 6.59386 3.77869
0.09558 8.29192 4.75228
0.12638 10.99674 6.30385
0.03074 2.68069 1.53597
0.09097 7.93920 4.55002
0.09559 8.39202 4.80968
0.10104 8.88955 5.09501
0.08524 7.52160 4.31057
0.11958 10.54907 6.04698
0.05892 5.20709 2.98378
0.03671 3.24015 1.85655
0.05329 4.73600 2.71378
0.06695 5.99411 3.43489
0.07683 6.89308 3.95023
0.06001 5.40496 3.09719
0.03906 3.50562 2.00868
0.03180 2.86715 1.64281
0.03382 3.06874 1.75832
0.03659 3.33129 1.90878
0.04334 3.94393 2.25985
0.07828 7.12038 4.08054
0.07139 6.49095 3.71970
0.04902 4.45800 2.55446
0.05979 5.46075 3.12917
0.10127 9.32245 5.34330
0.05386 4.95993 2.84212
0.05684 5.22724 2.99533
0.06851 6.26712 3.59138
0.05735 5.22949 2.99662
0.06804 6.20484 3.55568
0.05280 4.80124 2.75117
0.09344 8.55212 4.90150
0.05762 5.28727 3.02974
0.00822 0.75549 0.43287
0.04116 3.78719 2.17003
0.05191 4.79064 2.74510
0.03890 3.59906 2.06222
0.03165 2.93043 1.67907
0.04413 4.09939 2.34894
0.04284 3.97215 2.27602
0.09070 8.45553 4.84611
0.06944 6.49017 3.71925
0.02931 2.74661 1.57374
0.01684 1.58433 0.90777
0.06418 6.02619 3.45327
0.10012 9.43089 5.40550
0.05743 5.43690 3.11550
0.01782 1.68414 0.96495
0.01191 1.13129 0.64819
0.02327 2.21016 1.26635
0.01712 1.63859 0.93885
0.09606 9.17268 5.25740
0.04686 4.50020 2.57864
0.04874 4.69162 2.68834
0.03105 2.98843 1.71231
0.05565 5.36739 3.07566
0.04104 3.97693 2.27877
0.04711 4.59317 2.63192
0.02932 2.84178 1.62828
0.03104 3.02550 1.73355
0.04455 4.35606 2.49604
0.04615 4.52802 2.59459
0.02566 2.52577 1.44720
0.05291 5.20146 2.98056
0.03465 3.41919 1.95915
0.12460 12.35701 7.08456
0.02014 2.00216 1.14718
0.11489 11.47771 6.57986
0.05131 5.11691 2.93209
0.04517 4.52432 2.59247
0.05257 5.27972 3.02541
0.01829 1.84750 1.05855
0.07496 7.60366 4.35763
0.02937 2.97940 1.70713
0.01728 1.76055 1.00873
0.04405 4.49502 2.57567
0.08087 8.28044 4.74570
0.02634 2.70578 1.55035
0.07401 7.61821 4.36597
0.05546 5.75197 3.29609
0.17776 18.41890 10.56822
0.06566 6.81130 3.90334
0.03418 3.55251 2.03555
0.02290 2.38103 1.36426
0.11217 11.74287 6.73204
0.02718 2.84026 1.62741
0.21940 22.94397 13.17493
0.03644 3.79016 2.17173
0.09662 10.04768 5.75932
0.45141 46.94203 27.14908
0.31136 32.25016 18.55901
0.35564 36.83513 21.22615
0.39508 40.69451 23.48019
0.24383 25.07894 14.40710
0.16103 16.45015 9.43590
0.13919 14.11398 8.09344
0.09074 9.19748 5.27162
0.17848 17.87760 10.25680
0.09201 9.22473 5.28726
0.08129 8.12440 4.65622
0.02975 2.93478 1.68157
0.11061 10.89216 6.24384
0.15344 15.04178 8.62645
0.27615 26.96120 15.49480
0.02762 2.68212 1.53679
0.06074 5.86025 3.35816
0.02865 2.72843 1.56333
0.08268 7.83039 4.48763
0.06319 5.93247 3.39955
0.07847 7.34690 4.21041
0.05010 4.67105 2.67656
0.02736 2.52869 1.44887
0.05214 4.79697 2.74872
0.20991 19.21772 11.02796
0.33338 30.26559 17.40778
0.25698 23.26663 13.36105
0.33717 30.29112 17.42258
0.04624 4.13632 2.37011
0.08359 7.35307 4.21395
0.03519 3.19439 1.83033
0.03716 3.33671 1.91188
0.05389 4.80122 2.75116
0.03487 3.12294 1.78939
0.04323 3.87676 2.22136
0.07134 6.40293 3.66924
0.03596 3.24857 1.86137
0.03628 3.27962 1.87917
0.01259 1.14001 0.65318
0.04368 3.96074 2.26949
0.04998 4.55586 2.61054
0.08455 7.68768 4.40580
0.05367 4.92340 2.82118
0.02053 1.88661 1.08097
0.22438 20.63926 11.84651
0.52907 48.93475 28.32511
0.03332 3.08693 1.76875
0.16459 15.32629 8.78993
0.09060 8.48307 4.86190
0.17228 16.17745 9.27913
0.10570 9.98501 5.72337
0.03504 3.32024 1.90244
0.11684 11.13135 6.38109
0.73605 70.18261 41.08635
0.24240 23.22758 13.33853
0.02490 2.40984 1.38077
0.04644 4.49668 2.57662
0.16743 16.37487 9.39262
0.08158 8.06754 4.62361
0.11456 11.53976 6.61547
0.05856 6.04168 3.46216
0.03152 3.33283 1.90966
0.11283 12.25934 7.02849
0.08417 9.45128 5.41720
0.19010 21.98391 12.62135
0.03364 4.00959 2.29748
0.01467 1.79886 1.03068
0.04275 5.43632 3.11517
0.02904 3.84207 2.20148
0.06623 9.07619 5.20206
0.06354 9.06883 5.19784
0.30376 44.86391 25.92574
0.42487 63.39734 36.96158
0.35775 58.44852 33.98453
0.35441 58.05168 33.74685
0.09578 16.17083 9.27533
0.06207 10.82229 6.20375
0.20122 36.04200 20.76399
0.20556 37.51447 21.62229
0.29741 55.77945 32.38880
0.29855 57.01472 33.12650
0.03923 7.66454 4.39253
0.45760 92.37969 55.01936
0.33610 69.43048 40.62648
0.21746 47.15955 27.27730
0.01944 4.33594 2.48450
0.02135 4.92720 2.82336
0.08311 20.33265 11.66991
0.03524 9.02410 5.17218
0.24253 67.23865 39.29023
0.02337 6.89261 3.94995
0.01123 3.56110 2.04047
0.03162 10.68353 6.12413
0.04731 16.01704 9.18693
0.02076 7.16549 4.10640
0.03526 12.20631 6.99805
0.00945 3.22187 1.84608
0.03339 11.81323 6.77242
0.01075 3.76992 2.16013
0.00783 2.84247 1.62867
0.16366 60.08330 34.96524
0.17758 63.27986 36.89062
0.01514 5.42124 3.10652
0.03526 11.93405 6.84177
0.04444 14.89432 8.54173
0.02680 8.45811 4.84758
0.01406 4.39111 2.51612
0.01610 4.85696 2.78311
0.02868 8.18541 4.69120
0.01760 4.97171 2.84887
0.02990 7.91184 4.53433
0.02020 5.27645 3.02353
0.02786 6.96669 3.99243
0.01535 3.58645 2.05499
0.03401 7.72031 4.42451
0.01577 3.35802 1.92409
0.03854 7.95379 4.55839
0.07141 13.80553 7.91628
0.07377 14.14693 8.11237
0.01648 2.98751 1.71178
0.02877 4.97538 2.85098
0.02314 3.86748 2.21604
0.07830 12.60041 7.22429
0.04373 6.77921 3.88495
0.02499 3.73393 2.13951
0.02927 4.19593 2.40427
0.05813 8.17863 4.68732
0.06711 9.17005 5.25589
0.07399 9.84747 5.64447
0.02561 3.32890 1.90741
0.01337 1.69516 0.97127
0.01335 1.64003 0.93968
0.04249 5.06798 2.90405
0.03530 4.11541 2.35812
0.03327 3.80300 2.17909
0.03951 4.42157 2.53358
0.02940 3.22913 1.85023
0.05736 6.15876 3.52927
0.06294 6.63438 3.80192
0.05332 5.53264 3.17037
0.05968 6.12877 3.51208
0.05083 4.93797 2.82954
0.06221 6.49846 3.72400
0.05911 5.81909 3.33457
0.02812 2.70365 1.54913
0.03732 3.56227 2.04114
0.06487 6.11443 3.50386
0.05553 5.13854 2.94449
0.05125 4.70509 2.69607
0.03221 2.91788 1.67188
0.07474 6.69666 3.83762
0.05190 4.58570 2.62765
0.05059 4.39290 2.51715
0.03111 2.68239 1.53694
0.04593 3.94611 2.26110
0.04487 3.82303 2.19057
0.09720 8.19951 4.69929
0.04855 4.07217 2.33334
0.04403 3.67339 2.10482
0.12547 10.42454 5.97553
0.04391 3.66356 2.09918
0.05161 4.28639 2.45611
0.03581 2.96325 1.69788
0.02225 1.83782 1.05301
0.02850 2.34869 1.34573
0.06093 5.04350 2.89002
0.04907 4.05907 2.32584
0.02546 2.10587 1.20660
0.04843 4.01647 2.30142
0.08332 6.92672 3.96951
0.02142 1.80390 1.03357
0.08874 7.46772 4.27969
0.04943 4.13754 2.37081
0.02952 2.47022 1.41537
0.03681 3.08931 1.77011
0.07920 6.66753 3.82092
0.17476 14.63010 8.38992
0.08564 7.17085 4.10948
0.01274 1.07377 0.61523
0.07542 6.31949 3.62140
0.11147 9.32486 5.34469
0.04702 3.90946 2.24010
0.06946 5.78802 3.31676
0.03441 2.86984 1.64436
0.04276 3.57001 2.04558
0.03763 3.14928 1.80448
0.07377 6.18258 3.54292
0.07001 5.85728 3.35645
0.05082 4.25414 2.43763
0.04152 3.46984 1.98817
0.03647 3.07750 1.76335
0.08999 7.63296 4.37443
0.08425 7.16714 4.10735
0.11931 10.15674 5.82189
0.08333 7.11803 4.07919
0.09581 8.17801 4.68696
0.11860 10.20478 5.84945
0.19224 16.62151 9.53442
0.05801 5.02365 2.87864
0.05164 4.47431 2.56380
0.05836 5.05444 2.89629
0.03713 3.26418 1.87032
0.05768 5.10216 2.92364
0.07938 7.02329 4.02488
0.05141 4.53620 2.59927
0.04798 4.21767 2.41673
0.07137 6.26452 3.58989
0.07509 6.64810 3.80978
0.06100 5.47764 3.13885
0.06000 5.32430 3.05096
0.08595 7.59397 4.35207
0.04368 3.85842 2.21085
0.09629 8.59205 4.92440
0.02178 1.95239 1.11865
0.08548 7.60384 4.35773
0.08623 7.66420 4.39234
0.02263 2.00717 1.15005
0.04120 3.65860 2.09634
0.04706 4.18418 2.39753
0.26469 23.40241 13.43938
0.12375 10.98818 6.29893
0.08432 7.51707 4.30798
0.01991 1.78617 1.02341
1.08231 97.42408 58.30298
0.08049 7.12976 4.08592
0.04100 3.64003 2.08570
0.03778 3.35109 1.92012
0.04248 3.77576 2.16348
0.04222 3.75794 2.15327
0.03846 3.42614 1.96313
0.05930 5.29585 3.03466
0.05322 4.73138 2.71114
0.04907 4.36523 2.50129
0.05245 4.65278 2.66609
0.06373 5.65450 3.24022
0.08296 7.37743 4.22792
0.04232 3.76603 2.15790
0.06744 6.01196 3.44512
0.07583 6.76715 3.87803
0.01978 1.76746 1.01269
0.03480 3.10238 1.77761
0.03567 3.10035 1.77644
0.02929 2.71439 1.55528
0.31636 28.51828 16.39565
0.28999 26.23334 15.07403
0.07432 6.72049 3.85128
0.06655 6.02304 3.45147
0.05135 4.66811 2.67487
0.05658 5.15580 2.95438
0.03152 2.87296 1.64614
0.04290 3.92009 2.24619
0.05378 4.90341 2.80973
0.08584 7.88334 4.51799
0.10498 9.61683 5.51216
0.06901 6.36181 3.64566
0.06710 6.20236 3.55426
0.06294 5.83281 3.34243
0.02313 2.14144 1.22698
0.02750 2.54673 1.45921
0.06191 5.75448 3.29753
0.13370 12.50893 7.17177
0.07380 6.93604 3.97486
0.27203 25.50825 14.65507
0.15919 14.97886 8.59030
0.07063 6.72990 3.85668
0.09450 8.98251 5.14833
0.07192 6.84165 3.92074
0.08952 8.50168 4.87257
0.11076 10.56695 6.05724
0.05835 5.60769 3.21339
0.05769 5.57999 3.19751
0.05556 5.39825 3.09335
0.04197 4.06017 2.32647
0.04527 4.40465 2.52388
0.02940 2.87324 1.64630
0.03055 2.98246 1.70889
0.05221 5.10867 2.92737
0.04537 4.48737 2.57129
0.03707 3.72906 2.13672
0.04001 4.02941 2.30884
0.04951 5.03288 2.88394
0.04721 4.85115 2.77978
0.05592 5.79126 3.31861
0.02097 2.20768 1.26493
0.01933 2.06804 1.18492
0.07070 7.66405 4.39225
0.03781 4.13319 2.36831
0.01595 1.76155 1.00930
0.05308 5.93205 3.39931
0.05296 6.01437 3.44650
0.03644 4.18390 2.39737
0.07981 9.53041 5.46259
0.05534 6.70994 3.84524
0.01427 1.77310 1.01592
0.03019 3.85488 2.20882
0.03736 4.88401 2.79861
0.08513 11.40918 6.54053
0.07732 10.59009 6.07051
0.03992 5.59918 3.20851
0.07824 11.24922 6.44873
0.05932 8.78979 5.03780
0.07720 11.73882 6.72971
0.08929 13.93242 7.98916
0.04932 7.93913 4.54998
0.09845 16.19322 9.28820
0.06802 11.49600 6.59036
0.04456 7.73046 4.43033
0.04258 7.62078 4.36744
0.06282 11.61477 6.65852
0.05553 10.73980 6.15642
0.04296 8.65635 4.96127
0.03458 7.29519 4.18077
0.03628 8.10895 4.64736
0.01690 4.02834 2.30823
0.01745 4.40892 2.52633
0.02641 7.05770 4.04461
0.02616 7.40873 4.24586
0.02894 8.79652 5.04166
0.34763 111.92746 68.06144
0.02250 7.57727 4.34250
0.02430 8.54259 4.89603
0.02252 8.14130 4.66591
0.03907 14.66625 8.41069
0.01070 4.14100 2.37279
0.02100 8.27623 4.74329
0.01886 7.50059 4.29853
0.06834 27.35073 15.72008
0.02985 12.03459 6.89948
0.03116 12.77707 7.32571
0.01700 7.44758 4.26813
0.00461 2.34997 1.34647
0.03354 21.67512 12.44337
0.02801 25.91984 14.89286
0.00855 11.76922 6.74716
0.03551 86.58835 51.30879
0.00117 13.06538 7.49124
0.00709 45.71837 26.42836
0.00886 66.33357 38.74008
0.00164 49.83762 28.85894
0.00386 127.78139 79.42072
0.00481 138.21426 87.42994
0.00088 38.75159 22.34435
0.00107 51.63014 29.92072
0.00241 73.00952 42.82103
0.00435 123.93210 76.58270
0.00525 139.59330 88.52816
0.00390 117.27147 71.79788
0.00332 116.48313 71.24125
0.00439 129.56936 80.75892
0.00516 130.45644 81.42778
0.00319 121.29324 74.66884
0.00412 108.47808 65.69302
0.00267 130.02820 81.10447
0.00621 128.48971 79.94929
0.00310 118.79831 72.88155
0.00499 138.41497 87.58915
0.00238 112.73859 68.62316
0.00295 104.56265 63.04230
0.00323 106.98519 64.67778
0.00434 117.53123 71.98171
0.00264 99.06315 59.38115
0.00207 83.10205 49.10290
0.00235 99.77056 59.84826
0.00107 46.84998 27.09482
0.00424 126.09249 78.16850
0.00082 38.56185 22.23355
0.00275 102.22828 61.47978
0.00198 95.41448 56.98874
0.00414 106.91493 64.63014
0.00213 125.38950 77.65054
0.00388 104.36552 62.90984
0.00313 138.22826 87.44104
0.00193 88.46070 52.50190
0.00190 126.24326 78.27983
0.00149 86.16475 51.03970
0.00103 81.32239 47.98436
0.00076 76.48925 44.97058
0.00160 108.68070 65.83126
0.00211 118.08772 72.37628
0.00196 111.19417 67.55522
0.00185 125.73648 77.90596
0.00257 136.30407 85.92512
0.00199 131.12158 81.93152
0.00113 87.70844 52.02181
0.00079 82.60142 48.78775
0.00128 112.93982 68.76280
0.00081 102.35409 61.56366
0.00149 130.27395 81.28991
0.00125 139.69782 88.61182
0.00258 141.23378 89.84811
0.00082 115.96077 70.87350
0.00303 136.10092 85.76618
0.00136 136.06720 85.73981
0.00227 130.60032 81.53659
0.00227 140.93511 89.60668
0.00183 125.37980 77.64341
0.00116 72.13562 42.28369
0.00296 131.76252 82.41875
0.00432 108.22236 65.51871
0.00919 134.98930 84.89999
0.00726 69.24461 40.51294
0.01774 124.69353 77.13961
0.01385 80.81994 47.66944
0.00551 28.99164 16.66972
0.02519 118.66781 72.78864
0.02077 83.45820 49.32735
0.04449 125.15881 77.48098
0.02388 46.86178 27.10178
0.09814 133.30719 83.60054
0.00808 8.36727 4.79549
0.01031 8.34363 4.78193
0.00913 6.14084 3.51900
0.01293 7.55037 4.32707
0.01909 9.64401 5.52775
0.02771 12.42769 7.12513
0.03443 13.77126 7.89660
0.00633 2.31198 1.32469
0.01605 5.43059 3.11188
0.02343 7.36121 4.21861
0.01289 3.79628 2.17524
0.01403 3.89247 2.23036
0.01816 4.78675 2.74287
0.03932 9.93121 5.69251
0.03952 9.48576 5.43698
0.03234 7.46525 4.27826
0.03956 8.83818 5.06555
0.04087 8.63672 4.95002
0.01812 3.64580 2.08900
0.04813 9.19584 5.27068
0.09821 18.07520 10.37048
0.00111 0.19758 0.11321
0.04261 7.23678 4.14727
0.00962 1.55899 0.89324
0.02558 3.97949 2.28023
0.02028 3.04871 1.74685
0.02471 3.60604 2.06622
0.64121 90.17401 53.59904
0.05439 7.42493 4.25515
0.03974 5.25591 3.01176
0.07437 9.59557 5.49997
0.05144 6.43796 3.68932
0.04445 5.43399 3.11383
0.17601 21.05276 12.08473
0.03690 4.27818 2.45140
0.06789 7.69727 4.41130
0.05557 6.11745 3.50558
0.05867 6.33564 3.63066
0.02518 2.64746 1.51693
0.03606 3.71149 2.12665
0.04173 4.18203 2.39630
0.05826 5.71911 3.27726
0.07433 7.16126 4.10398
0.03791 3.57067 2.04595
0.04670 4.31219 2.47090
0.03970 3.57982 2.05120
0.03740 3.32088 1.90281
0.02495 2.18711 1.25314
0.13964 12.17316 6.97902
0.11939 10.40188 5.96253
0.07915 6.88282 3.94434
0.05604 4.87045 2.79084
0.05339 4.64346 2.66074
0.04303 3.74538 2.14607
0.07355 6.45120 3.69690
0.01991 1.74156 0.99785
0.03068 2.68250 1.53700
0.05771 5.02842 2.88138
0.04550 3.97440 2.27732
0.02462 2.16642 1.24129
0.11621 10.23513 5.86686
0.06768 5.98562 3.43002
0.02474 2.19747 1.25908
0.07187 6.39772 3.66625
0.06077 5.43320 3.11337
0.05288 4.70644 2.69684
0.04027 3.57677 2.04945
0.03058 2.71906 1.55796
0.03590 3.21259 1.84076
0.05440 4.89355 2.80408
0.03750 3.39488 1.94521
0.08167 7.40543 4.24397
0.05016 4.55955 2.61266
0.02505 2.27942 1.30604
0.05255 4.74397 2.71835
0.03576 3.25224 1.86348
0.01234 1.12639 0.64538
0.04890 4.46676 2.55948
0.06517 5.98395 3.42907
0.08741 8.03370 4.60421
0.05516 5.07858 2.91012
0.06368 5.89952 3.38067
0.08029 7.47141 4.28180
0.04963 4.64101 2.65934
0.03623 3.37277 1.93255
0.03690 3.44144 1.97189
0.02556 2.38374 1.36581
0.04376 4.11385 2.35723
0.03741 3.53258 2.02413
0.03025 2.85157 1.63388
0.02512 2.37591 1.36133
0.15054 14.31379 8.20822
0.13599 12.98454 7.44483
0.08027 7.61711 4.36534
0.09166 8.73277 5.00510
0.09154 8.76916 5.02597
0.09125 8.77407 5.02878
0.14580 14.04232 8.05228
0.04773 4.59857 2.63502
0.13198 12.74766 7.30883
0.09519 9.22277 5.28614
0.08751 8.48882 4.86520
0.05111 4.97365 2.84998
0.05378 5.24184 3.00370
0.06458 6.35587 3.64226
0.06571 6.48582 3.71675
0.04201 4.13875 2.37150
0.06934 6.79777 3.89559
0.06108 5.98146 3.42763
0.05254 5.16724 2.96094
0.08059 7.99000 4.57915
0.07497 7.53930 4.32072
0.04629 4.67372 2.67809
0.01624 1.63326 0.93580
0.05410 5.41074 3.10050
0.05447 5.40840 3.09916
0.04216 4.15940 2.38333
0.04436 4.32946 2.48079
0.04840 4.68629 2.68529
0.04233 4.07424 2.33453
0.03195 3.04245 1.74326
0.03975 3.75236 2.15007
0.01669 1.55772 0.89252
0.08317 7.75867 4.44651
0.04271 3.94973 2.26318
0.05988 5.52149 3.16398
0.04065 3.73314 2.13906
0.03447 3.13877 1.79846
0.05304 4.74694 2.72005
0.03638 3.22596 1.84842
0.00977 0.86112 0.49339
0.02590 2.28000 1.30637
0.06625 5.79082 3.31836
0.24652 21.44704 12.31192
0.67695 58.46463 33.99418
0.14142 12.21762 7.00454
0.09435 8.15640 4.67457
0.09700 8.38015 4.80288
0.07118 6.18528 3.54447
0.04932 4.28905 2.45763
0.07399 6.45720 3.70035
0.07157 6.21639 3.56230
0.04295 3.75695 2.15270
0.03456 3.03112 1.73677
0.10915 9.61784 5.51274
0.07417 6.54076 3.74825
0.10662 9.37897 5.37572
0.23261 20.53246 11.78499
0.17269 15.35102 8.80415
0.05783 5.17345 2.96450
0.09909 8.91961 5.11226
0.03948 3.57533 2.04862
0.04385 3.99640 2.28992
0.07119 6.54623 3.75138
0.03541 3.28169 1.88035
0.06032 5.65691 3.24160
0.01331 1.25152 0.71707
0.06648 6.28705 3.60281
0.02073 1.97309 1.13051
0.04447 4.26142 2.44180
0.08483 8.20764 4.70395
0.08298 8.05635 4.61720
0.06999 6.81493 3.90542
0.05705 5.59955 3.20873
0.06094 6.00910 3.44348
0.03764 3.71384 2.12800
0.03516 3.46779 1.98700
0.04297 4.25671 2.43910
0.04923 4.90464 2.81043
0.09599 9.60854 5.50741
0.05301 5.23976 3.00250
0.05176 5.08773 2.91537
0.07345 7.19276 4.12203
0.05441 5.31731 3.04695
0.10173 9.87481 5.66015
0.04412 4.26047 2.44126
0.06561 6.29271 3.60605
0.04447 4.21671 2.41617
0.05356 5.07788 2.90973
0.04384 4.17506 2.39231
0.02531 2.39569 1.37266
0.08082 7.61486 4.36405
0.08726 8.14314 4.66697
0.08991 8.32137 4.76917
0.07918 7.27528 4.16935
0.09111 8.30372 4.75905
0.04516 4.09708 2.34762
0.05762 5.19737 2.97821
0.03285 2.94882 1.68961
0.09686 8.61696 4.93868
0.06446 5.73455 3.28611
0.07687 6.82193 3.90944
0.13985 12.42219 7.12197
0.07061 6.31862 3.62091
0.04471 4.00231 2.29331
0.01858 1.65438 0.94790
0.06346 5.65597 3.24107
0.05650 5.06012 2.89955
0.13976 12.60170 7.22503
0.11050 9.95292 5.70496
0.04725 4.26209 2.44218
0.01358 1.23445 0.70729
0.11199 10.18949 5.84068
0.16793 15.37708 8.81912
0.02925 2.69119 1.54199
0.02357 2.19653 1.25854
0.06986 6.61098 3.78850
0.05244 5.04135 2.88879
0.02769 2.71326 1.55463
0.08258 8.26696 4.73797
0.09979 10.17068 5.82989
0.04872 4.99470 2.86205
0.01200 1.24967 0.71601
0.03489 3.65689 2.09536
0.03660 3.86803 2.21636
0.04382 4.65225 2.66578
0.02785 2.96108 1.69664
0.03847 4.11595 2.35843
0.03498 3.73974 2.14284
0.04711 5.06294 2.90116
0.02456 2.64496 1.51549
0.05776 6.23177 3.57112
0.03462 3.74293 2.14467
0.04026 4.35055 2.49288
0.03472 3.75329 2.15060
0.06645 7.16515 4.10621
0.03609 3.91235 2.24175
0.03962 4.31461 2.47228
0.05213 5.65141 3.23845
0.08380 9.00215 5.15959
0.03082 3.26774 1.87236
0.02473 2.62355 1.50323
0.07572 7.89891 4.52692
0.06988 7.23258 4.14486
0.07306 7.52634 4.31330
0.06275 6.43832 3.68952
0.07453 7.60245 4.35693
0.07651 7.70991 4.41855
0.04663 4.66235 2.67157
0.05665 5.59305 3.20500
0.07999 7.81273 4.47750
0.03926 3.79678 2.17553
0.05914 5.65433 3.24013
0.01725 1.63798 0.93851
0.05462 5.11261 2.92963
0.02448 2.26238 1.29627
0.04763 4.33548 2.48424
0.03491 3.13216 1.79467
0.04767 4.23907 2.42899
0.04500 3.96055 2.26938
0.07116 6.21868 3.56361
0.02348 2.03691 1.16708
0.06868 5.89840 3.38002
0.02404 2.04219 1.17011
0.09095 7.69103 4.40772
0.11585 9.79408 5.61384
0.06199 5.26241 3.01549
0.06744 5.72866 3.28273
0.07448 6.35543 3.64201
0.09211 7.89887 4.52690
0.13991 12.04332 6.90449
0.06770 5.83082 3.34129
0.05045 4.35000 2.49256
0.02904 2.50589 1.43580
0.03670 3.16069 1.81102
0.07079 6.13178 3.51380
0.05145 4.48428 2.56952
0.07995 7.04037 4.03467
0.04926 4.33660 2.48489
0.06361 5.63567 3.22943
0.07401 6.61780 3.79241
0.08093 7.30729 4.18770
0.06807 6.19241 3.54855
0.08039 7.45747 4.27381
0.07445 7.00636 4.01517
0.05070 4.84226 2.77468
0.03752 3.62547 2.07735
0.05680 5.57243 3.19318
0.06050 6.00896 3.44340
0.05078 5.13549 2.94274
0.07229 7.47229 4.28231
0.07036 7.42188 4.25340
0.06650 7.09269 4.06466
0.05661 6.05005 3.46695
0.04052 4.33486 2.48388
0.03852 4.11774 2.35946
0.04459 4.79394 2.74699
0.02554 2.74717 1.57406
0.05479 5.92719 3.39653
0.07079 7.71695 4.42258
0.04294 4.67168 2.67692
0.07343 7.98651 4.57715
0.05244 5.68944 3.26025
0.03612 3.89246 2.23036
0.01779 1.90789 1.09316
0.05896 6.30508 3.61314
0.03701 3.93345 2.25385
0.02001 2.12637 1.21834
0.03831 4.02555 2.30662
0.04213 4.40621 2.52478
0.03556 3.66213 2.09836
0.05299 5.43628 3.11514
0.07776 7.93907 4.54995
0.07112 7.19385 4.12266
0.05615 5.55058 3.18066
0.06545 6.42398 3.68130
0.07547 7.36057 4.21825
0.04600 4.48707 2.57112
0.05520 5.34700 3.06397
0.03954 3.74308 2.14475
0.05661 5.30215 3.03827
0.09984 9.37100 5.37115
0.07306 6.83964 3.91959
0.05314 4.95084 2.83691
0.06082 5.60116 3.20965
0.05869 5.37325 3.07902
0.04112 3.73541 2.14035
0.03717 3.34896 1.91890
0.03888 3.46933 1.98788
0.06872 6.11086 3.50181
0.04729 4.19537 2.40395
0.04056 3.56987 2.04549
0.04180 3.67148 2.10372
0.05947 5.20837 2.98452
0.07219 6.24161 3.57676
0.03816 3.26976 1.87352
0.07291 6.19328 3.54905
0.07459 6.30231 3.61156
0.05193 4.33314 2.48290
0.04338 3.59447 2.05959
0.06019 4.98848 2.85848
0.03903 3.23208 1.85193
0.04552 3.76747 2.15873
0.14173 11.70351 6.70945
0.03216 2.67099 1.53041
0.03655 3.05755 1.75192
0.05368 4.50180 2.57956
0.04944 4.16935 2.38903
0.00961 0.80422 0.46079
0.04969 4.18822 2.39985
0.02766 2.33377 1.33718
0.04446 3.78235 2.16725
0.03028 2.58807 1.48290
0.06353 5.42269 3.10735
0.04849 4.15422 2.38036
0.07757 6.68593 3.83147
0.05348 4.65786 2.66900
0.01236 1.08207 0.61998
0.00862 0.75057 0.43005
0.03990 3.47314 1.99006
0.07031 6.16145 3.53081
0.03876 3.43300 1.96706
0.01928 1.71936 0.98514
0.07280 6.55733 3.75775
0.05901 5.32997 3.05421
0.03748 3.37727 1.93512
0.07246 6.54940 3.75320
0.02995 2.72126 1.55921
