-0.01308 -0.05290 0.56281
-0.02949 -0.04481 0.55984
-0.02238 -0.05148 0.55920
-0.02223 -0.04414 0.56023
0.01937 -0.02444 0.56414
-0.01032 -0.03067 0.57361
-0.02048 -0.01804 0.57900
-0.02268 -0.02218 0.58656
-0.03186 -0.03617 0.59291
-0.02233 -0.04447 0.59946
-0.01620 -0.03698 0.61188
-0.03068 -0.00562 0.62547
-0.01482 -0.02180 0.64801
-0.02204 -0.04175 0.66337
-0.02919 -0.04165 0.67493
-0.01645 -0.06612 0.68078
-0.01222 -0.04606 0.69067
-0.01325 -0.00873 0.71070
0.01687 0.00780 0.73413
-0.02175 -0.05643 0.75802
-0.06368 -0.04683 0.77261
-0.00846 -0.05724 0.78685
-0.02329 -0.04353 0.80224
-0.04455 -0.03856 0.81927
-0.04451 -0.03795 0.83098
-0.02870 -0.06658 0.84330
-0.01451 -0.04640 0.85869
-0.00617 -0.04629 0.88057
-0.00293 -0.03789 0.90042
-0.01160 -0.03760 0.91960
-0.01042 -0.05309 0.93319
-0.03624 -0.06333 0.95064
-0.04486 -0.03376 0.97035
-0.04604 -0.03539 0.97464
-0.06762 -0.01502 0.98073
-0.01289 -0.07758 0.98487
-0.00723 -0.06361 0.99967
-0.00976 -0.05258 1.00650
-0.01904 -0.05786 1.01301
-0.04669 -0.10104 1.01549
-0.03337 -0.07951 1.02551
-0.03143 -0.06505 1.03411
-0.00421 -0.06738 1.04545
-0.01443 -0.04317 1.05467
-0.01227 -0.05968 1.06173
-0.01632 -0.04670 1.06218
-0.03275 -0.06567 1.06954
0.00368 -0.06839 1.07348
-0.08837 -0.03780 1.07278
-0.02184 -0.05086 1.07672
-0.01923 -0.05170 1.07476
-0.00911 -0.07955 1.07188
-0.01872 -0.05427 1.06417
-0.02175 -0.04657 1.06147
-0.02475 -0.04870 1.07201
-0.02071 -0.02719 1.07864
0.01119 -0.05671 1.07564
0.01417 -0.03567 1.07590
-0.01139 -0.09160 1.07527
0.02884 -0.04099 1.06971
-0.02513 -0.07164 1.07107
-0.00602 -0.09204 1.07061
-0.02880 -0.06375 1.06462
0.00365 -0.05224 1.07092
-0.02555 -0.05025 1.07021
-0.01374 -0.05126 1.08564
-0.01374 -0.03953 1.08504
-0.02798 -0.06212 1.08115
0.02722 -0.05457 1.07753
-0.02960 -0.06822 1.07548
0.01016 -0.06453 1.07748
-0.00815 -0.06455 1.07987
0.00647 -0.05880 1.08350
-0.01699 -0.06481 1.09039
-0.03428 -0.05179 1.08718
-0.02047 -0.03450 1.08499
-0.06119 -0.05399 1.08479
-0.03835 -0.06306 1.08154
-0.07394 -0.02689 1.08137
-0.03132 -0.06901 1.07746
-0.01278 -0.06655 1.07259
-0.04427 -0.07473 1.06608
-0.01706 -0.05035 1.06794
-0.10870 -0.02379 1.06002
-0.00601 -0.03168 1.07094
-0.00667 -0.05762 1.06490
-0.01331 -0.08229 1.05823
-0.00417 -0.07305 1.05285
-0.00569 -0.04644 1.04674
-0.05559 -0.05335 1.03675
-0.02451 -0.05336 1.02394
-0.09927 -0.02578 1.00629
-0.03068 -0.06047 0.99211
-0.03634 -0.04075 0.97131
-0.03153 -0.05481 0.95171
-0.03731 -0.07503 0.92762
-0.05381 -0.04340 0.90391
-0.04839 -0.03589 0.88378
-0.05780 -0.06292 0.85838
-0.05197 -0.03938 0.83755
-0.04211 -0.04109 0.81318
-0.02669 -0.04574 0.78535
-0.03937 -0.05751 0.75804
-0.03767 -0.06215 0.72501
-0.03830 -0.06937 0.69491
-0.04969 -0.05982 0.66199
-0.03922 -0.06070 0.63463
-0.03937 -0.05146 0.60390
-0.02715 -0.05336 0.58231
-0.02490 -0.03495 0.56287
-0.01994 -0.02427 0.53888
-0.00713 -0.01820 0.51757
-0.00015 -0.01486 0.49475
-0.01234 -0.02641 0.47353
-0.01040 -0.03134 0.44986
-0.00322 -0.04133 0.43023
-0.00004 -0.03333 0.42026
-0.01032 -0.03642 0.41119
0.03166 -0.04532 0.39871
0.01594 -0.03123 0.40000
0.01440 -0.03164 0.38694
0.02487 -0.03751 0.38616
0.01894 -0.03313 0.37413
0.01509 -0.02749 0.37919
0.03170 -0.02753 0.36309
0.03827 -0.03038 0.36555
0.04074 -0.02143 0.36209
0.04728 -0.01296 0.35062
0.07881 -0.01713 0.35164
0.06972 -0.02352 0.33772
0.05749 -0.02055 0.34624
0.07598 -0.02797 0.33012
0.12346 -0.03063 0.32802
0.08058 -0.01740 0.33564
0.05115 -0.00830 0.35625
0.06970 -0.01754 0.35518
0.07634 -0.00679 0.34945
0.07827 -0.00934 0.36671
0.08026 -0.00315 0.36052
0.07932 -0.00795 0.37237
0.13764 -0.01946 0.35403
0.08404 -0.01281 0.37959
0.04376 -0.01948 0.38928
0.04722 -0.01531 0.38984
0.04297 -0.01952 0.40687
0.05143 -0.01829 0.41600
0.03109 -0.01335 0.43441
0.01808 -0.00749 0.44476
0.00048 0.00914 0.46584
-0.00047 -0.00261 0.48477
0.00709 -0.00670 0.50013
0.03255 -0.03700 0.51829
0.01801 -0.02235 0.53509
0.02142 -0.03107 0.55297
-0.00572 0.00935 0.57302
-0.05824 -0.02431 0.58905
-0.18946 -0.01307 0.58862
-0.00307 -0.01107 0.64340
-0.02145 0.00301 0.65703
-0.00719 -0.03322 0.67582
-0.00826 -0.04623 0.68738
0.01731 -0.02878 0.70952
0.01392 -0.04354 0.72182
-0.02103 -0.02558 0.73828
0.08266 -0.04225 0.75071
-0.01650 -0.01947 0.76550
-0.05868 -0.02518 0.77492
-0.05540 -0.01104 0.77858
-0.01953 -0.06102 0.78432
-0.04114 -0.02613 0.79697
-0.03191 -0.01961 0.80585
-0.05627 -0.03455 0.81419
-0.02845 -0.04684 0.81630
0.06833 -0.05755 0.81747
0.02566 -0.03513 0.83024
0.01732 -0.03215 0.83811
-0.04192 -0.02459 0.84053
-0.03054 -0.04142 0.84279
-0.09086 -0.05198 0.83898
0.08579 -0.02777 0.83373
-0.03419 -0.05876 0.82887
0.02027 -0.03717 0.82061
0.08766 -0.01340 0.81864
0.13114 -0.03439 0.82126
0.00223 -0.05825 0.82996
0.01601 -0.03398 0.82134
0.02386 -0.02963 0.81256
-0.00378 -0.04158 0.81170
0.02748 -0.04532 0.80483
-0.08309 -0.03825 0.79955
-0.13362 -0.03826 0.78838
0.06218 -0.04426 0.79311
0.00028 -0.03571 0.79432
0.00735 -0.05218 0.78936
0.01042 -0.05113 0.78205
-0.03422 -0.05384 0.77918
-0.00002 -0.03072 0.77159
-0.02394 -0.03246 0.77289
-0.00938 -0.03001 0.76821
-0.01869 -0.02683 0.76060
-0.02540 -0.03942 0.74906
-0.02963 -0.02575 0.73321
-0.04214 -0.03287 0.71362
-0.05089 -0.02752 0.70357
-0.03545 -0.00101 0.70065
-0.04532 0.00168 0.69676
-0.02266 -0.02785 0.69472
0.01200 -0.03384 0.69469
0.03979 -0.03527 0.68739
0.05058 -0.02955 0.68379
0.04878 -0.03996 0.68203
-0.02515 -0.01183 0.67571
-0.01498 -0.02293 0.67340
0.00109 -0.02780 0.66980
0.00331 -0.02435 0.66627
0.09723 -0.04215 0.65302
0.08424 -0.04024 0.65695
-0.00793 -0.02014 0.67131
-0.00765 -0.03365 0.67353
0.01045 -0.03316 0.67883
-0.00512 -0.03041 0.68250
-0.00329 -0.03719 0.69043
0.00026 -0.02124 0.70038
0.02191 -0.02424 0.71302
-0.01993 -0.03819 0.72636
0.00543 -0.01062 0.72936
-0.01275 -0.03507 0.73187
0.00383 -0.03842 0.73707
-0.01733 -0.04276 0.74492
0.04220 -0.02302 0.74796
0.00593 -0.02704 0.75256
-0.00616 -0.03210 0.75594
0.07865 -0.03779 0.74727
-0.01900 -0.04369 0.75867
-0.03268 -0.03933 0.74634
-0.01664 -0.04002 0.74780
0.08891 -0.04524 0.73942
0.05253 -0.05170 0.75002
-0.02566 -0.01372 0.75527
0.00183 -0.02380 0.76065
0.01669 -0.05801 0.75759
-0.06229 -0.04388 0.76147
-0.00510 -0.02769 0.77000
-0.03751 -0.02288 0.77628
-0.03667 -0.02111 0.78007
-0.07711 -0.01703 0.78278
-0.01264 -0.04236 0.79020
0.02308 -0.03537 0.79652
-0.03111 -0.03214 0.80030
0.03556 -0.06021 0.80131
-0.01744 -0.04445 0.80860
0.00804 -0.05152 0.81343
-0.03522 -0.04152 0.82393
-0.03265 -0.04633 0.83000
-0.00251 -0.03258 0.83803
-0.05893 -0.03259 0.83881
-0.03668 -0.02888 0.84462
-0.00072 -0.03973 0.85507
-0.01067 -0.02967 0.85558
-0.00900 -0.04085 0.85534
-0.01485 -0.04927 0.85228
-0.00944 -0.05865 0.85236
-0.04076 -0.02742 0.85626
0.03579 -0.00123 0.86680
-0.02879 -0.02924 0.87084
-0.05862 -0.01551 0.87006
-0.04639 -0.01711 0.86472
-0.01618 -0.00372 0.86999
-0.03380 -0.02912 0.86866
-0.03232 -0.05934 0.86601
-0.09136 -0.06308 0.85356
-0.01584 -0.01813 0.86103
-0.00460 -0.04290 0.85759
0.01044 -0.01261 0.85843
-0.02540 -0.03849 0.85400
-0.01061 -0.03145 0.84583
-0.05679 -0.02646 0.83766
-0.01158 -0.03789 0.83511
-0.01888 -0.03091 0.83322
-0.04248 -0.03323 0.83021
-0.02910 -0.02496 0.82278
0.00668 -0.07107 0.81572
-0.02554 -0.05345 0.81177
-0.07979 -0.03277 0.80609
-0.01361 -0.03930 0.80402
0.01891 -0.06782 0.79412
0.01250 -0.04577 0.79080
-0.02489 -0.05953 0.78405
-0.06142 -0.02929 0.78260
-0.05603 -0.02989 0.77863
-0.00925 -0.02900 0.77822
-0.02544 -0.03567 0.76981
-0.01748 -0.04941 0.76405
-0.04727 0.01543 0.76540
-0.05896 -0.01426 0.76857
-0.04217 -0.04178 0.77340
-0.05969 -0.02918 0.76305
-0.01543 -0.03190 0.75673
-0.01797 -0.02662 0.75430
0.00887 -0.04859 0.75040
-0.01220 -0.04287 0.74834
-0.01785 -0.02922 0.74461
0.01670 -0.02548 0.74345
0.03193 -0.02063 0.74503
0.01165 -0.02726 0.74739
0.03655 -0.01225 0.73896
-0.00824 -0.01639 0.73800
0.00067 -0.02855 0.73045
-0.16492 -0.06823 0.70706
0.05435 -0.02892 0.72392
0.02628 -0.04060 0.72525
-0.01052 -0.03332 0.72416
-0.00200 -0.03481 0.72335
-0.06894 -0.01731 0.71796
0.00557 -0.03076 0.72176
-0.01663 -0.03547 0.71861
-0.09423 -0.04857 0.70693
-0.00410 -0.01246 0.71570
-0.00968 -0.02699 0.71310
-0.02260 -0.02077 0.70878
-0.01235 -0.03113 0.70369
-0.01921 -0.04919 0.69129
-0.09117 -0.03250 0.68351
-0.00234 -0.01402 0.68791
-0.02665 -0.03411 0.68715
-0.01770 -0.02241 0.68299
-0.00614 -0.04052 0.67016
-0.01081 -0.02125 0.66438
-0.05034 -0.03003 0.65764
-0.03685 -0.02509 0.65685
-0.02147 -0.02692 0.65344
-0.01793 -0.01746 0.64699
-0.01638 -0.03136 0.64021
-0.05354 -0.03702 0.63429
-0.06703 -0.01583 0.63113
-0.05188 -0.00751 0.62922
-0.02680 -0.01515 0.61938
-0.02160 -0.03883 0.60941
-0.04265 -0.03565 0.60291
-0.04550 -0.03286 0.60001
-0.06942 -0.02514 0.59013
-0.08295 -0.03702 0.58845
-0.04279 -0.00994 0.58849
-0.02886 -0.00965 0.58750
0.11706 -0.04701 0.56965
-0.05134 -0.03750 0.57516
-0.02429 -0.03148 0.57635
-0.03951 -0.03107 0.57034
-0.04678 -0.02865 0.56873
-0.03679 -0.03233 0.56487
-0.02253 -0.02580 0.56019
-0.04855 -0.02243 0.55929
-0.04015 -0.01629 0.55700
-0.04608 -0.01407 0.55848
-0.06396 -0.01339 0.55368
-0.04642 -0.01552 0.55580
-0.03006 -0.01856 0.54915
-0.07704 -0.01963 0.54119
-0.30301 0.00219 0.45187
0.00582 -0.03422 0.53779
0.00497 -0.03485 0.53309
-0.26495 -0.05252 0.45463
0.04287 -0.03467 0.52383
0.08132 -0.02924 0.51398
0.02445 -0.02595 0.52130
-0.02151 -0.02184 0.51541
0.12683 -0.04007 0.48740
-0.01218 -0.01521 0.50526
-0.00174 -0.02927 0.49860
-0.00481 -0.02116 0.49474
-0.01345 -0.01218 0.49249
-0.02503 -0.02112 0.48721
0.02160 -0.01743 0.48792
-0.01613 -0.01450 0.48595
0.00021 -0.04180 0.48211
0.02618 -0.02812 0.47748
-0.00274 -0.02839 0.47573
0.04441 -0.00849 0.47707
-0.00914 -0.02627 0.48676
0.04810 -0.02231 0.49550
0.00901 -0.02066 0.50673
0.02711 -0.01448 0.51401
0.01589 -0.01697 0.52343
0.01750 -0.01689 0.53180
0.01235 -0.01209 0.53876
0.01485 -0.01948 0.54737
0.05386 -0.02725 0.55242
0.05557 -0.02083 0.55653
0.00703 -0.01680 0.56534
-0.02865 0.00482 0.57043
0.03833 -0.00255 0.57537
0.02796 -0.00605 0.57464
0.01442 -0.03205 0.57619
0.01252 -0.02716 0.57434
0.07398 -0.07470 0.56252
-0.00125 -0.01889 0.56886
-0.02657 -0.04967 0.56646
-0.03427 -0.01714 0.56377
-0.03321 -0.04528 0.56108
-0.01738 -0.02332 0.55890
-0.01901 -0.03398 0.54695
-0.01502 -0.01828 0.53945
0.01191 -0.03406 0.52900
-0.04987 -0.02018 0.51341
-0.00615 -0.00638 0.50344
-0.02887 -0.00804 0.49071
-0.02804 -0.01699 0.47635
-0.03584 -0.02246 0.45592
-0.03650 -0.02723 0.43634
-0.06230 -0.03629 0.41788
-0.08145 -0.04760 0.40283
-0.02405 -0.04478 0.40446
-0.06098 -0.05509 0.39475
-0.05919 -0.03158 0.38940
-0.05712 -0.02922 0.39333
-0.05396 -0.01832 0.39036
-0.06403 -0.02854 0.38433
-0.05259 -0.01699 0.38624
-0.05543 -0.01237 0.37248
-0.04725 -0.01838 0.38068
-0.03245 -0.01554 0.38081
-0.03255 -0.01822 0.36655
-0.04535 -0.01787 0.37413
-0.03847 -0.02054 0.36032
-0.03511 -0.01690 0.37429
-0.04788 -0.01872 0.37916
-0.05581 -0.01410 0.36915
-0.05985 -0.01505 0.39582
-0.06578 -0.01466 0.38210
-0.08865 -0.02218 0.40693
-0.07387 -0.01599 0.39424
-0.07884 -0.01679 0.42792
-0.09803 -0.01394 0.43863
-0.05562 -0.00624 0.43167
-0.09682 0.00453 0.47063
-0.06167 0.00268 0.46732
-0.05633 -0.00754 0.50787
-0.07486 -0.00050 0.51832
-0.03804 -0.00176 0.51718
-0.10226 -0.03011 0.54754
-0.03741 -0.00780 0.55772
-0.10753 -0.03224 0.58350
-0.06729 -0.01826 0.60243
-0.03716 0.00273 0.62119
-0.06224 -0.01316 0.64637
-0.08714 -0.01683 0.65256
-0.02835 0.00788 0.68224
-0.21129 0.02133 0.66036
0.01305 -0.00898 0.71199
-0.00102 0.00120 0.72844
-0.03301 -0.05706 0.74463
-0.05425 -0.04927 0.75877
-0.02218 -0.03294 0.77281
-0.01674 -0.02565 0.79173
-0.02886 -0.03025 0.80604
-0.05206 -0.03443 0.81480
-0.06727 -0.02260 0.82228
-0.05872 -0.02985 0.83855
-0.04281 -0.04313 0.85198
-0.04523 -0.03960 0.86618
-0.06197 -0.03453 0.87557
-0.00049 -0.01260 0.89380
0.04591 -0.05885 0.89829
0.05035 -0.03892 0.90901
0.04852 -0.04128 0.91057
0.04318 -0.05468 0.90978
0.01145 -0.06273 0.90900
-0.07276 -0.01543 0.91019
-0.01011 -0.05399 0.91619
-0.03859 -0.05307 0.91509
0.00301 -0.06818 0.91264
-0.04298 -0.02396 0.91459
-0.00011 -0.06524 0.91597
0.01042 -0.09867 0.96751
-0.06779 -0.03608 0.86378
-0.07433 -0.03092 0.91589
-0.02384 -0.03024 0.91932
-0.01951 -0.05175 0.92111
-0.02020 -0.06163 0.91788
-0.04018 -0.06249 0.91452
-0.03159 -0.08584 0.91228
-0.03596 -0.04683 0.91537
-0.05251 -0.07281 0.91192
-0.04802 -0.05126 0.90920
-0.05394 -0.05243 0.90395
-0.02819 -0.06521 0.89912
-0.02218 -0.07038 0.88825
-0.03391 -0.05273 0.88426
-0.04196 -0.05208 0.87479
-0.04024 -0.05009 0.86480
-0.06142 -0.06675 0.84973
-0.14658 -0.10424 0.81427
-0.04032 -0.06581 0.82668
-0.06905 -0.05323 0.78307
-0.10894 -0.07428 0.77560
-0.06967 -0.02834 0.76402
-0.04674 -0.03689 0.74853
-0.00735 -0.03418 0.72942
-0.07055 -0.04804 0.70107
-0.03544 -0.02417 0.67932
-0.02364 -0.05962 0.65057
-0.01371 -0.03175 0.62627
-0.01280 -0.04616 0.59977
-0.02182 -0.03954 0.57661
-0.01199 -0.03705 0.55073
-0.02281 -0.03317 0.53094
-0.04045 -0.03546 0.51006
-0.02801 -0.03171 0.49595
-0.03218 -0.01416 0.48333
-0.02668 -0.01577 0.48053
-0.02800 -0.02211 0.46389
-0.02287 -0.02491 0.46786
-0.05114 -0.02836 0.46129
-0.04226 -0.03264 0.45331
-0.05948 -0.01254 0.44617
-0.08384 -0.00995 0.42699
-0.07799 -0.01017 0.43358
-0.05691 -0.01089 0.43310
-0.04300 -0.01501 0.42049
-0.05730 -0.01032 0.42648
-0.03733 -0.01265 0.41166
-0.05682 -0.00841 0.41707
-0.06284 -0.01927 0.41160
-0.32427 -0.05903 0.23005
-0.06871 -0.00129 0.40845
-0.13319 0.00011 0.37701
-0.21269 -0.01973 0.34505
-0.19011 -0.02061 0.35423
-0.08128 -0.02149 0.38435
-0.10103 -0.01867 0.37938
-0.10122 -0.01999 0.37338
-0.07269 -0.01148 0.37753
-0.07809 -0.01636 0.37261
-0.07694 -0.00407 0.37636
-0.07740 -0.00355 0.36859
-0.06675 -0.00359 0.38071
-0.07176 -0.01126 0.36365
-0.08561 -0.02504 0.35861
-0.08348 -0.02623 0.37234
-0.07906 -0.02032 0.35106
-0.10269 -0.01627 0.36632
-0.10294 -0.01966 0.34615
-0.09047 -0.02104 0.37460
-0.07149 -0.01391 0.36302
-0.10505 -0.01216 0.35927
-0.10263 -0.02011 0.37789
-0.04771 -0.01067 0.37936
-0.03289 0.00062 0.39762
-0.06228 -0.01015 0.39954
-0.05708 -0.01362 0.41524
-0.05201 -0.01098 0.42460
-0.01461 -0.01018 0.44324
-0.02201 -0.02536 0.45235
-0.04170 -0.04142 0.46374
0.00862 -0.04377 0.48196
-0.02392 -0.03357 0.50258
-0.01606 -0.01621 0.52906
-0.02590 -0.02668 0.54837
-0.01745 -0.04301 0.56620
-0.00824 -0.01853 0.58437
-0.00986 -0.03620 0.60135
-0.01240 -0.02615 0.62127
-0.02659 -0.03826 0.63941
0.00321 -0.04405 0.65505
-0.00706 -0.03190 0.67840
0.00997 -0.01035 0.69469
0.12242 -0.01588 0.70223
0.06908 -0.00430 0.72804
0.00602 -0.02031 0.74893
-0.00014 -0.03195 0.76664
0.01675 -0.02826 0.78493
0.03438 -0.00540 0.80049
0.02309 -0.03923 0.81563
-0.00632 -0.01999 0.83452
0.04558 -0.01945 0.85122
-0.00566 -0.01848 0.86379
-0.01889 -0.02510 0.87262
-0.04706 -0.03468 0.87400
-0.01250 -0.03732 0.88034
0.00224 -0.04182 0.88011
-0.09427 -0.06991 0.87427
0.00319 -0.03749 0.88175
-0.06268 -0.04744 0.88124
-0.02091 -0.02846 0.88988
-0.09077 -0.04342 0.88524
-0.00267 -0.04939 0.89389
-0.04317 -0.04938 0.89374
-0.06667 -0.04701 0.89437
-0.01689 -0.03677 0.89921
-0.02874 -0.04306 0.89685
-0.03671 -0.03654 0.89734
-0.02762 -0.03400 0.89879
-0.02956 -0.05023 0.89390
0.00150 -0.03448 0.89294
0.03049 -0.03442 0.89628
-0.01832 -0.01465 0.90243
-0.03461 -0.05098 0.89596
-0.01932 -0.04108 0.89596
-0.03126 -0.04699 0.89627
0.01660 -0.04170 0.89736
-0.00991 -0.04220 0.89730
-0.02280 -0.02586 0.89460
0.00224 -0.03577 0.91665
-0.02085 -0.03669 0.86768
-0.00532 -0.04497 0.88795
-0.00759 -0.04789 0.88470
-0.02779 -0.04706 0.88107
-0.05561 -0.04514 0.88176
0.21314 -0.06257 0.85233
0.08292 -0.01769 0.87568
0.02883 -0.01881 0.87862
-0.00656 -0.04453 0.87276
0.00366 -0.04499 0.87847
-0.01994 -0.02569 0.87240
-0.12828 -0.05201 0.86505
-0.07386 -0.03191 0.87616
-0.04154 -0.05030 0.88108
-0.03938 -0.02671 0.88648
-0.04440 -0.04197 0.89130
-0.04722 -0.06326 0.89351
-0.04240 -0.05384 0.88946
-0.03381 -0.02915 0.90281
-0.01186 -0.03058 0.90686
-0.04298 -0.05342 0.90602
-0.03396 -0.07569 0.90703
-0.01232 -0.00219 0.91216
-0.05757 -0.01268 0.92250
0.00321 -0.02222 0.92490
-0.06314 -0.03286 0.92728
0.01645 -0.06551 0.93056
-0.08813 -0.03616 0.93217
-0.02754 -0.00614 0.95026
-0.02616 -0.05144 0.93733
-0.04847 -0.03949 0.94844
-0.03080 -0.03596 0.95478
-0.05901 -0.02972 0.95511
0.00231 -0.05021 0.96301
0.01075 -0.04331 0.96288
-0.02868 -0.03725 0.96908
-0.01343 -0.04783 0.97368
-0.01791 -0.04576 0.97778
-0.02116 -0.03754 0.98223
-0.01682 -0.04557 1.00378
0.00214 -0.03477 0.96874
-0.05272 -0.03724 0.97915
-0.02807 -0.04788 0.97987
-0.00058 -0.04391 0.97759
-0.05835 -0.06994 0.97279
0.07010 -0.02091 0.97250
-0.07882 -0.02015 0.96979
-0.04537 -0.04839 0.97300
-0.03396 -0.03044 0.97425
-0.01622 -0.02854 0.97588
-0.02676 -0.05412 0.97345
-0.04501 -0.03279 0.97279
-0.05450 -0.08856 0.97097
0.03837 -0.05737 0.97145
-0.03765 -0.05361 0.97179
0.00686 -0.01737 0.97610
-0.03800 -0.04767 0.97230
-0.00408 -0.05818 0.97438
-0.02102 -0.05631 0.97151
-0.02272 -0.03271 0.97307
-0.03742 -0.01993 0.97713
0.00794 -0.02876 0.97300
0.00514 -0.06189 0.97409
-0.02399 -0.05680 0.96915
-0.04857 -0.04497 0.97044
-0.05963 -0.03046 0.96974
-0.00351 -0.04362 0.97133
-0.02125 -0.06161 0.96572
-0.00738 -0.05341 0.96547
-0.04487 -0.03082 0.96632
-0.02280 -0.03895 0.96678
0.00058 -0.03986 0.97532
-0.03339 -0.03616 0.96918
0.04447 -0.03350 0.96970
0.03220 -0.05702 0.96753
-0.00166 -0.03842 0.96794
0.00465 -0.03004 0.97339
0.04282 -0.00224 0.97118
0.00832 -0.04310 0.98550
0.02613 -0.02707 0.94922
-0.01537 -0.04646 0.96798
-0.05459 -0.02300 0.97416
-0.01973 -0.00033 0.97627
-0.01031 -0.04440 0.98183
0.00069 -0.02705 0.97295
-0.02202 -0.03346 0.97406
-0.05787 0.00325 0.97867
-0.02276 -0.01472 0.98374
-0.03837 -0.04281 0.98332
-0.04343 -0.02473 0.98028
-0.03750 -0.03894 0.97816
-0.05130 -0.04297 0.97632
-0.02126 -0.01678 0.98062
-0.02248 -0.02237 0.98968
-0.07165 -0.02603 0.98854
-0.02485 -0.04041 0.99167
-0.00434 -0.04655 0.98795
-0.03049 -0.02825 0.98882
-0.06118 -0.03496 0.99119
-0.02448 -0.03535 0.99253
-0.00213 -0.06132 0.99306
-0.00702 -0.03847 0.99277
-0.04422 -0.04468 0.99308
-0.03471 -0.04009 0.99653
-0.05063 -0.02738 0.99801
-0.03339 -0.04405 0.99991
-0.03958 -0.04657 1.00386
-0.05635 -0.03340 1.00318
-0.02059 -0.04635 1.00376
0.01510 -0.03987 1.00239
-0.03228 -0.03389 1.00479
-0.03606 -0.03906 1.00321
-0.03239 -0.05879 1.00341
-0.00462 -0.03493 1.00333
-0.01288 -0.06020 1.00139
-0.02062 -0.06585 0.99894
-0.00745 -0.06610 0.99409
-0.02953 -0.06726 0.99389
-0.02966 -0.05117 0.98952
-0.02116 -0.05078 0.99121
-0.01858 -0.05115 0.98530
-0.04995 -0.05335 0.97575
-0.02192 -0.05312 0.97689
-0.07645 -0.02198 0.97348
-0.04814 -0.02728 0.97936
-0.04233 -0.02260 0.97245
-0.01378 -0.04224 0.96672
-0.03588 -0.05409 0.96188
-0.05789 -0.04286 0.95744
-0.02661 -0.02889 0.95963
-0.02556 -0.05749 0.95712
-0.00707 -0.05164 0.95458
-0.01560 -0.05747 0.94875
-0.02496 -0.03902 0.93604
-0.03623 -0.01498 0.93682
-0.00966 -0.04444 0.92537
-0.00408 -0.02913 0.91895
-0.03726 -0.04504 0.90429
-0.07845 -0.01064 0.89868
-0.02057 -0.06721 0.90127
-0.02586 -0.04222 0.87721
-0.01140 -0.06744 0.87686
-0.04133 -0.03748 0.87046
-0.01077 -0.05491 0.86051
-0.02317 -0.04287 0.84855
-0.02608 -0.02952 0.83884
-0.02046 -0.04379 0.82162
0.03042 -0.06595 0.80477
0.05949 -0.05697 0.78604
0.15310 -0.08905 0.75723
0.14423 -0.09788 0.74445
0.15671 -0.10229 0.73205
0.01647 -0.06821 0.74443
-0.00338 -0.04310 0.73813
0.00535 -0.04220 0.73350
0.00826 -0.04009 0.72490
-0.03823 -0.03066 0.71961
-0.01134 -0.03639 0.71484
0.01548 -0.04196 0.70767
0.01423 -0.04776 0.70710
0.00171 -0.04324 0.67660
-0.04934 -0.03820 0.67657
-0.07302 -0.03158 0.66667
-0.08868 -0.02329 0.65493
-0.04359 -0.03564 0.64770
-0.05099 -0.02553 0.63366
-0.03248 -0.02261 0.62124
-0.02436 -0.03167 0.60538
-0.04286 -0.03094 0.58890
-0.04551 -0.02021 0.56982
-0.00814 -0.03502 0.55485
-0.04057 -0.04981 0.53603
0.01297 -0.03857 0.52493
-0.01388 -0.04891 0.50685
-0.01114 -0.03905 0.49433
-0.02188 -0.05104 0.48116
-0.00888 -0.03898 0.47016
-0.02138 -0.04889 0.45593
-0.01735 -0.03518 0.44601
-0.02004 -0.05197 0.43153
0.03535 -0.03890 0.41778
-0.01323 -0.03831 0.40742
-0.00831 -0.02883 0.39933
-0.00145 -0.02711 0.38794
-0.00193 -0.02887 0.37647
0.00635 -0.02668 0.36136
0.01888 -0.03359 0.34843
0.02988 -0.03566 0.33883
0.01705 -0.02558 0.34062
-0.00425 -0.01417 0.33907
0.00168 -0.00864 0.35559
0.04623 -0.00583 0.32702
0.01111 -0.00409 0.34138
0.03098 -0.02328 0.33133
0.02000 -0.02897 0.33117
0.02620 -0.03298 0.32815
0.00599 -0.02837 0.31571
0.02295 -0.03531 0.32550
0.03988 -0.02559 0.31501
0.00335 -0.01462 0.34106
0.03498 -0.00216 0.33851
0.04464 0.00127 0.36522
0.01760 0.00240 0.37809
0.03514 -0.00965 0.36963
0.01600 -0.00385 0.39323
0.09211 -0.02795 0.37715
0.03522 -0.01959 0.41347
0.06292 -0.03571 0.40473
0.12626 -0.05420 0.41559
0.04411 -0.00847 0.44265
0.06126 0.00847 0.46832
0.00215 -0.01457 0.49540
0.07151 0.00098 0.50596
0.02351 -0.00787 0.52250
-0.02862 -0.02863 0.52498
-0.04322 -0.04157 0.55897
-0.02139 -0.02156 0.57356
0.00656 -0.03353 0.58206
0.01370 -0.01534 0.61026
0.03858 -0.07098 0.61230
-0.00328 -0.06021 0.63835
0.01555 -0.00586 0.65349
0.01210 -0.00173 0.66823
0.00620 -0.02105 0.68715
-0.00277 -0.03635 0.70180
0.01540 -0.02383 0.71721
0.00677 -0.01729 0.72815
-0.01653 -0.02044 0.74356
-0.02704 -0.02272 0.76033
-0.03049 -0.03502 0.77375
-0.03971 -0.04472 0.78419
-0.07688 -0.06532 0.78446
-0.05342 -0.05062 0.79532
-0.04828 -0.02347 0.80189
-0.03291 -0.03053 0.80947
-0.01972 -0.02842 0.81162
-0.01211 -0.04039 0.81006
0.00167 -0.02641 0.81038
-0.12689 -0.03976 0.80046
-0.19042 -0.01997 0.79542
-0.05245 0.00195 0.82221
-0.02653 -0.00037 0.82828
-0.01295 -0.02272 0.82616
-0.07930 -0.01770 0.82191
-0.01307 -0.03361 0.82457
-0.13992 0.01015 0.81083
-0.01774 -0.03086 0.82288
-0.13551 -0.02282 0.80822
-0.01671 -0.03391 0.81469
-0.10105 -0.01519 0.80701
-0.10655 -0.03602 0.80425
-0.09319 -0.02606 0.80141
-0.02861 -0.07217 0.79802
-0.02599 -0.04776 0.79216
-0.00944 -0.03357 0.79026
-0.06001 -0.02147 0.78017
-0.00199 -0.04055 0.77243
0.00849 -0.02732 0.75795
-0.00121 -0.03417 0.74199
-0.01112 -0.05151 0.72115
-0.03851 -0.06538 0.70189
-0.04476 -0.04407 0.68607
-0.02877 -0.03097 0.66817
-0.03277 -0.02216 0.65309
-0.05601 -0.08262 0.62740
-0.02659 -0.03382 0.60799
-0.03444 -0.05320 0.58632
-0.02127 -0.02821 0.56613
-0.02321 -0.05345 0.54593
-0.01509 -0.03521 0.52636
-0.02780 -0.03763 0.50494
-0.00351 -0.03264 0.48408
0.01383 -0.02689 0.46337
0.01608 -0.02387 0.44991
0.00262 -0.03559 0.44185
0.01481 -0.02566 0.43820
-0.03262 -0.03020 0.43768
0.00645 -0.03800 0.43115
0.00718 -0.02839 0.43375
0.03836 -0.03874 0.41787
0.05811 -0.02059 0.41547
-0.02152 -0.03930 0.41828
0.04865 -0.01100 0.40216
0.00967 -0.02744 0.41481
0.02063 -0.01707 0.39724
0.03658 -0.02377 0.40650
0.02159 -0.02229 0.38584
0.02675 -0.02213 0.40275
0.03405 -0.03572 0.38270
0.02258 -0.04024 0.38471
0.02472 -0.02914 0.36510
0.02298 -0.03646 0.37983
0.05749 -0.01014 0.38277
0.04939 -0.01275 0.37161
0.06775 -0.02811 0.39086
0.07265 -0.00338 0.37086
0.04153 -0.00829 0.39904
0.01942 -0.02526 0.38736
0.05849 -0.03334 0.40587
0.06000 -0.03301 0.40945
0.11885 -0.01054 0.38253
0.17064 -0.00897 0.38990
0.08917 0.00768 0.41172
0.11102 0.02844 0.43452
0.41523 0.01889 0.21550
0.04000 -0.02620 0.46031
0.01284 -0.03081 0.48537
0.03536 -0.02310 0.48941
0.02605 -0.02278 0.50703
-0.00497 -0.00903 0.52237
-0.00701 -0.01524 0.54190
-0.02878 -0.04302 0.56151
-0.05468 -0.00596 0.56992
-0.02537 -0.00784 0.58784
-0.46055 -0.10859 0.36878
0.02267 -0.04334 0.61252
0.00880 -0.03460 0.63553
0.01412 -0.04268 0.64888
0.10561 -0.06305 0.66023
0.09619 -0.04922 0.67640
0.03797 -0.06983 0.69419
-0.60996 -0.16812 0.32582
0.03262 -0.01461 0.72473
-0.00768 -0.02821 0.74445
-0.02342 -0.00640 0.76459
-0.00089 -0.03904 0.77869
-0.00934 -0.03621 0.79135
-0.00749 -0.03431 0.79687
-0.01511 -0.01609 0.80793
-0.00632 -0.05220 0.81086
-0.03047 -0.05156 0.80191
-0.04800 -0.03371 0.80209
-0.01976 -0.04666 0.80433
-0.04233 -0.02464 0.80754
0.03252 -0.05620 0.80599
-0.02178 -0.06000 0.81076
0.06328 -0.04399 0.80815
-0.01559 -0.04200 0.81563
-0.05598 -0.03749 0.83113
-0.07693 -0.05232 0.80655
-0.01700 -0.05090 0.82130
-0.12540 -0.04954 0.80916
-0.00718 -0.04576 0.82113
0.01938 -0.05563 0.82286
-0.02828 -0.05896 0.82420
0.01639 -0.06319 0.82473
-0.00070 -0.01818 0.82804
0.01857 -0.06502 0.82290
-0.04095 -0.02521 0.82556
-0.01112 -0.02824 0.82398
-0.01626 -0.03486 0.82291
-0.00864 -0.02598 0.82164
-0.05644 -0.01786 0.81705
-0.03285 -0.02857 0.81499
-0.00125 -0.02211 0.81495
-0.03351 -0.00307 0.81476
-0.02277 -0.01783 0.81070
-0.08271 -0.05232 0.80016
-0.00979 -0.04454 0.79760
-0.00574 -0.05250 0.79431
-0.09078 -0.06436 0.78448
0.02805 -0.07366 0.78797
0.00326 -0.05613 0.78808
-0.04612 -0.01615 0.78391
-0.02785 -0.01795 0.78629
-0.01626 -0.01707 0.78436
-0.01668 -0.03064 0.78167
0.00842 -0.05798 0.76696
0.00110 -0.04960 0.76763
-0.00473 -0.03408 0.76699
-0.00574 -0.03199 0.76456
-0.01862 -0.02791 0.76417
-0.01840 -0.03184 0.76120
-0.03345 -0.03234 0.75983
-0.03636 -0.03065 0.75678
-0.03048 -0.03527 0.75294
-0.07645 -0.06164 0.74114
-0.02919 -0.06249 0.74297
-0.01117 -0.02125 0.74583
-0.03969 -0.02923 0.75371
-0.00259 -0.04416 0.72971
-0.02779 -0.06393 0.72484
-0.03251 -0.01232 0.71493
-0.00098 -0.01130 0.72331
-0.01425 -0.02734 0.72833
-0.02994 -0.03357 0.72582
-0.03050 -0.03142 0.71919
-0.01522 -0.06445 0.71122
0.02172 -0.02234 0.70993
-0.02130 -0.02764 0.70616
-0.01910 -0.05893 0.70161
0.00439 -0.06628 0.69492
0.01919 -0.03395 0.69348
0.00566 -0.04540 0.69216
0.00296 -0.06007 0.68487
-0.07082 -0.02669 0.67811
-0.01484 -0.02223 0.67756
-0.00746 -0.01539 0.67418
-0.03237 -0.02985 0.66749
-0.01736 -0.01991 0.65806
-0.03843 -0.02108 0.65156
-0.08011 -0.04360 0.64372
-0.00471 -0.04298 0.64767
-0.02669 -0.02072 0.64554
-0.00300 -0.03841 0.64296
-0.03727 -0.03180 0.64099
-0.06472 -0.00221 0.63258
-0.07306 -0.00174 0.63103
0.09465 -0.05200 0.62020
0.08623 -0.06132 0.61859
-0.01747 -0.05049 0.62328
0.03915 -0.05109 0.61860
0.01534 -0.06626 0.62013
0.02129 -0.05893 0.62444
-0.02079 -0.02299 0.63397
0.03795 -0.04064 0.64195
-0.22725 -0.06363 0.60998
0.00511 -0.02994 0.66527
0.00981 -0.04610 0.66907
-0.01058 -0.02569 0.68018
-0.00259 -0.03499 0.69083
-0.01999 0.00847 0.70451
0.00851 -0.04238 0.71548
0.01946 -0.04493 0.72272
0.00256 -0.02589 0.73141
0.03349 -0.03433 0.74430
0.00126 -0.04308 0.76306
-0.01233 -0.03464 0.77803
0.03779 -0.00841 0.79352
-0.03695 -0.03958 0.80817
-0.00613 -0.02863 0.82135
-0.01454 -0.03538 0.83765
-0.07331 -0.04063 0.84521
-0.04048 -0.04660 0.86910
-0.08752 -0.02615 0.85835
-0.02418 -0.01725 0.88545
-0.04879 -0.03728 0.90418
-0.02091 -0.03482 0.91547
-0.02799 -0.02808 0.92768
-0.00455 -0.03912 0.93977
-0.01786 -0.04255 0.95033
-0.06348 -0.05598 0.95803
-0.03318 -0.03171 0.96785
-0.00488 -0.05648 0.97661
-0.11031 -0.03646 0.98511
-0.00766 -0.07808 0.99314
0.00449 -0.06995 0.99132
-0.10142 -0.03062 0.98800
0.01019 -0.04429 0.99689
-0.08800 -0.01538 1.00443
-0.05187 -0.01398 1.00852
-0.04805 -0.02068 1.01137
-0.17886 -0.02331 0.99303
-0.04638 -0.02888 1.00651
-0.07328 -0.05547 0.99858
-0.01612 -0.05197 1.00941
0.01708 -0.06626 1.00001
-0.13138 -0.06338 0.98067
-0.23086 -0.06234 0.97521
0.00878 -0.08152 0.99442
0.03188 -0.06172 0.99449
-0.01526 -0.07105 0.99188
-0.18436 -0.04889 0.97614
-0.03186 -0.06905 0.99133
-0.03565 -0.05817 0.98710
-0.03215 -0.05204 0.98000
-0.13044 -0.06355 0.96876
-0.01776 -0.03423 0.97586
-0.00336 -0.05931 0.97564
-0.04360 -0.04987 0.97398
-0.06492 -0.03024 0.95853
-0.00867 -0.04796 0.95908
-0.06238 -0.07527 0.95042
-0.06220 -0.02143 0.94824
-0.11215 -0.03992 0.94358
-0.05293 -0.01562 0.94895
-0.05702 -0.02778 0.94400
-0.04455 -0.03868 0.94188
0.02273 -0.05155 0.92895
-0.10695 -0.02732 0.92901
-0.01414 -0.03648 0.93301
-0.01337 -0.05130 0.92833
-0.02014 -0.04914 0.92631
-0.04506 -0.05461 0.92221
-0.04240 -0.03804 0.92423
-0.06500 -0.02684 0.92576
-0.01898 -0.04573 0.92717
-0.02502 -0.03074 0.92751
-0.12109 -0.05779 0.91804
-0.01654 -0.02849 0.93120
-0.00094 -0.02563 0.93209
-0.03569 -0.01208 0.92942
-0.18985 -0.07164 0.90698
0.02083 -0.02702 0.93452
-0.12267 -0.06869 0.93579
-0.07704 -0.07717 0.91675
0.00509 -0.06091 0.93480
-0.14673 -0.02759 0.92897
-0.13074 -0.07001 0.93228
-0.16408 -0.02228 0.92793
0.03944 -0.06542 0.93882
-0.00112 -0.02224 0.94804
-0.07939 -0.04152 0.94282
-0.00517 -0.01916 0.94843
-0.03277 -0.01721 0.94500
-0.03049 -0.05986 0.94634
-0.04260 -0.04972 0.94401
-0.06264 -0.01546 0.94518
-0.06956 -0.02995 0.95167
-0.08603 -0.04461 0.94689
-0.04081 -0.06646 0.94211
-0.03471 -0.07485 0.93883
-0.05578 -0.06372 0.93304
-0.17803 -0.03660 0.92052
-0.02477 -0.01984 0.93721
-0.00994 -0.00697 0.93740
-0.02988 -0.00757 0.93861
-0.02371 -0.02910 0.92840
-0.03999 -0.04753 0.92422
-0.02671 -0.05387 0.91567
-0.07639 -0.07954 0.90061
0.01743 -0.05421 0.89169
0.01114 -0.03066 0.88486
-0.00805 -0.05798 0.86901
-0.02784 -0.03274 0.84879
-0.04438 -0.07447 0.82641
-0.04005 -0.06471 0.81671
-0.02304 -0.05189 0.81550
-0.14164 -0.06328 0.80238
-0.10174 -0.02303 0.80965
-0.05087 -0.02792 0.81499
-0.04083 -0.04438 0.81125
-0.01515 -0.01875 0.81312
-0.05829 -0.02749 0.80947
-0.05143 -0.03433 0.80504
-0.00508 -0.03780 0.80037
-0.02258 -0.04028 0.79123
-0.09137 -0.05066 0.78684
-0.08202 -0.01888 0.78948
-0.05560 -0.02561 0.79089
-0.03396 -0.03044 0.78522
-0.03902 -0.03339 0.78610
-0.15624 -0.06346 0.76990
-0.02580 -0.04559 0.77046
0.00621 -0.03762 0.77001
0.00576 -0.03845 0.76979
-0.01371 -0.04554 0.76832
0.01076 -0.03302 0.77195
0.00571 -0.05011 0.77064
-0.07820 -0.04112 0.75788
-0.15303 -0.10125 0.73102
-0.41092 -0.07225 0.61687
-0.07661 -0.05455 0.72408
-0.03601 -0.01222 0.71314
-0.09318 -0.06390 0.68799
-0.03196 -0.01182 0.67596
0.02319 -0.02846 0.65441
-0.02844 -0.02241 0.62588
-0.03710 -0.06295 0.59634
-0.05934 -0.05773 0.56665
-0.01171 -0.03116 0.54769
-0.04477 -0.03262 0.52003
-0.03479 -0.01460 0.49905
-0.06971 -0.02173 0.47518
-0.02949 -0.02991 0.46522
-0.06197 -0.00601 0.46136
-0.03353 -0.03296 0.45274
-0.02196 -0.02964 0.45070
-0.36360 -0.02482 0.25610
0.34380 -0.01579 0.29447
0.00814 -0.03316 0.40958
-0.01359 -0.03106 0.40646
-0.02153 -0.02622 0.38686
-0.00880 -0.02469 0.36413
-0.02125 -0.02271 0.33919
-0.02124 -0.03251 0.31608
-0.00776 -0.02590 0.31688
-0.01934 -0.01030 0.31515
-0.05703 -0.02928 0.30911
-0.00608 -0.02080 0.31036
-0.00883 -0.02235 0.30777
-0.01872 -0.02288 0.30227
-0.04427 -0.01506 0.29996
-0.02451 -0.01297 0.29477
-0.17272 -0.10790 0.21224
-0.14667 -0.09977 0.23652
-0.03530 -0.01693 0.29698
0.00570 -0.03343 0.30352
-0.06745 -0.03852 0.29630
-0.02649 -0.02545 0.31163
-0.03404 -0.02188 0.31652
-0.07951 -0.03741 0.31145
-0.04560 -0.02046 0.32513
-0.05502 -0.03001 0.32948
-0.00107 -0.02095 0.34644
0.00891 -0.01784 0.35345
-0.06031 -0.04429 0.36044
-0.11044 -0.10098 0.34657
-0.00055 -0.02088 0.39080
0.00515 -0.02223 0.40501
0.00182 -0.03103 0.41127
0.03176 -0.00295 0.42742
-0.02409 -0.01971 0.43603
0.01665 -0.02388 0.44971
0.00255 -0.02377 0.46296
-0.02810 -0.01422 0.46807
0.01934 -0.03283 0.48380
0.01622 -0.02848 0.49565
-0.09039 -0.07007 0.49239
-0.04949 -0.02685 0.51630
-0.00099 -0.02948 0.51890
-0.02230 -0.02489 0.53719
0.00571 -0.03600 0.54276
0.02863 -0.03570 0.55247
0.05613 -0.02936 0.56698
0.04120 -0.03917 0.57208
-0.00590 -0.00071 0.59124
0.04515 -0.00719 0.59493
0.30275 -0.02762 0.53831
0.11164 -0.00087 0.60865
0.42251 0.02838 0.46592
0.02665 -0.03428 0.64375
0.00338 -0.03315 0.63940
0.01615 -0.02712 0.65951
0.09438 -0.04353 0.64648
0.11436 -0.01637 0.64671
0.10216 -0.06461 0.66717
0.29157 -0.10018 0.59670
0.13170 0.00320 0.68239
0.11028 -0.04597 0.68748
0.06651 -0.04279 0.71242
0.04276 -0.04774 0.71416
-0.00229 -0.01138 0.72452
0.02945 -0.02447 0.73636
-0.00365 -0.01746 0.74180
0.03391 -0.02797 0.75513
0.12566 -0.02705 0.74690
0.04131 -0.00578 0.77016
0.00225 -0.03040 0.77878
-0.01088 -0.03111 0.78488
0.00083 -0.03692 0.78840
0.06260 -0.09704 0.78404
0.10924 -0.04254 0.79079
-0.10490 -0.02282 0.80441
-0.04827 0.01047 0.82004
0.06585 -0.07305 0.82755
0.65726 -0.05421 0.50742
-0.01325 -0.03637 0.83594
0.01810 -0.01766 0.84058
0.03008 -0.05935 0.84178
0.01225 -0.03904 0.85110
0.02286 -0.04695 0.86597
-0.01959 -0.03465 0.83072
-0.01468 -0.06587 0.85187
0.04572 0.01152 0.85352
0.00795 -0.01402 0.85028
-0.00252 -0.04620 0.85776
-0.02811 -0.03654 0.83588
-0.01445 -0.05578 0.84119
-0.03954 -0.02985 0.83587
-0.00864 -0.04394 0.83134
-0.02511 -0.05165 0.82685
-0.03902 -0.03643 0.81650
-0.06909 -0.05553 0.79796
-0.08612 -0.04072 0.78250
-0.07099 -0.04870 0.76593
-0.06277 -0.06406 0.74790
-0.05676 -0.06410 0.73612
-0.04752 -0.04346 0.69723
-0.06097 -0.04452 0.68907
-0.04861 -0.04088 0.68381
-0.02070 -0.05709 0.66478
0.01060 -0.06382 0.63026
0.00861 -0.04329 0.63141
-0.08571 -0.07646 0.61095
-0.01103 -0.02462 0.58448
-0.02715 -0.03769 0.59047
-0.01450 -0.02965 0.57072
-0.02122 -0.05450 0.56690
-0.01109 -0.05696 0.56442
-0.04062 -0.06545 0.54743
0.09874 -0.03839 0.53925
0.02041 -0.03565 0.52874
0.08168 -0.03427 0.50817
0.04585 -0.06892 0.51170
0.09678 -0.08406 0.47933
0.13979 -0.11171 0.47732
0.11340 -0.04145 0.46676
0.12656 -0.04766 0.48421
0.07702 -0.03242 0.46205
0.06780 -0.03867 0.49176
0.09226 -0.04962 0.44929
0.07052 -0.02718 0.48838
0.04421 -0.03647 0.44928
0.04347 -0.04173 0.44481
0.02439 -0.04611 0.47808
0.06712 -0.02868 0.44067
0.06666 -0.01075 0.47740
0.10932 -0.02666 0.44054
0.10426 -0.02850 0.47966
0.14843 -0.03353 0.43973
0.22991 -0.05543 0.43744
0.17948 -0.02746 0.44597
0.09820 -0.00788 0.48507
0.02938 -0.02310 0.52095
0.04052 -0.02281 0.51836
0.01951 -0.04051 0.54707
0.10710 -0.07621 0.52032
0.01220 -0.02559 0.56864
0.02131 -0.03166 0.55090
0.01778 -0.03149 0.58028
0.00154 -0.02283 0.59730
0.00701 -0.02035 0.62072
-0.01059 -0.02274 0.61923
0.02987 -0.05414 0.64193
-0.03805 -0.03919 0.65491
-0.04589 -0.04011 0.66606
0.00848 -0.01823 0.68439
-0.00350 -0.04197 0.69511
0.00128 -0.04131 0.71066
-0.01228 -0.03978 0.72462
0.07232 -0.04146 0.73523
0.00583 -0.02331 0.75388
0.00260 -0.02231 0.76381
0.03266 -0.02358 0.77950
0.00248 -0.04522 0.78964
-0.04592 -0.05189 0.80085
-0.00402 -0.03124 0.81624
0.05563 -0.00636 0.82731
0.00099 -0.02544 0.84068
-0.00498 -0.02354 0.85306
-0.03961 -0.01778 0.86646
-0.00707 -0.02449 0.87539
0.03923 -0.02258 0.88990
0.02849 -0.03699 0.89906
-0.09061 -0.07195 0.90200
-0.02764 -0.04214 0.91703
-0.05201 -0.02712 0.92367
-0.03350 -0.03116 0.93283
-0.04344 -0.05053 0.93749
-0.04398 -0.04652 0.94301
-0.05182 -0.03868 0.94642
-0.07360 -0.05493 0.94651
-0.03442 -0.04659 0.95273
-0.03404 -0.04148 0.95127
-0.03041 -0.03736 0.95064
-0.02910 -0.04454 0.95036
-0.01756 -0.04520 0.94577
-0.05303 -0.05230 0.95180
-0.03307 -0.01933 0.95118
-0.01946 -0.04029 0.95116
-0.04997 -0.06177 0.94349
-0.02280 -0.03782 0.94119
-0.04653 -0.04530 0.93822
0.05298 -0.07479 0.93513
-0.02088 -0.02748 0.93831
-0.02187 -0.03047 0.93415
-0.02221 -0.04593 0.93244
-0.02556 -0.04930 0.92984
-0.03510 -0.04272 0.92735
-0.03610 -0.04775 0.92683
-0.07171 -0.05028 0.92078
0.03496 -0.00581 0.92801
0.24346 -0.04844 0.89443
0.02905 -0.02420 0.92786
0.00294 -0.03324 0.93123
0.00843 -0.02773 0.92826
-0.04343 -0.04514 0.92897
-0.06330 -0.05896 0.92619
-0.04889 -0.04784 0.93171
-0.02225 -0.04866 0.93588
-0.04985 -0.03992 0.93682
-0.03323 -0.07167 0.94075
-0.01887 -0.02514 0.94368
-0.04764 -0.03844 0.94622
-0.00901 -0.02760 0.95370
-0.03112 -0.06160 0.95305
-0.06033 -0.05128 0.95225
0.01164 -0.01995 0.95696
-0.05446 -0.02822 0.96495
-0.02108 -0.02590 0.97126
-0.04733 -0.03968 0.97673
-0.06898 -0.05208 0.97863
-0.04009 -0.03688 0.98928
-0.10498 -0.05675 0.98804
-0.04195 -0.05029 0.99838
-0.06038 -0.03276 1.01522
0.01360 -0.04352 1.00751
0.02523 -0.03708 1.02208
-0.02834 -0.03127 1.01866
-0.00476 -0.02303 1.02437
-0.03282 -0.04708 1.03400
0.04068 -0.03903 1.04157
-0.03916 -0.04440 1.04782
-0.00456 -0.03039 1.05633
-0.01615 -0.03546 1.05608
-0.07703 -0.02914 1.06426
-0.01995 -0.05791 1.06306
-0.04441 -0.03178 1.06632
0.04118 -0.03975 1.06762
-0.02188 -0.03903 1.06723
-0.05960 -0.04821 1.06560
-0.04533 -0.06073 1.06876
-0.02184 -0.03757 1.06775
-0.02588 -0.04289 1.06835
-0.05746 -0.03020 1.06839
-0.03201 -0.06221 1.06654
0.03102 -0.06673 1.06507
-0.03596 -0.05180 1.06802
0.03262 -0.01851 1.06697
-0.00099 -0.05001 1.06899
-0.02226 -0.05169 1.06491
-0.03257 -0.05047 1.06595
-0.03801 -0.02930 1.06836
-0.00106 -0.03806 1.06598
-0.03913 -0.06784 1.06705
-0.01418 -0.07218 1.06550
0.01074 -0.05268 1.06394
-0.01424 -0.03524 1.06780
-0.00841 -0.05626 1.06407
0.12093 -0.06978 1.05608
-0.03587 -0.04367 1.06345
-0.02494 -0.00562 1.06736
-0.00565 -0.05345 1.07379
-0.02756 -0.04267 1.07664
0.00672 -0.04610 1.07478
-0.02004 -0.04829 1.07883
0.00573 -0.03705 1.07971
0.01845 -0.01444 1.07976
0.07802 0.00385 1.08167
0.04778 0.00191 1.08168
0.01492 -0.02698 1.08123
-0.02347 -0.03094 1.08603
0.00811 -0.00370 1.08888
-0.00500 -0.01775 1.09737
0.03893 -0.01466 1.09669
-0.02900 -0.04704 1.09757
-0.00784 -0.00770 1.09914
-0.02435 -0.02388 1.11263
-0.02112 -0.04037 1.11159
-0.08475 -0.06994 1.10685
-0.05334 -0.03732 1.10529
-0.06512 -0.04950 1.11177
-0.05799 -0.04069 1.12212
-0.04999 -0.06772 1.13494
-0.01987 -0.03913 1.13356
-0.03853 -0.03529 1.13652
-0.03436 -0.04077 1.14199
0.02320 -0.04918 1.14455
-0.02865 -0.03257 1.14963
-0.05291 -0.04937 1.15079
-0.03127 -0.05601 1.15766
-0.01549 -0.07736 1.15695
-0.05694 -0.04753 1.16447
-0.01564 -0.05076 1.17040
-0.07442 -0.02482 1.17012
-0.01860 -0.05017 1.16877
-0.08499 -0.04229 1.16121
-0.08155 -0.03282 1.16308
-0.05925 -0.05600 1.16036
-0.00340 -0.04641 1.15949
-0.02823 -0.05390 1.15845
-0.02166 -0.03300 1.15617
0.01949 -0.05477 1.15372
-0.13807 -0.04454 1.14079
-0.01284 -0.07348 1.14900
0.01248 -0.05617 1.14412
-0.05731 -0.04886 1.13378
-0.06018 -0.06162 1.13484
-0.06497 -0.02937 1.13254
-0.07940 -0.03507 1.13162
-0.01977 -0.02534 1.12730
-0.02035 -0.05553 1.12269
-0.06732 -0.05139 1.10513
-0.00718 -0.04002 1.10708
0.00576 -0.05866 1.09680
-0.00173 -0.05824 1.07954
-0.00766 -0.06480 1.07033
-0.04331 -0.05772 1.05594
-0.01929 -0.05071 1.04118
-0.07738 -0.04487 1.02883
-0.01669 -0.03210 1.00253
-0.08188 -0.01021 0.99316
-0.03470 -0.07577 0.97458
-0.05676 -0.06164 0.95874
-0.03989 -0.06009 0.94747
-0.04109 -0.03868 0.92670
-0.05671 -0.04989 0.91161
0.00318 -0.04111 0.89742
0.02463 -0.05623 0.87697
0.03921 -0.07892 0.85984
-0.00320 -0.06123 0.84220
0.12036 -0.06753 0.82484
0.15213 -0.08605 0.80029
-0.02910 -0.06047 0.80685
0.12565 -0.06692 0.76026
0.11813 -0.05136 0.70025
0.04746 -0.06431 0.70825
0.05964 -0.07317 0.70658
0.04889 -0.04145 0.70988
0.08161 -0.02058 0.70664
0.09085 -0.01852 0.70555
0.05033 -0.01372 0.71025
0.03106 -0.03010 0.71019
0.01722 -0.03401 0.71000
-0.02728 -0.03883 0.70873
-0.08871 -0.04987 0.70374
-0.10686 -0.02699 0.70156
-0.16952 -0.03265 0.68886
-0.20515 -0.06059 0.67695
-0.24689 -0.05351 0.69122
-0.03872 -0.00346 0.61138
-0.06507 -0.04355 0.58922
-0.01339 -0.04321 0.57495
-0.02161 -0.00753 0.55582
-0.03023 -0.03688 0.53086
-0.00792 -0.03167 0.51369
-0.05489 -0.03455 0.48401
-0.03475 -0.04762 0.46055
-0.04578 -0.04618 0.43155
-0.04600 -0.05656 0.40448
-0.02502 -0.04350 0.38256
-0.01794 -0.03223 0.35693
-0.02785 -0.03287 0.33020
-0.03148 -0.02300 0.30714
-0.02510 -0.02934 0.28611
-0.01770 -0.01950 0.26560
-0.02594 -0.02279 0.24391
-0.02886 -0.04955 0.22499
-0.01412 -0.02917 0.21889
-0.01805 -0.03261 0.21146
-0.02318 -0.04074 0.20278
-0.02927 -0.01291 0.20020
-0.02779 -0.01730 0.19557
-0.01332 -0.02877 0.19461
-0.03335 -0.02661 0.19381
-0.02620 -0.02739 0.19552
-0.01549 -0.01616 0.19780
-0.01976 -0.01655 0.19585
-0.02730 -0.01781 0.19471
-0.02258 -0.02015 0.19621
-0.04813 -0.04685 0.18617
-0.04552 -0.02111 0.19112
-0.02868 -0.02319 0.19749
-0.03333 -0.02682 0.20814
-0.02330 -0.02345 0.22661
-0.02720 -0.01391 0.24884
-0.02654 -0.01686 0.26910
-0.03446 -0.02156 0.28662
-0.02583 -0.01247 0.30333
-0.01961 -0.01670 0.32303
-0.02088 -0.02034 0.34113
-0.01505 -0.01311 0.36810
-0.00317 -0.01309 0.39050
-0.00150 -0.01711 0.41412
-0.00000 0.00071 0.44087
-0.00708 -0.00983 0.46345
-0.01944 -0.00993 0.48786
-0.01697 -0.00558 0.50603
-0.01413 -0.00500 0.52645
-0.01359 -0.03030 0.54249
0.00199 -0.02221 0.55723
-0.03766 -0.02260 0.57505
-0.00757 -0.02923 0.59668
-0.05809 -0.03407 0.61590
-0.00768 -0.01702 0.64029
-0.00013 -0.03873 0.66128
-0.02229 -0.02307 0.67914
-0.04196 -0.06663 0.68668
-0.06898 -0.03236 0.70227
-0.01155 -0.03441 0.71842
-0.04133 -0.01792 0.74260
-0.02621 -0.01916 0.76825
0.02447 -0.01708 0.79114
-0.07148 -0.05654 0.80146
-0.05757 -0.02661 0.81076
-0.03012 -0.04254 0.83133
-0.02799 -0.02701 0.84084
-0.00598 -0.00658 0.86660
-0.02638 -0.04217 0.87980
-0.01760 -0.02706 0.88985
-0.02295 -0.01394 0.90093
-0.01979 -0.03928 0.91266
-0.04218 -0.02180 0.92324
-0.02591 -0.05547 0.93177
-0.02493 -0.02694 0.94474
-0.07263 -0.00150 0.95591
-0.01150 -0.01062 0.96982
-0.01251 -0.01858 0.98306
-0.03620 -0.04991 0.98704
-0.01253 -0.03459 0.99560
0.05001 -0.07908 0.99845
0.01447 -0.06152 1.00376
-0.01697 -0.05067 1.01474
0.36338 -0.11898 0.94793
0.00528 -0.05707 1.02623
-0.03958 -0.07666 1.02732
0.04426 -0.12166 1.03110
-0.01564 -0.07197 1.03806
0.00750 -0.04754 1.05063
-0.03626 -0.04180 1.05270
-0.06446 -0.04190 1.05060
-0.03548 -0.02388 1.06075
-0.07325 -0.01465 1.05883
-0.12262 -0.04317 1.05516
-0.01524 -0.05235 1.06274
-0.14874 -0.02647 1.05121
-0.06219 -0.02681 1.06339
-0.07100 -0.04139 1.05588
-0.05890 -0.05999 1.05749
-0.06490 -0.00681 1.06296
-0.00731 -0.03301 1.06949
-0.18556 -0.03375 1.05321
-0.01420 -0.06551 1.06096
-0.03094 -0.05217 1.05465
-0.05177 -0.04117 1.05367
-0.05026 -0.03862 1.05683
-0.00372 -0.02440 1.06681
-0.01960 -0.02494 1.06906
-0.03906 -0.02206 1.06917
-0.04334 -0.06027 1.06506
-0.02568 -0.06748 1.06466
-0.03054 -0.05724 1.06374
-0.00402 -0.04124 1.06600
0.01856 -0.01964 1.07203
-0.00228 -0.03396 1.07192
0.00617 -0.02014 1.07594
0.04769 -0.02978 1.06687
-0.01942 0.00692 1.06875
-0.00888 -0.03866 1.07017
0.04061 -0.00345 1.07569
-0.06242 -0.03661 1.07882
-0.04573 -0.06719 1.07860
-0.04754 -0.04665 1.07492
-0.04991 -0.04143 1.07331
-0.05257 -0.05794 1.07615
-0.08681 -0.05344 1.07501
-0.02143 -0.03869 1.07949
-0.05923 -0.07433 1.07666
-0.01702 -0.04147 1.08118
-0.02501 -0.04884 1.08149
-0.02288 -0.06459 1.07876
-0.03691 -0.04731 1.07801
-0.04466 -0.05906 1.08169
-0.02417 -0.02019 1.08748
-0.01931 -0.03193 1.09292
0.00085 -0.02560 1.09314
-0.07116 -0.04742 1.08814
-0.10236 -0.02410 1.08577
-0.06819 -0.05438 1.08821
-0.06517 -0.03764 1.08679
-0.02267 -0.01888 1.08556
0.03267 -0.04642 1.09709
-0.05584 -0.00781 1.09617
-0.08985 -0.02570 1.09163
-0.00077 -0.03102 1.09705
-0.02449 -0.05819 1.09700
-0.00981 -0.04472 1.09725
-0.01774 -0.01809 1.09999
-0.01400 -0.03102 1.09906
0.00017 -0.03361 1.10344
-0.01393 -0.02858 1.10193
-0.02539 -0.07011 1.09921
-0.05287 -0.03512 1.10286
0.00560 -0.05653 1.10537
-0.05595 -0.09327 1.10540
-0.05636 -0.05644 1.10432
-0.02742 -0.04839 1.10600
-0.04543 -0.07687 1.10665
-0.06198 -0.06788 1.11058
-0.02947 -0.06237 1.11055
-0.03961 -0.03954 1.11206
-0.03581 -0.05918 1.11765
-0.00057 -0.04785 1.11609
-0.04409 -0.05640 1.11916
-0.03840 -0.04800 1.11417
-0.03361 -0.08661 1.11656
0.01749 -0.00284 1.12089
-0.06463 -0.00505 1.12291
-0.03068 -0.02600 1.12945
-0.01349 -0.04789 1.12915
-0.02082 -0.04402 1.12973
-0.02553 -0.06278 1.12975
-0.06291 -0.07171 1.12960
-0.04218 -0.06924 1.12889
-0.05270 -0.05806 1.13368
-0.03630 -0.05656 1.13224
-0.07617 -0.05766 1.13370
-0.03536 -0.05297 1.13800
-0.03265 -0.07782 1.13446
0.01488 -0.02722 1.14152
-0.02012 -0.02354 1.14192
-0.08320 -0.08293 1.13356
-0.03173 -0.07781 1.13562
-0.06340 -0.07267 1.13816
-0.07178 -0.04888 1.14034
-0.04298 -0.07257 1.14325
0.00256 -0.05317 1.13469
-0.01601 -0.05094 1.13937
-0.04361 -0.03934 1.13693
-0.05699 -0.06291 1.13852
-0.05962 -0.07491 1.12976
-0.02390 -0.05246 1.13118
-0.02173 -0.04754 1.13632
0.00373 -0.01570 1.14361
0.01575 -0.04950 1.12934
-0.01582 -0.10365 1.12057
-0.04023 -0.06264 1.11110
-0.04603 -0.01986 1.11297
-0.02005 -0.06857 1.11856
-0.03870 -0.08548 1.11938
-0.02642 -0.02520 1.11846
-0.03751 -0.07742 1.10534
-0.03982 -0.05927 1.10018
-0.00579 -0.07409 1.08350
-0.00827 -0.10214 1.07559
-0.02357 -0.08575 1.08287
-0.02439 -0.04054 1.09490
-0.00104 -0.08980 1.08725
-0.00960 -0.05793 1.07027
-0.01695 -0.08115 1.05132
-0.03654 -0.05914 1.04732
-0.06865 -0.03508 1.01606
-0.05415 -0.04163 1.02981
0.04885 -0.03404 1.03386
-0.06811 -0.04452 1.02969
-0.06578 -0.03556 1.01836
-0.01817 -0.05987 1.01018
-0.00083 -0.05033 0.99857
-0.01332 -0.06059 0.99354
-0.01811 -0.09005 0.98462
-0.01626 -0.04701 0.97360
-0.00516 -0.01343 0.98013
-0.09319 0.01696 0.97163
0.03984 -0.08088 0.96559
-0.02133 -0.03942 0.95316
-0.01151 -0.02510 0.94824
-0.02873 -0.03038 0.94873
0.05654 -0.05431 0.94023
-0.00891 -0.03011 0.93882
-0.00944 -0.08520 0.92189
-0.02071 -0.06015 0.92031
-0.01186 -0.04361 0.91761
-0.01572 -0.02784 0.91629
-0.04381 -0.04706 0.90993
-0.02522 -0.03631 0.90618
-0.01657 -0.02357 0.90443
-0.05414 -0.05101 0.89331
-0.04516 -0.03010 0.88589
-0.06377 -0.03400 0.88449
-0.02467 -0.03798 0.88686
-0.05060 -0.00783 0.88799
-0.06769 -0.03534 0.87694
-0.02387 -0.05848 0.86837
-0.04750 -0.04807 0.85985
-0.02864 -0.03760 0.85673
0.01489 -0.01320 0.85665
-0.05173 -0.01135 0.85614
-0.04502 -0.03095 0.84917
0.00737 -0.04506 0.84458
0.01185 -0.02118 0.83437
0.00027 -0.03779 0.83213
-0.01951 -0.02371 0.82255
0.01034 -0.04330 0.80903
0.04723 -0.02577 0.79023
0.05362 -0.04364 0.78261
0.02344 -0.03416 0.77121
0.03669 -0.03291 0.76123
0.10392 -0.01268 0.74312
0.00605 -0.02942 0.73778
-0.16960 -0.09874 0.70571
-0.00319 -0.01971 0.71568
0.05281 -0.04514 0.70253
-0.00515 -0.00831 0.69463
0.03951 -0.03719 0.68349
0.04265 -0.01736 0.67258
0.02614 -0.02259 0.66472
0.01531 -0.02041 0.65322
-0.09904 -0.02674 0.63330
-0.03696 -0.00485 0.62737
-0.07073 -0.01017 0.61120
0.01400 -0.01089 0.60012
0.00879 -0.01477 0.58987
0.00844 -0.01562 0.58206
0.00006 -0.01993 0.56928
0.00811 -0.02337 0.56392
0.00667 -0.03276 0.54837
-0.01435 -0.01791 0.53826
-0.00609 -0.01814 0.52353
0.00501 -0.02213 0.51627
-0.00400 -0.01919 0.50527
-0.00165 -0.02851 0.49539
-0.01292 -0.02573 0.48494
-0.02305 -0.02313 0.47163
-0.07051 -0.02138 0.45816
-0.07667 -0.00036 0.44441
-0.05827 -0.02512 0.43015
-0.05853 -0.02292 0.41639
-0.02758 -0.01932 0.40647
-0.04024 -0.02431 0.39059
-0.02971 -0.02207 0.38507
-0.04370 -0.01711 0.36448
-0.15353 -0.03051 0.32832
-0.04374 -0.01896 0.35001
-0.05375 -0.02045 0.33115
-0.07355 -0.03238 0.33145
-0.07647 -0.02306 0.30898
-0.04421 -0.01799 0.32261
-0.15459 -0.02756 0.28133
-0.04031 -0.00912 0.30835
-0.06026 -0.02533 0.31042
-0.02702 -0.01446 0.30525
-0.07923 -0.02213 0.30007
-0.05235 -0.01382 0.29960
-0.06058 -0.01742 0.28924
-0.07995 -0.02072 0.28981
-0.15097 -0.02411 0.25329
-0.06828 -0.02507 0.28604
-0.05951 -0.04193 0.27521
-0.08328 -0.02694 0.27183
-0.06855 -0.00595 0.28267
-0.05520 -0.01607 0.28866
-0.07662 -0.03036 0.28447
-0.05545 -0.02923 0.28933
-0.01970 -0.03067 0.28809
-0.00506 -0.03623 0.29358
0.00052 -0.03862 0.29389
-0.04094 -0.03780 0.28992
-0.03741 -0.03047 0.29702
-0.00769 -0.01026 0.30034
-0.01210 -0.01739 0.30658
-0.01700 0.00024 0.31321
-0.02904 -0.00653 0.32252
-0.02507 -0.01180 0.32655
-0.03900 -0.01577 0.32911
-0.05788 -0.02203 0.32993
-0.08411 -0.03065 0.33812
-0.08070 -0.03338 0.33358
-0.06225 -0.02616 0.35429
-0.06377 -0.02568 0.36283
-0.06539 -0.03337 0.36892
-0.09726 -0.03993 0.37226
-0.05054 -0.03916 0.40226
-0.11552 -0.01211 0.40467
-0.07156 -0.02101 0.43349
-0.10757 -0.02636 0.44993
-0.04784 -0.01184 0.47331
-0.06649 -0.02363 0.48666
-0.05621 -0.03834 0.50913
0.01818 -0.01681 0.53518
0.00348 -0.01664 0.55800
0.06250 -0.01696 0.57562
0.09782 -0.01265 0.59771
-0.04388 -0.02847 0.62356
-0.05180 -0.01754 0.65050
-0.03145 -0.00366 0.68318
-0.04390 -0.00289 0.71019
-0.02135 -0.02185 0.74155
-0.04292 -0.03079 0.76207
0.01360 -0.01356 0.78574
0.05017 -0.01141 0.80611
0.04275 -0.02205 0.83562
-0.00073 -0.01444 0.86172
-0.00228 -0.02310 0.88281
-0.02477 -0.06027 0.90351
-0.01751 -0.03794 0.92518
-0.04513 -0.02839 0.94799
-0.07097 -0.02165 0.97138
-0.11314 -0.00308 0.99140
-0.08713 -0.01921 1.01784
-0.03636 -0.03316 1.04349
-0.04755 -0.04765 1.06518
0.01628 -0.06188 1.08720
0.04699 -0.01589 1.11087
-0.06822 -0.04089 1.13842
-0.05468 -0.04530 1.15864
-0.03580 -0.04156 1.18032
-0.06438 -0.00047 1.18576
-0.01478 -0.07143 1.18633
-0.01989 -0.06436 1.17958
0.02121 -0.07014 1.17336
0.00227 -0.06573 1.17186
0.01607 -0.03867 1.17707
-0.05056 -0.07462 1.17368
-0.04159 -0.01387 1.17453
-0.04834 -0.06157 1.17958
-0.12668 -0.02152 1.17114
0.01375 -0.02746 1.17926
-0.00714 -0.05281 1.17827
-0.09587 -0.02065 1.17441
-0.00160 -0.06725 1.17499
-0.05747 -0.07788 1.17082
-0.05494 -0.03368 1.16814
-0.11137 -0.03228 1.16602
-0.10441 -0.05726 1.15792
-0.01981 -0.06106 1.16334
-0.02271 -0.02307 1.15943
-0.11774 -0.02065 1.15399
-0.04534 -0.02812 1.15671
0.05224 -0.07483 1.15187
0.06939 -0.08453 1.14751
0.11181 -0.06776 1.14180
-0.03702 -0.01918 1.14585
-0.08477 -0.07181 1.14039
-0.08389 -0.08214 1.13296
-0.10727 -0.03460 1.13107
-0.06493 -0.08738 1.12807
-0.10010 -0.09407 1.12516
-0.02441 -0.08025 1.12836
0.01570 -0.05428 1.13158
-0.04962 -0.05643 1.12274
-0.04901 -0.07599 1.11328
-0.04039 -0.09514 1.10984
-0.03858 -0.07401 1.10717
-0.04019 -0.03967 1.11270
-0.01444 -0.05492 1.10778
-0.01327 -0.05705 1.10037
0.02888 -0.05552 1.09655
-0.02965 -0.04830 1.09741
0.07225 -0.06062 1.09529
0.06103 -0.05537 1.09675
-0.04380 -0.05713 1.09722
-0.01515 -0.08652 1.09143
-0.09633 -0.08561 1.07861
-0.05787 -0.04252 1.08349
-0.04202 -0.05744 1.08510
-0.01132 -0.08311 1.08989
-0.05415 -0.03784 1.09468
-0.01966 -0.08604 1.09293
-0.03574 -0.06198 1.09745
-0.07892 -0.08197 1.08663
-0.03714 -0.06845 1.08694
-0.01075 -0.02114 1.08712
-0.03744 -0.03967 1.08546
-0.05508 -0.02862 1.08179
-0.00476 -0.06140 1.07899
-0.02875 -0.04588 1.07873
-0.04574 -0.04672 1.07462
-0.04610 -0.04431 1.07661
-0.09221 -0.05507 1.06731
-0.07498 -0.03222 1.06688
-0.00982 -0.05284 1.06593
-0.01177 -0.04120 1.06205
-0.04295 -0.07958 1.06121
-0.08949 -0.08353 1.05453
-0.04530 -0.06777 1.05317
-0.02218 -0.02025 1.05751
-0.01617 -0.03089 1.05177
-0.01821 -0.04427 1.05162
-0.00471 -0.04318 1.04403
-0.09479 -0.05674 1.04138
-0.04407 -0.04887 1.03924
-0.02959 -0.06609 1.03638
-0.02262 -0.04730 1.03775
-0.04903 -0.05386 1.03432
-0.04124 -0.02574 1.03082
-0.04474 -0.04222 1.02374
-0.00455 -0.05497 1.03035
-0.00057 -0.05562 1.02439
-0.03462 -0.05459 1.02067
-0.03158 -0.06074 1.01681
-0.01222 -0.04862 1.01469
-0.03373 -0.06659 1.01446
-0.03323 -0.03832 1.01220
-0.11635 -0.07336 0.99893
-0.01642 -0.03869 1.00483
-0.11316 -0.05072 0.99328
-0.05439 -0.02425 1.00100
-0.04760 -0.01596 0.99710
0.03447 -0.06191 0.99318
-0.00041 -0.04500 0.98887
0.05471 -0.06552 0.98217
-0.03597 -0.04151 0.98416
0.00503 -0.02809 0.98134
0.02784 -0.01710 0.97934
0.06618 -0.03167 0.97392
-0.03263 -0.04820 0.97157
-0.05666 -0.08865 0.96584
0.04188 -0.02985 0.96286
0.15806 -0.05616 0.95040
0.04966 -0.02093 0.96247
-0.01303 -0.05429 0.96057
-0.00688 -0.04373 0.96075
-0.13114 -0.04215 0.94526
-0.01655 -0.04613 0.95580
-0.24198 0.00676 0.92511
-0.06455 -0.00070 0.95919
-0.12306 -0.00615 0.95371
-0.46114 -0.01477 0.84372
-0.33835 -0.02621 0.90384
-0.37401 -0.01697 0.88994
-0.41075 -0.08755 0.87530
-0.26729 -0.04016 0.93393
-0.18449 -0.04770 0.96018
-0.17202 -0.01416 0.97100
-0.12010 -0.01645 0.97908
-0.21069 -0.01968 0.97568
-0.10666 -0.06150 0.98983
-0.07482 -0.08427 0.99414
-0.03637 -0.04152 1.01233
-0.11807 -0.08126 1.00531
-0.17735 -0.07333 1.00185
-0.27628 -0.13196 0.97743
-0.05975 -0.01425 1.02803
-0.01046 -0.07485 1.03375
-0.00522 -0.03711 1.04920
-0.07740 -0.08078 1.04988
-0.08124 -0.04242 1.06114
-0.08063 -0.06674 1.06288
-0.06197 -0.03644 1.07016
-0.01566 -0.04758 1.08100
0.01782 -0.06689 1.08472
-0.21218 -0.04183 1.07064
-0.33165 -0.06403 1.04844
0.23700 -0.10604 1.07353
0.32417 -0.07721 1.06203
-0.03652 -0.05343 1.11593
-0.07025 -0.07053 1.13246
0.01919 -0.05041 1.10031
0.00001 -0.06058 1.11210
0.04675 -0.05323 1.12023
-0.02387 -0.04723 1.11517
-0.01340 -0.06615 1.11312
0.07657 -0.04717 1.11052
0.04254 -0.03955 1.10535
-0.00344 -0.05996 1.10472
0.00889 -0.03741 1.10336
0.01153 -0.06710 1.10059
0.03100 -0.07164 1.09418
-0.05817 -0.06819 1.09613
-0.03156 -0.05170 1.08838
0.02036 -0.04155 1.08702
0.21717 -0.09988 1.06055
0.51682 -0.06784 0.94723
0.03464 -0.03979 1.07809
-0.14019 -0.09889 1.06010
-0.07806 -0.05305 1.06377
-0.15939 -0.06223 1.05110
-0.09281 -0.05619 1.05303
-0.02178 -0.04508 1.05425
-0.10735 -0.05258 1.04286
-0.68485 -0.00607 0.79427
-0.23329 -0.03360 1.01663
0.01312 -0.04992 1.03196
-0.03723 -0.04289 1.03122
-0.15784 -0.06198 1.00830
-0.07234 -0.05537 1.00712
-0.10901 -0.05591 0.98514
-0.05589 -0.03537 0.96704
-0.02540 -0.00213 0.94544
0.11132 -0.01827 0.91343
-0.07344 -0.07507 0.88435
-0.18134 -0.09231 0.84042
-0.03547 -0.03787 0.83748
0.00108 -0.03758 0.81465
-0.04217 -0.05110 0.78356
-0.03379 -0.03289 0.75428
-0.07181 -0.04166 0.72498
-0.06643 -0.04449 0.69602
-0.29830 -0.07314 0.60340
-0.40228 -0.08242 0.52963
-0.34529 -0.05412 0.50248
-0.34321 -0.05064 0.50235
-0.10200 -0.00062 0.58343
-0.07161 -0.02803 0.56839
-0.20902 -0.03274 0.51665
-0.21607 -0.00551 0.50351
-0.29916 -0.04082 0.43945
-0.29864 -0.03308 0.42885
-0.04936 0.00853 0.50939
-0.41498 0.00002 0.27047
-0.33004 -0.01112 0.35396
-0.22921 0.01340 0.39990
-0.04319 -0.01537 0.44593
-0.03396 -0.03291 0.43079
-0.10509 -0.04265 0.39272
-0.02023 -0.04321 0.38755
-0.24608 -0.07351 0.25327
-0.03267 -0.03258 0.33586
-0.04476 -0.01823 0.31168
-0.04714 -0.03410 0.29015
-0.02233 -0.05535 0.28928
-0.04525 -0.02014 0.28546
-0.06451 -0.00813 0.28142
-0.04737 0.00170 0.28943
-0.07181 -0.01011 0.27315
-0.04852 -0.01575 0.28050
-0.03471 -0.01335 0.27292
-0.17699 -0.04777 0.20146
-0.18196 -0.08245 0.19709
-0.04758 -0.02125 0.27437
-0.07416 -0.01673 0.28552
-0.07331 -0.02532 0.28809
-0.04047 -0.03697 0.31207
-0.04384 -0.01941 0.31667
-0.04508 -0.02031 0.32771
-0.06119 -0.01829 0.34446
-0.02058 -0.02113 0.35279
-0.03136 -0.03599 0.37494
-0.02734 -0.02726 0.38094
-0.05038 -0.02982 0.39561
-0.02876 -0.01530 0.42686
-0.06542 -0.02140 0.43513
-0.04828 -0.01000 0.46697
-0.06095 -0.02621 0.48005
-0.09244 -0.02948 0.50806
-0.09105 -0.03253 0.51244
-0.04111 -0.00427 0.55001
-0.04478 -0.02632 0.57599
-0.05190 -0.00823 0.59614
-0.10674 -0.00483 0.61217
-0.06554 0.01155 0.64159
-0.05023 -0.00437 0.66731
-0.05124 -0.00261 0.69576
-0.07453 -0.04162 0.70567
-0.08545 -0.04016 0.72577
-0.09009 -0.04572 0.74453
-0.03818 -0.02039 0.76822
-0.04087 -0.00375 0.78769
-0.03017 -0.01760 0.81316
-0.06392 -0.02738 0.83561
-0.03861 -0.04266 0.85570
-0.02167 -0.04425 0.87347
-0.00919 -0.04803 0.89216
-0.03358 -0.03361 0.90928
-0.01098 -0.06499 0.92896
-0.04940 -0.05912 0.94556
-0.03847 -0.05168 0.96151
-0.02506 -0.06824 0.97100
0.00892 -0.06200 1.02756
-0.03777 -0.05731 0.95484
-0.01612 -0.06570 1.01349
-0.00940 -0.03820 1.03942
0.00053 -0.04862 1.04663
0.01600 -0.07766 1.05793
-0.01371 -0.06989 1.07838
-0.01920 -0.06276 1.08734
-0.01477 -0.04254 1.10299
-0.06681 -0.04355 1.11326
-0.02580 -0.05745 1.13004
-0.01993 -0.05989 1.14986
-0.02774 -0.02865 1.15907
0.01184 -0.06241 1.16210
-0.01341 -0.05902 1.17221
-0.08330 -0.04947 1.18143
-0.01933 -0.05757 1.19073
-0.00749 -0.06105 1.19716
-0.11143 -0.06096 1.19684
-0.01474 -0.06490 1.19684
-0.02518 -0.06778 1.20181
-0.02560 -0.04292 1.20751
0.01953 -0.03961 1.20991
0.01480 -0.05090 1.21249
-0.03392 -0.06950 1.20564
-0.00892 -0.07125 1.20674
0.01524 -0.04795 1.20813
-0.02820 -0.06026 1.20403
-0.00331 -0.11244 1.19759
-0.01131 -0.04270 1.18678
-0.04401 -0.09816 1.18340
-0.04200 -0.04456 1.19305
-0.01561 -0.04774 1.19385
-0.03959 -0.02806 1.19054
-0.08359 -0.03849 1.18429
-0.17298 -0.06414 1.18017
-0.06529 -0.08405 1.18956
-0.00962 -0.02417 1.18593
-0.05921 -0.06885 1.19005
-0.10532 -0.06490 1.18900
-0.01189 -0.06961 1.20076
-0.02541 -0.08998 1.19640
-0.01050 -0.05948 1.19767
-0.03896 -0.04559 1.19620
-0.01721 -0.06276 1.19296
0.06693 -0.05167 1.19018
-0.07418 -0.03173 1.19253
0.04458 -0.02352 1.19351
0.01285 -0.06403 1.19493
0.02850 -0.04660 1.18375
-0.07319 -0.08223 1.17378
-0.07745 -0.06603 1.17113
-0.12329 -0.03028 1.16782
-0.08116 -0.05651 1.16651
-0.09628 -0.04866 1.16657
-0.11603 -0.06574 1.15448
-0.19350 -0.05988 1.13870
-0.06062 -0.03796 1.15253
-0.05492 -0.03265 1.15232
-0.05277 -0.05493 1.15221
-0.01549 -0.06314 1.13574
-0.03588 -0.07115 1.12776
-0.06037 -0.07253 1.12625
-0.01876 -0.06781 1.13105
-0.02540 -0.05596 1.13605
-0.04508 -0.07021 1.13618
-0.04099 -0.07999 1.12593
-0.02265 -0.07584 1.11087
-0.03296 -0.06574 1.12442
-0.06452 -0.05692 1.12861
-0.00441 -0.06479 1.13015
-0.08838 -0.06997 1.11502
0.02790 -0.02765 1.11508
-0.07673 -0.06279 1.11974
-0.06547 -0.07512 1.12066
0.01621 -0.03689 1.12684
0.04363 -0.02889 1.12490
-0.04543 -0.03637 1.12314
-0.25015 -0.12459 1.09595
-0.13032 -0.05501 1.11726
-0.07089 -0.08509 1.11627
-0.00543 -0.04959 1.11379
0.94515 0.02280 0.58338
-0.06993 -0.03825 1.12607
-0.02261 -0.04969 1.12508
-0.02650 -0.04061 1.12636
0.02938 -0.06020 1.12310
-0.00673 -0.06617 1.12143
-0.00552 -0.06341 1.12074
0.01977 -0.08481 1.11636
-0.02212 -0.07021 1.12238
-0.02079 -0.06715 1.12197
-0.00342 -0.07674 1.12476
0.06062 -0.05330 1.12410
-0.07154 -0.05957 1.12062
-0.01830 -0.06156 1.12195
0.02006 -0.09344 1.11768
0.02551 -0.09767 1.11604
0.02013 -0.02977 1.11857
-0.03301 -0.03577 1.12056
-0.01575 -0.05733 1.14903
-0.02273 -0.04121 1.07822
-0.30463 -0.08270 1.06348
-0.27014 -0.11704 1.06551
-0.07082 -0.03779 1.10290
-0.06430 -0.04249 1.10216
-0.02519 -0.06643 1.09782
-0.05515 -0.04292 1.09511
-0.02343 -0.04616 1.09580
0.00271 -0.06412 1.09253
-0.01195 -0.07238 1.09433
-0.07871 -0.05016 1.08493
0.02603 -0.12620 1.08404
-0.01206 -0.09227 1.08079
-0.04598 -0.06859 1.07861
0.01641 -0.08322 1.07569
0.00592 -0.04463 1.07919
-0.00676 -0.05000 1.07868
-0.05440 -0.05951 1.07276
-0.07991 -0.13323 1.05752
-0.02292 -0.09727 1.05933
0.24595 -0.13217 1.02924
0.15733 -0.05167 1.04980
-0.00020 -0.09749 1.04491
-0.02970 -0.11457 1.04541
-0.03221 -0.08985 1.04683
0.07671 -0.06362 1.04824
0.10729 -0.04726 1.04162
-0.02535 -0.08048 1.03703
-0.03793 -0.06762 1.03091
-0.01366 -0.07754 1.02628
-0.00416 -0.06456 1.03163
0.01763 -0.06524 1.02564
0.00399 -0.05453 1.02185
-0.01296 -0.05270 1.02282
-0.05071 -0.02941 1.02025
-0.04104 -0.04054 1.00931
0.00945 -0.06169 0.99220
-0.03378 -0.04354 0.99143
-0.03226 -0.06275 0.98123
-0.02164 -0.06251 0.97098
-0.04783 -0.05197 0.96299
-0.02200 -0.02484 0.94947
-0.01478 -0.03957 0.93391
-0.06702 -0.04946 0.91868
-0.02217 -0.05233 0.91298
0.01684 -0.02495 0.90492
-0.05087 -0.02726 0.89296
-0.05237 -0.01633 0.87884
-0.02886 -0.04261 0.86950
-0.07803 -0.03537 0.83308
-0.05091 -0.04271 0.82211
-0.01324 -0.03145 0.80393
-0.01812 -0.04819 0.78149
0.01468 -0.05579 0.76275
-0.04132 -0.09217 0.73929
0.07569 -0.02829 0.72559
-0.03752 -0.04012 0.71078
-0.07592 -0.05036 0.68951
-0.05958 -0.03045 0.67155
-0.07363 -0.04262 0.65212
-0.09021 -0.03816 0.63335
-0.04663 -0.03633 0.61839
-0.08993 -0.04574 0.59954
-0.06017 -0.03051 0.58779
-0.03722 -0.02507 0.57463
-0.03425 -0.01003 0.55759
-0.05439 -0.01962 0.53772
-0.04008 -0.04579 0.51349
-0.03250 -0.04028 0.49355
-0.00196 -0.05002 0.47141
-0.03077 -0.03457 0.44503
-0.01405 -0.02170 0.41882
0.01085 -0.02526 0.39482
0.02292 -0.01691 0.37318
0.02485 -0.01557 0.35193
0.02640 -0.01696 0.32753
0.28670 -0.00405 0.11936
-0.02426 -0.01840 0.29539
-0.03110 -0.01082 0.28257
-0.02929 -0.02086 0.27422
-0.04829 -0.01861 0.26129
-0.01858 -0.01243 0.25743
-0.02638 -0.02005 0.25152
0.00433 -0.00313 0.25145
-0.07699 -0.04187 0.23398
-0.04445 -0.02889 0.24226
-0.05459 -0.01699 0.23710
-0.03780 -0.00407 0.22509
-0.01235 -0.00011 0.19593
-0.03611 -0.02096 0.14901
-0.03555 -0.00994 0.10158
-0.01648 0.00260 0.07069
-0.03561 0.00428 0.01990
-0.00309 0.00201 0.00815
0.00648 0.00001 -0.01408
-0.00392 -0.00995 -0.00800
-0.00089 -0.00301 -0.00099
0.00091 0.00035 0.00286
-0.00081 0.00046 0.00336
0.00072 0.00041 0.00211
-0.00087 0.00017 0.00188
0.00100 -0.00039 -0.00312
-0.00116 -0.00059 -0.00326
-0.00093 0.00042 0.00362
0.00096 -0.00028 -0.00317
-0.00088 -0.00045 -0.00267
0.00070 0.00012 0.00331
0.00279 -0.00017 -0.00279
0.00084 0.00011 0.00249
0.00186 0.00127 0.00306
0.00065 -0.00013 -0.00195
0.00307 -0.00015 -0.00373
0.00083 0.00032 0.00245
0.00143 -0.00101 -0.00315
0.00173 -0.00060 -0.00105
0.00259 -0.00025 -0.00109
0.00267 -0.00026 -0.00137
0.00327 -0.00027 -0.00169
0.00248 -0.00011 -0.00097
0.00230 -0.00010 -0.00095
0.00216 -0.00014 -0.00093
0.00150 0.00014 0.00172
0.00176 -0.00041 -0.00284
0.00200 -0.00010 0.00074
0.00219 -0.00021 -0.00156
0.00180 0.00079 0.00068
0.00360 0.00087 0.00113
-0.00066 0.00018 0.00156
0.00123 0.00034 0.00349
0.00083 -0.00024 -0.00209
0.00072 0.00022 0.00205
-0.00057 0.00017 0.00138
0.00042 0.00008 0.00168
0.00042 0.00009 0.00119
-0.00012 0.00011 0.00098
0.00044 0.00011 0.00140
0.00038 0.00011 0.00175
0.00052 0.00009 0.00168
0.00043 0.00006 0.00140
0.00027 -0.00025 -0.00185
0.00058 -0.00018 -0.00139
0.00044 0.00018 0.00120
0.00029 0.00012 0.00091
0.00029 0.00005 0.00109
0.00027 0.00007 0.00074
-0.00038 -0.00015 -0.00107
-0.00025 -0.00004 -0.00086
0.00058 0.00011 0.00173
0.00015 0.00003 0.00069
-0.00051 -0.00013 -0.00216
-0.00035 -0.00010 -0.00093
-0.00055 -0.00013 -0.00164
0.00061 -0.00020 -0.00148
0.00050 0.00022 0.00135
-0.00147 0.00009 0.00062
-0.00102 -0.00024 -0.00198
0.00237 0.00049 0.00317
0.00634 0.00147 0.00199
-0.00854 -0.00004 0.00608
0.01237 0.00081 0.00697
-0.01527 0.00102 0.00770
-0.00852 0.00188 0.01687
0.01816 0.00097 0.01095
-0.02139 0.00141 0.01264
0.03211 0.00164 0.01516
-0.02888 0.00789 0.04122
0.07037 0.00828 0.01997
-0.01984 -0.00690 0.09425
-0.00796 -0.00297 0.12323
-0.01284 -0.00451 0.14805
-0.01378 -0.00784 0.17053
-0.00676 -0.00166 0.19778
-0.00043 -0.00104 0.22293
-0.06890 -0.00062 0.24036
-0.04396 0.00047 0.27046
-0.02199 -0.00107 0.29475
-0.03068 0.00741 0.31670
-0.06622 -0.01227 0.33271
-0.07122 -0.01419 0.35294
-0.06492 -0.02930 0.37259
-0.09766 -0.00521 0.38366
-0.09666 -0.01591 0.40497
-0.08542 -0.02700 0.42381
-0.09753 -0.01941 0.43643
-0.10436 -0.00200 0.46151
-0.07398 -0.01596 0.49110
-0.10932 -0.00075 0.51188
-0.15556 -0.02593 0.51997
-0.06515 -0.00320 0.55762
-0.10722 0.00461 0.57891
-0.06372 -0.00540 0.61368
-0.07430 -0.00166 0.63850
-0.03082 0.00438 0.66434
-0.06532 -0.01342 0.68189
-0.57894 0.12179 0.39451
-0.08459 -0.01849 0.72745
-0.08248 0.00772 0.75164
-0.11424 -0.02053 0.76627
-0.01077 -0.04746 0.79747
-0.08185 0.00211 0.81389
-0.21134 0.00451 0.80888
-0.04971 -0.03803 0.86030
-0.00481 -0.06503 0.87962
0.01239 -0.04184 0.90734
0.00695 -0.05527 0.92432
-0.02587 -0.03063 0.95022
0.00469 -0.03452 0.97084
-0.02767 -0.04482 0.99639
-0.04283 -0.05637 1.01622
-0.03822 -0.07579 1.03449
0.00264 -0.04210 1.06080
-0.03698 -0.03835 1.08171
-0.01538 -0.04374 1.10815
-0.02351 -0.04093 1.12525
-0.00405 -0.03659 1.14028
-0.14408 -0.03908 1.13737
-0.11613 -0.06161 1.14019
-0.07703 -0.05443 1.14611
-0.03462 -0.06826 1.14816
-0.03787 -0.06502 1.14737
0.00052 -0.06826 1.14686
-0.03957 -0.09641 1.13536
-0.01560 -0.04418 1.14217
-0.03513 -0.02578 1.14274
-0.06172 -0.03738 1.14539
0.00137 -0.07199 1.14244
-0.01042 -0.00693 1.13629
-0.05879 -0.12774 1.12668
0.01815 -0.09022 1.12692
0.00712 -0.05185 1.12483
-0.05507 -0.06932 1.11985
-0.04473 -0.06266 1.11578
-0.03565 -0.05696 1.12154
0.04242 -0.03555 1.12455
-0.01179 -0.04815 1.12344
-0.01348 -0.05594 1.11591
-0.04290 -0.04999 1.10967
-0.01986 -0.04735 1.10344
-0.02942 -0.10243 1.09770
-0.02661 -0.06745 1.09771
0.02642 -0.03138 1.09821
-0.02093 -0.07235 1.10508
-0.03046 -0.00426 1.09901
-0.00603 -0.03195 1.09505
-0.01989 -0.06474 1.09263
-0.06044 -0.03745 1.08679
-0.08115 -0.04630 1.08407
-0.03956 -0.05981 1.08374
-0.02980 -0.08224 1.07581
-0.03773 -0.09631 1.06966
-0.02557 -0.06650 1.06700
-0.01109 -0.05699 1.07256
-0.03572 -0.03537 1.07105
-0.02609 -0.03006 1.07172
-0.02486 -0.06370 1.06142
-0.00765 -0.06285 1.05722
-0.00613 -0.05069 1.05948
-0.00738 -0.04589 1.05630
-0.14604 -0.06152 1.03973
-0.13688 -0.02115 1.03815
-0.03609 -0.09069 1.04923
-0.09434 -0.02507 1.04504
-0.09282 -0.03210 1.03929
-0.09070 -0.03904 1.03532
-0.14327 -0.04647 1.02731
-0.02491 -0.05969 1.03586
-0.13107 -0.04013 1.02618
-0.09464 -0.03467 1.02717
-0.08933 -0.02781 1.02662
-0.01939 -0.06993 1.02507
-0.01110 -0.07874 1.02284
-0.02773 -0.08153 1.01241
-0.04537 -0.06419 1.01009
-0.02066 -0.05164 1.01340
-0.06964 -0.01736 1.01757
-0.05942 -0.02182 1.01923
-0.04577 -0.04436 1.01489
-0.06622 -0.06573 1.00435
-0.06783 -0.04778 0.99098
-0.04099 -0.04007 0.98882
-0.00195 -0.03705 0.99366
-0.03749 -0.06063 0.99726
-0.05731 -0.03435 1.00496
-0.04240 -0.03317 1.01222
-0.04394 -0.03661 1.02302
-0.03806 -0.05293 1.03069
-0.01893 -0.05541 1.03740
-0.02615 0.00509 1.04980
0.00559 -0.05514 1.05778
-0.01610 -0.02171 1.07141
0.05012 -0.08637 1.06733
-0.00912 -0.06204 1.07960
-0.00556 -0.08364 1.08122
-0.01867 -0.05786 1.08713
-0.03339 -0.01848 1.09769
-0.03283 -0.05716 1.11533
-0.02794 -0.04217 1.12667
-0.01000 -0.02202 1.13416
0.00420 -0.04680 1.13494
-0.07093 -0.02832 1.14155
-0.24775 -0.01805 1.12225
-0.65099 -0.02665 0.95717
-0.14447 -0.01876 1.14831
-0.09892 -0.02976 1.15210
-0.10058 -0.02418 1.15284
-0.01430 -0.10000 1.14635
-0.02370 -0.07485 1.14712
0.00200 -0.10115 1.14136
-0.07237 -0.04757 1.14810
0.01992 -0.06626 1.14109
0.00654 -0.06330 1.13843
-0.11134 -0.03975 1.12868
-0.07510 -0.02640 1.13116
-0.10708 -0.02693 1.13141
-0.23167 -0.02773 1.10862
-0.17496 -0.04022 1.11054
-0.06007 -0.04291 1.11543
-0.04826 -0.11782 1.10356
-0.01606 -0.06692 1.10218
-0.03311 -0.06078 1.09496
-0.05801 -0.06954 1.08365
-0.02478 -0.05616 1.07730
-0.02724 -0.08785 1.06229
-0.01026 -0.04153 1.06285
-0.03703 -0.08581 1.05321
0.00959 -0.05158 1.04951
0.02374 -0.06844 1.04115
-0.08097 -0.05534 1.02883
-0.07927 -0.03815 1.02625
-0.06226 -0.05860 1.02346
-0.05984 -0.03417 1.01652
-0.02629 -0.07215 1.01123
-0.03176 -0.01889 1.01280
-0.00561 -0.05382 1.01247
-0.03410 -0.04389 1.00788
-0.03587 -0.05883 1.00130
-0.10259 -0.02396 0.99339
-0.05856 -0.03429 1.00935
-0.04540 -0.04712 1.01519
-0.07644 -0.03608 1.01773
-0.05488 0.00015 1.02175
-0.03945 -0.09956 1.02460
-0.02596 0.01557 1.03505
-0.06066 -0.03069 1.04043
-0.03051 -0.03483 1.05364
-0.00474 -0.06612 1.05264
-0.02052 -0.05313 1.04843
-0.02373 -0.03041 1.05588
-0.02034 -0.09223 1.05720
-0.00669 -0.10265 1.06657
-0.01590 -0.10408 1.07528
-0.06396 -0.06783 1.08437
-0.00847 -0.10832 1.09189
-0.01312 -0.05991 1.10060
-0.01097 -0.07496 1.10597
-0.01365 -0.04574 1.11284
-0.08808 -0.06746 1.11852
-0.06117 -0.03631 1.12178
-0.06526 -0.05195 1.12373
-0.12387 -0.07278 1.11662
-0.02557 -0.08622 1.11382
-0.03249 -0.04553 1.11583
0.00552 -0.03610 1.12226
-0.00633 -0.08669 1.11868
-0.05432 -0.04595 1.11431
-0.13706 -0.04241 1.09973
-0.10886 -0.00335 1.10490
-0.04482 -0.03014 1.10722
0.00921 -0.01498 1.09982
-0.11128 -0.01922 1.09325
-0.15454 0.03037 1.08065
0.01730 -0.04402 1.08580
0.01611 -0.04215 1.07200
-0.06550 -0.03725 1.05403
-0.04084 -0.04985 1.03821
-0.01325 -0.05672 1.01881
0.00645 -0.11266 0.99248
-0.10040 -0.00099 0.97604
0.00687 -0.07016 0.97291
-0.00674 -0.03629 0.95934
-0.00448 -0.06363 0.95207
-0.00736 -0.06021 0.94438
-0.02351 -0.06401 0.93933
-0.02066 -0.04553 0.93927
-0.03585 -0.03239 0.93335
-0.01665 -0.05526 0.93351
-0.02427 -0.06368 0.92794
-0.01991 -0.03589 0.92781
-0.03977 -0.06352 0.92377
-0.03206 -0.03853 0.92347
-0.03614 -0.04633 0.92343
-0.04197 -0.03164 0.92361
-0.06113 -0.02208 0.92509
-0.02019 -0.05933 0.92032
-0.03148 -0.05618 0.91592
-0.04915 -0.03298 0.92060
-0.08163 -0.04456 0.92623
-0.04676 -0.01127 0.94192
-0.03350 0.00234 0.94187
-0.09254 -0.01505 0.95397
-0.08976 -0.01059 0.96200
-0.09005 -0.02467 0.96629
-0.07316 -0.02009 0.97168
-0.08199 -0.02991 0.97648
-0.09147 -0.03289 0.98763
-0.02410 -0.06025 0.99807
-0.03514 0.02077 1.01204
-0.03127 -0.08247 1.01999
-0.01013 -0.05281 1.03259
-0.00650 -0.07072 1.04345
0.01744 -0.02799 1.05262
-0.04137 -0.04907 1.06645
-0.02166 0.00135 1.08180
-0.01336 -0.06086 1.09673
-0.03992 -0.02663 1.11364
-0.03423 -0.05099 1.12295
-0.02734 -0.05153 1.13461
-0.04644 -0.07143 1.14106
-0.02103 -0.01312 1.15264
-0.04181 -0.06543 1.16182
-0.02396 -0.02008 1.17686
-0.08972 -0.03791 1.17855
-0.10388 -0.06013 1.17679
-0.05369 -0.05139 1.17556
-0.04524 -0.07087 1.17430
-0.07382 -0.02568 1.16932
-0.08960 -0.05916 1.16118
-0.13496 -0.01313 1.15375
-0.06357 -0.04753 1.15831
-0.02680 -0.06710 1.15749
0.01458 -0.05342 1.15768
0.00001 -0.06205 1.15933
-0.03319 -0.09085 1.15048
-0.00587 -0.08094 1.14451
-0.01307 -0.10713 1.13041
-0.05282 -0.02303 1.13447
-0.06232 -0.05952 1.12543
-0.06671 -0.05857 1.11486
-0.07406 -0.05440 1.10377
-0.05046 -0.07415 1.09561
-0.04142 -0.09849 1.07266
-0.04917 -0.08648 1.05798
-0.03888 -0.06372 1.04438
-0.03424 -0.04749 1.03317
-0.05490 -0.04740 1.01663
-0.05154 -0.05792 1.00379
-0.05276 -0.02987 0.98700
-0.07136 -0.04516 0.96369
-0.04445 -0.08228 0.94338
-0.04809 -0.07295 0.93349
-0.02427 -0.07093 0.93272
-0.01820 -0.05103 0.93313
-0.02960 -0.03702 0.93430
-0.03258 -0.04344 0.92863
-0.00713 -0.03342 0.92909
-0.03132 -0.06124 0.92188
-0.05078 -0.06727 0.91339
-0.03683 -0.03926 0.91758
-0.07032 -0.03264 0.91613
-0.05035 -0.03255 0.91968
0.01133 -0.04749 0.92658
-0.00425 -0.03025 0.93181
-0.01882 -0.06554 0.93263
-0.01902 -0.03721 0.93986
-0.01526 -0.01421 0.94064
-0.01776 -0.04085 0.95072
-0.03709 -0.01411 0.95534
0.00023 -0.04197 0.97025
-0.02757 -0.05416 0.97277
-0.02778 -0.07710 0.97605
-0.03599 -0.06883 0.98563
-0.04474 -0.02345 1.01041
-0.02101 -0.07172 1.01615
0.00049 -0.09240 1.02121
0.03610 -0.05416 1.02302
-0.03344 -0.04988 1.03063
0.01143 -0.04859 1.05508
-0.04896 -0.04290 1.06561
-0.08998 -0.04744 1.06055
-0.04398 -0.07013 1.06501
-0.00569 -0.06788 1.07117
-0.02278 -0.07111 1.08335
-0.00675 -0.07392 1.08970
-0.00653 -0.05270 1.09960
-0.00228 -0.04371 1.10906
-0.00766 -0.04705 1.11963
-0.05905 -0.03338 1.12251
-0.03306 -0.03880 1.12612
-0.00037 -0.04746 1.13511
-0.01867 -0.04669 1.13743
-0.02261 -0.06261 1.13991
-0.05175 -0.05840 1.15402
0.03922 -0.02164 1.16618
-0.04885 -0.06622 1.17428
-0.03332 -0.08113 1.18025
0.02439 -0.06698 1.19636
-0.01280 -0.06846 1.20488
-0.03466 -0.07554 1.20370
0.03587 -0.03861 1.20656
0.02221 -0.06254 1.20647
0.13581 -0.06174 1.20181
0.02692 -0.02687 1.20337
-0.02035 -0.06055 1.19355
-0.04510 -0.06788 1.18972
-0.01940 -0.07733 1.18301
-0.00587 -0.05109 1.19348
-0.04759 -0.06076 1.18399
-0.03042 -0.05119 1.18358
-0.03340 -0.06959 1.17286
-0.02308 -0.06868 1.16792
-0.02162 -0.09938 1.16721
-0.02310 -0.08349 1.16411
-0.07744 -0.06683 1.15569
-0.04482 -0.07458 1.14491
-0.01260 -0.03679 1.14142
0.00796 -0.02765 1.14818
-0.03867 -0.04334 1.14727
0.00442 -0.09404 1.13721
-0.03058 -0.06094 1.12697
0.00794 -0.03581 1.12091
-0.04872 -0.09683 1.10497
-0.06622 -0.03894 1.10455
-0.02702 -0.05764 1.10788
-0.07274 -0.05307 1.10274
-0.03682 -0.01828 1.09998
