-0.01925 -0.11277 1.19395
-0.00257 -0.05393 1.18437
-0.00998 -0.05677 1.19049
-0.00235 -0.07683 1.18959
-0.02419 -0.07206 1.19294
-0.03589 -0.08604 1.18720
-0.07178 -0.06562 1.18907
-0.02626 -0.02649 1.19115
-0.05310 -0.05505 1.18947
-0.08816 -0.07645 1.18619
-0.10968 -0.10123 1.18313
-0.08327 -0.06089 1.18753
-0.06877 -0.05432 1.19030
-0.07652 -0.04809 1.18793
-0.08278 -0.03592 1.19044
-0.07026 -0.04297 1.19311
-0.22974 -0.03045 1.17126
-0.00369 -0.03583 1.19430
-0.05089 -0.05313 1.19237
-0.05507 -0.08515 1.19026
-0.06194 -0.07853 1.19019
-0.06079 -0.05422 1.19393
-0.11543 -0.07520 1.19108
-0.07103 -0.06909 1.19171
0.04301 -0.04584 1.19001
0.02401 -0.10440 1.19536
-0.08584 -0.04338 1.20069
-0.07974 -0.06120 1.18460
-0.06200 -0.04357 1.19278
-0.07012 -0.05253 1.19515
-0.07959 -0.03150 1.19431
-0.31474 -0.03148 1.15567
-0.10201 -0.05409 1.19360
-0.07218 -0.05384 1.19421
-0.08214 -0.03863 1.19347
-0.07775 -0.05375 1.19404
-0.08497 -0.03246 1.19689
-0.06335 -0.04200 1.19810
-0.06077 -0.04428 1.19857
-0.10570 -0.03545 1.20046
-0.05978 -0.07000 1.19976
-0.05730 -0.04957 1.19668
-0.06533 -0.03226 1.19906
-0.12377 -0.05906 1.19360
-0.08016 -0.05776 1.20151
-0.25594 -0.00060 1.17667
-0.11438 -0.04581 1.19905
-0.08528 -0.05187 1.20368
-0.07601 -0.03816 1.20219
-0.06608 -0.09007 1.20112
-0.06344 -0.05198 1.20111
-0.01777 -0.02371 1.20354
-0.07416 -0.07807 1.19737
-0.00943 -0.04737 1.19946
-0.07116 -0.01689 1.20096
-0.07476 -0.02109 1.19509
-0.06878 -0.07431 1.18956
-0.06377 -0.06539 1.19118
-0.06004 -0.06073 1.18831
-0.13083 -0.05317 1.18186
-0.06467 -0.06732 1.18293
-0.06242 -0.04783 1.18301
-0.06696 -0.08416 1.17338
-0.03379 -0.06119 1.17338
-0.05980 -0.03255 1.17378
-0.04419 -0.02770 1.17740
-0.07542 -0.03071 1.17118
0.00609 -0.06189 1.16454
-0.06118 -0.05663 1.16183
-0.01190 -0.06864 1.15705
-0.04921 -0.04249 1.15794
-0.05151 -0.01633 1.15867
-0.05070 -0.06428 1.15166
-0.01998 -0.04848 1.15212
0.00126 -0.03123 1.14983
-0.00584 -0.06269 1.14920
-0.02277 -0.05605 1.15254
0.00484 -0.05286 1.15460
-0.03269 -0.04565 1.15567
-0.03810 -0.04423 1.15540
-0.06152 -0.05294 1.15134
-0.04829 -0.08448 1.15538
-0.04887 -0.05827 1.15822
-0.00584 -0.03821 1.16865
-0.00637 -0.06165 1.17465
-0.00480 -0.06290 1.18070
-0.02662 -0.05545 1.18433
-0.06254 -0.04663 1.19040
-0.03360 -0.04989 1.19793
-0.05548 -0.05046 1.19831
-0.13912 -0.08160 1.19493
-0.09312 -0.06472 1.20242
-0.03881 -0.03670 1.21270
-0.14748 -0.07834 1.20487
-0.16718 -0.06547 1.20367
-0.07033 -0.04270 1.21651
-0.01666 -0.06338 1.21896
-0.04871 -0.06108 1.22105
-0.16048 -0.09684 1.21156
-0.11446 -0.07076 1.22126
-0.13091 -0.06952 1.22299
-0.11160 -0.07723 1.22281
-0.11364 -0.10846 1.23149
-0.16590 -0.08359 1.22689
-0.10733 -0.03970 1.23633
-0.13824 -0.05603 1.23748
-0.16280 -0.06539 1.23798
-0.11522 -0.10044 1.24055
-0.12909 -0.08742 1.24067
-0.04934 -0.03147 1.25434
-0.06853 -0.03720 1.25571
-0.05335 -0.03634 1.26098
-0.14427 -0.04015 1.25464
-0.24997 -0.05930 1.23709
-0.21805 -0.02361 1.24795
-0.09303 -0.01022 1.26409
0.06251 -0.04362 1.27178
-0.05054 -0.05145 1.27361
-0.06459 -0.05261 1.27176
-0.08762 -0.04731 1.26911
-0.11552 0.00283 1.26604
-0.16714 -0.05985 1.25774
-0.14728 -0.08775 1.25580
-0.07652 -0.08512 1.26109
-0.06577 -0.05295 1.26306
-0.11536 -0.01611 1.25894
-0.03834 -0.05694 1.26722
-0.07104 -0.05338 1.26084
-0.06704 -0.07096 1.26168
-0.11687 -0.00101 1.25864
-0.04767 -0.05171 1.25938
-0.09415 -0.00770 1.26132
-0.04630 -0.04564 1.26032
0.02978 -0.09673 1.25683
-0.05166 -0.07134 1.25949
-0.06131 -0.05778 1.26186
-0.14894 -0.06294 1.25181
-0.06216 -0.08372 1.25867
-0.12777 -0.03574 1.25576
-0.14034 -0.03987 1.25714
-0.04537 -0.07559 1.26082
-0.05275 -0.07613 1.26329
-0.04955 -0.05882 1.26194
-0.04157 -0.08141 1.26140
-0.05322 -0.04185 1.25956
-0.00156 -0.06335 1.26650
-0.13852 -0.07444 1.25360
-0.02576 -0.06987 1.25861
-0.08823 -0.06887 1.25718
-0.04116 -0.07065 1.25948
-0.10664 -0.05375 1.25951
-0.05906 -0.07571 1.25366
-0.11476 -0.05220 1.24396
-0.05450 -0.07406 1.24652
0.02521 -0.06771 1.24510
-0.00963 -0.08267 1.24469
-0.01153 -0.05460 1.24467
0.04584 -0.08248 1.23597
-0.01515 -0.07898 1.23179
-0.03904 -0.08277 1.22799
-0.09834 -0.09248 1.21977
-0.03070 -0.06524 1.21907
-0.02458 -0.06979 1.21541
-0.03643 -0.06040 1.21120
-0.02161 -0.05481 1.20676
-0.09716 -0.12439 1.19147
-0.04320 -0.08638 1.19125
-0.04502 -0.05940 1.18587
-0.02925 -0.05566 1.17747
-0.00532 -0.05961 1.16922
-0.02092 -0.07441 1.15468
-0.04688 -0.05058 1.14107
-0.05092 -0.07393 1.12641
-0.07079 -0.05618 1.10859
-0.02650 -0.10192 1.09231
-0.05371 -0.08320 1.08002
-0.04584 -0.05960 1.06809
-0.05118 -0.07134 1.05599
-0.06066 -0.06539 1.04021
-0.03320 -0.07093 1.03456
-0.05614 -0.06393 1.01918
-0.06858 -0.05080 1.00055
-0.06110 -0.07176 0.97954
-0.06959 -0.05934 0.96237
-0.04863 -0.05578 0.93911
-0.03060 -0.05936 0.91847
-0.04165 -0.04905 0.89483
-0.04176 -0.05167 0.87229
-0.05948 -0.05064 0.85043
-0.03910 -0.04044 0.82878
-0.02273 -0.05039 0.81202
-0.00696 -0.03531 0.79379
0.00425 -0.03836 0.77707
-0.01249 -0.03165 0.75779
-0.01930 -0.04065 0.74065
-0.05762 -0.04888 0.72749
-0.04747 -0.05355 0.72472
0.00321 -0.05888 0.72113
-0.02543 -0.04627 0.72058
-0.02497 -0.04671 0.71634
-0.02546 -0.04594 0.71261
-0.02634 -0.04879 0.70908
-0.02037 -0.05928 0.70417
-0.05124 -0.04022 0.70057
-0.02036 -0.02098 0.69956
-0.03387 -0.02923 0.69512
-0.02053 -0.03002 0.69169
-0.01983 -0.03327 0.68712
-0.04092 -0.02541 0.68605
-0.02680 -0.01947 0.68804
-0.01325 -0.01976 0.69324
-0.01031 -0.02358 0.69592
-0.02185 -0.03221 0.70152
0.00497 -0.05504 0.70111
-0.02826 -0.03971 0.70290
-0.03551 -0.03152 0.70665
-0.02858 -0.02237 0.71402
-0.02846 -0.02427 0.72103
-0.03704 -0.03859 0.72608
-0.02091 -0.02961 0.73297
-0.04303 -0.01381 0.74082
0.06562 -0.05535 0.74123
0.07743 -0.06683 0.74605
0.02217 -0.03660 0.75986
-0.02771 0.01429 0.77377
-0.04764 -0.01287 0.78259
-0.06462 -0.03975 0.78363
0.00710 -0.05670 0.79285
-0.01893 -0.05231 0.79307
-0.03667 -0.00342 0.80566
-0.01638 -0.02594 0.81745
-0.04535 -0.02170 0.82717
-0.11386 -0.00294 0.82783
-0.09713 -0.01017 0.83157
-0.05328 -0.01663 0.83774
-0.05224 -0.00967 0.83326
0.01084 -0.06008 0.83556
0.02199 0.00891 0.83945
0.01915 -0.02126 0.84299
0.03027 0.00775 0.84233
0.02024 0.01236 0.84031
0.02574 0.00122 0.84395
0.12365 -0.10497 0.82894
-0.11573 -0.04022 0.83868
-0.13852 -0.01569 0.83784
0.42814 -0.17700 0.71124
0.00143 -0.04134 0.85296
-0.02070 -0.04707 0.85257
-0.05746 -0.01988 0.85440
-0.08283 -0.00749 0.85160
-0.20090 -0.05600 0.82762
-0.05696 -0.06053 0.85287
-0.04035 -0.05333 0.85098
-0.07290 -0.04951 0.84747
-0.00893 -0.05565 0.84851
-0.02881 -0.03642 0.84762
-0.02178 -0.03972 0.84478
-0.02152 -0.05247 0.83750
-0.03053 -0.05536 0.83143
-0.03953 -0.03888 0.81952
-0.04095 -0.04209 0.81160
-0.04527 -0.03284 0.79882
-0.03025 -0.05675 0.78185
-0.06917 -0.03221 0.76372
-0.04046 -0.03378 0.74818
-0.04492 -0.02347 0.72911
-0.06863 -0.06282 0.70216
-0.07540 -0.05019 0.68343
-0.06254 -0.03996 0.66371
-0.06345 -0.02460 0.64762
-0.08041 -0.04688 0.63195
-0.06342 -0.04807 0.62472
-0.07062 -0.03846 0.60787
-0.07421 -0.03858 0.60009
-0.08315 -0.03011 0.57475
-0.10047 -0.03436 0.57054
-0.07842 -0.04753 0.56155
-0.15403 -0.04785 0.52073
-0.09820 -0.03043 0.53914
-0.14258 -0.04595 0.51673
-0.15287 -0.01732 0.48343
-0.10094 -0.04165 0.50586
-0.11040 -0.01079 0.47017
-0.11371 -0.04506 0.48777
-0.10884 -0.00987 0.48696
-0.09435 -0.02083 0.45236
-0.09791 -0.01355 0.47855
-0.10750 -0.02927 0.47132
-0.08590 -0.03267 0.43992
-0.09645 -0.04382 0.46494
-0.12843 -0.03029 0.41977
-0.11246 -0.01934 0.45726
-0.13914 0.01621 0.44149
-0.07918 -0.02047 0.41984
-0.06947 -0.05139 0.44100
-0.03730 -0.02407 0.43940
-0.05125 -0.00094 0.40985
-0.05317 -0.00640 0.42098
-0.04092 -0.01972 0.40843
-0.06412 -0.01707 0.41386
-0.08770 -0.00298 0.41356
-0.07723 -0.01429 0.42126
-0.09618 0.00829 0.42957
-0.11722 -0.00992 0.43184
-0.10827 -0.01735 0.45654
-0.11781 -0.01592 0.45343
-0.10733 -0.01328 0.48448
-0.10234 -0.01974 0.47806
-0.07228 -0.01412 0.49373
-0.06030 -0.03076 0.53338
-0.07700 -0.01255 0.52165
-0.05999 -0.02333 0.56847
-0.03153 -0.02208 0.56505
-0.06682 -0.02227 0.58793
-0.06875 -0.02314 0.62976
-0.05637 -0.01691 0.63315
-0.05160 -0.02063 0.68213
-0.06973 -0.02293 0.67804
-0.05215 -0.03180 0.72407
-0.08251 -0.02898 0.72103
-0.06047 -0.00160 0.74891
-0.06522 0.01083 0.79342
-0.06641 0.00166 0.80044
-0.05904 -0.04128 0.84355
-0.07100 -0.03640 0.84482
-0.09185 -0.03537 0.88840
-0.09274 -0.04535 0.89102
-0.08936 -0.03071 0.91690
-0.12729 -0.02821 0.95675
-0.09303 -0.05688 0.96194
-0.05795 -0.05403 0.99981
-0.07824 -0.04288 1.00876
-0.04929 -0.03909 1.04098
-0.05639 -0.04419 1.07352
-0.10088 -0.05205 1.08486
-0.11078 -0.03018 1.11465
-0.04778 -0.03010 1.13679
-0.05369 0.00148 1.16527
-0.08849 -0.04914 1.17520
-0.08595 -0.04247 1.18971
-0.10975 -0.04873 1.20561
-0.36925 -0.06711 1.17020
-0.16421 -0.02348 1.23891
-0.00549 -0.02490 1.26260
0.05831 -0.05557 1.27958
0.04036 -0.06035 1.29484
-0.07622 -0.06503 1.30617
-0.06421 -0.06514 1.32187
-0.00153 -0.07165 1.33196
-0.01821 -0.10346 1.33052
-0.14429 -0.06670 1.32420
-0.06305 -0.10633 1.32379
-0.05773 -0.08624 1.33841
-0.30685 -0.17807 1.29263
-0.02763 -0.14043 1.33494
0.00555 -0.05648 1.34627
-0.09148 -0.04556 1.34632
-0.05059 -0.09407 1.34798
-0.00822 -0.09373 1.34748
0.01213 -0.06625 1.35580
-0.07258 -0.05726 1.34915
0.00219 -0.12031 1.35348
-0.05136 -0.07900 1.36492
-0.03282 -0.04825 1.36756
0.02822 -0.02433 1.37408
-0.03830 -0.05403 1.37218
-0.06093 -0.00578 1.38296
-0.01242 -0.08565 1.37846
0.00354 -0.10366 1.38102
-0.00800 -0.08489 1.38714
-0.04061 -0.08153 1.39028
-0.03477 -0.11846 1.39349
0.09515 -0.10269 1.39422
-0.08087 -0.10981 1.39474
0.00262 -0.08741 1.40149
-0.02368 -0.08765 1.40205
-0.42676 -0.13422 1.34006
-0.00439 -0.06172 1.41591
-0.03083 -0.07626 1.41829
0.09962 -0.09560 1.41706
-0.05598 -0.11055 1.41949
-0.04635 -0.06466 1.42818
-0.05077 -0.07445 1.42602
-0.10094 -0.06137 1.43252
-0.07584 -0.04075 1.43727
-0.05456 -0.05133 1.44035
0.10378 -0.09363 1.43461
-0.05689 -0.06845 1.44483
-0.12313 -0.12548 1.44139
-0.13137 -0.07847 1.44630
-0.03649 -0.05441 1.45977
-0.06772 -0.08075 1.46030
-0.06325 -0.08029 1.46025
-0.07529 -0.08183 1.45982
-0.18477 -0.04778 1.44743
-0.10798 -0.03648 1.46499
0.03661 -0.11000 1.46029
-0.12326 0.11529 1.45184
-0.08256 -0.06695 1.45654
0.13801 -0.07280 1.44778
-0.07675 -0.07067 1.45290
-0.11749 -0.08173 1.44610
-0.07938 -0.03033 1.44658
-0.08241 -0.07863 1.44432
-0.17199 -0.05865 1.43100
-0.05304 -0.05274 1.44254
-0.08591 -0.06572 1.43621
-0.26840 -0.07852 1.41005
-0.50291 -0.08834 1.33691
-0.35068 -0.17180 1.37157
-0.65173 -0.25229 1.24190
-0.00680 -0.10194 1.41017
0.00852 -0.12040 1.40294
0.00533 -0.11243 1.38796
-0.04944 -0.11528 1.37601
-0.17686 -0.10180 1.34948
-0.08679 -0.04193 1.34191
-0.05058 -0.07932 1.31777
-0.17723 -0.04775 1.29228
-0.05816 -0.01605 1.28194
-0.11287 -0.07424 1.25311
-0.03878 -0.01686 1.23186
-0.06092 -0.07118 1.20681
-0.01622 -0.08556 1.18116
-0.03607 -0.06888 1.15807
0.00150 -0.06585 1.13163
-0.03406 -0.07764 1.10668
-0.04414 -0.06995 1.07857
-0.02927 -0.08354 1.04826
-0.01594 -0.08911 1.02563
0.01099 -0.12913 0.99279
0.00714 -0.08274 0.97298
-0.06803 -0.03103 0.94638
-0.03755 -0.04068 0.92103
-0.04986 -0.01735 0.89919
-0.01575 -0.07175 0.87537
-0.00562 -0.06331 0.86023
-0.00630 -0.06041 0.84321
-0.02916 -0.04652 0.83007
-0.04386 -0.04529 0.81652
-0.03761 -0.02229 0.80034
-0.07010 -0.07274 0.77627
-0.07237 -0.06933 0.76132
-0.10447 -0.08176 0.74787
-0.09003 -0.05687 0.74329
0.01911 -0.03602 0.74185
-0.07129 -0.05533 0.72861
0.04207 -0.05968 0.71793
-0.00178 -0.05922 0.71199
-0.04646 -0.06662 0.70393
-0.02982 -0.04890 0.70220
-0.05859 -0.05488 0.69642
-0.04335 -0.04153 0.69678
-0.00137 -0.04202 0.69607
-0.04234 -0.03380 0.69395
0.00529 -0.01370 0.69534
-0.01429 -0.05641 0.68602
-0.04144 -0.04920 0.67728
-0.03160 -0.01432 0.68170
0.01753 -0.00221 0.68487
0.04119 -0.05895 0.69376
-0.04459 -0.05877 0.70468
-0.03231 -0.03470 0.72131
-0.00698 -0.04097 0.73112
-0.02761 -0.03049 0.74025
-0.07572 -0.04494 0.74673
-0.05620 -0.03720 0.76043
0.00383 -0.02456 0.78241
-0.03072 -0.02763 0.80083
-0.02621 -0.02882 0.81800
-0.07150 -0.04905 0.83099
-0.07674 -0.05708 0.84324
-0.06762 -0.05403 0.86271
-0.00677 -0.04159 0.88139
-0.03459 -0.04098 0.89831
-0.03512 -0.03253 0.91958
-0.07326 -0.06559 0.93217
-0.04243 -0.03851 0.95594
-0.02914 -0.00736 0.97087
-0.03899 -0.08996 0.98160
-0.03834 -0.07190 0.99989
-0.06210 -0.04356 1.01936
-0.04614 -0.05238 1.03945
-0.03514 -0.04696 1.05628
-0.03044 -0.07320 1.06938
-0.05452 -0.06816 1.08700
-0.03816 -0.04272 1.10427
-0.13081 -0.05497 1.12390
-0.24880 -0.06651 1.12423
-0.20714 -0.04949 1.14749
-0.08833 -0.06522 1.16978
-0.17081 -0.07354 1.18023
-0.15164 -0.08794 1.19976
-0.09648 -0.06441 1.22082
-0.05062 -0.08041 1.23794
-0.10927 -0.03426 1.25275
-0.07044 -0.07457 1.27339
-0.08835 -0.06766 1.28161
-0.06546 -0.06324 1.30173
-0.05749 -0.10674 1.31179
-0.09812 -0.07860 1.31618
-0.02673 -0.05379 1.34435
-0.03735 -0.05673 1.37168
-0.03008 -0.06529 1.38504
0.13728 -0.04608 1.38891
-0.21612 -0.10340 1.38375
-0.27624 0.03592 1.40029
-0.29554 -0.07945 1.41062
-0.18278 -0.09453 1.44214
-0.17459 -0.11267 1.45619
-0.03226 -0.09423 1.47051
-0.02316 0.01434 1.47607
-0.30247 -0.13784 1.43687
-0.09490 -0.04606 1.46939
-0.17803 -0.08757 1.45492
-0.03942 -0.07822 1.46726
-0.05872 -0.08449 1.46454
-0.16381 -0.10442 1.45727
-0.06364 -0.07551 1.46185
-0.05517 -0.06988 1.46096
0.03137 0.01363 1.47081
-0.10988 -0.07475 1.46438
-0.31719 -0.05754 1.43231
-0.22564 -0.11496 1.44102
-0.12939 -0.08407 1.44580
-0.16255 -0.06217 1.44822
-0.11661 -0.06333 1.45072
-0.13339 -0.00655 1.44821
0.00205 -0.02536 1.45573
-0.07583 -0.06043 1.44762
0.01913 -0.07531 1.44587
-0.26188 -0.11933 1.40962
0.24346 0.08426 1.41608
-0.17239 -0.02660 1.42896
-0.01924 -0.02281 1.43623
-0.00066 -0.08455 1.43494
-0.11165 -0.08214 1.42179
-0.10403 -0.07817 1.42138
-0.09707 -0.11131 1.41844
0.01741 -0.05104 1.41915
-0.07359 -0.03941 1.41480
-0.11943 -0.04628 1.41776
-0.12009 -0.06490 1.41090
-0.09298 -0.12060 1.40245
-0.12905 -0.06283 1.40031
-0.00190 -0.10262 1.40072
-0.11891 -0.07631 1.39099
-0.11134 -0.08460 1.38513
-0.09236 -0.07445 1.37939
-0.20037 -0.11336 1.36527
-0.05941 -0.07662 1.37706
-0.02621 -0.11041 1.37113
-0.01777 -0.05969 1.36967
-0.04556 -0.04138 1.36621
0.10383 -0.00323 1.36991
-0.09797 -0.12355 1.35980
-0.00232 -0.07550 1.36393
-0.03407 -0.10717 1.36028
-0.02840 -0.06942 1.35730
-0.02021 -0.09785 1.36029
-0.00530 -0.08525 1.35916
-0.06876 -0.03953 1.36101
-0.04815 -0.05088 1.36589
-0.05936 -0.05281 1.37020
-0.05088 -0.06067 1.37144
-0.10018 -0.04476 1.37307
-0.12888 -0.09752 1.36959
-0.00719 -0.07513 1.38242
-0.04678 -0.07340 1.38727
-0.02619 -0.06798 1.38956
-0.09417 -0.09336 1.39226
-0.03250 -0.09133 1.39178
-0.10591 -0.06289 1.39250
-0.04552 -0.04073 1.40265
-0.09069 -0.02312 1.40529
-0.17120 -0.05997 1.39372
0.00853 -0.09358 1.40628
-0.02652 -0.07274 1.40875
-0.25849 -0.04053 1.39566
-0.18702 -0.06164 1.40697
-0.06003 -0.08645 1.41699
-0.17074 -0.08698 1.41006
-0.03507 -0.08144 1.41758
-0.22107 -0.05019 1.40958
-0.16531 -0.09730 1.41984
-0.14998 -0.00950 1.41763
-0.09597 -0.07001 1.41838
-0.03140 -0.08458 1.42127
-0.02062 -0.07165 1.42278
-0.10950 -0.10745 1.41306
-0.08166 -0.08509 1.41193
-0.13554 -0.08869 1.40792
-0.06917 -0.07083 1.41177
-0.09422 -0.08018 1.40365
-0.13391 -0.10193 1.39222
-0.21430 -0.10380 1.38566
-0.14218 -0.11365 1.39602
-0.26538 -0.09605 1.37775
-0.11229 -0.08880 1.39564
-0.02280 -0.03878 1.40159
-0.14062 -0.05263 1.39656
-1.30011 -0.04733 0.50499
-0.17547 -0.06060 1.38954
-0.07083 -0.05261 1.40012
-0.08462 -0.08750 1.39424
-0.09232 -0.01796 1.39640
-0.08238 -0.08343 1.39401
-0.10943 -0.12497 1.39248
-0.07871 -0.05196 1.39630
-0.16494 -0.08890 1.38761
0.01592 -0.04879 1.39505
0.06954 -0.03645 1.39018
-0.02264 -0.10635 1.39170
-0.17605 -0.02189 1.37740
-0.09129 -0.06337 1.38074
0.03345 -0.07231 1.38473
-0.04775 -0.09832 1.37674
-0.09320 -0.12331 1.37159
-0.12584 -0.12091 1.35907
-0.12458 -0.13481 1.35465
-0.09687 -0.07934 1.35475
-0.17870 -0.06729 1.35044
-0.82961 -0.04765 1.08093
-0.05329 -0.09522 1.35025
-0.24633 -0.08660 1.32383
0.03383 -0.16579 1.33224
-0.26320 -0.10400 1.31376
-0.26160 -0.11830 1.30664
-0.10150 -0.05781 1.32817
-0.08567 -0.03542 1.33256
-0.01151 -0.10281 1.31981
-0.00267 -0.06650 1.32250
-0.02104 -0.02472 1.32094
0.02695 -0.07073 1.31582
0.02495 -0.08683 1.31027
-0.00881 -0.11073 1.30262
-0.13030 -0.08177 1.29750
-0.16068 -0.06669 1.29080
-0.31447 -0.04925 1.25998
0.07339 -0.08536 1.28906
0.19340 -0.04232 1.27175
0.04189 -0.05879 1.28814
-0.04187 -0.07262 1.28035
0.00112 -0.07967 1.28085
0.02185 -0.03432 1.27581
0.03119 -0.03647 1.27093
-0.05417 -0.09330 1.26614
-0.64618 -0.14215 1.07647
-0.16771 -0.11093 1.24198
-0.15065 -0.07545 1.24341
-0.09843 -0.12513 1.23960
0.02923 -0.02049 1.24034
-0.05294 -0.04499 1.22893
-0.13345 -0.05729 1.21362
-0.07777 -0.06809 1.21007
-0.02805 -0.06758 1.20345
-0.06848 -0.06719 1.19433
-0.05197 -0.02619 1.18388
0.01964 -0.12379 1.16828
0.01833 -0.05813 1.16214
0.18180 -0.16312 1.12716
-0.02894 -0.06143 1.13555
0.01331 -0.04142 1.11705
-0.01748 -0.06238 1.09483
-0.17149 -0.09913 1.06203
-0.05266 -0.07681 1.05601
0.02403 -0.05055 1.03140
-0.05001 -0.06934 1.00536
0.02101 -0.04896 0.97930
-0.01944 -0.05304 0.95329
-0.02347 -0.02938 0.92452
-0.03493 -0.05966 0.89350
-0.07247 -0.06183 0.86381
-0.06851 -0.04926 0.82973
-0.03001 -0.03073 0.80725
-0.04202 -0.03907 0.77944
-0.08930 -0.02548 0.75023
-0.07662 -0.02825 0.72378
-0.08649 0.01512 0.70167
-0.12043 -0.05601 0.66410
-0.19983 -0.07052 0.60722
-0.38557 -0.07356 0.48889
-0.38633 -0.07760 0.46418
-0.13881 0.00442 0.55438
-0.49989 -0.05027 0.27469
-0.10475 -0.01854 0.52395
-0.16676 -0.00504 0.52357
-0.16613 -0.01337 0.51802
-0.18909 -0.01211 0.47762
-0.16093 -0.01754 0.50835
-0.16244 -0.00818 0.50030
-0.34740 -0.02054 0.35640
-0.12910 0.03232 0.49612
-0.11848 -0.01397 0.47642
-0.14106 -0.06965 0.47506
-0.11476 -0.04577 0.47866
-0.12463 -0.03300 0.46151
-0.08082 -0.03454 0.47572
-0.11353 -0.03177 0.46373
-0.07947 -0.04746 0.46787
-0.06680 -0.04278 0.47321
-0.11161 -0.01123 0.47650
-0.10432 -0.02759 0.48079
-0.08472 -0.02457 0.49008
-0.08783 -0.06672 0.50049
-0.09019 -0.04855 0.49567
-0.10289 -0.03157 0.51102
-0.08667 -0.02694 0.50691
-0.08435 -0.01047 0.52112
-0.20385 0.00263 0.52404
-0.11674 -0.03778 0.53790
-0.15568 -0.04375 0.56392
-0.12720 -0.04194 0.55588
-0.08570 -0.01910 0.57787
-0.09393 -0.00964 0.61426
-0.09881 -0.00106 0.60777
-0.06950 -0.01463 0.65402
-0.04744 -0.04643 0.64174
-0.05988 -0.01168 0.65520
-0.03162 -0.06031 0.69830
0.00479 -0.05656 0.69291
-0.04206 -0.06675 0.72627
-0.07115 -0.06978 0.73129
-0.05221 -0.06400 0.76844
-0.03907 -0.02338 0.78685
-0.04613 -0.03102 0.80888
-0.04213 -0.04560 0.83358
-0.04750 -0.05259 0.85085
-0.05140 -0.04922 0.87352
-0.06541 -0.05954 0.89023
-0.01445 -0.03745 0.91572
-0.10092 -0.06250 0.92836
-0.04111 -0.03785 0.95714
-0.00027 -0.04704 0.97592
-0.06111 -0.04458 0.99457
-0.07125 -0.05556 1.00964
-0.08840 -0.00586 1.02728
-0.09867 0.00501 1.04703
-0.06722 -0.04874 1.06698
-0.12192 -0.07698 1.07751
-0.04831 -0.04784 1.10258
-0.01973 -0.00317 1.12125
-0.08036 -0.01975 1.13651
-0.07348 -0.03270 1.15293
-0.06293 -0.03016 1.16586
-0.13439 -0.03642 1.18014
-0.10417 -0.02984 1.19864
-0.07214 -0.05489 1.21648
-0.06689 -0.03823 1.22878
-0.00621 -0.07641 1.24063
-0.08424 -0.02692 1.25745
-0.24777 -0.01976 1.25658
-0.09469 -0.05112 1.28954
-0.13574 -0.09179 1.29898
-0.04111 -0.06911 1.31712
-0.08522 -0.08725 1.32894
-0.04260 -0.05712 1.35313
-0.01590 -0.08232 1.36585
-0.07240 -0.08537 1.37581
-0.03881 -0.06196 1.39110
-0.00783 -0.06427 1.40832
-0.19136 -0.04310 1.41024
-0.12083 -0.03619 1.43097
-0.07953 -0.07347 1.45005
-0.07036 -0.03726 1.46965
-0.04082 -0.06843 1.47698
-0.07777 -0.03256 1.50122
-0.04856 -0.10965 1.50594
-0.02916 -0.12523 1.50829
-0.05149 -0.05836 1.50913
-0.08591 -0.09444 1.50406
-0.14967 -0.07011 1.49732
-0.07638 -0.09883 1.49789
-0.01698 -0.10341 1.50292
0.02232 -0.06393 1.49838
-0.06345 -0.08198 1.50950
-0.15947 -0.08294 1.49425
-0.08736 -0.08043 1.49944
-0.05826 -0.09364 1.49928
-0.04871 -0.09939 1.49889
0.06291 -0.11901 1.49924
0.10085 -0.12943 1.49349
-0.14690 -0.11986 1.48368
0.04289 -0.10205 1.48906
-0.06864 -0.05295 1.48508
-0.07802 -0.08162 1.48936
-0.07668 -0.05153 1.48862
-0.07542 -0.06973 1.47879
-0.07702 -0.06615 1.48068
-0.15063 -0.00049 1.47218
-0.13089 -0.07651 1.47253
-0.09556 -0.08529 1.46448
-0.07774 -0.08865 1.46772
-0.04664 -0.08720 1.47290
-0.03704 -0.09472 1.46382
-0.06071 -0.07430 1.45980
-0.04732 -0.10726 1.45713
-0.06467 -0.11270 1.45280
-0.08252 -0.07403 1.45190
-0.06963 -0.08540 1.44967
-0.03586 -0.08434 1.44892
-0.01771 -0.07913 1.44764
-0.09601 -0.07494 1.43797
0.04990 -0.07616 1.44394
-0.01360 -0.13846 1.43614
-0.04478 -0.09026 1.43623
-0.02547 -0.10883 1.43061
-0.06162 -0.08222 1.43124
-0.02553 -0.09875 1.42959
-0.09844 -0.05357 1.42717
-0.06793 -0.08341 1.42391
-0.02106 -0.11279 1.41765
-0.08101 -0.09897 1.41440
-0.04030 -0.04803 1.41521
-0.06734 -0.13292 1.41391
-0.05633 -0.08738 1.40458
-0.07766 -0.07550 1.40032
-0.07004 -0.09910 1.39858
-0.07734 -0.08524 1.39717
-0.08059 -0.09712 1.39253
-0.10527 -0.04130 1.39284
-0.10087 -0.05218 1.38918
-0.17688 -0.10268 1.36927
-0.12019 -0.08396 1.37611
-0.07135 -0.08059 1.37491
-0.09827 -0.03225 1.37293
-0.10784 -0.07353 1.36683
-0.09982 -0.04679 1.36548
-0.06399 -0.08309 1.36731
-0.08071 -0.09403 1.36085
-0.06200 -0.08822 1.36084
-0.01098 -0.09454 1.36192
-0.01881 -0.07736 1.36039
-0.01077 -0.06930 1.36436
-0.04217 -0.09783 1.35645
-0.02755 -0.05096 1.35891
-0.04107 -0.08790 1.35603
-0.03980 -0.07617 1.35381
-0.24250 -0.04240 1.33841
-0.10316 -0.05676 1.35082
-0.14417 -0.06039 1.34745
-0.09384 -0.06141 1.35108
-0.07115 -0.07646 1.34855
-0.07366 -0.08425 1.35002
-0.10387 -0.09471 1.34618
-0.07799 -0.05482 1.34770
-0.05935 -0.04267 1.35110
-0.10066 -0.03396 1.34583
-0.23190 -0.02594 1.33041
0.00670 -0.03131 1.34701
-0.07485 -0.07003 1.34293
-0.05065 -0.05676 1.34493
-0.03942 -0.07985 1.33800
-0.04758 -0.05235 1.33999
-0.04346 -0.09618 1.33448
-0.07156 -0.02899 1.32903
-0.01902 -0.10527 1.32315
-0.04909 -0.07654 1.32893
-0.11586 -0.04224 1.31871
-0.08334 -0.06285 1.31673
-0.10510 -0.03252 1.31228
-0.10219 -0.06097 1.30665
-0.22713 -0.10415 1.28794
-0.06231 -0.05472 1.30501
-0.05487 -0.06848 1.30382
-0.06297 -0.05087 1.29615
-0.07249 -0.05277 1.29495
-0.10223 -0.05131 1.29245
-0.11648 -0.05539 1.29087
-0.07880 -0.04771 1.28802
-0.09952 -0.10032 1.28079
-0.08845 -0.05117 1.27433
-0.10415 -0.06796 1.27708
-0.09808 -0.06773 1.27163
-0.16751 -0.07463 1.26085
-0.09672 -0.04266 1.26460
-0.07961 -0.05526 1.26888
-0.09612 -0.06535 1.26448
-0.10614 -0.05896 1.25788
-0.05868 -0.06868 1.25787
-0.01266 -0.03024 1.25478
0.01718 -0.03898 1.25788
-0.00614 -0.05611 1.25031
-0.09381 -0.01035 1.24875
-0.09082 -0.02292 1.24065
-0.06186 -0.05766 1.23556
-0.05644 -0.06937 1.23922
-0.07172 -0.07092 1.23232
-0.07100 -0.05950 1.22873
-0.06901 -0.07293 1.22339
-0.03105 -0.04227 1.21331
-0.07265 -0.10213 1.19637
-0.32053 -0.05774 1.13361
-0.05900 -0.03319 1.16252
-0.08861 -0.06366 1.14555
-0.03802 -0.02059 1.12189
0.00538 -0.11603 1.10181
-0.03451 -0.06425 1.09691
-0.05553 -0.06030 1.09220
-0.02395 -0.03725 1.09495
-0.05703 -0.02252 1.09629
-0.04828 -0.04772 1.09398
-0.06309 -0.05362 1.08247
-0.03240 -0.04872 1.08125
-0.00406 -0.03489 1.07866
-0.10391 -0.01012 1.07289
-0.03451 -0.04142 1.07290
-0.00477 -0.01192 1.06915
-0.03232 -0.02459 1.06298
-0.03760 -0.03168 1.06164
-0.12417 -0.06506 1.04472
-0.11542 -0.06265 1.04553
-0.06451 -0.06635 1.05223
-0.16664 -0.09476 1.04507
-0.10351 -0.09783 1.05732
-0.09691 -0.03607 1.06960
-0.09852 -0.03997 1.07278
-0.07583 -0.03712 1.07875
-0.06996 -0.03222 1.08731
-0.14563 -0.05953 1.08418
-0.12320 -0.07144 1.09010
-0.11176 -0.08252 1.09715
-0.12385 -0.05801 1.10346
-0.10426 -0.06245 1.11526
-0.00200 -0.03652 1.12666
-0.04691 -0.07721 1.13222
-0.07116 -0.09908 1.13136
-0.23263 -0.06330 1.11974
-0.08471 -0.08146 1.14670
-0.12457 -0.08970 1.15280
-0.09015 -0.07425 1.16088
-0.05401 -0.05803 1.17444
-0.07529 -0.09154 1.17712
-0.03779 -0.06877 1.18892
-0.18809 -0.08591 1.18578
-0.22884 -0.10313 1.18315
-0.09973 -0.08035 1.21282
-0.04614 -0.05309 1.22633
-0.05165 -0.10148 1.23044
-0.11744 -0.09816 1.23690
-0.07793 -0.03664 1.25468
-0.05963 -0.04812 1.26982
-0.08755 -0.00699 1.27783
-0.01628 -0.01779 1.29400
-0.17959 -0.02002 1.28911
-0.26322 -0.03534 1.28208
-0.13744 -0.00517 1.31911
0.09107 -0.07541 1.33053
-0.04862 -0.04524 1.34086
-0.03121 -0.04574 1.35918
-0.07080 -0.03097 1.36416
-0.10527 -0.04008 1.36888
-0.16704 -0.08208 1.37094
-0.06404 -0.12565 1.38098
-0.00728 -0.13000 1.39856
-0.09758 -0.03467 1.40948
-0.05900 -0.03798 1.42146
-0.13273 -0.01725 1.42233
-0.07957 -0.06700 1.43265
-0.09144 -0.04428 1.43976
-0.06494 -0.04198 1.43938
-0.06871 -0.03727 1.44127
-0.06194 -0.04440 1.43868
-0.04846 -0.06510 1.43818
-0.06183 -0.09178 1.43397
-0.09226 -0.05915 1.43257
-0.43098 -0.10375 1.36686
-0.07185 -0.07789 1.43049
-0.06356 -0.10982 1.43559
-0.05603 -0.09984 1.42945
0.00714 -0.08727 1.42999
-0.05264 -0.08370 1.42476
0.00896 -0.10467 1.41903
0.01468 -0.08377 1.42235
-0.06113 -0.05590 1.41669
-0.00396 -0.07888 1.41235
-0.04018 -0.08817 1.41081
-0.04510 -0.06483 1.41002
-0.03540 -0.02861 1.41040
0.00355 -0.06789 1.39961
-0.05785 -0.09803 1.38978
-0.02246 -0.06521 1.39157
-0.01333 -0.08698 1.39119
-0.06692 -0.08181 1.38902
-0.02433 -0.07939 1.38417
-0.06632 -0.07745 1.37683
-0.03731 -0.09158 1.37241
-0.08482 -0.08159 1.36992
-0.06910 -0.08456 1.36811
-0.06507 -0.07079 1.36388
-0.02987 -0.06392 1.36374
-0.00291 -0.08991 1.35379
-0.05289 -0.08625 1.35541
-0.06544 -0.09109 1.34856
0.00235 -0.07865 1.34440
-0.02798 -0.09627 1.33996
-0.06576 -0.06988 1.33537
-0.03065 -0.08337 1.33770
-0.12928 -0.08624 1.32571
-0.04397 -0.10574 1.32083
-0.05540 -0.08053 1.31312
-0.04732 -0.06921 1.29758
-0.05581 -0.07388 1.27818
-0.03197 -0.09063 1.25610
-0.05925 -0.08452 1.23150
-0.06200 -0.08725 1.20395
-0.04800 -0.06945 1.17530
-0.03629 -0.08909 1.15300
-0.05710 -0.06765 1.12274
-0.06482 -0.07109 1.09063
-0.07185 -0.06657 1.05832
-0.05864 -0.04934 1.03434
-0.04030 -0.05217 0.99878
-0.03372 -0.04794 0.96982
-0.04150 -0.04742 0.93705
0.03042 -0.01330 0.90240
-0.07852 -0.06574 0.86711
-0.12330 -0.07192 0.82819
-0.03486 -0.07839 0.80348
-0.00454 -0.05037 0.78512
-0.04170 -0.04569 0.77180
-0.05465 -0.04314 0.77111
-0.02980 -0.05694 0.76982
-0.02300 -0.03517 0.76962
-0.02282 -0.02169 0.76843
-0.03109 -0.02487 0.76152
-0.05783 -0.03109 0.76127
-0.03454 -0.02184 0.75640
-0.04035 -0.00776 0.75361
-0.02626 -0.01837 0.75093
-0.02247 -0.01882 0.74740
-0.02172 -0.01887 0.74508
-0.00010 -0.01527 0.74267
-0.02765 -0.02944 0.73613
-0.03753 -0.02714 0.73560
-0.03796 -0.02625 0.73990
-0.03385 -0.01077 0.74522
-0.04296 -0.02592 0.75193
-0.04882 -0.01422 0.75511
-0.04756 -0.01655 0.75913
-0.04651 -0.01129 0.76495
-0.00807 -0.08108 0.76331
-0.00796 -0.02087 0.77292
-0.01343 -0.00680 0.78213
-0.01399 0.01351 0.78994
-0.08253 -0.04466 0.79186
-0.02597 -0.06039 0.79235
-0.07192 -0.03574 0.79140
-0.04314 -0.01314 0.79989
-0.01460 -0.03425 0.80623
-0.02698 -0.01530 0.81895
-0.05845 -0.00332 0.82063
-0.07619 -0.00318 0.82481
-0.04833 -0.00725 0.83034
-0.17980 -0.03906 0.81639
-0.02670 -0.04106 0.84332
0.04575 0.02268 0.85210
-0.10402 -0.03328 0.86080
-0.05138 -0.01454 0.87402
0.03545 0.01596 0.88427
-0.08099 -0.02136 0.88924
-0.10623 -0.03275 0.89527
0.03803 -0.06311 0.90698
-0.28227 0.00109 0.87463
-0.02523 -0.04379 0.92411
0.01059 -0.04742 0.93145
-0.04205 -0.03832 0.93363
-0.07159 -0.05003 0.93443
-0.06906 -0.05254 0.93227
-0.07620 -0.03375 0.93264
-0.04466 -0.06798 0.93222
-0.07872 -0.09867 0.92556
-0.06078 -0.05793 0.93048
-0.10437 -0.04611 0.92572
-0.07340 -0.03978 0.92985
-0.03933 -0.04226 0.92586
-0.04816 -0.06074 0.92154
-0.01449 -0.03862 0.92104
-0.06341 -0.04200 0.91591
-0.07302 -0.06624 0.91035
-0.07535 -0.03858 0.90751
-0.07098 -0.02461 0.89620
-0.05710 -0.02732 0.88100
-0.08097 -0.04429 0.85595
-0.06131 -0.03233 0.84119
-0.07672 -0.00640 0.82705
-0.04029 -0.07620 0.82224
-0.05947 -0.07935 0.81911
-0.03640 -0.05948 0.82149
-0.04369 -0.02886 0.81868
-0.01012 -0.06108 0.81279
-0.01701 -0.05937 0.80995
-0.03854 -0.06249 0.80481
-0.02907 -0.06359 0.80595
-0.02283 -0.02767 0.80293
-0.02448 -0.04115 0.79815
-0.01981 -0.05427 0.79562
-0.01983 -0.04895 0.79451
