0.66138
7.60390
2.69971
4.02294
13.10884
0.63341
9.12789
0.77362
0.69977
0.36084
3.98377
2.26585
0.22875
0.64201
0.78574
0.87343
0.68114
0.80690
13.11395
0.74858
0.77672
3.06051
2.25624
2.96675
0.42692
0.52880
0.82313
0.46666
0.49485
0.72968
2.64636
2.34818
10.47098
0.79123
0.82340
2.73446
0.67384
1.48130
0.61276
1.45376
1.26885
0.74156
0.61407
1.58072
2.82526
18.25782
19.37256
1.51053
1.59307
6.35309
0.48744
19.33188
0.83867
13.94862
0.23944
1.72246
2.29103
15.36342
0.57554
4.42565
2.09134
1.62360
0.38738
1.30012
4.71190
4.33070
1.68102
0.45895
0.57682
1.08051
0.33821
0.76619
13.54554
13.21727
0.70270
0.44565
1.14721
0.58830
8.06117
0.56127
3.83984
2.12048
0.64323
7.59614
2.12292
0.43104
0.26173
8.78570
0.81543
0.92198
0.40682
5.06010
3.17826
0.66242
2.21881
0.80354
3.53894
9.87315
0.22339
1.77465
