0.06850 5.22584 2.99453
0.07672 5.83453 3.34342
0.10325 7.84218 4.49439
0.12437 9.42574 5.40255
0.05382 4.07539 2.33519
0.07911 5.96070 3.41573
0.08074 6.06980 3.47827
0.08330 6.25962 3.58708
0.05727 4.29067 2.45856
0.05235 3.91329 2.24229
0.27731 20.71788 11.89180
0.06042 4.47439 2.56385
0.04718 3.49040 1.99996
0.09232 6.82590 3.91171
0.13247 9.79784 5.61600
0.08918 6.58291 3.77241
0.08164 5.98189 3.42788
0.04377 3.20293 1.83522
0.07614 5.53032 3.16904
0.08566 6.24424 3.57827
0.05263 3.82851 2.19371
0.17720 12.88206 7.38599
0.11892 8.61747 4.93898
0.02841 2.05020 1.17470
0.09013 6.51803 3.73522
0.04376 3.14047 1.79943
0.01556 1.11331 0.63788
0.12527 8.95918 5.13495
0.01270 0.91010 0.52145
0.09344 6.66007 3.81665
0.17270 12.27597 7.03804
0.17515 12.44145 7.13303
0.35724 25.33973 14.55772
0.52372 37.05774 21.35593
0.01779 1.25671 0.72005
0.09533 6.69997 3.83952
0.10934 7.68568 4.40465
0.00903 0.63285 0.36260
0.28624 20.03172 11.49661
0.08369 5.86234 3.35935
0.45713 31.92013 18.36744
0.09955 6.96617 3.99213
0.08704 6.09408 3.49219
0.09400 6.57451 3.76760
0.09422 6.61204 3.78911
0.06417 4.50596 2.58194
0.06172 4.34611 2.49033
0.13108 9.24603 5.29947
0.37649 26.62746 15.30185
0.15754 11.14809 6.39070
0.23148 16.36765 9.38847
0.02020 1.43251 0.82078
0.29953 21.39127 12.27978
0.10511 7.49308 4.29422
0.14180 10.11242 5.79646
0.20962 15.01050 8.60848
0.73049 52.38907 30.37105
0.30317 21.80118 12.51603
0.52796 38.10170 21.96492
0.46937 33.85450 19.49105
0.09626 6.94197 3.97825
0.05558 4.02132 2.30420
0.48212 34.81556 20.04999
0.45028 32.65149 18.79204
0.20374 14.79127 8.48252
0.04940 3.60798 2.06733
0.07477 5.47230 3.13579
0.18085 13.27539 7.61184
0.07961 5.86359 3.36007
0.07003 5.17456 2.96514
0.05043 3.73026 2.13741
0.23144 17.14326 9.83443
0.32935 24.48162 14.06220
0.04008 2.97936 1.70711
0.10400 7.75703 4.44557
0.05007 3.73943 2.14266
0.11032 8.25477 4.73098
0.06643 4.93933 2.83031
0.16875 12.58030 7.21274
0.06476 4.83819 2.77235
0.06747 5.06395 2.90174
0.09410 7.08167 4.05835
0.10209 7.71213 4.41982
0.07309 5.48867 3.14517
0.06353 4.76575 2.73083
0.14219 10.65478 6.10763
0.27256 20.43258 11.72747
0.06008 4.47250 2.56277
0.05187 3.80174 2.17837
0.05363 3.95454 2.26593
0.07110 5.22905 2.99636
0.15251 11.26429 6.45738
0.05941 4.38093 2.51029
0.09984 7.35453 4.21478
0.09684 7.13209 4.08725
0.24197 17.93825 10.29169
0.07538 5.56589 3.18943
0.02614 1.93313 1.10762
0.15820 11.68658 6.69973
0.12123 9.00482 5.16113
0.09493 7.02051 4.02328
0.10296 7.62392 4.36924
0.21581 15.97769 9.16431
0.05724 4.24095 2.43007
0.18202 13.50391 7.74306
0.03833 2.84345 1.62923
0.04872 3.62560 2.07743
0.04566 3.37434 1.93345
0.01340 0.99307 0.56899
0.09020 6.70451 3.84212
0.07075 5.26457 3.01672
0.04761 3.53680 2.02654
0.11771 8.73644 5.00720
0.05386 3.99255 2.28771
0.07823 5.79350 3.31989
0.08283 6.13859 3.51771
0.10896 8.09008 4.63654
0.17176 12.71664 7.29102
0.22372 16.57136 9.50559
0.12906 9.55277 5.47542
0.10905 8.06923 4.62458
0.21965 16.16778 9.27357
0.19252 14.14208 8.10958
0.20129 14.79549 8.48494
0.16774 12.33469 7.07175
0.14779 10.82911 6.20766
0.09981 7.28970 4.17762
0.09853 7.15787 4.10204
0.18645 13.51307 7.74832
0.22458 16.31252 9.35678
0.11359 8.25697 4.73224
0.34986 25.32577 14.54966
0.12147 8.80455 5.04627
0.12282 8.84518 5.06957
0.07023 5.03682 2.88619
0.05158 3.69598 2.11776
0.09610 6.86551 3.93442
0.03144 2.24285 1.28509
0.08848 6.29849 3.60937
0.04630 3.28764 1.88376
0.07733 5.48903 3.14538
0.08110 5.71598 3.27546
0.10529 7.41583 4.24993
0.04704 3.30766 1.89524
0.03134 2.20621 1.26409
0.02130 1.49573 0.85700
0.01031 0.71878 0.41183
0.05514 3.83369 2.19668
0.06076 4.22536 2.42113
0.05139 3.57348 2.04756
0.09019 6.22841 3.56919
0.06787 4.68173 2.68268
0.04944 3.39712 1.94650
0.03775 2.58176 1.47928
0.06887 4.71477 2.70161
0.66315 45.13132 26.08298
0.12322 8.36764 4.79570
0.11231 7.61231 4.36259
0.07849 5.30089 3.03754
0.05560 3.76285 2.15608
0.04144 2.78771 1.59729
0.19949 13.43902 7.70580
0.24344 16.33992 9.37253
0.42717 28.65983 16.47760
0.06114 4.09922 2.34884
0.10116 6.78376 3.88755
0.11331 7.58172 4.34505
0.10399 6.94684 3.98105
0.11744 7.85035 4.49907
0.04131 2.75090 1.57620
0.05523 3.66778 2.10160
0.07019 4.66150 2.67108
0.04462 2.95345 1.69226
0.04642 3.07172 1.76003
0.02149 1.41732 0.81207
0.07443 4.91284 2.81514
0.08488 5.57941 3.19718
0.24413 16.01043 9.18313
0.08165 5.36938 3.07680
0.07365 4.81839 2.76100
0.04267 2.79263 1.60011
0.68085 44.40974 25.65878
0.29874 19.50410 11.19282
0.31844 20.74885 11.90964
0.20495 13.32165 7.63840
0.16986 11.03418 6.32533
0.09352 6.09194 3.49096
0.18702 12.15864 6.97069
0.33391 21.70350 12.45973
0.23816 15.40244 8.83369
0.83499 54.16931 31.42930
1.33568 86.73315 51.40085
0.43410 28.18854 16.20480
0.15088 9.78506 5.60867
0.26538 17.15412 9.84068
0.44945 29.13300 16.75158
1.44792 93.58664 55.80044
1.31502 85.26373 50.46832
1.15796 74.67129 43.84554
0.10762 6.93756 3.97573
0.23603 15.18369 8.70799
0.04493 2.89634 1.65954
0.21263 13.75868 7.88938
0.17202 11.06261 6.34164
0.17250 11.09856 6.36227
0.61429 39.45003 22.75240
0.52515 33.67788 19.38838
0.08970 5.73935 3.28886
0.08141 5.18670 2.97210
0.15386 9.78678 5.60965
0.13879 8.79416 5.04031
0.06564 4.13654 2.37023
0.09360 5.90624 3.38452
0.13633 8.56155 4.90691
0.04213 2.63844 1.51176
0.06104 3.81578 2.18642
0.07101 4.42836 2.53747
0.12454 7.74520 4.43878
0.13692 8.47924 4.85970
0.09623 5.96972 3.42090
0.00682 0.42007 0.24068
0.04371 2.68570 1.53884
0.12361 7.58621 4.34762
0.11042 6.77902 3.88483
0.15285 9.37587 5.37395
0.10507 6.43827 3.68949
0.04856 2.98561 1.71069
0.10880 6.67891 3.82745
0.06614 4.05792 2.32518
0.03603 2.21428 1.26871
0.05761 3.54075 2.02881
0.03711 2.29208 1.31329
0.04342 2.67965 1.53537
0.09471 5.87003 3.36377
0.01479 0.91974 0.52698
0.09928 6.15936 3.52961
0.03992 2.48242 1.42236
0.06177 3.81804 2.18771
0.08901 5.53954 3.17433
0.05903 3.68944 2.11401
0.06527 4.07156 2.33300
0.04627 2.89171 1.65689
0.05480 3.42849 1.96447
0.05309 3.32824 1.90703
0.05858 3.66350 2.09915
0.05876 3.69119 2.11502
0.02452 1.53881 0.88168
0.37465 23.54017 13.51886
0.07021 4.41252 2.52839
0.18715 11.75790 6.74067
0.16357 10.31509 5.91274
0.01046 0.65464 0.37508
0.07346 4.59823 2.63482
0.05717 3.57826 2.05030
0.08467 5.27167 3.02079
0.15887 9.99677 5.73012
0.10007 6.09883 3.49491
0.08351 5.18544 2.97137
0.52015 33.42128 19.23924
0.07084 4.40960 2.52672
0.08572 5.33724 3.05838
0.10868 6.73148 3.85758
0.45487 28.19110 16.20628
0.48590 29.97427 17.23894
0.49117 30.49154 17.53876
0.04722 2.91987 1.67302
0.04806 2.96978 1.70162
0.11205 6.91443 3.96247
