0.02228 1.69948 0.97374
0.02592 1.97170 1.12972
0.02506 1.90307 1.09040
0.02093 1.58596 0.90870
0.02352 1.78087 1.02037
0.02010 1.51429 0.86763
0.03287 2.47126 1.41596
0.03552 2.66945 1.52953
0.02419 1.81261 1.03856
0.03134 2.34232 1.34208
0.03200 2.39048 1.36968
0.02186 1.61905 0.92765
0.02233 1.65166 0.94634
0.03233 2.39031 1.36958
0.02775 2.05274 1.17615
0.01455 1.07408 0.61541
0.02086 1.52839 0.87571
0.01771 1.29564 0.74235
0.05673 4.12084 2.36124
0.03577 2.60743 1.49399
0.01947 1.41620 0.81143
0.02049 1.48919 0.85325
0.01633 1.18336 0.67802
0.02467 1.78033 1.02007
0.02332 1.68658 0.96635
0.01737 1.24694 0.71445
0.03817 2.73117 1.56490
0.01844 1.31891 0.75568
0.05172 3.70513 2.12300
0.02630 1.87481 1.07420
0.01647 1.17074 0.67079
0.02161 1.53487 0.87943
0.01646 1.16746 0.66891
0.02437 1.72455 0.98811
0.02747 1.93979 1.11143
0.02482 1.74461 0.99960
0.03341 2.34828 1.34549
0.03551 2.48948 1.42641
0.03112 2.17750 1.24764
0.02360 1.65318 0.94721
0.02544 1.77658 1.01792
0.03189 2.23189 1.27881
0.03198 2.23914 1.28296
0.02359 1.65007 0.94543
0.02418 1.69666 0.97212
0.02530 1.77654 1.01789
0.03113 2.19213 1.25602
0.01972 1.39095 0.79696
0.03149 2.22732 1.27619
0.01466 1.03708 0.59421
0.02513 1.77665 1.01796
0.01435 1.01795 0.58324
0.02247 1.60449 0.91931
0.02944 2.09846 1.20235
0.01091 0.77771 0.44560
0.01616 1.15723 0.66305
0.02950 2.11598 1.21239
0.03165 2.27567 1.30389
0.01868 1.34789 0.77229
0.02042 1.47276 0.84383
0.01511 1.08999 0.62452
0.01239 0.89672 0.51378
0.00205 0.14796 0.08478
0.01545 1.12017 0.64181
0.01637 1.18848 0.68095
0.02312 1.68904 0.96776
0.01122 0.82145 0.47066
0.01605 1.17795 0.67492
0.02214 1.63075 0.93436
0.01041 0.76901 0.44061
0.01582 1.17043 0.67061
0.00519 0.38477 0.22046
0.01096 0.81476 0.46682
0.01571 1.16751 0.66894
0.02240 1.67040 0.95708
0.00456 0.34025 0.19495
0.02853 2.13495 1.22326
0.00820 0.61004 0.34953
0.01101 0.82092 0.47036
0.00844 0.63053 0.36127
0.01203 0.90275 0.51724
0.00976 0.73449 0.42083
0.02318 1.75100 1.00326
0.01149 0.86314 0.49455
0.02482 1.86194 1.06683
0.02212 1.65759 0.94974
0.01939 1.45374 0.83294
0.01340 0.99748 0.57151
0.00275 0.20131 0.11534
0.00681 0.50239 0.28785
0.00968 0.71189 0.40788
0.01840 1.35871 0.77849
0.00855 0.63048 0.36124
0.00807 0.59433 0.34053
0.01212 0.89224 0.51122
0.00594 0.44008 0.25215
0.00946 0.69865 0.40030
0.01068 0.79020 0.45275
0.00310 0.22886 0.13113
0.00636 0.47237 0.27065
0.00458 0.33884 0.19414
0.00773 0.57209 0.32778
0.00450 0.33345 0.19105
0.00815 0.60415 0.34615
0.00103 0.07649 0.04383
0.01930 1.43133 0.82010
0.02237 1.66462 0.95377
0.00636 0.46968 0.26911
0.00920 0.68150 0.39047
0.01474 1.09561 0.62774
0.01278 0.95095 0.54486
0.00517 0.38406 0.22005
0.01017 0.75515 0.43267
0.00297 0.22048 0.12633
0.02069 1.53228 0.87794
0.01041 0.77154 0.44206
0.02503 1.85854 1.06488
0.01581 1.17087 0.67086
0.02705 2.00391 1.14817
0.02469 1.82748 1.04708
0.02260 1.67214 0.95808
0.02495 1.83645 1.05222
0.02338 1.71766 0.98416
0.02545 1.87093 1.07198
0.02333 1.71574 0.98306
0.04629 3.39196 1.94354
0.03354 2.44967 1.40360
0.03747 2.72221 1.55976
0.07397 5.36084 3.07190
0.05351 3.88655 2.22697
0.03671 2.66821 1.52882
0.02901 2.09984 1.20314
0.04654 3.37340 1.93291
0.05272 3.79696 2.17563
0.04872 3.49389 2.00195
0.03528 2.52815 1.44856
0.02746 1.96202 1.12417
0.01932 1.37843 0.78979
0.02113 1.50440 0.86197
0.01388 0.98536 0.56457
0.01920 1.36284 0.78086
0.01979 1.39461 0.79906
0.02063 1.45317 0.83261
0.01227 0.86280 0.49435
0.01584 1.11487 0.63878
0.02955 2.07494 1.18887
0.01670 1.16486 0.66742
0.02495 1.73502 0.99411
0.01959 1.36270 0.78078
0.01805 1.25515 0.71915
0.02321 1.60300 0.91846
0.03270 2.25585 1.29254
0.02129 1.46264 0.83804
0.01790 1.22422 0.70143
0.01628 1.11461 0.63863
0.02545 1.73176 0.99224
0.02267 1.53938 0.88201
0.04178 2.83200 1.62267
0.02323 1.56862 0.89876
0.01519 1.02833 0.58919
0.01545 1.03937 0.59552
0.03815 2.57003 1.47256
0.02886 1.93746 1.11010
0.02591 1.73817 0.99591
0.02463 1.65138 0.94618
0.02339 1.56861 0.89876
0.03254 2.17748 1.24763
0.02391 1.59698 0.91501
0.02990 1.99899 1.14535
0.02246 1.49561 0.85693
0.02730 1.81290 1.03873
0.01433 0.95194 0.54542
0.01920 1.27107 0.72827
0.01373 0.90847 0.52052
0.02160 1.42462 0.81626
0.02326 1.53523 0.87963
0.01930 1.26834 0.72671
0.02803 1.83825 1.05325
0.02906 1.91121 1.09506
0.02601 1.70145 0.97487
0.02488 1.62847 0.93305
0.03209 2.09334 1.19942
0.03123 2.03877 1.16815
0.02604 1.69666 0.97212
0.03075 1.99887 1.14529
0.02857 1.85589 1.06336
0.03412 2.22288 1.27364
0.02391 1.55461 0.89073
0.02052 1.33384 0.76424
0.04926 3.18554 1.82526
0.02716 1.76220 1.00968
0.02449 1.58995 0.91099
0.01856 1.20495 0.69039
0.02387 1.54784 0.88686
0.01929 1.24701 0.71449
0.01096 0.71040 0.40703
0.01676 1.08311 0.62058
0.01716 1.11257 0.63746
0.01544 0.99555 0.57041
0.02350 1.51492 0.86799
0.01453 0.93478 0.53559
0.01999 1.28880 0.73843
0.02213 1.43224 0.82062
0.02985 1.91963 1.09988
0.02092 1.34611 0.77127
0.02873 1.84498 1.05711
0.01518 0.97338 0.55771
0.02218 1.41920 0.81315
0.01719 1.09495 0.62737
0.02507 1.59438 0.91352
0.01860 1.17833 0.67514
0.02773 1.74738 1.00119
0.02015 1.27146 0.72850
0.02235 1.40333 0.80405
0.02110 1.32144 0.75713
0.01609 1.00577 0.57627
0.01647 1.02710 0.58849
0.01119 0.69563 0.39857
0.01615 1.00029 0.57313
0.02186 1.35636 0.77714
0.00977 0.60133 0.34454
0.01360 0.83536 0.47863
0.01718 1.05433 0.60409
0.01375 0.84388 0.48351
0.01721 1.05540 0.60470
0.01340 0.82137 0.47061
0.01756 1.07977 0.61867
0.01821 1.11782 0.64046
0.01290 0.79114 0.45329
0.02566 1.57717 0.90366
0.02086 1.28230 0.73471
0.02767 1.70913 0.97927
0.03015 1.86080 1.06618
0.03605 2.23416 1.28010
0.08518 5.29743 3.03556
0.02855 1.77109 1.01477
0.03049 1.89606 1.08638
0.04593 2.83899 1.62668
0.02974 1.85076 1.06042
0.03627 2.26732 1.29910
0.02743 1.71103 0.98036
0.03530 2.20651 1.26426
0.02945 1.84278 1.05585
0.02406 1.50827 0.86419
0.01988 1.24341 0.71242
0.01366 0.85796 0.49158
0.01698 1.06531 0.61038
0.02148 1.34957 0.77325
0.01777 1.11683 0.63990
0.01031 0.64791 0.37123
0.01498 0.94489 0.54138
0.02159 1.35058 0.77383
0.01538 0.96292 0.55172
0.01798 1.12551 0.64487
0.02101 1.30816 0.74952
0.01461 0.91942 0.52679
0.01891 1.15232 0.66024
0.02009 1.24730 0.71465
0.01728 1.11042 0.63623
0.01975 1.22933 0.70436
0.02147 1.33696 0.76603
0.02268 1.40468 0.80483
0.01383 0.85702 0.49104
0.02265 1.39711 0.80049
0.03910 2.42753 1.39091
0.02082 1.28735 0.73760
0.01914 1.18254 0.67755
0.02523 1.55715 0.89219
