-0.02096 -0.01712 1.31045
-0.02404 -0.03659 1.31412
-0.02232 -0.02817 1.31612
-0.01596 -0.03386 1.31896
-0.02032 -0.02460 1.32034
-0.01391 -0.02636 1.32688
-0.02549 -0.03899 1.32943
-0.03018 -0.04032 1.32982
-0.02264 -0.02436 1.33428
-0.02715 -0.03106 1.33722
-0.02782 -0.03868 1.33767
-0.02325 -0.02841 1.34985
-0.01769 -0.02761 1.35132
-0.02030 -0.04012 1.35180
-0.01669 -0.03988 1.35139
-0.01545 -0.02502 1.35442
-0.02245 -0.03933 1.36405
-0.02463 -0.01835 1.36625
-0.04043 -0.06438 1.37466
-0.02450 -0.00185 1.37152
-0.01166 -0.04222 1.37394
-0.01999 -0.02757 1.37517
-0.00842 -0.04217 1.37931
-0.02020 -0.04360 1.38489
-0.01900 -0.04224 1.38196
-0.01549 -0.01377 1.39319
-0.02417 -0.05768 1.39604
-0.01954 -0.02796 1.39777
-0.05031 -0.00459 1.39499
-0.01810 -0.03985 1.40225
-0.02090 -0.02767 1.40642
-0.01737 -0.03856 1.40716
-0.01338 -0.03191 1.40938
-0.01889 -0.03443 1.41271
-0.01906 -0.03970 1.41527
-0.02605 -0.01961 1.42241
-0.02575 -0.04560 1.42172
-0.03594 -0.01743 1.42572
-0.02579 -0.03707 1.42822
-0.02066 -0.03416 1.42705
-0.02261 -0.02890 1.43164
-0.02222 -0.04297 1.42819
-0.02085 -0.03999 1.42755
-0.01681 -0.03350 1.42921
-0.01866 -0.03410 1.42440
-0.01892 -0.04175 1.42346
-0.01767 -0.04722 1.41914
-0.01575 -0.03308 1.41726
-0.02148 -0.04617 1.41298
-0.01870 -0.03614 1.41253
-0.02453 -0.04240 1.41342
-0.02029 -0.03023 1.40951
-0.02692 -0.03395 1.39958
-0.02907 -0.04081 1.40183
-0.01759 -0.03398 1.40173
-0.01916 -0.02783 1.39605
-0.01741 -0.05049 1.39333
-0.02006 -0.04877 1.38963
-0.01802 -0.03569 1.38508
-0.01691 -0.03878 1.38579
-0.01270 -0.04027 1.38603
-0.01192 -0.03695 1.38161
-0.01637 -0.02896 1.38437
-0.01549 -0.03887 1.37842
-0.02017 -0.04076 1.37666
-0.02383 -0.04294 1.36819
-0.01989 -0.03503 1.36573
-0.02233 -0.03731 1.36159
-0.02783 -0.04715 1.35659
-0.01816 -0.03654 1.35273
-0.02122 -0.04015 1.35116
-0.02015 -0.02958 1.34957
-0.01813 -0.02786 1.34490
-0.02606 -0.03956 1.34454
-0.01895 -0.04943 1.33971
-0.01373 -0.03236 1.33840
-0.02237 -0.04361 1.33557
-0.01219 -0.03499 1.34434
-0.01348 -0.03735 1.34083
-0.01637 -0.03977 1.33793
-0.01799 -0.04261 1.33157
-0.01985 -0.03876 1.32803
-0.02369 -0.03890 1.32302
-0.01920 -0.02445 1.33132
-0.02120 -0.03820 1.33232
-0.01335 -0.03963 1.33389
-0.01011 -0.03719 1.33338
-0.01737 -0.03762 1.34276
-0.01995 -0.03848 1.36368
-0.01423 -0.03859 1.35552
-0.01528 -0.04367 1.35886
-0.01992 -0.04621 1.35295
-0.01514 -0.03546 1.35545
-0.01259 -0.02680 1.35720
-0.01386 -0.04817 1.35692
-0.01846 -0.02707 1.34852
-0.01653 -0.04187 1.35352
-0.02041 -0.02993 1.35163
-0.01596 -0.04105 1.35294
-0.02173 -0.03511 1.34567
-0.01836 -0.03746 1.35147
-0.01712 -0.04036 1.34977
-0.01475 -0.03571 1.35014
-0.01692 -0.04144 1.34885
-0.01443 -0.03247 1.34747
-0.01703 -0.05168 1.34706
-0.00803 -0.01223 1.34360
-0.01448 -0.03988 1.35248
-0.00485 -0.02220 1.34927
-0.01172 -0.04946 1.34442
-0.00437 -0.01819 1.34373
-0.01656 -0.03831 1.34557
-0.00758 -0.03513 1.34688
-0.00462 -0.02398 1.34870
-0.00367 -0.04329 1.34952
-0.00317 -0.02186 1.34910
-0.01576 -0.04285 1.34610
-0.01465 -0.02761 1.35029
-0.02485 -0.04770 1.34896
-0.02555 -0.03332 1.35032
-0.02337 -0.02575 1.35099
-0.02309 -0.03724 1.35784
-0.02028 -0.04068 1.36055
-0.02183 -0.04403 1.35958
-0.02866 -0.03123 1.35921
-0.02197 -0.03451 1.36410
-0.01656 -0.03302 1.36865
-0.02087 -0.05006 1.37548
-0.06366 -0.01299 1.37825
-0.02399 -0.04806 1.37570
-0.02184 -0.02808 1.37523
-0.02236 -0.03660 1.38079
-0.04352 -0.00598 1.37891
-0.05858 -0.01140 1.38733
-0.02522 -0.05951 1.39289
-0.03054 -0.01683 1.39524
-0.01883 -0.03548 1.39911
-0.01833 -0.01924 1.40152
-0.01716 -0.03812 1.40414
-0.01053 -0.03151 1.40791
-0.01758 -0.03511 1.40831
-0.01820 -0.03057 1.41836
-0.01685 -0.04259 1.41904
-0.01397 -0.03821 1.42164
-0.02274 -0.03488 1.42007
-0.02803 -0.02284 1.42368
-0.03308 -0.02294 1.43331
-0.04077 -0.04710 1.43685
-0.01919 -0.03887 1.43724
-0.02271 -0.02493 1.43771
-0.02005 -0.04059 1.44740
-0.02235 -0.04950 1.44876
-0.02486 -0.03176 1.45494
-0.02598 -0.03798 1.46138
-0.02456 -0.03615 1.46011
-0.02765 -0.05212 1.46819
-0.02529 -0.02789 1.47207
-0.03513 -0.04908 1.47408
-0.02015 -0.04724 1.47979
-0.02301 -0.03259 1.47709
-0.01950 -0.03708 1.48594
-0.03472 -0.04960 1.48319
-0.02987 -0.03301 1.48916
-0.02343 -0.03667 1.48984
-0.02034 -0.04013 1.49078
-0.02198 -0.02976 1.49073
-0.02409 -0.03843 1.49385
-0.01966 -0.03172 1.49650
-0.02722 -0.03717 1.49522
-0.02090 -0.04376 1.50074
-0.02909 -0.03126 1.50533
-0.01600 -0.03573 1.50518
-0.01486 -0.04389 1.51008
-0.01445 -0.03384 1.51076
-0.02006 -0.04607 1.51564
-0.02176 -0.04041 1.51429
-0.01817 -0.03415 1.52090
-0.02745 -0.02979 1.52427
-0.02503 -0.04176 1.51993
-0.02258 -0.04483 1.52765
-0.02423 -0.03428 1.52733
-0.02905 -0.04091 1.53229
-0.03031 -0.03450 1.53099
-0.01965 -0.04400 1.53399
-0.02570 -0.04465 1.53759
-0.02259 -0.04250 1.53862
-0.02692 -0.04741 1.53411
-0.02131 -0.03412 1.53762
-0.01957 -0.03535 1.53797
-0.03490 -0.07455 1.54404
-0.02425 -0.03379 1.54088
-0.02164 -0.02787 1.53958
-0.02341 -0.04821 1.53904
-0.02960 -0.04179 1.54109
-0.02386 -0.03864 1.54639
-0.01770 -0.04373 1.54204
-0.01753 -0.04011 1.54653
-0.02289 -0.05296 1.54122
-0.02400 -0.05572 1.54956
-0.02632 -0.03212 1.55064
-0.01505 -0.04822 1.55369
-0.02071 -0.03980 1.55045
-0.02518 -0.04205 1.54465
-0.03262 -0.03080 1.55435
-0.02509 -0.02981 1.55373
-0.02887 -0.04613 1.55617
-0.01632 -0.04027 1.55872
-0.02616 -0.03015 1.56236
-0.02226 -0.03029 1.56916
-0.02999 -0.04010 1.57135
-0.01720 -0.02067 1.57801
-0.02875 -0.03819 1.58618
-0.01795 -0.04578 1.58398
-0.02203 -0.02762 1.59195
-0.01967 -0.02588 1.59648
-0.01424 -0.03877 1.59907
-0.01753 -0.03883 1.60290
-0.01876 -0.03702 1.60740
-0.02523 -0.03946 1.61405
-0.02532 -0.01938 1.61166
-0.02021 -0.02863 1.62393
-0.01960 -0.04076 1.62690
-0.01960 -0.03397 1.62887
-0.01724 -0.03976 1.62824
-0.02222 -0.04162 1.62955
-0.01771 -0.04120 1.63137
-0.01747 -0.03236 1.62593
-0.02207 -0.05103 1.62800
-0.01720 -0.03911 1.62943
-0.02557 -0.02957 1.62657
-0.02189 -0.04359 1.62628
-0.02935 -0.03441 1.61827
-0.03405 -0.03405 1.61971
-0.03563 -0.06313 1.61190
-0.06432 0.01931 1.60649
-0.02546 -0.05483 1.61074
-0.03592 -0.03832 1.60724
-0.04077 -0.05940 1.61622
-0.02889 -0.04832 1.60588
-0.03768 -0.02435 1.59923
-0.02270 -0.04166 1.60242
-0.03026 -0.05275 1.59882
-0.02820 -0.04433 1.59751
-0.02947 -0.04624 1.59407
-0.02014 -0.04828 1.59814
-0.02062 -0.04292 1.59131
-0.02226 -0.04468 1.59266
-0.02734 -0.04601 1.59063
-0.02348 -0.04269 1.59040
-0.01828 -0.03972 1.59108
-0.01837 -0.04399 1.58503
-0.02522 -0.02869 1.59776
-0.02197 -0.04711 1.59676
-0.01734 -0.05052 1.59683
-0.03514 -0.03840 1.60526
-0.02297 -0.04633 1.58841
-0.03088 -0.03229 1.64019
-0.03203 -0.04230 1.60955
-0.02838 -0.04513 1.55543
-0.02794 -0.03934 1.60586
-0.02771 -0.03807 1.60529
-0.02962 -0.03519 1.61390
-0.02279 -0.03559 1.61298
-0.02834 -0.04830 1.62009
-0.04405 -0.05213 1.60939
-0.02712 -0.04471 1.61619
-0.02494 -0.03972 1.61759
-0.02298 -0.05182 1.61956
