0.06491 11.47903 6.58062
0.06242 11.09860 6.36230
0.03750 6.67212 3.82355
0.01094 1.94478 1.11430
0.06438 11.39474 6.53224
0.05320 9.25968 5.30730
0.06094 10.51379 6.02673
0.05266 8.96511 5.13835
0.07660 12.87686 7.38301
0.04055 6.74120 3.86315
0.03948 6.43848 3.68961
0.02753 4.39585 2.51884
0.03596 5.54496 3.17744
0.10012 15.05423 8.63361
0.06045 8.93168 5.11918
0.06470 9.45710 5.42054
0.06579 9.50320 5.44698
0.00552 0.77619 0.44473
0.00404 0.55006 0.31516
0.01879 2.47151 1.41611
0.01181 1.52124 0.87162
0.10651 13.49988 7.74074
0.05681 7.06797 4.05049
0.01028 1.25123 0.71691
0.06131 7.35960 4.21769
0.07001 8.27095 4.74026
0.07221 8.39531 4.81157
0.06915 7.84166 4.49409
0.04522 5.01814 2.87549
0.25480 27.68225 15.91185
0.08784 9.39732 5.38625
0.04462 4.68026 2.68183
0.03148 3.23928 1.85605
0.11031 11.29844 6.47698
0.08795 8.94511 5.12688
0.14995 15.17727 8.70430
0.08073 8.05952 4.61902
0.08391 8.32483 4.77116
0.05680 5.59719 3.20737
0.18922 18.52273 10.62797
0.09100 8.84233 5.06793
0.06906 6.66240 3.81798
0.03034 2.89571 1.65918
0.03968 3.75897 2.15386
0.07191 6.76146 3.87477
0.17177 16.15415 9.26574
0.10665 9.94817 5.70223
0.25629 23.82616 13.68388
0.20962 19.46218 11.16868
0.09256 8.58526 4.92051
0.09530 8.85553 5.07551
0.19696 18.32403 10.51364
0.08872 8.32474 4.77110
0.06526 6.14072 3.51893
0.14618 13.61839 7.80880
0.04984 4.61869 2.64655
0.08314 7.71842 4.42343
0.07148 6.63904 3.80459
0.09270 8.58977 4.92309
0.06307 5.88918 3.37474
0.06339 5.90390 3.38318
0.11001 10.23765 5.86831
0.08036 7.53173 4.31638
0.04432 4.13388 2.36871
0.06291 5.86984 3.36365
0.05647 5.19534 2.97704
0.06236 5.74331 3.29113
0.06743 6.22427 3.56682
0.03085 2.85875 1.63800
0.08442 7.83065 4.48778
0.07318 6.77899 3.88482
0.06549 6.05347 3.46891
0.05985 5.51582 3.16073
0.06546 5.99207 3.43372
0.05482 5.03453 2.88488
0.07038 6.48186 3.71449
0.08826 8.11278 4.64956
0.07616 7.02566 4.02623
0.04147 3.82519 2.19180
0.04658 4.31205 2.47082
0.06589 6.13048 3.51306
0.06385 5.96947 3.42077
0.08570 8.01514 4.59357
0.07573 7.10469 4.07155
0.04934 4.60543 2.63895
0.05816 5.45362 3.12508
0.06449 6.07520 3.48137
0.06053 5.73496 3.28634
0.12152 11.59782 6.64879
0.01725 1.65948 0.95082
0.11195 10.91533 6.25713
0.11853 11.71796 6.71775
0.06699 6.73643 3.86042
0.05648 5.80553 3.32679
0.07286 7.63887 4.37781
0.07554 8.11019 4.64807
0.05051 5.57127 3.19252
0.05398 6.09350 3.49186
0.03357 3.89214 2.23017
0.06783 8.07477 4.62776
0.04771 5.85179 3.35331
0.06080 7.72424 4.42677
0.06278 8.24658 4.72628
0.06931 9.51277 5.45247
0.05979 8.54858 4.89947
0.07848 11.77480 6.75037
0.04638 7.26106 4.16119
0.05046 8.30799 4.76150
0.02961 5.05797 2.89831
0.02012 3.56337 2.04177
0.03818 7.07265 4.05318
0.02587 4.99541 2.86246
0.03299 6.66468 3.81929
0.06798 14.32937 8.21717
0.05495 12.18249 6.98438
0.02421 5.60196 3.21011
0.03790 8.99028 5.15279
0.02551 6.17679 3.53961
0.02839 7.05376 4.04234
0.02720 6.77456 3.88228
0.05527 14.22747 8.15863
0.04823 12.40608 7.11273
0.04874 12.96086 7.43123
0.06047 15.89251 9.11535
0.05075 13.88355 7.96109
0.03283 8.90088 5.10152
0.01869 5.12107 2.93447
0.01662 4.69476 2.69015
0.00668 1.85244 1.06138
0.02413 6.98063 4.00042
0.02021 5.74881 3.29428
0.01986 5.84376 3.34870
0.02777 7.89356 4.52385
0.01155 3.34042 1.91401
0.01579 4.38489 2.51256
0.01858 5.12833 2.93864
0.00531 1.48398 0.85027
0.02493 6.64593 3.80854
0.01223 3.31197 1.89770
0.00754 1.98040 1.13470
0.03940 10.35786 5.93727
0.00870 2.23623 1.28129
0.02349 5.99020 3.43265
0.01100 2.79956 1.60408
0.02545 6.21265 3.56016
0.01448 3.45070 1.97721
0.02164 4.96628 2.84576
0.02693 6.04945 3.46661
0.03788 8.13040 4.65966
0.01489 3.07059 1.75939
0.02867 5.73043 3.28375
0.03229 6.20248 3.55433
0.03557 6.63799 3.80399
0.07328 13.22119 7.58071
0.04421 7.71397 4.42088
0.07425 12.53376 7.18602
0.05048 8.16156 4.67753
0.04453 6.91948 3.96536
0.05046 7.67543 4.39878
0.05244 7.74904 4.44098
0.04434 6.43497 3.68761
0.04580 6.44797 3.69505
0.05831 8.06207 4.62048
0.06150 8.32168 4.76935
0.03517 4.65001 2.66450
0.03220 4.20432 2.40908
0.04420 5.68405 3.25716
0.07439 9.52914 5.46186
0.05641 7.16789 4.10778
0.05879 7.36254 4.21938
0.06712 8.32002 4.76840
0.06841 8.37469 4.79974
0.06585 8.04844 4.61266
0.05435 6.60897 3.78735
0.02865 3.44655 1.97482
0.04990 5.94792 3.40841
0.02782 3.30382 1.89304
0.02061 2.44114 1.39870
0.03397 4.01838 2.30252
0.03311 3.94868 2.26257
0.04421 5.31638 3.04642
0.02498 3.03959 1.74162
0.02851 3.46265 1.98405
0.02685 3.22611 1.84850
0.06928 8.32641 4.77206
0.03494 4.24911 2.43474
0.02972 3.65353 2.09343
0.04138 5.09149 2.91752
0.07309 9.06157 5.19368
0.01574 1.95591 1.12067
0.01729 2.15992 1.23757
0.00831 1.04341 0.59783
0.00970 1.22030 0.69918
0.03245 4.10156 2.35019
0.05733 7.31468 4.19194
0.03048 3.89861 2.23388
0.01965 2.54417 1.45774
0.02174 2.80899 1.60948
0.00973 1.26563 0.72516
0.02444 3.21041 1.83951
0.00913 1.21709 0.69735
0.00615 0.83800 0.48014
0.03974 5.55372 3.18246
0.03025 4.28489 2.45525
0.02138 3.04813 1.74652
0.04051 5.80202 3.32478
0.02318 3.33237 1.90940
0.02269 3.26223 1.86920
0.03259 4.72746 2.70889
0.02655 3.86795 2.21631
0.04121 6.01696 3.44799
0.03250 4.80623 2.75403
0.02631 3.90427 2.23712
0.02163 3.22699 1.84901
0.01892 2.83704 1.62556
0.04327 6.54132 3.74857
0.03231 4.86934 2.79020
0.02665 3.96738 2.27329
0.01503 2.22882 1.27704
0.01331 1.95749 1.12158
0.01773 2.59551 1.48716
0.01305 1.88744 1.08144
0.01466 2.09276 1.19908
0.02384 3.34001 1.91377
0.04122 5.66510 3.24630
0.04939 6.77103 3.88026
0.04707 6.42304 3.68076
0.03471 4.70255 2.69461
0.03588 4.80767 2.75486
0.03936 5.25099 3.00894
0.02767 3.67398 2.10515
0.02551 3.37161 1.93188
0.06740 8.95809 5.13433
0.09368 12.32309 7.06509
0.06117 8.17725 4.68652
0.06592 8.79994 5.04362
0.03488 4.67473 2.67867
0.03333 4.42244 2.53408
0.05731 7.58239 4.34543
0.04140 5.43983 3.11718
0.04219 5.55194 3.18144
0.02046 2.67295 1.53153
0.02146 2.78578 1.59619
0.00777 0.99968 0.57278
0.01106 1.41632 0.81150
0.01727 2.19489 1.25760
0.01631 2.06064 1.18068
0.03343 4.19070 2.40127
0.06619 8.25773 4.73268
0.06998 8.70023 4.98644
0.05821 7.18647 4.11843
0.04777 5.86055 3.35833
0.05208 6.30714 3.61432
0.01266 1.52207 0.87209
0.01702 2.02910 1.16261
0.04306 5.11759 2.93248
0.03392 4.01006 2.29775
0.02689 3.14185 1.80022
0.03393 3.96259 2.27054
0.01376 1.60698 0.92074
0.04694 5.49775 3.15038
0.00865 1.01198 0.57982
0.09656 11.25821 6.45389
0.04365 5.03149 2.88313
0.05654 6.48490 3.71622
0.04142 4.74965 2.72161
0.04712 5.44062 3.11763
0.03118 3.58382 2.05349
0.04948 5.68817 3.25952
0.07516 8.65212 4.95885
0.05820 6.76164 3.87487
0.08147 9.45761 5.42083
0.04530 5.27550 3.02299
0.05369 6.25313 3.58337
0.05410 6.32569 3.62496
0.03272 3.86555 2.21493
0.05910 7.03547 4.03186
0.02651 3.17093 1.81688
0.04102 4.91859 2.81843
0.02781 3.34318 1.91559
0.09672 11.74211 6.73160
0.04530 5.53234 3.17020
0.03513 4.31609 2.47313
0.06996 8.62908 4.94564
0.02613 3.24599 1.85990
0.04558 5.71725 3.27619
0.02588 3.26630 1.87153
0.03689 4.68900 2.68684
0.04447 5.66089 3.24388
0.04226 5.40975 3.09993
0.03489 4.48029 2.56723
0.05975 7.74895 4.44094
0.05884 7.68298 4.40310
0.04789 6.24350 3.57784
0.08696 11.27883 6.46572
0.04763 6.14071 3.51892
0.05121 6.68540 3.83117
0.06396 8.44323 4.83905
0.06063 8.03027 4.60224
0.03088 4.10593 2.35269
0.05344 7.12894 4.08545
0.02109 2.82874 1.62080
0.04391 5.90173 3.38193
0.03697 4.95517 2.83940
0.01311 1.75265 1.00421
0.01546 2.08986 1.19743
0.01166 1.57971 0.90511
0.03293 4.50484 2.58130
0.04079 5.59284 3.20488
0.03574 4.91955 2.81898
0.02927 4.02683 2.30736
0.06664 9.19164 5.26828
0.06300 8.69942 4.98598
0.05309 7.35919 4.21746
0.02944 4.07556 2.33529
0.04690 6.51652 3.73435
0.02566 3.58956 2.05678
0.02645 3.69469 2.11702
0.02788 3.90586 2.23804
0.02471 3.48262 1.99549
0.05033 7.14386 4.09400
0.03162 4.56106 2.61352
0.02357 3.41418 1.95628
0.02682 3.89818 2.23363
0.04380 6.36123 3.64533
0.04824 7.05713 4.04428
0.01655 2.46431 1.41198
0.07651 11.50931 6.59799
0.09456 14.32215 8.21302
0.05118 7.77383 4.45520
0.04960 7.57988 4.34399
0.04338 6.69957 3.83929
0.04234 6.60302 3.78394
0.03868 6.06617 3.47619
0.02246 3.53741 2.02689
0.03601 5.70257 3.26777
0.02144 3.45779 1.98127
0.01326 2.17041 1.24358
0.02573 4.25008 2.43530
0.04211 6.98802 4.00466
0.10513 17.67619 10.14094
0.02783 4.67344 2.67793
0.04698 7.96080 4.56241
0.00637 1.08233 0.62013
0.06196 10.61871 6.08693
0.01744 3.01401 1.72696
0.04795 8.29996 4.75689
0.01224 2.13769 1.22483
0.04143 7.25119 4.15554
0.02317 4.08716 2.34194
0.00789 1.40545 0.80527
0.01458 2.59567 1.48725
0.00271 0.48592 0.27841
0.00869 1.55019 0.88820
0.08275 14.84326 8.51239
0.01928 3.45527 1.97982
0.02564 4.66007 2.67027
0.03194 5.83941 3.34621
0.01713 3.14870 1.80415
0.02101 3.89833 2.23372
0.01364 2.55318 1.46291
0.02417 4.57015 2.61873
0.02197 4.17086 2.38990
0.04105 7.87535 4.51341
0.03182 6.08968 3.48967
0.08574 16.60658 9.52583
0.15444 30.56758 17.58284
0.03036 6.00510 3.44119
0.03345 6.69747 3.83808
0.02407 4.86144 2.78567
0.01182 2.39760 1.37376
0.01276 2.61230 1.49678
0.02322 4.75135 2.72258
0.01090 2.24124 1.28416
0.01095 2.26228 1.29622
0.01785 3.72623 2.13510
0.02276 4.77632 2.73689
0.02114 4.41064 2.52732
0.00734 1.50581 0.86277
0.01964 3.94203 2.25876
0.02117 4.17306 2.39116
0.01758 3.41482 1.95665
0.01969 3.75718 2.15283
0.02334 4.38424 2.51219
0.01884 3.49505 2.00262
0.00662 1.20889 0.69265
0.01778 3.19947 1.83324
0.04466 7.97994 4.57338
0.02155 3.81055 2.18342
0.03127 5.47462 3.13712
0.02842 4.92876 2.82426
0.01603 2.78651 1.59660
0.00694 1.20296 0.68925
0.02038 3.54391 2.03062
0.04329 7.56503 4.33548
0.03129 5.49700 3.14995
0.03247 5.70320 3.26814
0.05334 9.43978 5.41061
0.01599 2.83658 1.62529
0.06076 10.85648 6.22336
0.05645 10.29490 5.90115
0.03118 5.77440 3.30895
0.02783 5.24930 3.00797
0.04697 9.09897 5.21512
0.05638 11.19725 6.41891
0.03936 8.00637 4.58854
0.04197 8.79037 5.03813
0.04313 9.41900 5.39869
0.03237 7.37912 4.22888
0.00280 0.66091 0.37867
0.03245 7.84259 4.49462
0.00921 2.25992 1.29487
0.03633 9.01012 5.16416
0.03390 8.57817 4.91644
0.04603 11.54934 6.62097
0.05346 13.55074 7.76995
0.04900 12.54204 7.19078
0.03086 7.91027 4.53344
0.03646 9.67650 5.54639
0.03634 9.46296 5.42390
0.02842 7.43083 4.25853
0.02167 5.88187 3.37055
0.02868 7.60217 4.35677
0.02525 6.95623 3.98643
0.02206 5.86154 3.35890
0.04060 10.61069 6.08233
0.03165 8.47136 4.85519
0.03639 9.08347 5.20623
0.03105 8.00139 4.58568
0.02262 5.42371 3.10794
0.05310 13.22911 7.58526
0.05758 13.22239 7.58140
0.09981 22.19695 12.74417
0.04840 11.11852 6.37373
0.06618 13.77329 7.89777
0.05260 11.15906 6.39699
0.09211 18.02458 10.34135
0.02215 4.22999 2.42379
0.08881 17.12473 9.82378
0.05014 8.98937 5.15227
0.09163 16.39161 9.40225
0.05611 9.44334 5.41265
0.04308 7.10316 4.07067
0.07973 12.81253 7.34607
0.07757 11.94254 6.84664
0.05854 8.88914 5.09478
0.06371 9.32982 5.34753
0.01566 2.25776 1.29363
0.03036 4.26337 2.44292
0.02246 3.08364 1.76687
0.04792 6.41031 3.67347
0.04543 5.95898 3.41475
0.03764 4.86361 2.78692
0.04693 5.92307 3.39416
0.06113 7.57399 4.34061
0.05951 7.28171 4.17303
0.07831 9.48871 5.43867
0.13219 15.71546 9.01359
0.04878 5.71079 3.27249
0.09155 10.54454 6.04438
0.09315 10.60422 6.07862
0.07601 8.50311 4.87339
0.08594 9.53388 5.46458
0.07414 8.13588 4.66280
0.06621 7.25347 4.15684
0.15695 17.20065 9.86744
0.12058 13.23221 7.58704
0.10587 11.59269 6.64585
0.15414 16.79420 9.63371
0.10360 11.29276 6.47372
0.07014 7.66379 4.39210
0.08008 8.74308 5.01101
0.07702 8.38747 4.80708
0.05293 5.44183 3.11832
0.08101 9.34113 5.35402
0.06808 7.40500 4.24372
0.07364 8.00279 4.58649
0.08002 8.67140 4.96990
0.18234 19.81550 11.37210
0.10140 11.05144 6.33523
0.07039 7.67774 4.40010
0.14077 15.34662 8.80161
0.10976 11.97775 6.86685
0.11274 12.36283 7.08790
0.12694 13.99491 8.02505
0.06127 6.79321 3.89297
0.10266 11.51813 6.60305
0.06162 6.95059 3.98319
0.06173 7.03641 4.03240
0.02587 2.98372 1.70961
0.09263 10.83982 6.21380
0.06802 8.15720 4.67503
0.08299 9.99581 5.72956
0.11188 14.19904 8.14230
0.06093 7.74423 4.43822
0.03559 4.63539 2.65612
0.04202 5.59652 3.20699
0.04586 6.27933 3.59838
0.02239 3.17032 1.81654
0.03037 4.46191 2.55670
0.03214 4.91588 2.81688
0.03339 5.32347 3.05048
0.02936 4.87999 2.79630
0.03505 6.06056 3.47298
0.05327 9.64784 5.52995
0.04891 9.18529 5.26463
0.04102 7.99748 4.58344
0.03828 7.69094 4.40767
0.04137 8.53700 4.89283
0.04655 9.66737 5.54115
0.01910 4.10537 2.35237
0.02506 5.34159 3.06087
0.02837 6.10223 3.49686
0.02311 5.06323 2.90133
0.01864 4.13923 2.37177
0.03417 7.85091 4.49939
0.01791 4.06339 2.32831
0.04912 11.24062 6.44379
0.05220 12.34103 7.07538
0.05465 12.69711 7.27980
0.01147 2.77396 1.58941
0.00385 0.91515 0.52434
0.02747 6.59156 3.77737
0.02019 5.02416 2.87894
0.06357 15.34710 8.80189
0.03317 8.29491 4.75400
0.06253 15.40777 8.83676
0.03875 9.62561 5.51720
0.00555 1.41123 0.80858
0.03067 7.80432 4.47268
0.01465 3.78277 2.16750
0.02283 5.93471 3.40084
0.02943 7.72451 4.42692
0.02785 7.24980 4.15474
0.03111 8.26054 4.73429
0.01859 4.80971 2.75602
0.05985 16.13994 9.25757
0.01557 4.21417 2.41472
0.02413 6.30755 3.61456
0.03805 10.55601 6.05096
0.00898 2.35861 1.35142
0.03583 9.90707 5.67866
0.00144 0.37227 0.21330
0.03497 9.44478 5.41347
0.04479 11.95928 6.85625
0.01108 2.82550 1.61895
0.04020 10.50958 6.02432
0.00503 1.25977 0.72180
0.01749 4.32320 2.47720
0.01333 3.17833 1.82113
0.02087 4.87635 2.79422
0.00519 1.16952 0.67009
0.02174 4.79205 2.74590
0.00988 2.11444 1.21151
0.02657 5.49024 3.14607
0.04555 9.03390 5.17780
0.02293 4.32989 2.48104
0.01818 3.30838 1.89565
0.03260 5.73916 3.28875
0.03505 5.99443 3.43507
0.01993 3.30822 1.89556
0.02263 3.63796 2.08451
0.06777 10.57075 6.05942
0.02212 3.36978 1.93083
0.02392 3.52163 2.01785
0.01464 2.10763 1.20761
0.03028 4.24681 2.43343
0.02443 3.33990 1.91371
0.15031 20.06251 11.51434
0.03877 5.05327 2.89562
0.00728 0.92666 0.53094
0.02566 3.20248 1.83496
0.05738 7.02459 4.02562
0.05165 6.18758 3.54579
0.04882 5.72517 3.28073
0.09489 10.98282 6.29586
0.45880 52.54406 30.46307
0.04097 4.67747 2.68024
0.00547 0.62065 0.35561
0.03631 4.12097 2.36131
0.06671 7.56236 4.33395
0.05538 6.27542 3.59614
0.02424 2.74026 1.57010
0.03556 3.99246 2.28766
0.06159 6.91329 3.96181
0.03920 4.37849 2.50889
0.01583 1.76606 1.01189
0.07001 7.79523 4.46747
0.06227 6.91842 3.96475
0.05977 6.65310 3.81265
0.08235 9.16175 5.25114
0.05351 5.94695 3.40785
0.06523 7.28148 4.17290
0.02845 3.18428 1.82453
0.05183 5.77565 3.30966
0.06893 7.63520 4.37571
0.03509 3.90729 2.23886
0.02342 2.61076 1.49590
0.03863 4.30181 2.46495
0.05942 6.61394 3.79020
0.03869 4.30657 2.46767
0.05675 6.33867 3.63240
0.02191 2.38883 1.36873
0.05089 5.85815 3.35695
0.04423 4.97471 2.85059
0.06512 7.34995 4.21216
0.06644 7.52653 4.31340
0.04841 5.47168 3.13543
0.02413 2.73914 1.56946
0.02221 2.52461 1.44653
0.20522 23.33866 13.40260
0.01463 1.67392 0.95910
0.01628 1.85084 1.06047
0.02902 3.32407 1.90464
0.12877 14.69875 8.42937
0.05496 6.24705 3.57988
0.11417 12.92260 7.40926
0.03489 3.92966 2.25167
0.06976 7.80844 4.47504
0.10269 11.44772 6.56265
0.06439 7.21780 4.13639
0.03575 3.95469 2.26602
0.01660 1.82903 1.04797
0.04357 4.79506 2.74763
0.04698 5.15800 2.95564
0.05940 6.51122 3.73131
0.05025 5.43656 3.11531
0.04087 4.41796 2.53151
0.03674 3.95067 2.26371
0.02340 2.50783 1.43692
0.05726 6.11030 3.50149
0.05412 5.69234 3.26191
0.04974 5.29651 3.03503
0.06280 6.60659 3.78599
0.04948 5.17598 2.96595
0.03709 3.87391 2.21973
0.02263 2.34641 1.34443
0.03159 3.27735 1.87787
0.05026 5.18052 2.96855
0.03424 3.51213 2.01241
0.05987 6.11527 3.50433
0.03952 4.02007 2.30349
0.02794 2.78011 1.59294
0.02596 2.67808 1.53447
0.05211 5.31018 3.04286
0.01813 1.84765 1.05864
0.03815 3.89890 2.23405
0.03718 3.80491 2.18018
0.06444 6.60748 3.78649
0.05706 5.86365 3.36010
0.07003 7.18020 4.11483
0.12566 12.88416 7.38719
0.05210 5.33550 3.05738
0.06686 6.85498 3.92839
0.03379 3.46794 1.98709
0.07282 7.45688 4.27347
0.06745 6.92545 3.96878
0.02660 2.73050 1.56451
0.06097 6.24560 3.57905
0.04157 4.26707 2.44504
0.04169 4.27079 2.44717
0.05389 5.53615 3.17239
0.07933 8.14540 4.66826
0.05368 5.48876 3.14523
0.04720 4.84885 2.77846
0.03051 3.12553 1.79087
0.04916 5.06209 2.90067
0.01600 1.64481 0.94242
0.04056 4.17240 2.39078
0.06685 6.87507 3.93990
0.03699 3.82141 2.18964
0.00924 0.95514 0.54726
0.02703 2.79299 1.60032
0.02419 2.49962 1.43221
0.05481 5.61541 3.21782
0.02104 2.16823 1.24233
0.02533 2.60761 1.49410
0.03106 3.20284 1.83517
0.01555 1.60499 0.91960
0.02739 2.81288 1.61172
0.05039 5.18338 2.97019
0.06034 6.11644 3.50501
0.02976 3.13318 1.79526
0.07152 7.37911 4.22888
0.06709 6.87437 3.93950
0.04945 5.06375 2.90162
0.04191 4.26396 2.44326
0.03852 3.95751 2.26764
0.04162 4.26958 2.44647
0.05590 5.70154 3.26718
0.05428 5.51575 3.16069
0.04003 4.06415 2.32875
0.03869 3.94217 2.25884
0.07359 7.51173 4.30492
0.06034 6.16560 3.53319
0.04837 4.93084 2.82545
0.03349 3.38210 1.93789
0.05790 5.83937 3.34619
0.02120 2.13539 1.22351
0.02527 2.55452 1.46367
0.07494 7.57205 4.33950
0.01306 1.31452 0.75317
0.01771 1.78295 1.02157
0.04637 4.66011 2.67029
0.04951 4.98336 2.85555
0.04368 4.39006 2.51552
0.04570 4.57946 2.62406
0.03584 3.58523 2.05430
0.05343 5.33571 3.05750
0.04442 4.41634 2.53058
0.00719 0.71566 0.41004
0.01807 1.79765 1.02999
0.02362 2.35463 1.34913
0.07262 7.21986 4.13758
0.05171 5.14725 2.94948
0.06544 6.50694 3.72886
0.07881 7.84988 4.49881
0.03881 3.86876 2.21678
0.03223 3.21850 1.84415
0.00742 0.74498 0.42684
0.03165 3.17568 1.81961
0.03070 3.09679 1.77440
0.04532 4.56539 2.61601
0.08633 8.74839 5.01406
0.08260 8.44136 4.83798
0.08741 8.93249 5.11964
0.05390 5.51864 3.16235
0.02645 2.69605 1.54477
0.03737 3.83858 2.19948
0.05164 5.33619 3.05778
0.06293 6.52717 3.74046
0.03796 3.95372 2.26546
0.02836 2.95231 1.69161
0.08460 8.81973 5.05497
0.03439 3.59749 2.06132
0.02352 2.47380 1.41742
0.03098 3.30610 1.89434
0.04280 4.56432 2.61539
0.06468 6.98102 4.00064
0.00411 0.44737 0.25632
0.01598 1.76356 1.01046
0.05010 5.55298 3.18203
0.08083 8.94128 5.12468
0.06360 7.23879 4.14843
0.11446 13.01424 7.46188
0.12208 13.99600 8.02568
0.10533 12.21522 7.00316
0.09766 11.49033 6.58710
0.01063 1.26527 0.72495
0.02719 3.30330 1.89274
0.07810 9.66524 5.53993
0.16173 20.46347 11.74526
0.17614 22.64942 13.00506
0.22274 29.13196 16.75098
0.03427 4.53551 2.59888
0.02659 3.55558 2.03731
0.03543 4.79109 2.74536
0.01457 1.98245 1.13588
0.02074 2.85600 1.63642
0.01110 1.53872 0.88163
0.00601 0.84012 0.48136
0.02065 2.91177 1.66838
0.02660 3.75183 2.14977
0.05857 8.63898 4.95131
0.03128 4.60386 2.63805
0.07669 11.42213 6.54796
0.08234 12.45083 7.13842
0.06185 9.51272 5.45245
0.05492 8.63174 4.94716
0.04665 7.49400 4.29475
0.04125 6.79901 3.89630
0.06089 10.29866 5.90331
0.05209 9.10593 5.21912
0.06307 11.34384 6.50303
0.03591 6.65184 3.81193
0.03737 7.09786 4.06763
0.02633 5.16854 2.96169
0.02768 5.58171 3.19850
0.03650 7.53561 4.31861
0.04996 10.58899 6.06988
0.04929 10.73725 6.15495
0.03652 8.15669 4.67474
0.05260 12.08908 6.93076
0.03979 9.44895 5.41587
0.06464 15.78814 9.05536
0.07306 18.24536 10.46838
0.04683 12.04131 6.90333
0.04187 11.08883 6.35669
0.04470 12.33353 7.07108
0.04263 12.16153 6.97234
0.02579 7.53934 4.32075
0.03480 10.17651 5.83323
0.01495 4.40536 2.52429
0.01985 5.58040 3.19775
0.01636 4.95287 2.83808
0.03308 9.68546 5.55153
0.01419 4.25245 2.43666
0.03701 11.11195 6.36996
0.02890 8.73624 5.00709
0.03283 10.35377 5.93493
0.03013 9.17886 5.26095
0.02466 7.74092 4.43633
0.04980 14.58707 8.36520
0.03734 10.97225 6.28979
0.04257 11.57104 6.63342
0.05668 14.97580 8.58854
0.06338 17.06538 9.78964
0.09458 24.03099 13.80209
0.06007 15.43353 8.85156
0.05019 12.08080 6.92600
0.03063 7.44907 4.26899
0.05430 12.40414 7.11161
0.03123 7.01802 4.02186
0.01338 2.83286 1.62316
0.11735 23.67814 13.59847
0.08234 16.11275 9.24194
0.09071 17.34100 9.94815
0.06936 13.17304 7.55306
0.10953 19.48375 11.18110
0.08330 14.50361 8.31726
0.07106 12.18671 6.98680
0.09677 15.84840 9.09000
0.05600 9.06753 5.19709
0.02933 4.57394 2.62090
0.00608 0.93024 0.53299
0.03015 4.51132 2.58502
0.03266 4.75078 2.72225
0.02131 3.03172 1.73712
0.00998 1.39083 0.79689
0.01535 2.10705 1.20727
0.10363 13.92848 7.98690
0.06526 8.57429 4.91421
0.07195 9.28204 5.32013
0.09153 11.63751 6.67157
0.13874 17.54136 10.06339
0.06049 7.57325 4.34019
0.11781 14.65928 8.40669
0.09904 12.21666 7.00399
0.05985 7.36734 4.22213
0.08795 10.84307 6.21567
0.13505 16.65566 9.55405
0.06451 7.95071 4.55662
0.14368 17.56142 10.07493
0.08745 10.61459 6.08457
0.14056 16.96172 9.73004
0.10350 12.52129 7.17886
0.07882 9.54393 5.47035
0.00797 0.96539 0.55313
0.16135 19.60796 11.25261
0.00302 0.36659 0.21004
0.02633 3.21190 1.84036
0.02007 2.46043 1.40976
0.04884 6.00441 3.44079
0.05487 6.75732 3.87240
0.05330 6.60325 3.78407
0.13472 16.80220 9.63831
0.04138 5.21130 2.98619
0.09181 11.60582 6.65338
0.05153 6.58269 3.77229
0.04378 5.65963 3.24316
0.02880 3.79711 2.17571
0.01745 2.34989 1.34642
0.06080 8.40922 4.81955
0.04683 6.63282 3.80102
0.04253 6.17319 3.53754
0.02261 3.37691 1.93492
0.04118 6.29346 3.60648
0.07651 12.04307 6.90435
0.03987 6.54210 3.74901
0.05672 9.61773 5.51268
0.02898 5.10832 2.92717
0.05562 10.13016 5.80664
0.03268 6.19192 3.54828
0.01912 3.77096 2.16073
0.01675 3.45139 1.97760
0.02014 4.33675 2.48497
0.02206 4.89346 2.80403
0.01532 3.45554 1.97998
0.01966 4.47732 2.56553
0.06515 14.80832 8.49232
0.05537 12.79191 7.33423
0.06542 15.04748 8.62973
0.03934 9.33637 5.35129
0.03162 7.52830 4.31442
0.05870 13.95352 8.00128
0.01611 3.97523 2.27779
0.01085 2.60983 1.49536
0.07411 18.61431 10.68067
0.06254 15.29601 8.77253
0.05214 13.46866 7.72282
0.04183 10.34715 5.93113
0.05421 14.04927 8.05627
0.04639 11.97199 6.86355
0.04785 13.03481 7.47370
0.04215 11.02598 6.32063
0.02680 6.92267 3.96719
0.03651 9.73454 5.57968
0.03006 7.55980 4.33248
0.02368 6.26491 3.59011
0.01668 4.15719 2.38206
0.01632 4.19980 2.40649
0.01586 3.85559 2.20923
0.02170 5.22720 2.99530
0.00810 2.02129 1.15814
0.04410 10.35868 5.93774
0.01600 3.79828 2.17638
0.08536 18.99526 10.89991
0.03941 8.41647 4.82370
0.01217 2.62904 1.50637
0.02952 6.06767 3.47705
0.02822 5.74507 3.29214
0.05149 10.13259 5.80803
0.05701 10.91168 6.25504
0.05027 9.27287 5.31487
0.06805 12.06786 6.91858
0.06230 10.88005 6.23689
0.01375 2.33719 1.33914
0.03616 6.02682 3.45364
0.03610 5.87527 3.36677
0.04696 7.37718 4.22777
0.09604 14.76599 8.46800
0.03744 5.57436 3.19429
0.04277 6.24333 3.57774
0.04447 6.36464 3.64729
0.03321 4.66657 2.67399
0.02089 2.87861 1.64938
0.01475 1.97916 1.13399
0.02825 3.69256 2.11580
0.00895 1.14781 0.65765
0.03228 4.07426 2.33454
0.02246 2.81585 1.61342
0.02600 3.21695 1.84326
0.02181 2.68358 1.53762
0.03643 4.52969 2.59554
0.02338 2.90767 1.66603
0.01495 1.85462 1.06263
0.02972 3.67352 2.10489
0.03314 4.09786 2.34806
0.02286 2.81126 1.61079
0.05600 6.89758 3.95281
0.02688 3.29010 1.88517
0.04079 4.89217 2.80329
0.04164 5.12819 2.93856
0.03481 4.22948 2.42350
0.04208 5.13007 2.93964
0.06816 8.28776 4.74990
0.04295 5.20622 2.98328
0.07681 9.29031 5.32487
0.07383 8.92368 5.11459
0.11137 13.44689 7.71032
0.02580 3.12420 1.79011
0.04330 5.23643 3.00060
0.03346 4.05747 2.32492
0.02916 3.53999 2.02837
0.05395 6.56266 3.76080
0.03876 4.73109 2.71097
0.07108 8.70933 4.99165
0.07523 9.22808 5.28918
0.05896 7.23005 4.14342
0.02088 2.57434 1.47503
0.02685 3.33064 1.90841
0.03679 4.60499 2.63870
0.09402 11.81034 6.77077
0.05402 6.81833 3.90737
0.04252 5.36961 3.07693
0.03481 4.40540 2.52431
0.02719 3.46212 1.98374
0.01764 2.24165 1.28440
0.00693 0.88257 0.50568
0.01131 1.44606 0.82854
0.02299 2.98938 1.71285
0.01650 2.14511 1.22908
0.01458 1.89921 1.08819
0.02732 3.56974 2.04542
0.02416 3.15801 1.80948
0.05500 7.21659 4.13570
0.02386 3.13435 1.79592
0.03099 4.08697 2.34182
0.03449 4.57215 2.61988
0.01824 2.43956 1.39780
0.03508 4.70085 2.69364
0.01071 1.43462 0.82199
0.02332 3.08774 1.76921
0.02572 3.51807 2.01581
0.04343 5.96358 3.41739
0.03919 5.47573 3.13775
0.01208 1.66986 0.95677
0.02178 2.98723 1.71162
0.05110 7.02671 4.02684
0.02001 2.77647 1.59085
0.03952 5.53208 3.17005
0.01774 2.49628 1.43030
0.02493 3.52556 2.02010
0.02630 3.73454 2.13986
0.02792 3.99974 2.29183
0.02888 4.15785 2.38245
0.02545 3.66882 2.10220
0.05610 8.16035 4.67683
0.08441 12.37104 7.09261
0.10236 15.09603 8.65762
0.03773 5.59468 3.20593
0.07729 11.55448 6.62392
0.08201 12.45232 7.13927
0.04494 6.88167 3.94368
0.12232 18.81416 10.79568
0.02505 3.85896 2.21116
0.03052 4.72097 2.70517
0.03016 4.68194 2.68280
0.02840 4.41764 2.53133
0.03286 5.16759 2.96114
0.01335 2.10112 1.20387
0.01807 2.87095 1.64499
0.00786 1.25302 0.71793
0.01992 3.18368 1.82419
0.01454 2.33712 1.33910
0.03775 6.05112 3.46757
0.03116 4.96571 2.84543
0.02769 4.36313 2.50009
0.04132 6.41333 3.67520
0.02174 3.32374 1.90445
0.01733 2.60236 1.49108
0.03852 5.74361 3.29130
0.01015 1.49081 0.85418
0.02289 3.30865 1.89580
0.00487 0.69046 0.39560
0.02844 3.96815 2.27373
0.03223 4.44899 2.54930
0.06882 9.40358 5.38984
0.02806 3.76155 2.15534
0.02085 2.72867 1.56346
0.06266 8.04447 4.61039
0.05249 6.60652 3.78595
0.05621 6.93938 3.97677
0.05040 6.13229 3.51410
0.10589 12.62762 7.23991
0.10136 11.93387 6.84167
0.05371 6.16446 3.53254
0.02422 2.80545 1.60746
0.03867 4.36446 2.50085
0.04785 5.27961 3.02534
0.02652 2.89430 1.65837
0.06601 7.10874 4.07387
0.05771 6.13583 3.51612
0.06324 6.64696 3.80913
0.06273 6.52263 3.73786
0.05025 5.18607 2.97173
0.03414 3.48942 1.99939
0.03850 3.88082 2.22369
0.05702 5.72328 3.27965
0.07106 7.15078 4.09797
0.05465 5.49982 3.15156
0.02726 2.73164 1.56516
0.03066 3.04023 1.74199
0.07079 7.00918 4.01679
0.03009 2.97160 1.70266
0.02760 2.73511 1.56715
0.08419 8.35214 4.78682
0.01767 1.76224 1.00970
0.07231 7.15290 4.09919
0.02122 2.11689 1.21291
0.06898 6.95754 3.98718
0.09078 9.04119 5.18199
0.08094 8.11172 4.64895
0.05902 5.92020 3.39252
0.05472 5.50194 3.15278
0.08738 8.78563 5.03542
0.09895 9.95244 5.70469
0.04860 4.91190 2.81459
0.05005 5.09691 2.92063
0.04119 4.20520 2.40958
0.05558 5.69101 3.26115
0.02759 2.82307 1.61755
0.02899 2.96912 1.70124
0.06352 6.60804 3.78682
0.04691 4.88483 2.79908
0.08067 8.44340 4.83915
0.04869 5.12271 2.93542
0.07742 8.14023 4.66530
0.06405 6.73839 3.86155
0.03896 4.11783 2.35951
0.05118 5.42311 3.10760
0.05808 6.24095 3.57638
0.07183 7.67772 4.40009
0.03038 3.25348 1.86419
0.05734 6.16685 3.53391
0.04296 4.63016 2.65312
0.04492 4.85620 2.78267
0.04578 4.94361 2.83277
0.06202 6.68058 3.82840
0.11961 12.88207 7.38600
0.14349 15.45588 8.86440
0.14275 15.38627 8.82440
0.10584 11.35919 6.51184
0.07967 8.54454 4.89715
0.05861 6.30119 3.61091
0.07326 7.88212 4.51729
0.08519 9.10971 5.22129
0.11704 12.36791 7.09082
0.06970 7.55015 4.32694
0.01960 2.09251 1.19894
0.00329 0.34985 0.20045
0.03150 3.33700 1.91205
0.03192 3.38657 1.94046
0.04013 4.25997 2.44097
0.06540 6.89708 3.95252
0.03822 4.03517 2.31214
0.05882 6.19996 3.55288
0.10672 11.28413 6.46876
0.04802 5.06106 2.90008
0.05665 5.98671 3.43065
0.06842 7.22158 4.13856
0.05340 5.59396 3.20552
0.05642 5.92759 3.39676
0.08983 9.50278 5.44674
0.05541 5.87960 3.36925
0.11737 12.52804 7.18274
0.14384 15.33016 8.79216
0.13906 14.82930 8.50437
0.15128 16.13713 9.25596
0.02353 2.50588 1.43580
0.06005 6.46288 3.70360
0.06286 6.78621 3.88896
0.07763 8.45916 4.84819
0.07787 8.58250 4.91892
0.11623 13.00789 7.45823
0.06260 7.07014 4.05174
0.06747 7.74665 4.43962
0.16504 19.41913 11.14390
0.04638 5.58114 3.19818
0.21562 26.28721 15.10517
0.04340 5.30902 3.04220
0.04469 5.46794 3.13329
0.03598 4.40740 2.52546
0.02539 3.10716 1.78035
0.07578 9.31550 5.33932
0.03176 3.90485 2.23746
0.09519 11.72199 6.72006
0.02066 2.55837 1.46588
0.03298 4.11628 2.35862
0.00756 0.95425 0.54675
0.10626 13.38725 7.67607
0.02847 3.58533 2.05435
0.01041 1.31249 0.75201
0.03378 4.29500 2.46104
0.05253 6.66810 3.82125
0.25151 31.91162 18.36249
0.03190 4.13109 2.36711
0.01036 1.34392 0.77002
0.01641 2.12842 1.21952
0.03520 4.57281 2.62026
0.00844 1.09186 0.62559
0.02071 2.68219 1.53683
0.02269 2.97428 1.70420
0.02512 3.33232 1.90937
0.04903 6.58318 3.77256
0.04271 5.84904 3.35173
0.02835 3.96930 2.27439
0.03339 4.78951 2.74445
0.02122 3.13484 1.79620
0.01598 2.43868 1.39729
0.09600 15.31210 8.78178
0.06203 10.32385 5.91776
0.05900 10.30271 5.90563
0.08353 15.22326 8.73073
0.05044 9.64533 5.52851
0.03557 7.10691 4.07282
0.04872 10.13434 5.80904
0.04575 9.79375 5.61365
0.05445 11.69574 6.70499
0.11509 25.28441 14.52577
0.04736 10.47393 6.00387
0.03717 8.34528 4.78288
0.05007 11.05364 6.33650
0.04471 10.87840 6.23594
0.03791 9.29463 5.32735
0.04949 12.74401 7.30673
0.05020 13.75045 7.88465
0.06099 17.90471 10.27240
0.05138 16.13348 9.25386
0.04881 15.34878 8.80286
0.04767 15.09099 8.65472
0.03780 11.97246 6.86382
0.04865 15.63569 8.96774
0.05034 16.30748 9.35388
0.04036 13.29012 7.62029
0.04352 14.33530 8.22057
0.02607 8.80501 5.04653
0.04000 13.59751 7.79681
0.04371 14.78280 8.47765
0.04818 16.08237 9.22448
0.05041 16.50489 9.46737
0.06092 19.88902 11.41444
0.05677 18.09209 10.38020
0.04389 13.75592 7.88779
0.06263 19.35257 11.10558
0.05155 15.67244 8.98886
0.07692 22.93503 13.16978
0.05080 14.63738 8.39411
0.05493 15.51693 8.89949
0.03351 9.10228 5.21702
0.08686 23.01020 13.21313
0.03312 8.46285 4.85031
0.04159 10.25194 5.87650
0.07535 18.26840 10.48163
0.04382 10.22454 5.86078
0.05886 13.46548 7.72099
0.07184 15.94164 9.14359
0.11367 24.52055 14.08467
0.08309 17.71118 10.16107
0.07772 16.01533 9.18595
0.10550 21.23834 12.19166
0.05778 11.42988 6.55241
0.12921 24.87860 14.29141
0.08231 15.83637 9.08308
0.12589 23.38886 13.43157
0.06633 12.19400 6.99098
0.08312 14.99417 8.59909
0.08761 15.35692 8.80753
0.09006 15.66519 8.98469
0.08854 14.97508 8.58813
0.05806 9.73078 5.57753
0.07648 12.37053 7.09232
0.03580 5.78581 3.31549
0.05952 9.45295 5.41816
0.06942 10.75902 6.16744
0.07272 11.35719 6.51069
0.08666 13.12443 7.52515
0.05213 7.96197 4.56308
0.03134 4.76997 2.73325
0.07706 11.36493 6.51513
0.05978 8.90016 5.10110
0.02966 4.26702 2.44501
0.05093 7.29877 4.18281
0.04756 6.63556 3.80259
0.07856 10.95694 6.28101
0.02835 3.91190 2.24149
0.06638 9.00272 5.15992
0.03810 5.13490 2.94240
0.07328 9.68815 5.55307
0.06146 8.10938 4.64761
0.08649 11.21423 6.42865
0.05443 6.98344 4.00203
0.06790 8.64372 4.95403
0.06419 8.13265 4.66095
0.05810 7.33124 4.20143
0.05017 6.27554 3.59621
0.07422 9.14550 5.24181
0.06993 8.51205 4.87852
0.01584 1.90115 1.08930
0.01395 1.67626 0.96044
0.03974 4.74830 2.72083
0.01245 1.48029 0.84815
0.07731 9.15556 5.24758
0.01960 2.30033 1.31802
0.07129 8.21703 4.70934
0.06107 7.34263 4.20796
0.01779 2.08198 1.19291
0.02837 3.31873 1.90158
0.05915 6.95540 3.98595
0.02985 3.47484 1.99104
0.05741 6.85776 3.92998
0.08217 9.74569 5.58608
0.03565 4.25713 2.43934
0.06441 7.73672 4.43392
0.03433 4.14139 2.37301
0.07251 8.86126 5.07879
0.09432 11.74843 6.73523
0.05551 7.04240 4.03583
0.08019 10.40389 5.96368
0.09502 12.61431 7.23227
0.11143 15.03600 8.62313
0.10090 14.40979 8.26336
0.10121 14.60086 8.37313
0.07179 10.45415 5.99251
0.05670 8.49389 4.86810
0.06231 9.83472 5.63715
0.05665 8.94948 5.12939
0.04335 6.97314 3.99612
0.05557 9.49721 5.44355
0.06719 11.34420 6.50324
0.03398 5.94466 3.40654
0.04750 8.33470 4.77682
0.02818 4.96710 2.84623
0.04463 8.07264 4.62654
0.02864 5.21082 2.98592
0.03911 7.37414 4.22603
0.01525 2.95670 1.69413
0.02137 4.12253 2.36220
0.03078 6.20387 3.55513
0.03810 7.47452 4.28358
0.05501 11.41077 6.54144
0.05679 11.29680 6.47603
0.02890 6.15526 3.52726
0.07826 15.71689 9.01441
0.01651 3.57792 2.05011
0.02197 4.44465 2.54681
0.04764 10.51910 6.02978
0.01530 3.40891 1.95326
0.02545 5.29287 3.03295
0.01751 3.91929 2.24573
0.00502 1.04058 0.59621
0.01519 3.34136 1.91455
0.03165 6.43641 3.68843
0.05890 12.65740 7.25700
0.06546 13.16414 7.54795
0.02596 5.39042 3.08886
0.01480 2.99015 1.71329
0.13551 25.94456 14.90715
0.06000 11.52920 6.60941
0.04449 8.10554 4.64541
0.05900 10.99454 6.30258
0.07928 13.92426 7.98447
0.04845 8.77399 5.02874
0.04562 7.84617 4.49668
0.01370 2.29240 1.31348
0.01986 3.19718 1.83193
0.02446 3.94643 2.26129
0.03665 5.68301 3.25657
0.01019 1.55088 0.88860
0.01013 1.51404 0.86749
0.02056 3.00218 1.72019
0.02678 3.84615 2.20382
0.00885 1.24388 0.71269
0.06049 8.33343 4.77609
0.04318 5.83608 3.34431
0.03507 4.64984 2.66440
0.06233 8.15699 4.67491
0.01351 1.73084 0.99171
0.05565 7.03626 4.03231
0.07374 9.17303 5.25760
0.03238 3.96425 2.27149
0.02581 3.11229 1.78328
0.01479 1.75808 1.00732
0.02614 3.06263 1.75483
0.02481 2.85948 1.63842
0.02174 2.48274 1.42254
0.00936 1.05064 0.60198
0.02539 2.82011 1.61586
0.05759 6.33250 3.62886
0.04548 4.95226 2.83772
0.06536 7.06234 4.04726
0.01510 1.61665 0.92628
0.07972 8.48253 4.86159
0.06921 7.32215 4.19622
0.06267 6.60691 3.78617
0.06671 7.01514 4.02020
0.07714 8.08200 4.63191
0.07536 7.90956 4.53303
0.07926 8.32691 4.77235
0.06200 6.51334 3.73253
0.03780 3.99128 2.28699
0.04451 4.66177 2.67124
0.02604 2.73522 1.56721
0.04139 4.34681 2.49073
0.04807 5.07711 2.90928
0.02926 3.10523 1.77924
0.10742 11.42245 6.54814
0.03925 4.17747 2.39369
0.06091 6.48720 3.71754
0.02954 3.15922 1.81017
0.06140 6.57512 3.76794
0.04954 5.31837 3.04756
0.08575 9.23020 5.29040
0.07795 8.39245 4.80993
0.04141 4.47730 2.56552
0.02426 2.61184 1.49652
0.24588 26.48891 15.22175
0.23301 25.09130 14.41424
0.02668 2.86325 1.64058
0.03730 4.01640 2.30138
0.10184 10.93769 6.26996
0.09359 10.06086 5.76688
0.08241 8.82121 5.05582
0.05108 5.44906 3.12247
0.05838 6.21763 3.56301
0.08193 8.67883 4.97417
0.06420 6.79958 3.89662
0.01758 1.85370 1.06211
0.04088 4.28486 2.45523
0.05983 6.26110 3.58793
0.04932 5.16171 2.95777
0.05751 6.00768 3.44267
0.05004 5.17488 2.96532
0.05880 6.05070 3.46732
0.03113 3.18109 1.82271
0.02239 2.27941 1.30603
0.04101 4.13884 2.37155
0.06576 6.60771 3.78663
0.07665 7.66098 4.39049
0.05841 5.74056 3.28955
0.04826 4.78491 2.74182
0.02118 2.07070 1.18645
0.03266 3.20367 1.83565
0.06357 6.20439 3.55543
0.05381 5.19638 2.97764
0.08016 7.68469 4.40409
0.04639 4.42021 2.53280
0.05666 5.36187 3.07250
0.06467 6.11983 3.50695
0.01990 1.86458 1.06834
0.00413 0.38743 0.22198
0.04027 3.77184 2.16123
0.07121 6.66033 3.81680
0.04579 4.28663 2.45625
0.03280 3.06995 1.75902
0.14399 13.43889 7.70572
0.05222 4.88688 2.80026
0.08387 7.84207 4.49433
0.07489 6.99641 4.00947
0.04705 4.40189 2.52230
0.04314 4.04091 2.31543
0.07962 7.44225 4.26508
0.05548 5.19658 2.97775
0.04172 3.89850 2.23382
0.04376 4.10372 2.35142
0.09697 9.08295 5.20594
0.09196 8.59858 4.92814
0.07055 6.61440 3.79047
0.06185 5.78103 3.31275
0.04445 4.16198 2.38481
0.03379 3.17218 1.81760
0.03628 3.39506 1.94532
0.04394 4.12393 2.36301
0.03367 3.16109 1.81125
0.03063 2.87573 1.64773
0.02697 2.52626 1.44748
0.10046 9.34355 5.35541
0.01648 1.52908 0.87611
0.06035 5.60948 3.21442
0.02850 2.63857 1.51183
0.06517 6.03209 3.45666
0.04884 4.52227 2.59129
0.01409 1.29949 0.74456
0.03029 2.79730 1.60279
0.07270 6.72069 3.85140
0.07171 6.59850 3.78135
0.04811 4.41780 2.53142
0.05099 4.64625 2.66235
0.00810 0.73812 0.42291
0.06411 5.83397 3.34309
0.04572 4.15901 2.38311
0.03565 3.20268 1.83508
0.03885 3.49193 2.00083
0.06202 5.57607 3.19527
0.07180 6.48440 3.71594
0.07801 6.99805 4.01040
0.05861 5.21311 2.98723
0.06777 5.95492 3.41242
0.03621 3.19225 1.82910
0.03979 3.49775 2.00416
0.03848 3.36584 1.92858
0.04035 3.52135 2.01769
0.04245 3.68982 2.11423
0.05020 4.35357 2.49461
0.05033 4.34087 2.48733
0.04165 3.59138 2.05782
0.03875 3.32087 1.90281
0.06268 5.34978 3.06557
0.03397 2.89637 1.65955
0.04949 4.23025 2.42393
0.08141 6.98726 4.00422
0.14116 12.10212 6.93824
0.09635 8.28267 4.74698
0.07133 6.14667 3.52234
0.04798 4.13586 2.36984
0.07874 6.80636 3.90051
0.01766 1.52850 0.87577
0.05962 5.18466 2.97092
0.06966 6.05005 3.46695
0.04362 3.80816 2.18205
0.10385 9.13987 5.23859
0.11186 9.82856 5.63362
0.04969 4.37853 2.50891
0.05761 5.07582 2.90855
0.03023 2.68039 1.53580
0.04940 4.39407 2.51782
0.03292 2.96987 1.70167
0.03822 3.44972 1.97664
0.06592 6.00128 3.43900
0.03009 2.78297 1.59458
0.03400 3.17102 1.81694
0.04115 3.88783 2.22771
0.06067 5.81928 3.33467
0.03818 3.69729 2.11851
0.04795 4.77961 2.73878
0.03692 3.70445 2.12261
0.08584 8.77634 5.03009
0.05529 5.74542 3.29234
0.04396 4.62586 2.65066
0.15323 16.50424 9.46700
0.04094 4.47521 2.56432
0.01562 1.73832 0.99599
0.02113 2.40374 1.37728
0.02450 2.83497 1.62437
0.14246 16.87069 9.67770
0.18511 22.13380 12.70776
0.25073 30.60893 17.60682
0.21236 26.22942 15.07177
0.03064 3.96134 2.26983
0.04115 5.77888 3.31152
0.01664 2.33405 1.33734
0.02377 3.33387 1.91026
0.02255 3.16302 1.81236
0.03292 4.62543 2.65041
0.04486 6.30333 3.61214
0.01953 2.74239 1.57132
0.04395 6.17734 3.53992
0.03733 5.25015 3.00846
0.04820 6.78630 3.88901
0.08592 12.08331 6.92744
0.11993 16.88838 9.68786
0.17779 25.03534 14.38192
0.20998 29.57629 17.00835
0.30682 41.69131 24.06383
0.07232 11.80582 6.76817
0.09372 15.76762 9.04357
0.10097 17.50706 10.04366
0.04203 7.55517 4.32982
0.06122 11.48588 6.58455
0.05273 10.24346 5.87164
0.03057 6.25986 3.58722
0.06469 13.93327 7.98965
0.06206 14.21971 8.15417
0.04982 12.12114 6.94916
0.03181 8.24528 4.72553
0.04392 12.23950 7.01710
0.04559 13.69190 7.85102
0.04784 15.45362 8.86311
0.02737 9.47979 5.43356
0.04316 16.16935 9.27448
0.05184 21.04424 12.07982
0.02240 9.64960 5.53096
0.05047 22.80778 13.09638
0.04002 18.63859 10.69465
0.04218 20.26549 11.63123
0.02714 13.38832 7.67668
0.03945 19.89651 11.41875
0.04181 21.20453 12.17218
0.03527 17.77308 10.19668
0.03572 17.93299 10.28866
0.03639 18.28217 10.48956
0.02770 14.02396 8.04174
0.04185 21.19864 12.16878
0.03309 16.66500 9.55942
0.03071 15.51817 8.90020
0.02680 13.56245 7.77668
0.03146 15.65791 8.98051
0.03320 15.62499 8.96159
0.02302 10.05154 5.76153
0.03558 14.19095 8.13765
0.03353 12.37489 7.09482
0.04772 16.48430 9.45554
0.03592 11.79008 6.75914
0.03760 11.60368 6.65216
0.03292 9.61602 5.51170
0.03603 9.77269 5.60157
0.02606 6.67021 3.82246
0.02142 5.16694 2.96077
0.03896 8.83751 5.06517
0.01734 3.74115 2.14364
0.02543 5.20741 2.98396
0.02977 5.87876 3.36876
0.03927 7.45623 4.27309
0.04520 8.31735 4.76686
0.03635 6.51867 3.73559
0.06329 10.97484 6.29128
0.06587 11.02493 6.32002
0.08547 13.79521 7.91036
0.04551 7.10548 4.07200
0.05811 8.77290 5.02812
0.04712 6.93099 3.97196
0.04419 6.39331 3.66372
0.06280 8.89061 5.09563
0.05872 8.16348 4.67863
0.07681 10.32390 5.91779
0.03302 4.29386 2.46039
0.03233 4.08329 2.33972
0.03400 4.21513 2.41527
0.04235 5.20798 2.98429
0.04739 5.68930 3.26017
0.04821 5.72779 3.28223
0.01790 2.06488 1.18311
0.01833 2.08044 1.19203
0.05310 5.96357 3.41738
0.10064 11.16569 6.40080
0.05529 6.05063 3.46729
0.05194 5.61893 3.21983
0.05541 5.93369 3.40025
0.06727 7.11472 4.07730
0.03461 3.60996 2.06847
0.10589 10.91702 6.25810
0.06130 6.23388 3.57233
0.09848 9.95783 5.70778
0.07069 7.09566 4.06637
0.09041 9.01544 5.16722
0.07665 7.62168 4.36796
0.08879 8.73777 5.00797
0.07966 7.79302 4.46620
0.08634 8.39988 4.81419
0.10721 10.39973 5.96129
0.10939 10.52601 6.03375
0.15676 15.06366 8.63902
0.65228 62.01945 36.13018
0.14934 14.16706 8.12393
0.13000 12.34118 7.07547
0.07369 6.94132 3.97788
0.03522 3.31819 1.90127
0.05942 5.58876 3.20254
0.03606 3.38867 1.94166
0.07953 7.48902 4.29190
0.02705 2.53830 1.45438
0.06588 6.22084 3.56485
0.07179 6.76710 3.87800
0.02803 2.63179 1.50795
0.04849 4.53136 2.59650
0.04172 3.89945 2.23436
0.05184 4.87628 2.79418
0.04219 3.99404 2.28857
0.05615 5.31804 3.04737
0.02870 2.71046 1.55302
0.06820 6.39072 3.66224
0.00380 0.35502 0.20341
0.01757 1.64168 0.94062
0.02864 2.68230 1.53689
0.04989 4.67539 2.67905
0.09150 8.58610 4.92099
0.05582 5.23214 2.99814
0.04710 4.39199 2.51663
0.04000 3.72974 2.13711
0.10507 9.76320 5.59613
0.08912 8.34197 4.78099
0.10129 9.47604 5.43141
0.06963 6.50162 3.72581
0.07009 6.51103 3.73121
0.11603 10.73121 6.15149
0.12450 11.51012 6.59846
0.06771 6.28708 3.60283
0.11642 10.82729 6.20662
0.10455 9.68958 5.55389
0.08586 7.95136 4.55699
0.00893 0.82673 0.47368
0.06138 5.67870 3.25409
0.01980 1.83009 1.04858
0.03795 3.50474 2.00817
0.08950 8.27987 4.74537
0.05158 4.77719 2.73739
0.04319 3.98330 2.28241
0.04582 4.21195 2.41345
0.05465 4.99778 2.86381
0.08284 7.57565 4.34157
0.08143 7.46039 4.27548
0.09868 9.04580 5.18463
0.08354 7.65262 4.38570
0.06654 6.10828 3.50033
0.03834 3.53019 2.02275
0.04305 3.91832 2.24517
0.00731 0.66580 0.38147
0.03238 2.95571 1.69356
0.14028 12.78169 7.32836
0.08466 7.70441 4.41540
0.10180 9.26933 5.31284
0.15282 13.88876 7.96408
0.10107 9.19184 5.26839
0.09465 8.57410 4.91410
0.04983 4.52050 2.59028
0.04481 4.06761 2.33073
0.03652 3.30593 1.89424
0.04889 4.41693 2.53092
0.10100 9.09347 5.21197
0.06244 5.63978 3.23178
0.11463 10.35174 5.93376
0.05152 4.64050 2.65905
0.04111 3.68931 2.11394
0.03492 3.13862 1.79837
0.10536 9.46238 5.42357
0.08284 7.39790 4.23965
0.06145 5.50078 3.15211
0.08550 7.62440 4.36952
0.03721 3.33500 1.91090
0.07665 6.84163 3.92073
0.06371 5.68331 3.25674
0.03487 3.10033 1.77643
0.03119 2.75996 1.58139
0.10685 9.45368 5.41858
0.09029 7.98519 4.57639
0.13480 11.91005 6.82800
0.09809 8.65266 4.95916
0.03171 2.80153 1.60521
0.05907 5.19766 2.97837
0.06238 5.49961 3.15144
0.10968 9.64030 5.52563
0.12756 11.19137 6.41553
0.05353 4.70535 2.69621
0.10182 8.91626 5.11033
0.05528 4.83934 2.77301
0.09500 8.33626 4.77771
0.07797 6.84721 3.92393
0.05068 4.43685 2.54233
0.07146 6.24867 3.58081
0.06570 5.73141 3.28431
0.08103 7.13339 4.08800
0.03948 3.46113 1.98318
0.06499 5.70898 3.27145
0.03620 3.17088 1.81686
0.06965 6.14303 3.52025
0.05069 4.47496 2.56418
0.01219 1.07140 0.61387
0.06323 5.52826 3.16786
0.02947 2.60653 1.49347
0.08007 7.11439 4.07711
0.05181 4.65254 2.66595
0.02501 2.24457 1.28607
0.08434 7.52462 4.31231
0.08033 7.15144 4.09834
0.05688 5.08308 2.91270
0.08842 7.97477 4.57042
0.09538 8.65085 4.95812
0.05936 5.46586 3.13210
0.04555 4.21598 2.41576
0.04087 3.76123 2.15515
0.05473 4.99370 2.86148
0.05656 5.18417 2.97064
0.05530 5.15886 2.95614
0.06822 6.46859 3.70687
0.05457 5.19906 2.97918
0.07526 7.38576 4.23269
0.09050 8.76887 5.02580
0.05432 5.24509 3.00556
0.04310 4.17251 2.39085
0.04139 4.05381 2.32282
0.09855 9.73715 5.58118
0.01587 1.58765 0.90966
0.03896 3.91373 2.24254
0.08938 9.03802 5.18017
0.04209 4.31766 2.47403
0.00684 0.69792 0.39988
0.02366 2.42359 1.38865
0.04779 4.92813 2.82390
0.08188 8.58072 4.91790
0.12812 13.50525 7.74383
0.01890 1.99027 1.14036
0.02178 2.30854 1.32272
0.02143 2.28097 1.30693
0.04215 4.55245 2.60858
0.11839 12.83398 7.35838
0.03112 3.38777 1.94114
0.04035 4.40105 2.52182
0.06792 7.44616 4.26732
0.04694 5.17375 2.96467
0.05529 6.11039 3.50154
0.07420 8.27708 4.74377
0.03621 4.07980 2.33771
0.06028 6.79221 3.89240
0.05012 5.64391 3.23415
0.03363 3.78126 2.16663
0.03308 3.75845 2.15356
0.05130 5.89227 3.37651
0.04920 5.70461 3.26894
0.03018 3.51727 2.01535
0.04327 5.04986 2.89366
0.01982 2.31018 1.32366
0.02077 2.44110 1.39868
0.02874 3.39840 1.94723
0.01373 1.64524 0.94267
0.02720 3.26482 1.87069
0.00690 0.83790 0.48008
0.03168 3.91022 2.24053
0.01055 1.33215 0.76327
0.03930 5.00245 2.86649
0.00072 0.09301 0.05329
0.02053 2.69147 1.54214
0.03001 3.99929 2.29157
0.03365 4.55777 2.61164
0.05359 7.31551 4.19241
0.03461 4.83365 2.76975
0.03002 4.25195 2.43637
0.03733 5.37358 3.07920
0.05681 8.28608 4.74893
0.07929 11.76141 6.74268
0.13037 19.58564 11.23976
0.12761 19.51987 11.20189
0.09612 14.98295 8.59265
0.06064 9.64861 5.53039
0.06887 11.19192 6.41585
0.09164 15.26313 8.75364
0.04612 7.81594 4.47935
0.02922 5.01811 2.87546
0.04402 7.72726 4.42850
0.02842 5.03415 2.88466
0.01238 2.25271 1.29074
0.01594 2.95860 1.69521
0.02425 4.62812 2.65196
0.02794 5.40728 3.09852
0.01681 3.32512 1.90524
0.03589 7.23374 4.14553
0.04152 8.54750 4.89885
0.04381 9.26780 5.31196
0.04327 9.32415 5.34428
0.02923 6.48093 3.71395
0.03646 8.38531 4.80584
0.02360 5.60492 3.21181
0.01928 4.72659 2.70839
0.01853 4.71038 2.69910
0.03304 8.54055 4.89487
0.02202 5.99162 3.43346
0.03923 10.78597 6.18291
0.04377 12.39206 7.10468
0.01208 3.59506 2.05993
0.01791 5.25094 3.00892
0.04579 14.34749 8.22757
0.04870 14.93211 8.56344
0.03961 12.29318 7.04792
0.00996 3.19995 1.83351
0.04698 14.80975 8.49313
0.02186 7.12576 4.08363
0.05165 16.59968 9.52187
0.04316 14.17558 8.12882
0.00231 0.77870 0.44616
0.04030 13.37258 7.66765
0.01030 3.48139 1.99479
0.03114 10.54903 6.04696
0.02526 8.87207 5.08499
0.02252 7.88743 4.52034
0.00328 1.12684 0.64564
0.01075 3.65275 2.09299
0.00750 2.53105 1.45022
0.01913 6.46191 3.70305
0.01477 5.08697 2.91493
0.01374 4.64578 2.66208
0.03504 11.82085 6.77680
0.01724 5.83914 3.34606
0.01180 3.92190 2.24723
0.01221 4.06115 2.32703
0.00975 3.17315 1.81816
0.00772 2.46156 1.41041
0.02725 8.41288 4.82165
0.04728 14.42756 8.27357
0.04545 13.69846 7.85479
0.03277 9.76151 5.59515
0.01211 3.46207 1.98372
0.02074 6.01585 3.44735
0.03042 8.43525 4.83448
0.03641 9.85995 5.65163
0.00989 2.62913 1.50642
0.03431 8.87007 5.08384
0.04034 9.90316 5.67641
0.04012 9.52912 5.46185
0.06522 14.82780 8.50350
0.05788 12.49038 7.16112
0.04604 9.67547 5.54580
0.07400 15.04740 8.62968
0.05463 10.63623 6.09699
0.04143 7.73346 4.43205
0.06139 10.99594 6.30339
0.04225 7.29339 4.17973
0.06268 10.34638 5.93069
0.02692 4.30217 2.46515
0.01257 1.92486 1.10288
0.02805 4.10184 2.35035
0.00977 1.37246 0.78637
0.01374 1.85108 1.06061
0.02961 3.87663 2.22128
0.03166 4.02834 2.30823
0.03463 4.28680 2.45634
0.03576 4.27252 2.44816
0.05441 6.31270 3.61751
0.04560 5.16311 2.95858
0.05799 6.40157 3.66845
0.04723 5.09946 2.92209
0.05162 5.43662 3.11534
0.03933 4.03726 2.31334
0.07511 7.52756 4.31399
0.04346 4.25334 2.43717
0.04357 4.17110 2.39004
0.04090 3.83237 2.19592
0.06798 6.24185 3.57690
0.04105 3.69133 2.11510
0.04520 3.96088 2.26956
0.02600 2.23969 1.28328
0.01471 1.24501 0.71334
0.08619 7.25842 4.15968
0.03904 3.28451 1.88197
0.06528 5.52496 3.16597
0.06251 5.31713 3.04685
0.08529 7.26706 4.16464
0.07590 6.44389 3.69271
0.05587 4.74649 2.71979
0.03725 3.16920 1.81589
0.10665 9.02138 5.17062
0.07283 6.18175 3.54245
0.08433 7.14871 4.09678
0.03312 2.80762 1.60870
0.08689 7.37339 4.22560
0.04008 3.40561 1.95136
0.07023 5.97753 3.42538
0.04997 4.27131 2.44747
0.09715 8.29067 4.75156
0.08617 7.40272 4.24242
0.08932 7.66662 4.39373
0.09471 8.16561 4.67985
0.07523 6.48444 3.71596
0.06490 5.60476 3.21171
0.08858 7.66579 4.39325
0.07689 6.67043 3.82259
0.09053 7.87718 4.51446
0.06734 5.87292 3.36542
0.05329 4.65077 2.66493
0.04807 4.21988 2.41799
0.06218 5.47067 3.13486
0.06155 5.43059 3.11188
0.06765 5.96807 3.41996
0.05362 4.73878 2.71538
0.05427 4.79022 2.74486
0.04673 4.15299 2.37966
0.07913 7.08480 4.06014
0.05273 4.73075 2.71078
0.05995 5.39961 3.09412
0.03602 3.23329 1.85262
0.05453 4.91597 2.81693
0.05586 5.06908 2.90468
0.03193 2.90710 1.66570
0.04545 4.13631 2.37010
0.01580 1.43694 0.82332
0.01490 1.35492 0.77632
0.01197 1.08905 0.62398
0.05338 4.87527 2.79360
0.01708 1.57209 0.90075
0.12956 11.93130 6.84019
0.09669 8.89144 5.09610
0.07362 6.73503 3.85962
0.04922 4.48795 2.57162
0.10348 9.43724 5.40915
0.09249 8.40990 4.81994
0.08243 7.54494 4.32396
0.06079 5.57848 3.19665
0.06867 6.31511 3.61889
0.14467 13.31086 7.63220
0.10004 9.23220 5.29154
0.08400 7.77221 4.45427
0.08039 7.44253 4.26524
0.11779 10.94047 6.27156
0.05387 4.99530 2.86239
0.12567 11.71521 6.71616
0.11264 10.52690 6.03426
0.00694 0.64982 0.37232
0.06059 5.70064 3.26667
0.13533 12.70633 7.28510
0.27443 25.85026 14.85266
0.14522 13.74741 7.88290
0.05995 5.66707 3.24743
0.05649 5.36843 3.07625
0.04517 4.29112 2.45882
0.02999 2.86975 1.64430
0.06050 5.77705 3.31046
0.03379 3.24478 1.85920
0.07060 6.79581 3.89446
0.09302 8.95262 5.13119
0.22778 21.96732 12.61179
0.20226 19.60000 11.24802
0.05819 5.67349 3.25111
0.06412 6.21465 3.56131
0.03265 3.18211 1.82329
0.05748 5.62070 3.22085
0.04381 4.29879 2.46322
0.03921 3.85974 2.21160
0.06448 6.33857 3.63234
0.10566 10.42510 5.97585
0.00739 0.73285 0.41989
0.04590 4.56413 2.61528
0.04365 4.36031 2.49847
0.03333 3.32419 1.90471
0.04724 4.73182 2.71139
0.10996 11.04293 6.33035
0.10840 10.95080 6.27748
0.13772 13.96906 8.01020
0.08060 8.17701 4.68639
0.06775 6.90080 3.95465
0.07491 7.64445 4.38102
0.06519 6.67428 3.82479
0.02524 2.59279 1.48560
0.06278 6.46224 3.70324
0.13195 13.68408 7.84653
0.06110 6.33062 3.62779
0.05598 5.80744 3.32789
0.05336 5.54515 3.17754
0.07096 7.37811 4.22830
0.12657 13.25049 7.59754
0.21071 22.01682 12.64033
0.11307 11.82426 6.77876
0.07542 7.84532 4.49619
0.00848 0.88199 0.50535
0.14379 14.95273 8.57529
0.19533 20.23257 11.61228
0.10041 10.40038 5.96167
0.11101 11.43434 6.55497
0.12479 12.83459 7.35873
0.08036 8.20885 4.70464
0.08714 8.83578 5.06418
0.12067 12.23190 7.01274
0.13058 13.07908 7.49911
0.08183 8.20402 4.70187
0.14055 14.04795 8.05551
0.08990 8.86756 5.08240
0.09584 9.43764 5.40938
0.07481 7.33365 4.20282
0.12926 12.61972 7.23537
0.10907 10.59072 6.07087
0.09447 9.11456 5.22407
0.01683 1.60309 0.91851
0.06512 6.16774 3.53441
0.05904 5.54313 3.17639
0.10333 9.67491 5.54548
0.20300 18.92631 10.86023
0.16372 15.12860 8.67634
0.04290 3.94726 2.26176
0.20988 19.21495 11.02636
0.77750 70.58492 41.33260
0.12333 11.16631 6.40116
0.20298 18.23615 10.46308
0.11696 10.46292 5.99755
0.23425 20.60551 11.82707
0.08109 7.36116 4.21859
0.24430 21.93458 12.59292
0.07191 6.40674 3.67142
0.14857 13.30730 7.63016
0.14629 13.11847 7.52173
0.17461 15.67211 8.98867
0.05762 5.20598 2.98315
0.04598 4.15603 2.38140
0.13364 12.10463 6.93969
0.05266 4.77532 2.73632
0.12018 10.95567 6.28028
0.11630 10.57463 6.06164
0.06180 5.66900 3.24853
0.11494 10.56435 6.05574
0.08403 7.72934 4.42969
0.11543 10.67596 6.11979
0.11718 10.85607 6.22313
0.21858 20.35418 11.68231
0.12935 12.11214 6.94400
0.14588 13.69835 7.85473
0.17839 16.85187 9.66687
0.11216 10.62668 6.09151
0.15535 14.79967 8.48734
0.09871 9.41233 5.39486
0.09374 8.98274 5.14847
0.05835 5.64739 3.23615
0.11779 11.40540 6.53836
0.16086 15.73243 9.02334
0.12041 11.90714 6.82633
0.09438 9.50690 5.44911
0.08677 8.95142 5.13050
0.14574 15.40916 8.83756
0.17110 18.59075 10.66711
0.18764 21.07002 12.09468
0.16744 19.36337 11.11180
0.10763 12.82714 7.35446
0.09432 11.56624 6.63067
0.12271 15.60535 8.95030
0.09932 13.14188 7.53517
0.10726 14.69903 8.42952
0.16597 23.68916 13.60483
0.08902 13.14758 7.53845
0.17112 25.53365 14.66974
0.24116 39.40036 22.72337
0.08034 13.15883 7.54490
0.04744 8.00923 4.59018
0.06395 11.14914 6.39130
0.07284 13.04623 7.48025
0.07658 13.97517 8.01371
0.09719 18.22851 10.45868
0.02131 4.06983 2.33200
0.15023 29.34984 16.87717
0.03389 6.84184 3.92085
0.02601 5.37252 3.07860
0.24398 52.90988 30.68036
0.03720 8.29932 4.75653
0.00767 1.77032 1.01433
0.05772 14.11922 8.09645
0.04310 11.03772 6.32736
0.02470 6.84767 3.92419
0.03085 9.09855 5.21489
0.01060 3.35984 1.92514
0.02978 10.06212 5.76761
0.02724 9.22396 5.28682
0.02154 7.43293 4.25974
0.03096 10.71832 6.14409
0.03781 12.89152 7.39142
0.03208 11.35053 6.50687
0.02374 8.32771 4.77280
0.01669 6.06114 3.47331
0.04193 15.39466 8.82923
0.01100 3.91842 2.24523
0.02761 9.88678 5.66702
0.02698 9.13185 5.23398
0.00498 1.66790 0.95565
0.03391 10.70128 6.13431
0.02229 6.95897 3.98800
0.02955 8.91721 5.11088
0.04180 11.93064 6.83982
0.04242 11.98378 6.87031
0.01758 4.65039 2.66472
0.02450 6.39918 3.66709
0.01854 4.63643 2.65672
0.01633 3.81373 2.18524
0.04005 9.09081 5.21044
0.03944 8.39982 4.81416
0.01461 3.01537 1.72774
0.01881 3.63631 2.08357
0.02230 4.27619 2.45027
0.02650 4.80523 2.75346
0.01072 1.85357 1.06203
0.06361 10.62866 6.09265
0.05987 9.63418 5.52212
0.04104 6.36230 3.64595
0.04611 6.89056 3.94878
0.03531 5.06165 2.90042
0.03918 5.51243 3.15879
0.04806 6.56667 3.76310
0.04494 5.98160 3.42772
0.05113 6.64545 3.80826
0.05088 6.45069 3.69661
0.01094 1.34381 0.76995
0.00263 0.31421 0.18003
0.01089 1.26931 0.72727
0.04805 5.49182 3.14698
0.06127 6.85754 3.92985
0.03403 3.73706 2.14130
0.03646 3.91454 2.24301
0.04708 4.96237 2.84352
0.07085 7.35165 4.21314
0.08981 9.22355 5.28658
0.07789 7.56582 4.33593
0.08013 8.37070 4.79746
0.07486 7.36953 4.22339
0.28128 27.04190 15.54147
0.05396 5.14959 2.95083
0.02272 2.14150 1.22702
0.03529 3.26519 1.87090
0.03806 3.49383 2.00192
0.04320 3.91372 2.24254
0.03401 3.04744 1.74612
0.04423 3.90814 2.23934
0.05651 4.90725 2.81193
0.08429 7.26774 4.16502
0.10015 8.60483 4.93173
0.07140 6.08287 3.48577
0.11010 9.28785 5.32346
0.06362 5.33630 3.05784
0.10276 8.57193 4.91286
0.03772 3.13408 1.79577
0.03242 2.70480 1.54979
0.06578 5.46329 3.13063
0.11822 9.78236 5.60712
0.12228 10.09947 5.78903
0.18158 14.96141 8.58027
0.03743 3.09818 1.77520
0.03426 2.83436 1.62402
0.03384 2.79854 1.60350
0.06028 4.99914 2.86459
0.05599 4.65449 2.66707
0.05968 5.02553 2.87972
0.05187 4.36504 2.50118
0.07169 6.00130 3.43901
0.08633 7.22471 4.14035
0.06207 5.20954 2.98518
0.03404 2.86542 1.64182
0.01096 0.91725 0.52555
0.09725 8.14288 4.66682
0.03281 2.76597 1.58484
0.07096 5.94540 3.40697
0.02698 2.25705 1.29322
0.02610 2.17007 1.24338
0.01469 1.22414 0.70139
0.02940 2.45144 1.40461
0.02664 2.22427 1.27444
0.02206 1.84661 1.05804
0.03481 2.91776 1.67181
0.06896 5.76963 3.30621
0.05381 4.50487 2.58132
0.04953 4.13905 2.37167
0.09251 7.80661 4.47400
0.09722 8.24665 4.72633
0.08374 7.12378 4.08249
0.09969 8.48675 4.86401
0.05195 4.43779 2.54288
0.08183 6.98460 4.00269
0.05946 5.11669 2.93197
0.11658 10.07951 5.77758
0.09127 7.90347 4.52953
0.14333 12.41954 7.12046
0.20508 17.75979 10.18903
0.31561 27.74329 15.94716
0.30496 26.97413 15.50228
0.09926 8.78245 5.03359
0.09331 8.23425 4.71921
0.09326 8.19754 4.69816
0.08743 7.67436 4.39816
0.08272 7.32393 4.19724
0.05703 5.12111 2.93450
0.06861 6.08853 3.48901
0.10583 9.35001 5.35912
0.19437 17.16995 9.84978
0.14032 12.52027 7.17828
0.04691 4.20391 2.40884
0.09766 8.68752 4.97915
0.11969 10.63859 6.09834
0.08508 7.54519 4.32410
0.01718 1.52579 0.87422
0.08196 7.28776 4.17650
0.20621 18.23252 10.46099
0.09939 8.82513 5.05807
0.05004 4.46124 2.55632
0.00470 0.42180 0.24167
0.01542 1.38826 0.79542
0.03842 3.40364 1.95023
0.06342 5.63005 3.22621
0.07595 6.73659 3.86051
0.08259 7.34102 4.20704
0.04248 3.78109 2.16653
0.07262 6.46915 3.70720
0.02200 1.96498 1.12587
0.03355 2.98260 1.70897
0.02825 2.51269 1.43971
0.05643 5.00585 2.86844
0.02326 2.06355 1.18235
0.04365 3.88173 2.22421
0.02044 1.81899 1.04222
0.03557 3.17094 1.81689
0.01886 1.68275 0.96416
0.02124 1.89745 1.08718
0.17612 15.70279 9.00631
0.02393 2.07965 1.19157
0.04505 4.17436 2.39191
0.05534 4.98884 2.85869
0.03291 2.97694 1.70572
0.16819 15.20964 8.72290
0.10859 9.82806 5.63333
0.18240 16.58002 9.51057
0.07034 6.41044 3.67354
0.12173 11.09626 6.36095
0.03766 3.44109 1.97170
0.03674 3.35007 1.91954
0.03513 3.22627 1.84860
0.05710 5.23087 2.99741
0.08025 7.39784 4.23962
0.08393 7.75819 4.44623
0.04872 4.51559 2.58746
0.01980 1.83352 1.05054
0.03290 3.04633 1.74549
0.03847 3.57573 2.04885
0.03465 3.24147 1.85731
0.03944 3.70650 2.12379
0.08935 8.37833 4.80184
0.11550 10.86759 6.22974
0.07353 7.00628 4.01513
0.04425 4.20571 2.40987
0.02802 2.66563 1.52734
0.05019 4.76686 2.73147
0.08380 7.99460 4.58179
0.04541 4.36416 2.50068
0.07260 7.02294 4.02467
0.06561 6.37473 3.65307
0.01406 1.36057 0.77956
0.04280 4.16393 2.38593
0.07823 7.64480 4.38122
0.04376 4.27238 2.44808
0.07224 7.06880 4.05097
0.05725 5.66258 3.24485
0.03174 3.19266 1.82934
0.14207 14.30786 8.20481
0.06811 6.92355 3.96770
0.01465 1.50569 0.86271
0.13164 13.63373 7.81762
0.03485 3.66780 2.10161
0.05122 5.47912 3.13970
0.05972 6.47391 3.70992
0.01705 1.86342 1.06768
0.02414 2.66566 1.52736
0.02753 3.07674 1.76291
0.00598 0.67932 0.38922
0.02526 2.90038 1.66185
0.05933 7.08385 4.05960
0.04403 5.33866 3.05919
0.06301 7.83067 4.48779
0.07993 10.20625 5.85029
0.06227 8.14090 4.66568
0.08127 10.89185 6.24366
0.04587 6.28248 3.60019
0.06739 9.45269 5.41801
0.07497 10.77964 6.17927
0.01716 2.54322 1.45720
0.05817 8.84523 5.06960
0.06587 10.27863 5.89182
0.06982 11.23869 6.44269
0.06646 10.93219 6.26681
0.06960 11.76328 6.74376
0.04951 8.59011 4.92329
0.05687 10.17808 5.83413
0.03298 6.09812 3.49451
0.06065 11.72923 6.72421
0.05768 11.62269 6.66306
0.06468 13.64316 7.82303
0.04504 10.06703 5.77042
0.05131 12.22779 7.01038
0.03810 9.62683 5.51790
0.03841 10.26321 5.88297
0.04364 12.35651 7.08427
0.06408 19.47460 11.17583
0.05680 18.28846 10.49317
0.05180 17.44336 10.00702
0.04809 16.90294 9.69624
0.04049 14.63823 8.39459
0.03690 13.85226 7.94312
0.00843 3.26141 1.86873
0.03480 13.71668 7.86525
0.04387 17.44279 10.00669
0.01810 7.24248 4.15054
0.00550 2.21711 1.27033
0.00867 3.55564 2.03734
0.00418 1.82979 1.04841
0.03151 16.05277 9.20747
0.01473 9.51575 5.45418
0.02171 20.08420 11.52683
0.02079 28.62232 16.45588
0.01008 24.56757 14.11182
0.00061 6.77386 3.88188
0.01866 120.38818 74.01806
0.01186 88.83851 52.74338
0.00264 80.18816 47.27401
0.00342 113.04052 68.83272
0.00229 65.84490 38.44343
0.00315 138.81875 87.91009
0.00101 48.73487 28.20701
0.00181 54.84680 31.83274
0.00340 96.91790 57.97116
0.00435 115.60794 70.62556
0.00394 118.45277 72.63564
0.00308 108.03686 65.39237
0.00396 116.94488 71.56704
0.00369 93.47948 55.73098
0.00297 112.99522 68.80127
0.00496 130.58330 81.52371
0.00260 126.30553 78.32584
0.00491 101.51861 61.00727
0.00321 122.95036 75.86778
0.00503 139.52388 88.47264
0.00219 103.86693 62.57526
0.00295 104.88400 63.25841
0.00311 103.08705 62.05310
0.00419 113.71210 69.29981
0.00260 97.42864 58.30597
0.00194 77.68393 45.71241
0.00215 91.49095 54.44598
0.00237 103.39325 62.25795
0.00354 105.16590 63.44820
0.00226 106.18547 64.13626
0.00362 134.30395 84.36894
0.00153 73.77210 43.29072
0.00488 126.00169 78.10149
0.00223 130.90813 81.76966
0.00426 114.51543 69.86027
0.00260 114.92602 70.14746
0.00192 87.78000 52.06744
0.00207 137.52647 86.88596
0.00235 135.81867 85.54567
0.00170 133.64166 83.85786
0.00091 91.37912 54.37393
0.00129 87.68819 52.00890
0.00142 79.35661 46.75445
0.00247 139.98478 88.84180
0.00156 105.86700 63.92107
0.00210 111.47281 67.74740
0.00190 125.05146 77.40215
0.00176 135.77994 85.51544
0.00134 139.63704 88.56317
0.00143 126.65558 78.58475
0.00099 124.43087 76.94726
0.00066 57.55229 33.44797
0.00093 103.27614 62.17957
0.00232 126.93794 78.79395
0.00084 117.78670 72.16272
0.00235 105.49389 63.66927
0.00136 136.59476 86.15293
0.00194 111.83531 67.99774
0.00140 86.98626 51.56185
0.00173 118.71636 72.82320
0.00196 122.26938 75.37391
0.00274 122.30694 75.40111
0.00095 23.74998 13.63992
0.00177 26.02535 14.95383
0.00336 32.03984 18.43691
0.00742 52.17214 30.24228
0.02251 131.40047 82.14331
0.02069 108.95217 66.01665
0.02473 116.51138 71.26116
0.02854 114.69426 69.98529
0.04213 118.53398 72.69340
0.06331 124.26648 76.82700
0.09168 124.53004 77.01985
0.00353 3.65844 2.09625
0.01056 8.54530 4.89759
0.01347 9.05902 5.19221
0.01871 10.92460 6.26245
0.01257 6.35152 3.63977
0.01351 6.06184 3.47371
0.02072 8.28623 4.74902
0.01714 6.25591 3.58496
0.01162 3.93270 2.25342
0.00815 2.55994 1.46678
0.01591 4.68639 2.68535
0.01328 3.68411 2.11096
0.02834 7.47086 4.28148
0.03143 7.93863 4.54969
0.02350 5.63953 3.23164
0.02698 6.22938 3.56975
0.01463 3.26949 1.87336
0.02570 5.43073 3.11196
0.01947 3.91793 2.24495
0.02460 4.69932 2.69276
0.00891 1.63980 0.93955
0.02336 4.16101 2.38426
0.05965 10.13081 5.80701
0.02987 4.84139 2.77418
0.11907 18.52308 10.62818
0.09212 13.85093 7.94235
0.09020 13.16575 7.54888
0.01634 2.29764 1.31648
0.06461 8.81985 5.05504
0.00206 0.27303 0.15644
0.03498 4.51291 2.58592
0.08262 10.34113 5.92768
0.10015 12.24334 7.01931
0.12504 14.95646 8.57743
0.12459 14.44376 8.28288
0.04172 4.73006 2.71038
0.07107 7.82403 4.48398
0.22754 24.57252 14.11468
0.07545 7.93272 4.54631
0.07205 7.41674 4.25045
0.06489 6.50310 3.72666
0.10324 10.13420 5.80895
0.06438 6.20244 3.55430
0.09846 9.27385 5.31543
0.06589 6.08359 3.48618
0.09845 8.87603 5.08726
0.13590 12.06706 6.91812
0.15042 13.18508 7.55998
0.23031 20.07677 11.52255
0.24449 21.30185 12.22826
0.19449 16.91260 9.70179
0.16537 14.37079 8.24096
0.14920 12.97564 7.43972
0.11774 10.24791 5.87419
0.09053 7.94029 4.55065
0.21020 18.38794 10.55041
0.03405 2.97738 1.70598
0.03193 2.78223 1.59415
0.19105 16.69024 9.57393
0.05997 5.27761 3.02420
0.11476 10.10729 5.79352
0.08363 7.39629 4.23873
0.11797 10.47660 6.00540
0.07437 6.62004 3.79370
0.05907 5.28153 3.02645
0.09901 8.81264 5.05090
0.04002 3.55438 2.03662
0.07971 7.08825 4.06212
0.12070 10.80191 6.19205
0.09489 8.53654 4.89256
0.05675 5.13711 2.94367
0.08612 7.80861 4.47514
0.06941 6.30897 3.61537
0.07701 7.00760 4.01588
0.10210 9.21806 5.28343
0.08118 7.38389 4.23162
0.11821 10.79033 6.18541
0.05993 5.47473 3.13718
0.11768 10.80502 6.19383
0.08493 7.80531 4.47325
0.05507 5.06995 2.90518
0.07149 6.62293 3.79535
0.13350 12.42301 7.12245
0.06879 6.43286 3.68639
0.11781 10.96760 6.28713
0.03584 3.34286 1.91541
0.01841 1.71649 0.98349
0.03470 3.26200 1.86907
0.07118 6.72030 3.85117
0.19361 18.25254 10.47251
0.05467 5.17031 2.96270
0.11737 11.15928 6.39712
0.33098 31.60192 18.18277
0.07996 7.58855 4.34896
0.09931 9.46197 5.42333
0.05760 5.51811 3.16204
0.07940 7.63417 4.37512
0.04271 4.11358 2.35707
0.02752 2.65131 1.51913
0.04079 3.93947 2.25730
0.04249 4.11709 2.35908
0.11870 11.51493 6.60122
0.03613 3.51595 2.01460
0.13309 12.97305 7.43823
0.14245 14.01970 8.03929
0.01901 1.87662 1.07524
0.10974 10.81296 6.19839
0.07402 7.25603 4.15831
0.05826 5.70533 3.26936
0.09006 8.85670 5.07618
0.03050 3.02424 1.73283
0.06678 6.71476 3.84800
0.05270 5.32061 3.04884
0.10100 10.15700 5.82204
0.11700 11.70190 6.70853
0.15621 15.51017 8.89561
0.07179 7.08274 4.05896
0.12203 11.91013 6.82804
0.20739 20.08110 11.52504
0.03691 3.55267 2.03564
0.04714 4.48846 2.57192
0.08333 7.86664 4.50842
0.08478 7.91046 4.53354
0.07520 7.01518 4.02023
0.10928 10.10532 5.79239
0.08350 7.69971 4.41270
0.04594 4.21925 2.41763
0.04482 4.08084 2.33831
0.04300 3.84904 2.20547
0.03917 3.47301 1.98999
0.07148 6.30118 3.61091
0.11807 10.39421 5.95813
0.13076 11.42921 6.55202
0.09422 8.19689 4.69779
0.06250 5.39741 3.09286
0.01986 1.71574 0.98306
0.07080 6.12091 3.50757
0.04904 4.23659 2.42757
0.10462 9.09109 5.21061
0.06844 5.95234 3.41094
0.07167 6.25471 3.58427
0.01140 0.98979 0.56711
0.04018 3.51515 2.01414
0.07558 6.62838 3.79848
0.05518 4.86207 2.78604
0.08652 7.63002 4.37274
0.09425 8.29130 4.75193
0.10778 9.51345 5.45287
0.08128 7.22522 4.14065
0.09261 8.28437 4.74795
0.07382 6.64548 3.80828
0.08404 7.61017 4.36136
0.06632 6.04472 3.46390
0.03286 3.02185 1.73146
0.09070 8.40545 4.81739
0.05619 5.26934 3.01946
0.04471 4.20322 2.40844
0.03028 2.86332 1.64062
0.00954 0.90796 0.52022
0.02275 2.17958 1.24883
0.03894 3.76731 2.15864
0.08455 8.20875 4.70459
0.12322 11.99759 6.87824
0.07943 7.79575 4.46777
0.11134 10.97878 6.29354
0.03837 3.78625 2.16949
0.11995 11.83043 6.78230
0.08145 8.06954 4.62476
0.10899 10.85929 6.22498
0.07286 7.29383 4.17998
0.09455 9.34600 5.35681
0.12915 12.69505 7.27862
0.13151 12.87778 7.38353
0.07122 6.96071 3.98900
0.09004 8.74068 5.00964
0.09283 8.96505 5.13832
0.03835 3.67818 2.10756
0.15737 14.92180 8.55751
0.06169 5.84939 3.35193
0.06918 6.58846 3.77559
0.05444 5.15283 2.95268
0.05287 4.98104 2.85422
0.03103 2.89632 1.65953
0.06968 6.44959 3.69598
0.09393 8.63019 4.94627
0.14171 12.91498 7.40489
0.07884 7.15215 4.09875
0.07917 7.14144 4.09261
0.07573 6.79868 3.89611
0.03179 2.82838 1.62060
0.08044 7.15594 4.10092
0.14038 12.45798 7.14252
0.15429 13.70511 7.85861
0.15097 13.51062 7.74691
0.22261 19.92492 11.43511
0.17222 15.33809 8.79672
0.08035 7.16091 4.10377
0.14495 12.98153 7.44310
0.09070 8.17848 4.68723
0.15545 14.00153 8.02885
0.08530 7.69503 4.41001
0.13436 12.21504 7.00306
0.07355 6.69175 3.83480
0.04544 4.16119 2.38436
0.05094 4.68710 2.68576
0.05679 5.29293 3.03298
0.04514 4.27202 2.44787
0.03785 3.63863 2.08490
0.05884 5.76621 3.30425
0.26359 26.38905 15.16403
0.13992 14.26038 8.17754
0.06450 6.61186 3.78901
0.12186 12.69263 7.27723
0.08373 8.77438 5.02897
0.05532 5.84547 3.34969
0.04671 4.95975 2.84202
0.03916 4.16331 2.38557
0.03816 4.08291 2.33950
0.04460 4.76881 2.73259
0.08376 9.00211 5.15957
0.03772 4.06196 2.32749
0.04364 4.70868 2.69812
0.04354 4.70824 2.69787
0.03758 4.06124 2.32708
0.06548 7.07854 4.05655
0.04230 4.56101 2.61349
0.07574 8.21034 4.70550
0.03395 3.69754 2.11866
0.08520 9.23572 5.29356
0.12486 13.41316 7.69095
0.13353 14.15830 8.11890
0.08944 9.48987 5.43934
0.07982 8.32680 4.77228
0.04163 4.30864 2.46886
0.08239 8.48717 4.86425
0.08447 8.66716 4.96747
0.08749 8.92365 5.11457
0.06932 6.98537 4.00314
0.13724 13.72112 7.86780
0.03777 3.72910 2.13674
0.09003 8.79354 5.03995
0.04886 4.72493 2.70744
0.07457 7.12968 4.08587
0.05391 5.11932 2.93347
0.06952 6.50723 3.72902
0.10203 9.42923 5.40455
0.07712 7.02061 4.02334
0.06858 6.15265 3.52577
0.09559 8.50008 4.87165
0.12738 11.21160 6.42714
0.07785 6.80358 3.89892
0.15074 13.07446 7.49646
0.08202 7.04405 4.03678
0.07361 6.25277 3.58316
0.06967 5.89132 3.37597
0.09851 8.32763 4.77276
0.11411 9.68794 5.55295
0.13686 11.62486 6.66431
0.11207 9.56294 5.48125
0.10267 8.80447 5.04622
0.02718 2.33990 1.34069
0.09799 8.44006 4.83723
0.00301 0.25925 0.14854
0.02054 1.77201 1.01530
0.11629 10.01668 5.74154
0.10989 9.51829 5.45564
0.09590 8.35834 4.79037
0.10131 8.92187 5.11355
0.12308 10.83469 6.21086
0.04171 3.69516 2.11729
0.04463 3.99040 2.28648
0.06843 6.17799 3.54029
0.02211 2.01137 1.15245
0.04034 3.74267 2.14452
0.06055 5.69831 3.26534
0.04912 4.69092 2.68795
0.02861 2.76482 1.58417
0.06182 6.06556 3.47584
0.05076 5.04185 2.88907
0.05742 5.80702 3.32765
0.04449 4.59930 2.63544
0.07278 7.67750 4.39996
0.06134 6.54277 3.74940
0.08420 8.99818 5.15732
0.04669 4.99468 2.86204
0.05383 5.75414 3.29734
0.09065 9.74535 5.58589
0.07250 7.79826 4.46921
0.04755 5.14347 2.94731
0.08327 9.07820 5.20321
0.03912 4.25562 2.43847
0.07345 7.98840 4.57824
0.04960 5.38176 3.08389
0.05554 5.98625 3.43038
0.01766 1.89427 1.08535
0.05707 6.10267 3.49711
0.02656 2.82352 1.61781
0.03759 3.99553 2.28942
0.05991 6.29499 3.60736
0.04286 4.48264 2.56858
0.03530 3.63446 2.08251
0.02635 2.70356 1.54907
0.17893 18.26745 10.48109
0.07926 8.01689 4.59457
0.00696 0.68843 0.39444
0.05786 5.67860 3.25404
0.08632 8.41814 4.82467
0.02808 2.73953 1.56968
0.03607 3.49432 2.00220
0.04487 4.24835 2.43431
0.06706 6.28166 3.59972
0.07684 7.21236 4.13327
0.08242 7.71578 4.42191
0.08728 8.13215 4.66066
0.07724 7.11272 4.07615
0.05705 5.22289 2.99283
0.03753 3.40898 1.95330
0.04420 3.98247 2.28194
0.03773 3.36676 1.92910
0.22543 20.04570 11.50466
0.10579 9.38462 5.37896
0.05303 4.66769 2.67463
0.07989 7.01652 4.02099
0.07093 6.21217 3.55988
0.10844 9.37504 5.37347
0.08322 7.13085 4.08654
0.07650 6.49848 3.72401
0.12567 10.61876 6.08697
0.13037 10.87806 6.23574
0.15962 13.22579 7.58335
0.10504 8.70587 4.98967
0.15987 13.23705 7.58982
0.15394 12.73993 7.30439
0.05321 4.39367 2.51759
0.03738 3.10465 1.77891
0.07766 6.49723 3.72329
0.07425 6.22632 3.56800
0.09235 7.78865 4.46369
0.02919 2.44378 1.40022
0.05545 4.67356 2.67799
0.01499 1.26477 0.72466
0.06052 5.14864 2.95028
0.06701 5.72620 3.28132
0.08858 7.56080 4.33305
0.10383 8.89507 5.09818
0.17359 14.96161 8.58039
0.20311 17.68965 10.14868
0.12068 10.56704 6.05729
0.15493 13.48968 7.73489
0.22637 19.70621 11.30918
0.23117 20.25860 11.62727
0.12040 10.66436 6.11313
0.04388 3.91228 2.24171
0.14118 12.71531 7.29026
0.09302 8.40111 4.81490
0.11174 10.06922 5.77168
0.11899 10.75443 6.16481
0.07243 6.58019 3.77085
