-0.04976 -0.04667 0.56132
-0.05464 -0.04442 0.55798
-0.03928 -0.03744 0.55938
-0.01171 -0.02422 0.56176
-0.06269 -0.03193 0.56060
-0.05463 -0.03023 0.57112
-0.06717 -0.01706 0.57549
-0.06022 -0.02765 0.58367
-0.07949 -0.04221 0.58802
-0.03493 -0.04839 0.59855
-0.02708 -0.04539 0.61093
-0.03580 -0.01225 0.62510
-0.04567 -0.00562 0.64691
-0.10529 -0.03189 0.65588
-0.06553 -0.03429 0.67280
-0.05938 -0.06386 0.67860
-0.06891 -0.04582 0.68735
-0.00950 -0.00819 0.71076
-0.00258 -0.00251 0.73436
0.00878 -0.01772 0.76017
-0.00603 -0.00068 0.77662
-0.10342 -0.00724 0.78214
-0.05084 -0.00765 0.80212
0.00563 -0.01894 0.82115
-0.04226 -0.04432 0.83078
-0.04912 -0.04277 0.84390
-0.03804 -0.05916 0.85719
-0.05245 -0.04268 0.87921
-0.03072 -0.03231 0.90011
-0.24401 0.02345 0.88720
-0.06691 -0.06259 0.93026
-0.03781 -0.03401 0.95207
-0.01317 -0.03649 0.97120
-0.10718 -0.01301 0.97038
-0.08449 -0.02554 0.97920
-0.14586 -0.03016 0.97671
-0.07892 -0.00840 0.99856
-0.08055 -0.03154 1.00420
-0.05080 -0.03949 1.01280
-0.18375 -0.04539 1.00388
-0.08254 -0.05309 1.02444
-0.06344 -0.04122 1.03387
-0.02341 -0.03212 1.04687
-0.03774 -0.02241 1.05474
-0.06258 -0.05236 1.06034
-0.17096 -0.03997 1.04874
-0.08324 -0.07119 1.06645
-0.23516 -0.06043 1.04790
-0.20293 -0.02248 1.05755
-0.07680 -0.06954 1.07315
-0.09124 -0.04811 1.07122
-0.19259 -0.06561 1.05543
-0.08002 -0.06769 1.06055
-0.04726 -0.06521 1.05966
-0.14424 -0.05882 1.06204
-0.03995 -0.04593 1.07746
-0.08066 -0.04411 1.07326
-0.05677 -0.05490 1.07369
-0.07511 -0.07333 1.07411
-0.00739 -0.07607 1.06815
-0.03510 -0.06528 1.07119
-0.10678 -0.04891 1.06814
-0.08043 -0.04882 1.06275
-0.04291 -0.03494 1.07077
-0.06818 -0.02865 1.06913
-0.05895 -0.01632 1.08521
-0.06718 -0.01679 1.08364
-0.05497 -0.05517 1.08049
-0.02020 -0.03168 1.07860
-0.07128 -0.04796 1.07462
-0.06015 -0.05551 1.07635
-0.04599 -0.05441 1.07948
-0.04611 -0.04524 1.08319
-0.07099 -0.01628 1.09001
-0.05016 -0.03798 1.08713
-0.06896 -0.00353 1.08353
-0.08297 -0.02917 1.08430
-0.07231 -0.02438 1.08136
-0.04066 -0.01559 1.08335
-0.04701 -0.03700 1.07846
-0.05951 -0.05375 1.07173
-0.06636 -0.03831 1.06686
-0.08445 -0.05030 1.06474
-0.08283 0.00278 1.06262
-0.05776 -0.01790 1.06972
-0.06308 -0.04390 1.06371
-0.05224 -0.06531 1.05821
-0.05016 -0.05954 1.05251
-0.12185 -0.04782 1.03957
0.00991 -0.02525 1.03925
-0.11140 -0.03677 1.01889
-0.11457 -0.05118 1.00369
-0.06880 -0.03706 0.99135
-0.05260 -0.05073 0.97009
-0.07987 -0.03867 0.94967
-0.07517 -0.05712 0.92660
-0.05487 -0.04609 0.90372
-0.06018 -0.02669 0.88338
-0.04188 -0.04527 0.86041
-0.07436 -0.04642 0.83549
-0.06026 -0.03350 0.81239
-0.06842 -0.04319 0.78296
-0.06941 -0.05928 0.75574
-0.07746 -0.05799 0.72219
-0.06212 -0.06232 0.69385
-0.08682 -0.04956 0.65900
-0.05142 -0.04613 0.63498
-0.05770 -0.03531 0.60359
-0.03598 -0.03391 0.58329
-0.02808 -0.02779 0.56312
-0.04110 -0.01941 0.53788
-0.02299 -0.02041 0.51703
-0.02519 -0.01421 0.49413
-0.05968 -0.02660 0.46990
-0.04372 -0.02893 0.44801
-0.01072 -0.02658 0.43127
-0.01732 -0.03189 0.42001
-0.00136 -0.03398 0.41153
0.00290 -0.02833 0.40151
0.00628 -0.02721 0.40056
-0.01908 -0.01674 0.38767
-0.00825 -0.02327 0.38799
-0.00468 -0.01705 0.37565
-0.01314 -0.01882 0.37979
0.00293 -0.02770 0.36445
0.01481 -0.02371 0.36774
0.02947 -0.01810 0.36336
0.03716 -0.01360 0.35181
0.05034 -0.01265 0.35702
0.04360 -0.02535 0.34194
0.05223 -0.02877 0.34649
0.05930 -0.02865 0.33346
0.06941 -0.02298 0.34414
0.05177 -0.01206 0.34151
0.05353 -0.01162 0.35581
0.06816 -0.01076 0.35575
0.06504 0.00240 0.35179
0.07987 -0.00170 0.36648
0.05676 -0.00243 0.36497
0.05434 0.00333 0.37690
0.11221 -0.00679 0.36335
0.04293 -0.00773 0.38654
0.06449 -0.02276 0.38621
0.05093 -0.00749 0.38960
0.02111 -0.00266 0.40905
0.05997 -0.01710 0.41490
0.06283 -0.01863 0.43077
0.07005 -0.00187 0.43964
-0.01133 0.00303 0.46579
0.00193 -0.00508 0.48475
-0.00835 -0.00159 0.50015
0.00165 -0.02802 0.51987
0.00743 -0.03258 0.53482
-0.03652 -0.02972 0.55225
-0.02004 -0.02464 0.57224
-0.06634 -0.01397 0.58853
-0.04017 -0.00208 0.61719
-0.02260 -0.02362 0.64267
-0.04571 0.00095 0.65580
-0.03786 -0.04189 0.67431
-0.04530 -0.03149 0.68677
-0.03802 -0.02731 0.70877
-0.04263 -0.04037 0.72088
-0.05955 -0.01502 0.73646
-0.04028 -0.01803 0.75514
-0.03433 -0.00338 0.76515
-0.04146 0.00416 0.77643
-0.07256 -0.03136 0.77661
-0.05159 -0.02881 0.78471
-0.05242 -0.01160 0.79666
-0.05955 -0.00940 0.80447
-0.05386 -0.05978 0.81289
-0.05963 -0.05077 0.81438
-0.04812 -0.04061 0.81992
-0.01332 -0.03775 0.83042
-0.06203 -0.00489 0.83660
-0.03634 0.00359 0.84114
-0.02960 -0.01947 0.84362
-0.04371 0.00136 0.84436
-0.04543 -0.01487 0.83723
-0.03461 -0.06032 0.82874
-0.02291 -0.01031 0.82132
-0.01776 0.00976 0.82318
-0.02700 -0.02029 0.83169
-0.06693 -0.03090 0.82873
-0.03211 -0.02799 0.82110
-0.03171 -0.02258 0.81252
-0.03430 -0.04771 0.81064
-0.06942 -0.04475 0.80233
-0.01311 -0.02779 0.80417
-0.01818 -0.02816 0.79984
-0.00256 -0.02588 0.79635
-0.00947 -0.02476 0.79468
-0.02415 -0.04686 0.78936
-0.05954 -0.02338 0.78117
-0.03211 -0.01875 0.78090
-0.00724 -0.03617 0.77132
-0.00732 -0.03812 0.77296
-0.00156 -0.03117 0.76822
-0.00061 -0.04652 0.75988
-0.01407 -0.02127 0.75009
-0.00151 -0.02275 0.73391
-0.04362 -0.02596 0.71382
-0.03495 -0.02341 0.70469
-0.02017 -0.03370 0.70045
-0.04534 -0.02925 0.69615
-0.02545 -0.02709 0.69466
-0.02161 -0.02554 0.69481
0.02602 -0.02994 0.68830
-0.03540 -0.01438 0.68523
-0.03680 -0.04534 0.68244
-0.03177 -0.02182 0.67518
-0.01708 -0.03262 0.67295
-0.00885 -0.03635 0.66933
0.00258 -0.03390 0.66586
0.02671 -0.05217 0.65896
0.03275 -0.03505 0.66181
0.01247 -0.03662 0.67054
-0.00153 -0.02633 0.67390
-0.00417 -0.02511 0.67924
-0.01032 -0.02348 0.68271
0.00347 -0.02316 0.69104
-0.01233 -0.01027 0.70052
-0.01144 -0.03042 0.71303
-0.02778 -0.04613 0.72564
-0.05370 -0.01031 0.72741
-0.01755 -0.05599 0.73047
-0.02506 -0.02831 0.73711
-0.02467 -0.02216 0.74561
-0.03716 0.00010 0.74858
-0.02823 -0.02613 0.75208
-0.02652 -0.02715 0.75570
-0.02348 -0.01034 0.75191
-0.02330 -0.03226 0.75912
-0.04372 -0.02450 0.74641
-0.03295 -0.02858 0.74779
-0.01931 -0.02550 0.74543
-0.01917 -0.03895 0.75238
-0.05768 -0.02205 0.75331
-0.02680 -0.01102 0.76047
0.01947 -0.07247 0.75628
-0.03165 -0.04299 0.76341
-0.00689 -0.05170 0.76875
-0.01258 -0.02481 0.77702
-0.01867 -0.02576 0.78057
0.00419 -0.01814 0.78653
0.01039 -0.03293 0.79068
0.02946 -0.02672 0.79665
0.05105 -0.04751 0.79851
0.05067 -0.06120 0.80042
0.03426 -0.06460 0.80670
0.01356 -0.05935 0.81282
0.02372 -0.05747 0.82338
-0.00762 -0.02591 0.83149
0.00148 -0.03072 0.83811
-0.05219 -0.02255 0.83958
-0.04356 -0.00679 0.84476
-0.03187 -0.02309 0.85508
-0.04115 -0.01398 0.85506
0.00249 -0.01750 0.85618
-0.05045 -0.04416 0.85120
-0.01324 -0.02687 0.85391
-0.09883 -0.05692 0.85005
-0.05492 -0.02060 0.86555
-0.06090 -0.03746 0.86887
-0.04504 -0.03173 0.87042
-0.05275 -0.02671 0.86411
-0.03615 -0.03137 0.86883
-0.05251 -0.01191 0.86814
-0.07107 -0.04818 0.86439
-0.05854 -0.03546 0.85803
-0.08090 -0.04155 0.85656
-0.03987 -0.04862 0.85637
-0.06299 -0.01673 0.85611
-0.05955 -0.04662 0.85190
-0.04020 -0.03079 0.84496
-0.06637 -0.03509 0.83664
-0.03215 -0.01955 0.83520
-0.04356 -0.01011 0.83280
-0.00207 -0.04868 0.83054
-0.09836 -0.01542 0.81764
-0.01010 -0.06561 0.81614
-0.01552 -0.05277 0.81207
-0.06952 -0.04434 0.80649
-0.00551 -0.04581 0.80377
0.00017 -0.06558 0.79454
-0.01042 -0.04281 0.79100
-0.01249 -0.05142 0.78492
-0.04230 -0.03730 0.78353
-0.04286 -0.02598 0.77961
-0.01979 -0.04487 0.77727
-0.05892 -0.05472 0.76685
0.00727 -0.07606 0.76203
-0.04442 -0.00636 0.76570
-0.07915 -0.03040 0.76629
-0.04226 -0.04167 0.77340
-0.05141 -0.03816 0.76326
-0.06198 -0.02865 0.75448
0.00458 -0.07132 0.75159
-0.02432 -0.03888 0.75062
-0.00565 -0.06665 0.74667
-0.00187 -0.03289 0.74466
-0.04305 -0.03321 0.74209
-0.02559 -0.03788 0.74459
0.01877 -0.00709 0.74771
-0.00853 -0.01881 0.73968
-0.00638 -0.02434 0.73780
-0.01518 -0.04176 0.72966
-0.03490 -0.01666 0.72821
-0.01796 -0.03404 0.72551
0.03637 -0.02672 0.72546
-0.05187 -0.01108 0.72306
-0.04791 -0.02517 0.72216
-0.03841 -0.01952 0.72018
-0.01175 -0.02090 0.72204
-0.02806 -0.02600 0.71866
0.03059 -0.02371 0.71378
-0.01780 -0.01467 0.71545
-0.00896 -0.02878 0.71303
-0.00897 -0.02561 0.70893
-0.04178 -0.03901 0.70216
-0.00834 -0.04577 0.69174
-0.01963 -0.02821 0.68948
-0.01962 -0.02625 0.68727
-0.04086 -0.01390 0.68716
-0.04374 -0.02815 0.68160
-0.00091 -0.03588 0.67045
-0.07507 -0.03128 0.65982
-0.09272 -0.02548 0.65321
-0.04970 -0.03191 0.65570
-0.04789 -0.03096 0.65186
-0.04435 -0.02518 0.64546
-0.04300 -0.02677 0.63919
-0.03791 -0.02506 0.63600
-0.01704 -0.02264 0.63424
-0.03164 -0.01743 0.63036
-0.02354 -0.02054 0.61936
-0.01916 -0.02369 0.61027
-0.02721 -0.03034 0.60410
-0.04231 -0.02670 0.60055
-0.11200 -0.02335 0.58362
-0.03709 -0.03172 0.59342
-0.05401 -0.00310 0.58765
-0.00284 -0.01508 0.58809
0.04641 -0.03347 0.58064
-0.02826 -0.02727 0.57733
-0.06751 -0.01364 0.57360
-0.02367 -0.02126 0.57166
0.01558 -0.02585 0.57058
-0.01106 -0.03307 0.56592
-0.02562 -0.02215 0.56021
-0.01998 -0.02601 0.56088
-0.02103 -0.01276 0.55814
-0.02637 -0.00432 0.55991
-0.09289 -0.04480 0.54790
-0.02670 -0.01266 0.55717
-0.02008 -0.00807 0.54986
-0.02143 -0.01701 0.54631
0.01094 -0.02745 0.54327
0.01919 -0.03058 0.53770
0.00103 -0.02038 0.53386
-0.01590 -0.00536 0.52855
-0.00482 -0.01879 0.52637
-0.02182 -0.00955 0.52065
0.04472 -0.02800 0.51984
-0.07113 -0.00884 0.51132
-0.13709 -0.05050 0.48364
-0.01834 -0.02346 0.50475
0.01432 -0.04503 0.49722
0.02398 -0.03454 0.49343
0.01604 -0.01977 0.49216
0.01018 -0.02113 0.48774
0.01484 -0.02228 0.48798
-0.01435 -0.01029 0.48611
-0.01526 -0.01634 0.48340
-0.01691 -0.00769 0.47866
-0.00677 -0.03732 0.47507
-0.01880 -0.01764 0.47851
-0.00912 -0.00635 0.48742
-0.01295 -0.01951 0.49777
0.01138 -0.02242 0.50661
0.01468 -0.02571 0.51407
0.01555 -0.02763 0.52299
0.01481 -0.02774 0.53142
0.00411 -0.02490 0.53845
0.00944 -0.01271 0.54769
-0.00802 -0.00513 0.55563
0.05189 -0.01479 0.55707
-0.01623 0.00652 0.56536
0.02591 0.00698 0.57054
0.01068 0.01814 0.57626
0.00190 0.00216 0.57535
0.00600 -0.00644 0.57720
0.00511 0.00478 0.57508
-0.02393 -0.04757 0.56978
-0.02984 -0.00566 0.56836
-0.02762 -0.03087 0.56774
-0.05223 0.00953 0.56257
-0.01599 -0.02634 0.56304
-0.06532 -0.01096 0.55572
-0.05966 -0.03238 0.54412
-0.03941 -0.00749 0.53848
-0.03698 -0.01429 0.52875
-0.05624 -0.01421 0.51296
-0.06551 0.00164 0.49924
-0.04437 0.00474 0.48959
-0.04697 -0.00226 0.47516
-0.05061 -0.00508 0.45504
-0.04504 -0.01113 0.43625
-0.01809 -0.00963 0.42356
-0.05363 -0.01170 0.41007
-0.02864 -0.01637 0.40630
-0.05732 -0.02717 0.39819
-0.05426 -0.01954 0.39091
-0.07709 -0.01065 0.39085
-0.08853 -0.00926 0.38432
-0.09236 -0.00247 0.37959
-0.07770 -0.00821 0.38227
-0.07639 -0.00682 0.36890
-0.07869 -0.00238 0.37588
-0.06783 -0.00653 0.37639
-0.05355 -0.01191 0.36434
-0.06899 -0.01133 0.37076
-0.06280 -0.01321 0.35723
-0.06459 -0.01453 0.37045
-0.08474 -0.01573 0.37280
-0.07265 -0.00620 0.36643
-0.08567 -0.01173 0.39116
-0.08691 -0.01092 0.37798
-0.08607 -0.01531 0.40779
-0.10801 -0.01513 0.38632
-0.10858 -0.01370 0.42147
-0.14738 -0.01837 0.42443
-0.09716 -0.00146 0.42430
-0.12128 0.01022 0.46484
-0.11916 0.00802 0.45600
-0.15227 0.01263 0.48767
-0.08005 -0.01375 0.51736
-0.14829 -0.01873 0.49658
-0.10107 -0.01459 0.54839
-0.14520 0.00471 0.53983
-0.10201 -0.00074 0.58537
-0.08738 0.01358 0.59997
-0.12003 -0.00130 0.61062
-0.11371 -0.00840 0.63941
-0.09506 -0.00678 0.65163
-0.09220 -0.00625 0.67659
-0.02449 -0.02664 0.69272
-0.00484 -0.03799 0.71113
-0.04095 -0.01322 0.72717
-0.06348 -0.02779 0.74432
-0.00572 -0.05477 0.76031
-0.05987 -0.02442 0.77113
-0.06486 -0.02787 0.78917
-0.07555 -0.03091 0.80298
-0.06955 -0.03513 0.81347
-0.08886 -0.02167 0.82025
-0.13250 -0.00025 0.83063
-0.04765 -0.01609 0.85267
-0.08424 -0.04200 0.86315
-0.08943 -0.02921 0.87339
-0.07404 -0.02430 0.89048
-0.08417 -0.02919 0.89698
-0.07290 -0.02539 0.90796
-0.06215 -0.03356 0.91006
-0.15458 -0.02884 0.89879
-0.11589 -0.04208 0.90285
-0.09727 0.00595 0.90801
-0.14845 -0.02591 0.90538
-0.09903 -0.02757 0.91166
-0.06051 -0.04653 0.91200
-0.07346 -0.01140 0.91289
-0.07099 -0.04809 0.91428
-0.03292 -0.06136 0.97009
-0.08107 -0.02209 0.86311
-0.06538 -0.04328 0.91608
-0.07619 -0.03211 0.91640
-0.08093 -0.04392 0.91816
-0.18288 -0.03915 0.90097
-0.09714 -0.05765 0.91055
-0.06812 -0.04707 0.91311
-0.14307 -0.02498 0.90570
-0.11179 -0.03021 0.90899
-0.11669 -0.02233 0.90414
-0.12827 -0.03937 0.89709
-0.05661 -0.04732 0.89889
-0.10750 -0.02177 0.88453
-0.05872 -0.04994 0.88312
-0.06436 0.00194 0.87498
-0.02799 -0.02966 0.86622
-0.09285 -0.05700 0.84759
-0.06195 -0.06004 0.82942
-0.08326 -0.05062 0.82454
-0.11395 -0.04912 0.77807
-0.05834 -0.05065 0.78292
-0.04026 -0.02486 0.76626
-0.04303 -0.03713 0.74874
-0.05158 -0.03089 0.72778
-0.02808 -0.03060 0.70503
-0.03073 -0.04246 0.67865
-0.01402 -0.04805 0.65181
-0.03596 -0.03115 0.62542
-0.03539 -0.02691 0.60003
-0.03701 -0.03527 0.57611
-0.05478 -0.03402 0.54833
-0.04343 -0.04281 0.52896
-0.03545 -0.03580 0.51040
-0.04344 -0.02108 0.49541
-0.04632 -0.01933 0.48200
-0.04416 -0.03798 0.47800
-0.02271 -0.01916 0.46431
-0.03003 -0.02054 0.46767
-0.03227 -0.02872 0.46297
-0.03830 -0.01954 0.45442
-0.03966 -0.01568 0.44827
-0.06438 -0.01845 0.43007
-0.04800 -0.01515 0.43777
-0.08139 -0.01391 0.42908
-0.09594 -0.02128 0.41137
-0.09342 -0.01306 0.41997
-0.05196 -0.01927 0.40981
-0.04878 -0.01753 0.41780
-0.07536 -0.02669 0.40908
-0.09495 -0.00362 0.39055
-0.11209 -0.00745 0.39867
-0.11177 -0.00634 0.38385
-0.10896 -0.00220 0.39091
-0.08539 -0.00263 0.39338
-0.08895 -0.00982 0.38312
-0.08613 -0.01482 0.38320
-0.08144 -0.01162 0.37854
-0.07927 -0.01083 0.37623
-0.08261 -0.01131 0.37182
-0.06755 -0.00099 0.37818
-0.07720 -0.00402 0.36862
-0.07686 -0.00403 0.37879
-0.11225 -0.00529 0.35339
-0.06621 -0.00541 0.36351
-0.07684 -0.02751 0.37367
-0.10178 -0.01932 0.34522
-0.11045 -0.01080 0.36426
-0.09583 -0.01157 0.34855
-0.08440 -0.01012 0.37647
-0.08947 -0.01350 0.35903
-0.10013 -0.00551 0.36084
-0.05691 -0.01156 0.38777
-0.07535 -0.01412 0.37473
-0.03470 -0.00266 0.39745
-0.04095 -0.00926 0.40231
-0.05104 -0.01359 0.41602
-0.01712 -0.00130 0.42757
-0.04016 -0.00487 0.44175
-0.04033 -0.01692 0.45149
-0.02142 -0.01299 0.46677
-0.01720 -0.02916 0.48284
0.02296 -0.02150 0.50328
-0.00569 -0.01332 0.52935
-0.04732 -0.01660 0.54734
-0.01352 -0.03441 0.56690
0.00874 -0.01921 0.58434
-0.00501 -0.02053 0.60215
-0.03450 -0.01144 0.62088
-0.07653 -0.02233 0.63613
-0.03198 -0.01229 0.65564
-0.00325 -0.03104 0.67847
0.00449 -0.00392 0.69481
0.02619 -0.00222 0.71252
0.01398 -0.02686 0.73070
-0.14080 -0.03706 0.73495
-0.01751 -0.04105 0.76601
0.00861 -0.01534 0.78542
0.01478 -0.03300 0.80043
-0.04446 -0.03084 0.81511
0.06111 -0.02812 0.83207
-0.03545 -0.00194 0.85192
-0.08010 0.00181 0.86028
0.45487 -0.02039 0.74506
-0.02821 -0.01991 0.87527
0.00975 -0.02036 0.88093
-0.02860 -0.01577 0.88050
-0.05823 -0.03326 0.87955
-0.05046 -0.02644 0.88071
-0.01807 -0.03219 0.88397
-0.03552 -0.03233 0.88929
-0.05894 -0.04517 0.88784
-0.04409 -0.02852 0.89371
-0.00753 -0.00137 0.89611
-0.07067 -0.04153 0.89433
-0.06291 -0.03443 0.89726
-0.06121 -0.03123 0.89572
-0.08522 -0.03969 0.89390
-0.05820 -0.03108 0.89743
-0.05780 -0.05284 0.89237
-0.02465 -0.03522 0.89257
-0.05555 -0.00882 0.89570
-0.06980 -0.00079 0.90003
-0.03259 -0.03304 0.89688
-0.02112 -0.03206 0.89628
-0.04050 -0.02277 0.89684
-0.05717 -0.03838 0.89584
-0.03223 -0.04063 0.89685
-0.05612 -0.02798 0.89306
-0.01804 -0.03102 0.91665
-0.04123 -0.04847 0.86637
-0.04057 -0.03227 0.88759
-0.05689 -0.05099 0.88273
-0.06275 -0.03682 0.87976
-0.04389 -0.00023 0.88357
-0.02271 -0.02778 0.88007
-0.01722 -0.00797 0.87957
0.20417 -0.01106 0.85519
0.01183 -0.03131 0.87328
0.00484 -0.03775 0.87880
0.01857 -0.04453 0.87167
-0.12577 -0.01750 0.86681
-0.05442 -0.01772 0.87798
-0.10991 -0.04788 0.87532
-0.02721 -0.03570 0.88662
-0.06640 -0.01988 0.89070
-0.10012 -0.01427 0.89127
-0.06169 -0.02613 0.88957
-0.02312 -0.00131 0.90361
-0.00617 -0.02679 0.90703
-0.03481 -0.05004 0.90657
-0.04020 -0.04548 0.90879
-0.05071 -0.03351 0.91022
-0.04335 -0.04631 0.92220
-0.04079 -0.03861 0.92347
-0.03426 -0.03545 0.92870
-0.02102 -0.03129 0.93225
-0.05825 -0.02434 0.93490
-0.05937 -0.02314 0.94854
-0.05382 -0.03480 0.93692
-0.06646 -0.03439 0.94755
-0.05372 -0.03188 0.95391
-0.03790 -0.04443 0.95561
0.00023 -0.04364 0.96333
-0.01122 -0.05139 0.96247
-0.05591 -0.00899 0.96857
-0.03027 -0.03473 0.97385
-0.05486 -0.03827 0.97673
-0.03444 -0.03773 0.98185
-0.02943 -0.02661 1.00417
-0.02658 -0.00652 0.96898
-0.05606 -0.03254 0.97913
-0.01684 -0.00540 0.98128
-0.04426 -0.01437 0.97747
-0.04142 -0.02858 0.97575
-0.06895 -0.03679 0.97211
-0.06073 -0.03417 0.97070
-0.07567 -0.02946 0.97187
-0.13422 -0.01590 0.96590
-0.05589 -0.03225 0.97430
-0.06919 -0.04099 0.97199
-0.02847 -0.04439 0.97295
-0.03406 -0.08448 0.97227
-0.06927 -0.03444 0.97082
-0.01680 -0.04379 0.97287
-0.06334 -0.02809 0.97382
-0.03947 -0.04238 0.97249
-0.04583 -0.02034 0.97483
-0.05995 -0.02516 0.97120
-0.08446 -0.01901 0.97003
-0.05946 -0.02044 0.97602
-0.04959 -0.01267 0.97211
-0.03573 -0.01788 0.97525
-0.05439 -0.02003 0.96938
0.00551 -0.03282 0.97212
-0.04463 -0.03475 0.97040
0.03888 -0.06760 0.96919
-0.00569 -0.05987 0.96605
-0.00326 -0.02728 0.96659
-0.03472 -0.02111 0.96700
-0.02950 -0.01692 0.96723
-0.05444 -0.01165 0.97455
-0.01810 -0.02031 0.97005
-0.02389 -0.02115 0.97077
-0.02753 -0.02828 0.96894
0.00670 -0.00473 0.96867
0.02550 -0.02150 0.97329
-0.04630 0.00566 0.97101
-0.05522 -0.04836 0.98375
-0.02871 -0.02825 0.94912
-0.07207 -0.03209 0.96600
-0.06519 -0.00823 0.97374
-0.04307 0.00495 0.97550
-0.03699 -0.01309 0.98210
-0.03460 -0.03374 0.97213
-0.03572 -0.04008 0.97340
-0.05531 -0.01948 0.97863
-0.05153 -0.01619 0.98263
-0.04015 -0.00459 0.98417
-0.03963 -0.02762 0.98037
-0.06807 -0.05064 0.97597
-0.05028 -0.05165 0.97595
-0.04334 -0.03028 0.97957
-0.03368 -0.01308 0.98953
-0.05437 -0.04335 0.98903
-0.01920 -0.01219 0.99255
-0.02510 -0.03192 0.98823
-0.07863 -0.02924 0.98613
-0.01183 -0.03025 0.99316
-0.01583 -0.03412 0.99275
-0.03342 -0.05818 0.99268
-0.04884 -0.04448 0.99134
-0.03785 -0.04916 0.99313
-0.04818 -0.03130 0.99629
-0.02905 -0.05036 0.99797
-0.04905 -0.04982 0.99899
-0.04886 -0.02312 1.00426
-0.01197 -0.02118 1.00503
-0.01968 -0.03716 1.00416
-0.01757 -0.04333 1.00221
-0.07582 -0.02061 1.00281
-0.02832 -0.07096 1.00171
-0.06753 -0.03129 1.00290
-0.08022 -0.03072 1.00026
-0.03783 -0.00680 1.00255
0.00184 -0.05718 0.99969
0.00506 -0.02555 0.99598
-0.03161 -0.03982 0.99530
-0.03475 -0.02688 0.99031
-0.03679 -0.05467 0.99055
-0.08022 -0.06754 0.98121
-0.07688 -0.05881 0.97368
-0.08687 -0.04949 0.97345
-0.05760 -0.02017 0.97481
-0.01692 -0.04592 0.97970
-0.03884 -0.02323 0.97258
-0.04962 -0.04770 0.96529
-0.06125 -0.05238 0.96069
-0.03209 -0.04715 0.95845
-0.02874 -0.03483 0.95937
0.06436 -0.06513 0.95481
0.00143 -0.05380 0.95448
-0.00400 -0.04286 0.94964
-0.02369 -0.04568 0.93577
-0.04509 -0.03968 0.93571
-0.07203 -0.02669 0.92330
-0.01248 -0.02009 0.91912
-0.02338 -0.02174 0.90562
-0.05556 -0.03477 0.89977
-0.08884 -0.02417 0.89931
-0.06976 -0.03331 0.87520
-0.11704 -0.05011 0.87026
-0.12535 -0.04534 0.86200
-0.09857 -0.06902 0.85389
-0.09819 -0.05441 0.84251
0.00023 -0.02119 0.83950
-0.03791 -0.01294 0.82206
0.06429 -0.04066 0.80445
0.14068 -0.07452 0.77415
0.16206 -0.05611 0.75852
0.20968 -0.06925 0.73200
-0.02123 -0.04683 0.75384
-0.02609 -0.02691 0.74679
-0.03409 -0.02323 0.73824
-0.00498 -0.02944 0.73413
0.00715 -0.03440 0.72521
-0.00907 -0.02161 0.72089
0.00824 -0.01210 0.71570
-0.01968 -0.01269 0.70870
-0.02343 -0.03069 0.70780
-0.05856 -0.02373 0.67503
-0.02960 -0.02730 0.67825
-0.07698 -0.02766 0.66640
-0.08199 -0.01996 0.65591
-0.05867 -0.02254 0.64710
-0.05208 -0.01543 0.63390
-0.04232 -0.01578 0.62086
-0.02828 -0.04378 0.60445
-0.05378 -0.02492 0.58829
-0.04270 -0.02395 0.56990
-0.05127 -0.02926 0.55287
-0.02364 -0.03441 0.53824
-0.02645 -0.03034 0.52496
-0.00498 -0.03842 0.50792
-0.00581 -0.03332 0.49484
-0.01039 -0.04106 0.48250
-0.02322 -0.04526 0.46910
-0.02527 -0.04501 0.45613
-0.01256 -0.03706 0.44602
-0.03057 -0.02624 0.43324
-0.01184 -0.03242 0.41965
-0.03774 -0.02935 0.40663
-0.05113 -0.02888 0.39612
-0.02233 -0.02243 0.38760
-0.01882 -0.02171 0.37649
-0.00965 -0.02741 0.36123
-0.00142 -0.03099 0.34918
0.03973 -0.03466 0.33792
0.00203 -0.01748 0.34155
0.01382 -0.00854 0.33900
0.01856 -0.00764 0.35513
0.05867 -0.00397 0.32505
0.01210 -0.00883 0.34125
0.02899 -0.01800 0.33184
0.02242 -0.03529 0.33040
0.03561 -0.03569 0.32698
0.02102 -0.03711 0.31416
0.03310 -0.03071 0.32509
0.02147 -0.02210 0.31706
0.00843 -0.02875 0.34008
0.00826 -0.00641 0.34016
0.02441 -0.00345 0.36712
0.01641 -0.02225 0.37750
-0.00655 -0.03362 0.36984
-0.03145 -0.03524 0.39073
-0.00909 -0.02138 0.38855
0.01171 -0.02066 0.41475
0.01864 -0.01828 0.41031
0.00292 -0.02823 0.43680
0.01518 -0.01704 0.44434
0.04086 0.00565 0.47058
-0.06593 -0.03101 0.49023
-0.03231 -0.01974 0.50959
-0.03723 -0.00613 0.52172
-0.02583 -0.01969 0.52554
-0.05994 -0.04116 0.55745
-0.03627 -0.02580 0.57264
-0.02798 -0.02799 0.58172
-0.06051 -0.01321 0.60745
-0.02128 -0.03359 0.61633
-0.00207 -0.01945 0.64089
0.01538 -0.00566 0.65349
-0.01386 -0.00933 0.66814
0.03549 0.01309 0.68646
0.01866 0.00770 0.70246
-0.00064 -0.00679 0.71774
-0.01034 -0.00717 0.72828
-0.10436 -0.00722 0.73663
-0.07096 -0.01392 0.75771
-0.07236 -0.04339 0.77054
-0.08999 -0.03563 0.78049
-0.13320 -0.04201 0.77849
-0.04232 -0.05696 0.79555
-0.11677 -0.02178 0.79485
-0.09629 -0.02468 0.80459
-0.05840 -0.01040 0.81019
-0.08704 -0.04449 0.80524
-0.13229 -0.01370 0.79983
-0.05057 -0.05760 0.80780
-0.14083 -0.03083 0.80534
-0.08301 -0.03872 0.81878
-0.13744 0.00478 0.81721
-0.09977 -0.00251 0.82052
-0.07900 -0.01469 0.82200
0.00415 -0.00993 0.82529
-0.15003 0.02684 0.80864
0.00697 -0.02456 0.82326
0.00229 -0.04801 0.81841
0.00377 -0.04498 0.81432
-0.04575 -0.03424 0.81144
-0.03470 -0.06476 0.80875
-0.04781 -0.04849 0.80436
-0.12530 -0.07247 0.78862
-0.03009 -0.05102 0.79181
-0.07934 -0.06483 0.78437
-0.05384 -0.01407 0.78079
-0.02486 -0.05645 0.77104
-0.01585 -0.04280 0.75711
-0.01228 -0.03183 0.74200
-0.05768 -0.04385 0.71944
-0.03442 -0.05587 0.70293
-0.04455 -0.03039 0.68683
-0.00888 -0.03621 0.66847
-0.04276 -0.01854 0.65263
-0.05869 -0.07237 0.62842
-0.04313 -0.02854 0.60731
-0.04982 -0.05105 0.58541
-0.02581 -0.03331 0.56566
-0.05059 -0.04478 0.54486
-0.02612 -0.03568 0.52590
-0.01192 -0.03038 0.50605
-0.00166 -0.03092 0.48420
0.00940 -0.03187 0.46317
0.01290 -0.03101 0.44958
0.00243 -0.02261 0.44270
-0.00403 -0.02028 0.43872
-0.04769 -0.02716 0.43649
-0.03430 -0.02565 0.43075
-0.03627 -0.02981 0.43220
0.01171 -0.05112 0.41813
-0.00039 -0.03259 0.41875
-0.02643 -0.03550 0.41834
0.02618 -0.02064 0.40387
0.02939 -0.01167 0.41463
-0.02489 -0.00969 0.39724
-0.00880 -0.00977 0.40863
0.00383 -0.01156 0.38689
0.01148 -0.01519 0.40380
0.00373 -0.02262 0.38519
0.00545 -0.03858 0.38550
0.00890 -0.03773 0.36504
0.01423 -0.04039 0.37986
0.02729 -0.01662 0.38587
0.03808 -0.02016 0.37261
0.04786 -0.02537 0.39398
0.08620 -0.01195 0.36777
0.01701 -0.00795 0.40084
0.02199 -0.02028 0.38751
0.01586 -0.01954 0.41064
0.02931 -0.01752 0.41373
0.07699 -0.00297 0.39323
0.09911 -0.00241 0.41400
0.07630 0.01134 0.41422
0.10560 0.03401 0.43547
0.01199 -0.00816 0.46798
0.05291 -0.01092 0.45962
0.01897 -0.02645 0.48543
0.03708 -0.01494 0.48960
-0.00201 -0.02441 0.50762
-0.01261 -0.00973 0.52223
-0.02276 -0.00547 0.54166
-0.03990 -0.01813 0.56218
-0.03304 -0.01237 0.57148
0.02388 -0.02111 0.58758
-0.00831 -0.02315 0.59941
-0.00306 -0.02696 0.61387
-0.01119 -0.02801 0.63582
-0.07432 -0.00596 0.64615
-0.02662 -0.01322 0.67094
-0.03451 -0.01487 0.68394
-0.00615 -0.05621 0.69644
0.04659 -0.01585 0.70996
0.02362 -0.02368 0.72484
0.01287 -0.01856 0.74468
-0.01348 -0.03536 0.76404
-0.00035 -0.01657 0.77949
-0.01676 -0.03795 0.79115
-0.01895 -0.01899 0.79720
-0.00217 -0.03244 0.80758
-0.01316 -0.03370 0.81175
-0.03718 -0.03908 0.80233
0.00382 -0.03375 0.80352
-0.00810 -0.02608 0.80546
-0.03583 -0.01605 0.80808
-0.03577 -0.03377 0.80710
-0.01396 -0.04171 0.81208
-0.05228 -0.05545 0.80824
-0.02846 -0.03870 0.81545
-0.05098 -0.02758 0.83184
-0.04912 -0.04621 0.80909
-0.05161 -0.03702 0.82060
-0.04397 -0.05623 0.81720
-0.07021 -0.05786 0.81739
-0.05287 -0.04110 0.82224
-0.08357 -0.04501 0.82133
-0.08320 -0.04312 0.82199
-0.11750 -0.03633 0.81906
-0.02731 -0.03582 0.82445
-0.04083 -0.04533 0.82471
-0.03154 -0.04793 0.82254
-0.02544 -0.04581 0.82214
-0.06571 -0.03431 0.81874
-0.04751 -0.03320 0.81714
-0.07852 -0.02451 0.81200
-0.08685 -0.01404 0.81049
-0.06754 -0.00135 0.81265
-0.02982 -0.02767 0.81020
-0.01899 -0.04476 0.80466
-0.00117 -0.05665 0.79689
-0.09779 -0.02627 0.78959
-0.06119 -0.01666 0.78979
0.00621 -0.05558 0.78993
0.01710 -0.04301 0.78872
0.01249 -0.03493 0.78456
-0.02425 -0.02173 0.78631
-0.00096 -0.02105 0.78443
-0.01091 -0.02632 0.78193
0.01461 -0.02569 0.76862
0.00987 -0.02226 0.76884
-0.01121 -0.02856 0.76715
-0.02872 -0.02698 0.76424
-0.02745 -0.02659 0.76396
-0.06148 -0.03508 0.75879
-0.03365 -0.02423 0.76013
-0.04260 -0.02116 0.75678
-0.02858 -0.04571 0.75245
-0.01981 -0.03279 0.74664
-0.04087 -0.04206 0.74385
-0.01445 -0.00600 0.74605
-0.01620 -0.03192 0.75448
0.00386 -0.04790 0.72947
-0.04431 -0.05791 0.72453
-0.04056 -0.00795 0.71458
-0.00874 -0.00600 0.72332
-0.02582 -0.01420 0.72839
-0.06193 -0.02508 0.72414
-0.02407 -0.03237 0.71939
-0.04294 -0.02972 0.71238
-0.02203 -0.01036 0.71020
-0.03736 -0.02851 0.70545
-0.01912 -0.04629 0.70255
0.00123 -0.04292 0.69676
-0.03150 -0.02305 0.69348
-0.02786 -0.02671 0.69259
-0.06093 -0.01977 0.68452
-0.08107 0.00262 0.67748
-0.10083 -0.03223 0.66977
-0.04206 -0.01220 0.67297
-0.08511 -0.02641 0.66298
-0.08923 -0.02958 0.65184
-0.05293 -0.01318 0.65075
-0.12860 -0.03307 0.63645
-0.01247 -0.04023 0.64775
-0.03302 -0.02633 0.64504
-0.03391 -0.02102 0.64287
-0.03928 -0.01879 0.64138
-0.03485 -0.00553 0.63491
0.00981 -0.02723 0.63458
0.01195 -0.03171 0.62862
-0.00454 -0.02167 0.62719
-0.00185 -0.03552 0.62456
-0.00571 -0.02792 0.62129
0.02404 -0.05135 0.62127
0.00813 -0.04758 0.62572
0.01981 -0.03626 0.63338
0.04683 -0.01463 0.64249
-0.01661 -0.01264 0.65370
-0.00870 -0.01270 0.66578
-0.01888 -0.03808 0.66938
-0.00184 -0.01319 0.68062
-0.01819 -0.02100 0.69116
-0.00118 -0.01293 0.70473
-0.00215 -0.04142 0.71559
-0.01881 -0.03307 0.72337
0.06309 -0.04966 0.72746
0.02282 -0.03325 0.74475
-0.00611 -0.02788 0.76374
0.05370 -0.05002 0.77544
-0.04765 -0.00597 0.79301
-0.04970 -0.02477 0.80807
-0.04519 -0.02324 0.82030
-0.09773 -0.04154 0.83177
-0.09948 -0.02811 0.84304
-0.01093 -0.06291 0.86895
-0.00983 -0.03203 0.86254
0.02683 -0.03955 0.88466
-0.04160 -0.03487 0.90464
0.00251 -0.04130 0.91544
-0.06701 -0.03012 0.92562
-0.05629 -0.03287 0.93833
-0.03783 -0.06919 0.94818
-0.06453 -0.04875 0.95836
-0.05928 -0.03721 0.96641
-0.03568 -0.03780 0.97687
-0.03759 -0.04130 0.99036
-0.00573 -0.07587 0.99332
0.05897 -0.04238 0.99114
-0.02385 -0.07103 0.99083
-0.02202 -0.03888 0.99692
-0.00950 -0.04334 1.00742
-0.07079 -0.02991 1.00703
-0.00097 -0.04507 1.01172
-0.02026 0.00011 1.00907
-0.07626 -0.06275 1.00315
-0.01127 -0.03991 1.00194
-0.07303 -0.03557 1.00761
-0.02357 -0.02741 1.00170
-0.06453 -0.04843 0.98818
-0.09009 -0.04555 0.99901
-0.07993 -0.05840 0.99287
-0.05246 -0.06058 0.99369
-0.05143 -0.04600 0.99215
-0.09329 -0.01701 0.99007
-0.10479 -0.03628 0.98804
-0.04207 -0.05781 0.98687
-0.04945 -0.05211 0.97928
-0.04442 -0.04897 0.97733
-0.05782 -0.04884 0.97368
-0.02259 -0.05081 0.97586
-0.02410 -0.05390 0.97445
-0.05887 -0.06150 0.95742
-0.04514 -0.05027 0.95794
-0.05481 -0.08687 0.94990
-0.04966 -0.02631 0.94886
-0.07147 -0.04502 0.94730
-0.06820 -0.02394 0.94780
-0.04257 -0.03662 0.94446
-0.05478 -0.02841 0.94171
-0.05709 -0.04663 0.92774
-0.07565 -0.02328 0.93219
-0.01759 -0.04850 0.93241
-0.05421 -0.04429 0.92721
-0.02244 -0.05924 0.92567
-0.04213 -0.03631 0.92325
-0.02743 -0.06096 0.92357
-0.05189 -0.04245 0.92600
-0.11162 -0.04188 0.92080
-0.14142 -0.02214 0.91725
-0.13546 -0.02167 0.91759
-0.09814 0.00177 0.92660
-0.06921 -0.01044 0.92981
-0.05040 -0.02570 0.92846
-0.06478 -0.02708 0.92675
-0.07416 -0.02712 0.93180
-0.10460 -0.02973 0.94002
0.06452 -0.06690 0.91852
0.00365 -0.03605 0.93610
0.01626 -0.01808 0.94058
0.02018 -0.05163 0.94237
0.00146 -0.05120 0.94120
-0.02175 -0.02967 0.94120
-0.05128 -0.02218 0.94665
-0.02329 -0.03795 0.94602
-0.04535 -0.04495 0.94649
-0.10088 -0.03294 0.93975
-0.03581 -0.04752 0.94685
-0.05354 -0.03635 0.94406
-0.06727 -0.00334 0.94498
-0.05133 -0.02868 0.95287
-0.05772 -0.02154 0.94984
-0.07940 0.02000 0.94178
-0.06002 -0.03253 0.93997
-0.11984 -0.04692 0.92799
-0.15033 -0.01690 0.92601
-0.14959 -0.01300 0.92565
-0.16120 0.01590 0.92338
-0.03294 -0.00976 0.93848
-0.06573 -0.03377 0.92622
-0.06814 -0.03858 0.92299
-0.07691 -0.05520 0.91275
-0.06519 -0.06691 0.90251
-0.11368 -0.00812 0.88620
-0.06192 -0.00351 0.88329
-0.07213 -0.03506 0.86728
-0.17066 -0.03133 0.83197
-0.04568 -0.05378 0.82795
-0.21386 -0.05364 0.79006
-0.04258 -0.04579 0.81508
-0.04515 -0.04884 0.81453
-0.04105 -0.03548 0.81453
-0.01088 -0.04252 0.81587
-0.07897 -0.02570 0.80924
-0.03280 -0.00999 0.81275
-0.09545 -0.01240 0.80630
-0.01804 -0.03310 0.80653
0.02211 -0.05024 0.79940
-0.00980 -0.02624 0.79208
-0.10963 -0.02324 0.78580
0.01253 -0.03880 0.79290
-0.01580 -0.01794 0.79289
-0.04463 -0.02881 0.78475
-0.05885 -0.03786 0.78466
-0.25061 -0.06734 0.74421
0.01961 -0.03942 0.77099
0.00654 -0.02466 0.77054
-0.01269 -0.03313 0.76996
-0.03689 -0.02777 0.76840
-0.00186 -0.00656 0.77270
-0.01269 -0.03773 0.77126
-0.01790 -0.04252 0.76161
0.01123 -0.03871 0.75262
-0.04267 -0.04688 0.74202
-0.03143 -0.05413 0.72747
-0.03640 -0.01279 0.71311
-0.03904 -0.01263 0.69600
-0.02270 -0.01603 0.67625
-0.00652 -0.03751 0.65433
-0.09989 -0.01808 0.61865
-0.06159 -0.05021 0.59552
-0.04706 -0.05051 0.56849
-0.07812 -0.02199 0.54267
-0.04324 -0.02687 0.52049
-0.03612 -0.02206 0.49868
-0.04091 -0.04321 0.47706
-0.02708 -0.04610 0.46405
-0.03348 -0.03917 0.46268
-0.10369 -0.02925 0.44224
-0.03252 -0.03093 0.44997
-0.02506 -0.03180 0.44358
-0.03464 -0.01701 0.45130
-0.02820 -0.02129 0.40947
-0.02316 -0.01783 0.40683
-0.03574 -0.01354 0.38646
-0.04003 -0.01114 0.36270
-0.04964 -0.01896 0.33644
-0.03894 -0.01789 0.31556
-0.02979 -0.02744 0.31544
-0.03347 -0.00912 0.31400
-0.02071 -0.00702 0.31493
-0.03203 -0.01535 0.30908
-0.02992 -0.01970 0.30663
-0.02210 -0.02167 0.30213
-0.02422 -0.02304 0.30174
-0.00982 -0.01946 0.29526
-0.01606 -0.02738 0.29242
-0.02155 -0.02778 0.29355
-0.02681 -0.02157 0.29757
-0.02957 -0.02191 0.30318
-0.03169 -0.03231 0.30295
-0.03354 -0.01923 0.31139
-0.02526 -0.01065 0.31791
-0.04201 -0.01494 0.32052
-0.03216 -0.01944 0.32679
-0.04536 -0.02606 0.33128
-0.02189 -0.02947 0.34513
-0.01309 -0.04239 0.35122
-0.00497 -0.02848 0.36699
-0.04230 -0.05453 0.37113
-0.00210 -0.02497 0.39056
-0.00148 -0.03413 0.40421
-0.02452 -0.03625 0.41012
-0.00793 -0.02667 0.42770
-0.00759 -0.02582 0.43631
-0.03915 -0.02663 0.44816
-0.05758 -0.04497 0.45779
-0.03928 -0.03897 0.46585
-0.03767 -0.02986 0.48291
-0.04915 -0.02419 0.49370
-0.01735 -0.03779 0.50379
-0.07366 -0.05365 0.51131
-0.04249 -0.03575 0.51676
-0.06784 -0.03625 0.53271
-0.02795 -0.02463 0.54270
-0.04436 -0.04025 0.55112
-0.03559 -0.03628 0.56824
-0.05443 -0.03543 0.57122
-0.04115 -0.01757 0.58958
-0.03077 -0.00126 0.59589
-0.02356 0.00821 0.61772
0.00515 -0.00250 0.61878
-0.01973 -0.00890 0.62924
-0.01286 -0.03735 0.64401
-0.02569 -0.05385 0.63748
-0.01931 -0.03749 0.65892
0.01132 -0.04265 0.65329
0.05021 -0.04143 0.65371
-0.01534 -0.05215 0.67585
0.06822 -0.06337 0.66515
0.02089 -0.00927 0.69462
-0.01047 -0.02521 0.69725
-0.00434 -0.02442 0.71637
-0.04793 -0.02941 0.71482
-0.00182 -0.01338 0.72449
-0.03447 -0.03097 0.73590
-0.01490 -0.00255 0.74186
-0.04772 -0.03042 0.75429
-0.04019 -0.02367 0.75645
-0.06442 -0.01707 0.76840
-0.02955 -0.03627 0.77797
-0.04416 -0.04886 0.78281
-0.04718 -0.02813 0.78735
-0.01593 -0.06381 0.78976
-0.03552 -0.02241 0.79833
-0.06421 -0.01247 0.80890
-0.05625 0.00972 0.81954
0.01190 -0.02925 0.83277
0.00366 -0.01109 0.83203
-0.00220 -0.05248 0.83518
-0.00123 -0.00737 0.84093
-0.07265 -0.01378 0.84116
0.02547 -0.01473 0.85158
0.07124 -0.03883 0.86374
-0.05743 -0.00196 0.82969
0.00384 -0.03584 0.85378
0.03093 -0.01641 0.85410
-0.05976 -0.01664 0.84817
-0.02977 -0.03310 0.85785
-0.06036 -0.03742 0.83413
-0.08379 -0.04643 0.83770
-0.04274 -0.02317 0.83593
-0.06845 -0.02960 0.82920
-0.02727 -0.04668 0.82708
-0.07382 -0.04756 0.81352
-0.09905 -0.04248 0.79560
-0.06091 -0.02717 0.78545
-0.08340 -0.03859 0.76525
-0.09091 -0.06124 0.74524
-0.10567 -0.06703 0.73044
-0.09172 -0.06512 0.69110
-0.09685 -0.05160 0.68445
-0.06252 -0.05274 0.68186
-0.04816 -0.04795 0.66408
-0.04801 -0.05565 0.62929
-0.04077 -0.05402 0.62932
-0.03337 -0.03674 0.61967
-0.04721 -0.03570 0.58210
-0.05657 -0.03764 0.58838
-0.01970 -0.03660 0.57016
-0.03023 -0.04008 0.56769
-0.00951 -0.02909 0.56657
-0.02565 -0.02521 0.55166
-0.00125 -0.02889 0.54880
-0.00773 -0.03348 0.52922
0.02840 -0.02967 0.51420
0.02793 -0.03403 0.51648
0.02067 -0.04184 0.49398
0.03632 -0.05212 0.50578
-0.00186 -0.04099 0.48037
0.01712 -0.05199 0.49975
0.02258 -0.02102 0.46853
-0.01569 -0.01838 0.49732
0.04482 -0.02090 0.45869
0.03876 0.00030 0.49267
0.00995 -0.03617 0.45136
0.05102 -0.02300 0.44537
0.03782 -0.01904 0.47905
0.06614 -0.02094 0.44126
0.05534 -0.01050 0.47885
0.06458 -0.02094 0.44959
0.07424 -0.02810 0.48523
0.11159 -0.03601 0.45030
0.11096 -0.03548 0.48344
0.03337 -0.01469 0.48013
0.04794 -0.01930 0.49227
-0.09456 -0.02892 0.51284
-0.01316 -0.00651 0.52023
-0.01071 -0.01205 0.54868
-0.03091 -0.01595 0.53554
-0.05700 -0.01742 0.56622
-0.02769 -0.01892 0.55120
-0.02596 -0.02494 0.58029
-0.00351 -0.01086 0.59762
-0.00757 -0.01281 0.62091
-0.01400 -0.01225 0.61946
0.03464 -0.03667 0.64293
-0.00131 -0.01664 0.65697
0.00474 -0.02038 0.66852
0.01639 -0.02913 0.68387
-0.01398 -0.02884 0.69564
0.00095 -0.01882 0.71161
-0.05086 -0.04963 0.72233
-0.04687 -0.02926 0.73787
-0.04377 -0.00722 0.75295
-0.06876 -0.01230 0.76094
-0.00738 -0.02548 0.78009
-0.05833 -0.01078 0.78870
-0.07383 -0.03029 0.79987
-0.02818 0.00618 0.81634
-0.01472 -0.03476 0.82834
-0.01702 -0.01154 0.84081
-0.02959 -0.01361 0.85278
-0.02855 -0.01908 0.86687
-0.01385 -0.03155 0.87509
-0.00588 -0.00615 0.89101
0.01823 -0.03062 0.89957
-0.05239 -0.03988 0.90700
-0.03764 -0.04025 0.91675
-0.06240 -0.03508 0.92275
-0.01364 -0.02550 0.93351
-0.07848 -0.04587 0.93544
-0.07028 -0.03957 0.94173
-0.06862 -0.02703 0.94575
-0.06963 -0.03898 0.94760
-0.08239 -0.03440 0.95030
-0.08112 -0.02592 0.94896
-0.08506 -0.03735 0.94732
-0.06258 -0.04581 0.94868
-0.03726 -0.04162 0.94536
-0.05111 -0.02877 0.95291
-0.03150 -0.00265 0.95143
-0.03908 0.00410 0.95140
-0.05308 -0.01874 0.94516
-0.03404 -0.02191 0.94135
-0.10415 -0.06108 0.93268
-0.04069 -0.03332 0.93814
-0.06427 -0.01785 0.93657
-0.02948 -0.03478 0.93379
-0.05951 -0.04520 0.93084
-0.04470 -0.04864 0.92915
-0.07712 -0.06253 0.92368
-0.07550 -0.04959 0.92436
-0.03912 0.00396 0.92410
-0.02563 -0.02958 0.92787
0.24095 -0.03434 0.89576
0.22753 -0.03846 0.89950
0.01589 -0.03945 0.93086
-0.03972 -0.02620 0.92749
-0.10209 -0.02246 0.92520
-0.09255 -0.00383 0.92559
-0.07935 -0.04493 0.92976
-0.04837 -0.03719 0.93542
-0.05700 -0.02686 0.93688
-0.08105 -0.03256 0.94001
-0.06362 -0.02454 0.94174
0.00105 -0.00008 0.94820
-0.02835 -0.03788 0.95296
-0.06203 -0.03320 0.95296
-0.04799 -0.04260 0.95338
-0.05390 -0.03546 0.95506
-0.04379 -0.04948 0.96464
-0.06271 -0.04005 0.96898
-0.02518 -0.04367 0.97738
-0.02761 -0.02087 0.98183
-0.04625 -0.02679 0.98934
-0.07455 -0.02730 0.99205
-0.08388 -0.03775 0.99629
-0.06123 0.01039 1.01564
0.02120 -0.05239 1.00696
-0.00892 -0.04002 1.02224
0.01461 -0.04362 1.01850
-0.07038 -0.02734 1.02186
-0.05071 -0.04659 1.03330
-0.07727 -0.04164 1.03939
-0.04365 -0.03195 1.04810
-0.05554 -0.01255 1.05524
-0.06579 -0.02469 1.05445
-0.02277 -0.02206 1.06697
-0.00942 -0.02065 1.06459
-0.04097 -0.00377 1.06692
-0.07568 -0.03019 1.06605
-0.05081 -0.02051 1.06676
-0.03624 -0.03107 1.06729
-0.14607 -0.04164 1.06062
-0.05331 -0.03242 1.06681
-0.07842 -0.05410 1.06528
-0.06587 -0.06159 1.06655
-0.01330 -0.06758 1.06661
-0.03753 -0.04611 1.06595
-0.07451 -0.05335 1.06595
-0.05703 -0.03107 1.06565
-0.03711 -0.04720 1.06847
-0.04614 -0.02718 1.06505
-0.10025 -0.03029 1.06249
-0.09518 -0.00866 1.06516
-0.07338 -0.02706 1.06378
-0.06727 -0.02149 1.06759
-0.04793 -0.02123 1.06675
0.01667 -0.05255 1.06387
-0.03763 -0.04032 1.06705
0.01368 -0.06656 1.06342
0.00301 -0.06064 1.06353
-0.02795 -0.04807 1.06350
-0.01215 0.00228 1.06760
0.10009 -0.04074 1.06970
0.01458 -0.00901 1.07770
-0.05665 -0.03677 1.07367
-0.02420 -0.02363 1.07956
0.06857 -0.02263 1.07795
-0.03873 0.00289 1.07931
-0.00892 -0.03487 1.08389
-0.02042 -0.00597 1.08253
-0.07085 -0.03805 1.07868
-0.07191 -0.02976 1.08393
-0.03888 0.00717 1.08820
0.04470 -0.04867 1.09553
-0.00643 -0.02183 1.09725
-0.06140 -0.04566 1.09629
-0.04615 -0.01371 1.09814
-0.02296 0.01060 1.11286
-0.04481 -0.02088 1.11142
-0.06038 -0.05287 1.10939
-0.07233 -0.05160 1.10363
-0.08155 -0.04085 1.11104
-0.06557 -0.02715 1.12211
-0.07541 -0.02122 1.13536
-0.03846 -0.04062 1.13303
-0.04785 -0.03226 1.13626
-0.04587 -0.03086 1.14189
-0.03416 -0.05161 1.14417
-0.03530 -0.05290 1.14869
-0.04759 -0.04766 1.15110
-0.05586 -0.02747 1.15776
-0.03310 -0.05462 1.15788
-0.03470 -0.05004 1.16524
-0.06989 -0.02468 1.16926
-0.04325 -0.02372 1.17171
-0.05212 -0.04696 1.16789
-0.08833 -0.01757 1.16159
-0.14684 -0.03502 1.15659
-0.10271 -0.03337 1.15819
-0.07348 -0.04720 1.15713
-0.05214 -0.01244 1.15881
-0.08078 -0.04035 1.15332
-0.00695 -0.04691 1.15421
-0.06210 -0.04588 1.14738
-0.06516 -0.05815 1.14810
-0.04195 -0.05038 1.14369
-0.09044 -0.08322 1.12961
-0.11203 -0.04905 1.13151
-0.05073 -0.03256 1.13318
-0.04754 -0.05585 1.13258
-0.03162 -0.02437 1.12705
-0.05109 -0.04555 1.12216
-0.03362 -0.04532 1.10693
-0.04344 -0.03378 1.10646
0.05075 -0.05586 1.09578
-0.01660 -0.05748 1.07945
-0.02798 -0.05635 1.07047
-0.04659 -0.04200 1.05654
-0.06716 -0.04462 1.03947
-0.04439 -0.03769 1.03106
-0.05439 -0.01839 1.00154
-0.04564 -0.03120 0.99505
-0.09425 -0.01752 0.97343
-0.06095 -0.03988 0.95964
-0.03243 -0.06154 0.94767
-0.14247 -0.09072 0.91293
-0.04495 -0.03576 0.91293
-0.01873 -0.01693 0.89802
-0.02479 -0.02443 0.87842
0.00476 -0.04926 0.86293
0.13517 -0.07031 0.83057
0.18192 -0.05795 0.81422
0.24696 -0.07442 0.77749
0.20847 -0.07198 0.77902
-0.00522 -0.03137 0.77282
0.07017 -0.05991 0.70599
0.06054 -0.03644 0.70924
0.05799 -0.04363 0.70916
0.06833 -0.02115 0.70917
0.07307 -0.01632 0.70768
0.07697 -0.00449 0.70743
0.01799 -0.00801 0.71189
-0.01337 -0.04264 0.71010
-0.01242 -0.04018 0.70978
-0.03219 -0.02245 0.70923
-0.07482 -0.02099 0.70680
-0.11202 -0.00473 0.70125
-0.17495 -0.01085 0.68819
-0.21072 -0.03948 0.67680
-0.30973 -0.03719 0.66655
-0.07143 -0.03468 0.60745
-0.09519 -0.03517 0.58568
-0.10194 -0.01980 0.56730
-0.04332 -0.03325 0.55361
-0.06247 -0.03681 0.52805
-0.05662 -0.03329 0.51052
-0.03339 -0.02748 0.48642
-0.06234 -0.04541 0.45786
-0.06122 -0.04327 0.42993
-0.05388 -0.03200 0.40619
-0.03837 -0.02389 0.38318
-0.04860 -0.02283 0.35479
-0.05269 -0.01424 0.32849
-0.05278 -0.02256 0.30424
-0.03438 -0.01215 0.28640
-0.04780 -0.01021 0.26239
-0.05419 -0.00666 0.24022
-0.02129 0.00061 0.23121
-0.04984 -0.00914 0.21540
-0.04034 -0.01706 0.21021
-0.04082 -0.01710 0.20337
-0.02557 -0.01213 0.20075
-0.03762 -0.01375 0.19420
-0.04299 -0.01407 0.19192
-0.03839 -0.00703 0.19457
-0.03709 -0.00434 0.19563
-0.03441 -0.00377 0.19603
-0.02588 -0.00482 0.19578
-0.04190 -0.00235 0.19291
-0.03521 -0.00258 0.19537
-0.03418 -0.00499 0.19488
-0.03213 -0.00376 0.19493
-0.03842 -0.01212 0.19683
-0.03888 -0.01771 0.20815
-0.02861 -0.01042 0.22698
-0.03946 -0.01027 0.24737
-0.03782 -0.00593 0.26822
-0.05036 -0.01251 0.28480
-0.03664 -0.01221 0.30223
-0.03824 -0.01424 0.32148
-0.03759 -0.00874 0.34019
-0.04133 -0.01120 0.36615
-0.03332 -0.00652 0.38926
-0.02589 -0.01018 0.41355
-0.03963 0.00870 0.43900
-0.01704 0.00246 0.46329
-0.02764 -0.00160 0.48756
-0.03528 0.00604 0.50508
-0.04016 -0.00344 0.52512
-0.03508 -0.01692 0.54210
-0.02015 -0.02363 0.55681
-0.05354 -0.01663 0.57400
-0.05632 -0.04643 0.59297
-0.09185 -0.02772 0.61210
-0.04465 -0.00427 0.63899
-0.04733 -0.01406 0.66057
-0.04611 -0.01611 0.67815
-0.02477 -0.05596 0.68846
-0.06965 -0.03381 0.70213
-0.05665 -0.03651 0.71617
-0.08284 -0.00377 0.73933
-0.03288 -0.00246 0.76823
-0.02159 -0.03011 0.79084
-0.02034 -0.03847 0.80545
-0.04331 -0.03380 0.81138
-0.02310 -0.05485 0.83083
-0.04480 -0.03650 0.83975
-0.02407 -0.01497 0.86618
-0.02811 -0.01314 0.88066
-0.05682 -0.03002 0.88812
-0.10211 -0.03181 0.89496
-0.06179 -0.02279 0.91135
-0.05679 -0.02627 0.92235
-0.05452 -0.04336 0.93117
-0.04858 -0.06695 0.94183
-0.02800 -0.03574 0.95759
-0.10514 -0.02653 0.96387
-0.05948 -0.01385 0.98142
-0.09475 -0.03984 0.98361
-0.06893 -0.02340 0.99362
-0.08760 -0.03330 0.99843
-0.07459 -0.01980 1.00278
-0.08376 -0.04585 1.01165
-0.07888 -0.00793 1.01907
-0.08442 -0.03040 1.02390
-0.10906 -0.03962 1.02439
-0.11064 -0.04723 1.03221
-0.15670 -0.02434 1.02852
-0.60566 0.12705 0.85040
-0.15333 -0.03694 1.04229
-0.12956 -0.01263 1.04534
-0.06731 -0.04016 1.05872
-0.03053 -0.03138 1.06056
-0.04676 -0.05699 1.06058
-0.02538 -0.04643 1.06282
0.06166 -0.06800 1.05804
0.00298 -0.04881 1.06442
-0.04814 -0.07339 1.05543
-0.06971 -0.04758 1.05746
-0.03246 -0.02171 1.06425
-0.04590 -0.03210 1.06856
0.00804 -0.05929 1.06829
-0.04561 -0.05410 1.06072
-0.04352 -0.03775 1.05482
-0.04874 -0.05159 1.05336
-0.02516 -0.03160 1.05796
-0.06590 -0.01727 1.06492
0.00183 -0.01996 1.06934
-0.00768 -0.00141 1.07008
-0.02320 -0.03147 1.06693
-0.04236 -0.04320 1.06539
-0.08591 -0.04829 1.06115
-0.05107 -0.04271 1.06473
-0.04450 -0.01912 1.07128
-0.03018 -0.04151 1.07123
-0.10538 -0.02256 1.07073
-0.05616 -0.09205 1.06290
-0.10311 -0.04231 1.06312
-0.06986 -0.04286 1.06776
-0.07376 -0.01525 1.07382
-0.11887 -0.01529 1.07458
-0.12242 -0.00998 1.07466
-0.06367 -0.04281 1.07425
-0.10792 -0.06933 1.06759
-0.09935 -0.06986 1.07214
-0.09073 -0.05295 1.07471
-0.01245 -0.02909 1.07993
-0.03537 -0.07563 1.07762
-0.02035 -0.03138 1.08147
-0.03508 -0.03511 1.08175
-0.08927 -0.05417 1.07588
-0.05585 -0.02910 1.07784
-0.03907 -0.04870 1.08242
-0.05037 -0.01573 1.08665
-0.06398 -0.02574 1.09138
-0.08964 -0.02407 1.08949
-0.08569 -0.05691 1.08664
-0.10059 -0.05640 1.08474
-0.08456 -0.05521 1.08701
-0.06924 -0.05001 1.08604
-0.04534 -0.03420 1.08447
-0.05146 -0.03620 1.09676
-0.01427 -0.01805 1.09738
-0.02089 -0.05455 1.09406
-0.15310 -0.02887 1.08638
-0.09208 -0.05360 1.09363
-0.10388 -0.06408 1.09140
-0.15992 -0.06016 1.08694
-0.11182 -0.03055 1.09346
-0.09825 -0.06185 1.09783
-0.05775 -0.04107 1.10011
-0.02870 -0.06120 1.09966
-0.04161 -0.02838 1.10354
-0.05186 -0.04340 1.10476
-0.01145 -0.12268 1.10388
-0.03842 -0.07910 1.10370
-0.12399 -0.02803 1.10008
-0.04279 -0.05925 1.10783
-0.01081 -0.06481 1.11244
-0.01448 -0.05877 1.11105
-0.10521 -0.05498 1.10712
-0.07837 -0.05648 1.11561
-0.05605 -0.04193 1.11492
-0.07466 -0.07096 1.11670
-0.04055 -0.02278 1.11489
-0.06081 -0.07225 1.11643
-0.06798 -0.02386 1.11871
-0.02542 -0.05430 1.12318
-0.00902 -0.05499 1.12879
-0.10674 -0.04475 1.12430
-0.09532 -0.03195 1.12630
-0.12913 -0.07528 1.12187
-0.09892 -0.05483 1.12796
-0.02681 -0.04898 1.13042
-0.05858 -0.05262 1.13365
-0.06583 -0.04578 1.13139
-0.10744 -0.05793 1.13115
-0.12942 -0.05407 1.13112
-0.03923 -0.06539 1.13504
-0.10048 -0.03360 1.13702
-0.05547 -0.03421 1.14048
-0.07579 -0.08435 1.13398
-0.06381 -0.07712 1.13431
-0.02483 -0.06957 1.13985
-0.07662 -0.04118 1.14033
-0.07189 -0.03693 1.14351
-0.07710 -0.05219 1.13211
-0.03554 -0.04406 1.13922
-0.06325 -0.04504 1.13579
-0.02927 -0.05206 1.14012
-0.07175 -0.05264 1.13031
-0.05704 -0.03594 1.13064
-0.01927 -0.02294 1.13713
-0.06987 -0.02147 1.14138
-0.00560 -0.05153 1.12934
0.00755 -0.10734 1.12031
-0.05019 -0.06199 1.11073
-0.02613 -0.00347 1.11379
-0.08567 -0.05096 1.11640
-0.05527 -0.07816 1.11922
-0.06033 -0.03571 1.11686
-0.08836 -0.05341 1.10387
-0.09103 -0.07252 1.09633
-0.04423 -0.07004 1.08288
-0.01476 -0.06771 1.07824
-0.03945 -0.03280 1.08530
-0.04474 -0.03964 1.09429
-0.03074 -0.06173 1.08877
-0.05920 -0.04115 1.06945
-0.04448 -0.08530 1.05018
-0.06503 -0.05813 1.04599
-0.08452 -0.04070 1.01466
-0.09899 -0.03595 1.02669
-0.06231 -0.01752 1.03355
-0.05127 -0.02937 1.03121
-0.05193 -0.01760 1.01963
-0.10147 -0.05262 1.00564
-0.01618 -0.03796 0.99899
0.00088 -0.06059 0.99363
-0.07118 -0.08720 0.98247
-0.03881 -0.04825 0.97290
-0.00928 -0.01669 0.98005
-0.02379 -0.02885 0.97552
0.01297 -0.06302 0.96766
-0.08836 -0.03529 0.94945
-0.13352 -0.02314 0.93891
-0.02392 -0.00897 0.94930
-0.01865 -0.03740 0.94257
-0.02587 -0.02920 0.93853
-0.03785 -0.05268 0.92359
-0.13142 -0.01471 0.91298
-0.04245 -0.02064 0.91751
-0.04469 -0.00120 0.91576
-0.07907 -0.04469 0.90766
-0.05004 -0.02720 0.90547
-0.05507 -0.03700 0.90245
-0.07095 -0.06835 0.89097
-0.04129 -0.03577 0.88587
-0.06414 -0.03338 0.88448
-0.05316 0.00756 0.88639
-0.04604 -0.02301 0.88797
-0.04669 -0.02677 0.87861
-0.05210 -0.05151 0.86758
-0.05752 -0.03753 0.85977
-0.04258 -0.03345 0.85632
-0.05836 -0.03130 0.85431
-0.03557 -0.02124 0.85678
-0.00768 -0.04198 0.84986
-0.04001 -0.01728 0.84469
-0.02114 -0.00892 0.83440
-0.03688 -0.02303 0.83185
-0.02228 -0.02502 0.82244
0.00200 -0.05120 0.80863
-0.01579 -0.01032 0.79184
0.01395 -0.04946 0.78397
-0.00128 -0.01983 0.77207
-0.01814 -0.03078 0.76198
-0.01436 -0.03164 0.74965
-0.02126 -0.01128 0.73800
-0.04211 -0.01272 0.73117
-0.02494 -0.01366 0.71539
-0.00562 -0.04502 0.70450
-0.02534 -0.02508 0.69379
-0.04599 -0.01532 0.68393
-0.05887 0.01138 0.67148
-0.11608 -0.02925 0.65476
-0.10597 -0.04623 0.64342
-0.07790 -0.01930 0.63652
-0.04121 -0.01387 0.62697
-0.04893 -0.01301 0.61328
-0.07105 -0.03240 0.59528
-0.02934 -0.02491 0.58886
-0.00952 -0.01284 0.58211
-0.02706 -0.01557 0.56877
-0.00965 -0.01929 0.56405
0.01157 -0.02768 0.54856
-0.00556 -0.01852 0.53840
-0.00558 -0.02463 0.52327
-0.00657 -0.03128 0.51578
0.00325 -0.02774 0.50487
-0.02924 -0.02143 0.49489
-0.04156 -0.02539 0.48335
-0.04589 -0.01656 0.47024
-0.04693 -0.01703 0.46135
-0.03608 -0.01566 0.44926
-0.04438 -0.02228 0.43196
-0.03294 -0.02291 0.41919
-0.03578 -0.01333 0.40607
-0.04063 -0.01521 0.39101
-0.05351 -0.01700 0.38275
-0.04762 -0.01675 0.36400
-0.06271 -0.01259 0.35806
-0.07427 -0.00726 0.34527
-0.05470 -0.01484 0.33130
-0.05875 -0.00985 0.33581
-0.09650 -0.02280 0.30334
-0.08671 -0.01802 0.31386
-0.07517 -0.01709 0.31283
-0.05914 -0.00853 0.30531
-0.08146 -0.01145 0.30637
-0.07285 -0.00961 0.29785
-0.09415 -0.01398 0.29623
-0.09038 -0.01486 0.29035
-0.06020 -0.00788 0.28973
-0.08572 -0.01554 0.28849
-0.06304 0.00346 0.28904
-0.06659 -0.01046 0.28735
-0.06513 -0.02787 0.27573
-0.06409 -0.01695 0.27778
-0.04427 0.00003 0.28754
-0.03796 -0.00517 0.29183
-0.03435 -0.01121 0.29395
-0.03162 -0.02457 0.29332
-0.03949 -0.01265 0.28741
-0.01373 -0.02531 0.29445
-0.04383 -0.03403 0.29118
-0.00658 -0.01749 0.29464
-0.01826 -0.01480 0.29999
-0.01329 -0.00964 0.30016
-0.02353 -0.00692 0.30633
-0.03127 0.00516 0.31207
-0.05070 0.01263 0.31965
-0.07911 0.00554 0.31798
-0.07256 0.00344 0.32373
-0.06928 -0.00085 0.32846
-0.04705 -0.00668 0.34653
-0.07037 -0.00378 0.33755
-0.06622 -0.00679 0.35447
-0.06797 -0.00342 0.36296
-0.05446 -0.01006 0.37205
-0.06813 -0.01073 0.38063
-0.09038 -0.02149 0.39658
-0.08561 0.01094 0.41207
-0.10002 0.00069 0.42833
-0.09727 -0.00222 0.45303
-0.07253 -0.02370 0.46971
-0.11454 -0.01958 0.47783
-0.08649 -0.01363 0.50614
-0.06285 -0.02997 0.53120
-0.07628 -0.01264 0.55288
-0.04500 -0.03148 0.57664
-0.07038 0.01066 0.60159
-0.02026 -0.04022 0.62413
-0.01398 -0.01569 0.65245
-0.04312 -0.02191 0.68220
-0.01385 -0.00967 0.71135
-0.02590 -0.02303 0.74137
0.00300 -0.02869 0.76335
0.00533 -0.02622 0.78552
0.01621 -0.01786 0.80739
-0.04388 -0.02544 0.83547
-0.06782 -0.01525 0.85903
-0.05786 -0.01391 0.88111
-0.06150 -0.03504 0.90309
-0.04515 -0.03490 0.92437
-0.04639 -0.04106 0.94747
-0.02805 -0.03895 0.97303
-0.06923 -0.03956 0.99465
-0.01375 -0.05139 1.02036
-0.02859 -0.04417 1.04332
-0.02425 -0.04997 1.06586
-0.04097 -0.07014 1.08605
-0.02704 -0.04644 1.11068
-0.04561 -0.03918 1.13961
0.00119 -0.03715 1.16022
-0.01335 -0.02604 1.18123
-0.08844 0.00524 1.18420
-0.00126 -0.05888 1.18711
-0.05741 -0.05992 1.17858
-0.04865 -0.07274 1.17238
-0.06445 -0.09354 1.16820
-0.07530 -0.06039 1.17385
-0.04433 -0.07066 1.17417
-0.04745 -0.02699 1.17408
-0.10704 -0.05583 1.17600
-0.07479 -0.04987 1.17474
-0.08520 -0.04172 1.17584
0.00365 -0.05777 1.17806
-0.09077 -0.03227 1.17455
-0.04547 -0.03706 1.17545
-0.07096 -0.05895 1.17119
-0.05635 -0.02226 1.16835
-0.10410 -0.02556 1.16686
-0.08457 -0.06124 1.15934
-0.07841 -0.07638 1.15995
-0.08666 -0.07081 1.15447
-0.07532 -0.04477 1.15685
-0.06559 -0.03383 1.15559
-0.09126 -0.04553 1.15097
-0.06965 -0.06880 1.14854
-0.08752 -0.06340 1.14417
-0.06438 -0.06071 1.14319
-0.05615 -0.04551 1.14350
-0.01293 -0.07402 1.13654
-0.05189 -0.07063 1.13328
-0.05223 -0.06655 1.13015
-0.04467 -0.07653 1.13005
-0.04338 -0.06335 1.12887
-0.04960 -0.05737 1.13045
0.00458 -0.07331 1.12285
-0.06120 -0.08091 1.11232
-0.03299 -0.07163 1.11185
-0.01091 -0.08544 1.10697
0.00872 -0.06073 1.11244
-0.04133 -0.06123 1.10677
-0.04505 -0.05697 1.09953
-0.01385 -0.04953 1.09713
-0.02502 -0.05689 1.09711
-0.00539 -0.03527 1.09876
-0.01431 -0.01385 1.09966
-0.01073 -0.03501 1.09897
-0.04429 -0.06438 1.09217
-0.02504 -0.01890 1.08583
-0.13357 -0.04928 1.07650
-0.08985 -0.05019 1.08255
-0.03173 -0.08192 1.08958
-0.04895 -0.02298 1.09534
-0.09857 -0.05770 1.09053
-0.09639 -0.03189 1.09508
-0.08588 -0.04418 1.08830
-0.05410 -0.05526 1.08698
-0.07158 -0.01783 1.08488
-0.12127 -0.10064 1.07535
-0.10196 -0.04013 1.07801
-0.08024 -0.05913 1.07614
-0.08609 -0.02755 1.07629
-0.12491 -0.03256 1.06884
-0.06020 -0.03831 1.07614
-0.13015 -0.04785 1.06370
-0.11547 -0.05021 1.06257
-0.00185 -0.02893 1.06689
-0.04843 -0.06899 1.05957
-0.13002 -0.08124 1.05397
-0.27237 -0.08164 1.02282
-0.14724 -0.06099 1.04423
-0.06508 -0.03161 1.05546
-0.06134 -0.02169 1.05033
-0.04843 -0.03933 1.05085
-0.03130 -0.03925 1.04373
-0.04179 -0.07291 1.04385
-0.02251 -0.05345 1.03970
-0.07151 -0.04366 1.03552
-0.09511 -0.03139 1.03423
-0.22838 -0.02652 1.01107
-0.20132 -0.01307 1.01205
-0.05769 -0.03808 1.02326
-0.06332 -0.04160 1.02904
-0.02929 -0.04051 1.02468
-0.05598 -0.04211 1.02031
-0.04466 -0.03563 1.01751
-0.03962 -0.02747 1.01478
-0.05800 -0.05524 1.01405
-0.10221 -0.05475 1.00682
-0.00841 -0.02792 1.00794
-0.04433 -0.03537 1.00411
-0.04229 -0.03994 0.99930
-0.03052 -0.00425 1.00230
-0.05053 -0.02680 0.99673
-0.10504 0.01746 0.99000
-0.11402 -0.02787 0.98291
-0.14657 -0.02097 0.97469
-0.09044 -0.01976 0.98133
0.05529 -0.03318 0.97963
0.06019 -0.03135 0.97753
-0.07945 -0.03526 0.97280
-0.04012 -0.03670 0.97180
-0.07091 -0.05609 0.96733
-0.13630 -0.07587 0.95153
-0.07504 -0.04552 0.96109
-0.07176 -0.02523 0.96097
-0.07137 -0.03334 0.95896
-0.08823 -0.03839 0.95694
-0.14417 -0.04977 0.94299
-0.23596 -0.01095 0.92744
-0.13863 -0.01069 0.94609
-0.10496 0.00163 0.95561
-0.03166 -0.02670 0.96075
-0.16794 -0.02989 0.94638
-0.22664 -0.01715 0.93831
-0.12503 -0.03762 0.95662
-0.13593 -0.06143 0.95931
-0.15004 -0.03811 0.95986
-0.10388 -0.04160 0.97249
-0.11961 -0.03166 0.97843
-0.14726 -0.04099 0.97464
-0.16347 -0.02045 0.98468
-0.09352 -0.06341 0.99103
-0.15750 -0.07271 0.98535
-0.11219 -0.06012 1.00581
-0.11105 -0.06599 1.00722
-0.10981 -0.02611 1.01380
-0.12418 -0.10311 1.01146
-0.13956 0.00686 1.02035
-0.02401 -0.11091 1.03028
-0.02216 -0.03386 1.04909
-0.04051 -0.08072 1.05196
-0.08056 -0.03182 1.06157
-0.11672 -0.05337 1.06029
-0.21351 -0.05523 1.04965
-0.17208 -0.04827 1.06729
-0.04902 -0.02930 1.08542
-0.21269 -0.03429 1.07081
-0.72540 -0.10933 0.82168
-0.12072 -0.05659 1.09641
-0.20617 -0.01518 1.09372
-0.11980 -0.03134 1.11093
-0.23209 -0.05764 1.11139
-0.08285 -0.03202 1.09805
-0.24130 -0.04012 1.08655
-0.05854 -0.06429 1.11909
-0.14382 -0.03619 1.10653
-0.13720 -0.05273 1.10544
-0.16532 -0.04073 1.10107
-0.04896 -0.02735 1.10546
-0.02729 -0.05369 1.10471
-0.12069 -0.05199 1.09618
-0.01796 -0.06791 1.10046
-0.09907 -0.06715 1.09042
-0.09601 -0.06061 1.09392
-0.03663 -0.05884 1.08786
-0.09600 -0.05879 1.08217
-0.06385 -0.06469 1.08335
-0.10758 -0.03797 1.07515
-0.11082 -0.03712 1.07303
-0.20591 -0.07362 1.05139
-0.11481 -0.06487 1.05978
-0.13361 -0.05755 1.05496
-0.16696 -0.05705 1.04380
-0.09830 -0.06264 1.04898
-0.14734 -0.04786 1.03819
-0.09156 -0.03931 1.04402
-0.07198 -0.07313 1.03854
-0.03917 -0.06163 1.03066
-0.10915 -0.04853 1.02586
-0.15257 -0.05518 1.00951
-0.10489 -0.07742 1.00280
-0.08715 -0.05831 0.98717
-0.08489 -0.03047 0.96510
-0.14619 -0.04427 0.93336
-0.17101 -0.03696 0.90359
-0.17980 -0.08868 0.86770
-0.16791 -0.05722 0.84631
-0.10219 -0.06916 0.82996
-0.09823 -0.04387 0.80839
-0.12593 -0.05914 0.77395
-0.10360 -0.04120 0.74748
-0.10937 -0.05779 0.71915
-0.16832 -0.05492 0.67786
-0.09292 -0.04674 0.66903
-0.17416 -0.04134 0.64582
-0.24091 -0.04370 0.56097
-0.08725 -0.01942 0.60393
-0.05457 -0.02725 0.58914
-0.07425 -0.02193 0.56832
-0.08504 -0.02234 0.55133
-0.09154 -0.00960 0.54016
-0.11410 -0.02002 0.52044
-0.01092 -0.03621 0.52226
-0.16410 0.00268 0.48482
0.01532 -0.02552 0.49445
0.00342 -0.02675 0.48333
-0.25221 0.01762 0.38563
-0.06097 -0.01325 0.44391
-0.03774 -0.01574 0.43144
-0.08627 -0.01949 0.39909
-0.07930 -0.02981 0.38118
-0.05681 -0.02567 0.35527
-0.06933 -0.01238 0.33162
-0.04226 -0.01891 0.31199
-0.05959 -0.01486 0.28949
-0.04966 -0.02977 0.28964
-0.04830 -0.01673 0.28518
-0.06016 0.00221 0.28249
-0.07678 -0.00154 0.28305
-0.07015 0.00300 0.27375
-0.06647 -0.01058 0.27704
-0.05122 -0.00107 0.27064
-0.07528 -0.00681 0.26168
-0.05016 -0.01608 0.27564
-0.06502 -0.01021 0.27141
-0.06731 -0.00818 0.28759
-0.03831 -0.00840 0.29576
-0.00290 -0.00866 0.31672
-0.05122 -0.02307 0.31531
-0.05769 -0.02540 0.32538
-0.07016 -0.02860 0.34204
-0.07104 -0.01169 0.34662
-0.04948 -0.01571 0.37438
-0.05145 -0.01495 0.37912
-0.05370 -0.00724 0.39623
-0.05275 -0.01333 0.42463
-0.07612 0.00539 0.43387
-0.07075 0.01124 0.46407
-0.01887 0.00574 0.48421
-0.04280 0.00286 0.51546
-0.04483 -0.00004 0.51955
-0.05106 -0.00235 0.54919
-0.03884 -0.00146 0.57702
-0.09141 -0.01564 0.59122
-0.08861 0.00018 0.61508
-0.06517 0.00119 0.64173
-0.07106 -0.00122 0.66543
-0.05407 0.01001 0.69548
-0.06578 -0.01695 0.70756
-0.07359 -0.01349 0.72805
-0.06037 -0.03766 0.74797
-0.05752 -0.03695 0.76640
-0.06535 -0.03661 0.78519
-0.03518 -0.01407 0.81303
-0.02657 -0.00439 0.83806
-0.02311 -0.01957 0.85710
-0.07055 -0.01233 0.87192
0.02464 -0.05039 0.89173
-0.00845 -0.04010 0.90960
-0.02325 -0.04376 0.92998
-0.05259 -0.03284 0.94667
-0.05966 -0.05598 0.96019
-0.07914 -0.06077 0.96859
-0.06962 -0.04614 1.02608
-0.06955 -0.04608 0.95366
-0.06788 -0.03679 1.01281
-0.26441 0.07772 1.00299
-0.05277 -0.01875 1.04626
-0.01580 -0.03017 1.06035
-0.01475 -0.04767 1.07958
-0.01814 -0.04847 1.08809
0.04253 0.00055 1.10309
0.03316 -0.02997 1.11521
-0.04143 -0.01108 1.13098
-0.05094 -0.03454 1.14994
-0.08221 -0.02374 1.15660
-0.09333 -0.03368 1.15960
-0.06415 -0.02932 1.17165
-0.10077 -0.02492 1.18084
-0.05285 -0.03174 1.19068
-0.09070 -0.00799 1.19528
-0.02456 -0.04241 1.20256
-0.00234 -0.05735 1.19732
-0.05405 -0.05521 1.20150
-0.11019 -0.05147 1.20240
-0.11620 -0.02723 1.20482
-0.17427 -0.00845 1.20104
0.00022 -0.06268 1.20649
-0.02180 -0.04392 1.20788
-0.02726 -0.04131 1.20816
-0.05426 -0.03695 1.20408
-0.04442 -0.06693 1.20017
-0.05156 -0.03250 1.18604
-0.01244 -0.07353 1.18594
-0.06253 -0.05317 1.19179
-0.08578 -0.03524 1.19131
-0.06437 -0.03304 1.18933
-0.03493 -0.04182 1.18661
0.00760 -0.03020 1.19410
-0.07990 -0.08435 1.18865
-0.02959 -0.02173 1.18564
-0.05839 -0.06243 1.19045
-0.02351 -0.03942 1.19454
0.00161 -0.04804 1.20187
0.00175 -0.03771 1.19945
-0.03062 -0.03181 1.19837
-0.00719 -0.05287 1.19652
-0.00417 -0.05028 1.19367
0.01762 -0.05442 1.19181
-0.07090 -0.04312 1.19237
-0.05984 -0.02022 1.19290
-0.04782 -0.05207 1.19462
-0.09206 -0.04833 1.18044
-0.09433 -0.05658 1.17379
-0.07306 -0.07278 1.17101
-0.10202 -0.04493 1.16940
-0.05467 -0.01561 1.16931
-0.08288 -0.04464 1.16775
-0.06255 -0.03627 1.15991
-0.11388 -0.06892 1.14889
-0.09560 -0.02602 1.15049
-0.14708 -0.03415 1.14418
-0.20514 -0.04100 1.13562
-0.30927 -0.06097 1.09306
-0.29128 -0.09566 1.08821
-0.09477 -0.03885 1.12554
-0.08750 -0.01402 1.12977
-0.08549 -0.03013 1.13410
-0.07919 -0.03288 1.13601
-0.06961 -0.04826 1.12633
-0.03434 -0.06078 1.11150
-0.05094 -0.05766 1.12419
-0.09313 -0.03235 1.12758
-0.17963 -0.08643 1.11432
-0.13275 -0.07816 1.11007
-0.03648 -0.04251 1.11436
-0.09867 -0.03213 1.11932
-0.11768 -0.03400 1.11840
-0.07831 -0.04397 1.12398
-0.00275 -0.03797 1.12547
-0.08199 -0.02613 1.12135
-0.21117 -0.04613 1.11017
-0.08284 -0.09465 1.11913
-0.00617 -0.08130 1.11879
-0.00304 -0.03458 1.11436
-0.01399 -0.02470 1.11057
-0.01640 -0.05245 1.12755
-0.05027 -0.04499 1.12439
-0.06803 -0.02840 1.12499
-0.07615 -0.03619 1.12193
-0.03749 -0.02490 1.12250
-0.06388 -0.04457 1.11984
0.00393 -0.04907 1.11866
-0.00434 -0.05691 1.12334
-0.00835 -0.05014 1.12302
0.03189 -0.07383 1.12451
0.01847 -0.04326 1.12602
-0.03989 -0.02661 1.12346
0.01112 -0.04422 1.12286
-0.02909 -0.04250 1.12058
-0.00646 -0.04177 1.11979
-0.01884 -0.02967 1.11859
-0.17577 -0.00418 1.10775
-0.02154 -0.03747 1.14975
-0.03366 -0.05267 1.07743
-0.04413 -0.05237 1.10722
-0.00714 -0.05446 1.10407
-0.16357 -0.05013 1.09250
-0.09744 -0.07225 1.09818
-0.17997 -0.04657 1.08430
-0.05856 -0.06481 1.09385
-0.10491 -0.08869 1.08838
0.01343 -0.05557 1.09292
0.00386 -0.05645 1.09532
-0.01591 -0.05260 1.08755
0.03849 -0.06792 1.08888
0.05525 -0.08468 1.08006
-0.07043 -0.06270 1.07765
-0.01645 -0.06645 1.07685
-0.01551 -0.03231 1.07953
0.01513 -0.05331 1.07844
-0.03460 -0.04698 1.07420
-0.01663 -0.05732 1.06721
-0.00524 -0.06585 1.06198
0.03094 -0.10626 1.06068
0.10427 -0.07553 1.05495
0.06086 -0.07014 1.04533
-0.00814 -0.06830 1.04984
-0.03246 -0.02959 1.05025
-0.05261 -0.03276 1.05115
-0.06903 -0.07367 1.04332
-0.03389 -0.05943 1.03820
-0.06628 -0.05112 1.03043
-0.05603 -0.05417 1.02634
-0.00918 -0.03187 1.03313
0.03317 -0.05089 1.02607
-0.07537 -0.02450 1.02024
-0.04017 -0.02503 1.02317
-0.06802 -0.00625 1.01965
-0.05468 -0.03326 1.00893
-0.02498 -0.04189 0.99296
-0.13957 -0.04062 0.98227
-0.02562 -0.08770 0.97951
-0.00213 -0.03557 0.97258
0.12696 -0.05413 0.95566
0.02491 -0.04763 0.94853
-0.04493 -0.05208 0.93233
-0.05792 -0.04223 0.91966
-0.00180 -0.03918 0.91390
0.02455 -0.02778 0.90466
-0.02067 -0.03562 0.89388
0.00602 -0.01755 0.88036
-0.01610 -0.04057 0.86993
-0.05577 -0.04160 0.83458
-0.04314 -0.02729 0.82321
-0.05651 -0.05394 0.80085
-0.07995 -0.03830 0.77815
-0.05019 -0.05788 0.76108
-0.07337 -0.04889 0.74094
-0.04402 -0.00319 0.72874
-0.06931 -0.03206 0.70879
-0.07889 -0.01780 0.69079
-0.01656 -0.00955 0.67460
-0.05144 -0.04591 0.65403
-0.06561 -0.03991 0.63626
-0.06470 -0.04593 0.61612
-0.05872 -0.03849 0.60390
-0.06011 -0.03617 0.58748
-0.03787 -0.03752 0.57391
-0.04451 -0.03726 0.55571
-0.01826 -0.03447 0.53942
-0.03350 -0.06112 0.51236
-0.03733 -0.05696 0.49156
-0.04709 -0.05812 0.46812
-0.01581 -0.05853 0.44330
-0.00092 -0.06515 0.41453
0.00058 -0.04921 0.39271
-0.03212 -0.03296 0.37142
-0.03424 -0.03147 0.35008
-0.06038 -0.02779 0.32225
-0.05790 -0.02228 0.30432
-0.05546 -0.01863 0.29113
-0.05376 -0.01762 0.27880
-0.05005 -0.01719 0.27146
-0.04799 -0.00825 0.26188
-0.01809 -0.00921 0.25760
-0.04605 -0.00876 0.24932
-0.05769 -0.00857 0.24465
-0.03869 -0.00827 0.24670
-0.02684 -0.01117 0.24629
-0.03091 -0.01233 0.24161
-0.02266 -0.00774 0.22702
-0.04777 0.00020 0.19042
-0.02308 -0.00619 0.15289
-0.02845 -0.01128 0.10365
-0.02516 -0.01265 0.06695
-0.01641 -0.00172 0.03755
-0.00330 0.00078 0.00828
0.01101 0.00957 -0.00524
-0.00201 -0.01236 -0.00465
0.00002 -0.00325 -0.00051
-0.00081 0.00017 0.00291
-0.00183 0.00266 0.00132
-0.00098 -0.00193 0.00068
-0.00083 -0.00005 0.00191
0.00157 -0.00022 -0.00289
0.00243 -0.00180 0.00179
0.00002 -0.00027 0.00375
0.00096 -0.00019 -0.00318
-0.00083 -0.00154 -0.00225
0.00118 -0.00036 -0.00315
-0.00017 -0.00061 0.00390
0.00107 -0.00009 -0.00240
0.00025 -0.00017 0.00379
0.00074 -0.00002 -0.00192
0.00041 -0.00031 0.00480
0.00119 0.00183 -0.00142
-0.00151 0.00020 0.00327
-0.00034 0.00030 0.00206
0.00262 -0.00012 -0.00101
0.00282 -0.00011 -0.00107
0.00340 -0.00017 -0.00142
0.00251 -0.00009 -0.00089
0.00237 -0.00010 -0.00077
0.00224 -0.00012 -0.00072
0.00209 -0.00013 -0.00093
0.00256 -0.00036 -0.00215
0.00186 -0.00026 -0.00101
-0.00076 0.00039 0.00255
0.00106 0.00011 0.00179
-0.00128 -0.00014 0.00365
-0.00046 0.00075 0.00146
-0.00165 -0.00308 0.00127
0.00008 -0.00001 0.00226
0.00004 -0.00001 0.00219
-0.00100 -0.00090 0.00068
-0.00060 0.00023 0.00161
-0.00051 0.00005 0.00116
-0.00032 0.00009 0.00093
0.00041 0.00107 -0.00093
0.00069 0.00079 0.00145
-0.00007 -0.00020 0.00175
0.00060 -0.00007 -0.00134
0.00079 0.00001 -0.00171
0.00004 0.00002 0.00152
0.00049 0.00002 -0.00120
-0.00040 0.00023 0.00084
0.00049 0.00001 -0.00102
-0.00000 -0.00008 0.00079
-0.00073 -0.00071 0.00053
0.00036 -0.00003 -0.00082
-0.00008 -0.00022 0.00181
0.00002 -0.00001 0.00071
-0.00094 -0.00098 0.00176
0.00038 -0.00002 -0.00092
-0.00071 0.00003 0.00159
-0.00059 -0.00089 0.00121
0.00003 -0.00002 0.00146
-0.00091 0.00033 -0.00128
0.00027 -0.00025 0.00221
-0.00160 -0.00005 0.00366
-0.00322 0.00105 0.00590
-0.00457 0.00193 0.00924
-0.00914 0.00284 0.01052
0.01553 0.00054 0.00722
0.01488 0.00078 0.01177
0.01791 -0.00006 0.01139
0.02146 -0.00066 0.01259
0.03080 -0.00029 0.01774
0.04684 -0.00287 0.01983
0.06813 -0.00290 0.02773
-0.01556 -0.00489 0.09518
-0.01009 -0.00843 0.12282
-0.01409 -0.01338 0.14740
-0.02372 -0.01992 0.16845
-0.01331 0.00166 0.19745
-0.04138 -0.00006 0.21906
-0.05540 0.00147 0.24382
-0.05306 0.00643 0.26874
-0.03926 0.00988 0.29279
-0.04384 -0.00917 0.31510
-0.06338 0.00567 0.33344
-0.06945 -0.00403 0.35355
-0.08702 -0.01849 0.36876
-0.08928 -0.00017 0.38573
-0.08207 -0.01011 0.40837
-0.08319 -0.02155 0.42456
-0.07254 -0.01439 0.44147
-0.08736 0.00534 0.46500
-0.07350 0.00898 0.49135
-0.08478 0.00441 0.51650
-0.06404 0.00323 0.53956
-0.08752 -0.00805 0.55449
-0.11780 0.02349 0.57639
-0.06398 0.02265 0.61326
-0.14234 0.06849 0.62310
0.02635 -0.05195 0.66251
-0.13009 0.00750 0.67264
-0.03846 0.01135 0.70995
-0.09606 0.01079 0.72618
-0.04510 -0.00351 0.75484
-0.07324 -0.02004 0.77129
-0.12094 -0.01734 0.78956
-0.13271 0.02570 0.80675
-0.16060 -0.01956 0.82025
-0.16099 -0.00337 0.84741
-0.07389 -0.01875 0.87873
-0.09919 -0.02763 0.90253
-0.24283 0.05402 0.89195
-0.09498 -0.01887 0.94612
-0.08926 -0.00961 0.96731
-0.07821 -0.01487 0.99460
-0.11365 -0.01262 1.01225
-0.07063 -0.02643 1.03522
-0.10265 -0.03126 1.05621
-0.06841 -0.02075 1.08066
-0.10066 -0.01864 1.10439
-0.14061 -0.01396 1.11734
-0.15494 -0.01453 1.13021
-0.23433 0.01108 1.12288
-0.24833 -0.02899 1.12018
-0.19901 -0.03583 1.13207
-0.16647 -0.04836 1.13757
-0.15302 -0.04104 1.13887
-0.11488 -0.06587 1.14124
-0.08588 -0.07448 1.13445
-0.21276 -0.05926 1.12159
-0.02306 -0.05279 1.14211
-0.03486 -0.03673 1.14654
-0.19007 -0.03735 1.12820
-0.05703 -0.04003 1.13422
-0.10373 -0.07835 1.12796
-0.05618 -0.08403 1.12614
-0.11620 -0.03037 1.11962
-0.05505 -0.07351 1.11959
-0.05458 -0.02152 1.11689
-0.09297 -0.03613 1.11912
-0.03473 -0.02656 1.12506
-0.07423 -0.00998 1.12203
-0.11555 -0.03219 1.11093
-0.08186 -0.06117 1.10692
-0.04632 -0.02582 1.10336
-0.06585 -0.07819 1.09812
-0.05652 -0.06418 1.09677
-0.07436 -0.02996 1.09604
-0.10430 -0.02674 1.10240
-0.07619 0.00801 1.09677
-0.11587 -0.01471 1.08929
-0.05634 -0.01872 1.09311
-0.11383 -0.02453 1.08287
-0.08089 -0.01546 1.08497
-0.05048 -0.01546 1.08482
-0.06605 -0.04562 1.07637
-0.12259 -0.07188 1.06521
-0.06540 -0.04338 1.06650
-0.11880 -0.02964 1.06713
-0.03368 -0.00681 1.07168
-0.01883 -0.01729 1.07215
0.00286 -0.06016 1.06191
0.00561 -0.09639 1.05471
-0.19347 -0.02785 1.04254
-0.05662 -0.02048 1.05560
-0.11108 -0.06284 1.04397
-0.32489 0.02791 0.99530
-0.05761 -0.07555 1.04947
-0.10190 -0.02637 1.04430
-0.05663 -0.03954 1.04163
-0.07587 -0.04823 1.03612
-0.00563 -0.06214 1.03641
-0.01583 -0.04145 1.03693
-0.03591 -0.04112 1.03386
-0.03942 -0.03766 1.03066
-0.12073 -0.02434 1.02350
-0.00992 -0.05712 1.02600
-0.12820 -0.06311 1.01593
-0.13821 -0.05494 1.00513
0.01519 -0.02958 1.01260
-0.10643 -0.03733 1.00863
-0.07355 -0.03074 1.01698
-0.05618 -0.02714 1.01929
-0.08521 -0.04344 1.01238
-0.00972 -0.05408 1.00717
-0.05539 -0.05720 0.99126
-0.04807 -0.03797 0.98858
-0.09870 -0.02513 0.98912
-0.11646 -0.04359 0.99204
-0.16095 -0.02352 0.99395
-0.07493 -0.02172 1.01065
-0.12707 -0.01029 1.01666
-0.21229 -0.01550 1.01058
-0.03261 -0.03443 1.03797
-0.04369 0.00680 1.04921
-0.07254 -0.06159 1.05495
-0.08419 -0.02294 1.06819
-0.02626 -0.09038 1.06785
-0.10155 -0.04974 1.07549
-0.07318 -0.06716 1.07991
-0.04350 -0.03506 1.08739
-0.04371 -0.01974 1.09730
-0.04227 -0.03197 1.11602
-0.04257 -0.01255 1.12693
-0.07340 -0.01017 1.13199
-0.12071 -0.01361 1.12940
-0.13325 -0.04870 1.13528
-0.09640 -0.03149 1.14493
-0.06692 -0.02086 1.15575
-0.01214 -0.00438 1.15745
-0.07191 -0.04892 1.15345
0.03670 -0.00141 1.15689
-0.09810 -0.07477 1.14416
-0.06216 -0.06378 1.14635
-0.06613 -0.06172 1.14226
-0.00379 -0.03993 1.15066
-0.04137 -0.04004 1.14174
-0.07095 -0.06314 1.13624
-0.05228 -0.05291 1.13242
-0.08545 -0.04269 1.12993
-0.09376 -0.01160 1.13285
-0.10778 -0.03245 1.12730
-0.08319 -0.01385 1.12179
-0.09631 -0.03602 1.11313
-0.05371 -0.08461 1.10635
-0.08310 -0.04581 1.10024
-0.06692 -0.03607 1.09451
-0.02077 -0.05473 1.08585
-0.08760 -0.03892 1.07478
-0.05338 -0.04795 1.06385
-0.03321 -0.06364 1.06128
-0.01878 -0.05444 1.05578
0.00925 -0.02969 1.05036
-0.01739 -0.04624 1.04249
-0.03484 -0.04835 1.03178
-0.07391 -0.06345 1.02539
-0.10185 -0.09622 1.01742
-0.08169 -0.04011 1.01478
-0.08883 -0.07751 1.00727
-0.03183 -0.01480 1.01287
-0.11499 -0.02058 1.00716
-0.07716 -0.03957 1.00568
-0.10291 -0.06417 0.99631
-0.07657 -0.04054 0.99519
-0.10178 -0.03527 1.00588
-0.13645 -0.01265 1.00802
-0.13552 -0.03641 1.01155
-0.06782 0.01769 1.02082
-0.07598 -0.04176 1.02652
-0.07550 0.02600 1.03241
-0.01523 -0.04401 1.04160
-0.15012 -0.02488 1.04363
-0.03949 -0.05374 1.05261
-0.03261 -0.07556 1.04674
-0.05226 -0.03747 1.05462
-0.03913 -0.04672 1.05966
0.01239 -0.04360 1.07056
-0.06232 -0.04289 1.07777
-0.09330 -0.03903 1.08366
-0.12286 -0.07545 1.08776
-0.06878 -0.03815 1.09950
-0.06840 -0.05434 1.10512
-0.07065 -0.02735 1.11128
-0.03432 -0.02718 1.12315
-0.07913 -0.02879 1.12088
-0.13693 -0.02628 1.11816
-0.14145 -0.06591 1.11495
-0.13511 -0.07680 1.10659
-0.21498 -0.04420 1.09546
-0.16639 -0.01317 1.11038
-0.07711 -0.04666 1.11842
-0.14650 -0.02215 1.10671
-0.07367 -0.07469 1.10408
-0.15490 -0.01034 1.09935
-0.08283 -0.03109 1.10500
-0.12917 -0.01620 1.09223
0.03508 -0.08423 1.09528
0.04921 -0.01919 1.09079
0.04501 -0.04104 1.08513
0.04141 -0.06419 1.07023
0.03758 -0.05505 1.05461
0.02238 -0.05869 1.03831
-0.04973 -0.06731 1.01703
-0.26365 -0.00457 0.96344
-0.14154 -0.00085 0.97093
-0.02598 -0.08615 0.97130
-0.12423 -0.04079 0.95111
-0.07617 -0.07159 0.94846
-0.04080 -0.06193 0.94341
-0.02976 -0.06377 0.93917
-0.01610 -0.06071 0.93850
-0.03281 -0.04070 0.93314
-0.03437 -0.05348 0.93313
-0.08113 -0.03787 0.92612
-0.03425 -0.03535 0.92741
-0.03575 -0.04466 0.92504
-0.04325 -0.02979 0.92334
-0.03708 -0.03939 0.92372
-0.07308 -0.01868 0.92203
-0.03686 -0.02440 0.92632
-0.06784 -0.06611 0.91758
-0.03019 -0.05003 0.91632
-0.08436 -0.00679 0.91861
-0.12623 -0.03868 0.92148
-0.14920 -0.01007 0.93121
-0.10403 -0.00561 0.93669
-0.09611 -0.02200 0.95348
-0.05801 0.00195 0.96450
-0.09972 -0.01213 0.96558
-0.09492 -0.01575 0.96988
-0.07728 -0.07292 0.97460
-0.08574 -0.01623 0.98856
-0.13864 -0.04142 0.98965
-0.02723 -0.00125 1.01250
-0.05712 -0.07561 1.01940
-0.04042 -0.01166 1.03313
-0.04471 -0.06322 1.04299
-0.04847 -0.01135 1.05195
-0.05865 -0.05070 1.06557
-0.10136 0.01380 1.07717
-0.07859 -0.03742 1.09505
-0.07433 -0.02261 1.11196
-0.08985 0.01891 1.12087
-0.12739 -0.00721 1.12892
-0.06827 -0.05464 1.14089
-0.14739 -0.00076 1.14345
-0.05639 -0.06957 1.16096
-0.05672 -0.06108 1.17432
-0.07015 -0.02900 1.18012
-0.08322 -0.06298 1.17828
-0.11114 -0.04299 1.17186
-0.13253 -0.05023 1.16874
-0.11136 -0.02372 1.16638
-0.08905 -0.08369 1.15972
-0.02261 -0.03021 1.16108
-0.09655 -0.03538 1.15646
0.00257 -0.02981 1.15936
0.01744 -0.00714 1.15885
-0.11141 -0.02456 1.15537
-0.10990 -0.04293 1.14849
-0.09471 -0.05290 1.14225
-0.07649 -0.10062 1.12850
-0.12677 -0.02184 1.12863
-0.04749 -0.03254 1.12725
-0.03795 -0.01448 1.11765
-0.06639 -0.01636 1.10548
-0.00733 -0.00794 1.09922
-0.04186 -0.03866 1.07646
-0.04154 -0.07488 1.05920
-0.04851 -0.04812 1.04482
-0.03119 -0.03349 1.03382
-0.06426 -0.03011 1.01674
-0.04958 -0.04043 1.00475
-0.05292 -0.05189 0.98608
-0.04072 -0.04827 0.96532
-0.06506 -0.06400 0.94360
-0.05224 -0.06130 0.93410
-0.07206 -0.06643 0.93058
-0.04089 -0.03678 0.93308
-0.04760 -0.03713 0.93355
-0.08105 -0.05324 0.92515
-0.05798 -0.04932 0.92660
0.01507 -0.06022 0.92235
-0.03545 -0.09174 0.91198
-0.02460 -0.04553 0.91770
-0.00499 -0.08224 0.91571
-0.04735 -0.03232 0.91985
-0.03101 -0.06255 0.92524
0.00315 -0.03164 0.93177
-0.02529 -0.05886 0.93292
-0.01224 -0.02925 0.94026
-0.02914 -0.02881 0.93998
-0.01710 -0.06536 0.94936
-0.03007 -0.03370 0.95509
-0.02490 -0.02302 0.97056
-0.01715 -0.02772 0.97413
-0.16610 -0.05495 0.96373
-0.04665 -0.07105 0.98502
0.01577 -0.00938 1.01150
-0.04033 -0.04665 1.01702
-0.04707 -0.08320 1.02092
-0.01237 -0.03860 1.02429
-0.01606 -0.03987 1.03149
-0.00394 -0.05331 1.05490
-0.04085 -0.06739 1.06468
-0.06628 -0.04523 1.06239
-0.02909 -0.09076 1.06396
-0.07413 -0.05189 1.06951
-0.04812 -0.07379 1.08235
0.00043 -0.07313 1.08978
-0.03182 -0.02623 1.10011
-0.04242 -0.01281 1.10904
-0.02249 -0.03710 1.11981
-0.21821 0.00657 1.10317
-0.09976 -0.01790 1.12271
-0.02354 -0.04819 1.13483
-0.06860 -0.03441 1.13595
-0.06222 -0.03239 1.13970
-0.10064 -0.04299 1.15147
-0.07741 -0.03004 1.16408
-0.07563 -0.02280 1.17451
-0.11993 -0.04320 1.17662
-0.12784 -0.03997 1.19097
-0.16031 -0.03770 1.19561
-0.09274 -0.07705 1.20053
-0.15770 -0.04406 1.19656
-0.15147 -0.01339 1.19869
-0.05263 -0.04369 1.20910
-0.03408 -0.05617 1.20217
-0.02793 -0.10207 1.19056
-0.06162 -0.08024 1.18821
-0.05898 -0.10549 1.17951
-0.03215 -0.06081 1.19260
-0.05416 -0.06099 1.18369
-0.01671 -0.04788 1.18400
-0.06617 -0.04986 1.17247
-0.06272 -0.08488 1.16539
-0.09758 -0.05667 1.16619
-0.11443 -0.04452 1.16085
-0.17504 -0.07615 1.14440
-0.20919 -0.04434 1.12812
-0.12235 -0.04234 1.13472
-0.15309 -0.00443 1.13829
-0.22949 -0.02287 1.12535
-0.23612 -0.05520 1.11504
-0.12186 -0.06397 1.12062
-0.02953 0.00784 1.12109
-0.13334 -0.10779 1.09696
-0.09614 -0.05691 1.10157
-0.11960 -0.04424 1.10236
-0.12148 -0.05598 1.09830
-0.07038 0.01297 1.09842
