0.01275 13.90554 7.97372
0.03701 39.21906 22.61743
0.01326 13.52493 7.75513
0.01390 13.31249 7.63314
0.01540 13.43006 7.70065
0.01087 8.49277 4.86746
0.02045 14.51523 8.32393
0.00432 2.79897 1.60374
0.02180 13.13688 7.53230
0.01583 9.08836 5.20904
0.01748 9.62092 5.51451
0.01558 8.25387 4.73046
0.01986 10.08710 5.78193
0.00346 1.68921 0.96786
0.02483 11.71459 6.71581
0.00788 3.60202 2.06392
0.01632 7.31626 4.19285
0.02448 10.91919 6.25935
0.03339 14.41915 8.26874
0.02372 10.11910 5.80029
0.07270 30.76073 17.69484
0.01753 7.24709 4.15319
0.01828 7.27204 4.16749
0.00929 3.52757 2.02125
0.00368 1.37495 0.78779
0.01864 6.78558 3.88860
0.02403 8.51815 4.88202
0.01612 5.48512 3.14313
0.01275 4.19769 2.40528
0.05949 18.74291 10.75468
0.00429 1.31185 0.75164
0.00393 1.16454 0.66724
0.01041 2.94468 1.68724
0.02417 6.60056 3.78253
0.02865 7.48063 4.28709
0.07094 18.06742 10.36600
0.03744 9.26456 5.31010
0.01073 2.54739 1.45958
0.00655 1.49856 0.85862
0.00550 1.22047 0.69928
0.00998 2.14747 1.23043
0.01757 3.67884 2.10794
0.02024 4.08443 2.34037
0.01230 2.41070 1.38126
0.00057 0.10726 0.06146
0.00758 1.38994 0.79638
0.01946 3.48002 1.99401
0.03666 6.35185 3.63995
0.03176 5.38168 3.08385
0.02186 3.59528 2.06006
0.00716 1.14765 0.65756
0.06516 10.19150 5.84183
0.00780 1.19029 0.68199
0.04578 6.87840 3.94181
0.01631 2.38538 1.36676
0.01268 1.80978 1.03694
0.01829 2.54960 1.46085
0.01156 1.58042 0.90552
0.00811 1.09380 0.62670
0.02816 3.72604 2.13499
0.00673 0.87736 0.50269
0.00630 0.79977 0.45823
0.01522 1.91706 1.09841
0.00928 1.15606 0.66237
0.03285 4.09246 2.34497
0.03485 4.31393 2.47189
0.03130 3.80596 2.18079
0.01093 1.31340 0.75253
0.01597 1.88838 1.08198
0.02472 2.91055 1.66768
0.04742 5.58658 3.20129
0.01095 1.29043 0.73936
0.01406 1.66780 0.95559
0.02801 3.33319 1.90987
0.01997 2.36285 1.35384
0.01660 1.97166 1.12970
0.03338 3.95391 2.26557
0.01800 2.15739 1.23612
0.03725 4.45034 2.55007
0.01667 1.98566 1.13772
0.00629 0.74920 0.42926
0.03396 4.02747 2.30773
0.08854 10.49159 6.01400
0.00548 0.65465 0.37509
0.01111 1.32997 0.76202
0.03977 4.77425 2.73570
0.02313 2.78758 1.59722
0.02231 2.68721 1.53970
0.03021 3.64144 2.08651
0.02753 3.33129 1.90878
0.03377 4.08733 2.34203
0.01640 1.98741 1.13872
0.02459 2.98042 1.70772
0.06318 7.63960 4.37823
0.02988 3.64889 2.09077
0.02082 2.56152 1.46768
0.02620 3.24846 1.86131
0.00905 1.13009 0.64750
0.01800 2.24824 1.28818
0.01264 1.58301 0.90701
0.01650 2.07045 1.18630
0.02438 3.08570 1.76805
0.02298 2.92332 1.67500
0.02789 3.56347 2.04183
0.00973 1.24931 0.71581
0.01603 2.06404 1.18263
0.02173 2.83010 1.62158
0.02159 2.84258 1.62874
0.02945 3.92245 2.24754
0.05911 8.02484 4.59913
0.02848 3.90148 2.23552
0.03660 5.13707 2.94365
0.01519 2.17592 1.24673
0.00617 0.90432 0.51814
0.00873 1.30753 0.74916
0.00517 0.79284 0.45426
0.01022 1.60508 0.91965
0.01611 2.59602 1.48745
0.02128 3.53570 2.02591
0.03241 5.54695 3.17858
0.02263 4.03025 2.30932
0.00847 1.56670 0.89766
0.01283 2.48385 1.42318
0.04278 8.61343 4.93666
0.03328 6.93118 3.97207
0.01304 2.82204 1.61697
0.00662 1.42730 0.81779
0.03008 6.69796 3.83837
0.03696 8.19601 4.69728
0.04238 9.67946 5.54809
0.02612 5.86321 3.35985
0.04116 9.45931 5.42181
0.03455 7.83131 4.48816
0.02141 4.86579 2.78817
0.00836 1.94423 1.11398
0.01278 2.98733 1.71168
0.01919 4.59996 2.63582
0.01575 3.64736 2.08990
0.02195 5.01000 2.87082
0.00971 2.09260 1.19899
0.01954 4.07093 2.33263
0.03500 7.19179 4.12148
0.04293 8.37553 4.80023
0.01516 2.89443 1.65845
0.03101 5.72755 3.28209
0.07588 13.51061 7.74691
0.07974 13.82795 7.92916
0.01473 2.47638 1.41890
0.02067 3.38387 1.93891
0.04951 7.87453 4.51294
0.05480 8.54082 4.89502
0.04379 6.66290 3.81827
0.03732 5.56359 3.18811
0.06967 10.15571 5.82130
0.03288 4.68823 2.68640
0.04363 6.08523 3.48712
0.05536 7.63938 4.37811
0.06842 9.26685 5.31141
0.01827 2.44600 1.40149
0.00960 1.25794 0.72075
0.02311 2.97915 1.70699
0.01858 2.38374 1.36581
0.02311 2.97232 1.70307
0.01358 1.76474 1.01114
0.02397 3.11198 1.78310
0.01119 1.44627 0.82866
0.01181 1.52833 0.87568
0.01453 1.87915 1.07669
0.03031 3.96246 2.27047
0.02812 3.68671 2.11245
0.02863 3.75655 2.15247
0.02143 2.82411 1.61815
0.02707 3.51899 2.01634
0.00728 0.95630 0.54792
0.01209 1.58856 0.91019
0.00495 0.65585 0.37578
0.00943 1.25675 0.72007
0.02030 2.69350 1.54331
0.02038 2.70176 1.54804
0.01056 1.39554 0.79959
0.01077 1.40860 0.80707
0.01770 2.30235 1.31918
0.01943 2.51635 1.44180
0.01088 1.39816 0.80109
0.02162 2.74908 1.57515
0.03642 4.61994 2.64727
0.01935 2.42312 1.38838
0.03366 4.22396 2.42033
0.02785 3.47870 1.99325
0.03594 4.41970 2.53251
0.01913 2.32844 1.33413
0.02914 3.49841 2.00454
0.03007 3.58569 2.05456
0.02079 2.45583 1.40712
0.00788 0.92333 0.52903
0.00425 0.49582 0.28408
0.00710 0.82212 0.47104
0.01888 2.18555 1.25226
0.01546 1.78485 1.02266
0.02473 2.83939 1.62690
0.02440 2.79542 1.60171
0.01047 1.19094 0.68236
0.02522 2.86765 1.64310
0.01451 1.65728 0.94956
0.04526 5.20299 2.98143
0.03706 4.30365 2.46600
0.03530 4.09672 2.34741
0.02080 2.43193 1.39343
0.01496 1.74782 1.00144
0.02215 2.59390 1.48624
0.02690 3.13141 1.79424
0.01968 2.30552 1.32100
0.00414 0.49482 0.28351
0.02529 3.04099 1.74243
0.02527 3.03656 1.73989
0.00976 1.18053 0.67640
0.02048 2.49226 1.42800
0.02724 3.33172 1.90902
0.01230 1.51343 0.86714
0.08319 10.22691 5.86215
0.05177 6.37440 3.65288
0.02804 3.45521 1.97979
0.01510 1.86568 1.06897
0.01165 1.45318 0.83262
0.01502 1.88950 1.08262
0.04096 5.14065 2.94570
0.03333 4.23073 2.42421
0.01908 2.44323 1.39990
0.01745 2.24544 1.28657
0.02899 3.75494 2.15155
0.02617 3.38350 1.93870
0.02239 2.90248 1.66306
0.00381 0.49466 0.28342
0.02298 3.00770 1.72335
0.03574 4.72797 2.70918
0.04188 5.57318 3.19361
0.01901 2.52382 1.44608
0.01415 1.86942 1.07111
0.02585 3.41895 1.95901
0.01766 2.32538 1.33237
0.01640 2.17950 1.24879
0.03331 4.50110 2.57916
0.01320 1.80203 1.03250
0.03183 4.31469 2.47233
0.01185 1.57712 0.90363
0.01502 1.98491 1.13729
0.01404 1.85636 1.06363
0.01174 1.57075 0.89998
0.01411 1.89188 1.08399
0.06142 8.22295 4.71273
0.03726 4.98790 2.85815
0.04113 5.46327 3.13062
0.04365 5.77435 3.30892
0.03330 4.42724 2.53683
0.00475 0.62513 0.35817
0.02722 3.56090 2.04035
0.03211 4.19461 2.40351
0.07166 9.44458 5.41336
0.02487 3.30419 1.89324
0.03964 5.24804 3.00725
0.01790 2.34541 1.34385
0.04824 6.22969 3.56993
0.02785 3.59666 2.06084
0.03321 4.29893 2.46330
0.04991 6.52811 3.74099
0.01973 2.57693 1.47651
0.02159 2.80991 1.61001
0.00743 0.95657 0.54808
0.00207 0.26781 0.15344
0.02406 3.13106 1.79404
0.06314 8.25640 4.73192
0.01744 2.28913 1.31161
0.01781 2.34266 1.34228
0.01030 1.35666 0.77732
0.02641 3.50239 2.00683
0.03120 4.19210 2.40207
0.02484 3.35513 1.92244
0.07130 9.70400 5.56217
0.03293 4.43640 2.54208
0.01941 2.63446 1.50948
0.03125 4.28411 2.45480
0.02071 2.90955 1.66711
0.07809 11.22763 6.43634
0.04087 6.04998 3.46691
0.07457 11.27936 6.46603
0.05238 8.09664 4.64030
0.03224 5.14170 2.94630
0.03400 5.57364 3.19388
0.04596 7.80148 4.47105
0.02178 3.86967 2.21729
0.04345 8.05631 4.61717
0.03764 7.31755 4.19358
0.03634 7.36070 4.21832
0.05317 11.28385 6.46861
0.04635 10.26238 5.88250
0.02943 6.73977 3.86233
0.04121 9.90980 5.68023
0.00861 2.15953 1.23734
0.02637 6.93762 3.97576
0.08391 23.14120 13.28870
0.02517 7.40643 4.24454
0.00721 2.27242 1.30203
0.00737 2.43842 1.39715
0.01502 5.27515 3.02279
0.01878 6.94505 3.98002
0.00975 3.83810 2.19921
0.01989 8.18593 4.69150
0.03591 15.73608 9.02544
0.02282 10.62393 6.08993
0.01509 7.04779 4.03892
0.01903 8.76627 5.02431
0.00885 4.14648 2.37593
0.01188 5.40609 3.09784
0.01578 7.21977 4.13752
0.03566 16.74388 9.60478
0.02434 11.09596 6.36078
0.02582 12.11314 6.94457
0.01852 8.53358 4.89087
0.02239 10.33465 5.92396
0.00789 3.74301 2.14471
0.03265 15.04262 8.62694
0.01042 4.74574 2.71936
0.02719 12.20385 6.99664
0.01762 7.00564 4.01476
0.02084 8.03127 4.60282
0.01189 4.10893 2.35441
0.01267 4.17396 2.39168
0.01061 3.46504 1.98542
0.01048 3.13402 1.79573
0.00451 1.28690 0.73735
0.05868 17.03916 9.77457
0.01746 4.66242 2.67161
0.01562 4.22729 2.42224
0.01746 4.39078 2.51594
0.06451 15.72640 9.01987
0.02232 5.45678 3.12689
0.01426 3.26110 1.86855
0.03576 7.91298 4.53499
0.08235 17.67570 10.14066
0.09022 18.40817 10.56206
0.02053 4.09148 2.34441
0.01067 2.03037 1.16334
0.04332 7.89407 4.52414
0.01285 2.28322 1.30822
0.00885 1.50881 0.86449
0.01818 3.03589 1.73950
0.02970 4.77656 2.73703
0.03854 6.02821 3.45443
0.01142 1.73191 0.99232
0.00897 1.32683 0.76022
0.01418 2.05115 1.17525
0.02188 3.09447 1.77307
0.03206 4.43733 2.54261
0.02147 2.89680 1.65980
0.02678 3.55949 2.03954
0.02638 3.41182 1.95492
0.02376 3.02550 1.73355
0.03134 3.90269 2.23622
0.01503 1.83355 1.05056
0.01175 1.40546 0.80527
0.02350 2.77917 1.59240
0.02855 3.31169 1.89755
0.01662 1.91550 1.09752
0.04042 4.58613 2.62789
0.02493 2.78752 1.59718
0.01719 1.88816 1.08185
0.02546 2.75660 1.57946
0.03352 3.59886 2.06210
0.04356 4.62201 2.64845
0.01907 2.00148 1.14678
0.02345 2.42336 1.38852
0.01670 1.70696 0.97803
0.01584 1.60442 0.91928
0.02060 2.09234 1.19884
0.00503 0.50828 0.29122
0.03326 3.36558 1.92843
0.00575 0.58156 0.33321
0.01013 1.02459 0.58705
0.02348 2.36845 1.35705
0.01047 1.04855 0.60078
0.01018 1.02704 0.58845
0.03165 3.18421 1.82450
0.03377 3.37903 1.93613
0.02794 2.82240 1.61717
0.02675 2.68188 1.53665
0.03023 3.05140 1.74839
0.03413 3.44247 1.97249
0.02150 2.17856 1.24825
0.02066 2.07851 1.19092
0.01511 1.51811 0.86982
0.01417 1.43055 0.81965
0.02443 2.47418 1.41764
0.02416 2.44892 1.40316
0.01735 1.75188 1.00377
0.01407 1.41585 0.81123
0.01003 1.01251 0.58013
0.01155 1.15964 0.66443
0.01681 1.70433 0.97652
0.03815 3.88298 2.22492
0.04071 4.14777 2.37667
0.02114 2.14822 1.23086
0.03820 3.86857 2.21666
0.02205 2.24732 1.28765
0.04221 4.32271 2.47693
0.03396 3.48390 1.99623
0.01789 1.83646 1.05223
0.03009 3.08853 1.76967
0.03617 3.72585 2.13488
0.01872 1.93169 1.10679
0.03061 3.18832 1.82685
0.01987 2.08703 1.19580
0.01899 1.99458 1.14283
0.01646 1.73250 0.99266
0.00724 0.76247 0.43686
0.00792 0.83762 0.47992
0.00415 0.44009 0.25215
0.02084 2.21338 1.26820
0.02211 2.35828 1.35122
0.02316 2.47416 1.41763
0.01630 1.74365 0.99905
0.02387 2.56135 1.46759
0.02132 2.29683 1.31602
0.05920 6.40614 3.67108
0.05072 5.52357 3.16518
0.03210 3.52771 2.02133
0.00908 1.00848 0.57782
0.03201 3.59888 2.06212
0.03424 3.88365 2.22531
0.02359 2.72806 1.56311
0.01719 2.01194 1.15277
0.01681 2.00054 1.14624
0.02451 2.96419 1.69842
0.02464 3.01002 1.72468
0.03857 4.78017 2.73910
0.03567 4.46713 2.55969
0.03010 3.81691 2.18706
0.01852 2.39317 1.37122
0.02038 2.68843 1.54040
0.01919 2.58229 1.47959
0.01399 1.92413 1.10246
0.01066 1.48267 0.84952
0.01562 2.25137 1.28997
0.02384 3.47537 1.99134
0.02858 4.25277 2.43684
0.02866 4.33501 2.48398
0.02203 3.40020 1.94827
0.01406 2.20474 1.26325
0.01819 2.90257 1.66311
0.00818 1.32210 0.75752
0.01788 2.92496 1.67594
0.02563 4.26814 2.44565
0.03261 5.50761 3.15603
0.02669 4.64990 2.66444
0.01925 3.40736 1.95237
0.00574 1.03237 0.59150
0.04297 7.91717 4.53739
0.02127 3.96140 2.26986
0.03257 6.21273 3.56020
0.03101 6.08573 3.48740
0.03308 6.56432 3.76175
0.02858 5.75275 3.29654
0.03093 6.28760 3.60312
0.02390 4.90255 2.80924
0.00053 0.10805 0.06191
0.02840 5.86929 3.36334
0.02471 5.12629 2.93747
0.00696 1.42501 0.81648
0.04729 9.98465 5.72316
0.02224 4.78676 2.74287
0.02585 5.49987 3.15159
0.01983 4.34046 2.48709
0.03787 8.13186 4.66050
0.01085 2.42148 1.38744
0.01274 2.87502 1.64732
0.02706 5.91132 3.38743
0.00573 1.26884 0.72700
0.00342 0.72291 0.41420
0.01385 2.95390 1.69252
0.01956 4.14441 2.37474
0.01580 3.30755 1.89517
0.00567 1.19280 0.68343
0.00940 1.93869 1.11080
0.04701 9.65590 5.53458
0.00944 1.90701 1.09265
0.01369 2.73071 1.56463
0.00114 0.22300 0.12777
0.03279 6.33225 3.62872
0.02221 4.21777 2.41678
0.01558 2.89228 1.65721
0.01946 3.54569 2.03163
0.03045 5.42829 3.11056
0.02532 4.42838 2.53748
0.04421 7.45846 4.27437
0.02006 3.33512 1.91097
0.00901 1.45582 0.83413
0.02740 4.32956 2.48085
0.03143 4.86102 2.78543
0.01877 2.85573 1.63627
0.01678 2.48335 1.42289
0.01727 2.47157 1.41614
0.00384 0.53819 0.30836
0.02049 2.80325 1.60619
0.00308 0.41220 0.23617
0.01226 1.60912 0.92197
0.00285 0.36306 0.20802
0.01364 1.70130 0.97478
0.01782 2.18504 1.25196
0.02147 2.59826 1.48874
0.04229 5.06161 2.90040
0.02659 3.10757 1.78058
0.00503 0.57925 0.33189
0.00506 0.57605 0.33005
0.01706 1.92591 1.10348
0.04037 4.49687 2.57673
0.04199 4.63402 2.65533
0.01880 2.05274 1.17616
0.05874 6.33740 3.63167
0.01688 1.80006 1.03137
0.03183 3.38640 1.94036
0.01614 1.71677 0.98365
0.02739 2.93043 1.67907
0.00784 0.84134 0.48206
0.03724 3.99392 2.28850
0.03263 3.47949 1.99370
0.04995 5.34807 3.06458
0.01981 2.14137 1.22694
0.02577 2.80744 1.60860
0.00573 0.62996 0.36094
0.02331 2.52873 1.44890
0.01246 1.36105 0.77983
0.02850 3.11014 1.78205
0.01240 1.34959 0.77326
0.01235 1.37889 0.79005
0.02474 2.73627 1.56781
0.02269 2.52325 1.44576
0.03099 3.47868 1.99324
0.04701 5.30052 3.03733
0.04143 4.69569 2.69068
0.01401 1.58788 0.90980
0.02964 3.39460 1.94506
0.01805 2.06996 1.18602
0.03376 3.89356 2.23098
0.04701 5.42830 3.11057
0.03252 3.75959 2.15421
0.03894 4.58283 2.62600
0.02975 3.51073 2.01160
0.03995 4.72608 2.70810
0.02528 2.95394 1.69254
0.01962 2.29510 1.31502
0.00864 1.00834 0.57774
0.03676 4.26718 2.44510
0.04875 5.61766 3.21911
0.02078 2.35359 1.34854
0.05067 5.72766 3.28216
0.06479 7.28092 4.17258
0.05414 6.07405 3.48071
0.04638 5.12772 2.93829
0.03322 3.58308 2.05306
0.02713 2.90445 1.66419
0.02582 2.72282 1.56011
0.04038 4.25771 2.43967
0.02379 2.49086 1.42719
0.04216 4.37933 2.50937
0.00283 0.28912 0.16566
0.01527 1.53206 0.87781
0.03968 3.94905 2.26279
0.03676 3.63415 2.08233
0.01690 1.64556 0.94285
0.04215 4.10348 2.35129
0.01876 1.80719 1.03546
0.01714 1.64635 0.94330
0.03581 3.41429 1.95634
0.03026 2.86771 1.64313
0.01624 1.53592 0.88003
0.02024 1.91187 1.09544
0.00936 0.88447 0.50677
0.03436 3.24164 1.85740
0.00941 0.88726 0.50836
0.02112 1.99922 1.14549
0.03659 3.48491 1.99681
0.03103 2.96380 1.69820
0.01208 1.15438 0.66142
0.02308 2.21042 1.26650
0.00829 0.79284 0.45427
0.00597 0.56981 0.32648
0.02191 2.13171 1.22140
0.02974 2.88157 1.65107
0.03470 3.37106 1.93157
0.01078 1.04873 0.60088
0.00326 0.31809 0.18225
0.02541 2.48754 1.42529
0.03598 3.53897 2.02779
0.01663 1.64302 0.94139
0.00939 0.92738 0.53135
0.00881 0.87880 0.50352
0.01086 1.07866 0.61803
0.03611 3.61227 2.06979
0.03841 3.86100 2.21233
0.03795 3.82754 2.19315
0.03386 3.41688 1.95782
0.06454 6.53242 3.74347
0.02190 2.22353 1.27401
0.00827 0.84144 0.48211
0.00046 0.04669 0.02675
0.01466 1.51001 0.86518
0.00220 0.22630 0.12966
0.02086 2.15523 1.23488
0.03149 3.27307 1.87541
0.06187 6.44331 3.69238
0.04411 4.62251 2.64874
0.06761 7.10498 4.07171
0.05646 5.97090 3.42158
0.03342 3.55556 2.03729
0.01059 1.13524 0.65045
0.01784 1.93355 1.10786
0.01345 1.46815 0.84120
0.01856 2.07173 1.18704
0.01636 1.85160 1.06090
0.04307 4.96050 2.84245
0.02282 2.67466 1.53251
0.05555 6.66747 3.82089
0.05929 7.30349 4.18552
0.14463 18.34364 10.52492
0.01540 2.01439 1.15418
0.00329 0.44511 0.25503
0.00920 1.28782 0.73787
0.02361 3.44084 1.97155
0.01809 2.74445 1.57250
0.02585 4.08039 2.33805
0.02777 4.57633 2.62227
0.00401 0.69195 0.39646
0.02750 4.93971 2.83053
0.05855 11.15053 6.39210
0.05963 12.02345 6.89308
0.02849 6.14469 3.52120
0.01822 4.17550 2.39256
0.03594 8.94750 5.12825
0.02946 7.95838 4.56102
0.13980 41.36286 23.87145
0.01520 4.93738 2.82920
0.04508 16.91620 9.70386
0.02959 12.06835 6.91886
0.01697 7.53109 4.31602
0.03680 18.23494 10.46238
0.02577 13.07533 7.49696
0.03413 18.03699 10.34850
0.01612 8.69451 4.98316
0.01339 7.56925 4.33789
0.01674 10.08861 5.78280
0.01528 10.11787 5.79959
0.01174 8.33438 4.77663
0.01962 14.76048 8.46483
0.01673 13.24305 7.59326
0.03215 26.84368 15.42685
0.00933 8.26290 4.73564
0.00950 8.98781 5.15137
0.01356 14.41402 8.26579
0.01243 15.92568 9.13441
0.01436 22.69335 13.03039
0.01271 25.99089 14.93392
0.01208 32.44965 18.67484
0.00282 10.59313 6.07226
0.00444 25.74925 14.79430
0.00190 20.04753 11.50571
0.00815 132.32853 82.85054
0.00425 56.25156 32.67058
0.00171 82.71130 48.85689
0.00475 109.41857 66.33560
0.00807 130.95530 81.80541
0.00244 57.93562 33.67737
0.00380 78.79420 46.40363
0.00455 82.19932 48.53491
0.00458 87.52751 51.90649
0.00877 132.22580 82.77207
0.00465 100.03741 60.02475
0.00674 127.09058 78.90716
0.00244 100.39633 60.26239
0.01176 131.26732 82.04215
0.00581 104.89850 63.26817
0.00972 138.37513 87.55754
0.00574 129.25215 80.52053
0.00653 107.24753 64.85577
0.00518 127.78765 79.42539
0.00799 132.56589 83.03204
0.00747 136.82393 86.33283
0.01017 133.96929 84.11043
0.01030 122.15754 75.29296
0.00911 129.25671 80.52396
0.00675 140.42341 89.19421
0.00511 112.27145 68.29943
0.00676 123.97458 76.61371
0.00381 92.43258 55.05353
0.00338 115.85223 70.79718
0.00076 43.93772 25.38149
0.00310 141.28563 89.89008
0.00196 112.88587 68.72535
0.00523 122.12023 75.26596
0.00294 103.11569 62.07225
0.00361 122.03815 75.20659
0.00306 133.20361 83.52095
0.00533 100.67581 60.44762
0.00502 126.75775 78.66041
0.00310 133.59039 83.81838
0.00079 109.83995 66.62426
0.00060 97.36599 58.26487
0.00126 134.18219 84.27483
0.00197 129.92507 81.02672
0.00688 107.66929 65.14229
0.00616 129.06305 80.37863
0.00396 118.86998 72.93260
0.00218 140.55830 89.30280
0.00233 65.83551 38.43773
0.00173 106.42411 64.29769
0.00104 107.21135 64.83121
0.00336 137.30757 86.71334
0.06368 122.57314 75.59400
0.04665 131.93033 82.54662
0.03709 117.22442 71.76461
0.04000 115.90771 70.83618
0.03899 134.59821 84.59668
0.04715 129.37226 80.61075
0.03185 96.15071 57.46925
0.04070 107.11102 64.76313
0.03993 112.78196 68.65324
0.02614 63.18456 36.83306
0.01677 39.18918 22.59997
0.00858 17.82096 10.22422
0.00806 15.97058 9.16022
0.01801 33.11212 19.05961
0.02102 34.26828 19.73164
0.02398 33.85873 19.49350
0.02557 29.51860 16.97492
0.01103 10.35900 5.93793
0.01668 14.11705 8.09521
0.01366 9.99580 5.72956
0.00825 5.41962 3.10559
0.01049 6.35536 3.64197
0.01811 10.02827 5.74818
0.02222 11.72676 6.72279
0.02813 14.10858 8.09034
0.02103 9.97027 5.71491
0.05536 25.10494 14.42211
0.03841 16.61909 9.53303
0.00568 2.33076 1.33546
0.02218 8.36510 4.79425
0.01998 6.93535 3.97446
0.01941 6.08837 3.48892
0.03861 11.32045 6.48961
0.02547 6.94555 3.98031
0.00542 1.34653 0.77151
0.00453 1.06553 0.61050
0.00712 1.56191 0.89492
0.02421 4.92824 2.82396
0.04355 8.56609 4.90951
0.01616 2.97497 1.70460
0.08417 15.29886 8.77417
0.02057 3.59454 2.05963
0.01512 2.48151 1.42184
0.01847 3.00088 1.71944
0.01567 2.39874 1.37441
0.01109 1.67780 0.96132
0.01237 1.80028 1.03150
0.02003 2.78791 1.59741
0.02443 3.31980 1.90219
0.01145 1.49528 0.85674
0.01583 2.00285 1.14757
0.01125 1.38383 0.79288
0.02687 3.22476 1.84773
0.03172 3.72095 2.13207
0.03206 3.66341 2.09910
0.02003 2.22249 1.27342
0.02868 3.11272 1.78353
0.03086 3.27181 1.87469
0.04928 5.10291 2.92407
0.02513 2.53977 1.45522
0.01313 1.29321 0.74096
0.07976 7.68028 4.40156
0.02147 2.03344 1.16510
0.06784 6.29824 3.60922
0.03735 3.40954 1.95362
0.01683 1.51152 0.86605
0.03699 3.28485 1.88216
0.03355 2.93231 1.68015
0.03176 2.73776 1.56867
0.04527 3.85890 2.21112
0.04002 3.37268 1.93250
0.02378 1.98112 1.13512
0.01567 1.29877 0.74415
0.00562 0.46411 0.26592
0.03047 2.52914 1.44913
0.00333 0.27734 0.15890
0.02738 2.28547 1.30951
0.05258 4.40954 2.52668
0.03645 3.05861 1.75252
0.01496 1.25473 0.71891
0.00292 0.24451 0.14009
0.01173 0.98487 0.56429
0.03087 2.59989 1.48967
0.03886 3.29005 1.88515
0.02547 2.16140 1.23841
0.04313 3.66183 2.09819
0.01759 1.49414 0.85608
0.02110 1.79704 1.02964
0.02752 2.35775 1.35092
0.05555 4.78302 2.74073
0.06040 5.21014 2.98553
0.03233 2.79365 1.60070
0.01400 1.21079 0.69374
0.01979 1.71689 0.98372
0.03397 2.96187 1.69709
0.02864 2.51036 1.43837
0.05670 4.98570 2.85689
0.04184 3.66806 2.10176
0.03570 3.14787 1.80367
0.05395 4.76545 2.73066
0.05136 4.56400 2.61521
0.08909 7.94766 4.55487
0.07041 6.25660 3.58535
0.04369 3.90482 2.23744
0.03774 3.38165 1.93764
0.02466 2.21603 1.26972
0.02434 2.18886 1.25415
0.07799 7.04739 4.03869
0.01465 1.32734 0.76051
0.03897 3.54429 2.03084
0.01750 1.59262 0.91251
0.01883 1.71288 0.98142
0.03343 3.02883 1.73546
0.02663 2.42032 1.38678
0.02901 2.62438 1.50370
0.00570 0.52455 0.30054
0.01466 1.33447 0.76460
0.01555 1.41841 0.81270
0.01680 1.55575 0.89139
0.02706 2.51557 1.44135
0.03561 3.33529 1.91107
0.02741 2.53513 1.45256
0.03010 2.79684 1.60252
0.01533 1.41959 0.81337
0.02552 2.36681 1.35611
0.00587 0.54485 0.31218
0.01449 1.35755 0.77783
0.01263 1.19986 0.68747
0.06557 6.22848 3.56923
0.02645 2.51296 1.43986
0.00965 0.92123 0.52783
0.03062 2.91309 1.66914
0.02877 2.70586 1.55039
0.05243 4.93614 2.82849
0.02871 2.68834 1.54035
0.05568 5.23258 2.99839
0.00639 0.59902 0.34321
0.04301 4.06953 2.33183
0.03544 3.34847 1.91862
0.03296 3.12976 1.79330
0.03802 3.61608 2.07197
0.03875 3.71241 2.12718
0.02533 2.43925 1.39762
0.04801 4.63053 2.65334
0.02825 2.74712 1.57403
0.02326 2.24786 1.28795
0.03880 3.76067 2.15483
0.02763 2.69194 1.54241
0.04472 4.38593 2.51316
0.08968 8.85864 5.07729
0.03309 3.26027 1.86808
0.02299 2.26699 1.29892
0.02327 2.31040 1.32379
0.02894 2.87850 1.64932
0.01084 1.08685 0.62272
0.01623 1.63231 0.93525
0.03354 3.42439 1.96213
0.01572 1.64099 0.94023
0.01425 1.51603 0.86863
0.02448 2.64740 1.51689
0.00875 0.96691 0.55400
0.03509 3.96805 2.27368
0.01740 2.02498 1.16025
0.01733 2.05811 1.17923
0.02862 3.49850 2.00460
0.02429 3.03550 1.73928
0.03208 4.08649 2.34155
0.06474 8.50559 4.87481
0.01645 2.22146 1.27283
0.01071 1.49307 0.85548
0.00632 0.90591 0.51905
0.01115 1.66120 0.95181
0.02971 4.54759 2.60580
0.02460 3.94745 2.26187
0.00784 1.29307 0.74088
0.10911 17.75329 10.18529
0.07419 13.44345 7.70834
0.00702 1.20940 0.69294
0.01407 2.60376 1.49188
0.00178 0.32860 0.18828
0.00482 0.90982 0.52129
0.02493 4.77083 2.73374
0.02515 4.90808 2.81240
0.02999 5.89635 3.37885
0.01994 3.90875 2.23969
0.02901 5.78633 3.31579
0.04568 9.21426 5.28125
0.02499 5.04261 2.88951
0.02079 4.29342 2.46014
0.03158 6.57862 3.76995
0.05833 12.07215 6.92104
0.02296 4.84045 2.77365
0.01336 2.80095 1.60488
0.02764 5.88795 3.37403
0.02078 4.39526 2.51850
0.02994 6.19039 3.54740
0.01799 3.76632 2.15807
0.00736 1.50626 0.86303
0.01624 3.40628 1.95175
0.03079 6.45986 3.70187
0.01697 3.48080 1.99445
0.02428 4.98791 2.85816
0.02054 4.12302 2.36249
0.01653 3.32248 1.90373
0.01942 3.82002 2.18884
0.00631 1.21983 0.69892
0.01276 2.43957 1.39781
0.00929 1.74872 1.00196
0.00886 1.63599 0.93737
0.01207 2.17108 1.24396
0.02942 5.12979 2.93947
0.01454 2.47676 1.41912
0.00328 0.54212 0.31061
0.05083 8.17573 4.68565
0.00897 1.40527 0.80517
0.01498 2.28915 1.31161
0.02357 3.52083 2.01739
0.03592 5.22729 2.99536
0.02295 3.24484 1.85924
0.01734 2.41752 1.38517
0.04968 6.76781 3.87841
0.01180 1.57612 0.90306
0.02832 3.73387 2.13947
0.01683 2.20746 1.26480
0.02522 3.29539 1.88820
0.03230 4.21758 2.41667
0.02264 2.96672 1.69986
0.05304 6.91283 3.96155
0.02243 2.92385 1.67530
0.02794 3.63423 2.08238
0.02985 3.88897 2.22836
0.04755 6.18289 3.54310
0.04779 6.22999 3.57010
0.04251 5.52691 3.16709
0.00419 0.54711 0.31347
0.04555 5.95158 3.41051
0.01498 1.95818 1.12197
0.04377 5.75103 3.29555
0.01339 1.76192 1.00952
0.01201 1.58929 0.91061
0.01818 2.41334 1.38277
0.02611 3.47764 1.99264
0.04787 6.42046 3.67928
0.03763 5.07456 2.90782
0.00757 1.03363 0.59223
0.05741 7.94434 4.55297
0.00921 1.29083 0.73960
0.01722 2.44979 1.40366
0.02478 3.59441 2.05956
0.04969 7.34527 4.20948
0.04303 6.46555 3.70513
0.01211 1.83874 1.05353
0.04335 6.63354 3.80144
0.02204 3.39451 1.94501
0.00888 1.37408 0.78730
0.02436 3.81591 2.18649
0.01951 3.07734 1.76326
0.01822 2.89780 1.66037
0.01196 1.91171 1.09535
0.00477 0.76847 0.44030
0.00691 1.12093 0.64225
0.00717 1.17198 0.67150
0.02333 3.82231 2.19016
0.21835 35.96853 20.72119
0.02829 4.67176 2.67697
0.02392 3.96608 2.27254
0.01380 2.30250 1.31926
0.02058 3.44050 1.97136
0.03174 5.32666 3.05231
0.01446 2.43396 1.39459
0.03560 6.05523 3.46992
0.04684 8.00312 4.58668
0.02738 4.71844 2.70372
0.03746 6.52890 3.74145
0.03317 5.89245 3.37661
0.01587 2.85936 1.63835
0.01192 2.19225 1.25609
0.00536 1.00669 0.57679
0.02832 5.42976 3.11141
0.02189 4.29518 2.46114
0.02691 5.41757 3.10442
0.04622 9.52865 5.46158
0.02389 5.02058 2.87688
0.02305 4.98727 2.85779
0.00724 1.59702 0.91504
0.00682 1.55429 0.89055
0.00340 0.80426 0.46081
0.00898 2.12580 1.21801
0.00980 2.64153 1.51353
0.00210 0.56918 0.32611
0.02131 6.22128 3.56511
0.00585 1.81781 1.04155
0.00771 2.52951 1.44934
0.01950 6.79055 3.89145
0.02104 7.62225 4.36829
0.01486 5.51780 3.16187
0.01540 5.90477 3.38367
0.02373 9.14721 5.24279
0.01821 7.05261 4.04168
0.02480 9.67006 5.54270
0.00457 1.80497 1.03419
0.01762 6.96898 3.99374
0.01061 4.22060 2.41841
0.01578 6.38171 3.65707
0.01427 5.73348 3.28549
0.02560 10.35439 5.93528
0.03051 12.38038 7.09798
0.02020 8.24004 4.72253
0.02532 10.39701 5.95974
0.02784 11.53448 6.61244
0.02917 12.05122 6.90902
0.02449 10.32239 5.91693
0.03431 14.56288 8.35130
0.01944 8.16391 4.67887
0.02934 12.46055 7.14399
0.05006 21.25557 12.20159
0.02696 11.57036 6.63303
0.03130 13.53973 7.76363
0.00630 2.73547 1.56736
0.00639 2.79491 1.60142
0.01091 4.79196 2.74585
0.00554 2.39663 1.37320
0.01024 4.50387 2.58075
0.01456 6.45504 3.69911
0.00281 1.25061 0.71655
0.01959 8.70944 4.99172
0.03335 14.88805 8.53812
0.01983 8.85151 5.07320
0.02468 10.83920 6.21345
0.01178 4.99645 2.86305
0.01036 4.18881 2.40019
0.01226 4.72803 2.70922
0.02095 7.73679 4.43396
0.01410 5.00472 2.86779
0.02972 10.14016 5.81238
0.02592 8.58852 4.92237
0.01883 6.08953 3.48958
0.00689 2.17220 1.24460
0.00264 0.81336 0.46602
0.02090 6.24966 3.58137
0.02146 6.29638 3.60816
0.03243 9.27987 5.31888
0.02168 6.08670 3.48796
0.03745 10.24316 5.87147
0.02791 7.41360 4.24865
0.01500 3.87068 2.21788
0.03346 8.33394 4.77638
0.06503 15.80968 9.06774
0.06264 15.45977 8.86664
0.06262 15.62056 8.95905
0.04140 10.56935 6.05861
0.03653 9.42152 5.40013
0.03863 10.11452 5.79767
0.03339 8.81266 5.05092
0.00793 2.11211 1.21017
0.03076 8.23347 4.71877
0.04533 12.12846 6.95336
0.04243 11.45985 6.56961
0.04813 13.28313 7.61628
0.02999 8.42368 4.82784
0.03157 8.93416 5.12060
0.01465 4.15950 2.38339
0.00803 2.29660 1.31588
0.01805 5.18519 2.97123
0.01068 3.10534 1.77930
0.00238 0.70155 0.40196
0.01349 4.03769 2.31358
0.01607 5.18074 2.96868
0.00986 3.57622 2.04913
0.00580 2.47174 1.41624
0.00069 0.34681 0.19870
0.00543 3.36540 1.92832
0.01585 12.53952 7.18933
0.02574 27.61477 15.87281
0.01359 23.74064 13.63453
0.00615 23.66321 13.58985
0.00122 109.73116 66.54969
0.00534 29.29955 16.84804
0.00825 84.56744 50.02768
0.00468 112.61645 68.53845
0.00450 92.37080 55.01361
0.00591 127.22746 79.00878
0.00055 35.95694 20.71444
