-0.01709 0.00006 0.09007
-0.04034 -0.00723 0.08502
-0.01932 -0.00345 0.09607
-0.01325 -0.01299 0.10277
-0.00179 -0.01297 0.11395
-0.00319 -0.00669 0.12775
0.00502 -0.00397 0.14072
-0.01971 -0.00093 0.15324
0.00340 -0.00601 0.16580
-0.00553 -0.00211 0.17408
-0.03722 -0.02007 0.17670
-0.03607 -0.02254 0.18394
-0.03665 -0.02648 0.19161
-0.03035 -0.00340 0.20255
-0.01277 -0.00264 0.21158
-0.03390 -0.00077 0.21608
-0.02578 0.00424 0.22155
-0.02028 -0.00833 0.22307
-0.01708 -0.00171 0.23095
-0.02655 -0.00773 0.23277
0.03039 0.00640 0.23430
-0.02517 0.00179 0.24052
-0.06874 0.00843 0.24158
-0.07716 -0.00152 0.25168
-0.07055 -0.00768 0.25815
-0.07979 -0.01455 0.26238
-0.03287 0.00096 0.28016
-0.07567 -0.00627 0.28396
-0.05258 -0.00850 0.29914
-0.00868 0.00025 0.31726
-0.06948 0.00134 0.31921
-0.06855 0.00063 0.33023
-0.06932 0.00888 0.34659
-0.05099 0.00720 0.36253
-0.04094 -0.00053 0.38077
-0.11821 0.02836 0.37336
-0.02830 0.01266 0.40292
-0.05730 0.00285 0.41732
-0.05177 -0.00815 0.43392
-0.04419 -0.00314 0.44808
-0.03766 -0.01355 0.46290
-0.04918 -0.01824 0.47463
-0.05094 -0.01752 0.49260
-0.02766 -0.01566 0.50931
-0.01946 -0.00062 0.52922
-0.01266 -0.01007 0.54503
-0.03177 -0.01382 0.55817
-0.04741 0.00053 0.57523
-0.03681 -0.00354 0.58890
-0.02093 -0.00672 0.60752
-0.00253 0.00041 0.62344
0.06462 -0.00945 0.63600
0.00567 -0.01210 0.65499
-0.00212 -0.05557 0.66323
0.01532 -0.00849 0.68358
0.00608 0.00795 0.70058
-0.01617 0.00155 0.71706
-0.00112 -0.02385 0.73135
0.00166 -0.01796 0.74169
-0.01130 -0.03324 0.75502
0.00106 -0.01343 0.76720
0.00034 -0.00486 0.78739
-0.00953 -0.00698 0.79389
-0.00082 -0.02102 0.80222
-0.00608 -0.04909 0.80121
-0.01771 -0.04426 0.80643
-0.01429 -0.03194 0.82155
0.01436 -0.00369 0.83173
-0.00803 -0.02363 0.84507
0.01693 0.00156 0.84916
0.04105 -0.01767 0.84766
-0.01638 -0.02784 0.84777
-0.01235 -0.03315 0.84232
0.01765 -0.03445 0.83950
-0.02415 -0.01432 0.84464
-0.02002 -0.01640 0.84149
-0.00358 -0.05383 0.84253
-0.00650 -0.03634 0.83358
-0.00830 -0.05317 0.83518
0.01373 -0.02340 0.83889
-0.00044 -0.01355 0.83970
0.00805 0.01569 0.84296
0.08682 -0.00323 0.83945
-0.00583 -0.01693 0.83719
-0.01053 -0.02637 0.83489
-0.00250 -0.05866 0.83100
-0.00756 -0.04284 0.82858
-0.01192 -0.03914 0.82919
-0.01222 -0.04477 0.82831
-0.00022 -0.04606 0.82524
-0.02055 -0.04150 0.82481
-0.01283 -0.01932 0.82466
-0.02238 -0.00108 0.82474
0.06260 -0.02145 0.82439
-0.02849 -0.01505 0.81822
-0.01874 -0.03079 0.81214
-0.02527 -0.04242 0.80488
-0.00818 -0.02805 0.80068
-0.02546 -0.02546 0.79993
-0.02079 -0.01907 0.79778
-0.01841 -0.02383 0.79636
-0.02767 -0.02826 0.78913
-0.02650 -0.02579 0.78514
-0.02766 -0.01848 0.78193
-0.00540 -0.01196 0.77852
-0.01543 -0.00797 0.77650
-0.01860 -0.00599 0.76752
-0.01893 -0.03154 0.75861
-0.00293 -0.05160 0.74909
-0.03378 -0.07254 0.73226
-0.01087 -0.04789 0.72831
0.00944 -0.05512 0.71023
-0.00371 -0.03449 0.69735
-0.00177 -0.02458 0.68228
0.01606 -0.01761 0.66698
0.00349 -0.01996 0.65131
-0.00260 -0.02286 0.63601
-0.00648 -0.01306 0.62025
-0.01018 -0.01521 0.60167
-0.01462 -0.01230 0.58406
0.00294 -0.00569 0.56148
0.03352 -0.02548 0.53890
0.03719 -0.02966 0.51418
0.00261 -0.01624 0.49644
0.01451 -0.01753 0.47966
0.03758 -0.01273 0.46031
0.05056 -0.01200 0.46064
0.07593 -0.04272 0.44057
0.08462 -0.05141 0.44000
0.08842 -0.05294 0.42556
0.07871 -0.03307 0.43728
0.03052 -0.00689 0.43405
0.03327 -0.01274 0.43977
0.05606 -0.02086 0.43594
0.08368 -0.01765 0.42143
0.05844 -0.02123 0.42312
0.05178 -0.02801 0.41295
0.04617 0.00352 0.42926
0.04404 -0.00892 0.43574
0.05946 -0.01118 0.46007
0.04659 0.00703 0.47758
0.03514 0.01475 0.48514
0.01265 -0.00147 0.51244
0.06529 -0.01147 0.51960
0.04445 -0.03025 0.53866
-0.03893 0.00460 0.56027
-0.04427 -0.00416 0.57497
0.04382 -0.01041 0.59329
0.00703 0.00252 0.61076
-0.02887 0.00474 0.62804
-0.04046 0.00504 0.64034
-0.03125 -0.01848 0.65624
-0.01649 -0.01363 0.67044
-0.04647 -0.02186 0.68411
-0.01284 -0.01153 0.70105
-0.02323 -0.01145 0.71651
-0.03433 -0.03228 0.72308
-0.03674 -0.05605 0.73525
0.02522 -0.02361 0.74595
0.01105 -0.01054 0.76271
0.02924 0.00505 0.77519
0.01773 -0.02284 0.77878
0.01710 -0.03488 0.77652
0.02025 -0.02367 0.76867
0.01325 -0.03833 0.76925
0.01627 -0.02016 0.77299
-0.00083 -0.02178 0.77237
-0.00223 -0.02111 0.77293
0.00049 -0.05134 0.76326
0.01657 -0.04277 0.76124
0.02112 -0.03673 0.76097
-0.00715 -0.03136 0.75815
-0.02734 -0.00481 0.76888
-0.00628 -0.01123 0.76159
-0.00320 -0.00820 0.76120
0.00343 -0.01534 0.75450
0.00923 -0.02718 0.74964
0.00531 -0.03994 0.75256
0.00043 -0.03872 0.75347
-0.00566 -0.01362 0.75686
0.00265 -0.02862 0.76377
0.01070 -0.01615 0.76837
-0.01614 -0.03382 0.77110
-0.01753 -0.01681 0.77761
-0.02323 -0.02315 0.78574
-0.04379 -0.02579 0.78666
-0.02960 -0.02770 0.79772
-0.02148 -0.05021 0.79500
-0.03196 -0.02756 0.79935
-0.01816 -0.03743 0.81219
-0.02290 -0.01210 0.82096
-0.02883 -0.02461 0.83221
-0.02638 -0.00040 0.83808
-0.01953 -0.00202 0.84635
-0.00338 -0.00825 0.85356
0.00387 -0.02095 0.85701
-0.00094 -0.02517 0.86272
-0.00548 -0.03537 0.86291
0.01222 -0.03015 0.86580
0.02221 -0.03726 0.86985
-0.00223 -0.03761 0.87200
0.00701 -0.01056 0.87939
0.02936 -0.01590 0.87892
0.00629 -0.03257 0.87495
-0.03042 -0.05706 0.86751
-0.00057 -0.05580 0.85927
-0.00144 -0.05362 0.85988
-0.00834 -0.04204 0.85431
-0.01176 -0.02821 0.85565
0.00439 0.00976 0.85396
-0.00723 -0.04284 0.85782
-0.00531 -0.04378 0.85267
-0.00234 -0.02145 0.83729
-0.01092 -0.04274 0.83054
-0.02434 -0.03501 0.83121
-0.01593 -0.02891 0.82611
-0.02346 -0.03755 0.82058
-0.02643 -0.03451 0.81648
-0.01603 -0.02736 0.81178
-0.09007 -0.03828 0.80756
-0.05766 -0.02276 0.80984
-0.02669 0.00148 0.81103
-0.02155 -0.02394 0.80875
-0.00684 -0.00844 0.80162
0.00581 -0.02090 0.79446
-0.04638 -0.01239 0.79542
0.00836 -0.04930 0.78628
-0.00647 -0.03353 0.78035
-0.03163 -0.03002 0.77593
-0.03602 -0.03354 0.77037
-0.03102 -0.03717 0.77199
-0.02446 0.00554 0.77083
-0.02119 -0.02077 0.76981
-0.03975 -0.02368 0.76258
-0.01911 -0.05703 0.75351
-0.05239 -0.03944 0.74865
-0.02697 -0.03196 0.75203
-0.00711 -0.02825 0.75642
-0.00269 0.00610 0.75596
-0.03302 -0.00697 0.75858
0.00248 -0.02445 0.75192
0.00093 -0.05474 0.73808
-0.02965 -0.02555 0.73143
-0.00291 -0.03844 0.73659
-0.00579 0.00824 0.75142
0.00198 -0.01892 0.75641
0.00171 -0.01151 0.75612
-0.00606 -0.02964 0.74689
-0.00596 -0.03129 0.74530
-0.03804 -0.07194 0.74246
-0.03769 -0.02879 0.74549
-0.04272 -0.03175 0.75088
-0.05802 -0.00395 0.75360
-0.04458 -0.01999 0.75048
-0.00571 0.00703 0.76054
-0.03615 -0.00312 0.76363
-0.04952 -0.03307 0.76321
-0.05806 -0.07802 0.75247
-0.02600 -0.03329 0.75161
0.03238 -0.01590 0.75445
-0.02388 -0.01729 0.76269
-0.06471 0.00194 0.77165
-0.03677 -0.00937 0.77347
-0.01775 -0.04767 0.77092
-0.04385 -0.05438 0.76135
-0.02670 -0.02222 0.76470
-0.01226 -0.03036 0.76763
-0.02176 -0.00864 0.77615
-0.01332 -0.01174 0.77212
-0.02612 -0.02914 0.76751
-0.06926 -0.03396 0.76086
-0.01312 -0.03011 0.76123
-0.01722 -0.02865 0.75972
-0.01364 -0.02313 0.75893
-0.03136 -0.03145 0.75280
-0.03435 -0.03807 0.74246
-0.02824 -0.03386 0.73908
-0.08121 -0.02366 0.72981
-0.03872 0.01811 0.74114
-0.01827 -0.02643 0.73615
-0.02583 -0.03930 0.72793
-0.02065 -0.03031 0.71085
-0.07959 -0.03097 0.69029
-0.03927 -0.04302 0.67306
-0.07206 -0.05342 0.65499
-0.05288 -0.03960 0.64351
-0.03518 -0.01405 0.62585
-0.03858 -0.01208 0.60858
-0.05051 -0.00538 0.58696
0.00410 -0.03145 0.56192
-0.04412 -0.01533 0.53729
-0.02890 -0.03891 0.51209
-0.02737 -0.04856 0.49060
-0.05815 -0.03115 0.46655
-0.02047 -0.05091 0.44829
-0.00274 -0.03269 0.43538
-0.05257 0.00553 0.41245
-0.02819 -0.00758 0.39745
-0.03499 0.01296 0.37829
-0.08780 0.03737 0.34980
-0.03020 0.00963 0.33839
-0.01639 -0.00638 0.31672
-0.01333 -0.00297 0.30173
-0.00194 -0.00126 0.28479
-0.00512 -0.00302 0.27031
-0.02182 -0.01596 0.25253
-0.03114 -0.03227 0.23885
-0.03676 -0.04531 0.22059
-0.03827 -0.02609 0.20979
-0.02963 -0.01769 0.21126
-0.03920 -0.01984 0.21259
-0.02695 -0.00406 0.21169
-0.03694 0.00965 0.21632
-0.03714 0.01305 0.21499
-0.06803 0.01304 0.20139
-0.06480 0.00985 0.20937
-0.06094 0.01425 0.20380
-0.05543 0.00111 0.20977
-0.06413 -0.00714 0.20678
-0.05209 -0.00026 0.20424
-0.01238 -0.00031 0.21666
-0.03342 -0.00112 0.21698
-0.01952 -0.02094 0.22097
-0.03416 -0.01875 0.24853
-0.03837 -0.01549 0.25619
-0.03954 -0.00556 0.28661
-0.05291 -0.01648 0.29846
-0.05820 0.00866 0.30039
-0.05252 0.00907 0.32996
-0.05986 -0.00495 0.34561
-0.11698 0.02893 0.32260
-0.05086 0.01110 0.37080
-0.06044 0.00491 0.36443
-0.04918 0.00806 0.39455
-0.11235 0.01485 0.39425
-0.07478 0.01097 0.40192
-0.04520 0.00510 0.43489
-0.07340 0.01369 0.44572
-0.13591 0.02497 0.44494
-0.12233 0.03914 0.47300
-0.04405 0.00618 0.49978
-0.04465 0.00382 0.52349
-0.00369 0.00115 0.54871
-0.04227 -0.01500 0.56110
-0.04540 -0.01103 0.58456
-0.01850 -0.00438 0.59860
0.00040 0.00425 0.62169
-0.05683 -0.00366 0.63675
-0.00224 -0.00815 0.65922
-0.01796 -0.01717 0.67589
-0.02778 -0.00606 0.69087
-0.03070 -0.02096 0.70612
-0.03988 -0.01885 0.72125
-0.02694 -0.01240 0.74059
-0.02982 0.00241 0.75162
-0.03067 -0.01256 0.77256
-0.02716 -0.01999 0.78444
-0.03441 -0.00824 0.80218
-0.01753 -0.01506 0.81926
-0.01433 -0.00070 0.83572
-0.02839 0.01274 0.84509
-0.03863 0.00060 0.86119
-0.02770 -0.01593 0.86690
0.02057 -0.04036 0.88025
-0.02289 -0.02852 0.89357
-0.01661 -0.02121 0.90987
-0.02253 -0.02700 0.92288
-0.01867 -0.04512 0.93024
-0.03263 -0.04794 0.94075
-0.01737 -0.02969 0.95218
-0.01542 -0.03577 0.96671
-0.00526 0.00038 0.97851
-0.01185 -0.00314 0.98703
-0.01841 -0.01314 0.98435
0.00315 -0.01552 0.98942
-0.02782 -0.02357 0.98744
0.00357 -0.02732 0.98890
0.00469 -0.03010 0.98817
-0.00783 -0.04344 0.99028
-0.00490 -0.02849 0.99804
0.01114 -0.01700 0.99145
-0.01474 -0.04992 0.99264
-0.01704 -0.04786 0.99799
-0.00786 -0.04831 0.98877
-0.01887 -0.02288 0.99689
0.02759 -0.04224 0.98934
-0.02664 -0.03970 0.99033
0.00219 -0.04453 0.98584
-0.01051 -0.03502 0.99350
-0.01134 -0.02875 0.99490
-0.00896 -0.02550 0.99043
-0.01595 -0.03753 0.98658
0.01128 -0.04907 0.98518
0.00799 -0.04214 0.98917
-0.00359 -0.01680 0.99349
0.00086 -0.01911 0.99057
-0.00070 -0.01813 0.99573
-0.00946 -0.03280 0.98590
-0.02142 -0.05484 0.98064
-0.00663 -0.06172 0.97961
-0.01816 -0.02185 0.98365
-0.03023 -0.00232 0.98710
-0.01847 -0.02586 0.98086
-0.03706 -0.03144 0.97521
-0.02674 -0.04012 0.97370
-0.00893 -0.00611 0.97415
-0.02819 -0.01550 0.97372
-0.03313 -0.01775 0.97001
-0.01367 -0.01970 0.96903
-0.02704 -0.03508 0.95897
-0.02100 -0.03454 0.95129
-0.02253 -0.02854 0.95148
-0.01795 -0.03480 0.94900
-0.00798 -0.02857 0.94861
-0.01116 -0.02026 0.94580
-0.00523 -0.02653 0.94354
-0.01197 -0.04019 0.94039
-0.01856 -0.03509 0.93654
-0.00517 -0.04490 0.93518
-0.00951 -0.03191 0.93395
-0.01137 -0.03845 0.93121
0.00045 -0.04511 0.92734
-0.03311 -0.06952 0.92091
0.02558 -0.07282 0.91498
0.01166 -0.05033 0.90851
0.00422 -0.03469 0.89955
-0.01785 -0.01271 0.88920
-0.01943 -0.03378 0.88085
-0.00933 -0.04024 0.86369
-0.00081 -0.01673 0.85420
-0.00158 -0.01367 0.84012
-0.01116 -0.01259 0.82686
-0.01598 -0.02867 0.81785
-0.02534 -0.00653 0.80654
-0.01873 -0.00156 0.79831
-0.00711 0.00219 0.78862
-0.00722 -0.00889 0.77376
-0.02065 -0.01103 0.75761
-0.01191 -0.00828 0.74315
-0.02030 -0.02532 0.72644
-0.01101 -0.01907 0.71860
-0.02234 -0.03326 0.69261
-0.03225 -0.03772 0.68405
-0.03538 -0.03462 0.67022
-0.04249 -0.02186 0.65930
-0.03515 -0.02646 0.64633
-0.01776 -0.03131 0.63674
-0.00784 -0.02721 0.62615
-0.02324 -0.02594 0.61758
-0.02198 -0.03299 0.61002
-0.04826 -0.01728 0.59824
-0.06280 -0.00785 0.58874
-0.06825 0.00300 0.56997
-0.06283 0.00317 0.56147
-0.05464 -0.00829 0.55301
-0.02587 -0.01216 0.54200
-0.03113 -0.00004 0.53600
-0.02574 -0.01275 0.52349
-0.06125 -0.02695 0.50522
-0.09718 -0.02470 0.49392
-0.08739 -0.02637 0.48831
-0.09019 -0.04114 0.48188
-0.07892 -0.00929 0.48097
-0.07653 -0.00589 0.48212
-0.07923 0.00227 0.47728
-0.08614 -0.00376 0.47415
-0.09209 -0.00647 0.47975
-0.10949 -0.01294 0.46064
-0.02768 -0.00350 0.46368
-0.07277 -0.03881 0.46270
-0.06674 -0.02648 0.45128
-0.04080 -0.01900 0.46357
-0.05347 -0.01067 0.44468
-0.05021 0.00184 0.44023
-0.04060 0.00099 0.45588
-0.05501 -0.00915 0.44779
-0.07300 -0.01469 0.46749
-0.04811 -0.00217 0.46627
-0.03134 0.00309 0.47098
-0.01768 -0.00946 0.47717
-0.03223 -0.00968 0.47386
-0.03217 -0.00424 0.48358
-0.07350 -0.01584 0.48102
-0.01218 -0.01165 0.49448
-0.00608 -0.01835 0.50104
-0.01616 -0.01508 0.50940
-0.04223 -0.02884 0.51522
-0.02867 -0.01849 0.52550
-0.02299 -0.01058 0.53817
-0.02519 -0.01101 0.54814
-0.02314 -0.03661 0.55933
-0.03485 -0.02669 0.57001
-0.05685 -0.01327 0.58989
-0.02391 -0.00382 0.60104
-0.00395 -0.00755 0.61886
-0.02105 -0.03201 0.63176
-0.02718 -0.03920 0.64487
-0.01020 -0.02657 0.65659
-0.01706 -0.01440 0.67520
-0.01300 -0.01358 0.69855
-0.01290 -0.00435 0.71422
-0.04126 -0.01274 0.72964
-0.01358 -0.01696 0.74726
-0.01809 -0.00619 0.76169
-0.00475 -0.01010 0.78560
-0.00801 0.00184 0.80184
-0.02389 -0.00594 0.81535
-0.02628 -0.03673 0.82528
-0.03113 -0.04589 0.83369
-0.03250 -0.00856 0.85511
-0.01148 -0.00590 0.86906
-0.00850 -0.00799 0.87752
-0.01753 -0.03343 0.88486
-0.03056 -0.05393 0.89560
-0.01781 -0.05738 0.90422
-0.01838 -0.03806 0.91501
-0.06471 -0.02153 0.92429
0.00030 -0.00346 0.93749
-0.00133 0.00906 0.93979
0.00544 -0.01128 0.94023
0.00026 -0.00250 0.93468
0.00409 -0.02969 0.93082
-0.02273 -0.00252 0.93223
-0.02409 -0.00375 0.93747
-0.03769 -0.02128 0.93299
-0.01099 -0.04021 0.92434
-0.01246 -0.05353 0.91623
-0.00893 -0.02548 0.90934
-0.00034 -0.04238 0.92092
-0.01352 -0.01422 0.91545
-0.02841 -0.01301 0.91567
-0.01389 -0.01944 0.91866
-0.01600 -0.02413 0.89528
-0.01995 -0.01310 0.90380
-0.01610 -0.02964 0.89849
-0.01382 -0.03543 0.88995
-0.02597 -0.01405 0.88642
-0.01163 -0.02857 0.88173
0.02610 -0.00892 0.88217
0.06372 -0.01321 0.87086
0.04086 -0.03743 0.87024
0.06954 -0.04061 0.86333
0.07175 -0.06000 0.86100
0.00956 -0.03703 0.86417
0.01164 -0.03840 0.84871
0.05878 -0.00116 0.84541
0.00005 -0.02502 0.84491
0.01723 -0.03887 0.85480
0.01721 -0.03319 0.85426
0.02766 -0.02728 0.85570
-0.00721 -0.03208 0.86087
-0.02841 -0.01329 0.86721
-0.00335 -0.00542 0.88269
-0.03434 -0.02152 0.88372
-0.04284 -0.03539 0.88806
-0.03350 -0.04759 0.88945
-0.02776 -0.03307 0.90346
-0.01205 0.01107 0.92698
0.03268 -0.02526 0.93324
0.02769 0.00029 0.94772
-0.03293 -0.04154 0.94696
-0.02866 -0.02672 0.95412
-0.03597 -0.05096 0.96065
-0.01769 -0.01764 0.98003
-0.01301 -0.02729 0.99602
-0.04802 0.00062 1.00369
-0.04641 -0.02010 1.01022
-0.01697 -0.00000 1.02692
-0.03583 -0.05041 1.02523
-0.02679 -0.03015 1.03715
-0.02387 -0.02904 1.04034
-0.04156 -0.03447 1.04753
0.01928 -0.03531 1.05446
0.00828 -0.01752 1.05702
0.01513 -0.03046 1.05816
-0.00432 -0.03340 1.05735
-0.03486 -0.01319 1.05935
0.00378 -0.01671 1.05988
-0.02252 -0.01512 1.05593
-0.02332 -0.05246 1.04838
0.00744 -0.05018 1.04567
-0.01014 -0.02947 1.04614
0.02143 -0.01846 1.04363
0.00176 -0.01260 1.04572
0.00090 -0.01219 1.04748
-0.00633 -0.04116 1.02715
0.02192 -0.04132 1.03095
0.02531 -0.04247 1.02821
0.00736 -0.02070 1.02772
-0.00048 -0.02552 1.02395
-0.02259 -0.03524 1.02044
0.03761 -0.02426 1.01564
0.00502 -0.03922 1.01126
0.00574 -0.02648 1.01206
0.00349 -0.02165 1.00280
-0.00135 -0.02367 1.00674
0.01670 -0.04536 0.99855
-0.01214 -0.06018 0.99298
-0.04110 -0.04487 0.98968
-0.01261 -0.05032 0.98951
-0.07016 0.00221 0.98551
-0.03137 -0.01937 0.98428
-0.00599 -0.01661 0.98256
-0.00956 -0.02241 0.97577
-0.01380 -0.03962 0.96985
-0.01061 -0.02652 0.97115
-0.02731 -0.03921 0.96666
-0.03513 -0.03847 0.96064
-0.06255 -0.05257 0.95679
-0.05153 -0.04195 0.95199
-0.06736 -0.05979 0.94734
-0.05904 -0.04510 0.94274
-0.03890 -0.01256 0.93911
-0.01777 -0.02639 0.93248
-0.01481 -0.01333 0.92224
0.00931 -0.02898 0.91541
-0.02040 -0.03832 0.89472
-0.01983 -0.02335 0.88278
0.03972 -0.02215 0.86706
-0.01799 -0.03897 0.85193
0.05317 -0.03454 0.83072
0.06028 -0.01835 0.80929
0.14938 -0.02255 0.77386
0.02158 -0.02498 0.76388
0.00586 -0.02668 0.73837
0.00685 -0.02419 0.71388
0.02198 -0.03486 0.68489
0.01829 -0.02418 0.65852
0.02331 -0.02141 0.63270
0.02573 -0.02192 0.60581
0.00234 -0.01918 0.57881
0.01992 0.00078 0.55628
-0.05075 -0.00251 0.52262
-0.05530 -0.00470 0.49282
-0.02344 -0.02108 0.46253
0.00846 0.00165 0.43638
-0.02371 -0.00173 0.40095
-0.01387 0.00991 0.36975
-0.12724 -0.04646 0.30965
0.01317 -0.00321 0.30765
0.04580 -0.00923 0.26237
-0.02794 -0.00924 0.24339
0.01598 -0.00168 0.22479
-0.03276 -0.01534 0.19854
-0.01942 -0.02112 0.19502
-0.02286 -0.02468 0.18619
-0.01757 -0.00692 0.18443
-0.02090 -0.00265 0.17564
-0.02449 -0.00972 0.16378
-0.02232 -0.01101 0.14893
-0.01154 -0.01029 0.13996
-0.01973 -0.00980 0.13107
-0.02264 0.00136 0.12426
-0.04116 -0.00038 0.11247
-0.00945 -0.00750 0.11229
-0.02236 -0.00461 0.10323
-0.03026 0.00019 0.08906
-0.02648 -0.00033 0.07344
-0.02580 -0.00253 0.05770
-0.02101 -0.00337 0.04404
-0.02003 -0.00031 0.03139
-0.00991 -0.00095 0.02466
-0.00935 -0.00178 0.01436
-0.00436 0.00185 0.00819
-0.00300 0.00141 0.00519
0.00066 -0.00217 -0.00721
0.00004 -0.00191 -0.00078
-0.00136 0.00368 0.00187
0.00294 0.00081 -0.00535
0.00291 0.00292 -0.00089
0.00222 0.00138 -0.00405
0.00469 0.00192 0.00224
0.00219 0.00134 -0.00456
0.00158 0.00130 0.00631
-0.00136 0.00169 0.00411
-0.00156 0.00005 0.00507
-0.00088 0.00088 0.00209
-0.00643 0.00097 0.00617
-0.00266 0.00155 0.00460
0.00239 0.00184 -0.00634
-0.00205 0.00009 0.00394
0.00032 0.00117 0.00597
-0.00150 0.00041 0.00374
-0.00572 0.00064 0.00180
-0.00018 -0.00076 -0.00540
-0.00603 0.00058 0.00458
-0.00206 -0.00144 -0.00805
0.00103 -0.00123 -0.00687
-0.00364 -0.00090 -0.00300
0.00263 -0.00037 -0.00370
0.00385 -0.00062 -0.00382
0.00002 0.00056 -0.00409
0.00046 -0.00009 -0.00288
-0.00110 0.00105 -0.00083
-0.00069 0.00044 -0.00203
0.00111 -0.00003 -0.00134
0.00365 0.00013 0.00224
-0.00229 0.00151 -0.00078
0.00049 0.00029 0.00290
0.00043 0.00044 0.00222
-0.00392 0.00066 0.00350
-0.00064 0.00044 0.00388
-0.00096 0.00021 0.00210
0.00061 0.00002 -0.00038
-0.00055 -0.00000 0.00029
0.00028 0.00012 0.00089
0.00075 -0.00003 -0.00132
-0.00144 0.00082 0.00617
-0.00139 0.00040 0.00455
-0.00144 -0.00035 0.00299
0.00024 -0.00007 -0.00153
0.00315 0.00022 -0.00160
0.00085 -0.00004 -0.00138
0.00087 0.00009 -0.00041
0.00063 0.00029 0.00235
0.03723 0.00212 -0.03618
0.02478 -0.00195 -0.02514
0.02821 0.00012 -0.01433
0.03258 0.00162 -0.01127
0.02755 -0.00239 -0.00865
-0.02850 0.00265 0.02256
-0.02075 0.00117 0.02579
-0.02997 0.00536 0.02274
-0.03269 0.00509 0.01261
-0.02043 0.00239 0.03590
-0.01802 0.00452 0.03855
-0.00656 0.00447 0.04746
0.00375 0.00566 0.05001
0.00750 -0.00376 0.05375
0.00632 -0.00997 0.06019
0.00740 -0.00588 0.07020
0.00393 -0.01206 0.08569
-0.00350 -0.00701 0.10620
-0.00795 0.00407 0.11779
-0.00246 0.00817 0.13638
-0.01412 0.00723 0.15139
-0.02960 0.00410 0.16227
-0.01024 0.01243 0.17987
-0.00904 0.01184 0.18887
0.00276 0.00997 0.19910
-0.04114 0.01220 0.20654
0.01524 0.01705 0.21933
0.00373 0.00734 0.23100
-0.04186 -0.00458 0.24010
-0.03705 -0.00984 0.26237
-0.06193 -0.01878 0.28076
-0.08515 -0.00994 0.30711
-0.07775 -0.01156 0.33188
-0.06291 -0.00942 0.36109
-0.06269 -0.00146 0.39789
-0.04799 0.00379 0.42275
-0.04221 0.00297 0.45390
-0.06029 0.02268 0.48698
-0.09299 0.01530 0.49956
-0.07036 0.01498 0.53852
-0.12196 0.02636 0.53583
-0.06186 0.00569 0.56879
-0.06737 0.00677 0.60539
-0.05571 0.00442 0.61311
-0.06612 0.00120 0.65008
-0.03649 -0.00051 0.65979
-0.02965 -0.01927 0.68613
-0.02228 -0.01133 0.71810
-0.04693 -0.02611 0.73400
-0.02066 -0.02112 0.76529
-0.00388 -0.01774 0.79015
-0.00527 -0.01697 0.81285
-0.01532 -0.03798 0.83208
-0.00462 -0.04148 0.85147
-0.03687 -0.02876 0.87383
-0.03583 -0.00640 0.90031
-0.04329 -0.00788 0.92046
-0.04186 -0.01655 0.94227
-0.02797 0.03257 0.96482
-0.02424 -0.00220 0.98919
-0.01011 -0.01540 1.01477
-0.08107 -0.01351 1.03519
-0.02157 -0.01876 1.05536
-0.06630 -0.03639 1.07441
-0.05077 -0.02955 1.09394
-0.03334 -0.02339 1.11254
-0.04933 -0.00415 1.12504
-0.04333 0.00768 1.14331
-0.04184 -0.01160 1.15944
-0.05154 -0.03752 1.17133
-0.02209 -0.05639 1.18515
0.00373 -0.03229 1.20003
0.00450 -0.02479 1.20606
-0.01420 -0.02229 1.21071
-0.03252 -0.03651 1.20363
-0.00414 -0.02753 1.19876
0.01403 -0.03758 1.19742
-0.05353 -0.05867 1.18967
-0.04019 -0.04875 1.19020
-0.01528 -0.03737 1.19200
-0.00685 -0.02564 1.19271
0.00196 -0.03322 1.19091
0.00283 -0.04893 1.18624
-0.01618 -0.06159 1.17934
0.00372 -0.04416 1.17746
-0.05218 -0.01556 1.17656
-0.01098 -0.00554 1.17710
-0.02986 -0.02534 1.17350
-0.03127 -0.04439 1.16597
-0.05745 -0.04845 1.15906
-0.06043 -0.04931 1.15664
-0.03941 -0.02313 1.15650
-0.01212 -0.03648 1.15574
-0.00680 -0.04676 1.15146
-0.01492 -0.05785 1.14536
-0.02114 -0.04559 1.13976
-0.05735 -0.02416 1.13546
-0.04666 -0.01641 1.13962
-0.04028 -0.03480 1.13276
-0.06200 -0.03706 1.12971
-0.05999 -0.04217 1.12301
-0.09708 -0.04005 1.11599
-0.07312 -0.03518 1.12248
-0.04564 -0.02887 1.11768
-0.03792 -0.02550 1.11517
-0.02577 -0.03486 1.11189
-0.02726 -0.03461 1.11089
-0.08087 -0.04230 1.10287
-0.01616 -0.02541 1.10314
-0.01436 -0.06655 1.09748
-0.00991 -0.04352 1.09766
-0.00351 -0.04574 1.09838
-0.00109 -0.05511 1.10224
-0.01393 -0.04199 1.09952
0.00416 -0.04994 1.10437
0.00297 -0.02569 1.08728
0.01267 -0.02059 1.09842
-0.00260 -0.01295 1.09620
0.01052 -0.02209 1.07988
-0.00896 -0.06098 1.07409
0.00960 -0.06450 1.06580
-0.00693 -0.05177 1.08009
-0.00539 -0.05515 1.07470
-0.00400 -0.03685 1.07941
-0.03329 -0.01420 1.07779
-0.00620 -0.02227 1.07629
-0.02642 -0.03138 1.06669
-0.02778 -0.02270 1.05178
-0.07591 -0.04970 1.04888
-0.03368 -0.04223 1.05099
-0.02592 -0.02301 1.04672
-0.03019 -0.04837 1.04949
-0.02821 -0.03879 1.06220
-0.03761 -0.05683 1.05994
-0.00275 0.01881 1.06788
-0.05282 -0.04376 1.06193
-0.01420 -0.02568 1.06602
-0.01807 -0.06306 1.05496
-0.03451 -0.03481 1.05725
-0.03275 -0.04013 1.05171
-0.03696 -0.04223 1.04983
-0.02481 -0.05290 1.04228
0.01236 -0.04437 1.03724
-0.02084 -0.06484 1.03449
0.00488 -0.04830 1.02726
-0.02224 -0.02790 1.03416
-0.03625 -0.02066 1.03095
-0.02352 -0.02473 1.02566
-0.02882 -0.04813 1.01816
-0.07178 -0.06077 1.00797
0.03304 -0.00480 1.01450
-0.01170 -0.00229 1.01389
-0.01927 -0.01632 1.00685
-0.01638 -0.04971 1.00408
0.01211 -0.02403 0.99708
0.01662 -0.02331 0.99394
0.01734 0.00141 0.97943
0.01491 -0.02174 0.95764
0.01352 -0.02862 0.93973
-0.01325 -0.00320 0.92471
-0.00287 -0.01968 0.90522
-0.04199 -0.02998 0.88288
-0.02049 -0.04154 0.85785
-0.02617 -0.02920 0.84130
-0.03041 -0.00559 0.81749
-0.04232 -0.03624 0.79811
-0.04382 -0.04311 0.78272
-0.07150 -0.05744 0.75566
-0.03159 -0.02699 0.73924
-0.02293 -0.03722 0.71591
-0.02885 -0.02542 0.69703
-0.03646 -0.02389 0.66958
0.00022 -0.00896 0.65320
-0.02421 -0.00571 0.62279
-0.02727 -0.02033 0.60542
0.07065 -0.01674 0.61031
-0.10332 -0.04632 0.54016
-0.03403 -0.01568 0.57923
-0.04691 -0.01199 0.53804
-0.04509 -0.01296 0.53921
-0.03797 -0.01497 0.52869
-0.03481 -0.03445 0.52020
-0.05032 -0.03726 0.50858
-0.02169 -0.02396 0.50767
-0.03642 0.01072 0.50863
-0.07284 0.01407 0.49590
-0.10452 0.00739 0.48454
-0.05381 -0.01558 0.49245
-0.04948 -0.01762 0.48142
-0.03405 -0.02693 0.47813
-0.00078 0.00613 0.48316
-0.08645 -0.00305 0.46642
-0.09225 -0.00572 0.46791
-0.09432 0.01106 0.45973
-0.07076 0.01633 0.46723
-0.08709 -0.00415 0.47570
-0.07648 -0.00671 0.47139
-0.09089 -0.00798 0.48029
-0.08472 -0.01255 0.46893
-0.02772 -0.01406 0.47564
-0.04144 -0.01558 0.48548
-0.04029 -0.01696 0.48483
-0.03829 -0.01271 0.49656
-0.03723 -0.00873 0.49605
-0.04517 -0.01826 0.50603
-0.03043 -0.00912 0.51634
-0.03543 -0.01141 0.52177
-0.01913 -0.01262 0.53053
-0.01165 -0.01309 0.54132
-0.00680 -0.01352 0.55569
0.00830 -0.01461 0.57332
-0.00549 -0.00068 0.58714
-0.01539 -0.00534 0.60483
-0.06507 -0.00875 0.61826
-0.00996 -0.01556 0.63786
-0.01807 -0.02420 0.65381
-0.03399 -0.02255 0.66831
-0.04330 -0.01733 0.68565
-0.03479 -0.01635 0.70609
-0.02617 -0.01559 0.71650
-0.05530 -0.00491 0.73190
-0.01152 -0.00020 0.74851
-0.02972 -0.00403 0.75780
-0.01856 -0.00575 0.76232
-0.02854 -0.00651 0.76485
-0.03438 -0.01430 0.76491
0.00401 -0.03625 0.76216
-0.05598 -0.02319 0.76486
-0.02587 -0.02817 0.76611
0.00740 -0.03396 0.76790
-0.03577 -0.02563 0.76627
-0.05670 -0.01923 0.76666
-0.05353 -0.02416 0.76481
-0.04816 -0.02805 0.76720
-0.00099 -0.02149 0.76620
-0.03600 -0.01734 0.76437
-0.01072 -0.01672 0.76487
-0.04222 -0.02058 0.75957
-0.01194 -0.01855 0.75973
-0.01028 -0.02356 0.75536
0.01438 -0.03025 0.75249
0.01417 -0.04156 0.74965
0.04231 -0.04634 0.74292
0.04095 -0.03217 0.73979
0.00790 -0.03214 0.73119
-0.04997 -0.00914 0.72091
0.01332 -0.02124 0.71281
-0.01308 -0.00534 0.70283
0.02023 -0.04111 0.68787
0.03675 -0.06038 0.67272
0.03573 -0.06075 0.66173
-0.01078 -0.02574 0.65825
0.04232 -0.03420 0.65119
0.02327 -0.02925 0.64826
0.01174 -0.02570 0.64528
-0.01711 -0.03382 0.63721
-0.00482 -0.03565 0.63302
0.00241 -0.03329 0.62800
0.00993 -0.02043 0.62501
-0.00057 -0.01343 0.62002
-0.00286 -0.01866 0.61632
-0.00393 -0.02702 0.61097
-0.01928 -0.02484 0.60966
0.20739 -0.09952 0.56179
-0.02237 -0.01557 0.60495
-0.01495 -0.01474 0.60287
-0.00778 -0.01613 0.59920
-0.01294 -0.02300 0.59760
-0.02089 -0.02677 0.59500
-0.00587 -0.01564 0.59382
-0.02625 -0.02158 0.58699
-0.04181 -0.01634 0.58353
-0.02115 -0.02033 0.57953
-0.03265 -0.01388 0.57263
-0.02570 -0.02001 0.56194
-0.01412 -0.01570 0.55455
0.01338 -0.01977 0.54338
0.00024 -0.01390 0.53178
-0.01694 -0.01811 0.52097
-0.01145 -0.01622 0.50917
0.02520 -0.02824 0.49535
-0.03229 -0.03064 0.48297
-0.00993 -0.02334 0.47515
-0.01710 -0.02160 0.46145
-0.00211 -0.01708 0.45305
-0.00246 -0.01689 0.43820
0.00592 -0.01427 0.42211
0.00817 -0.00778 0.42206
0.00273 -0.00168 0.37113
-0.00411 -0.01215 0.36943
-0.02043 -0.01821 0.34148
0.00738 -0.01595 0.32106
-0.00467 -0.01335 0.30445
-0.01732 -0.00602 0.28654
-0.01909 -0.01609 0.27486
0.00087 -0.02398 0.26824
-0.01040 -0.01233 0.26032
-0.01636 -0.00459 0.25884
-0.01221 -0.00883 0.25780
-0.01451 0.00057 0.25607
0.00778 -0.00294 0.25320
-0.01206 -0.00247 0.25249
-0.00631 -0.00387 0.25118
-0.01310 -0.00753 0.24686
-0.00973 -0.00828 0.24850
-0.02273 -0.01075 0.24595
-0.02816 -0.00778 0.24468
-0.02089 -0.00819 0.24411
-0.02495 -0.00926 0.24209
-0.02707 -0.01094 0.23961
-0.02965 -0.00480 0.24018
-0.02654 -0.01113 0.23551
-0.03440 -0.01249 0.23271
-0.01769 -0.00787 0.23734
-0.02779 -0.00636 0.23374
-0.04957 -0.01566 0.22972
-0.03180 0.00167 0.23079
-0.03452 -0.02047 0.22770
0.00189 -0.01184 0.22996
0.00797 -0.00817 0.22850
-0.00639 -0.00409 0.22757
0.00663 -0.00767 0.23083
0.01060 -0.00632 0.22693
0.01432 -0.01273 0.22480
0.00369 -0.00835 0.22432
0.02067 -0.00406 0.22397
0.03756 -0.00754 0.22070
0.02568 -0.01152 0.22222
0.02905 -0.01556 0.22532
0.01254 -0.01632 0.23485
0.00990 -0.01332 0.24675
0.01821 -0.01139 0.25832
0.03077 -0.00805 0.26885
0.02416 -0.00721 0.28062
0.04331 -0.00848 0.28973
0.03597 0.00024 0.29960
0.02424 -0.00002 0.30829
0.01286 -0.00033 0.31679
0.01126 -0.00348 0.32453
0.02899 -0.00213 0.33313
0.02779 0.00071 0.33972
0.03936 -0.01813 0.34680
0.02487 -0.02245 0.35468
-0.02745 -0.01904 0.36403
0.02308 -0.02379 0.37500
0.01388 0.00267 0.38733
-0.01272 0.00764 0.40116
-0.00650 -0.01696 0.41090
-0.01001 -0.02274 0.40443
-0.00678 -0.02743 0.39985
-0.00721 -0.03704 0.38985
-0.00988 -0.03303 0.38618
-0.00341 -0.03509 0.38030
0.00173 -0.02627 0.37797
-0.01327 -0.00527 0.37530
-0.03268 0.00992 0.37205
-0.05452 0.01300 0.36950
-0.06746 0.00044 0.36405
-0.07253 0.00836 0.35494
-0.04870 0.01067 0.35255
-0.04438 0.00866 0.35041
-0.00637 0.00512 0.35219
-0.01595 -0.00153 0.34946
-0.03082 0.00016 0.34666
-0.01240 -0.00019 0.34360
0.00345 -0.00751 0.33859
0.02909 -0.01128 0.33267
0.03678 -0.01593 0.30753
0.02835 0.00223 0.27422
0.00787 -0.00136 0.23464
0.00968 -0.00922 0.19819
0.01467 -0.01093 0.16041
0.02009 -0.01641 0.12374
0.02894 -0.01331 0.08761
0.01337 -0.00442 0.05550
0.00212 -0.00311 0.02572
-0.00087 0.00041 0.00056
-0.00309 -0.00822 -0.01598
-0.00002 -0.00965 -0.00138
-0.00016 -0.00411 0.00059
0.00163 0.00455 -0.00064
0.00109 0.00399 0.00212
0.00039 -0.00000 0.00148
