0.20750
2.33190
0.13273
0.74040
6.03576
0.06775
1.54153
0.04803
0.12438
0.11616
0.37714
0.26998
0.09611
0.26787
0.05020
0.21897
0.11161
0.06648
1.72158
0.27525
0.12256
1.50592
0.29150
0.45325
0.11770
0.20942
0.10425
0.12016
0.17601
0.04395
0.52172
0.64372
5.01037
0.10824
0.18504
0.22167
0.04789
0.20300
0.09442
0.46535
0.30788
0.36253
0.05877
0.20843
0.59098
6.36384
8.69666
0.60857
0.66802
1.72090
0.10305
3.44839
0.10744
5.17414
0.10892
0.93611
0.57681
6.85302
0.13495
1.86343
0.23671
0.17520
0.16152
0.36772
1.62222
1.10649
0.22093
0.15622
0.05418
0.14226
0.06257
0.05722
0.79509
2.52950
0.16738
0.13006
0.24016
0.26466
2.95387
0.05036
0.23198
0.96124
0.04459
0.58569
0.84123
0.15410
0.10008
1.70478
0.05984
0.16770
0.14604
0.85846
1.02392
0.10083
0.37524
0.08154
0.53824
1.66089
0.08741
0.46502
