-0.00544 -0.00759 0.12696
-0.00170 0.00891 0.14276
0.03029 0.00945 0.16153
0.01111 0.00803 0.17820
0.01676 -0.00355 0.19244
0.02449 -0.00910 0.20656
0.02583 0.00270 0.21849
0.03381 0.00976 0.23151
0.02420 0.00347 0.24746
0.07450 -0.00649 0.25452
0.06553 0.00468 0.26229
0.00995 0.01235 0.27843
0.03497 -0.00635 0.29239
0.06400 -0.00783 0.29894
0.06339 -0.00549 0.31147
0.07503 -0.02623 0.32314
0.01514 -0.00339 0.34630
0.04909 -0.01017 0.36298
0.01845 0.00394 0.38286
0.00448 -0.00118 0.40514
0.04971 0.00418 0.42391
0.04155 -0.00484 0.44702
0.03760 -0.01239 0.47149
0.02674 -0.01888 0.49353
0.01816 -0.01981 0.51650
0.05780 -0.02642 0.53880
0.01685 -0.01532 0.56883
-0.00267 -0.01454 0.59390
-0.02375 -0.01054 0.62193
-0.00396 -0.00239 0.64647
-0.00649 0.00167 0.67135
-0.00305 0.00016 0.69666
0.00850 -0.00298 0.71615
0.01126 -0.00715 0.73857
0.01173 -0.01110 0.75686
0.01788 -0.01520 0.77347
0.00530 -0.00457 0.79182
0.00622 0.00522 0.79947
0.00772 -0.00893 0.80532
0.00649 -0.01283 0.80957
0.00713 -0.02206 0.80984
-0.00130 -0.02550 0.81583
-0.00210 -0.03013 0.81954
0.00894 -0.02979 0.82205
0.03605 -0.01700 0.82696
0.03735 -0.01687 0.82811
0.03982 -0.00870 0.83455
0.02758 -0.02301 0.83644
0.01851 -0.03371 0.83787
0.02692 -0.03067 0.84008
0.02040 -0.03331 0.84061
0.02887 -0.03614 0.84136
0.03867 -0.02964 0.84284
0.03027 -0.01749 0.84069
0.03537 -0.03079 0.84324
0.04567 -0.02841 0.84987
0.05172 -0.04983 0.84153
0.05290 -0.02637 0.83346
0.04995 -0.01307 0.82848
0.04173 -0.00462 0.82505
0.03923 -0.02392 0.83170
0.04866 -0.03311 0.83160
0.03448 -0.01081 0.83359
0.03257 -0.00775 0.83379
0.01799 -0.02454 0.82858
0.00778 -0.02495 0.82211
0.00118 -0.02942 0.81156
0.00496 -0.02928 0.80365
-0.00397 -0.02856 0.80008
-0.01697 -0.01794 0.80311
0.00003 -0.01503 0.80441
0.00519 -0.03160 0.80964
-0.01721 -0.02084 0.82237
-0.01616 -0.03249 0.83801
-0.02199 -0.01016 0.85780
-0.02432 -0.02202 0.87568
-0.02638 -0.01116 0.89143
-0.01609 -0.01966 0.90824
-0.02333 -0.01619 0.92444
-0.02042 -0.01044 0.94240
-0.01218 -0.01050 0.96108
-0.01195 -0.00916 0.97655
-0.00497 -0.01614 0.99032
-0.01054 -0.01255 1.00113
-0.00199 -0.02254 1.01708
0.00032 -0.00997 1.02892
-0.00171 -0.01720 1.03464
-0.00671 -0.01053 1.04117
-0.00827 -0.01240 1.03866
-0.01227 -0.02364 1.03660
-0.02693 -0.01022 1.03441
-0.02628 -0.01005 1.03404
-0.02506 -0.01807 1.03140
-0.02020 -0.02895 1.02646
-0.01325 -0.02861 1.02508
-0.02177 -0.03465 1.02264
-0.00975 -0.03372 1.01480
-0.00965 -0.03358 1.01096
0.00287 -0.02858 1.00568
0.00207 -0.00719 1.00750
0.00361 -0.01831 1.00279
-0.00459 -0.01139 0.99564
-0.00225 -0.03485 0.98770
-0.00597 -0.01873 0.98220
-0.00418 -0.04249 0.98066
0.00456 -0.02954 0.97593
-0.00688 -0.01469 0.97406
-0.00661 -0.00171 0.97891
-0.01201 -0.03168 0.97546
-0.01867 -0.04177 0.96788
-0.00868 -0.00958 0.95280
-0.00610 -0.04396 0.94761
-0.01733 -0.01603 0.95103
-0.02423 -0.03576 0.95107
-0.02095 -0.00774 0.95050
-0.01206 0.00113 0.94922
-0.02057 -0.00529 0.94910
-0.02968 -0.02944 0.94031
-0.03260 -0.01096 0.94006
-0.03110 -0.02243 0.93714
-0.02972 -0.03663 0.93297
-0.04448 -0.02155 0.92936
-0.02670 -0.01570 0.93116
-0.02435 -0.03189 0.93357
-0.02484 -0.01721 0.92782
-0.03640 -0.01871 0.92984
-0.03278 -0.01135 0.92892
-0.01592 -0.02541 0.92239
-0.01668 -0.01426 0.92666
-0.02864 -0.03382 0.91938
-0.01428 -0.04543 0.91529
-0.02254 -0.01809 0.90784
-0.03491 -0.02779 0.90958
-0.03208 -0.01915 0.91622
-0.03524 -0.01911 0.91579
-0.03521 -0.03482 0.90695
-0.03314 -0.03675 0.90046
-0.07650 -0.02121 0.89888
-0.06680 -0.03066 0.90235
-0.03105 -0.02159 0.90555
-0.04599 -0.02673 0.90133
-0.04772 -0.00488 0.90529
-0.05350 -0.01724 0.90757
-0.03207 -0.01951 0.90232
-0.05091 -0.03304 0.89769
-0.05962 -0.02377 0.89446
-0.04355 -0.04784 0.89037
-0.01916 -0.02022 0.89453
-0.02168 -0.00323 0.89799
-0.02978 -0.00926 0.90132
-0.02371 -0.01509 0.90238
-0.03801 -0.03342 0.89229
-0.04670 -0.02507 0.89360
-0.05227 -0.02134 0.89365
-0.03448 -0.01758 0.89845
-0.01326 -0.00707 0.89744
-0.00379 -0.02368 0.89610
-0.00046 -0.02171 0.89558
0.00790 -0.00875 0.89559
0.00536 -0.00647 0.89653
-0.01090 -0.01679 0.89611
-0.02059 -0.02148 0.89498
-0.02179 -0.02201 0.89204
-0.01689 -0.01484 0.89847
-0.02997 -0.01081 0.89569
-0.02893 -0.01938 0.89211
-0.03134 -0.03212 0.89096
-0.02782 -0.02748 0.88681
-0.03833 -0.03063 0.88911
-0.01524 -0.01781 0.88939
-0.00225 0.00825 0.88863
-0.01789 -0.01828 0.89330
-0.01970 -0.02236 0.88387
-0.01520 -0.02536 0.87336
-0.01236 -0.02871 0.87121
-0.02237 -0.02612 0.87261
-0.01215 -0.01764 0.87288
-0.03886 -0.02250 0.86853
-0.01019 -0.02739 0.86193
-0.02221 -0.02308 0.85780
-0.03898 -0.03308 0.85111
-0.02785 -0.02196 0.84924
-0.03555 -0.02232 0.84436
-0.03359 -0.02602 0.83588
-0.02807 -0.00594 0.84147
-0.00949 -0.00788 0.83294
-0.00781 -0.02651 0.83722
-0.02337 -0.01684 0.82339
0.00039 -0.03088 0.81481
-0.02625 -0.02810 0.80994
-0.05478 -0.01763 0.80644
-0.03029 -0.01658 0.81009
-0.02155 -0.01600 0.80487
-0.02006 -0.02160 0.79577
-0.02865 -0.02050 0.79329
-0.02403 -0.01818 0.79266
-0.01704 -0.01897 0.78154
-0.02269 -0.03913 0.77347
-0.03356 -0.00653 0.76380
-0.00884 -0.00990 0.76137
-0.00796 -0.00842 0.76831
-0.01725 -0.00508 0.77128
-0.03454 -0.02330 0.76199
-0.04130 -0.03336 0.74804
-0.02198 -0.01048 0.74429
-0.02243 -0.00772 0.74910
-0.01476 0.01018 0.75935
-0.00299 -0.01621 0.75726
-0.00202 -0.00218 0.75624
0.00671 -0.00664 0.74976
0.00907 -0.00721 0.74700
-0.01047 -0.01728 0.75352
0.00149 -0.00125 0.74867
0.01037 0.00014 0.74811
-0.00716 -0.01320 0.74654
0.00371 -0.00378 0.73577
-0.00766 -0.01754 0.73240
-0.02162 -0.02064 0.72780
-0.01352 -0.01550 0.72190
-0.01745 -0.00929 0.71596
-0.02803 0.00056 0.72046
-0.04022 -0.00645 0.71733
-0.03174 -0.01145 0.70963
-0.03457 -0.00475 0.70050
-0.02750 -0.00857 0.69683
-0.02123 0.00293 0.69297
-0.02056 -0.00575 0.68754
-0.00943 0.00733 0.68597
-0.01017 0.00826 0.68092
-0.02463 -0.00307 0.67457
-0.03172 -0.00810 0.66709
-0.02216 -0.00883 0.65655
-0.00654 -0.01115 0.65561
-0.00462 -0.00796 0.63884
-0.01328 0.00011 0.64142
-0.01175 -0.00342 0.63575
0.00488 0.00314 0.63625
0.00656 -0.01502 0.63064
-0.02246 -0.03065 0.62065
-0.04667 -0.02797 0.61198
-0.02708 -0.01342 0.60660
-0.01613 -0.01224 0.61000
-0.02321 0.01349 0.61496
-0.04251 0.00909 0.62720
-0.02761 -0.01398 0.63069
-0.01903 -0.02645 0.63117
-0.02240 -0.00866 0.62174
-0.01866 -0.01827 0.61885
-0.01609 -0.00618 0.62016
-0.01751 0.00934 0.62436
-0.01875 0.00234 0.62787
-0.02273 -0.00757 0.63916
-0.03020 -0.01040 0.64186
-0.02641 -0.00149 0.64565
-0.01727 0.00008 0.64804
-0.02693 -0.01080 0.64595
-0.02497 -0.03212 0.64562
-0.02002 -0.02711 0.64795
-0.02037 -0.02106 0.65511
-0.00937 -0.01373 0.66686
-0.00886 0.00236 0.67630
-0.01596 -0.00909 0.67400
-0.01239 -0.00970 0.67419
-0.03444 -0.00786 0.68634
-0.02223 -0.00906 0.68911
-0.03188 -0.00783 0.70414
-0.02566 -0.01505 0.71405
0.00735 -0.01099 0.70946
-0.00778 -0.02216 0.71940
-0.00246 -0.02072 0.73050
-0.00472 0.00077 0.74578
0.00528 -0.01088 0.74764
0.00257 -0.00891 0.75098
-0.00227 -0.00840 0.75089
0.00087 -0.01158 0.75303
0.00085 -0.00972 0.75171
-0.00134 -0.02171 0.74711
0.00028 -0.03790 0.74676
0.00592 -0.01523 0.74406
-0.00675 -0.00966 0.74535
-0.00230 -0.00160 0.75022
-0.00865 -0.00974 0.74780
0.01336 -0.00936 0.74776
0.00953 -0.01026 0.74793
0.01935 -0.00857 0.74347
0.01032 -0.01875 0.74490
0.01004 -0.03331 0.73760
0.01257 -0.02507 0.74265
-0.00665 -0.00115 0.74341
0.01172 -0.00626 0.74781
0.01935 -0.01234 0.74715
0.00525 -0.00715 0.74227
-0.00903 -0.00539 0.74415
-0.00511 -0.01204 0.74372
-0.00039 -0.00668 0.75237
-0.01445 -0.01843 0.74870
-0.01246 -0.01647 0.75460
-0.01235 -0.01060 0.75932
-0.02578 -0.01039 0.76062
-0.00845 -0.01198 0.76314
-0.01708 -0.00972 0.76627
-0.01737 -0.00727 0.77467
-0.01969 -0.00865 0.77589
-0.03466 -0.01410 0.78318
-0.03020 -0.00442 0.78164
-0.01347 -0.01527 0.78618
-0.01908 -0.03464 0.78684
-0.01025 -0.00783 0.78901
-0.01739 -0.01509 0.79158
-0.01805 -0.01150 0.79685
-0.02818 -0.03361 0.79314
-0.02065 -0.02375 0.79964
-0.02892 -0.01918 0.80087
-0.04510 -0.01686 0.79827
-0.03278 -0.02168 0.79345
-0.01947 -0.02221 0.78851
-0.03243 -0.02055 0.78970
-0.02368 -0.01507 0.79496
-0.03402 -0.01679 0.79014
-0.02566 -0.03776 0.77867
-0.02207 -0.03323 0.77894
-0.02851 -0.02241 0.78371
-0.02803 0.00177 0.79410
-0.02207 -0.01487 0.80000
-0.00925 -0.01109 0.80366
-0.02660 -0.02589 0.80371
-0.02581 -0.02853 0.79980
-0.02937 -0.03323 0.78901
-0.04058 -0.02252 0.78971
-0.03450 -0.02819 0.79149
-0.02540 -0.02917 0.79231
-0.04102 -0.01937 0.79065
-0.02430 -0.00140 0.79786
-0.03390 -0.00040 0.80448
-0.01545 0.00867 0.80666
-0.02617 -0.00200 0.81049
-0.02211 -0.00282 0.81176
-0.01265 -0.00654 0.81740
-0.02142 -0.02162 0.81158
-0.03341 -0.04090 0.79706
-0.03064 -0.02169 0.79728
-0.01877 -0.00045 0.79578
-0.01085 0.00091 0.81140
-0.07481 -0.00996 0.81318
-0.02825 -0.01717 0.81117
-0.02484 -0.01524 0.81081
-0.01874 -0.00468 0.81750
-0.01686 -0.00826 0.82117
-0.02362 -0.02040 0.81667
-0.01808 -0.02382 0.81593
-0.02155 -0.03902 0.81291
-0.02050 -0.01902 0.81317
-0.02427 -0.00747 0.81637
-0.02207 -0.01570 0.81735
-0.04623 -0.00676 0.81825
-0.03335 -0.02570 0.81623
-0.02159 -0.02311 0.81423
-0.02897 -0.03519 0.81291
-0.03760 -0.02485 0.80989
-0.01831 -0.02376 0.81638
-0.00601 -0.02332 0.81777
-0.01993 -0.02070 0.81905
-0.01220 -0.01933 0.81454
-0.02043 -0.00454 0.82158
-0.01245 -0.00121 0.82518
-0.01282 -0.02152 0.82318
-0.02211 -0.01812 0.82079
-0.04026 -0.03146 0.81460
-0.02243 -0.02595 0.81493
-0.01444 -0.02044 0.81972
-0.00583 -0.03135 0.81783
-0.00623 -0.03333 0.81417
-0.00828 -0.02881 0.81143
-0.00569 -0.01148 0.81240
0.00345 -0.01055 0.82009
-0.00766 -0.02060 0.81602
0.01764 -0.00399 0.81607
0.02287 -0.02317 0.81180
0.00860 -0.01659 0.81124
-0.00011 -0.03776 0.81800
-0.00097 -0.00979 0.81830
-0.00471 -0.00536 0.82470
0.00009 -0.00071 0.82654
0.00621 -0.01971 0.82892
-0.01356 -0.04336 0.82229
-0.00809 -0.03107 0.81939
-0.00678 -0.01371 0.81557
-0.01656 -0.02506 0.82325
-0.01155 0.00316 0.83331
-0.01248 -0.01010 0.84280
-0.00656 -0.00177 0.84142
-0.00801 -0.01405 0.84899
-0.01440 -0.00950 0.85448
-0.02341 -0.02647 0.85739
-0.01740 -0.01334 0.86070
-0.03090 -0.02172 0.86425
-0.04248 -0.00891 0.86828
-0.04004 -0.03928 0.86267
-0.02690 -0.02279 0.87021
-0.03754 -0.03708 0.86902
-0.04346 -0.02581 0.87730
-0.03078 -0.01413 0.88605
-0.04654 0.00163 0.89100
-0.04873 -0.00741 0.90035
-0.06268 -0.01833 0.90701
-0.05752 -0.01281 0.90461
-0.04928 -0.04284 0.90026
-0.04867 -0.03930 0.89393
-0.04439 -0.02709 0.88837
-0.02563 -0.02771 0.89190
-0.02521 -0.01888 0.89535
-0.04711 -0.00768 0.90441
-0.02922 0.00122 0.91815
-0.02111 -0.01999 0.92422
-0.01966 -0.00942 0.92573
-0.02148 -0.02468 0.92491
-0.04236 -0.03168 0.98324
-0.05089 -0.01634 1.00696
-0.04441 -0.00655 1.00928
-0.03427 -0.03536 0.98545
-0.02708 -0.04367 0.97932
-0.02613 -0.01488 0.98131
-0.03110 -0.02533 0.97879
-0.04967 0.00172 0.98448
-0.04842 -0.02133 0.98324
-0.04096 -0.03263 0.98064
-0.04052 -0.03079 0.96268
-0.04542 -0.05371 0.97349
-0.01172 -0.01435 0.96869
-0.02497 -0.03024 0.97292
-0.02966 -0.02704 0.96410
-0.01732 -0.02178 0.96875
-0.03050 -0.00881 0.96234
-0.02783 -0.00465 0.96165
-0.02986 -0.02384 0.96009
-0.02274 -0.03025 0.95045
-0.03132 -0.00974 0.95699
-0.02178 -0.02750 0.95078
-0.02306 -0.01069 0.95151
-0.03201 -0.03821 0.94393
-0.02082 0.00167 0.94786
-0.01714 -0.01151 0.95057
-0.03713 -0.01055 0.94909
-0.02790 -0.01605 0.94755
-0.01810 0.00768 0.94838
-0.02022 -0.04833 0.93975
-0.01234 -0.01780 0.94071
-0.00687 -0.04212 0.93325
-0.01147 -0.00938 0.93988
-0.00312 -0.01349 0.94554
-0.00514 -0.00134 0.95031
-0.00216 -0.01968 0.95422
-0.00214 -0.01917 0.95150
0.01067 -0.04316 0.94998
0.01242 -0.03389 0.95175
0.00857 -0.02757 0.95795
0.01096 -0.01412 0.96309
0.00419 -0.02581 0.96526
0.00462 0.00344 0.96948
0.01291 -0.00284 0.97849
-0.00074 -0.01624 0.98006
0.01317 -0.03240 0.96997
-0.01175 -0.01170 0.96923
0.02766 -0.03479 0.97265
0.01420 -0.01555 0.98169
0.01064 -0.01103 0.98842
0.01064 -0.01424 0.98933
0.00879 -0.01540 0.99315
0.00800 -0.00921 0.99533
-0.00794 -0.01595 1.00018
-0.00206 -0.02068 0.99888
0.00482 -0.01902 1.00338
0.01297 -0.02695 1.00530
0.01511 -0.02336 1.00921
-0.00135 -0.01938 1.00841
0.02926 -0.00861 1.01643
0.00321 -0.02408 1.01317
-0.00119 -0.01298 1.01384
0.00297 -0.01092 1.01530
-0.01349 -0.02676 1.00930
-0.00257 -0.03164 1.00933
-0.00105 -0.01850 1.01125
-0.00895 -0.00595 1.01700
-0.00171 -0.01181 1.01938
0.00257 -0.01962 1.02029
-0.01144 -0.03882 1.01143
-0.00751 -0.02653 1.00597
-0.01382 -0.02787 1.00650
-0.00206 -0.02373 1.00856
-0.00853 -0.01182 1.01794
-0.00770 -0.00881 1.01611
-0.00644 -0.01104 1.01635
-0.00559 -0.00981 1.01737
-0.00309 -0.02647 1.01143
-0.00422 -0.03952 1.01303
-0.01245 -0.02832 1.00876
-0.01166 -0.01785 1.01559
-0.00929 -0.00780 1.01681
-0.01204 -0.02674 1.01208
-0.01227 -0.03569 1.01331
-0.01447 -0.02582 1.01132
-0.00432 -0.01549 1.01392
-0.00538 -0.02051 1.01412
-0.00827 -0.01608 1.01188
-0.00076 -0.01992 1.00954
-0.00621 -0.00884 1.00696
-0.00445 -0.01188 1.00196
-0.00864 -0.01764 0.99942
-0.00475 -0.00625 0.99561
-0.00879 -0.02416 0.99172
-0.00479 -0.01339 0.98244
-0.01952 -0.02992 0.97187
-0.01509 -0.01620 0.96159
-0.02212 -0.02102 0.94984
-0.00393 -0.01088 0.93731
-0.00698 -0.00791 0.92478
-0.01399 -0.01942 0.91242
-0.01514 -0.01391 0.89432
-0.00125 -0.01597 0.87789
-0.00288 -0.01413 0.85879
-0.00833 -0.02848 0.84096
-0.00566 -0.03108 0.82319
-0.00507 -0.03350 0.80583
-0.00726 -0.02864 0.79395
-0.00334 -0.02168 0.78352
0.00002 -0.02207 0.77112
0.00439 -0.02622 0.75870
0.01134 -0.01717 0.74582
0.01732 -0.01097 0.73691
0.01575 -0.01926 0.72338
0.01500 -0.03502 0.70746
0.00664 -0.03338 0.70030
0.00701 -0.02266 0.69933
0.01255 -0.02542 0.70192
0.01558 -0.00003 0.71430
0.00589 -0.00080 0.71984
0.00226 -0.01041 0.72480
0.01049 -0.00868 0.73047
-0.00226 -0.01638 0.72833
0.00314 -0.01862 0.73256
-0.02037 -0.02491 0.73172
0.02570 -0.01722 0.73696
0.02546 -0.01018 0.74677
0.02383 0.00368 0.75577
0.02498 -0.00457 0.77593
0.01625 -0.02263 0.78711
-0.00261 -0.04378 0.78780
0.00243 -0.03417 0.78674
0.02486 -0.00930 0.78975
0.01356 -0.01273 0.79333
0.02155 -0.00718 0.80510
0.01977 -0.01358 0.80563
0.00453 -0.01801 0.80867
0.01238 -0.02440 0.79913
0.02340 -0.03026 0.79114
0.02003 -0.02652 0.78861
0.00881 -0.02485 0.78455
0.01216 -0.02226 0.77659
0.00576 -0.02354 0.77059
0.00355 -0.02332 0.75956
0.00934 -0.02244 0.75474
0.01656 -0.01374 0.74343
0.02382 -0.04503 0.72778
0.00796 -0.03600 0.71946
0.01069 -0.03493 0.71369
0.00243 -0.01809 0.70851
0.01398 -0.03668 0.71730
0.03962 -0.02924 0.70166
0.02101 -0.03124 0.71032
0.02116 -0.03069 0.71412
0.03177 -0.03063 0.70704
0.01462 -0.02198 0.73053
0.01320 -0.00691 0.72823
0.00364 -0.00218 0.74896
-0.00098 0.00370 0.75577
0.01458 -0.02620 0.75308
0.00853 -0.01385 0.76089
-0.00310 -0.02566 0.76336
0.00198 -0.01211 0.76806
0.00537 -0.01064 0.77415
-0.00702 -0.02692 0.76753
-0.03956 -0.03848 0.75583
-0.01634 -0.02873 0.75303
0.00681 0.01786 0.75566
-0.00547 -0.00424 0.77921
-0.03120 -0.03010 0.79253
-0.02687 -0.03478 0.78690
-0.03364 -0.04108 0.76451
-0.03338 -0.02776 0.74072
-0.03527 0.00929 0.75164
-0.02769 0.00870 0.76503
-0.07285 -0.03091 0.76588
-0.02946 -0.02825 0.75294
-0.02260 -0.03774 0.73047
-0.01675 -0.02827 0.71578
-0.01643 -0.03748 0.71253
-0.02000 -0.02183 0.70969
-0.01642 -0.03195 0.69895
0.00519 -0.03853 0.68550
0.00005 -0.04346 0.67542
-0.00393 -0.03830 0.66556
-0.00616 -0.03546 0.66149
-0.01958 -0.02611 0.65310
-0.01577 -0.02920 0.64884
-0.00290 -0.02005 0.63374
-0.01124 -0.01332 0.62761
-0.00541 -0.02167 0.59871
-0.00128 -0.02149 0.57471
-0.00597 -0.01140 0.55822
0.00419 -0.01127 0.53351
-0.01437 -0.00399 0.51765
-0.00148 -0.01817 0.49123
-0.00406 -0.04198 0.45407
0.01111 -0.03105 0.42930
0.02007 -0.01313 0.40516
0.00686 -0.01090 0.37816
-0.00966 -0.00564 0.36717
-0.00341 -0.01942 0.35120
0.00508 -0.00159 0.33689
0.02133 -0.01932 0.32083
0.02445 -0.00948 0.30366
0.01137 -0.00140 0.28645
-0.00299 -0.00835 0.26528
-0.00327 -0.00845 0.24710
0.00748 0.00700 0.22541
0.01018 -0.00907 0.20144
0.02245 -0.03402 0.17256
0.00364 -0.00330 0.15949
-0.00325 -0.01719 0.15037
-0.01148 -0.01240 0.14959
-0.00628 0.00735 0.15241
-0.03118 0.01385 0.15359
-0.00690 0.01348 0.15239
-0.01996 -0.01376 0.14584
-0.03378 -0.02049 0.14154
-0.02421 -0.01153 0.14472
-0.02839 -0.00521 0.14710
-0.04697 -0.00716 0.15550
-0.00587 -0.00549 0.17721
-0.04566 0.00145 0.19046
-0.05797 0.00987 0.20674
-0.06040 0.00753 0.21799
-0.04979 0.00492 0.22919
-0.03723 0.00516 0.24508
-0.01790 -0.00617 0.25109
-0.01066 0.01215 0.26393
-0.01897 -0.00203 0.27043
-0.00481 0.00049 0.27212
-0.06880 -0.00714 0.28184
-0.04260 -0.01370 0.29829
-0.04187 -0.01786 0.29848
-0.13784 -0.01210 0.29644
-0.12599 -0.00542 0.31447
-0.05732 -0.00447 0.33182
-0.05332 -0.01102 0.36227
-0.06929 -0.01153 0.35601
-0.04308 -0.00116 0.39166
-0.04489 -0.00709 0.40658
-0.04363 -0.00715 0.40738
-0.03559 -0.00668 0.43959
-0.06305 -0.00631 0.45497
-0.03262 -0.00581 0.46787
-0.02172 -0.00691 0.49610
-0.01747 -0.01156 0.50622
-0.01309 -0.00718 0.53283
-0.02528 -0.00687 0.55137
-0.02108 -0.00674 0.55738
-0.02239 -0.02475 0.57440
-0.05505 0.00341 0.59186
-0.03290 -0.00462 0.60265
-0.03855 -0.00284 0.62651
-0.03440 -0.00835 0.63792
-0.02919 -0.00104 0.66997
-0.01227 0.00352 0.68704
-0.03107 0.00252 0.70345
-0.02985 -0.00393 0.71732
-0.02746 -0.01096 0.73087
-0.02888 -0.00679 0.74539
-0.02484 -0.00961 0.76090
-0.02684 -0.01808 0.77424
-0.01890 -0.01486 0.79016
-0.01908 -0.02275 0.80382
-0.02687 -0.02650 0.81947
-0.02196 -0.02179 0.83216
-0.02474 -0.02466 0.84457
-0.02128 -0.02169 0.85434
-0.01888 -0.01829 0.86201
-0.02060 -0.02450 0.87824
-0.02227 -0.03174 0.88423
-0.01187 -0.02978 0.89788
-0.01574 -0.02784 0.90924
-0.01266 -0.00390 0.92496
-0.01202 -0.00183 0.93874
-0.01524 -0.01219 0.94812
-0.01862 -0.02636 0.95817
-0.01512 -0.01878 0.96743
-0.00629 -0.02359 0.98154
-0.02296 -0.01587 0.99211
-0.00810 -0.02762 1.00529
-0.01340 -0.01894 1.01518
-0.01764 -0.01849 1.02491
-0.01023 -0.02555 1.03928
0.00217 -0.01385 1.04892
-0.01435 -0.01704 1.05212
-0.01288 -0.01983 1.04742
0.00395 -0.02916 1.05762
-0.01454 -0.03593 1.06216
-0.05018 -0.05138 1.07316
0.01088 -0.03094 1.07532
-0.01097 -0.02598 1.08107
0.01056 -0.01931 1.08125
-0.01109 -0.01767 1.08005
-0.02978 -0.00614 1.09332
-0.01997 -0.02922 1.09149
-0.02441 -0.03570 1.08633
-0.03326 -0.03726 1.09213
-0.00225 -0.01576 1.09196
0.00019 -0.00612 1.11076
0.00741 -0.00576 1.11108
-0.00197 -0.02173 1.09162
-0.01089 -0.01658 1.10725
0.04664 -0.02465 1.08911
-0.00663 -0.02568 1.10820
0.01327 -0.02809 1.10912
0.00775 -0.02870 1.08605
0.02720 -0.04682 1.11172
0.04066 -0.03119 1.09114
0.02976 -0.04180 1.11200
0.02716 -0.03094 1.11494
0.01903 -0.02016 1.11022
0.00119 -0.03862 1.12912
-0.00375 -0.05682 1.12550
0.00697 -0.01942 1.11969
-0.00841 -0.01190 1.13593
0.00162 -0.01647 1.13284
0.01045 -0.03669 1.14087
0.00074 -0.02654 1.14158
-0.00609 -0.01779 1.14622
0.00026 -0.02084 1.14664
-0.00678 -0.03616 1.15110
-0.00087 -0.03602 1.15719
0.00319 -0.02601 1.16929
0.00307 -0.02222 1.18047
0.00036 -0.00579 1.19349
-0.00297 0.00820 1.20010
-0.00970 -0.04045 1.20460
-0.00769 -0.03079 1.20619
-0.01564 -0.04190 1.22036
-0.01771 -0.01953 1.22838
-0.01911 -0.03564 1.24004
-0.00531 -0.02112 1.24715
-0.01170 -0.03753 1.25041
0.00032 0.00333 1.26225
-0.01506 -0.04213 1.27221
0.00247 -0.00791 1.27350
-0.02983 -0.03732 1.28464
0.00131 -0.00914 1.29222
0.00097 -0.03012 1.30089
-0.00021 -0.00408 1.30846
-0.00484 -0.02007 1.33537
-0.01171 -0.02285 1.34319
-0.01268 -0.02089 1.35081
-0.00393 -0.01520 1.35324
-0.00750 -0.01838 1.36366
-0.01610 -0.02532 1.36940
-0.00063 -0.03023 1.37620
-0.00415 -0.02475 1.38174
-0.00105 -0.01535 1.39008
0.00685 -0.03315 1.39581
0.01023 -0.02430 1.40429
-0.00750 -0.03795 1.41170
0.00195 -0.02617 1.41590
-0.01117 -0.03374 1.42888
-0.00051 -0.03226 1.43105
-0.00574 -0.02662 1.44406
-0.03032 -0.02571 1.44828
-0.02163 -0.03602 1.45692
0.00128 -0.02277 1.46213
-0.00896 -0.00742 1.47505
-0.00526 -0.02067 1.47616
-0.01325 -0.02143 1.48579
-0.00409 -0.00443 1.49172
-0.01677 -0.02718 1.50625
-0.01294 -0.02675 1.50129
-0.03465 -0.03145 1.49724
-0.05957 -0.05326 1.50133
-0.02359 -0.02245 1.50466
-0.02859 -0.03113 1.51090
-0.01606 -0.03006 1.51652
-0.03804 -0.04516 1.51486
-0.02411 -0.02855 1.51755
-0.04150 -0.02547 1.51887
-0.02100 -0.02470 1.51787
-0.01460 -0.02858 1.52526
-0.03909 -0.03013 1.51886
-0.03926 -0.03961 1.51741
-0.04182 -0.03990 1.51519
-0.02326 -0.02924 1.51764
-0.02077 -0.03410 1.51545
-0.01531 -0.02945 1.51145
-0.03398 -0.03255 1.50592
-0.01042 -0.01462 1.50840
-0.00899 -0.01627 1.50818
-0.01878 -0.03206 1.50609
-0.01884 -0.04335 1.50178
-0.00745 -0.03123 1.49827
-0.02369 -0.03849 1.50583
-0.01980 -0.02314 1.50459
-0.02785 -0.02592 1.50253
-0.02386 -0.03185 1.50263
-0.01878 -0.02976 1.50294
-0.01700 -0.02748 1.50058
-0.01097 -0.01924 1.50342
-0.00775 -0.03210 1.49719
-0.02796 -0.02618 1.49698
-0.02346 -0.01893 1.49465
-0.05635 -0.01836 1.49513
-0.03100 -0.04877 1.48495
-0.02170 -0.04927 1.47442
-0.01459 -0.02484 1.47380
-0.02796 -0.02704 1.46321
-0.01745 -0.01237 1.45431
-0.01926 -0.02511 1.44250
-0.02706 -0.02321 1.43676
-0.00980 -0.04645 1.42788
-0.01281 -0.04772 1.41719
-0.01450 -0.02955 1.41046
-0.01778 -0.02968 1.39605
-0.01815 -0.03545 1.37981
-0.01506 -0.02587 1.35488
-0.01144 -0.02322 1.33557
-0.01015 -0.02434 1.30845
-0.02070 -0.04952 1.27993
-0.01983 -0.05165 1.24591
-0.02200 -0.02742 1.22480
-0.02107 -0.03477 1.20229
-0.02319 -0.01560 1.16492
-0.02837 -0.03235 1.13114
-0.02385 -0.02650 1.09702
-0.02773 -0.01494 1.06328
-0.02076 -0.01761 1.02344
-0.02650 -0.02526 0.98873
-0.01762 -0.04121 0.94100
-0.01740 -0.03430 0.90054
-0.02054 -0.04108 0.86141
-0.01123 -0.02253 0.81627
-0.00335 -0.02784 0.77687
-0.00789 -0.02190 0.73800
0.00101 -0.02815 0.69387
0.00920 -0.03017 0.66774
0.01412 -0.02562 0.64389
0.00309 -0.02991 0.59193
-0.00041 -0.02670 0.62583
0.01535 -0.00964 0.55819
0.01784 -0.02755 0.61427
0.00138 -0.01026 0.61654
0.00418 -0.01286 0.52572
0.03471 -0.03229 0.59413
0.03200 -0.02305 0.49056
0.04049 -0.02410 0.57048
0.04089 -0.03083 0.47709
0.06287 -0.00314 0.53500
0.04499 -0.01365 0.53599
0.06041 0.00071 0.47547
0.04264 -0.00057 0.52649
0.03376 -0.01137 0.49209
0.04365 -0.01990 0.52462
0.06829 -0.03017 0.52175
0.11618 -0.00741 0.50387
0.10131 -0.00688 0.51875
0.11854 0.00604 0.53020
0.06713 -0.00750 0.54239
0.05475 -0.00408 0.55115
0.09086 -0.01247 0.58219
0.06528 -0.01362 0.55486
0.06996 -0.01742 0.61296
0.05228 -0.01976 0.56702
0.04921 -0.01436 0.58624
0.01982 -0.02896 0.66547
0.04273 -0.00834 0.61576
0.03164 -0.03072 0.63664
0.05496 -0.02688 0.69896
0.06307 -0.01510 0.66467
-0.00060 -0.01794 0.68788
-0.00757 -0.01226 0.73072
0.06083 0.01912 0.72131
-0.00112 -0.00553 0.74226
-0.00604 -0.02400 0.75784
-0.00927 0.00936 0.75621
0.00799 -0.00102 0.79002
0.00217 -0.01492 0.78860
0.01005 -0.01497 0.78939
0.01691 0.01637 0.81123
-0.00097 -0.00620 0.80833
-0.00304 -0.00395 0.81478
0.01135 -0.01191 0.83114
0.02187 -0.00173 0.81487
0.02350 0.00130 0.83745
0.02079 0.00259 0.82255
0.01731 -0.00854 0.84045
0.01386 -0.00088 0.85427
0.00419 -0.00592 0.84676
-0.00185 -0.00124 0.85502
-0.00231 -0.00589 0.87635
-0.00601 -0.00139 0.88453
-0.00740 -0.00901 0.89180
-0.03018 -0.03078 0.89592
-0.04325 -0.02968 0.89475
-0.05319 -0.02421 0.90939
-0.03830 -0.02350 0.91380
-0.03895 -0.01785 0.93247
-0.03754 -0.01549 0.94102
-0.04578 -0.03149 0.94686
-0.04099 -0.03148 0.95123
-0.02754 -0.04162 0.95803
-0.00055 -0.01049 0.97730
-0.01325 -0.01173 0.98685
-0.02288 -0.00899 0.99917
-0.01731 -0.00053 1.01101
-0.03232 -0.01477 1.01664
-0.04406 -0.01875 1.01687
-0.03486 -0.02756 1.01287
-0.03352 -0.01768 1.01373
-0.03989 -0.02396 1.01176
-0.03261 -0.02656 1.01525
-0.03273 -0.02597 1.01101
-0.02178 -0.02548 1.00298
-0.01597 -0.01032 1.00471
-0.02182 -0.01630 0.99858
-0.03271 -0.03970 0.98498
-0.02093 -0.03192 0.97925
-0.01222 -0.00305 0.96798
-0.01418 -0.03316 0.97022
-0.02106 -0.02096 0.96453
-0.01887 -0.02957 0.95617
-0.01862 -0.02426 0.94865
-0.03050 -0.02025 0.93531
-0.01119 -0.02180 0.92692
-0.01591 -0.03118 0.91506
-0.02282 -0.00465 0.91264
-0.03279 -0.01525 0.89666
-0.01077 -0.03213 0.88506
-0.02133 -0.02769 0.86593
-0.02595 -0.01649 0.84933
-0.02763 -0.02219 0.83475
-0.02526 -0.02085 0.81292
-0.01830 -0.02611 0.78879
-0.03390 -0.01157 0.76654
-0.02504 -0.00820 0.74318
-0.01756 0.00183 0.71849
-0.02535 -0.01953 0.69292
-0.02980 -0.01603 0.66239
-0.01678 -0.01122 0.63439
-0.02144 -0.01822 0.60337
-0.01750 -0.03109 0.57107
-0.01436 -0.01723 0.53258
-0.01405 -0.01755 0.50091
-0.00873 -0.01749 0.46946
-0.02391 -0.02804 0.43454
-0.01436 -0.00779 0.40987
-0.01150 -0.00636 0.37372
-0.00617 -0.01842 0.34573
-0.00586 -0.01307 0.31582
-0.01424 -0.01293 0.28762
-0.00173 -0.00978 0.26324
-0.00246 -0.00528 0.24516
-0.00747 -0.00939 0.22313
-0.01258 -0.01270 0.21618
-0.01836 -0.01852 0.20943
-0.00330 -0.00753 0.20718
-0.00297 -0.00601 0.20753
-0.00741 -0.00554 0.20855
-0.00585 -0.00472 0.20345
-0.01158 -0.01223 0.20157
-0.01153 -0.01032 0.20311
-0.01168 -0.00719 0.20153
-0.00667 -0.00571 0.20592
-0.00402 -0.00147 0.19739
-0.00588 -0.00347 0.19409
-0.00229 -0.00352 0.18467
-0.00855 -0.00847 0.18186
-0.00671 -0.00677 0.18206
0.00805 0.00179 0.17722
0.00296 0.00280 0.17212
-0.00123 -0.00258 0.16430
-0.00129 -0.00423 0.15452
-0.01201 -0.01123 0.14621
-0.00246 -0.00383 0.14382
0.00112 0.00025 0.14108
0.00454 -0.00148 0.14205
0.00188 -0.00040 0.13945
0.00087 0.00720 0.14688
-0.01309 -0.00305 0.14399
-0.00928 -0.01133 0.13425
-0.00293 -0.01077 0.12927
-0.00134 -0.00870 0.12967
-0.00138 -0.00373 0.13095
-0.01174 -0.00868 0.13366
-0.01043 -0.01031 0.13940
-0.00986 -0.00913 0.14972
-0.01107 -0.01392 0.15823
-0.01294 -0.01377 0.17666
-0.02259 -0.01503 0.20220
-0.02502 -0.00855 0.23079
-0.02850 -0.01149 0.25895
-0.02711 0.00299 0.28923
-0.02022 -0.00015 0.31908
-0.03275 -0.00276 0.34499
-0.02593 -0.00715 0.37610
-0.02771 -0.00319 0.39487
-0.01828 0.00409 0.42830
-0.01466 0.00839 0.44905
-0.01408 -0.00056 0.47303
-0.01404 -0.01179 0.48870
-0.02638 -0.00257 0.51434
-0.01322 0.00874 0.54293
-0.00718 -0.00368 0.56439
-0.02159 0.01195 0.57685
-0.02584 0.00199 0.59867
-0.01770 -0.00024 0.62196
0.00301 -0.00148 0.63178
-0.01459 -0.00719 0.65617
-0.01888 0.00165 0.67300
-0.01160 -0.00453 0.69232
-0.01198 -0.00842 0.71123
-0.00731 -0.00468 0.72930
-0.02300 -0.02638 0.73995
-0.01419 -0.01376 0.75985
-0.01555 -0.02231 0.77517
0.00475 0.01233 0.80034
-0.02570 -0.00915 0.81942
-0.02748 -0.00666 0.83115
-0.03865 -0.01658 0.84725
-0.02897 0.00103 0.85766
-0.02755 -0.00584 0.88559
-0.02762 -0.01701 0.89417
-0.03468 -0.00866 0.90496
-0.02550 -0.00625 0.91549
-0.02480 -0.00613 0.92239
-0.03490 -0.01468 0.92065
-0.03223 -0.02034 0.91953
-0.01598 -0.02559 0.91794
-0.02705 -0.02469 0.91394
-0.01182 -0.02319 0.91896
-0.00717 -0.01680 0.91771
-0.00957 -0.04126 0.91757
-0.00682 -0.01695 0.91914
0.00626 -0.02291 0.92737
0.00244 -0.03463 0.93319
0.00067 -0.01925 0.93409
-0.00284 -0.03145 0.93423
-0.00194 -0.01102 0.93988
0.00717 -0.02502 0.94143
-0.00278 -0.01903 0.94668
0.00548 -0.02784 0.94945
-0.00019 -0.03259 0.94690
0.00097 -0.02183 0.95161
-0.00187 -0.01883 0.95714
-0.01014 -0.02044 0.95728
-0.01589 -0.01425 0.96605
-0.01495 -0.02315 0.96664
-0.01183 -0.03100 0.96828
-0.01660 -0.02236 0.97164
-0.02466 -0.01450 0.97814
-0.01659 -0.02545 0.98078
-0.02198 -0.01886 0.97567
-0.02210 -0.04919 0.97403
-0.01645 0.00196 0.97213
-0.03035 -0.03053 0.97590
-0.01740 0.00225 0.97224
-0.01993 -0.03078 0.97268
-0.01806 -0.01260 0.96477
-0.01352 -0.03301 0.96365
-0.00989 -0.01976 0.95933
-0.03455 -0.03914 0.95352
-0.01792 -0.03025 0.94686
-0.02880 -0.04544 0.94123
-0.02724 -0.01789 0.94182
-0.02206 -0.00469 0.94086
-0.01509 -0.02641 0.93867
-0.01084 -0.03516 0.92893
-0.00944 -0.04222 0.91588
-0.00522 -0.03132 0.91796
-0.00301 -0.02581 0.91406
-0.00398 -0.02035 0.91042
-0.00688 -0.02952 0.90070
-0.01088 -0.02468 0.88774
-0.00682 -0.02147 0.88209
-0.01230 -0.02874 0.86619
-0.01457 -0.04565 0.85392
-0.01307 -0.02085 0.82631
-0.01708 -0.03307 0.80604
-0.00956 -0.02345 0.79098
-0.00299 -0.00945 0.77428
-0.00226 -0.01747 0.75299
-0.00674 -0.02388 0.71646
-0.01061 -0.03194 0.68736
-0.00148 -0.03337 0.65423
-0.00918 -0.02066 0.62611
-0.01644 -0.00760 0.60576
-0.01132 -0.01076 0.58135
-0.01080 -0.01501 0.55788
-0.00616 -0.04391 0.53416
-0.01542 -0.02802 0.51661
-0.00959 -0.02228 0.50710
-0.00830 -0.00318 0.49708
-0.00959 -0.00068 0.48709
-0.00981 -0.00988 0.47797
-0.02047 -0.02899 0.46272
-0.00555 -0.00818 0.45257
-0.00482 -0.01206 0.44341
-0.01093 -0.01071 0.43419
-0.00762 -0.01216 0.42445
-0.01119 -0.01286 0.41564
-0.01415 -0.01462 0.40167
-0.01535 -0.00945 0.38689
-0.01373 -0.00616 0.37393
-0.00966 -0.01536 0.35896
-0.00861 -0.01605 0.34901
-0.01407 -0.01858 0.33378
-0.00985 -0.01225 0.32321
-0.01090 -0.00597 0.31257
-0.01500 -0.00594 0.30523
-0.02005 -0.00236 0.29327
-0.01829 -0.01191 0.27829
-0.02438 -0.00954 0.26330
-0.01851 -0.00938 0.24954
-0.01759 -0.00830 0.23025
-0.00924 -0.00510 0.21872
-0.01010 -0.00550 0.20569
-0.00745 -0.00963 0.19607
-0.00568 -0.01385 0.18021
-0.00661 -0.01168 0.17018
-0.00602 -0.00823 0.15886
-0.00350 -0.00846 0.14927
-0.00245 -0.00709 0.14187
-0.00811 -0.00609 0.13113
-0.00246 -0.00259 0.12460
-0.00991 0.00139 0.11612
-0.00718 -0.00617 0.10567
-0.00862 -0.00443 0.09981
-0.01676 -0.00261 0.09365
-0.00570 -0.00364 0.09103
-0.00355 -0.00159 0.08514
-0.00282 -0.00219 0.07685
-0.00501 -0.00496 0.07196
-0.01157 -0.00334 0.06808
-0.00424 -0.00177 0.06224
-0.00431 0.00032 0.05857
-0.00092 -0.00062 0.05571
-0.00332 -0.00240 0.05218
-0.00664 -0.00049 0.04719
-0.00148 -0.00093 0.04375
-0.00441 -0.00213 0.03817
-0.00121 -0.00202 0.03590
-0.00656 -0.00146 0.03012
-0.00124 -0.00224 0.02645
-0.00013 -0.00086 0.02095
-0.00691 -0.00123 0.01567
-0.00020 -0.00023 0.01447
-0.00010 -0.00086 0.01247
-0.00003 -0.00055 0.01239
0.00005 -0.00086 0.01212
-0.00021 -0.00063 0.02193
0.00015 -0.00090 0.02144
-0.00082 -0.00039 0.03228
-0.01183 -0.00008 0.03048
-0.00170 0.00072 0.03483
-0.00131 0.00037 0.03314
-0.00006 0.00036 0.03430
-0.00233 -0.00019 0.03903
-0.00129 0.00073 0.04326
-0.00506 0.00125 0.04763
-0.00038 0.00089 0.05124
-0.00236 -0.00019 0.05804
-0.00116 -0.00169 0.06106
-0.00226 -0.00193 0.06900
-0.00904 0.00100 0.07128
-0.00141 0.00084 0.07765
-0.00207 -0.00169 0.08204
-0.00381 -0.00136 0.08786
-0.00175 0.00090 0.09143
-0.00365 -0.00130 0.09541
0.00013 0.00060 0.10201
-0.00263 0.00010 0.10363
-0.00203 -0.00055 0.10576
-0.00356 -0.00587 0.10727
-0.00280 -0.00464 0.11345
-0.00311 -0.00241 0.11504
-0.00368 -0.00024 0.11683
0.00081 -0.00230 0.11726
0.00767 -0.00592 0.11602
-0.00355 -0.00025 0.11183
-0.00415 -0.00360 0.10608
-0.00153 -0.00316 0.10178
-0.00469 0.00057 0.09709
-0.00400 0.00022 0.09259
-0.00298 0.00152 0.08558
