0.06626 22.92715 13.16523
0.03334 11.36949 6.51775
0.02048 6.85108 3.92615
0.02999 9.79341 5.61346
0.02949 9.34039 5.35360
0.01163 3.59441 2.05956
0.00370 1.09545 0.62765
0.01437 4.04104 2.31550
0.00677 1.88031 1.07736
0.01595 4.27157 2.44762
0.04412 11.43840 6.55730
0.03739 9.47445 5.43049
0.02811 6.98019 4.00017
0.04273 10.23537 5.86700
0.01255 2.92708 1.67715
0.04217 9.52454 5.45922
0.06377 14.07091 8.06870
0.02366 5.04721 2.89215
0.04169 8.64607 4.95538
0.04985 9.91766 5.68473
0.02775 5.49652 3.14967
0.02413 4.59244 2.63150
0.09716 18.12641 10.39994
0.08608 15.65090 8.97648
0.04532 8.08502 4.63364
0.04039 7.09955 4.06860
0.03020 5.19827 2.97872
0.10178 17.26146 9.90241
0.06778 11.16891 6.40264
0.10734 17.42427 9.99604
0.07078 11.22918 6.43723
0.05652 8.79433 5.04040
0.09918 15.10986 8.66557
0.07280 10.87923 6.23642
0.07527 11.01428 6.31391
0.06679 9.37174 5.37158
0.04504 6.52540 3.73944
0.06148 8.53767 4.89321
0.03827 5.19402 2.97629
0.03067 4.10182 2.35033
0.00206 0.26996 0.15468
0.00519 0.67298 0.38559
0.03753 4.76072 2.72795
0.06023 7.58287 4.34571
0.02704 3.28859 1.88431
0.05262 6.51194 3.73173
0.03333 4.02246 2.30485
0.04868 5.84950 3.35199
0.03883 4.60385 2.63805
0.02899 3.40670 1.95199
0.04564 5.28110 3.02620
0.05450 6.25488 3.58436
0.01508 1.69730 0.97249
0.01093 1.21602 0.69673
0.08112 8.92864 5.11744
0.09609 10.46251 5.99731
0.05962 6.41960 3.67879
0.03987 4.23225 2.42508
0.04077 4.26952 2.44644
0.04482 4.62370 2.64942
0.05034 5.16554 2.95997
0.03199 3.17560 1.81956
0.07665 7.48052 4.28702
0.07572 7.34766 4.21085
0.06025 5.77489 3.30923
0.09093 8.62186 4.94149
0.00550 0.51640 0.29588
0.08261 7.72295 4.42602
0.07461 6.96327 3.99046
0.09779 9.14768 5.24307
0.10791 10.10567 5.79259
0.09651 9.06193 5.19388
0.07650 7.10744 4.07312
0.02641 2.45392 1.40603
0.05158 4.77938 2.73865
0.06941 6.45752 3.70053
0.09859 9.24772 5.30044
0.03672 3.45895 1.98193
0.09406 8.88366 5.09164
0.12579 11.78261 6.75485
0.07877 7.35346 4.21417
0.10570 9.81745 5.62725
0.04210 3.91324 2.24226
0.09295 8.63978 4.95177
0.06788 6.29164 3.60544
0.07656 7.13163 4.08699
0.05090 4.68974 2.68727
0.06402 5.96353 3.41736
0.04348 4.01779 2.30218
0.06878 6.33963 3.63295
0.08238 7.55230 4.32818
0.12821 11.73505 6.72755
0.15028 13.71949 7.86686
0.11135 10.00883 5.73703
0.05719 5.15750 2.95536
0.04974 4.53980 2.60134
0.04633 4.15980 2.38356
0.07231 6.47787 3.71220
0.04131 3.66862 2.10208
0.01660 1.46907 0.84172
0.02592 2.27208 1.30184
0.04277 3.75229 2.15003
0.00539 0.47160 0.27021
0.03526 3.07548 1.76219
0.03496 3.03597 1.73955
0.00915 0.78974 0.45249
0.10864 9.32972 5.34748
0.08405 7.18766 4.11911
0.06133 5.24032 3.00282
0.08638 7.37970 4.22922
0.16534 13.95852 8.00415
0.05735 4.81785 2.76069
0.10547 8.85324 5.07419
0.13561 11.35730 6.51076
0.01285 1.06717 0.61145
0.10092 8.39744 4.81280
0.05529 4.57329 2.62053
0.07735 6.35492 3.64172
0.06299 5.15201 2.95221
0.04461 3.64218 2.08693
0.08408 6.85490 3.92833
0.11799 9.59137 5.49756
0.06410 5.18988 2.97392
0.07496 6.05682 3.47083
0.13062 10.50230 6.02015
0.09224 7.40590 4.24424
0.10894 8.72864 5.00273
0.13943 11.10423 6.36553
0.10682 8.54277 4.89614
0.09508 7.51002 4.30393
0.09278 7.31515 4.19221
0.10000 7.86209 4.50580
0.09007 7.07573 4.05494
0.12986 10.21597 5.85587
0.08744 6.85832 3.93030
0.07426 5.82817 3.33977
0.04973 3.89265 2.23046
0.10049 7.93380 4.54693
0.09326 7.32835 4.19978
0.07186 5.47680 3.13837
0.08908 7.31182 4.19030
0.09637 7.68007 4.40144
0.04721 3.77699 2.16418
0.04542 3.64096 2.08623
0.06770 5.47583 3.13781
0.04133 3.40463 1.95080
0.03887 3.23115 1.85139
0.01707 1.42360 0.81567
0.02771 2.33168 1.33599
0.02688 2.28413 1.30874
0.02246 1.93097 1.10638
0.02557 2.21827 1.27100
0.04043 3.54707 2.03243
0.01713 1.51085 0.86566
0.02156 1.91270 1.09591
0.04561 4.05122 2.32134
0.04047 3.60954 2.06823
0.05795 5.19233 2.97532
0.01120 1.00639 0.57662
0.01736 1.56509 0.89674
0.03330 3.02421 1.73281
0.01410 1.28492 0.73621
0.05427 4.96294 2.84385
0.07168 6.53436 3.74458
0.08207 7.48413 4.28909
0.06337 5.79947 3.32332
0.06654 6.12281 3.50866
0.06302 5.81995 3.33505
0.09665 9.07533 5.20157
0.10675 10.10116 5.79000
0.03362 3.20092 1.83407
0.06369 6.10905 3.50077
0.04387 4.23683 2.42771
0.01589 1.55624 0.89167
0.06451 6.36180 3.64566
0.04454 4.43762 2.54278
0.07956 7.99847 4.58401
0.03007 3.04231 1.74318
0.01770 1.80643 1.03502
0.05052 5.20375 2.98187
0.05987 6.22608 3.56786
0.04182 4.38801 2.51435
0.11788 12.48849 7.16003
0.17349 18.86660 10.82586
0.12800 14.00995 8.03369
0.11402 12.80704 7.34292
0.06245 7.04692 4.03843
0.15735 17.96692 10.30818
0.09605 10.96426 6.28521
0.05654 6.50521 3.72787
0.05501 6.52840 3.74116
0.12065 14.24929 8.17116
0.02741 3.25539 1.86529
0.16425 19.43760 11.15453
0.22316 26.60697 15.29000
0.24128 28.69788 16.49963
0.27642 32.86897 18.91835
0.05370 6.40724 3.67171
0.09743 11.65765 6.68313
0.04086 4.87329 2.79247
0.01294 1.51720 0.86930
0.05250 6.35482 3.64166
0.06320 7.47975 4.28658
0.02173 2.56279 1.46841
0.12373 14.44660 8.28450
0.11950 13.95148 8.00011
0.11412 13.09001 7.50539
0.12204 13.81853 7.92375
0.11055 12.31531 7.06062
0.21015 23.38150 13.42732
0.15495 17.00470 9.75475
0.13505 14.57680 8.35930
0.10677 11.37381 6.52023
0.25801 27.15537 15.60709
0.33540 34.87443 20.08424
0.27818 28.61068 16.44914
0.31466 31.98583 18.40557
0.27842 27.97777 16.08283
0.42534 41.49042 23.94616
0.35979 35.97669 20.72594
0.45178 43.70694 25.24597
0.51076 48.86141 28.28177
0.54426 51.33617 29.74641
0.52025 49.00390 28.36597
0.46346 42.97732 24.81775
0.37598 34.39941 19.80790
0.27953 25.43680 14.61379
0.29505 26.40175 15.17137
0.30391 26.88729 15.45207
0.20166 17.71714 10.16450
0.22917 19.88135 11.41002
0.49263 42.33934 24.44360
0.34842 29.51349 16.97197
0.50434 42.06769 24.28437
0.70057 58.18913 33.82916
0.43157 35.11346 20.22335
0.56560 46.22597 26.72720
0.49080 39.56508 22.81965
0.56752 45.52789 26.31627
0.53309 42.50381 24.54003
0.75162 59.00570 34.31850
0.67658 52.69118 30.55044
0.41707 32.38438 18.63693
0.80010 61.60550 35.88080
0.57976 44.15532 25.50930
0.42960 32.45587 18.67844
0.41981 31.35520 18.03963
0.28928 21.52014 12.35405
0.46747 34.18599 19.68379
0.33358 24.20826 13.90440
0.51350 37.25667 21.47193
0.38619 27.83556 16.00055
0.46146 32.95872 18.97049
0.56737 40.29173 23.24454
0.53478 37.61187 21.67911
0.77821 54.60588 31.68923
0.53553 37.21411 21.44711
0.71907 49.62213 28.73148
0.72716 50.28276 29.12238
0.58224 39.57890 22.82772
0.54814 37.33808 21.51941
0.63870 42.93389 24.79227
0.59535 40.03885 23.09664
0.96782 64.96703 37.91117
0.97080 64.55251 37.66015
1.26256 84.09258 49.72763
0.62880 41.72386 24.08290
0.62752 41.60135 24.01113
0.48631 32.10483 18.47464
0.39545 26.02507 14.95367
0.34305 22.44685 12.88825
0.88041 57.64793 33.50519
0.64500 42.23209 24.38073
0.67954 44.40573 25.65643
0.79758 51.82589 30.03682
0.74785 48.64185 28.15206
0.67286 43.54722 25.15220
0.63467 41.18903 23.76967
0.69865 45.35966 26.21730
0.67900 44.46274 25.68993
0.60969 40.25292 23.22184
0.69379 46.28606 26.76259
0.65875 44.46026 25.68847
0.87404 58.90067 34.25552
0.75807 51.65861 29.93761
0.58651 40.28663 23.24156
0.47864 33.22960 19.12786
0.27177 19.07021 10.94305
0.29968 21.16097 12.14708
0.29720 21.28765 12.22008
0.33334 24.00172 13.78520
0.37702 27.47681 15.79300
0.28561 21.02086 12.06635
0.10356 7.67791 4.40020
0.10580 7.94302 4.55221
0.20058 15.35597 8.80699
0.33279 25.66658 14.74654
0.36829 28.55815 16.41873
0.14696 11.48682 6.58509
0.33774 26.70340 15.34575
0.27463 21.87535 12.55878
0.10256 8.22348 4.71304
0.14016 11.31687 6.48756
0.12122 9.88627 5.66673
0.11556 9.52006 5.45666
0.15318 12.73115 7.29935
0.08320 6.96517 3.99156
0.10726 9.02269 5.17138
0.11517 9.65238 5.53256
0.08239 7.23028 4.14355
0.05988 5.24872 3.00764
0.07003 6.22352 3.56639
0.07904 7.07866 4.05662
0.05188 4.71434 2.70137
0.03504 3.23658 1.85451
0.06099 5.64963 3.23743
0.12193 11.28132 6.46715
0.15724 14.62169 8.38509
0.14110 13.34939 7.65433
0.13719 13.13769 7.53277
0.09276 8.95953 5.13515
0.17900 17.42954 9.99907
0.09972 9.72962 5.57686
0.09915 9.76041 5.59453
0.03221 3.18517 1.82504
0.09150 9.11249 5.22288
0.09508 9.42958 5.40476
0.08386 8.33815 4.77880
0.05407 5.46585 3.13209
0.10426 10.52983 6.03594
0.18402 18.56942 10.65484
0.15677 15.83775 9.08387
0.10742 10.87690 6.23508
0.14642 14.87477 8.53049
0.08651 8.86468 5.08075
0.07727 7.94025 4.55063
0.08577 8.81981 5.05502
0.11542 11.87695 6.80900
0.06265 6.47208 3.70888
0.09379 9.68670 5.55224
0.03183 3.29292 1.88679
0.13244 13.69115 7.85059
0.08668 9.00321 5.16020
0.12924 13.47711 7.72767
0.06362 6.64613 3.80865
0.07087 7.43147 4.25890
0.05996 6.31053 3.61627
0.15646 16.55779 9.49779
0.05964 6.32722 3.62583
0.05744 6.08068 3.48451
0.08977 9.46273 5.42377
0.06663 7.00055 4.01184
0.08757 9.14064 5.23902
0.21570 22.36249 12.83961
0.38328 39.51827 22.79229
0.07455 7.65321 4.38604
0.20642 21.09182 12.10723
0.38558 39.25849 22.64047
0.09842 9.96790 5.71355
0.21432 21.70844 12.46257
0.09539 9.64343 5.52742
0.11880 11.99948 6.87933
0.10682 10.76287 6.16965
0.10945 10.97184 6.28956
0.05382 5.37801 3.08174
0.10511 10.70164 6.13452
0.03375 3.41078 1.95433
0.10220 10.31533 5.91287
0.03649 3.67702 2.10690
0.04228 4.27887 2.45180
0.04634 4.67406 2.67828
0.05723 5.78184 3.31321
0.05140 5.21282 2.98706
0.09425 9.52305 5.45837
0.09422 9.54565 5.47133
0.02856 2.88722 1.65431
0.10634 10.76916 6.17326
0.05336 5.41279 3.10168
0.04966 5.06048 2.89975
0.07792 7.94566 4.55373
0.04991 5.11170 2.92911
0.07309 7.51993 4.30962
0.11709 12.09275 6.93287
0.11680 12.15934 6.97109
0.08520 8.84178 5.06762
0.04838 5.01055 2.87113
0.06059 6.42253 3.68047
0.07379 7.77576 4.45630
0.07190 7.61576 4.36456
0.04401 4.63787 2.65754
0.05315 5.66516 3.24633
0.07202 7.67174 4.39666
0.13699 14.68166 8.41954
0.06496 6.93751 3.97570
0.05555 5.92230 3.39372
0.04630 4.91921 2.81878
0.03951 4.20118 2.40728
0.05828 6.16965 3.53551
0.05021 5.27412 3.02220
0.00797 0.83107 0.47617
0.02500 2.61874 1.50047
0.01199 1.25539 0.71929
0.02405 2.52252 1.44534
0.06617 6.92006 3.96570
0.17780 18.45947 10.59157
0.03679 3.82557 2.19202
0.03742 3.88069 2.22361
0.08187 8.48598 4.86357
0.06636 6.83699 3.91807
0.11440 11.76966 6.74741
0.02781 2.88509 1.65309
0.05669 5.81914 3.33459
0.04895 4.99872 2.86435
0.01164 1.18062 0.67645
0.09840 9.96790 5.71355
0.04621 4.68622 2.68525
0.05527 5.60411 3.21134
0.07832 7.95769 4.56063
0.03080 3.12415 1.79008
0.08866 9.01120 5.16478
0.06584 6.72051 3.85129
0.11928 12.17728 6.98139
0.06070 6.20301 3.55463
0.04742 4.81426 2.75864
0.08020 8.20529 4.70261
0.09915 10.14502 5.81517
0.06319 6.50203 3.72605
0.03311 3.35658 1.92327
0.07377 7.67194 4.39677
0.13016 13.28878 7.61952
0.04157 4.26220 2.44224
0.04541 4.66831 2.67499
0.02575 2.60929 1.49506
0.15588 16.06488 9.21442
0.06114 6.11121 3.50201
0.03803 3.91109 2.24103
0.01724 1.73371 0.99336
0.10202 10.23118 5.86459
0.01269 1.26118 0.72261
0.03339 3.30465 1.89351
0.04429 4.34682 2.49074
0.05882 5.78723 3.31630
0.05651 5.50412 3.15403
0.01987 1.92458 1.10272
0.02430 2.35403 1.34879
0.04689 4.50636 2.58217
0.07054 6.76264 3.87544
0.05791 5.51624 3.16097
0.05454 5.17625 2.96611
0.05394 5.09305 2.91842
0.03180 3.00250 1.72037
0.03896 3.65107 2.09202
0.11077 10.35572 5.93604
0.06546 6.09352 3.49187
0.07229 6.69814 3.83847
0.05695 5.25625 3.01196
0.09463 8.66599 4.96680
0.05247 4.80530 2.75350
0.09264 8.43664 4.83527
0.08478 7.69746 4.41141
0.05983 5.41074 3.10050
0.14418 13.03375 7.47308
0.16488 14.88897 8.53865
0.00732 0.65730 0.37660
0.03408 3.03849 1.74100
0.05359 4.74781 2.72055
0.07127 6.32397 3.62397
0.04912 4.34006 2.48686
0.02048 1.80604 1.03480
0.05546 4.87821 2.79528
0.03806 3.33880 1.91308
0.08097 7.07726 4.05582
0.11134 9.72307 5.57310
0.15203 13.31977 7.63732
0.09218 8.07187 4.62610
0.06018 5.27414 3.02221
0.04905 4.28589 2.45582
0.03147 2.76435 1.58390
0.06030 5.30679 3.04092
0.04717 4.15842 2.38277
0.05316 4.69415 2.68980
0.06688 5.94028 3.40403
0.07878 7.00555 4.01471
0.05303 4.71443 2.70142
0.06038 5.39765 3.09300
0.04985 4.46304 2.55735
0.03885 3.48656 1.99775
0.06532 5.87073 3.36417
0.02373 2.13572 1.22370
0.04077 3.67446 2.10543
0.04070 3.66909 2.10235
0.05091 4.59413 2.63247
0.11009 9.94958 5.70304
0.10728 9.72020 5.57146
0.08371 7.60717 4.35964
0.12126 10.98436 6.29675
0.08677 7.88692 4.52004
0.09507 8.62928 4.94575
0.19153 17.37216 9.96607
0.15043 13.69558 7.85313
0.03744 3.43527 1.96836
0.06042 5.55652 3.18406
0.06858 6.33602 3.63088
0.04774 4.41335 2.52887
0.06566 6.13303 3.51452
0.03320 3.12876 1.79272
0.04394 4.20115 2.40726
0.02365 2.29136 1.31288
0.03609 3.55990 2.03978
0.03722 3.70635 2.12370
0.07730 7.84442 4.49568
0.01936 2.00013 1.14601
0.04602 4.81789 2.76071
0.09851 10.38093 5.95051
0.07788 8.20292 4.70125
0.08318 8.78566 5.03543
0.07789 8.28276 4.74703
0.06241 6.63447 3.80197
0.14268 15.22947 8.73430
0.06535 7.01208 4.01845
0.07617 8.18454 4.69070
0.14439 15.70846 9.00956
0.28592 30.87247 17.75963
0.04583 4.97150 2.84875
0.04041 4.44857 2.54905
0.01877 2.03900 1.16828
0.03758 4.06614 2.32989
0.02800 3.07368 1.76116
0.06004 6.48866 3.71838
0.06729 7.39828 4.23987
0.05130 5.54198 3.17573
0.06934 7.47479 4.28374
0.04993 5.43874 3.11656
0.03035 3.25273 1.86376
0.03629 3.84785 2.20479
0.05750 6.06996 3.47837
0.10809 11.38361 6.52586
0.06277 6.60569 3.78547
0.02501 2.59757 1.48834
0.03415 3.50571 2.00873
0.05299 5.37801 3.08174
0.03588 3.61862 2.07343
0.03945 3.95354 2.26536
0.08911 8.83532 5.06392
0.07428 7.28454 4.17466
0.06336 6.13790 3.51731
0.06281 5.98372 3.42893
0.10819 10.19881 5.84602
0.03996 3.72821 2.13623
0.06592 6.09773 3.49428
0.01415 1.29805 0.74373
0.11427 10.42302 5.97466
0.11320 10.26860 5.88606
0.12192 10.96973 6.28835
0.06639 5.95176 3.41061
0.02818 2.50974 1.43801
0.05007 4.45388 2.55210
0.15374 13.70852 7.86057
0.08638 7.68957 4.40688
0.07781 6.93728 3.97557
0.08358 7.45832 4.27429
0.06372 5.67334 3.25102
0.03669 3.26366 1.87002
0.02831 2.52738 1.44812
0.02108 1.88814 1.08184
0.05165 4.64840 2.66358
0.06826 6.17341 3.53766
0.05935 5.36366 3.07352
0.04583 4.16088 2.38418
0.05991 5.46127 3.12947
0.05994 5.46513 3.13168
0.06063 5.54926 3.17990
0.03078 2.81397 1.61234
0.03357 3.05782 1.75207
0.03465 3.14631 1.80278
0.05639 5.11874 2.93314
0.19792 17.94269 10.29425
0.16355 14.78815 8.48073
0.11287 10.18409 5.83758
0.14271 12.84186 7.36291
0.12106 10.92265 6.26134
0.11576 10.44610 5.98790
0.06304 5.65235 3.23899
0.05298 4.74523 2.71907
0.05259 4.70295 2.69484
0.06006 5.36931 3.07676
0.09015 8.03122 4.60278
0.01695 1.50700 0.86346
0.10421 9.28532 5.32201
0.07376 6.58091 3.77127
0.18449 16.49003 9.45883
0.10026 8.99973 5.15821
0.05618 5.04522 2.89100
0.05100 4.57602 2.62210
0.13303 11.98681 6.87205
0.06212 5.60721 3.21311
0.06061 5.46492 3.13156
0.03745 3.38858 1.94161
0.06010 5.46797 3.13331
0.05000 4.57701 2.62267
0.02922 2.68603 1.53903
0.04621 4.23201 2.42495
0.04709 4.34871 2.49182
0.04353 4.03353 2.31120
0.04874 4.55053 2.60748
0.02210 2.07933 1.19139
0.04675 4.38568 2.51301
0.04797 4.54438 2.60396
0.05591 5.33345 3.05621
0.04863 4.65299 2.66621
0.05629 5.40336 3.09628
0.01696 1.63609 0.93742
0.04517 4.39766 2.51987
0.07100 6.96057 3.98892
0.06140 6.07038 3.47860
0.06103 6.02732 3.45393
0.03682 3.65605 2.09488
0.02408 2.41076 1.38130
0.04495 4.53039 2.59594
0.03185 3.22240 1.84638
0.05221 5.29143 3.03212
0.04622 4.70668 2.69698
0.08003 8.20529 4.70261
0.04716 4.85384 2.78132
0.04715 4.89063 2.80240
0.07291 7.55433 4.32934
0.04998 5.20798 2.98429
0.02946 3.06642 1.75700
0.10623 11.13751 6.38462
0.03270 3.46964 1.98806
0.03669 3.88182 2.22426
0.12047 12.83219 7.35736
0.06053 6.48317 3.71523
0.09487 10.24724 5.87381
0.03189 3.48362 1.99607
0.03383 3.72245 2.13293
0.05225 5.82108 3.33571
0.03454 3.89745 2.23322
0.03988 4.54501 2.60432
0.06525 7.59029 4.34996
0.06115 7.22533 4.14071
0.03866 4.65120 2.66518
0.05181 6.32305 3.62344
0.04632 5.70566 3.26955
0.03307 4.10140 2.35009
0.04797 5.98475 3.42952
0.03198 4.00614 2.29550
0.04073 5.11657 2.93190
0.04151 5.22832 2.99595
0.02977 3.73943 2.14266
0.02483 3.12703 1.79173
0.02604 3.28583 1.88273
0.05504 6.87043 3.93724
0.05486 6.98957 4.00555
0.15699 19.84016 11.38630
0.07738 9.75569 5.59182
0.08791 11.28638 6.47006
0.20346 25.64838 14.73602
0.13479 17.40708 9.98615
0.06738 8.46639 4.85234
0.09939 12.53785 7.18837
0.04483 5.77232 3.30776
0.09011 11.31141 6.48442
0.12293 15.42342 8.84575
0.13561 17.25363 9.89791
0.08593 10.68799 6.12669
0.07831 9.90022 5.67473
0.04486 5.53761 3.17322
0.06177 7.57146 4.33917
0.04825 5.99625 3.43611
0.03674 4.46708 2.55966
0.08712 10.74193 6.15764
0.05967 7.18978 4.12033
0.07763 9.27815 5.31790
0.07699 9.29656 5.32845
0.05645 6.70313 3.84133
0.08991 10.62152 6.08855
0.07259 8.61868 4.93967
0.18450 21.56799 12.38163
0.09981 11.69431 6.70417
0.07173 8.29761 4.75554
0.04367 5.04924 2.89331
0.10404 12.12440 6.95103
0.05216 6.00760 3.44262
0.05441 6.23143 3.57093
0.12266 14.20503 8.14574
0.06174 7.02090 4.02351
0.09018 10.24286 5.87129
0.07924 9.02691 5.17380
0.02215 2.49905 1.43189
0.01067 1.22404 0.70133
0.04550 5.15383 2.95325
0.02619 2.96432 1.69849
0.02145 2.48091 1.42150
0.03731 4.26645 2.44468
0.01625 1.86648 1.06943
0.03118 3.65631 2.09503
0.12563 14.47152 8.29882
0.21006 24.46496 14.05258
0.28128 32.23766 18.55175
0.15289 17.46998 10.02234
0.21911 25.20755 14.48138
0.14179 16.17530 9.27790
0.16917 19.16059 10.99507
0.11855 13.40535 7.68646
0.11967 13.33526 7.64621
0.05523 6.22314 3.56617
0.04845 5.38074 3.08331
0.14087 15.59853 8.94638
0.16048 17.92783 10.28570
0.18281 20.08539 11.52751
0.23270 25.44378 14.61782
0.04717 5.18424 2.97068
0.02542 2.74638 1.57361
0.06993 7.57938 4.34371
0.06888 7.35592 4.21558
0.19225 20.43182 11.72703
0.16007 17.00496 9.75490
0.32597 34.20035 19.69214
0.07413 7.71549 4.42175
0.18261 19.08764 10.95308
0.19635 20.20272 11.59508
0.29897 30.78068 17.70640
0.33731 34.31374 19.75808
0.25462 25.73320 14.78503
0.19978 20.27118 11.63451
0.18328 18.33508 10.52000
0.12966 12.89636 7.39420
0.16356 16.17204 9.27602
0.17155 16.76990 9.61974
0.08643 8.44030 4.83737
0.24071 23.40313 13.43980
0.11528 11.12546 6.37771
0.11689 11.26624 6.45850
0.03455 3.29477 1.88785
0.17213 16.41536 9.41590
0.06975 6.56244 3.76068
0.04668 4.38764 2.51413
0.03326 3.12182 1.78875
0.04855 4.52755 2.59431
0.22034 20.38421 11.69961
0.24667 22.60658 12.98036
0.14899 13.70085 7.85616
0.08208 7.49866 4.29742
0.05204 4.72376 2.70677
0.06556 5.92323 3.39426
0.06739 6.06016 3.47275
0.08382 7.49505 4.29535
0.04961 4.42641 2.53635
0.06611 5.88550 3.37263
0.06013 5.31863 3.04771
0.01275 1.12141 0.64252
0.03940 3.44897 1.97621
0.02802 2.44339 1.39999
0.04540 3.93400 2.25416
0.02052 1.76698 1.01242
0.06848 5.85245 3.35369
0.02946 2.51078 1.43861
0.13371 11.26466 6.45759
0.08906 7.57175 4.33933
0.18608 15.67005 8.98749
0.04790 3.80360 2.17943
0.04925 4.33246 2.48251
0.03214 2.66205 1.52529
0.08420 6.92027 3.96581
0.02913 2.37686 1.36187
0.10032 8.15787 4.67541
0.07713 6.25186 3.58264
0.03193 2.57562 1.47576
0.07876 6.32001 3.62170
0.05714 4.57234 2.61999
0.09821 7.82925 4.48698
0.07789 6.15374 3.52639
0.07953 6.23216 3.57134
0.05213 4.08309 2.33960
0.48269 37.60464 21.67489
0.07000 5.42338 3.10775
0.06221 4.79605 2.74820
0.03952 3.01198 1.72580
0.03229 2.43406 1.39465
0.04662 3.51815 2.01585
0.08976 6.74488 3.86527
0.11323 8.45366 4.84503
0.10852 8.05752 4.61787
0.05474 4.03437 2.31168
0.04090 3.00438 1.72145
0.09702 7.09157 4.06402
0.18399 13.38001 7.67191
0.13822 10.01052 5.73800
0.12238 8.80974 5.04924
0.15830 11.35302 6.50830
0.08030 5.74641 3.29290
0.24495 17.46981 10.02224
0.03396 2.42086 1.38709
0.04984 3.53359 2.02470
0.01297 0.92147 0.52797
0.06885 4.87569 2.79384
0.05769 4.09255 2.34502
0.04704 3.33064 1.90840
0.12428 8.79769 5.04233
0.11648 8.25126 4.72897
0.10403 7.37518 4.22663
0.07263 5.15683 2.95497
0.07836 5.55196 3.18145
0.06105 4.32457 2.47799
0.04264 3.02988 1.73606
0.07292 5.16248 2.95821
0.08047 5.68108 3.25546
0.11441 8.13424 4.66186
0.07321 5.22081 2.99164
0.11250 8.04723 4.61197
0.13859 9.94111 5.69818
0.10012 7.20037 4.12640
0.10449 7.48831 4.29149
0.07656 5.49609 3.14942
0.07862 5.66008 3.24342
0.04744 3.41996 1.95959
0.00909 0.65765 0.37681
0.06118 4.41159 2.52786
0.07580 5.50722 3.15580
0.05661 4.11503 2.35791
0.22423 16.37634 9.39347
0.05998 4.38903 2.51493
0.02412 1.76606 1.01189
0.04442 3.27761 1.87802
0.07260 5.37061 3.07750
0.05564 4.12734 2.36496
0.04493 3.33948 1.91347
0.04864 3.63182 2.08099
0.06965 5.22402 2.99348
0.11006 8.32674 4.77225
0.06126 4.70739 2.69738
0.05087 3.94687 2.26154
0.06619 5.21093 2.98598
0.08078 6.47658 3.71145
0.09152 7.46264 4.27677
0.07596 6.29859 3.60942
0.05797 4.86318 2.78667
0.05554 4.75710 2.72587
0.11270 9.82326 5.63058
0.04687 4.17429 2.39187
0.07807 7.07873 4.05666
0.14715 13.55651 7.77327
0.16006 14.97135 8.58599
0.02681 2.52441 1.44642
0.45260 43.09519 24.88690
0.07398 7.11868 4.07956
0.08675 8.39485 4.81131
0.02865 2.80963 1.60985
0.05986 5.90524 3.38395
0.12157 12.07502 6.92269
0.08199 8.11288 4.64961
0.07170 7.10045 4.06912
0.03697 3.64541 2.08878
0.07687 7.61474 4.36398
0.05913 5.84041 3.34679
0.12326 12.17160 6.97812
0.03111 3.10469 1.77893
0.05361 5.35691 3.06965
0.06065 6.04395 3.46346
0.06413 6.38436 3.65859
0.08913 8.81073 5.04981
0.08865 8.83898 5.06601
0.11782 11.64390 6.67524
0.13402 13.10653 7.51488
0.16774 16.47328 9.44920
0.18410 17.80419 10.21457
0.10794 10.35402 5.93507
0.05801 5.58425 3.19996
0.07108 6.72949 3.85644
0.01807 1.70370 0.97616
0.13733 13.11508 7.51978
0.00545 0.51152 0.29308
0.03575 3.38287 1.93834
0.01709 1.58684 0.90920
0.14466 13.36969 7.66599
0.11300 10.44222 5.98567
0.07529 6.84470 3.92249
0.04888 4.42884 2.53774
0.01913 1.75426 1.00513
0.08686 7.84616 4.49668
0.11887 10.75709 6.16633
0.10776 9.58265 5.49256
0.11911 10.53264 6.03755
0.14644 13.08962 7.50517
0.11502 10.07658 5.77590
0.05668 4.97834 2.85268
0.07394 6.52894 3.74147
0.04770 4.16330 2.38557
0.10813 9.49886 5.44449
0.13101 11.31814 6.48828
0.07506 6.48247 3.71483
0.05333 4.61887 2.64665
0.06205 5.32190 3.04959
0.06397 5.49701 3.14995
0.12926 11.03041 6.32317
0.16998 14.46648 8.29593
0.07572 6.41401 3.67558
0.06147 5.19043 2.97423
0.09145 7.78215 4.45997
0.06767 5.76205 3.30187
0.04640 3.96614 2.27258
0.03260 2.78285 1.59450
0.10390 8.89473 5.09799
0.17724 15.23719 8.73873
0.19506 16.79520 9.63429
0.17339 15.01551 8.61136
0.05521 4.79944 2.75014
0.05664 4.99293 2.86104
0.06321 5.61822 3.21943
0.03069 2.75990 1.58136
0.07009 6.35076 3.63933
0.13216 12.23756 7.01599
0.08576 8.09455 4.63910
0.06592 6.29787 3.60901
0.04307 4.21040 2.41256
0.05743 5.67061 3.24946
0.08929 8.98201 5.14804
0.06175 6.37968 3.65591
0.04199 4.37926 2.50933
0.05289 5.65063 3.23800
0.07500 8.23272 4.71834
0.14030 15.77030 9.04511
0.13974 16.42981 9.42421
0.06490 7.68867 4.40637
0.07053 8.64071 4.95230
0.04129 5.05554 2.89692
0.08455 10.42837 5.97773
0.05336 6.87827 3.94174
0.05000 6.35615 3.64242
0.09771 13.08910 7.50486
0.05999 7.94879 4.55552
0.07484 9.86493 5.65448
0.06594 9.19360 5.26940
0.03327 4.40997 2.52693
0.04187 5.84954 3.35202
0.04938 6.50331 3.72678
0.02634 3.46387 1.98475
0.09216 12.67969 7.26980
0.06214 8.33206 4.77530
0.13358 18.73247 10.74867
0.04094 5.59005 3.20328
0.02734 3.75919 2.15398
0.06201 8.69248 4.98199
0.05493 7.49475 4.29518
0.03274 4.54966 2.60699
0.02452 3.35612 1.92301
0.02072 2.82732 1.61999
0.04646 6.37479 3.65310
0.05579 7.60383 4.35772
0.04539 6.15786 3.52875
0.04692 6.34253 3.63461
0.04845 6.51536 3.73369
0.05412 7.22256 4.13912
0.05936 7.91946 4.53871
0.05124 6.81720 3.90673
0.05504 7.32889 4.20009
0.04002 5.31476 3.04549
0.06575 8.80399 5.04594
0.03900 5.20204 2.98089
0.03929 5.22161 2.99210
0.05440 7.18703 4.11875
0.04473 5.92681 3.39631
0.02410 3.18762 1.82645
0.04213 5.65846 3.24249
0.13756 18.69367 10.72634
0.14765 19.80892 11.36832
0.02922 4.04132 2.31567
0.09221 12.61499 7.23266
0.07141 10.19046 5.84123
0.14201 20.56980 11.80651
0.11572 16.59896 9.52146
0.04143 6.05676 3.47080
0.05569 8.11291 4.64963
0.00602 0.86279 0.49434
0.02817 4.07973 2.33767
0.06337 9.02553 5.17300
0.03006 4.33351 2.48311
0.02324 3.36460 1.92787
0.03803 5.35611 3.06919
0.09142 13.13741 7.53261
0.05708 8.24502 4.72539
0.10712 15.00453 8.60505
0.02453 3.55052 2.03440
0.04517 6.19516 3.55013
0.02293 3.24185 1.85753
0.03628 5.14471 2.94803
0.09463 12.92191 7.40887
0.05651 7.94732 4.55468
0.07733 10.69565 6.13108
0.11606 15.38467 8.82348
0.07096 9.62914 5.51922
0.04814 6.31723 3.62011
0.05362 7.12631 4.08394
0.06592 8.64608 4.95538
0.10654 13.65269 7.82850
0.15333 19.57402 11.23307
0.10684 13.44916 7.71162
0.10099 12.51942 7.17779
0.07418 9.12972 5.23276
0.08540 10.31890 5.91492
0.07169 8.55572 4.90356
0.07087 8.37266 4.79858
0.08090 9.42980 5.40488
0.06482 7.49364 4.29454
0.06013 6.91287 3.96157
0.07040 7.90453 4.53014
0.07673 8.53699 4.89282
0.07639 8.42061 4.82608
0.08342 9.12147 5.22803
0.04926 5.33927 3.05954
0.06478 6.92678 3.96954
0.09943 10.52564 6.03353
0.06901 7.21019 4.13203
0.05668 5.91484 3.38945
0.05074 5.22192 2.99228
0.03185 3.24999 1.86219
0.02063 2.09281 1.19911
0.04004 4.02557 2.30664
0.03690 3.68088 2.10911
0.02761 2.75300 1.57740
0.01450 1.44074 0.82549
0.08423 8.34970 4.78541
0.06387 6.30341 3.61219
0.09599 9.47499 5.43080
0.12319 12.14302 6.96172
0.12235 11.97012 6.86247
0.08016 7.83645 4.49111
0.16277 15.99856 9.17631
0.13910 13.66733 7.83691
0.14250 13.97508 8.01366
0.10376 10.16941 5.82916
0.10929 10.71040 6.13954
0.10386 10.18514 5.83818
0.19222 18.92109 10.85722
0.09535 9.35913 5.36435
0.07449 7.33510 4.20364
0.11655 11.41617 6.54454
0.07770 7.64087 4.37896
0.07683 7.56592 4.33599
0.05996 5.87233 3.36508
0.08431 8.34284 4.78148
0.04069 4.04076 2.31534
0.08668 8.59350 4.92523
0.04468 4.43651 2.54214
0.19840 19.71277 11.31295
0.09570 9.46919 5.42748
0.11180 11.09611 6.36087
0.12510 12.48258 7.15665
0.03978 3.94209 2.25880
0.08091 8.06927 4.62461
0.07743 7.67371 4.39779
0.09936 9.89826 5.67360
0.14678 14.67414 8.41522
0.18739 18.63346 10.69169
0.10780 10.77385 6.17595
0.11145 11.07270 6.34744
0.05448 5.41677 3.10396
0.04113 4.05879 2.32568
0.03298 3.31119 1.89726
0.04033 4.03237 2.31054
0.04817 4.81596 2.75961
0.06880 6.85890 3.93063
0.04910 4.90116 2.80844
0.06729 6.68540 3.83116
0.13530 13.42980 7.70050
0.18860 18.78575 10.77933
0.07553 7.53771 4.31981
0.05964 5.95248 3.41102
0.06396 6.38351 3.65810
0.02094 2.09780 1.20198
0.06118 6.15262 3.52575
0.02898 2.91925 1.67267
0.04029 4.07122 2.33280
0.05733 5.81131 3.33010
0.08522 8.65368 4.95974
0.10838 11.03664 6.32674
0.06131 6.28654 3.60252
0.07990 8.16603 4.68009
0.07087 7.27209 4.16752
0.05051 5.21525 2.98846
0.09569 9.77979 5.60564
0.11255 12.08424 6.92798
0.13492 14.30058 8.20062
0.14977 16.09657 9.23264
0.13182 14.32282 8.21340
0.13604 15.04723 8.62958
0.09074 10.26733 5.88533
0.19244 22.26596 12.78396
0.16567 19.87105 11.40409
0.10225 12.66334 7.26042
0.11522 14.55268 8.34545
0.10490 13.74773 7.88309
0.05375 7.27234 4.16766
0.07756 10.80681 6.19487
0.03138 4.48247 2.56848
0.03050 4.38946 2.51518
0.05539 7.94680 4.55438
0.02445 3.52240 2.01829
0.04133 6.04554 3.46437
0.06416 9.53131 5.46311
0.06586 9.82439 5.63123
0.05189 7.83207 4.48859
0.01896 2.89169 1.65687
0.04274 6.42117 3.67969
0.05934 9.27447 5.31578
0.09520 14.53505 8.33532
0.06333 10.11798 5.79965
0.08084 12.28857 7.04527
0.06427 10.31491 5.91263
0.07971 12.92609 7.41127
0.08960 13.62674 7.81360
0.05426 8.78173 5.03318
0.09246 13.88283 7.96068
0.06146 9.71215 5.56684
0.05602 8.74810 5.01389
0.08126 11.87686 6.80894
0.07893 12.21773 7.00461
0.15771 22.75358 13.06513
0.08752 13.27552 7.61191
0.05656 8.60612 4.93247
0.09036 12.87572 7.38235
0.12159 18.11150 10.39136
0.09292 13.14845 7.53895
0.06156 8.85628 5.07594
0.04596 6.49179 3.72018
0.05756 7.79174 4.46547
0.08123 11.03036 6.32314
0.06814 9.02634 5.17347
0.05731 7.44987 4.26945
0.05261 6.76812 3.87859
0.08725 10.82454 6.20504
0.07909 9.80094 5.61777
0.06993 8.43225 4.83276
0.04653 5.52024 3.16327
0.05312 6.16904 3.53516
0.04710 5.37289 3.07881
0.04944 5.53789 3.17338
0.05384 5.91731 3.39086
0.05679 6.16090 3.53049
0.05980 6.38745 3.66036
0.11323 12.03037 6.89705
0.11527 12.02632 6.89473
0.07373 7.60028 4.35569
0.06814 6.97873 3.99933
0.11313 11.39809 6.53416
0.08263 8.27858 4.74463
0.06902 6.85845 3.93038
0.12589 12.35940 7.08593
0.12392 12.04828 6.90734
0.11087 10.73688 6.15474
0.06435 6.17864 3.54066
0.06602 6.34806 3.63778
0.01730 1.64468 0.94234
0.05594 5.33637 3.05788
0.05131 4.87174 2.79158
0.01677 1.58923 0.91057
0.09181 8.64896 4.95703
0.05054 4.76829 2.73229
0.07496 7.07263 4.05316
0.05684 5.32679 3.05239
0.05979 5.58986 3.20317
0.02729 2.55358 1.46314
0.03144 2.95589 1.69366
0.00790 0.73646 0.42196
0.01766 1.66785 0.95562
0.08058 7.54394 4.32339
0.03700 3.44864 1.97602
0.04263 3.99166 2.28721
0.15207 14.19087 8.13761
0.11153 10.44393 5.98666
0.11796 11.08809 6.35627
0.06649 6.18505 3.54434
0.07740 7.20394 4.12845
0.06770 6.27589 3.59641
0.04589 4.22334 2.41998
0.03611 3.32582 1.90564
0.06467 5.90379 3.38312
0.06054 5.51474 3.16012
0.15025 13.55410 7.77188
0.17012 15.30724 8.77899
0.04670 4.18767 2.39953
0.04600 4.11224 2.35630
0.03543 3.16007 1.81066
0.08210 7.30145 4.18435
0.04032 3.56252 2.04128
0.07146 6.28887 3.60385
0.08898 7.79397 4.46674
0.10838 9.45475 5.41920
0.09830 8.47649 4.85813
0.09876 8.53761 4.89318
0.07908 6.79588 3.89450
0.08843 7.56927 4.33791
0.08302 7.04300 4.03618
0.06961 5.86785 3.36251
0.11841 9.91579 5.68366
0.07395 6.15490 3.52705
0.13081 10.89906 6.24780
0.16963 14.00389 8.03021
0.26249 21.56832 12.38181
0.08562 6.98097 4.00061
0.05064 4.12433 2.36323
0.05111 4.13844 2.37132
0.04937 3.96311 2.27084
0.05009 3.98923 2.28581
0.07018 5.58702 3.20154
0.09813 7.79999 4.47020
0.19392 15.37101 8.81563
0.08407 6.62240 3.79505
0.01758 1.38056 0.79101
0.06612 5.16238 2.95816
0.03782 2.93999 1.68455
0.04327 3.37268 1.93250
0.04296 3.33343 1.91000
0.01892 1.45691 0.83475
0.03675 2.81456 1.61268
0.05190 3.98080 2.28098
0.12378 9.48430 5.43614
0.06422 4.95988 2.84210
0.02472 1.90134 1.08940
0.04261 3.26894 1.87305
0.09497 7.24741 4.15337
0.05094 3.85803 2.21063
0.05390 4.07536 2.33517
0.04454 3.35198 1.92063
0.04586 3.44547 1.97421
0.02750 2.06994 1.18601
0.09894 7.42515 4.25527
0.07768 5.77241 3.30780
0.07434 5.50932 3.15701
0.05479 4.03838 2.31398
0.03308 2.42985 1.39224
0.13105 9.59764 5.50116
0.06560 4.81184 2.75725
0.02498 1.82757 1.04714
0.04563 3.33339 1.90998
0.05018 3.67257 2.10435
0.08029 5.83860 3.34575
0.12604 9.16992 5.25582
0.14006 10.14704 5.81632
0.19247 13.94933 7.99887
0.02845 2.05878 1.17961
0.12787 9.15105 5.24500
0.14079 10.08450 5.78045
0.20554 14.65531 8.40441
0.15180 10.78321 6.18132
0.17088 12.04636 6.90624
0.10559 7.41317 4.24841
0.11341 7.89948 4.52724
0.11376 7.93259 4.54623
0.16430 11.41768 6.54541
0.12444 8.61047 4.93496
0.11512 7.96129 4.56269
0.10759 7.44795 4.26835
0.09222 6.34178 3.63418
0.09961 6.83227 3.91536
0.09445 6.45827 3.70096
0.09285 6.30066 3.61061
0.06791 4.61948 2.64700
0.06576 4.44325 2.54600
0.07305 4.98637 2.85727
0.05600 3.79424 2.17407
0.10394 7.05214 4.04141
0.05057 3.42164 1.96055
0.12769 8.63599 4.94960
0.07103 4.82862 2.76686
0.06304 4.26413 2.44335
0.15712 10.66727 6.11480
0.15361 10.38414 5.95235
0.07897 5.34354 3.06199
0.10515 7.13727 4.09022
0.05682 3.83098 2.19512
0.05361 3.63837 2.08475
0.09204 6.27451 3.59562
0.09036 6.14742 3.52277
0.04060 2.76779 1.58588
0.09191 6.24609 3.57933
0.08456 5.75323 3.29681
0.08782 6.00787 3.44278
0.19843 13.55322 7.77138
0.11119 7.58636 4.34771
0.04874 3.32047 1.90258
0.11525 7.84339 4.49509
0.08385 5.71776 3.27648
0.13808 9.40739 5.39203
0.08887 6.06773 3.47708
0.10170 6.96107 3.98920
0.12512 8.59337 4.92516
0.10811 7.39825 4.23985
0.11547 7.92907 4.54421
0.12604 8.66107 4.96398
0.11508 7.90493 4.53037
0.05152 3.53282 2.02426
0.14851 10.18600 5.83867
0.11330 7.78168 4.45970
0.08475 5.79701 3.32191
0.11482 7.93140 4.54555
0.09426 6.50410 3.72723
0.11367 7.80351 4.47221
0.10190 6.99152 4.00666
0.12695 8.71441 4.99457
0.07422 5.15268 2.95259
0.13965 9.68508 5.55131
0.08008 5.55375 3.18247
0.19983 13.81307 7.92061
0.08936 6.19138 3.54797
0.19428 13.42949 7.70033
0.17928 12.43711 7.13054
0.17324 11.99701 6.87791
0.07842 5.45886 3.12808
0.05498 3.80799 2.18195
0.13988 9.66633 5.54056
0.09099 6.27725 3.59719
0.05169 3.56870 2.04482
0.08807 6.07948 3.48382
0.09327 6.40788 3.67207
0.06347 4.36992 2.50398
0.06584 4.52708 2.59405
0.06887 4.73745 2.71461
0.07419 5.09655 2.92042
0.06626 4.55995 2.61289
0.10073 6.94109 3.97775
0.08474 5.82711 3.33916
0.09298 6.41774 3.67772
0.12569 8.61382 4.93688
0.14265 9.84125 5.64090
0.17347 11.98069 6.86854
0.10134 7.02004 4.02301
0.10378 7.16126 4.10398
0.06738 4.65714 2.66859
0.08987 6.20078 3.55335
0.07993 5.47837 3.13927
0.28674 19.69842 11.30469
0.07394 5.06214 2.90070
0.12534 8.65718 4.96175
0.07256 5.03159 2.88319
0.10135 7.03688 4.03267
0.07693 5.33035 3.05443
0.03975 2.76009 1.58147
0.06680 4.65080 2.66495
0.04427 3.09419 1.77291
0.13468 9.39712 5.38614
0.19780 13.86280 7.94917
0.07210 5.02530 2.87959
0.11119 7.77993 4.45870
0.07687 5.39169 3.08959
0.11165 7.81522 4.47893
0.09249 6.46978 3.70756
0.10412 7.28460 4.17469
0.11110 7.80101 4.47078
0.09840 6.88484 3.94550
0.07953 5.54168 3.17556
0.11404 7.97410 4.57003
0.21117 14.73666 8.45114
0.15698 10.99065 6.30035
0.11017 7.73321 4.43191
0.08467 5.96398 3.41761
0.09524 6.71628 3.84887
0.11428 8.06536 4.62237
0.16908 11.87995 6.81072
0.09320 6.56628 3.76288
0.17125 12.07403 6.92212
0.08023 5.62983 3.22608
0.08797 6.16115 3.53064
0.16014 11.17808 6.40791
0.20502 14.30507 8.20321
0.14645 10.23161 5.86484
0.34171 23.91824 13.73702
0.07841 5.46957 3.13423
0.11837 8.22786 4.71555
0.10774 7.51396 4.30620
0.07603 5.30530 3.04007
0.10025 6.97681 3.99823
0.22724 15.91142 9.12622
0.16518 11.49477 6.58965
0.12044 8.37586 4.80042
0.05239 3.64118 2.08636
0.11327 7.83021 4.48753
0.07000 4.84308 2.77515
0.82081 56.81213 33.00542
0.88399 60.92112 35.46887
0.89034 61.11973 35.58837
0.41563 28.45723 16.36031
0.14877 10.21115 5.85310
0.33065 22.62077 12.98854
0.25241 17.31596 9.93375
0.17514 11.94875 6.85021
0.16620 11.33037 6.49530
0.13252 9.06068 5.19316
0.14481 9.92451 5.68866
0.10111 6.91756 3.96426
0.13134 8.94242 5.12534
0.02723 1.85428 1.06244
0.07283 4.94481 2.83346
0.09514 6.46289 3.70361
0.23161 15.77620 9.04850
0.08146 5.52426 3.16557
0.09278 6.29473 3.60721
0.11812 7.99401 4.58145
0.13603 9.19949 5.27278
0.10598 7.17830 4.11375
0.04178 2.81924 1.61536
0.07027 4.71439 2.70140
0.11639 7.79638 4.46813
0.10612 7.08594 4.06080
0.07486 4.96869 2.84714
0.06317 4.21524 2.41533
0.09528 6.37806 3.65498
0.04999 3.34277 1.91535
0.06385 4.24419 2.43192
0.09748 6.43272 3.68632
0.04672 3.10057 1.77657
0.16158 10.84589 6.21728
0.17162 11.57356 6.63487
0.10602 7.10095 4.06940
0.04467 2.97566 1.70499
0.04555 3.04727 1.74602
0.06733 4.50583 2.58187
0.15893 10.66323 6.11248
0.80568 53.67338 31.13422
0.31655 20.99012 12.04864
0.44585 29.54938 16.99275
0.09165 6.10813 3.50024
0.09422 6.28818 3.60345
0.42295 28.40005 16.32722
0.29152 19.56058 11.22533
0.58674 39.33952 22.68782
0.60122 40.23076 23.20887
0.09017 6.04015 3.46128
0.35677 24.00094 13.78475
0.15197 10.17377 5.83166
0.11858 7.97687 4.57162
0.09064 6.09702 3.49388
0.09453 6.35539 3.64198
0.25344 17.05031 9.78098
0.19994 13.45234 7.71345
0.32559 21.89068 12.56762
0.14310 9.63769 5.52413
0.41966 28.36120 16.30473
0.86157 58.08246 33.76528
0.21260 14.28191 8.18990
0.94928 63.93409 37.28600
1.06135 71.66920 41.99731
0.43610 29.13255 16.75132
0.18108 12.12904 6.95369
0.14894 9.93127 5.69254
0.10443 7.00735 4.01574
0.32216 21.36062 12.26212
0.08700 5.81999 3.33508
0.14324 9.50447 5.44771
0.17657 11.81063 6.77093
0.30792 20.58592 11.81579
0.36638 24.58774 14.12347
0.18033 12.13232 6.95558
0.19461 13.08979 7.50526
0.28878 19.30753 11.07966
0.10180 6.79210 3.89234
0.14542 9.75492 5.59138
0.12330 8.27044 4.73996
0.06248 4.21113 2.41298
0.07138 4.82527 2.76494
0.13703 9.27890 5.31832
0.09866 6.67432 3.82482
0.08640 5.89305 3.37696
0.09359 6.38681 3.66000
0.04557 3.11174 1.78297
0.07523 5.11705 2.93218
0.10721 7.22142 4.13847
0.19385 13.19555 7.56599
0.10062 6.89418 3.95086
0.11963 8.34004 4.77987
0.09371 6.58468 3.77342
0.08571 6.05685 3.47085
0.09663 6.88470 3.94542
0.01073 0.77572 0.44446
0.11666 8.56564 4.90925
0.09452 7.00853 4.01642
0.18366 13.78274 7.90319
0.14748 11.20399 6.42278
0.08156 6.31887 3.62105
0.04700 3.68197 2.10973
0.09774 7.69581 4.41046
0.08636 7.01797 4.02183
0.11917 9.82563 5.63194
0.09257 7.68491 4.40421
0.19257 16.30025 9.34973
0.20134 17.55922 10.07366
0.03564 3.22792 1.84954
0.02379 2.20605 1.26400
0.00977 0.92879 0.53216
0.07595 7.41854 4.25149
0.03806 3.87489 2.22029
0.01163 1.22862 0.70395
0.03178 3.49786 2.00423
0.07482 8.46487 4.85146
0.08681 10.25208 5.87658
0.04367 5.34834 3.06474
0.04696 5.94876 3.40889
0.06612 8.69218 4.98182
0.02467 3.35926 1.92480
0.10179 14.38238 8.24761
0.10912 16.13272 9.25342
0.08517 13.13375 7.53050
0.06501 10.46837 6.00068
0.06920 11.48763 6.58555
0.03610 6.03029 3.45563
0.01451 2.46815 1.41418
0.02673 4.59070 2.63051
0.05210 9.13462 5.23557
0.03240 5.72890 3.28287
0.05507 10.05317 5.76247
0.05915 10.90588 6.25171
0.04183 7.82526 4.48469
0.04326 8.22615 4.71457
0.04891 9.64794 5.53001
0.03561 7.00965 4.01706
0.02664 5.23498 2.99977
0.02525 5.00962 2.87060
0.04097 8.05813 4.61822
0.03042 6.01918 3.44926
0.02830 5.57943 3.19719
0.03405 6.54665 3.75163
0.02119 4.07429 2.33456
0.02263 4.26299 2.44270
0.02461 4.57791 2.62318
0.03112 5.71380 3.27421
0.03065 5.53873 3.17387
0.04802 8.58972 4.92306
0.04565 8.08276 4.63234
0.04164 7.20650 4.12992
0.03822 6.54922 3.75310
0.04631 7.80446 4.47276
0.04937 8.11046 4.64823
0.04300 7.00830 4.01628
0.05152 8.20048 4.69985
0.05720 9.02188 5.17091
0.05920 9.04522 5.18430
0.02613 3.95725 2.26748
0.04211 6.25723 3.58571
0.04321 6.34652 3.63690
0.06977 10.04137 5.75570
0.08788 12.43958 7.13196
0.05837 8.13333 4.66134
0.02683 3.68055 2.10892
0.01828 2.48741 1.42521
0.01429 1.90838 1.09344
0.02344 3.09538 1.77359
0.01546 2.01229 1.15298
0.02570 3.33088 1.90854
0.02216 2.82768 1.62020
0.01380 1.73786 0.99573
0.01785 2.21828 1.27101
0.00710 0.87184 0.49953
0.04317 5.24732 3.00684
0.11374 13.68280 7.84580
0.06447 7.62877 4.37203
0.03801 4.45040 2.55010
0.03419 3.98119 2.28120
0.04451 5.14788 2.94984
0.05483 6.38828 3.66084
0.03671 4.31009 2.46969
0.02574 3.05723 1.75173
0.06459 7.70232 4.41419
0.07300 8.80480 5.04641
0.06643 8.08454 4.63336
0.08630 10.64114 6.09980
0.07396 9.24350 5.29802
0.06636 8.39522 4.81152
0.03143 4.03593 2.31257
0.07079 9.19790 5.27187
0.01633 2.13296 1.22212
0.02480 3.25086 1.86269
0.03832 5.09107 2.91728
0.02934 3.97358 2.27684
0.03666 5.03858 2.88720
0.04334 5.97505 3.42396
0.04066 5.62815 3.22512
0.04194 5.87206 3.36493
0.04303 6.06149 3.47351
0.03565 5.09234 2.91801
0.04415 6.30749 3.61453
0.06116 8.66040 4.96360
0.05010 7.02783 4.02748
0.04370 6.08580 3.48745
0.01998 2.76638 1.58507
0.07235 10.04967 5.76046
0.09477 13.13713 7.53245
0.05307 7.37069 4.22405
