-0.04434 -0.01627 0.28510
-0.01634 -0.02097 0.29205
-0.00720 -0.01682 0.29838
-0.02490 -0.00999 0.30503
-0.02853 -0.01303 0.31416
-0.00945 -0.01526 0.32302
-0.00935 -0.00466 0.33782
-0.02998 -0.00148 0.35442
-0.02197 -0.00088 0.35957
-0.02981 -0.00263 0.37210
-0.05539 -0.01024 0.38161
-0.05072 -0.01369 0.39117
0.00391 -0.01075 0.40255
0.01957 -0.00485 0.41699
-0.00983 -0.01401 0.42851
0.01886 -0.03422 0.44107
0.05104 -0.03128 0.44920
0.01467 -0.01095 0.46850
-0.05343 -0.00842 0.47913
0.03755 -0.02698 0.50053
0.01605 -0.02681 0.50390
-0.01964 0.00307 0.52505
0.07046 -0.06565 0.52732
0.07040 0.01491 0.54528
0.03540 -0.02099 0.55908
-0.01520 -0.05160 0.56636
-0.02535 -0.01097 0.58024
-0.09714 -0.03662 0.58041
-0.05731 -0.05056 0.60207
-0.09899 -0.04835 0.60613
-0.06119 -0.03946 0.62607
-0.04571 -0.02881 0.64044
-0.08256 -0.05573 0.64879
-0.06810 -0.02763 0.66510
-0.06290 -0.04493 0.67901
-0.06787 -0.04021 0.70830
-0.04447 -0.03908 0.68764
-0.07443 -0.02550 0.71579
-0.01391 -0.04154 0.73553
-0.02285 -0.03243 0.74668
-0.00551 -0.00601 0.76218
-0.00287 -0.00773 0.77095
-0.04441 -0.01393 0.78685
-0.06789 -0.00736 0.79141
-0.04903 -0.01695 0.82054
-0.07059 -0.02528 0.80461
-0.05724 -0.01683 0.82637
-0.06442 -0.02495 0.82934
-0.03170 -0.04937 0.84145
-0.03198 -0.03322 0.84971
-0.06170 -0.02136 0.86181
-0.06361 -0.02170 0.86875
-0.02470 -0.01621 0.88786
-0.01075 -0.01971 0.89866
-0.09011 -0.00860 0.90399
-0.10352 -0.01983 0.91239
-0.06657 -0.00865 0.92632
-0.04803 -0.01673 0.94068
-0.03174 -0.04118 0.95348
-0.04625 -0.02917 0.96775
-0.05388 -0.00657 0.97307
-0.02672 -0.02125 1.00681
-0.06622 -0.01201 1.02242
-0.06119 -0.02398 1.02841
-0.04777 -0.02569 1.04196
-0.08283 -0.04384 1.05043
0.00096 -0.01953 1.06391
-0.08350 -0.01991 1.06623
-0.07571 -0.03097 1.06838
-0.09866 -0.03065 1.06404
-0.10625 -0.05885 1.06089
-0.09070 -0.07000 1.05877
-0.07785 -0.05676 1.07201
-0.03415 -0.03486 1.07509
-0.07515 -0.03137 1.07616
-0.07659 -0.05629 1.07070
-0.12820 -0.03903 1.05767
-0.05500 -0.03613 1.05969
-0.10895 -0.05749 1.05164
-0.12491 -0.07368 1.05769
-0.09302 0.00490 1.06708
-0.11803 -0.03349 1.06967
-0.04880 -0.03447 1.07419
-0.09839 -0.04497 1.07036
-0.03995 -0.07337 1.07558
-0.05679 -0.07384 1.06952
-0.03244 -0.05741 1.08337
-0.06415 -0.06249 1.06980
-0.02072 -0.06287 1.08013
-0.00949 -0.08748 1.08136
-0.06768 -0.08375 1.08548
-0.13979 -0.06078 1.08183
-0.16421 -0.04909 1.08190
-0.09979 -0.09262 1.10412
-0.04694 -0.06343 1.10601
-0.06372 -0.02995 1.09348
-0.06622 -0.05160 1.11067
-0.09558 -0.04718 1.11109
-0.07419 -0.04028 1.12295
-0.04438 -0.02609 1.12891
-0.02613 -0.00135 1.14054
0.02156 -0.04310 1.13871
-0.02481 -0.03453 1.14264
-0.03075 -0.06120 1.14435
-0.00423 -0.05905 1.15010
-0.01275 -0.02716 1.15830
-0.13363 -0.02102 1.15653
-0.09922 -0.02895 1.16476
-0.06323 -0.05727 1.16716
-0.09923 -0.03137 1.16583
-0.16897 0.02800 1.17207
-0.05971 -0.04492 1.18802
-0.09723 -0.07271 1.18516
-0.14612 -0.02188 1.18483
-0.01568 -0.03719 1.20364
-0.10831 -0.02624 1.19664
-0.05483 -0.05701 1.20629
-0.08972 -0.02143 1.21367
-0.07803 -0.03945 1.21950
-0.05353 -0.05343 1.22257
-0.10417 -0.01026 1.22203
-0.13476 -0.04083 1.22213
-0.08005 -0.03638 1.23190
-0.08574 -0.03491 1.23411
-0.13994 -0.05297 1.23470
-0.10260 -0.05365 1.24012
-0.11912 -0.05687 1.24104
-0.15200 -0.06168 1.24491
-0.11314 -0.06935 1.24338
-0.10748 -0.04947 1.26045
-0.10751 -0.01581 1.26370
-0.10770 -0.05202 1.26632
-0.10045 -0.04150 1.26834
-0.12957 -0.07286 1.26244
-0.07519 -0.07648 1.27048
-0.07344 -0.05885 1.27067
-0.03335 -0.06574 1.27532
-0.09709 -0.05975 1.26145
-0.09490 -0.04529 1.26826
-0.07322 -0.03286 1.30967
-0.08134 -0.06617 1.21373
-0.09765 -0.04478 1.25017
-0.03378 -0.05970 1.24816
-0.00973 -0.07120 1.24541
-0.04211 -0.07248 1.23345
-0.04519 -0.02990 1.21266
-0.04053 -0.02466 1.20207
-0.02101 -0.03932 1.19845
-0.03506 -0.04156 1.18729
-0.03496 -0.03030 1.17603
-0.01747 -0.04872 1.16222
-0.02151 -0.05177 1.15114
0.01428 -0.04189 1.13904
-0.02664 -0.03865 1.13283
-0.00528 -0.04461 1.12653
0.01160 -0.05795 1.12434
-0.02846 -0.04529 1.11994
-0.05265 -0.04023 1.11414
0.00737 -0.02800 1.11267
-0.01000 -0.02797 1.10863
0.02575 -0.04409 1.10001
0.00542 -0.03102 1.09650
-0.02908 -0.04093 1.09225
-0.05324 -0.01227 1.09560
-0.06066 -0.02685 1.09456
-0.04324 -0.01829 1.09167
-0.01617 -0.05798 1.08511
-0.04164 -0.03504 1.08140
0.08627 -0.06029 1.05974
0.08694 -0.08130 1.05006
0.02942 -0.03281 1.04945
0.06219 -0.04154 1.03979
-0.01968 -0.04137 1.03445
-0.00376 -0.02822 1.02073
0.01787 -0.07551 1.01101
0.02604 -0.05284 1.00188
-0.07495 -0.00923 0.99179
-0.00613 -0.04246 0.98753
-0.02355 -0.01792 0.97951
-0.04795 -0.04434 0.96856
-0.05418 -0.05270 0.95863
-0.02740 -0.05114 0.95136
-0.12391 -0.01766 0.93554
-0.17957 -0.03092 0.90132
-0.13406 -0.03274 0.90313
-0.11915 -0.04366 0.88120
-0.07101 -0.02077 0.88312
-0.15351 -0.05262 0.86061
-0.07747 -0.06303 0.87034
-0.04172 -0.04812 0.86683
-0.00098 -0.06779 0.83990
-0.04989 -0.11800 0.83698
-0.01369 -0.02906 0.84149
-0.14473 -0.07596 0.82905
-0.20840 -0.06903 0.80949
-0.21812 -0.09540 0.80636
-0.25212 -0.09359 0.79681
-0.04523 -0.00475 0.83685
-0.08559 -0.04288 0.83024
-0.02273 -0.04146 0.83705
0.00334 -0.02940 0.85252
-0.04639 -0.02018 0.82458
-0.04437 -0.05465 0.84206
0.00275 -0.03525 0.84707
-0.08415 -0.08762 0.84781
-0.10237 -0.05016 0.84892
-0.11310 -0.01619 0.86431
-0.11972 -0.01123 0.87493
-0.11555 -0.00447 0.89015
-0.20236 -0.06780 0.87306
-0.15903 -0.01026 0.89715
-0.13262 -0.03329 0.91630
-0.10813 -0.01773 0.93230
-0.25046 -0.05611 0.91481
-0.32720 -0.05699 0.90257
-0.27392 -0.02346 0.93263
-0.30202 -0.05466 0.93464
-0.27031 -0.04528 0.95668
-0.40311 -0.09663 0.93761
-0.34773 -0.05383 0.93612
-0.42499 -0.02623 0.94189
-0.47986 -0.02808 0.92826
-0.50207 -0.07269 0.93094
-0.48356 -0.07815 0.94189
-0.42597 -0.02789 0.99029
-0.34190 -0.06337 1.03621
-0.24973 0.00210 1.07016
-0.27061 -0.02260 1.08406
-0.27203 -0.05390 1.09578
-0.17864 -0.01465 1.12400
-0.19032 -0.09809 1.13264
-0.44401 -0.12468 1.06822
-0.32297 -0.03662 1.13491
-0.46989 -0.04980 1.10183
-0.64686 -0.08279 1.01204
-0.40100 -0.06218 1.16015
-0.52678 -0.10729 1.09912
-0.45841 -0.10185 1.14816
-0.53104 -0.11774 1.12160
-0.49607 -0.11240 1.14645
-0.69152 -0.15822 1.05800
-0.62940 -0.13140 1.11147
-0.38744 -0.09271 1.22471
-0.74065 -0.13499 1.05829
-0.54070 -0.12191 1.19027
-0.40549 -0.09802 1.25619
-0.39448 -0.10302 1.27530
-0.27109 -0.08181 1.31407
-0.44837 -0.03817 1.29126
-0.31416 -0.07933 1.33930
-0.46834 -0.17532 1.28434
-0.36210 -0.11325 1.33451
-0.44930 -0.05168 1.32507
-0.54227 -0.13560 1.29247
-0.51682 -0.10870 1.32012
-0.73256 -0.14013 1.21439
-0.51984 -0.05354 1.34080
-0.68635 -0.11001 1.27149
-0.69212 -0.09264 1.26638
-0.56703 -0.03800 1.35688
-0.52766 -0.04400 1.36922
-0.61811 -0.09344 1.34991
-0.57832 -0.05711 1.36868
-0.90854 -0.04101 1.17987
-0.91231 -0.05816 1.19416
-1.13420 -0.10710 0.97791
-0.60112 -0.09652 1.37860
-0.60358 -0.05515 1.38128
-0.45622 -0.12045 1.43938
-0.37835 -0.08935 1.46894
-0.33370 -0.02486 1.49121
-0.82774 -0.10603 1.27906
-0.62255 -0.02991 1.39432
-0.64265 -0.12489 1.38318
-0.75087 -0.16134 1.33364
-0.70555 -0.15402 1.35731
-0.64562 -0.06889 1.40209
-0.61244 0.02863 1.41364
-0.67847 -0.03128 1.38240
-0.65747 -0.00200 1.37834
-0.59792 -0.02524 1.39140
-0.66465 -0.11706 1.33839
-0.63535 -0.10697 1.33424
-0.83145 -0.05700 1.22778
-0.72033 -0.08051 1.27597
-0.56721 -0.07632 1.33862
-0.46241 -0.08401 1.36157
-0.25803 -0.04823 1.40074
-0.28183 -0.09578 1.38458
-0.28497 -0.04815 1.36587
-0.31193 0.00615 1.35331
-0.35791 -0.06623 1.32297
-0.26708 -0.03804 1.33164
-0.08078 -0.08128 1.34393
-0.09288 -0.06560 1.32712
-0.17985 -0.09663 1.29014
-0.32023 -0.08026 1.25384
-0.34960 -0.11107 1.23634
-0.11178 -0.11523 1.26924
-0.33003 -0.05029 1.21994
-0.26205 -0.07495 1.22549
-0.09361 -0.04168 1.24291
-0.13270 -0.04034 1.23071
-0.10714 -0.04182 1.22077
-0.10171 -0.07480 1.20725
-0.14035 -0.07009 1.19295
-0.07660 -0.02784 1.19175
-0.09816 -0.03978 1.18410
-0.10714 -0.03884 1.18776
-0.07497 -0.04439 1.13622
-0.04891 -0.05820 1.13822
-0.06828 -0.04386 1.12234
-0.05094 -0.08686 1.11201
-0.03369 -0.07107 1.09776
-0.03035 -0.05248 1.08105
-0.06577 -0.01825 1.07739
-0.12456 -0.02346 1.07333
-0.14208 -0.08597 1.06251
-0.14442 -0.03581 1.04646
-0.13341 -0.07693 1.03283
-0.09087 -0.06508 1.02930
-0.18880 -0.04748 1.00837
-0.11217 -0.03702 1.01806
-0.10623 -0.05173 1.00894
-0.02828 -0.04820 1.00976
-0.10875 -0.01966 0.99803
-0.11010 -0.03320 1.00169
-0.08811 -0.05706 1.00026
-0.02152 -0.07430 0.98615
-0.10715 -0.06630 0.98206
-0.18752 -0.07885 0.96990
-0.15283 -0.09643 0.97319
-0.12255 -0.03055 0.97945
-0.15942 -0.04605 0.97028
-0.09816 -0.05366 0.96947
-0.08005 -0.06226 0.96779
-0.08337 -0.06921 0.96640
-0.11235 -0.08485 0.96156
-0.07725 -0.04140 0.96403
-0.10845 -0.03862 0.96136
-0.04661 -0.03509 0.96477
-0.14928 -0.03299 0.95520
-0.10256 -0.04092 0.95637
-0.14276 -0.04555 0.94717
-0.07756 -0.03514 0.95338
-0.07688 -0.05718 0.94885
-0.04913 -0.06767 0.94648
-0.17477 -0.02096 0.92838
-0.07519 -0.03355 0.93902
-0.07435 -0.03010 0.94128
-0.10066 -0.04684 0.94216
-0.04873 -0.06850 0.94808
-0.07263 -0.07270 0.95253
-0.22321 -0.04017 0.93751
-0.37435 -0.09283 0.88991
-0.01325 -0.08812 0.96997
-0.20528 -0.06973 0.95435
-0.38826 -0.05295 0.90061
-0.10784 -0.02534 0.98118
-0.22007 -0.04282 0.96148
-0.10308 -0.03575 0.98317
-0.10641 -0.07758 0.98121
-0.11159 -0.02409 0.98592
-0.11290 -0.05117 0.98987
-0.06221 -0.02390 0.99844
-0.07692 -0.10072 0.97398
-0.04664 -0.02683 0.98817
-0.09515 -0.07388 0.98344
-0.05617 -0.01895 0.99063
-0.04209 -0.05347 0.98583
-0.06414 -0.02809 0.98888
-0.06662 -0.05162 0.98622
-0.06873 -0.01639 0.98349
-0.11231 -0.02845 0.98290
-0.10456 -0.04965 0.98024
-0.02453 -0.04637 0.98786
-0.11529 -0.05975 0.97892
-0.06813 -0.03904 0.98268
-0.04874 -0.05890 0.97837
-0.07226 -0.07737 0.97490
-0.02027 -0.06856 0.97371
-0.08801 -0.03918 0.96712
-0.13352 -0.02838 0.95861
-0.12936 0.00556 0.95184
-0.09522 -0.04289 0.95790
-0.06599 -0.02694 0.96302
-0.07571 -0.04477 0.93924
-0.09004 -0.03518 0.94406
-0.06347 -0.07206 0.93925
-0.05120 -0.05087 0.94613
-0.06250 -0.04931 0.93483
-0.08190 -0.04497 0.93407
-0.15143 -0.04891 0.91942
-0.07844 -0.03786 0.93233
-0.05649 -0.05288 0.93479
-0.04785 -0.05010 0.93870
-0.03220 -0.05112 0.93859
-0.07152 -0.03099 0.94142
-0.08450 -0.04298 0.94724
-0.05341 -0.02805 0.95715
-0.06016 -0.02912 0.95235
-0.04975 -0.03199 0.95304
-0.00470 -0.03232 0.95276
-0.07336 0.02179 0.95313
-0.19216 -0.05593 0.94217
-0.04888 -0.04305 0.95948
-0.02014 -0.05955 0.96228
-0.09702 -0.03143 0.95941
0.04753 -0.03988 0.96863
0.07592 -0.09063 0.96480
0.00778 -0.03846 0.96322
-0.06440 -0.04235 0.97109
-0.05827 -0.02018 0.97737
-0.01562 -0.01335 0.98586
-0.10123 -0.04667 0.98090
-0.03463 -0.05551 0.98386
-0.05349 -0.04851 0.98361
-0.08238 -0.02392 0.98049
-0.03377 -0.02662 0.98495
-0.09289 -0.03260 0.97898
-0.06896 -0.04099 0.97635
-0.12458 -0.02429 0.97123
-0.06463 -0.02100 0.97624
-0.04855 -0.03274 0.98322
-0.08000 -0.04788 0.97301
-0.10167 -0.04645 0.97090
-0.07246 -0.03438 0.96856
-0.04130 -0.02998 0.98510
-0.07866 0.00466 0.95837
-0.13567 -0.00819 0.96997
-0.04915 -0.02536 0.97377
-0.04377 -0.04113 0.97095
-0.03648 -0.01425 0.98627
-0.16196 -0.04249 0.95577
-0.07441 -0.01827 0.99747
-0.00868 -0.05302 0.97100
-0.00619 -0.03145 0.99365
0.08432 -0.04672 0.99253
-0.00728 -0.00295 1.00655
-0.03542 -0.04024 1.00908
0.00957 -0.05431 1.01751
0.04485 -0.04248 1.01454
0.02686 -0.05746 1.02473
-0.03201 -0.01685 1.03197
-0.03513 -0.00502 1.03177
-0.03841 -0.05820 1.03813
-0.08121 -0.04263 1.03900
-0.05728 -0.05683 1.04665
-0.00359 -0.06893 1.05133
-0.05665 -0.05590 1.05612
-0.04695 -0.02566 1.05786
-0.02797 -0.05393 1.06536
-0.12213 -0.05705 1.06109
-0.06408 -0.06633 1.07027
-0.08496 -0.04267 1.07501
-0.07112 -0.03001 1.08069
-0.10458 -0.05773 1.08545
-0.07259 -0.02544 1.08925
-0.11132 -0.02447 1.09209
-0.10306 -0.02350 1.09632
-0.07174 -0.04314 1.10257
-0.15273 0.00192 1.09562
-0.17432 -0.00268 1.09357
-0.01265 -0.02541 1.11285
-0.02574 -0.04758 1.12017
-0.05600 -0.02779 1.12703
-0.06629 -0.05406 1.12370
-0.02434 -0.06564 1.12965
-0.01179 -0.03829 1.13307
-0.05541 -0.03990 1.13478
-0.02892 -0.04709 1.13848
-0.08173 -0.03190 1.14075
-0.11041 -0.05582 1.13844
-0.15403 -0.06418 1.12911
-0.08997 -0.06885 1.13631
-0.06078 -0.05397 1.13811
-0.05150 -0.05666 1.14181
-0.02946 -0.05553 1.13680
-0.07297 -0.04317 1.13312
-0.05445 -0.05109 1.13181
-0.04319 -0.07241 1.12929
-0.07279 -0.05686 1.12199
-0.09218 -0.04221 1.12003
-0.06235 -0.05404 1.12191
0.02025 -0.07228 1.11608
-0.07159 -0.03643 1.11397
-0.06178 -0.03116 1.11218
-0.08342 -0.04360 1.10869
-0.02915 -0.04477 1.10971
-0.04880 -0.03170 1.10796
0.00754 -0.06299 1.10755
-0.04983 -0.04098 1.10619
-0.10572 -0.06037 1.09976
-0.09298 -0.08363 1.09660
-0.08323 -0.05062 1.09608
-0.12523 -0.04396 1.09591
-0.09298 -0.04618 1.09529
-0.10024 -0.01281 1.09706
-0.20024 -0.03450 1.08361
-0.16101 -0.02950 1.08612
-0.04486 -0.02958 1.08848
-0.00293 -0.09071 1.08354
-0.06509 -0.00874 1.08045
-0.00413 -0.06996 1.07946
-0.06733 -0.03181 1.06806
0.02241 -0.04994 1.05959
0.02659 -0.06557 1.04349
0.01535 -0.05106 1.03085
-0.00678 -0.06129 1.01197
-0.02146 -0.04780 1.00286
-0.06625 -0.04428 0.98222
-0.00570 -0.04369 0.96713
-0.00928 -0.07052 0.95263
-0.09576 -0.04147 0.94322
-0.06149 -0.07638 0.94436
-0.07724 -0.06929 0.94105
-0.07948 -0.05921 0.93515
-0.04629 -0.07222 0.93685
-0.15498 -0.06428 0.92172
-0.04798 -0.07882 0.92739
-0.09311 -0.04939 0.92473
-0.16862 -0.02234 0.90329
-0.31149 -0.03276 0.87156
-0.06390 -0.05446 0.91794
-0.06709 -0.04265 0.90497
-0.06054 -0.01172 0.91845
-0.06217 -0.04601 0.92097
-0.03121 -0.03743 0.90962
-0.09636 -0.03857 0.91943
-0.10990 -0.03253 0.90228
-0.07801 -0.05567 0.92065
-0.10743 -0.03214 0.92084
-0.07878 -0.05453 0.91305
-0.05989 -0.03345 0.93041
-0.06765 -0.02408 0.94051
-0.08645 -0.02982 0.94291
-0.12576 -0.03539 0.94053
-0.07837 -0.02660 0.94668
0.00351 -0.03055 0.96224
-0.03207 -0.03645 0.97283
-0.04678 -0.04581 0.98317
-0.02248 -0.04267 0.99030
-0.00937 -0.05395 0.99637
-0.07674 -0.05693 1.00400
-0.05466 -0.06064 1.01641
-0.05919 -0.03016 1.03012
-0.06390 -0.01946 1.04762
-0.11413 -0.01936 1.05446
-0.04335 -0.03032 1.07040
-0.07252 -0.00091 1.07868
0.00247 -0.01973 1.09016
-0.12419 -0.01394 1.08919
-0.11521 0.02431 1.09605
-0.12771 -0.01736 1.10393
-0.06946 -0.03352 1.11281
-0.02717 -0.00399 1.12245
-0.05020 -0.04278 1.12227
-0.16261 -0.02615 1.10931
-0.08747 -0.05875 1.11836
-0.07978 -0.06054 1.11713
-0.09425 -0.03982 1.11593
-0.07505 -0.03729 1.12007
-0.04530 -0.04023 1.12247
-0.03517 -0.04092 1.11902
-0.02040 -0.04522 1.11537
0.03073 -0.04454 1.10985
-0.06735 -0.06576 1.10162
-0.06303 -0.05428 1.10343
-0.04393 -0.05591 1.09910
-0.06043 -0.05102 1.09410
-0.05331 -0.05629 1.09405
-0.03558 -0.07858 1.08925
-0.03343 -0.03166 1.09286
-0.03204 -0.03616 1.09665
-0.04331 -0.01806 1.10040
-0.05718 0.00944 1.10012
-0.19859 -0.06702 1.08295
-0.16970 -0.03243 1.09236
-0.11256 -0.04577 1.10165
-0.14293 -0.04705 1.10108
-0.11943 -0.03707 1.10127
-0.10520 -0.06130 1.10143
-0.05887 -0.02135 1.11346
-0.01979 -0.06440 1.11438
-0.04980 -0.00055 1.11720
-0.05750 -0.03846 1.11639
-0.09169 -0.02960 1.11838
-0.01486 -0.03177 1.12450
-0.10266 -0.05451 1.11631
-0.07634 -0.03689 1.11755
-0.18735 -0.05093 1.10180
-0.10470 -0.02320 1.10891
-0.05658 -0.02098 1.11181
-0.04888 -0.00721 1.11335
-0.12785 -0.00535 1.10243
-0.05706 -0.00639 1.10637
-0.05593 0.00157 1.10774
-0.03754 -0.02874 1.10429
-0.05603 -0.04057 1.09699
-0.03373 -0.06018 1.09013
-0.02241 -0.03788 1.08691
-0.03763 -0.03800 1.09065
-0.03694 -0.04418 1.08141
-0.03703 -0.03505 1.07804
-0.04127 -0.04599 1.06935
-0.01274 -0.03476 1.06231
-0.04077 -0.03993 1.06435
-0.03681 -0.04189 1.05407
-0.03125 -0.06780 1.04570
-0.03612 -0.04886 1.04338
-0.01629 -0.07570 1.03884
0.02116 -0.02576 1.03593
-0.01397 -0.06845 1.02480
-0.06735 -0.03071 1.01727
-0.04977 -0.05447 1.00878
-0.05685 -0.02077 1.01076
-0.02356 -0.04281 1.00582
-0.01223 -0.03990 0.99805
-0.03502 -0.04597 0.99050
-0.02255 -0.03661 0.98739
-0.02061 -0.06210 0.98457
-0.03520 -0.04230 0.98044
-0.07555 -0.03778 0.97163
-0.05541 -0.02152 0.96976
-0.05128 -0.02300 0.96251
-0.07862 -0.01443 0.96188
-0.05380 -0.02861 0.95766
-0.03093 -0.03108 0.95972
-0.11036 -0.01949 0.94722
-0.02601 -0.04120 0.94130
-0.03741 -0.03091 0.94398
-0.12210 -0.00342 0.93087
-0.06160 -0.02308 0.93140
-0.09557 -0.01532 0.92072
-0.03484 -0.03382 0.91402
-0.00418 -0.05726 0.90690
-0.02617 -0.06360 0.89502
-0.02930 -0.03479 0.88515
-0.03503 -0.04441 0.87559
-0.06611 -0.02874 0.85668
0.02492 -0.07561 0.84252
-0.01750 -0.05409 0.82922
-0.05041 -0.04134 0.81682
-0.02837 -0.05678 0.80932
-0.01460 -0.04836 0.80462
0.01380 -0.06134 0.79913
0.02007 -0.04003 0.79704
-0.00861 -0.05699 0.79396
0.01613 -0.05671 0.79167
0.01442 -0.04661 0.79453
0.01069 -0.03941 0.79305
-0.01883 -0.02364 0.79182
-0.03897 -0.03374 0.79946
-0.03717 -0.04164 0.78284
-0.13527 -0.03600 0.77880
-0.05833 -0.01754 0.79087
-0.06785 -0.00201 0.77594
-0.17320 -0.00496 0.77411
-0.10516 -0.01983 0.76692
0.00306 -0.07686 0.79216
-0.05779 -0.05951 0.78839
0.00173 -0.05320 0.77476
-0.05729 -0.04179 0.79344
-0.09024 -0.02263 0.79158
-0.10354 -0.03529 0.77833
-0.05186 -0.02548 0.80195
-0.04647 -0.03470 0.78885
-0.00989 -0.03136 0.80947
-0.02364 -0.04326 0.81427
-0.01504 -0.02926 0.80405
0.01283 -0.05212 0.82061
-0.05588 -0.03207 0.80848
-0.03114 -0.03681 0.82846
-0.05201 -0.03995 0.83411
-0.04521 -0.05685 0.82491
-0.03081 -0.04199 0.84046
-0.05785 -0.05830 0.84252
-0.04832 -0.03307 0.84025
-0.15512 -0.06631 0.83866
-0.07183 -0.01061 0.85043
-0.04396 -0.00863 0.86325
-0.02098 -0.03785 0.86387
-0.07496 -0.04554 0.85361
-0.02386 -0.04070 0.86692
-0.02926 -0.04256 0.87158
-0.10384 -0.01891 0.85699
-0.04144 -0.01115 0.87834
-0.06247 -0.00142 0.87817
0.11149 -0.02989 0.87022
0.02035 -0.04384 0.88515
0.03078 -0.03168 0.87060
0.07456 -0.04183 0.87867
0.04173 -0.04896 0.88128
0.04972 -0.04260 0.86225
-0.00150 -0.03454 0.87392
0.04518 -0.03656 0.86888
0.07149 -0.02754 0.84924
0.14471 -0.07838 0.85235
-0.17468 -0.02597 0.84025
-0.25049 -0.03621 0.83501
-0.13038 -0.02121 0.86515
-0.18847 -0.06814 0.84581
-0.12102 -0.04217 0.86716
-0.14553 -0.03588 0.87011
-0.08932 -0.00439 0.87979
-0.10081 -0.01190 0.89164
-0.02606 -0.02895 0.88657
-0.01514 -0.05519 0.89869
-0.11607 -0.03646 0.89487
-0.12362 -0.02024 0.88631
-0.15688 -0.01240 0.89646
-0.20167 -0.01977 0.89183
0.00279 -0.04680 0.90862
0.02755 -0.04790 0.92411
-0.03181 -0.02815 0.92162
-0.04474 -0.03175 0.93476
-0.16924 -0.03995 0.92471
-0.12310 -0.02201 0.93295
-0.29994 -0.04848 0.90341
-0.04985 -0.03918 0.95865
-0.14200 -0.04516 0.94501
-0.16963 -0.04897 0.95571
-0.24784 -0.07464 0.93616
-0.30424 -0.06760 0.93229
-0.22298 -0.06861 0.96158
-0.15190 -0.07895 0.97056
-0.15775 -0.04962 0.98583
-0.10475 -0.04909 0.99871
-0.12737 -0.03274 1.00276
-0.15103 -0.02770 1.01140
-0.06545 -0.03143 1.02141
-0.19857 -0.09129 1.00506
-0.09301 -0.05983 1.03026
-0.05307 -0.10442 1.03086
0.05183 -0.03797 1.04663
-0.14028 -0.07969 1.03611
-0.03677 -0.00750 1.06215
-0.00228 -0.06639 1.06186
0.02753 -0.05882 1.06341
0.00781 -0.06909 1.07003
-0.20420 -0.02934 1.06107
-0.21865 -0.05990 1.06731
-0.13455 -0.03114 1.07865
-0.06516 -0.05245 1.09142
-0.02536 -0.04068 1.10061
-0.05184 -0.03425 1.10501
-0.05305 -0.03243 1.11035
-0.06490 -0.02040 1.11623
-0.03604 -0.01718 1.12011
0.00444 -0.09158 1.11960
0.02176 -0.08456 1.12717
-0.00139 -0.01964 1.13641
-0.02448 -0.03905 1.14136
-0.01659 -0.03678 1.14616
-0.03718 -0.04168 1.15278
-0.01987 -0.03236 1.16075
-0.07294 -0.01918 1.16774
-0.03564 -0.02308 1.17240
-0.13390 -0.06656 1.17755
0.08228 -0.05924 1.17188
-0.18879 -0.01949 1.17221
-0.04806 -0.03404 1.25797
-0.02108 -0.07190 1.13435
-0.03250 -0.03689 1.20618
-0.08678 -0.03240 1.21324
-0.03214 -0.02687 1.22481
-0.10168 -0.05251 1.22440
-0.07696 -0.00281 1.23124
-0.01187 -0.06003 1.23835
-0.07868 -0.05283 1.24266
-0.00274 -0.08831 1.24666
-0.09500 -0.05409 1.24957
-0.07549 -0.06085 1.26200
-0.07147 -0.07457 1.27196
-0.06026 -0.01885 1.27514
-0.47406 -0.11511 1.18728
-0.05374 -0.08514 1.28670
-0.04758 -0.07529 1.29398
-0.03900 -0.04849 1.31060
-0.03856 -0.03511 1.32547
-0.03653 -0.06618 1.32310
-0.08435 -0.07821 1.32579
-0.11063 -0.07951 1.33243
-0.11618 -0.04475 1.34102
-0.06297 -0.03881 1.35478
-0.04342 -0.04913 1.35972
-0.10301 -0.04451 1.36350
-0.19029 -0.04703 1.36106
-0.14370 -0.04842 1.37238
-0.13155 -0.04981 1.38203
-0.16662 -0.06508 1.38281
0.04450 -0.07942 1.39448
-0.25618 -0.08503 1.37592
-0.04575 -0.05219 1.40104
-0.04543 -0.06750 1.40822
-0.02190 -0.02817 1.40718
-0.07020 -0.05367 1.40929
-0.06113 -0.04674 1.40757
0.01359 -0.07334 1.41038
-0.12289 -0.08088 1.40497
-0.11769 -0.06957 1.40506
-0.09172 -0.09923 1.40410
-0.07118 -0.06457 1.40507
-0.05753 -0.09148 1.40718
0.01295 -0.09165 1.40858
-0.04874 -0.02629 1.40615
-0.08726 -0.04756 1.40902
-0.08757 -0.07024 1.41201
-0.12731 -0.06314 1.39935
-0.07477 -0.06895 1.39864
-0.09961 -0.10032 1.39085
-0.14000 -0.07048 1.38522
-0.09633 -0.08256 1.38472
-0.10952 -0.05140 1.39006
-0.07131 -0.07348 1.38925
-0.07894 -0.05738 1.38559
-0.03603 -0.06929 1.38498
0.00246 -0.03880 1.38172
-0.04153 -0.07995 1.38377
-0.06003 -0.07999 1.37282
0.00414 -0.08875 1.37292
0.20719 -0.10588 1.34934
-0.04060 -0.08092 1.36357
-0.00573 -0.05655 1.36461
-0.02892 -0.06879 1.35322
-0.01335 -0.10422 1.34771
0.02980 -0.07678 1.34567
-0.02528 -0.07279 1.34319
0.03264 -0.06219 1.33749
0.05820 -0.05772 1.33077
0.09736 -0.07076 1.31623
0.04578 -0.06821 1.29878
-0.03677 -0.07431 1.28610
-0.05438 -0.07826 1.26661
-0.07879 -0.07258 1.24268
-0.08920 -0.07613 1.22074
-0.07219 -0.07915 1.20119
-0.05729 -0.06655 1.18868
-0.04501 -0.07778 1.16410
-0.12248 -0.04502 1.13984
-0.04591 -0.06684 1.11996
-0.07972 -0.07074 1.09767
-0.15783 -0.06957 1.07168
-0.17573 -0.06173 1.05279
-0.04388 -0.03018 1.06083
-0.45901 -0.09558 0.93977
-0.07376 -0.07411 1.03403
0.05252 -0.02337 1.03172
-0.03760 -0.05706 1.01729
-0.04382 -0.08023 1.00948
-0.15412 -0.02312 0.99461
-0.06156 -0.09662 1.00410
-0.08995 -0.02161 1.00558
-0.04573 -0.05256 1.01171
-0.09169 0.00686 1.00527
-0.08207 -0.04993 1.00791
-0.15537 -0.04689 0.99957
-0.05088 -0.03471 0.99998
0.01245 -0.03803 1.00002
-0.10155 -0.04304 0.99747
-0.07887 -0.05691 0.99984
-0.10760 -0.08421 1.00229
-0.09400 -0.07023 0.99607
-0.13931 -0.08644 0.99851
-0.17399 -0.05615 1.00609
-0.19004 -0.05791 0.99868
-0.22980 -0.04648 1.00712
-0.14962 -0.06389 1.02972
-0.07355 -0.06814 1.03402
-0.11952 -0.05698 1.04787
-0.07381 -0.03079 1.05767
-0.14644 -0.10526 1.03148
-0.04983 -0.02582 1.06457
-0.02813 -0.05840 1.05487
-0.07414 -0.02807 1.07416
0.07502 -0.08500 1.07603
-0.14715 -0.01839 1.07189
-0.12321 -0.04605 1.09209
-0.01191 0.00121 1.10363
-0.05650 -0.02816 1.08879
-0.12752 -0.04303 1.09885
-0.13206 -0.09250 1.09322
-0.15004 -0.01793 1.11432
-0.16014 -0.02952 1.11908
-0.17208 -0.04433 1.10456
-0.14969 -0.03855 1.13092
-0.08795 -0.04489 1.13427
-0.09208 -0.05389 1.12744
-0.07871 -0.02471 1.14268
-0.13388 -0.05627 1.12906
-0.15910 -0.03573 1.14598
-0.09935 -0.04822 1.15261
-0.06831 -0.04875 1.15156
-0.08205 -0.03812 1.16245
-0.07654 -0.04836 1.16016
-0.14620 -0.04753 1.16174
-0.18370 -0.03955 1.15987
-0.08310 -0.05385 1.17636
-0.06540 -0.04792 1.18151
-0.09878 -0.03615 1.17038
-0.06692 -0.06289 1.17076
-0.04013 -0.06592 1.16736
-0.03126 -0.05280 1.16995
-0.10876 -0.01783 1.16286
-0.18290 -0.05089 1.14764
-0.19487 -0.04926 1.14388
-0.17848 -0.04626 1.13993
-0.05493 -0.06122 1.14748
-0.06151 -0.02870 1.13233
-0.05399 -0.07127 1.12147
-0.03029 -0.04544 1.11062
-0.06503 -0.06250 1.09989
-0.13115 -0.04906 1.07088
-0.05306 -0.09815 1.05354
-0.03750 -0.08254 1.04285
-0.01589 -0.06458 1.02089
-0.01976 -0.07738 1.00961
-0.05849 -0.08309 0.98887
-0.01665 -0.07875 0.96454
-0.01767 -0.05544 0.95705
-0.00674 -0.07284 0.93311
-0.04207 -0.06525 0.90770
-0.09730 -0.09541 0.87913
-0.11061 -0.05429 0.84155
-0.04606 -0.00432 0.84284
-0.05210 -0.00221 0.81461
-0.00988 -0.03750 0.81586
-0.06471 -0.04187 0.80713
-0.02206 -0.01933 0.77529
-0.02029 -0.00749 0.78630
-0.03752 -0.05492 0.74356
-0.01690 -0.02644 0.75401
-0.02649 -0.04627 0.75673
0.01145 -0.03426 0.71633
0.02194 -0.04598 0.75266
0.03235 -0.03299 0.71427
-0.00670 0.00709 0.75917
0.01729 -0.00090 0.76035
-0.02420 -0.00825 0.72640
-0.03283 -0.02236 0.74479
-0.05108 -0.01732 0.71106
0.03179 -0.03966 0.73063
0.01361 -0.01789 0.72690
0.02463 -0.03972 0.71185
-0.00301 -0.02875 0.73241
0.04687 -0.02487 0.71769
0.02877 -0.03080 0.72927
0.02291 -0.02458 0.73224
0.01016 -0.02893 0.72816
-0.00799 -0.03844 0.73266
0.00221 -0.03267 0.73643
0.00592 -0.02699 0.73922
-0.00343 -0.02554 0.74324
-0.00114 -0.03900 0.74835
-0.01512 -0.03649 0.74852
-0.02094 -0.02163 0.75101
0.01151 -0.04953 0.74925
0.05002 -0.05065 0.74966
0.03838 -0.07198 0.74236
0.00391 -0.02208 0.74946
0.02861 -0.04426 0.75052
0.03242 -0.00279 0.75625
0.06146 -0.05311 0.75032
0.07464 -0.03132 0.75167
0.04919 -0.05120 0.74108
0.17295 -0.05059 0.71347
0.23798 -0.01757 0.70612
0.04446 -0.02945 0.72097
0.00594 -0.03212 0.73024
-0.01053 -0.03913 0.69959
-0.08693 -0.05509 0.68265
-0.03284 -0.07150 0.69268
0.03085 -0.05635 0.68094
0.06235 -0.06146 0.68079
0.03565 -0.02698 0.69622
0.04528 -0.01700 0.68882
0.10245 -0.01880 0.69430
0.05182 -0.02526 0.69124
0.03861 -0.02190 0.68935
0.01207 -0.03155 0.70928
-0.03188 -0.08398 0.69004
0.01098 -0.07523 0.68808
-0.03967 -0.07664 0.70866
0.03990 -0.03102 0.68912
0.01477 -0.01677 0.72870
0.03201 -0.04349 0.70515
-0.00407 -0.04144 0.70404
-0.03947 -0.04986 0.72959
-0.01902 -0.03275 0.71010
-0.03722 -0.02258 0.72172
-0.05996 -0.03478 0.75121
-0.03155 -0.00674 0.73624
0.00090 -0.03577 0.76122
-0.02591 -0.01439 0.75185
-0.03285 -0.01496 0.76152
-0.06666 -0.04165 0.77635
-0.12307 -0.04824 0.77212
-0.07383 -0.06147 0.78860
-0.07981 -0.01740 0.80251
-0.05868 -0.03137 0.80977
-0.07072 -0.02833 0.82413
-0.05606 -0.02639 0.83564
-0.05421 -0.01169 0.84467
-0.05902 -0.05287 0.85424
-0.04323 -0.05486 0.86218
-0.04742 -0.03021 0.86803
-0.05348 -0.03322 0.88845
-0.06752 -0.00157 0.89621
-0.06897 -0.03147 0.90396
-0.07798 -0.03349 0.91058
-0.04464 -0.02439 0.92116
-0.04733 -0.04082 0.93309
-0.08949 -0.03800 0.93965
-0.03075 -0.06176 0.95463
-0.05208 -0.00812 0.95680
-0.04021 -0.03900 0.96996
-0.02641 -0.03184 0.97903
-0.01785 -0.02423 0.98542
-0.03497 -0.01386 0.99396
-0.03157 -0.03298 1.00132
-0.02070 -0.00747 1.00253
-0.01352 -0.01664 1.00614
-0.08745 -0.02642 1.00459
-0.05570 0.01418 1.01166
-0.06883 -0.08585 1.00706
-0.08300 0.06613 1.00895
-0.08178 -0.10086 1.01383
-0.07015 0.00371 1.02052
-0.14815 -0.09268 1.00228
-0.14283 -0.03716 1.00700
-0.14472 -0.06535 1.00722
-0.11525 -0.03950 1.01297
-0.11552 -0.04402 1.01292
-0.11497 -0.03617 1.01258
-0.20471 -0.03086 0.99460
-0.10522 -0.04999 1.01215
-0.09167 -0.03498 1.01074
-0.13828 -0.03922 1.01076
-0.09658 -0.01877 1.01208
-0.10033 -0.02495 1.01021
-0.07452 -0.00557 1.01833
-0.10491 -0.04781 1.00394
-0.06018 -0.04087 1.00423
-0.09547 -0.07254 1.00150
-0.05552 -0.04615 1.00459
-0.21808 -0.02404 0.98224
-0.10743 -0.00084 1.00494
-0.12549 -0.00797 0.99967
-0.13852 -0.06357 0.99057
-0.05030 -0.04375 1.00683
-0.10342 -0.03243 0.99684
-0.09386 -0.04995 1.00342
-0.11914 -0.04718 0.99562
-0.16059 -0.06067 0.98545
-0.20386 -0.05661 0.98318
-0.12040 -0.07248 0.99064
-0.12760 -0.01900 0.99824
-0.03217 -0.06388 1.00319
-0.05724 -0.03572 1.01099
-0.03034 -0.05309 0.99404
-0.05647 -0.02671 0.99832
-0.02347 -0.07304 0.99730
-0.07949 -0.01710 0.99974
-0.05287 -0.04643 0.99926
-0.07631 -0.03440 1.00299
-0.14165 -0.04996 0.99621
-0.19803 -0.05651 0.98262
-0.06799 -0.06764 0.99742
-0.06084 -0.05487 0.99851
-0.06771 -0.05417 0.99824
-0.03146 -0.02568 0.99732
-0.07364 -0.02785 0.99126
0.00937 -0.02338 0.99253
-0.04452 -0.05212 0.98734
-0.04271 -0.07317 0.98280
-0.09440 -0.03724 0.97949
-0.11850 -0.06133 0.97290
-0.07656 -0.02930 0.97177
-0.08930 -0.03839 0.97363
-0.07604 -0.04902 0.97030
-0.03700 -0.07093 0.96510
-0.08905 -0.07047 0.97184
-0.10907 -0.06069 0.92300
-0.11951 -0.07245 0.93304
-0.14011 -0.07048 0.91716
-0.12301 -0.06317 0.90993
-0.12629 -0.07612 0.89200
-0.07212 -0.07954 0.87720
-0.19195 -0.08123 0.83879
-0.17440 -0.06659 0.81255
-0.11072 -0.01896 0.79959
-0.11830 -0.01408 0.78273
-0.10337 -0.03182 0.75535
-0.05336 -0.03767 0.73626
-0.06468 -0.05858 0.71241
-0.01547 -0.03775 0.69891
0.00215 -0.02819 0.69427
-0.02942 -0.01500 0.69624
0.03057 -0.01924 0.69322
0.01678 -0.04358 0.68197
-0.00469 -0.04572 0.67160
-0.02491 -0.01402 0.66971
-0.00423 -0.00073 0.66247
0.02623 0.01030 0.65519
0.01360 0.00196 0.66545
-0.01922 -0.01185 0.63940
-0.02377 -0.02341 0.65410
-0.01619 -0.01230 0.62559
0.00345 -0.00405 0.65782
-0.00702 -0.01785 0.62283
-0.02497 -0.02613 0.61559
0.00045 -0.03262 0.65671
-0.00038 -0.02220 0.61749
-0.00636 -0.00387 0.66593
0.01280 -0.03562 0.63166
0.02171 -0.03604 0.63904
-0.00127 -0.01972 0.68390
-0.01229 -0.02057 0.64556
-0.06816 -0.06179 0.68701
-0.01144 -0.03372 0.65827
0.01255 -0.02115 0.65671
-0.02079 -0.00377 0.70149
-0.05655 -0.05654 0.66656
-0.03230 -0.03280 0.70516
0.02708 -0.05175 0.69270
0.02151 -0.03096 0.70689
0.01426 -0.04593 0.73711
-0.01758 -0.06230 0.73353
-0.02627 -0.03290 0.75374
-0.02632 -0.03307 0.76809
-0.02009 -0.03686 0.77625
-0.05250 -0.04546 0.80307
-0.04527 -0.04367 0.80455
-0.04570 -0.02886 0.82756
-0.01996 -0.03684 0.84189
-0.03902 -0.02189 0.85999
-0.03924 -0.02280 0.87545
-0.04588 -0.02346 0.89131
-0.04673 -0.03071 0.90819
-0.03640 -0.03878 0.92019
-0.04212 -0.03769 0.93451
-0.09870 -0.04205 0.93507
-0.10374 -0.04281 0.95191
-0.04200 -0.05067 0.96787
-0.05848 -0.03165 0.97411
-0.09676 -0.05559 0.98624
-0.07144 -0.05363 0.99414
-0.05678 -0.05392 1.00327
-0.11991 -0.04866 1.01031
-0.09133 -0.09429 1.02012
-0.10624 -0.04840 1.02594
-0.03214 -0.06836 1.03882
-0.07190 -0.01216 1.03751
-0.01765 -0.03185 1.05105
-0.06151 -0.03833 1.04579
-0.05885 -0.03341 1.05107
-0.00007 -0.01144 1.05517
-0.10186 -0.04954 1.05544
-0.06063 -0.04433 1.05726
-0.08406 -0.05086 1.05532
-0.06658 -0.03016 1.06448
-0.06963 -0.02918 1.06700
-0.03686 -0.03185 1.06752
-0.04308 -0.03645 1.06212
-0.02004 -0.02898 1.07217
-0.04244 -0.03457 1.05752
-0.09317 -0.06480 1.06208
-0.05244 -0.04466 1.07066
-0.06566 -0.04098 1.06510
-0.17281 0.00631 1.05759
-0.13997 -0.03526 1.05812
-0.14279 -0.04636 1.05322
-0.07512 -0.06605 1.07031
-0.09768 -0.04686 1.06894
-0.08432 -0.05874 1.07388
-0.01894 -0.07376 1.08403
-0.02605 -0.06329 1.08365
-0.07603 -0.02537 1.09254
-0.06733 -0.03223 1.09530
-0.15813 -0.02786 1.09681
-0.17609 -0.00149 1.09731
-0.05349 -0.01139 1.11386
-0.05569 -0.01498 1.11711
-0.04199 -0.04024 1.11959
-0.08474 -0.03435 1.12074
-0.03123 -0.04969 1.13016
-0.06737 -0.05198 1.13309
-0.08746 -0.03602 1.13772
-0.10814 -0.02063 1.14101
-0.09343 -0.03285 1.15543
-0.09002 -0.04789 1.15229
-0.06963 -0.03902 1.16086
-0.08254 -0.03809 1.16477
-0.07861 -0.02441 1.17583
-0.06217 -0.02927 1.18438
-0.10524 -0.01402 1.18947
-0.03640 -0.05572 1.19964
-0.10766 -0.03521 1.19484
-0.13665 -0.06873 1.20162
-0.24268 -0.05158 1.19145
-0.06902 -0.04857 1.22356
-0.00561 -0.06310 1.22617
-0.00063 -0.06476 1.23339
-0.02173 -0.05358 1.24443
0.00319 -0.05680 1.25444
-0.01812 -0.07910 1.25349
-0.06604 -0.07679 1.25402
-0.17660 -0.06969 1.24725
-0.06097 -0.05675 1.26668
-0.00254 -0.01759 1.27327
0.04463 -0.07285 1.27786
0.02206 -0.05309 1.28500
-0.00091 -0.05907 1.28157
-0.02754 -0.04812 1.28765
0.00008 -0.02987 1.29829
-0.01505 -0.04309 1.30478
-0.03954 -0.01937 1.30298
-0.09845 -0.07256 1.29938
-0.05257 -0.04565 1.29283
0.00031 -0.04774 1.29907
-0.04423 -0.05105 1.30178
-0.09565 -0.04333 1.30616
-0.03742 -0.04881 1.31881
0.01008 -0.06657 1.32075
-0.04341 -0.01625 1.32786
-0.03524 -0.03487 1.33009
-0.01629 -0.04950 1.32749
-0.09261 -0.05570 1.32815
-0.07046 -0.05348 1.34278
-0.07715 -0.01496 1.34711
-0.04075 -0.04561 1.35530
-0.02326 -0.02017 1.36111
-0.12080 0.00029 1.36013
-0.04788 -0.04638 1.36169
-0.00763 -0.03827 1.36624
-0.04742 -0.02471 1.36772
-0.05258 -0.01819 1.36521
-0.07556 -0.05969 1.37182
-0.11972 -0.07162 1.36744
-0.14051 -0.07113 1.37132
-0.19562 -0.02302 1.36565
0.01278 -0.05695 1.38053
-0.12620 -0.06381 1.39010
-0.13697 -0.01554 1.38924
-0.19752 -0.01667 1.38839
-0.14234 -0.00775 1.40053
-0.15952 -0.04410 1.40887
-0.09517 -0.04308 1.42055
-0.09360 -0.04206 1.43194
-0.09974 -0.03969 1.43011
-0.13583 -0.06120 1.43128
-0.09186 -0.06330 1.44091
-0.06500 -0.08423 1.44208
-0.07037 -0.07414 1.44088
-0.06044 -0.05749 1.45182
-0.03678 -0.08558 1.45491
-0.07685 -0.04237 1.45987
-0.05508 -0.06598 1.47120
-0.02196 -0.06544 1.46848
-0.03750 -0.04269 1.47893
-0.00285 -0.09052 1.46218
-0.03436 -0.04603 1.47488
-0.09299 0.00134 1.47089
-0.03187 -0.04115 1.47713
-0.11347 -0.04605 1.47347
-0.05607 -0.04027 1.46940
-0.01059 -0.08355 1.47600
-0.13888 -0.07204 1.46455
-0.13762 -0.06434 1.47145
-0.06671 -0.04640 1.47553
-0.08079 -0.08031 1.46882
-0.04367 -0.05813 1.48133
-0.04678 -0.06390 1.47143
-0.07228 -0.09023 1.46226
-0.07429 -0.08610 1.46545
-0.03478 -0.05212 1.46565
-0.08576 -0.03071 1.46862
-0.06683 -0.07865 1.46614
-0.07317 -0.08522 1.45748
-0.19829 -0.04355 1.44991
-0.09975 -0.08283 1.45992
-0.02284 -0.07264 1.46579
-0.10785 -0.05784 1.46435
-0.08248 -0.04332 1.46349
-0.12779 -0.07626 1.46025
-0.09128 -0.03493 1.46142
-0.09993 -0.06081 1.45631
-0.12346 -0.05752 1.44968
-0.10336 -0.07333 1.45573
-0.11294 -0.06846 1.45034
-0.10810 -0.09939 1.44784
-0.11892 -0.06151 1.44960
-0.05349 -0.05249 1.45635
-0.15158 -0.04728 1.44931
-0.10726 -0.07827 1.44993
-0.07318 -0.07139 1.45835
-0.11137 -0.08081 1.44108
-0.09304 -0.03887 1.44566
-0.07768 -0.10015 1.45109
-0.09198 -0.00779 1.45450
-0.10491 -0.07801 1.45088
-0.04677 -0.08338 1.43734
-0.11795 -0.09671 1.43380
-0.06219 -0.08660 1.43790
-0.19846 -0.05667 1.43186
-0.09008 -0.07538 1.43847
-0.20261 -0.04617 1.43165
-0.19358 -0.05272 1.42747
-0.18122 -0.03911 1.43208
-0.08379 -0.07789 1.43202
-0.06301 -0.04731 1.44153
-0.13410 -0.07497 1.43887
-0.07689 -0.08051 1.44522
-0.00331 -0.08366 1.44604
-0.10154 -0.03718 1.44456
-0.08012 -0.08999 1.45048
-0.06714 -0.05219 1.44994
-0.06384 -0.05912 1.45177
-0.06231 -0.06873 1.45086
-0.07604 -0.03237 1.45333
-0.07021 -0.04290 1.45084
-0.09265 -0.07506 1.44634
-0.07203 -0.08152 1.45024
-0.09128 -0.06248 1.44456
-0.12411 -0.05499 1.45279
-0.14291 -0.06791 1.44082
-0.17425 -0.07415 1.43544
-0.10577 -0.07499 1.43768
-0.10408 -0.07213 1.44366
-0.06252 -0.08057 1.44330
-0.08495 -0.08241 1.44445
-0.02837 -0.10354 1.45511
-0.28622 -0.03824 1.42672
-0.04954 -0.08417 1.45737
-0.12381 -0.05747 1.44140
-0.07400 -0.06738 1.43855
-0.10552 -0.04381 1.43566
-0.08042 -0.05102 1.44019
-0.04154 -0.05116 1.43876
-0.06546 -0.06322 1.43340
-0.03531 -0.08628 1.42765
-0.13266 -0.05806 1.42584
-0.19633 -0.07888 1.41107
-0.06723 -0.06470 1.43161
-0.09543 -0.07756 1.42394
-0.06541 -0.05265 1.42315
-0.09837 -0.05266 1.42425
-0.07886 -0.04150 1.42686
-0.07951 -0.06513 1.42565
-0.09639 -0.04483 1.42025
-0.04925 -0.09287 1.42529
-0.05183 -0.06494 1.43277
-0.08099 -0.08603 1.42520
-0.19287 -0.07252 1.41806
-0.12196 -0.10386 1.41930
-0.07589 -0.09062 1.41975
-0.06571 -0.07256 1.41631
-0.08281 -0.06444 1.41415
-0.10650 -0.02640 1.41267
-0.17123 -0.04353 1.41224
-0.08900 -0.04269 1.41586
-0.17081 0.00074 1.40803
-0.08754 -0.03910 1.42182
-0.08224 -0.04100 1.42491
-0.15654 -0.00727 1.42407
-0.19729 -0.06872 1.41787
-0.14150 -0.08214 1.42194
-0.33940 -0.02884 1.38746
-0.07334 -0.04912 1.43091
-0.10686 -0.07531 1.43276
-0.09107 -0.06088 1.42966
-0.03969 -0.09032 1.42961
-0.07955 -0.08148 1.43237
-0.21984 -0.06645 1.40954
-0.16178 -0.06681 1.42630
-0.11506 -0.06560 1.43177
-0.04259 -0.07093 1.43654
-0.11801 -0.05961 1.44055
-0.03955 -0.09274 1.44191
-0.79596 -0.06574 1.20395
-0.85273 -0.04092 1.17333
-0.85314 -0.08385 1.17776
-0.42508 -0.00588 1.39729
-0.15427 -0.02119 1.44859
-0.33022 -0.00610 1.42393
-0.25267 -0.01174 1.43554
-0.16799 -0.04055 1.45554
-0.16321 -0.03738 1.45725
-0.12827 -0.02956 1.45670
-0.13869 -0.05154 1.45155
-0.08922 -0.05779 1.45781
-0.12775 -0.04706 1.46240
0.00196 -0.05268 1.46738
-0.07129 -0.03270 1.47073
-0.09228 -0.04940 1.46833
-0.21877 -0.09708 1.44845
-0.07256 -0.07140 1.47102
-0.08830 -0.06241 1.46995
-0.11893 -0.02621 1.47256
-0.13501 -0.05727 1.47143
-0.11060 -0.04113 1.47173
-0.04037 -0.00879 1.48142
-0.07400 -0.04715 1.48788
-0.10624 -0.08356 1.48672
-0.05900 -0.11711 1.49185
-0.02734 -0.09026 1.50369
-0.06251 -0.05278 1.49631
-0.09599 -0.05941 1.48953
-0.02682 -0.08685 1.49270
-0.07537 -0.06474 1.50123
-0.11477 -0.04059 1.51053
0.02860 -0.06318 1.50524
-0.16029 -0.06758 1.47955
-0.17544 -0.03819 1.47196
-0.11479 -0.04783 1.48782
-0.04306 -0.05708 1.49945
-0.04819 -0.04751 1.49336
-0.04017 -0.08233 1.49143
-0.12855 -0.12580 1.47960
-0.76772 -0.13008 1.28333
-0.31094 -0.05226 1.47477
-0.43608 0.03436 1.44402
-0.09376 -0.01639 1.49746
-0.09699 -0.04221 1.49466
-0.42676 -0.06540 1.42529
-0.29658 -0.04753 1.45978
-0.58292 -0.02029 1.37270
-0.59317 0.00540 1.37164
-0.08694 -0.05217 1.48946
-0.34089 -0.11248 1.44249
-0.13524 -0.07183 1.48587
-0.11629 -0.04491 1.48126
-0.08052 -0.06223 1.48322
-0.06329 -0.09194 1.48313
-0.25214 -0.04478 1.46419
-0.20232 -0.05425 1.47145
-0.32164 -0.03295 1.45177
-0.13956 -0.08576 1.47570
-0.42007 -0.03961 1.41828
-0.83542 -0.00809 1.22571
-0.22096 -0.04826 1.47131
-0.90285 0.00012 1.17875
-0.99258 0.03320 1.09853
-0.41777 -0.00240 1.43746
-0.18345 -0.04653 1.48093
-0.14313 -0.05590 1.49183
-0.02801 -0.12407 1.48484
-0.30360 -0.05764 1.47621
-0.03487 -0.09620 1.49137
0.02143 -0.15929 1.49845
-0.17269 -0.04230 1.48436
-0.30012 -0.02544 1.46514
-0.36611 -0.03321 1.44403
-0.17777 -0.05538 1.47466
-0.19373 -0.05845 1.47288
-0.27943 -0.09713 1.46615
-0.09374 -0.06066 1.49468
-0.13749 -0.07024 1.48277
-0.10351 -0.08613 1.48479
-0.05984 -0.05695 1.48130
-0.03190 -0.09218 1.47612
-0.14548 -0.02502 1.46935
-0.04776 -0.11705 1.47285
-0.04291 -0.11095 1.46123
-0.06454 -0.10781 1.45996
-0.04631 -0.06645 1.46219
-0.09154 -0.06065 1.46600
-0.13074 -0.02835 1.47850
-0.19830 -0.04561 1.45490
-0.10074 -0.04743 1.45530
-0.06605 -0.12575 1.42736
-0.07578 -0.06966 1.41946
-0.06388 -0.07323 1.41176
-0.09043 -0.02879 1.40027
-0.01174 -0.02943 1.38272
-0.11624 -0.09087 1.35390
-0.10129 -0.08559 1.34210
-0.19538 -0.08627 1.31528
-0.11534 -0.13885 1.30391
-0.06799 -0.08513 1.28621
-0.05494 -0.02073 1.27513
-0.10429 -0.06199 1.26429
-0.12060 -0.01022 1.22455
-0.14376 -0.06592 1.20254
-0.12098 -0.01750 1.19832
-0.21045 -0.04864 1.16147
-0.20608 -0.09564 1.12392
-0.05951 -0.04101 1.10187
-0.05242 -0.04214 1.07613
-0.04532 -0.04818 1.05006
-0.10187 -0.02915 1.01825
-0.05542 -0.07111 0.97809
-0.02704 -0.06031 0.94462
-0.02021 -0.06507 0.90612
-0.07170 -0.06012 0.87888
-0.07751 -0.05725 0.84121
-0.01788 -0.05486 0.81444
-0.02466 -0.04944 0.78753
-0.05409 -0.01972 0.75847
0.00387 -0.00744 0.73440
-0.06451 -0.01681 0.70461
-0.06052 -0.05913 0.67108
-0.04649 -0.01804 0.64655
-0.02353 -0.02397 0.62012
-0.01483 -0.00468 0.60215
0.02000 -0.01322 0.59825
0.04982 -0.01578 0.58568
0.03334 -0.02011 0.58095
0.01516 -0.02598 0.56951
0.03824 -0.01155 0.56405
0.02508 -0.03647 0.54596
0.02700 -0.04020 0.54024
0.03744 -0.03365 0.53215
0.02700 -0.02606 0.52453
0.02487 -0.00409 0.50628
0.02984 -0.01881 0.50674
0.04971 -0.01602 0.50611
0.04532 -0.02446 0.50147
0.03357 -0.02443 0.50672
0.03539 -0.02318 0.50355
0.03509 -0.01463 0.50572
0.03183 0.00051 0.51911
0.04119 0.00249 0.51848
0.05244 -0.00822 0.52823
0.04466 -0.01369 0.53554
0.06011 -0.01886 0.54101
0.03845 -0.01414 0.55186
0.05509 -0.02133 0.55593
0.05663 -0.02260 0.56149
0.04432 -0.02386 0.57567
0.02882 -0.01528 0.58265
0.01545 -0.01615 0.59299
0.01030 -0.01300 0.60847
0.01176 -0.00975 0.61339
0.00204 -0.00934 0.62816
0.06073 -0.04890 0.62921
0.06536 -0.05680 0.64871
0.02655 -0.02535 0.65935
0.00676 -0.03837 0.67180
-0.00921 -0.02724 0.68020
-0.04129 -0.01719 0.69343
-0.05184 -0.01488 0.70437
-0.02852 -0.02331 0.71673
-0.00247 -0.01928 0.72883
0.00183 -0.02524 0.73466
0.02760 -0.00356 0.74843
0.03150 -0.00135 0.75651
-0.00478 -0.01685 0.76817
-0.02520 -0.02231 0.77080
0.01851 -0.03528 0.78255
0.02751 -0.01287 0.79328
0.00047 -0.01295 0.80457
0.00846 -0.01052 0.81444
0.04110 -0.04155 0.82072
-0.10026 -0.00621 0.82514
0.06759 -0.04179 0.84136
-0.02480 -0.02323 0.85335
-0.02341 -0.01942 0.85837
-0.02794 -0.03571 0.86351
0.04723 -0.07031 0.85410
0.00995 -0.07124 0.84874
-0.00322 -0.04372 0.84095
-0.04661 -0.04732 0.83600
-0.06110 -0.02817 0.82630
-0.05492 -0.03512 0.81908
-0.07487 -0.05207 0.80582
-0.06707 -0.02728 0.79680
-0.03317 -0.06818 0.78679
-0.02263 -0.03614 0.77750
0.02310 -0.04310 0.76808
-0.03050 -0.00861 0.76512
-0.01675 -0.02722 0.76219
-0.02190 -0.04783 0.75086
-0.03935 -0.04119 0.73607
-0.02267 -0.04488 0.72583
-0.06831 -0.00705 0.72205
-0.04071 -0.03464 0.72040
-0.01516 -0.05551 0.71197
0.00202 -0.05391 0.70780
-0.04153 -0.03449 0.69808
-0.03892 -0.03458 0.69797
-0.00522 -0.05303 0.70420
0.00762 -0.02885 0.71224
-0.06648 -0.01621 0.71473
-0.03162 -0.02759 0.72091
0.02642 -0.04882 0.71782
0.04371 -0.05147 0.71825
0.02483 -0.01911 0.71932
