0.32629 112.90767 68.74048
0.32447 110.64295 67.17568
0.32566 108.93765 66.00672
0.27457 89.66821 53.27460
0.31500 99.77014 59.84799
0.31007 95.84376 57.26879
0.34029 100.68259 60.45211
0.35364 99.42569 59.62040
0.41430 115.00688 70.20409
0.44135 118.23056 72.47771
0.44890 116.37166 71.16271
0.38665 97.96475 58.65800
0.22494 55.85634 32.43468
0.20813 49.85393 28.86860
0.24131 56.27050 32.68188
0.48912 110.46150 67.05093
0.37256 82.21205 48.54291
0.31836 67.90059 39.69319
0.28553 59.21621 34.44475
0.53153 105.74199 63.83667
0.37856 74.98149 44.03719
0.43489 82.76906 48.89324
0.43559 81.26114 47.94595
0.50991 92.70895 55.23216
0.32331 57.67205 33.51963
0.29524 51.89643 30.07867
0.37307 64.22407 37.46138
0.26910 45.63916 26.38175
0.17967 29.60519 17.02509
0.38670 62.76965 36.58260
0.30589 48.53136 28.08680
0.37598 58.49979 34.01525
0.71914 109.55946 66.43206
0.41188 61.55314 35.84926
0.60374 88.34461 52.42774
0.71073 99.72745 59.81976
0.29227 42.34646 24.44778
0.38570 53.56262 31.06835
0.68915 93.52902 55.76308
0.35083 46.91952 27.13581
0.69180 90.76055 53.97585
0.77046 99.93049 59.95402
0.84323 106.97829 64.67310
0.86455 108.83746 65.93829
0.55338 67.30618 39.33131
0.80894 100.10361 60.06856
0.79706 96.20294 57.50339
0.91427 109.85975 66.63783
0.77814 92.25224 54.93704
0.88604 104.12197 62.74634
0.60536 70.04292 41.00089
0.64142 73.61267 43.19246
0.78542 88.41418 52.47217
0.65457 72.81549 42.70164
0.71018 78.16946 46.01446
0.54799 59.66446 34.71373
0.84955 91.47293 54.43437
0.99635 105.76315 63.85095
1.01584 106.38162 64.26894
0.68185 70.34472 41.18555
0.97273 99.81006 59.87437
0.63122 62.65941 36.51608
0.46676 45.55405 26.33166
0.51012 49.50150 28.66014
0.70507 67.57595 39.49550
1.03811 98.43671 58.96841
0.70562 66.31161 38.72674
1.21865 113.92625 69.44903
0.40437 37.73873 21.75312
0.68794 64.35049 37.53788
1.22144 114.38658 69.77025
0.54283 50.97203 29.53060
0.55055 51.15017 29.63616
0.95503 88.74125 52.68119
0.65220 60.43222 35.17490
0.15742 14.64521 8.39860
0.16353 15.33835 8.79686
0.86655 81.61656 48.16891
0.96771 91.39439 54.38377
0.57699 54.04664 31.35629
0.72472 67.65893 39.54602
0.32972 30.62385 17.61547
0.95708 88.96065 52.82150
1.09672 101.94368 61.29015
1.12849 104.60361 63.06983
0.66203 61.66605 35.91727
0.72011 66.34677 38.74809
0.44728 41.66351 24.04755
0.85019 78.56474 46.26062
0.78637 72.48146 42.49622
0.67676 62.04222 36.14391
0.76888 70.37747 41.20560
0.35218 32.15089 18.50138
1.29084 116.03211 70.92367
1.27432 114.92501 70.14676
0.82402 75.20166 44.17329
0.68495 61.49447 35.81394
0.95175 85.26775 50.47087
0.27834 24.71641 14.19776
1.19673 105.89717 63.94144
0.16185 14.18687 8.13531
1.01202 88.79483 52.71545
0.50578 44.23390 25.55546
0.55498 48.41069 28.01554
1.17431 101.96977 61.30752
1.15963 100.08155 60.05396
1.07152 92.02208 54.78846
0.81770 69.92832 40.93079
0.74955 64.04868 37.35529
0.89547 76.50510 44.98041
0.07071 5.96981 3.42095
0.55399 46.53964 26.91196
1.27770 107.24672 64.85522
1.18991 99.65716 59.77331
1.17161 97.28360 58.21083
1.01114 84.13367 49.75358
1.33750 110.63903 67.17298
0.88165 72.43430 42.46723
0.61471 50.27807 29.11960
0.76104 62.13028 36.19698
0.75424 61.49494 35.81422
0.98808 80.31748 47.35490
1.38787 112.37444 68.37074
1.33038 107.49805 65.02590
0.33916 27.26907 15.67284
1.28521 103.18727 62.12012
0.44237 35.44528 20.41649
0.25754 20.51037 11.77227
0.08934 7.14494 4.09462
1.40460 110.94877 67.38615
1.20489 94.99527 56.71562
0.98501 77.44078 45.56126
1.19043 93.51444 55.75364
0.24797 19.50709 11.19454
1.14748 89.99798 53.48607
0.73036 57.32136 33.30984
1.03886 81.32299 47.98474
1.35010 106.59300 64.41201
1.39707 109.77985 66.58306
1.42233 108.39848 65.63875
0.12424 10.19845 5.84581
0.75177 59.91284 34.86286
0.05062 4.04920 2.32018
0.06276 5.03066 2.88266
0.14715 11.90289 6.82388
0.05898 4.85870 2.78410
0.05539 4.60436 2.63834
1.46365 122.04433 75.21106
0.14439 12.14858 6.96491
0.04138 3.51610 2.01468
0.45464 39.07920 22.53572
0.07104 6.16356 3.53202
0.08442 7.40591 4.24425
0.04460 3.93400 2.25416
1.25594 111.39934 67.69670
0.66265 58.85563 34.22851
0.06264 5.58695 3.20151
0.62608 56.09510 32.57717
0.93762 84.23875 49.81995
0.09056 8.16530 4.67967
0.12656 11.49305 6.58866
0.07643 6.96764 3.99297
0.52481 47.99727 27.77147
1.12220 102.30029 61.52778
0.04666 4.25554 2.43843
1.24384 113.83331 69.38425
0.00996 0.91676 0.52527
0.12124 11.19696 6.41874
0.10568 9.92383 5.68827
0.17216 16.29065 9.34420
1.21940 116.09155 70.96549
0.20359 19.52957 11.20748
0.99685 96.27057 57.54759
0.39600 38.78111 22.36159
0.09443 9.31242 5.33755
0.56890 56.68496 32.92943
1.13382 113.98987 69.49339
0.71485 72.31963 42.39675
0.55683 56.82211 33.01138
0.56875 58.58850 34.06840
0.43890 45.64289 26.38395
0.11181 11.73070 6.72505
0.04121 4.36557 2.50149
0.30946 33.65366 19.37430
0.22057 24.14264 13.86653
0.19241 21.61212 12.40706
0.30909 34.87778 20.08619
0.31856 36.37436 20.95761
0.33362 38.08250 21.95372
0.04251 4.89077 2.80249
0.23523 27.91571 16.04692
0.29289 34.59046 19.91903
0.35080 41.65796 24.04430
0.36731 43.46814 25.10577
0.06397 7.62716 4.37110
0.25964 30.88066 17.76438
0.27241 32.39293 18.64190
0.08450 10.08229 5.77917
0.58082 69.49722 40.66726
0.23257 27.74017 15.94535
0.48829 57.24083 33.26168
0.62911 76.15162 44.76130
0.12432 14.71285 8.43746
0.35882 42.32344 24.43428
0.14358 16.76388 9.61628
0.26787 31.27282 17.99184
0.78745 90.32113 53.69350
0.84587 95.77872 57.22633
0.23792 26.50526 15.23121
0.74139 82.49001 48.71767
0.02954 3.24207 1.85765
0.18806 20.29954 11.65084
1.01845 108.49316 65.70331
0.61771 65.01286 37.93894
1.11449 115.88357 70.81922
0.09175 9.43612 5.40850
1.03999 105.71754 63.82016
0.08907 8.95018 5.12979
0.89619 87.41987 51.83791
0.90294 90.28761 53.67197
0.88438 85.55739 50.65439
0.55661 53.24760 30.88105
0.06103 5.75673 3.29882
0.13901 13.09384 7.50759
1.12322 104.15786 62.77042
0.14441 13.21247 7.57570
0.03684 3.35279 1.92110
0.03851 3.44562 1.97429
0.05625 4.97628 2.85149
0.05962 5.23791 3.00144
0.12197 10.58156 6.06562
0.16447 14.13528 8.10568
0.02786 2.35993 1.35217
1.36634 113.96772 69.47794
1.12975 93.83576 55.96201
0.03813 3.10257 1.77771
1.07531 87.88446 52.13406
0.01041 0.83897 0.48070
0.10628 8.52604 4.88654
1.26452 100.82122 60.54406
1.44513 113.44899 69.11666
1.50092 116.88909 71.52764
1.10073 85.46885 50.59827
1.47388 113.48420 69.14116
0.37766 28.76331 16.53751
1.50011 113.33115 69.03470
0.08931 6.67068 3.82273
1.11375 82.85438 48.94694
1.12199 82.05130 48.44190
1.07399 77.94130 45.87248
0.14417 10.46053 5.99618
1.15518 83.26259 49.20405
0.20273 14.47910 8.30317
1.56992 111.48731 67.75741
0.07799 5.48512 3.14313
1.61333 113.20446 68.94662
1.33433 92.72373 55.24172
1.38181 95.35693 56.95123
0.08660 5.98829 3.43155
0.14502 9.85780 5.65039
1.17906 80.31571 47.35380
1.04826 70.46555 41.25951
1.62400 109.21756 66.19806
1.36849 91.86329 54.68602
0.04662 3.09970 1.77607
0.96760 64.44680 37.59616
1.24589 82.67090 48.83147
0.03119 2.06806 1.18493
1.70436 112.51736 68.46977
0.87960 57.88749 33.64856
1.56719 102.54511 61.69109
1.70706 111.77591 67.95670
0.02988 1.95662 1.12108
0.76758 50.15891 29.04907
1.67016 108.52481 65.72490
1.65653 107.74419 65.19322
1.44985 93.83324 55.96037
0.95482 61.96635 36.09818
1.55242 100.79096 60.52399
0.12219 8.00142 4.58570
1.49340 98.59746 59.07423
1.63979 109.39822 66.32167
0.02283 1.54086 0.88286
0.05228 3.52287 2.01856
0.15480 10.54847 6.04663
0.10543 7.24222 4.15039
0.07951 5.52005 3.16316
0.31894 22.37973 12.84955
0.26769 18.90177 10.84610
1.10263 78.97929 46.51903
1.10539 79.59296 46.90202
0.59274 43.19862 24.94759
0.05104 3.75663 2.15252
0.04887 3.62350 2.07622
0.79029 59.33149 34.51391
0.20906 16.00499 9.18000
0.02816 2.17191 1.24444
0.29681 23.01522 13.21603
1.52266 119.01875 73.03863
0.13206 10.44137 5.98518
0.05670 4.51607 2.58774
0.02814 2.25632 1.29281
0.02015 1.62657 0.93197
0.68621 55.96308 32.49838
0.43301 35.67319 20.54919
0.41495 34.48676 19.85871
1.31171 109.80951 66.60339
0.39179 32.95620 18.96902
0.76146 63.81615 37.21469
0.29022 25.46759 14.63158
0.34517 30.25802 17.40339
0.23904 21.24297 12.19433
0.27229 24.38617 14.00710
0.72917 66.25386 38.69167
0.97690 90.22425 53.63129
1.17306 108.66178 65.81835
0.12410 11.48236 6.58253
0.96042 89.30782 53.04370
0.18283 17.29739 9.92307
1.22140 116.96446 71.58088
0.17341 16.74907 9.60776
0.78594 76.52785 44.99452
0.37640 36.72540 21.16219
0.28017 27.58054 15.85301
0.81261 80.35200 47.37650
0.19753 19.67222 11.28961
0.91283 90.53417 53.83034
0.72495 72.08052 42.24985
0.99935 101.02873 60.68178
0.09116 9.20713 5.27716
1.09144 110.13528 66.82686
0.14709 14.86008 8.52205
0.08593 8.70114 4.98696
0.24015 24.39686 14.01327
0.36667 37.57208 21.65589
0.25774 26.48704 15.22067
0.05113 5.25796 3.01294
0.94481 97.22047 58.16944
0.63065 65.14915 38.02152
0.26734 27.61182 15.87110
0.23681 24.50039 14.07304
0.05565 5.75229 3.29627
0.23235 24.13439 13.86177
0.60077 62.64893 36.50976
0.49728 51.95258 30.11199
0.66695 69.93477 40.93473
0.69341 72.97696 42.80099
0.98784 104.54208 63.02847
0.97393 103.32079 62.20945
0.76423 80.89715 47.71781
0.51998 54.81065 31.81120
0.57700 60.62183 35.28889
0.43183 45.07331 26.04887
0.74949 77.70309 45.72432
0.06081 6.26979 3.59291
0.31399 32.23560 18.55056
0.50393 51.49108 29.83826
0.07296 7.42877 4.25735
0.61429 62.21219 36.24636
0.38007 38.49680 22.19556
1.01103 102.20671 61.46540
0.03953 3.99265 2.28777
0.19509 19.65625 11.28041
0.29507 29.57775 17.00919
0.18087 18.07529 10.37053
0.90372 92.01051 54.78100
1.07884 109.01418 66.05901
0.22092 22.29775 12.80229
0.09275 9.34561 5.35659
0.75674 76.57955 45.02658
0.27632 27.87275 16.02206
0.17664 17.84587 10.23855
0.00771 0.78144 0.44774
0.45352 45.82415 26.49062
0.68160 69.05458 40.39691
0.07081 7.15792 4.10206
0.10396 10.52739 6.03454
1.09879 111.46120 67.73938
0.67330 68.61007 40.12565
1.05365 107.44645 64.99085
0.47060 48.20027 27.89130
0.67994 69.95993 40.95012
0.71816 74.16931 43.53567
0.76757 79.90508 47.09702
0.58927 61.15439 35.60923
0.13169 13.63769 7.81989
0.45690 48.43325 28.02886
0.39373 41.48906 23.94537
0.01881 1.99176 1.14121
0.88844 93.63045 55.82884
0.84224 89.77075 53.34033
0.02886 3.07437 1.76155
0.66200 70.94760 41.55477
0.25367 27.08979 15.56916
0.99587 106.17103 64.12650
0.35869 38.10792 21.96855
0.22959 24.41067 14.02124
0.52987 56.09291 32.57586
0.53619 56.32387 32.71376
0.11057 11.52926 6.60944
0.02644 2.76983 1.58705
0.01374 1.43859 0.82426
0.93592 98.17558 58.79660
0.20330 21.26164 12.20509
0.53866 55.92449 32.47534
0.05390 5.60513 3.21192
0.23131 23.98638 13.77635
0.05680 5.88695 3.37346
0.07795 8.03096 4.60264
0.09527 9.80108 5.61786
0.23407 24.28065 13.94619
0.15414 15.82274 9.07525
0.08346 8.52219 4.88434
0.09904 10.04424 5.75735
0.02970 3.00857 1.72385
0.17654 17.90441 10.27222
0.08216 8.33081 4.77459
0.09314 9.46280 5.42381
0.11696 11.86350 6.80127
0.10326 10.49482 6.01585
0.03331 3.40050 1.94844
0.12779 13.04656 7.48044
0.29810 30.46177 17.52150
0.16176 16.42295 9.42026
0.09077 9.28640 5.32263
0.05552 5.68087 3.25534
0.07662 7.88332 4.51798
0.34768 35.24641 20.30073
0.95501 99.31416 59.54677
0.63913 65.25407 38.08512
1.09101 111.85990 68.01473
0.43472 44.68724 25.82187
0.92336 93.54812 55.77547
0.01778 1.83195 1.04964
0.16013 16.00642 9.18082
0.64106 65.92027 38.48916
0.82334 82.81781 48.92393
1.04754 105.04838 63.36906
0.90377 89.78621 53.35025
0.39798 39.38430 22.71399
0.22208 21.79416 12.51198
0.18555 18.25480 10.47381
0.02862 2.78765 1.59726
0.10984 10.63686 6.09735
0.99418 96.29947 57.56648
0.08187 7.86821 4.50932
0.15417 14.78072 8.47645
0.05728 5.45616 3.12654
1.12239 106.52938 64.36894
1.14208 107.83383 65.25420
0.21127 19.94617 11.44734
0.14128 13.23988 7.59144
0.32645 30.52007 17.55530
0.04884 4.54680 2.60535
0.08284 7.67590 4.39905
0.11174 10.31382 5.91201
0.05658 5.18172 2.96924
0.06740 6.17206 3.53689
0.16470 14.99941 8.60211
0.30731 27.90133 16.03860
0.16922 15.30411 8.77719
0.04888 4.41825 2.53168
0.47353 42.76166 24.69124
0.95240 85.55422 50.65238
0.28535 25.44384 14.61786
0.63764 56.48993 32.81292
0.31737 28.16136 16.18907
0.08668 7.65878 4.38923
0.18000 15.87628 9.10602
0.11140 9.79910 5.61672
0.16714 14.66325 8.40897
0.06791 5.93543 3.40125
0.31512 27.51806 15.81686
0.32072 28.09983 16.15346
0.10063 8.81228 5.05070
0.25011 21.92000 12.58451
0.40708 35.57219 20.49038
0.27374 24.04334 13.80922
0.36979 32.54402 18.72963
0.03141 2.76883 1.58647
0.03118 2.75362 1.57776
0.63979 56.83026 33.01625
0.28556 25.39215 14.58800
0.45824 40.73482 23.50379
0.49713 44.44196 25.67772
0.13971 12.50922 7.17194
0.04015 3.60290 2.06442
1.04593 94.00111 56.06931
0.47038 42.33812 24.44289
0.37384 33.69508 19.39838
0.96311 86.81661 51.45392
0.46433 41.90403 24.18846
0.01773 1.60266 0.91827
0.01664 1.50810 0.86408
0.05544 5.03851 2.88716
0.34404 31.16516 17.92938
0.43691 39.71193 22.90549
0.36746 33.35348 19.19984
0.14627 13.26685 7.60693
0.09672 8.80558 5.04686
0.19409 17.80944 10.21759
0.63027 57.96467 33.69476
0.97424 90.00362 53.48969
0.08685 8.02857 4.60127
0.03631 3.39115 1.94308
0.34737 32.73990 18.84339
0.61063 58.38365 33.94567
0.12904 12.50156 7.16754
0.35636 35.14970 20.24444
0.55516 55.28182 32.09201
0.28201 28.61742 16.45305
0.17505 18.08067 10.37362
0.14173 14.83603 8.50824
0.24202 25.50278 14.65191
0.10895 11.47485 6.57822
0.39693 41.92559 24.20110
0.39286 41.77651 24.11375
0.30307 32.21548 18.53887
0.17704 18.89715 10.84344
0.32793 35.18730 20.26632
0.05886 6.32440 3.62422
0.81505 88.67258 52.63729
0.33761 36.45351 21.00373
0.21202 23.00124 13.20797
0.20655 22.73663 13.05536
0.09668 10.50323 6.02068
0.09445 10.21945 5.85787
0.31884 35.00139 20.15813
0.45964 49.67647 28.76362
0.50477 55.49791 32.22086
0.74524 80.51170 47.47644
0.04876 5.25645 3.01207
1.04314 113.62392 69.23841
0.51426 55.12324 31.99748
0.36190 38.36682 22.11968
0.41898 44.22731 25.55160
0.19086 20.09967 11.53573
0.06793 7.14836 4.09658
0.43200 44.87276 25.93094
0.38254 39.27401 22.64954
0.12063 12.24271 7.01894
0.04484 4.52301 2.59171
0.01876 1.88001 1.07718
0.05556 5.50904 3.15685
0.14099 13.82655 7.92835
0.06942 6.72462 3.85365
0.11910 11.34559 6.50403
0.08668 8.17087 4.68287
0.01918 1.78974 1.02546
0.06391 5.91147 3.38752
0.05550 5.09028 2.91683
0.06260 5.71015 3.27212
0.22059 20.01108 11.48472
0.20063 18.05161 10.35691
0.09753 8.74375 5.01140
1.05207 93.70174 55.87507
0.04016 3.57272 2.04713
1.23129 109.79251 66.59174
1.15343 102.68115 61.78191
1.17856 105.07731 63.38854
1.20000 107.08467 64.74525
0.94932 84.51894 49.99702
0.15097 13.43004 7.70064
0.15977 14.26122 8.17802
0.81764 73.23466 42.95961
0.66609 59.94535 34.88238
0.44016 39.81058 22.96316
0.58106 52.51099 30.44344
0.89329 81.10496 47.84804
0.42511 38.75353 22.34548
0.18943 17.27145 9.90815
0.45496 41.63804 24.03263
0.57026 52.13473 30.22007
0.20282 18.47618 10.60119
0.08649 7.85253 4.50032
0.15808 14.34965 8.22881
0.22801 20.67058 11.86456
0.07006 6.33503 3.63031
0.12728 11.48437 6.58368
0.09361 8.42330 4.82762
0.38772 34.98126 20.14641
0.23505 21.21143 12.17616
0.12034 10.79088 6.18572
0.11776 10.54801 6.04637
0.16178 14.46652 8.29595
0.67488 60.33609 35.11712
0.00731 0.65102 0.37301
0.75749 67.32967 39.34561
0.72738 64.80917 37.81555
0.41105 36.67584 21.13330
0.72662 64.94751 37.89935
0.08899 7.98742 4.57767
0.07734 6.94605 3.98059
0.00894 0.80260 0.45985
0.29423 26.51130 15.23469
0.05129 4.62960 2.65280
0.30102 27.13936 15.59783
0.04094 3.70393 2.12231
1.21233 110.29477 66.93637
0.02016 1.84550 1.05741
0.14257 13.10670 7.51497
0.19963 18.28193 10.48942
0.05400 4.98681 2.85753
0.02747 2.54520 1.45833
0.02561 2.39101 1.36998
0.18271 17.18877 9.86061
0.09661 9.06404 5.19509
0.06076 5.75625 3.29855
0.81529 77.76850 45.76499
0.05804 5.55319 3.18215
0.78017 74.89274 43.98234
0.02329 2.24662 1.28724
0.12347 12.02018 6.89121
0.26591 26.07093 14.98017
0.06926 6.84792 3.92433
0.06374 6.29488 3.60730
0.07674 7.62032 4.36718
0.13367 13.38159 7.67282
0.42232 42.56507 24.57595
0.34551 34.95933 20.13365
0.15466 15.67370 8.98959
0.03324 3.38492 1.93951
0.09375 9.61271 5.50980
0.01955 2.01234 1.15301
0.05180 5.37244 3.07855
1.04052 107.80357 65.23361
0.10574 11.01965 6.31700
0.68683 71.49084 41.88786
0.00978 1.02575 0.58772
0.03485 3.69769 2.11874
0.64633 68.37866 39.98453
0.40111 42.72358 24.66891
0.28262 30.26788 17.40911
0.72694 78.52042 46.23302
0.99851 109.09006 66.11088
0.99549 109.54864 66.42465
0.05824 6.48762 3.71779
1.07697 121.51037 74.82539
1.02279 116.56791 71.30102
0.41191 47.91357 27.72207
0.90559 107.00949 64.69426
0.86450 104.01147 62.67220
0.58453 71.33477 41.79213
0.18518 22.81153 13.09855
0.18717 23.21634 13.33204
0.01604 2.00070 1.14633
0.87010 108.99390 66.04516
0.02475 3.10859 1.78117
0.13980 17.61032 10.10306
0.54624 68.62094 40.13228
0.60543 76.24070 44.81650
0.68178 86.04005 50.96054
0.87494 109.21444 66.19593
0.86987 110.83671 67.30899
0.79457 100.41599 60.27541
0.71641 90.31762 53.69124
0.05666 7.27447 4.16889
0.06476 8.16329 4.67852
0.70923 91.58984 54.50970
0.61614 77.41611 45.54593
0.07567 9.54477 5.47083
0.82163 105.79988 63.87574
0.81064 101.76094 61.16849
0.54415 68.27199 39.91950
0.03277 4.16873 2.38868
0.02948 3.66674 2.10100
0.43274 54.70908 31.75070
0.08418 10.39062 5.95607
0.13074 16.02647 9.19234
0.13777 17.11992 9.82101
0.12445 15.13369 8.67926
0.70830 87.33192 51.78189
0.10389 12.51928 7.17771
0.01496 1.78837 1.02468
0.04139 4.99829 2.86411
0.07264 8.62654 4.94418
0.15597 18.42489 10.57168
0.89550 106.31779 64.22575
0.01078 1.25982 0.72183
0.11323 13.26585 7.60635
0.64300 74.38530 43.66896
0.08015 9.26690 5.31145
0.79851 93.05561 55.45644
0.04456 5.13261 2.94109
0.92457 105.89485 63.93988
0.83325 96.50126 57.69844
0.71758 81.59915 48.15799
0.31789 36.10797 20.80241
0.16274 18.53909 10.63739
0.02034 2.29444 1.31464
0.08441 9.68284 5.55003
0.06645 7.52657 4.31343
0.81239 91.93908 54.73491
0.97644 112.91829 68.74785
0.05786 6.61579 3.79126
0.09322 10.70532 6.13663
0.04458 5.22761 2.99554
0.00457 0.52668 0.30177
0.04627 5.38933 3.08823
0.02848 3.26400 1.87022
0.35656 40.74182 23.50788
0.17651 20.30649 11.65484
0.96326 109.88925 66.65806
0.90349 102.32996 61.54757
0.88997 100.63784 60.42244
0.03888 4.33270 2.48265
0.05985 6.74380 3.86464
0.03150 3.49755 2.00405
0.04686 5.18924 2.97355
0.09665 10.79695 6.18921
0.06033 6.62838 3.79848
0.01885 2.06104 1.18091
0.69288 76.15469 44.76320
0.18840 20.35071 11.68031
0.18183 19.70837 11.31042
0.17918 19.13555 10.98066
0.19318 20.53106 11.78419
0.02290 2.43307 1.39408
0.12888 13.52153 7.75318
0.32926 34.27107 19.73326
0.11595 12.11976 6.94837
0.12787 13.15666 7.54366
0.14523 14.95220 8.57498
0.03441 3.50055 2.00577
0.29159 29.46947 16.94647
0.15202 15.42544 8.84691
0.07417 7.41979 4.25220
0.13322 13.25080 7.59772
0.05084 5.02672 2.88040
0.86466 84.52316 49.99969
1.03108 100.69303 60.45903
1.19505 116.18809 71.03343
0.77527 74.82014 43.93748
1.15270 111.10486 67.49367
1.14386 109.08456 66.10712
0.12220 11.65346 6.68073
0.04736 4.45644 2.55356
0.01510 1.41968 0.81342
1.12917 105.98613 64.00154
0.16972 15.82837 9.07848
0.27037 25.01269 14.36884
0.05608 5.13925 2.94490
0.76619 70.45755 41.25462
0.00099 0.09003 0.05158
0.13774 12.50341 7.16860
0.16166 14.60697 8.37663
0.82327 74.02924 43.44927
0.12422 11.10814 6.36777
0.01892 1.68826 0.96732
0.68834 61.27615 35.68251
0.41686 36.87254 21.24796
0.60984 53.65577 31.12375
0.17504 15.32327 8.78820
0.99411 86.68057 51.36741
1.04444 90.49613 53.80590
1.02322 88.10489 52.27470
0.81380 69.54576 40.69692
0.80406 68.53728 40.08126
0.18914 15.93400 9.13920
0.04429 3.76509 2.15736
0.30918 26.03675 14.96042
0.94748 75.23526 44.19407
0.97196 85.49825 50.61691
1.11789 92.60370 55.16412
1.40327 115.32800 70.42913
0.04259 3.47513 1.99120
1.02568 83.40624 49.29459
0.14014 11.35982 6.51220
0.88200 71.13755 41.67120
1.03856 83.33383 49.24895
0.27044 21.63868 12.42237
0.03589 2.86134 1.63948
0.14962 11.82115 6.77697
0.02994 2.34593 1.34415
0.30698 24.04458 13.80993
0.47738 37.19057 21.43338
0.16319 12.64410 7.24937
0.30815 23.75787 13.64447
1.48225 112.96974 68.78357
0.06842 5.15789 2.95558
0.40038 30.21164 17.37651
0.30889 23.21139 13.32919
0.12036 8.98658 5.15066
0.08309 6.16925 3.53528
0.21435 15.79854 9.06134
0.10595 7.78295 4.46043
0.14397 10.52342 6.03226
0.09369 6.81298 3.90431
0.62099 44.97538 25.99128
0.18022 12.97289 7.43814
0.04211 3.02034 1.73060
1.41820 101.48496 60.98490
0.19595 13.97470 8.01345
0.23369 16.65958 9.55631
0.05291 3.75060 2.14906
0.23835 16.93293 9.71348
1.13524 80.39568 47.40384
0.32421 22.99925 13.20682
0.10070 7.13029 4.08622
0.08176 5.78787 3.31667
0.78166 55.36991 32.14453
0.47310 33.53939 19.30788
0.36312 25.78360 14.81415
0.19895 14.09659 8.08345
0.39269 27.81867 15.99077
0.82397 58.55192 34.04648
0.13486 9.54756 5.47243
0.28866 20.37907 11.69664
0.04976 3.53760 2.02700
1.28058 91.31772 54.33439
0.99805 71.39088 41.82654
0.15126 10.85049 6.21993
0.51984 37.38477 21.54664
0.28614 20.50710 11.77039
0.36016 25.85458 14.85516
0.33618 24.20258 13.90113
0.31728 22.87236 13.13363
0.04936 3.57097 2.04612
0.77923 56.19301 32.63562
0.15659 11.37613 6.52156
0.13253 9.63282 5.52134
0.27449 20.04679 11.50528
0.46236 33.83380 19.47901
0.32931 24.11151 13.84856
0.40106 29.59268 17.01784
0.11868 8.77958 5.03194
0.97576 72.37592 42.43134
1.27114 94.48053 56.38074
0.07091 5.29463 3.03396
0.15934 11.95115 6.85158
0.02125 1.60769 0.92115
1.34361 103.24539 62.15900
1.11666 86.64539 51.34505
0.06512 5.12717 2.93798
0.45242 36.27229 20.89814
0.38710 31.56497 18.16133
1.05829 87.75489 52.05142
0.07377 6.18959 3.54694
0.77983 66.79115 39.01810
0.99598 86.81250 51.45131
0.62762 55.89301 32.45656
0.09441 8.56031 4.90619
0.63651 58.63964 34.09905
0.69000 64.53846 37.65165
0.97197 91.50865 54.45738
0.87038 82.87453 48.95963
0.22929 22.06226 12.66652
0.84052 81.34235 47.99688
0.50935 49.95716 28.92968
0.56269 55.51345 32.23013
0.55096 54.72692 31.76132
0.75677 74.88243 43.97597
0.02539 2.51388 1.44039
0.86112 84.91365 50.24668
0.55547 55.02607 31.93957
0.30755 30.37621 17.47190
0.26049 25.72305 14.77916
0.31068 31.00947 17.83909
0.70724 70.66560 41.38201
1.02006 101.64607 61.09205
0.10484 10.43595 5.98207
0.69932 69.13264 40.44457
0.54114 53.95447 31.30144
0.40246 39.77297 22.94117
0.23013 22.50523 12.92192
0.37938 37.25764 21.47249
0.53300 51.54474 29.87007
0.38491 36.92248 21.27707
0.43313 41.69249 24.06453
0.24328 23.03396 13.22684
0.69436 65.46353 38.21210
0.56133 53.60727 31.09490
0.27974 26.24104 15.07848
0.66009 62.45781 36.39447
0.88540 82.20361 48.53760
0.68677 63.47326 37.00745
0.91778 84.81443 50.18390
0.18164 16.51259 9.47180
1.17527 106.48569 64.33936
0.93599 85.82260 50.82256
0.11548 10.43139 5.97946
0.33315 30.14826 17.33978
0.06593 5.86333 3.35992
0.23624 20.89035 11.99116
1.10622 98.87891 59.25967
0.17952 15.72736 9.02043
0.85570 75.15627 44.14522
0.76472 67.52666 39.46549
0.48715 42.52148 24.55039
1.00016 87.85949 52.11813
0.83660 72.27445 42.36899
0.59424 51.32063 29.73720
0.64849 56.16514 32.61898
0.51558 44.21923 25.54685
1.25343 107.71175 65.17116
1.26669 108.09198 65.42991
0.63918 54.39848 31.56572
0.70839 60.00653 34.91913
0.84459 71.31594 41.78058
0.07684 6.53884 3.74715
0.21494 18.30304 10.50157
0.39516 33.77673 19.44584
0.45483 38.82288 22.38599
0.80748 69.12933 40.44255
0.74300 63.87303 37.24907
0.92996 80.07225 47.20153
0.68863 59.63448 34.69573
0.15199 13.21184 7.57534
0.84415 74.41632 43.68811
1.22119 108.54742 65.74032
0.06404 5.75926 3.30027
0.24310 22.02809 12.64682
0.90638 83.92470 49.62164
0.69676 65.76748 38.39645
0.73228 69.95522 40.94724
0.85248 83.32732 49.24485
0.88658 87.54027 51.91462
0.23298 23.43705 13.45936
0.20653 21.33795 12.24906
0.76148 79.41798 46.79276
0.66437 70.98119 41.57536
0.54907 60.27017 35.07751
0.24882 27.96850 16.07747
0.08738 10.27422 5.88929
0.10327 12.23435 7.01414
0.29112 35.66506 20.54446
0.03518 4.30663 2.46771
0.63633 78.48079 46.20832
0.08090 10.42734 5.97714
0.52480 66.71761 38.97340
0.83242 111.50440 67.76920
0.48787 64.64783 37.71786
0.69339 91.40287 54.38924
0.78169 108.98715 66.04055
0.66182 87.73007 52.03560
0.49568 69.25163 40.51723
0.35177 46.33199 26.78964
0.21205 27.88139 16.02706
0.39136 53.84276 31.23498
0.78686 105.49895 63.67268
0.72549 101.73697 61.15253
0.02972 4.05794 2.32519
0.51566 70.90596 41.52926
0.06517 9.13583 5.23627
0.61390 83.75469 49.51435
0.87157 121.11051 74.53723
0.47977 65.67756 38.34190
0.11078 15.11363 8.66773
0.11880 16.30095 9.35013
0.61204 83.41761 49.30176
0.71995 97.66587 58.46167
0.69508 93.96229 56.04411
0.64599 86.86282 51.48332
0.69112 92.22741 54.92101
0.10111 13.48965 7.73487
0.16941 22.53947 12.94166
0.10002 13.31830 7.63648
0.08309 11.03417 6.32533
0.78489 105.09615 63.40123
0.14737 19.65506 11.27973
0.80949 107.59214 65.08984
0.73673 97.32871 58.24042
0.69491 92.07670 54.82371
0.90758 120.04709 73.77353
0.12430 16.69666 9.57763
0.74574 101.33984 60.88843
0.64586 86.65256 51.34961
0.11137 15.40501 8.83517
0.75895 103.82743 62.54878
0.11276 16.09113 9.22951
0.42219 61.15461 35.60936
0.19923 28.57854 16.43054
0.77843 113.81090 69.36864
0.76527 111.49205 67.76067
0.80712 115.69091 70.68383
0.80697 116.86438 71.51020
0.62131 88.49655 52.52480
0.62015 89.40563 53.10635
0.79890 115.65345 70.65753
0.57452 80.90857 47.72497
0.76698 110.21985 66.88492
0.75057 108.42228 65.65498
0.89270 125.04771 77.39940
0.77564 112.25504 68.28807
0.84532 115.94949 70.86556
0.11961 16.91273 9.70187
0.79275 112.40313 68.39061
0.56600 77.28507 45.46451
0.53899 75.79570 44.54084
0.12517 17.31206 9.93151
0.82864 109.84085 66.62488
0.82226 111.57638 67.81889
0.68655 90.09151 53.54609
0.13201 17.54460 10.06525
0.69704 91.43020 54.40684
0.83803 107.39587 64.95649
0.09775 12.47872 7.15443
0.13304 16.74660 9.60634
0.63907 79.22405 46.67172
0.48254 59.38996 34.54899
0.61142 73.87493 43.35411
0.78285 93.42528 55.69585
0.76588 90.47760 53.79400
0.94807 110.50941 67.08386
0.56780 65.64141 38.31998
0.03863 4.44152 2.54501
0.02181 2.44836 1.40284
0.09419 10.48051 6.00764
0.12034 13.26635 7.60665
0.04216 4.61050 2.64186
0.03886 4.21184 2.41339
0.94814 101.38570 60.91891
0.15064 15.94604 9.14612
0.01620 1.69221 0.96958
1.01884 106.32347 64.22959
0.19509 20.07928 11.52399
1.06563 108.74804 65.87723
0.98983 100.40036 60.26505
0.77502 77.91733 45.85756
0.96308 96.08094 57.42368
0.76249 76.03899 44.69152
0.05137 5.10486 2.92519
1.15609 114.60818 69.92510
1.02316 100.97389 60.64537
0.17441 17.21630 9.87643
0.64020 63.10422 36.78455
1.00291 98.12131 58.76091
0.96851 94.67997 56.51043
1.07432 105.59433 63.73702
0.18747 18.41982 10.56876
1.12809 110.63375 67.16935
0.59485 58.30256 33.89709
0.24508 24.01673 13.79386
0.49385 48.42994 28.02691
0.70083 68.98493 40.35439
0.53464 52.47593 30.42262
0.34764 34.23380 19.71159
0.40829 39.99216 23.06933
0.99878 98.22357 58.82816
0.67522 66.49244 38.83658
0.98675 96.63885 57.78846
0.37575 37.18324 21.42910
0.42505 42.21510 24.37078
0.25536 25.31740 14.54482
0.27476 27.28026 15.67931
0.95791 95.17780 56.83449
0.34251 33.88932 19.51129
1.14446 113.58926 69.21427
0.82967 82.78280 48.90189
0.83696 82.94604 49.00465
1.00097 99.82558 59.88464
1.01525 100.61537 60.40754
0.30281 30.16528 17.34964
0.96108 96.08082 57.42360
0.92451 91.92793 54.72772
0.91696 91.64451 54.54494
0.96740 96.11189 57.44389
0.88557 88.05277 52.24143
1.16353 114.83242 70.08195
0.34770 34.91234 20.10630
0.79691 79.66991 46.95008
0.13212 13.20871 7.57355
1.17000 116.64554 71.35577
1.00360 100.18693 60.12371
1.14338 113.60193 69.22310
0.83860 83.23829 49.18874
0.66824 66.56035 38.87784
0.92156 91.97023 54.75500
0.90343 90.17400 53.59903
0.77002 76.84868 45.19356
1.09256 109.45960 66.36369
1.09169 109.78537 66.58684
0.54653 55.04702 31.95205
0.54070 54.63184 31.70469
1.10414 111.93088 68.06380
0.95657 97.13984 58.11659
0.84801 86.35392 51.15983
0.95632 98.06180 58.72179
0.79685 81.43868 48.05730
0.31534 32.35923 18.62233
0.54624 56.40561 32.76257
0.42441 43.37590 25.05164
0.37242 39.98520 23.06526
0.65429 69.35076 40.57778
0.55963 60.14467 35.00211
0.36662 39.83328 22.97644
0.35128 38.85429 22.40433
1.03910 117.57880 72.01541
0.29660 34.31738 19.76020
0.64553 77.42797 45.55330
0.53913 66.77011 39.00531
0.77508 97.89527 58.61234
0.83551 109.49571 66.38841
0.62750 84.89537 50.23511
0.67807 94.47329 56.37604
0.61086 87.25310 51.73169
0.33440 48.12515 27.84695
0.73294 105.15161 63.43857
0.75617 108.93302 66.00356
0.02441 3.57102 2.04615
0.68614 101.92575 61.27821
0.28529 42.56067 24.57337
0.61961 93.52928 55.76325
0.00335 0.51071 0.29262
0.10201 15.32661 8.79012
0.04861 7.59809 4.35444
0.75205 114.82608 70.07751
0.09185 14.67392 8.41510
0.40386 61.39104 35.75167
0.05539 8.88837 5.09434
0.42405 68.76735 40.22161
0.83498 126.98882 78.83168
0.04983 8.06448 4.62186
0.81393 122.21777 75.33655
0.15728 24.85444 14.27745
0.39979 62.42664 36.37567
0.07681 11.22632 6.43559
0.73938 114.45427 69.81753
0.74577 107.59306 65.09047
0.02753 4.17548 2.39255
0.02509 3.81747 2.18738
0.81136 115.60908 70.62637
0.35175 52.39475 30.37442
0.68354 96.72759 57.84655
0.78815 113.37767 69.06705
0.26927 38.03789 21.92768
0.11277 15.26605 8.75532
0.35518 48.23299 27.91061
0.10863 14.39018 8.25210
0.20959 27.24552 15.65922
0.54128 69.62817 40.74729
0.54680 67.83583 39.65374
0.27472 34.04241 19.60030
0.68445 82.53178 48.74394
0.15382 18.24772 10.46973
0.19072 22.14666 12.71518
0.39257 44.78211 25.87765
0.31764 35.57776 20.49362
0.02174 2.38969 1.36922
0.12763 13.84674 7.93995
0.02452 2.61854 1.50036
0.05390 5.72676 3.28164
0.32568 33.97777 19.56271
0.04009 4.13250 2.36792
0.26213 26.84707 15.42881
0.36033 36.30389 20.91655
0.11042 11.06247 6.34157
0.03779 3.75530 2.15176
0.33929 33.31014 19.17466
0.11639 11.31592 6.48701
0.38800 37.57609 21.65823
0.64879 62.29031 36.29346
0.06959 6.69084 3.83428
0.05623 5.34684 3.06388
0.51208 48.84905 28.27447
0.18333 17.40658 9.98587
0.55229 52.33856 30.34106
1.13568 106.98774 64.67951
0.60660 57.23108 33.25585
0.44423 41.91306 24.19376
1.07798 101.02992 60.68256
0.25872 24.18706 13.89217
0.27584 25.81279 14.83101
0.14396 13.53466 7.76072
0.08710 8.11898 4.65311
0.27429 25.90226 14.88271
0.18211 17.04992 9.78076
0.86372 80.50487 47.47217
0.95785 89.69349 53.29080
0.41394 38.62707 22.27164
0.45360 42.47549 24.52343
0.25210 23.69682 13.60925
0.52005 48.37741 27.99589
0.13572 12.63166 7.24223
0.80707 74.81321 43.93320
0.06144 5.65340 3.23959
0.08006 7.37342 4.22561
0.50738 46.31601 26.78023
0.09864 8.98497 5.14974
0.06837 6.16780 3.53445
0.41317 37.17682 21.42536
0.07509 6.73330 3.85863
0.09019 8.06276 4.62087
0.06292 5.61263 3.21622
0.59488 52.90358 30.67661
0.93181 82.33804 48.62211
0.23081 20.31293 11.65856
0.87408 76.56355 45.01666
0.10079 8.79238 5.03929
0.10472 9.02989 5.17551
0.75305 65.09831 37.99072
0.08345 7.17174 4.10999
0.17581 15.04818 8.63013
0.14421 12.23503 7.01454
0.24752 20.86365 11.97578
0.03684 3.08512 1.76771
0.04594 3.82390 2.19107
0.06005 5.00363 2.86717
0.05636 4.65240 2.66587
0.48078 39.50498 22.78452
0.90353 73.66966 43.22757
0.19211 15.64669 8.97407
1.08417 87.78069 52.06788
0.37235 29.88920 17.18964
0.04762 3.79241 2.17302
0.03564 2.83728 1.62570
1.13915 90.54464 53.83707
0.49767 39.44725 22.75078
0.16994 13.38704 7.67595
0.31243 24.53536 14.09323
0.58757 45.87854 26.52264
0.01869 1.45304 0.83254
0.48563 37.85316 21.81988
0.05707 4.42763 2.53705
0.18685 14.38856 8.25117
0.22280 17.06548 9.78970
0.02997 2.29910 1.31731
0.01504 1.15232 0.66023
1.36183 105.18536 63.46131
0.45159 34.73913 20.00552
0.03847 2.95120 1.69098
0.23339 17.81112 10.21856
0.63275 47.92688 27.72992
0.03972 3.00338 1.72087
0.33625 25.30710 14.53888
0.00740 0.55583 0.31847
1.06528 80.18608 47.27271
0.12427 9.32615 5.34543
1.06709 79.29668 46.71704
0.00797 0.59071 0.33845
0.43681 32.19705 18.52817
0.10631 7.80889 4.47530
0.17544 12.84813 7.36651
0.98157 71.99898 42.19976
0.01185 0.86730 0.49693
1.29465 94.58481 56.44854
0.12518 9.16177 5.25115
0.12958 9.42295 5.40095
0.77428 56.33001 32.71742
0.33382 24.18381 13.89029
0.86283 62.53417 36.44053
0.18463 13.36219 7.66168
0.08630 6.17640 3.53938
1.60022 114.62346 69.93578
0.91038 64.91302 37.87846
1.07678 76.48844 44.97008
0.06622 4.66840 2.67504
0.06629 4.65369 2.66661
0.32406 22.57321 12.96111
0.02620 1.82670 1.04664
0.58743 40.82201 23.55481
0.10216 7.06862 4.05086
0.64255 44.43636 25.67442
0.27866 19.29088 11.07007
0.32667 22.46373 12.89798
0.07531 5.16582 2.96012
0.14845 10.15030 5.81819
0.08593 5.83085 3.34131
0.06098 4.14769 2.37662
0.26456 17.87549 10.25559
0.12077 8.24398 4.72479
0.18580 12.58776 7.21703
0.35288 23.94343 13.75156
0.25210 17.05601 9.78426
1.57268 106.36668 64.25883
0.02662 1.80939 1.03672
1.04461 70.65813 41.37744
1.25288 85.06268 50.34101
0.06315 4.26904 2.44616
0.18696 12.65182 7.25380
0.08067 5.47558 3.13767
0.74446 50.19534 29.07063
0.37421 25.39476 14.58951
1.44786 98.70729 59.14657
1.47630 100.43839 60.29025
0.93328 63.61879 37.09539
0.46608 31.67486 18.22510
0.31028 21.11100 12.11829
0.16780 11.47912 6.58067
0.12399 8.46926 4.85398
0.75564 51.55606 29.87679
0.34546 23.53623 13.51659
0.02507 1.70631 0.97765
0.05438 3.70848 2.12492
0.01200 0.81783 0.46858
0.34003 23.21517 13.33137
0.04690 3.20982 1.83917
0.86838 59.63897 34.69843
0.25122 17.19226 9.86261
0.32912 22.59893 12.97595
0.76029 52.24361 30.28470
0.41067 28.21014 16.21730
0.52958 36.31564 20.92340
0.33352 22.87523 13.13529
0.43652 29.98044 17.24252
0.48375 33.08954 19.04649
0.04773 3.29705 1.88915
0.50879 35.10932 20.22094
0.63425 43.54262 25.14949
0.36326 24.92443 14.31787
0.40266 27.64110 15.88804
0.91551 63.55451 37.05654
1.62065 112.39712 68.38646
0.27943 19.37980 11.12126
0.42844 29.61574 17.03120
0.18921 13.11012 7.51694
0.33743 23.32451 13.39444
0.47471 32.93156 18.95471
0.34635 23.98460 13.77532
0.21964 15.28930 8.76868
0.21524 14.90903 8.55018
0.12310 8.50717 4.87572
0.98696 68.08966 39.80838
0.56832 39.23628 22.62749
0.54970 37.94673 21.87448
0.34435 23.65866 13.58723
0.10414 7.16985 4.10890
0.13622 9.36608 5.36833
0.27648 19.01762 10.91278
0.21147 14.52722 8.33082
0.50767 34.93537 20.11971
0.44779 30.85539 17.74973
0.07100 4.88185 2.79737
0.08085 5.58045 3.19778
0.06453 4.42268 2.53422
0.09966 6.87565 3.94024
0.22598 15.60771 8.95166
1.08104 74.88987 43.98056
0.47943 33.08255 19.04242
0.68031 47.01847 27.19413
0.50907 35.12570 20.23047
1.04805 71.83038 42.09624
0.31124 21.38128 12.27403
0.46425 31.78431 18.28861
0.92419 63.83180 37.22415
0.08673 6.01422 3.44641
0.24810 17.22682 9.88249
0.53079 36.77533 21.19129
0.64899 45.06001 26.04105
0.67238 46.81345 27.07329
0.59563 41.63240 24.02932
1.22234 85.28934 50.48454
0.15949 11.17788 6.40779
0.39234 27.34742 15.71816
0.31561 22.08239 12.67812
0.65119 45.67754 26.40433
0.23188 16.23090 9.30986
0.79333 55.49138 32.21697
0.28103 19.66132 11.28333
0.62269 43.72141 25.25447
0.21268 14.88119 8.53418
0.30540 21.27941 12.21532
0.26818 18.75273 10.76033
1.01332 70.71581 41.41276
1.04868 73.42114 43.07445
0.65966 46.30279 26.77244
0.24963 17.58340 10.08757
0.38915 27.44319 15.77355
0.37980 26.80423 15.40404
0.32777 23.02987 13.22448
0.52216 36.78966 21.19965
0.29798 21.00861 12.05930
0.14460 10.14704 5.81632
1.12339 78.67630 46.33014
1.43639 100.25987 60.17200
0.01624 1.13297 0.64915
0.33986 23.74482 13.63694
0.29737 20.81448 11.94745
1.48597 103.65118 62.43067
0.29538 20.53071 11.78399
0.08369 5.83654 3.34457
0.38570 26.91569 15.46849
0.18966 13.19938 7.56819
0.38339 26.84584 15.42810
0.98844 68.78516 40.23247
0.19200 13.35275 7.65626
0.02433 1.69103 0.96890
0.04524 3.12755 1.79203
0.39857 27.57431 15.84940
0.07041 4.87363 2.79266
0.34469 23.75440 13.64247
1.58879 109.06701 66.09512
1.65460 113.28770 69.00449
0.07964 5.46635 3.13238
1.19436 81.70861 48.22669
0.09586 6.57626 3.76860
0.84104 57.37888 33.34424
0.11746 8.00785 4.58939
0.27586 18.86086 10.82256
0.22813 15.63539 8.96757
1.29987 88.93007 52.80194
0.03605 2.45473 1.40649
0.48847 33.26715 19.14968
0.37012 25.12997 14.43657
0.05256 3.57028 2.04573
0.91260 62.16207 36.21614
0.64853 43.98165 25.40729
0.17799 12.07594 6.92321
0.04228 2.86166 1.63966
0.05877 3.97468 2.27748
0.26947 18.25137 10.47184
0.07390 4.98656 2.85738
0.18920 12.69399 7.27801
0.35229 23.59816 13.55232
0.05136 3.42961 1.96512
0.16250 10.78520 6.18247
0.16605 11.08065 6.35200
0.41643 27.87737 16.02473
0.30929 20.68205 11.87117
0.65536 43.55987 25.15962
0.21283 14.04451 8.05354
0.27089 17.97738 10.31420
0.06679 4.48318 2.56889
0.05010 3.37843 1.93579
0.58893 39.44608 22.75010
0.39730 26.46645 15.20877
0.11673 7.80855 4.47510
0.03309 2.21483 1.26903
0.26546 17.81020 10.21803
0.39633 26.40265 15.17189
0.33888 22.47051 12.90190
0.35371 23.44257 13.46255
0.18333 12.21806 7.00480
0.27048 18.05104 10.35658
0.05112 3.43257 1.96682
1.28522 86.23600 51.08494
0.59527 39.91127 23.02204
0.40529 27.12042 15.58688
0.21598 14.46715 8.29631
0.28080 18.89029 10.83950
0.88892 59.51002 34.62103
0.09546 6.42209 3.68022
0.55070 37.04166 21.34655
0.11483 7.72090 4.42485
1.05611 71.05075 41.61800
0.13850 9.31820 5.34087
0.17132 11.51856 6.60330
0.32756 22.06138 12.66601
0.09948 6.72305 3.85275
0.14225 9.58961 5.49655
1.17475 78.91725 46.48035
1.03625 69.79104 40.84685
0.63626 42.96428 24.81010
0.06206 4.14551 2.37537
0.58954 39.48744 22.77427
0.37962 25.31250 14.54200
0.28198 18.92112 10.85724
1.75488 116.35509 71.15103
1.75117 117.14520 71.70859
0.38655 25.64954 14.73669
1.27025 84.96834 50.28129
0.12590 8.41705 4.82404
0.35282 23.67813 13.59847
1.08407 72.93452 42.77487
0.84693 56.96646 33.09765
1.65200 110.45016 67.04313
0.09051 6.03862 3.46040
0.26870 18.02427 10.34118
0.93664 62.82456 36.61573
1.44148 97.16064 58.13022
0.07612 5.14531 2.94837
1.39480 94.45067 56.36133
1.65363 111.86297 68.01686
0.25082 17.10842 9.81439
0.15164 10.34855 5.93193
0.02053 1.40183 0.80319
1.63174 110.99485 67.41788
0.37305 25.12889 14.43595
1.64171 111.75244 67.94047
1.46216 100.17846 60.11810
0.09284 6.47221 3.70895
0.40493 28.45200 16.35729
1.25900 88.96919 52.82696
1.50630 107.32586 64.90895
0.97966 70.83196 41.48392
0.30655 22.50902 12.92410
0.33056 24.51068 14.07898
0.51588 38.71449 22.32269
0.93109 70.73274 41.42313
0.35483 27.48871 15.79989
0.44327 34.72629 19.99805
0.38744 30.50467 17.54637
1.29250 105.03706 63.36144
0.60545 49.91808 28.90655
1.29519 107.52608 65.04495
0.66240 56.07029 32.56237
1.09820 95.77408 57.22331
0.05146 4.66043 2.67047
0.19116 17.72901 10.17133
0.30455 28.94583 16.64319
0.62467 61.01850 35.52746
0.57108 58.14019 33.79985
0.38849 41.02679 23.67468
0.42425 46.68842 26.99961
0.29282 33.13054 19.07030
0.79999 94.48230 56.38189
0.79013 96.77256 57.87598
0.86136 109.10740 66.12273
0.72189 94.90430 56.65640
0.52613 71.63511 41.97639
0.83497 117.97478 72.29612
0.47278 69.89700 40.91164
0.73375 113.14951 68.90844
0.66576 107.20288 64.82546
0.59046 98.02591 58.69819
0.67331 112.45678 68.42778
0.01911 3.25061 1.86254
0.73891 126.90366 78.76853
0.45190 79.23864 46.68082
0.65092 115.11199 70.27771
0.43553 79.51174 46.85130
0.55247 101.85450 61.23076
0.55203 103.27431 62.17835
0.65071 123.73958 76.44222
0.41837 82.53271 48.74453
0.50136 98.69906 59.14115
0.48958 96.22264 57.51626
0.43299 85.89254 50.86693
0.55488 109.13745 66.14328
0.60646 120.01337 73.74937
0.55446 109.32917 66.27441
0.40442 77.75933 45.75929
0.63197 121.50293 74.82002
0.51823 97.61546 58.42858
0.57603 107.15423 64.79245
0.53178 97.63385 58.44064
0.60758 109.79444 66.59306
0.57604 103.03751 62.01999
0.45117 79.88270 47.08304
0.71633 123.96092 76.60374
0.31823 54.53165 31.64502
0.70804 119.31639 73.25098
0.74474 122.35178 75.43359
0.67682 110.30661 66.94450
0.07898 12.57191 7.20792
0.04402 6.94272 3.97868
0.52578 80.33732 47.36732
0.69542 105.30680 63.54314
0.62119 92.31122 54.97513
0.03175 4.66318 2.67205
0.78372 112.78743 68.65703
0.76329 108.04792 65.39990
0.75233 104.82890 63.22134
0.53253 73.04072 42.84022
0.53352 72.57827 42.55574
0.83466 111.44435 67.72776
0.15430 20.37818 11.69614
0.83943 109.24801 66.21889
0.64268 83.29902 49.22701
0.40752 52.00864 30.14525
0.74127 93.37446 55.66292
0.51177 63.59995 37.08400
0.59944 73.59076 43.17896
0.26837 32.61632 18.77162
0.69647 83.78714 49.53482
0.70853 83.83908 49.56760
0.04741 5.55166 3.18127
0.62852 73.17666 42.92390
0.82752 95.70109 57.17567
0.10538 12.27827 7.03936
0.11140 13.07862 7.49885
0.63618 75.54787 44.38745
0.08755 10.44017 5.98450
0.64332 77.59873 45.65943
0.02737 3.33078 1.90848
0.94365 116.36124 71.15536
0.57861 72.31806 42.39579
0.54906 69.46286 40.64627
0.15501 19.90649 11.42449
0.55302 71.85532 42.11155
0.85206 111.26784 67.60601
0.71048 93.13305 55.50657
0.86602 115.05506 70.23783
0.10943 14.82235 8.50037
0.13040 17.92200 10.28234
0.71385 98.42056 58.95777
0.07569 10.47792 6.00615
0.83700 117.17911 71.73256
0.60476 85.19558 50.42515
0.11753 16.78615 9.62908
0.02636 3.76675 2.15832
0.07590 10.74705 6.16057
0.78439 110.03468 66.75782
0.63284 88.13932 52.29667
0.86909 120.35074 73.99120
0.39999 55.55734 32.25630
0.31314 43.40645 25.06956
0.01873 2.60172 1.49072
