0.03811 29.93462 17.21596
0.04676 32.68526 18.81166
0.04968 30.18200 17.35933
0.02728 15.26396 8.75412
0.03574 18.49913 10.61439
0.04043 19.41743 11.14292
0.26499 120.43520 74.05180
0.30206 128.99407 80.32690
0.32533 130.83162 81.71169
0.23730 89.45237 53.13629
0.08001 29.58891 17.01566
0.04152 14.88962 8.53902
0.02920 9.91220 5.68160
0.03492 11.42004 6.54676
0.02053 6.45895 3.70135
0.02713 8.15195 4.67202
0.03535 10.19757 5.84531
0.06484 17.69510 10.15182
0.04250 11.08840 6.35644
0.03725 9.19459 5.26997
0.02994 7.01363 4.01934
0.01475 3.28446 1.88194
0.01804 3.81192 2.18420
0.02930 5.92364 3.39449
0.02968 5.73957 3.28898
0.01172 2.15941 1.23727
0.02774 4.87352 2.79260
0.01805 3.03808 1.74076
0.02363 3.79594 2.17504
0.02270 3.51180 2.01221
0.01334 1.98695 1.13846
0.03395 4.87324 2.79244
0.01720 2.40205 1.37631
0.01915 2.59293 1.48568
0.01686 2.22655 1.27575
0.00273 0.35285 0.20217
0.01590 2.00790 1.15046
0.02108 2.63646 1.51062
0.00688 0.85376 0.48917
0.02223 2.74488 1.57275
0.02465 3.04198 1.74299
0.04133 5.06404 2.90179
0.01383 1.68677 0.96646
0.04004 4.86778 2.78931
0.02825 3.41262 1.95538
0.02807 3.38585 1.94004
0.04372 5.23286 2.99855
0.01697 2.02646 1.16110
0.01001 1.19350 0.68383
0.02443 2.90510 1.66456
0.00364 0.43214 0.24760
0.03653 4.33519 2.48408
0.02532 2.99953 1.71867
0.01833 2.17855 1.24824
0.01468 1.73830 0.99599
0.01631 1.91515 1.09732
0.02732 3.23451 1.85332
0.04471 5.35144 3.06652
0.03627 4.36941 2.50369
0.15128 18.31222 10.50684
0.07212 8.65795 4.96219
0.03248 3.89567 2.23220
0.02041 2.44569 1.40131
0.02941 3.52411 2.01927
0.00722 0.87029 0.49864
0.04132 5.02389 2.87878
0.04088 5.03419 2.88468
0.01421 1.76740 1.01266
0.03563 4.45093 2.55041
0.02933 3.64996 2.09139
0.01508 1.87375 1.07360
0.00607 0.74886 0.42906
0.02734 3.32289 1.90396
0.02546 3.03512 1.73906
0.01266 1.47583 0.84560
0.02727 3.11245 1.78337
0.00528 0.59226 0.33934
0.00795 0.87520 0.50146
0.04793 5.18189 2.96934
0.03822 4.05471 2.32334
0.02577 2.68115 1.53623
0.02654 2.71704 1.55680
0.00769 0.77623 0.44475
0.00825 0.82387 0.47204
0.02419 2.37819 1.36263
0.03216 3.12542 1.79081
0.00405 0.39170 0.22443
0.02513 2.41321 1.38270
0.01679 1.61666 0.92629
0.00987 0.95192 0.54541
0.03152 3.04585 1.74521
0.01296 1.25279 0.71780
0.02618 2.53749 1.45391
0.02057 2.00323 1.14779
0.00933 0.90979 0.52127
0.00436 0.42608 0.24413
0.03012 2.96604 1.69948
0.01134 1.12149 0.64257
0.00726 0.72193 0.41364
0.02635 2.61573 1.49875
0.00812 0.80952 0.46382
0.02419 2.42918 1.39185
0.01939 1.96172 1.12400
0.01660 1.69000 0.96831
0.03085 3.14259 1.80065
0.02297 2.35267 1.34801
0.02380 2.44259 1.39954
0.03478 3.55288 2.03576
0.04414 4.52241 2.59137
0.00498 0.51423 0.29463
0.03116 3.27001 1.87366
0.03191 3.36345 1.92721
0.07010 7.36828 4.22267
0.03731 3.91940 2.24579
0.05174 5.44216 3.11851
0.03201 3.37235 1.93231
0.00901 0.94921 0.54386
0.01892 2.01049 1.15195
0.06108 6.49283 3.72077
0.01367 1.45767 0.83519
0.04592 4.91606 2.81698
0.03136 3.36981 1.93085
0.01629 1.74820 1.00166
0.04688 5.01682 2.87473
0.04670 5.03079 2.88274
0.05919 6.35902 3.64407
0.01769 1.90356 1.09068
0.02252 2.44053 1.39835
0.01591 1.71607 0.98325
0.02470 2.68319 1.53740
0.03869 4.22117 2.41873
0.04763 5.24372 3.00477
0.01379 1.51446 0.86773
0.01743 1.90126 1.08936
0.02843 3.10144 1.77706
0.01465 1.61323 0.92432
0.02993 3.31907 1.90177
0.00476 0.52787 0.30245
0.03204 3.53885 2.02772
0.07533 8.31166 4.76360
0.03852 4.26630 2.44460
0.01193 1.31611 0.75408
0.03360 3.69473 2.11704
0.04211 4.66252 2.67167
0.04140 4.60170 2.63681
0.07924 8.83674 5.06473
0.05291 5.92707 3.39646
0.02586 2.88918 1.65543
0.03134 3.48932 1.99934
0.09014 9.99510 5.72916
0.04287 4.74858 2.72099
0.00922 1.03140 0.59095
0.06443 7.19761 4.12481
0.10461 11.68259 6.69745
0.05563 6.18628 3.54505
0.02397 2.67047 1.53011
0.04746 5.29389 3.03353
0.01101 1.22886 0.70409
0.07396 8.25714 4.73234
0.01915 2.13584 1.22377
0.01834 2.04585 1.17221
0.05578 6.22851 3.56925
0.04571 5.12072 2.93428
0.02458 2.73440 1.56675
0.01753 1.95550 1.12044
0.00791 0.88611 0.50770
0.03046 3.41494 1.95671
0.02191 2.46805 1.41412
0.04473 5.02377 2.87871
0.01977 2.22236 1.27335
0.00613 0.68925 0.39491
0.05223 5.84402 3.34885
0.05020 5.67662 3.25290
0.00737 0.84288 0.48294
0.01372 1.57408 0.90189
0.02220 2.54211 1.45656
0.04026 4.61084 2.64205
0.05045 5.80088 3.32413
0.01728 2.00346 1.14792
0.00600 0.69955 0.40081
0.04392 5.15067 2.95144
0.05898 6.93951 3.97684
0.07175 8.48717 4.86425
0.01001 1.19587 0.68519
0.04268 5.06970 2.90503
0.03479 4.17584 2.39275
0.02941 3.51060 2.01153
0.02598 3.15346 1.80688
0.00826 1.01360 0.58075
0.00200 0.24666 0.14132
0.01461 1.80677 1.03521
0.02968 3.66062 2.09750
0.02362 2.93248 1.68025
0.04346 5.45760 3.12736
0.00788 0.99218 0.56848
0.01348 1.69919 0.97357
0.01320 1.68770 0.96699
0.01713 2.21133 1.26702
0.02499 3.26888 1.87301
0.03329 4.37188 2.50510
0.03093 4.02520 2.30643
0.01045 1.35452 0.77609
0.01087 1.42384 0.81581
0.00346 0.46086 0.26405
0.02437 3.27304 1.87540
0.01466 1.95660 1.12107
0.07776 10.23731 5.86811
0.02130 2.81204 1.61123
0.02315 3.06119 1.75400
0.03542 4.72387 2.70683
0.00722 0.96592 0.55343
0.01996 2.64797 1.51722
0.00686 0.91602 0.52484
0.06067 8.10945 4.64765
0.02381 3.18874 1.82709
0.02776 3.77338 2.16211
0.01096 1.49637 0.85737
0.03918 5.37834 3.08193
0.00178 0.24674 0.14137
0.01250 1.74461 0.99960
0.02892 4.01160 2.29863
0.07501 10.44017 5.98450
0.06691 9.41775 5.39797
0.05166 7.36538 4.22101
0.03975 5.69998 3.26629
0.03847 5.54830 3.17935
0.09269 13.47522 7.72658
0.10210 14.88221 8.53477
0.04830 7.09265 4.06464
0.02473 3.66365 2.09923
0.01606 2.40477 1.37786
0.02201 3.34964 1.91929
0.01402 2.13861 1.22536
0.02116 3.31236 1.89793
0.04122 6.42450 3.68160
0.05510 8.66470 4.96606
0.03590 5.64211 3.23312
0.01899 3.01043 1.72491
0.00837 1.34584 0.77111
0.00985 1.60345 0.91872
0.03996 6.57989 3.77068
0.04383 7.18073 4.11514
0.03079 5.00204 2.86626
0.02870 4.56523 2.61591
0.05035 7.97303 4.56942
0.10923 17.28340 9.91503
0.02397 3.85199 2.20716
0.05463 8.81926 5.05470
0.01840 2.96539 1.69911
0.05267 8.43141 4.83227
0.03539 5.63432 3.22866
0.04552 7.11691 4.07855
0.03866 6.01533 3.44705
0.06125 9.47867 5.43291
0.02949 4.54944 2.60686
0.03639 5.62804 3.22505
0.07338 11.34378 6.50300
0.02892 4.45703 2.55390
0.09503 14.49176 8.31045
0.04188 6.27866 3.59800
0.04487 6.63397 3.80168
0.03792 5.62402 3.22275
0.03222 4.77816 2.73794
0.04473 6.50913 3.73011
0.01710 2.48031 1.42115
0.04644 6.58846 3.77559
0.01434 2.00669 1.14977
0.00934 1.31691 0.75454
0.01138 1.58096 0.90583
0.01155 1.58082 0.90575
0.02555 3.42621 1.96317
0.01496 2.00033 1.14612
0.02213 2.94656 1.68831
0.02802 3.73146 2.13809
0.01646 2.18588 1.25244
0.01320 1.75544 1.00580
0.01388 1.85682 1.06389
0.02190 2.92856 1.67800
0.02421 3.25278 1.86379
0.01044 1.40046 0.80241
0.00875 1.16631 0.66825
0.01271 1.69874 0.97332
0.02636 3.52403 2.01922
0.01838 2.45761 1.40814
0.02917 3.92136 2.24692
0.01871 2.51037 1.43838
0.01032 1.39746 0.80069
0.01362 1.83333 1.05044
0.03650 4.90956 2.81325
0.04308 5.76001 3.30070
0.01167 1.56103 0.89441
0.02125 2.86277 1.64030
0.02866 3.85083 2.20650
0.01286 1.72950 0.99094
0.01322 1.75729 1.00687
0.00805 1.07465 0.61573
0.00256 0.33848 0.19393
0.01665 2.19257 1.25628
0.03111 4.08788 2.34234
0.04223 5.53264 3.17037
0.04986 6.50509 3.72780
0.04320 5.57478 3.19453
0.03804 4.90130 2.80852
0.02310 2.94610 1.68805
0.02701 3.45273 1.97837
0.02079 2.64367 1.51476
0.03083 3.91364 2.24250
0.02976 3.77067 2.16056
0.04843 6.11614 3.50484
0.01890 2.37139 1.35874
0.05758 7.24811 4.15377
0.01385 1.73114 0.99188
0.02737 3.41441 1.95641
0.01892 2.36542 1.35532
0.02553 3.21316 1.84109
0.04727 5.99100 3.43311
0.03782 4.78327 2.74087
0.03613 4.54213 2.60267
0.02896 3.66130 2.09789
0.02635 3.37850 1.93583
0.01906 2.44346 1.40004
0.03381 4.30936 2.46927
0.04715 5.93358 3.40019
0.07856 9.81421 5.62539
0.03450 4.29223 2.45946
0.06138 7.62921 4.37228
0.03512 4.38572 2.51303
0.05614 7.10408 4.07119
0.05257 6.64580 3.80847
0.05867 7.40088 4.24136
0.05175 6.52397 3.73862
0.04789 6.04701 3.46521
0.01301 1.63002 0.93395
0.08258 10.25647 5.87910
0.01932 2.39416 1.37179
0.01791 2.20892 1.26564
0.04217 5.19292 2.97566
0.02938 3.59419 2.05943
0.02952 3.63458 2.08258
0.02309 2.89117 1.65658
0.01691 2.11915 1.21421
0.02864 3.59858 2.06195
0.02932 3.61285 2.07012
0.06460 7.90999 4.53327
0.01760 2.16839 1.24242
0.03302 4.06958 2.33186
0.04663 5.70242 3.26769
0.02891 3.51943 2.01659
0.01722 2.10740 1.20747
0.04013 4.91509 2.81642
0.02220 2.72705 1.56253
0.02746 3.37488 1.93375
0.03324 4.06983 2.33200
0.01529 1.86928 1.07104
0.01918 2.33972 1.34059
0.04023 4.92191 2.82033
0.03224 3.95698 2.26733
0.03651 4.48395 2.56933
0.03289 4.05433 2.32312
0.01818 2.22539 1.27508
0.02189 2.67540 1.53294
0.03060 3.73345 2.13923
0.01717 2.10763 1.20760
0.02747 3.34255 1.91523
0.02920 3.53845 2.02749
0.02731 3.31572 1.89985
0.01737 2.11498 1.21182
0.02469 3.02530 1.73344
0.03675 4.50534 2.58159
0.00735 0.89610 0.51343
0.02440 2.98118 1.70816
0.01497 1.83698 1.05253
0.03044 3.74918 2.14825
0.02923 3.59727 2.06120
0.00102 0.12408 0.07109
0.00934 1.14465 0.65584
0.04941 6.05348 3.46892
0.00808 0.99512 0.57016
0.01329 1.63785 0.93843
0.02427 2.96438 1.69853
0.01672 2.04288 1.17051
0.01473 1.78606 1.02335
0.01761 2.13083 1.22090
0.04711 5.68114 3.25549
0.02329 2.82828 1.62054
0.03916 4.77522 2.73626
0.02643 3.24004 1.85649
0.02801 3.39961 1.94793
0.01690 2.02764 1.16177
0.01851 2.19587 1.25817
0.01414 1.68067 0.96296
0.00303 0.35717 0.20465
0.03226 3.77429 2.16264
0.01468 1.71053 0.98007
0.02360 2.74092 1.57048
0.01748 2.02094 1.15793
0.02931 3.37091 1.93148
0.04150 4.80016 2.75055
0.01128 1.29540 0.74222
0.01987 2.28193 1.30748
0.03151 3.58609 2.05479
0.04546 5.12636 2.93751
0.03809 4.26895 2.44612
0.05453 6.04781 3.46567
0.07407 8.14482 4.66793
0.05418 5.97626 3.42465
0.05006 5.54601 3.17803
0.03528 3.93676 2.25574
0.05806 6.52440 3.73887
0.04597 5.14963 2.95085
0.00600 0.66965 0.38368
0.05443 6.00945 3.44368
0.08629 9.39316 5.38387
0.06507 7.03679 4.03262
0.08989 9.70738 5.56411
0.04110 4.44128 2.54488
0.10680 10.84677 6.21779
0.12496 12.39176 7.10451
0.12368 12.24214 7.01862
0.05399 5.47147 3.13531
0.07041 7.17988 4.11465
0.06923 7.05129 4.04093
0.07262 7.41305 4.24834
0.08818 8.94548 5.12709
0.07466 7.58190 4.34515
0.03543 3.60793 2.06730
0.05196 5.38949 3.08832
0.07222 7.39908 4.24033
0.02955 3.04978 1.74746
0.04263 4.37849 2.50889
0.02966 3.07389 1.76128
0.02368 2.44365 1.40014
0.06028 6.26097 3.58786
0.04036 4.19547 2.40400
0.04025 4.18922 2.40042
0.02618 2.75239 1.57705
0.04352 4.54528 2.60448
0.00898 0.94436 0.54108
0.04033 4.23752 2.42810
0.03892 4.11793 2.35957
0.02971 3.13360 1.79550
0.04528 4.76251 2.72897
0.03293 3.46701 1.98655
0.02198 2.31806 1.32818
0.04675 4.92831 2.82400
0.03586 3.81041 2.18334
0.05313 5.64676 3.23578
0.02537 2.71579 1.55608
0.03697 3.93252 2.25331
0.00758 0.80117 0.45904
0.03687 3.87966 2.22302
0.02467 2.58485 1.48105
0.03160 3.32003 1.90233
0.01795 1.88736 1.08140
0.04276 4.49005 2.57283
0.04937 5.15160 2.95197
0.02009 2.08536 1.19484
0.00540 0.55876 0.32014
0.03438 3.54658 2.03215
0.02581 2.63783 1.51141
0.02411 2.46014 1.40959
0.00751 0.77355 0.44321
0.00659 0.67994 0.38958
0.02492 2.55977 1.46668
0.02031 2.06807 1.18494
0.04025 4.07154 2.33298
0.01175 1.18733 0.68030
0.02444 2.46070 1.40991
0.02351 2.36217 1.35346
0.02203 2.20258 1.26201
0.01227 1.22806 0.70363
0.02097 2.08995 1.19748
0.01193 1.18664 0.67990
0.01355 1.34181 0.76880
0.01154 1.14448 0.65574
0.03360 3.30447 1.89341
0.01203 1.18728 0.68027
0.01028 1.01369 0.58080
0.00535 0.52715 0.30203
0.08551 8.46883 4.85373
0.02767 2.73978 1.56983
0.00894 0.88407 0.50654
0.03404 3.34705 1.91781
0.03405 3.33972 1.91361
0.01536 1.50486 0.86223
0.01898 1.87488 1.07424
0.04349 4.32160 2.47629
0.02371 2.35448 1.34905
0.03094 3.06726 1.75748
0.02857 2.80668 1.60816
0.03132 3.08243 1.76617
0.03717 3.65709 2.09548
0.04229 4.15642 2.38162
0.03198 3.16065 1.81099
0.02226 2.19582 1.25814
0.02306 2.28509 1.30929
0.07032 6.92219 3.96691
0.02583 2.54008 1.45540
0.00828 0.81779 0.46856
0.01712 1.68825 0.96731
0.02044 2.02016 1.15749
0.03580 3.53017 2.02274
0.02905 2.86350 1.64072
0.07069 6.98461 4.00270
0.03636 3.60133 2.06352
0.03031 3.00974 1.72452
0.04734 4.72426 2.70705
0.01825 1.82610 1.04629
0.02164 2.17308 1.24511
0.03078 3.10313 1.77803
0.04104 4.17732 2.39360
0.02555 2.62688 1.50513
0.03886 4.04046 2.31517
0.02859 3.00811 1.72359
0.04090 4.36317 2.50011
0.03541 3.82834 2.19361
0.02031 2.22528 1.27502
0.03515 3.92923 2.25143
0.07103 8.08928 4.63608
0.01275 1.48463 0.85064
0.01154 1.37117 0.78563
0.02478 3.00857 1.72385
0.01940 2.40582 1.37847
0.03313 4.17031 2.38958
0.01088 1.38744 0.79495
0.01097 1.42216 0.81484
0.01335 1.75849 1.00755
0.01716 2.30048 1.31811
0.04084 5.53941 3.17426
0.03601 4.97549 2.85104
0.00603 0.85110 0.48765
0.02507 3.57518 2.04854
0.03782 5.40558 3.09755
0.01296 1.84535 1.05732
0.02950 4.12946 2.36618
0.03240 4.50046 2.57879
0.01958 2.70178 1.54806
0.03583 4.90455 2.81038
0.03575 4.90784 2.81227
0.01957 2.67087 1.53034
0.01333 1.82008 1.04285
0.03032 4.11026 2.35517
0.03758 5.02948 2.88198
0.06317 8.35369 4.78771
0.05269 6.78714 3.88949
0.00466 0.59152 0.33891
0.01220 1.54653 0.88610
0.04478 5.68644 3.25853
0.03161 4.00044 2.29223
0.00653 0.82287 0.47147
0.02373 2.94594 1.68796
0.02945 3.65385 2.09362
0.02430 3.00445 1.72149
0.02044 2.55617 1.46462
0.05334 6.73472 3.85944
0.04340 5.49838 3.15074
0.01326 1.68933 0.96793
0.06628 8.52982 4.88871
0.02082 2.70090 1.54755
0.00457 0.60175 0.34478
0.02297 3.04127 1.74259
0.02817 3.78776 2.17036
0.03326 4.55948 2.61262
0.01533 2.12829 1.21945
0.05559 7.77893 4.45812
0.03315 4.67740 2.68020
0.04909 6.83316 3.91588
0.03534 5.02486 2.87933
0.00607 0.85386 0.48923
0.02408 3.36799 1.92981
0.01207 1.70356 0.97608
0.02559 3.49998 2.00544
0.02879 3.95310 2.26511
0.03844 5.13192 2.94070
0.02287 3.02651 1.73413
0.03604 4.78223 2.74028
0.02843 3.73566 2.14050
0.01691 2.21428 1.26872
0.01678 2.18501 1.25194
0.03751 4.84525 2.77640
0.02766 3.60121 2.06345
0.00961 1.26855 0.72683
0.00404 0.53656 0.30743
0.04199 5.55512 3.18326
0.02435 3.12472 1.79040
0.03819 4.81121 2.75689
0.03808 4.83173 2.76865
0.00619 0.80720 0.46249
0.05620 7.57451 4.34091
0.02176 2.89111 1.65654
0.03919 5.11834 2.93291
0.03613 4.69269 2.68896
0.02615 3.46746 1.98681
0.03014 4.11837 2.35982
0.04363 6.08953 3.48958
0.01255 1.75773 1.00712
0.01178 1.65798 0.94996
0.03834 5.47882 3.13952
0.01918 2.79296 1.60030
0.00454 0.67094 0.38442
0.03359 5.03889 2.88738
0.07215 10.89168 6.24356
0.01933 2.95619 1.69384
0.01897 2.92004 1.67312
0.01634 2.57701 1.47656
0.02755 4.38752 2.51406
0.04161 6.94465 3.97979
0.04127 7.17572 4.11227
0.02226 3.98582 2.28386
0.01124 2.10608 1.20672
0.04205 8.11915 4.65321
0.00448 0.91109 0.52202
0.03734 8.18894 4.69323
0.00831 1.93009 1.10588
0.02100 5.17360 2.96459
0.02365 6.25065 3.58194
0.06700 18.23975 10.46515
0.02428 6.90145 3.95502
0.02153 6.38920 3.66136
0.04566 14.17458 8.12825
0.03383 11.09994 6.36307
0.04020 14.02198 8.04060
0.05686 21.42102 12.29693
0.03207 12.97146 7.43732
0.03445 15.26616 8.75538
0.02000 9.90538 5.67768
0.02862 16.14090 9.25812
0.02069 12.96609 7.43423
0.01773 11.71048 6.71345
0.01183 7.85703 4.50291
0.05500 36.01602 20.74885
0.11591 73.67253 43.22935
0.02450 16.00118 9.17781
0.03738 25.28239 14.52460
0.02048 13.93606 7.99125
0.02233 15.17437 8.70264
0.01044 6.96706 3.99264
0.05975 36.74971 21.17636
0.03105 17.50555 10.04279
0.03941 20.12026 11.54759
0.01179 5.48382 3.14239
0.01288 5.68873 3.25984
0.03603 15.35906 8.80877
0.06002 24.20895 13.90480
0.02376 9.43779 5.40946
0.01877 7.09686 4.06705
0.04016 14.81500 8.49615
0.03734 13.71933 7.86678
0.00968 3.33507 1.91094
0.04649 15.41290 8.83971
0.01236 4.09206 2.34474
0.13606 41.59059 24.00483
0.01325 3.91017 2.24051
0.00528 1.56923 0.89911
0.00971 2.65072 1.51880
0.02019 5.56304 3.18780
0.02947 7.47990 4.28667
0.01010 2.46961 1.41502
0.03027 7.38809 4.23402
0.04052 9.18657 5.26537
0.02191 4.77062 2.73362
0.04918 10.48460 6.00999
0.02783 5.60437 3.21149
0.01237 2.44127 1.39878
0.02841 5.33038 3.05444
0.02916 5.28304 3.02731
0.00973 1.74403 0.99927
0.03364 5.84653 3.35029
0.03495 5.88027 3.36963
0.01495 2.47688 1.41918
0.01663 2.64858 1.51757
0.00589 0.92260 0.52862
0.02540 3.78724 2.17006
0.04884 7.10718 4.07297
0.03972 5.64035 3.23211
0.02063 2.87277 1.64604
0.04104 5.61082 3.21519
0.01540 2.06388 1.18254
0.01578 2.07248 1.18747
0.01759 2.27000 1.30064
0.03168 4.00697 2.29598
0.01876 2.33168 1.33598
0.02764 3.36908 1.93043
0.00997 1.19773 0.68625
0.03900 4.61420 2.64397
0.01495 1.74856 1.00186
0.02183 2.53102 1.45021
0.03291 3.74527 2.14600
0.02613 2.95220 1.69155
0.02472 2.75100 1.57626
0.01705 1.87389 1.07368
0.01429 1.54494 0.88520
0.02896 3.08489 1.76758
0.02868 3.02398 1.73268
0.02325 2.42477 1.38932
0.01214 1.25415 0.71858
0.00895 0.91184 0.52245
0.00554 0.55815 0.31980
0.00813 0.80856 0.46327
0.01375 1.35403 0.77581
0.00066 0.06397 0.03665
0.01928 1.85477 1.06272
0.00429 0.40864 0.23413
0.01049 0.99682 0.57114
0.03460 3.30235 1.89219
0.01480 1.39924 0.80171
0.03641 3.42572 1.96289
0.03992 3.71111 2.12643
0.07261 6.74923 3.86776
0.02638 2.43972 1.39789
0.05999 5.54680 3.17849
0.04827 4.46819 2.56030
0.03377 3.08778 1.76924
0.03124 2.86070 1.63912
0.03412 3.13835 1.79821
0.03854 3.52561 2.02013
0.01468 1.34422 0.77019
0.04945 4.45174 2.55087
0.02801 2.52062 1.44425
0.02332 2.13588 1.22379
0.02706 2.44385 1.40026
0.04548 4.17080 2.38986
0.02283 2.05964 1.18011
0.02871 2.58774 1.48270
0.01017 0.93603 0.53631
0.06139 5.51579 3.16072
0.03846 3.52071 2.01732
0.02735 2.45671 1.40763
0.02269 2.03346 1.16510
0.01555 1.40004 0.80217
0.03736 3.30700 1.89486
0.03241 2.87552 1.64761
0.01506 1.34470 0.77046
0.01503 1.32269 0.75785
0.01177 1.03896 0.59528
0.02354 2.06223 1.18159
0.01311 1.14820 0.65787
0.07205 6.28470 3.60146
0.01555 1.35552 0.77666
0.04429 3.84528 2.20332
0.02479 2.14139 1.22695
0.01641 1.40300 0.80387
0.02422 2.05107 1.17520
0.02981 2.49736 1.43092
0.02283 1.90260 1.09013
0.01427 1.18432 0.67857
0.05333 4.42012 2.53275
0.02231 1.82720 1.04692
0.00466 0.37940 0.21738
0.01937 1.56151 0.89469
0.02928 2.34741 1.34500
0.02027 1.62026 0.92835
0.03693 2.92543 1.67621
0.01788 1.40495 0.80498
0.00493 0.38716 0.22183
0.01045 0.81307 0.46586
0.02335 1.80719 1.03546
0.01069 0.82116 0.47049
0.02959 2.26106 1.29552
0.01580 1.18313 0.67789
0.02086 1.55245 0.88950
0.03559 2.63445 1.50947
0.01322 0.97705 0.55981
0.01181 0.86602 0.49619
0.01210 0.88375 0.50635
0.00805 0.58453 0.33491
0.00917 0.66325 0.38001
0.00895 0.64399 0.36898
0.01091 0.78168 0.44787
0.02621 1.86598 1.06914
0.01621 1.14779 0.65764
0.00747 0.52771 0.30236
0.00921 0.64471 0.36939
0.02062 1.44078 0.82551
0.02805 1.94209 1.11275
0.02234 1.54169 0.88333
0.01716 1.17727 0.67453
0.01670 1.14181 0.65421
0.02767 1.87586 1.07481
0.01528 1.03534 0.59321
0.09861 6.63581 3.80274
0.03500 2.34612 1.34426
0.05214 3.46063 1.98289
0.05020 3.34288 1.91542
0.03678 2.45540 1.40687
0.02631 1.75022 1.00281
0.04566 3.03366 1.73822
0.00803 0.53152 0.30454
0.02032 1.33926 0.76734
0.01745 1.15076 0.65934
0.06641 4.37504 2.50692
0.02471 1.62623 0.93177
0.02411 1.58821 0.90998
0.03606 2.36352 1.35423
0.01923 1.26510 0.72485
0.00832 0.54794 0.31395
0.01105 0.72887 0.41761
0.01230 0.81023 0.46423
0.01650 1.08857 0.62371
0.02731 1.80621 1.03490
0.02721 1.80618 1.03488
0.03038 2.01362 1.15374
0.01976 1.30984 0.75049
0.04409 2.92641 1.67677
0.01978 1.31668 0.75441
0.02792 1.86325 1.06758
0.03785 2.51222 1.43943
0.00539 0.35827 0.20527
0.01664 1.10731 0.63445
0.03137 2.08714 1.19586
0.02790 1.85575 1.06328
0.01467 0.97748 0.56006
0.02596 1.72632 0.98912
0.02740 1.82990 1.04847
0.02599 1.73532 0.99428
0.02035 1.36110 0.77986
0.02293 1.53252 0.87808
0.04268 2.87209 1.64564
0.02176 1.47472 0.84496
0.01174 0.79632 0.45626
0.03058 2.08887 1.19686
0.02896 1.99104 1.14080
0.03487 2.41700 1.38487
0.02888 2.00934 1.15128
0.02417 1.69153 0.96919
0.01164 0.82055 0.47014
0.00940 0.66604 0.38161
0.02952 2.11384 1.21116
0.01602 1.16046 0.66490
0.01661 1.22559 0.70222
0.01536 1.14998 0.65889
0.02748 2.10004 1.20326
0.02329 1.81827 1.04181
0.03188 2.55633 1.46471
0.02315 1.88893 1.08229
0.02876 2.39047 1.36967
0.03430 2.94315 1.68636
0.05128 4.53035 2.59592
0.01215 1.10717 0.63437
0.04860 4.56866 2.61787
0.04849 4.73588 2.71372
0.03059 3.09149 1.77136
0.01410 1.49678 0.85760
0.03121 3.46281 1.98414
0.02186 2.53357 1.45167
0.01415 1.73293 0.99291
0.01307 1.68193 0.96369
0.01777 2.40671 1.37898
0.03805 5.47871 3.13946
0.03146 4.70583 2.69649
0.02353 3.65028 2.09157
0.05683 9.58856 5.49595
0.04871 7.77695 4.45699
0.07750 13.87640 7.95698
0.00038 0.06124 0.03509
0.04007 6.49771 3.72357
0.07680 14.60303 8.37437
0.01005 1.68563 0.96580
0.09684 19.67674 11.29221
0.03624 6.33121 3.62813
0.13219 27.54872 15.83460
0.02419 4.49134 2.57357
0.16207 30.12245 17.32482
0.10179 21.23812 12.19153
0.17336 32.81977 18.88978
0.07406 15.01049 8.60847
0.02115 4.01418 2.30011
0.02485 4.71491 2.70169
0.10742 20.77146 11.92267
0.19500 36.88978 21.25800
0.03402 6.26166 3.58826
0.05044 9.22879 5.28959
0.09009 16.26553 9.32977
0.07834 13.29214 7.62145
0.04063 7.27111 4.16696
0.07317 11.85576 6.79684
0.08059 14.14486 8.11118
0.02140 3.63720 2.08408
0.08543 12.81974 7.35021
0.05662 9.17188 5.25694
0.03836 6.01054 3.44430
0.03702 5.27617 3.02337
0.05549 8.30942 4.76232
0.06606 9.60034 5.50270
0.04007 5.48238 3.14157
0.03173 4.38162 2.51068
0.12862 17.32777 9.94054
0.01339 1.76566 1.01166
0.03634 4.80453 2.75306
0.02526 3.19730 1.83200
0.03731 4.72996 2.71032
0.03853 4.88020 2.79643
0.02764 3.40571 1.95142
0.03482 4.30742 2.46816
0.07940 9.74448 5.58539
0.01942 2.33642 1.33870
0.01508 1.85006 1.06002
0.01722 2.05574 1.17787
0.01689 2.05318 1.17641
0.02708 3.22066 1.84538
0.02901 3.39489 1.94522
0.05468 6.45719 3.70034
0.04477 5.23559 3.00011
0.03104 3.54178 2.02940
0.02737 3.09476 1.77324
0.03744 4.19795 2.40543
0.04397 4.90219 2.80903
0.03355 3.74273 2.14455
0.04888 5.36434 3.07391
0.03557 3.88824 2.22794
0.03181 3.40733 1.95235
0.04274 4.53731 2.59991
0.02776 2.92685 1.67702
0.02094 2.19856 1.25970
0.02510 2.61650 1.49919
0.03062 3.13254 1.79489
0.02804 2.84128 1.62799
0.02490 2.49141 1.42751
0.03400 3.36218 1.92648
0.02758 2.71169 1.55373
0.04726 4.64262 2.66026
0.04409 4.34877 2.49186
0.04702 4.63552 2.65620
0.04427 4.37065 2.50440
0.02552 2.51134 1.43893
0.06195 6.12221 3.50832
0.05692 5.67236 3.25046
0.04241 4.22015 2.41815
0.01959 1.96152 1.12388
0.04795 4.86130 2.78560
0.01260 1.28620 0.73694
0.02942 3.03869 1.74111
0.00725 0.74700 0.42800
0.00301 0.31179 0.17864
0.02195 2.29412 1.31446
0.02203 2.32112 1.32993
0.01961 2.09545 1.20063
0.01385 1.49315 0.85552
0.01276 1.39332 0.79832
0.03200 3.50535 2.00852
0.02151 2.39713 1.37349
0.01775 2.00374 1.14808
0.03519 4.06013 2.32644
0.03630 4.27090 2.44723
0.02811 3.36403 1.92754
0.02387 2.93446 1.68138
0.03435 4.35084 2.49304
0.00768 1.00055 0.57327
0.01915 2.57454 1.47514
0.01417 1.97122 1.12944
0.02042 2.94358 1.68661
0.00591 0.89095 0.51048
0.00941 1.48185 0.84905
0.00977 1.61666 0.92629
0.01352 2.36275 1.35379
0.01064 1.99600 1.14365
0.01014 2.02287 1.15904
0.02161 4.59850 2.63498
0.00687 1.57539 0.90264
0.01842 4.49006 2.57283
0.01739 4.64922 2.66404
0.00410 1.18356 0.67813
0.00657 2.07802 1.19064
0.01019 3.53547 2.02578
0.02774 10.52922 6.03559
0.00691 2.81798 1.61463
0.01328 5.94227 3.40517
0.02367 10.91313 6.25587
0.02258 10.70094 6.13412
0.00791 3.81505 2.18600
0.02686 12.93780 7.41800
0.01094 5.23839 3.00172
0.02459 12.07652 6.92355
0.02341 11.57113 6.63348
0.00891 4.37644 2.50772
0.01110 5.49310 3.14771
0.01418 6.87905 3.94218
0.01634 8.27446 4.74227
0.01261 6.49088 3.71965
0.03421 18.52118 10.62708
0.03483 19.10948 10.96565
0.03704 20.31899 11.66205
0.02159 12.17078 6.97766
0.02562 14.87981 8.53339
0.16828 102.40768 61.59940
0.02371 15.33951 8.79753
0.12719 86.44970 51.22068
0.00924 6.42119 3.67971
0.13953 98.89728 59.27178
0.12779 89.90936 53.42922
0.13975 100.20457 60.13539
0.01162 7.89896 4.52695
0.00828 5.72528 3.28079
0.03983 29.49240 16.95975
0.12135 93.52911 55.76315
0.08205 63.12666 36.79810
0.02726 20.80712 11.94321
0.02688 19.98965 11.47238
0.12813 91.40498 54.39059
0.15621 103.91502 62.60751
0.06265 39.34775 22.69263
0.00939 5.28493 3.02839
0.00726 3.55991 2.03978
0.02108 9.07394 5.20077
0.08126 31.15994 17.92636
0.03222 11.08915 6.35688
0.07735 24.19411 13.89624
0.01169 3.37230 1.93228
0.02344 6.21702 3.56266
0.00451 1.13910 0.65266
0.00856 1.99628 1.14380
0.01950 4.33864 2.48605
0.04377 9.24890 5.30112
0.00920 1.88108 1.07779
0.00687 1.33362 0.76412
0.05599 10.30777 5.90853
0.04760 8.43309 4.83324
0.02787 4.82702 2.76595
0.02272 3.79168 2.17261
0.00965 1.55159 0.88900
0.01919 3.03785 1.74063
0.01280 1.94971 1.11712
0.02376 3.52848 2.02178
0.03079 4.44716 2.54824
0.00050 0.07047 0.04037
0.01812 2.48446 1.42353
0.03779 5.10189 2.92348
0.01047 1.37779 0.78942
0.05025 6.47822 3.71239
0.01686 2.10676 1.20711
0.01213 1.47891 0.84736
0.01911 2.29780 1.31657
0.01586 1.86986 1.07136
0.00989 1.15289 0.66056
0.01611 1.81768 1.04147
0.00643 0.71821 0.41150
0.02756 3.04304 1.74360
0.02400 2.62023 1.50133
0.03649 3.95466 2.26600
0.01554 1.68609 0.96607
0.01206 1.31041 0.75081
0.00382 0.41551 0.23807
0.01476 1.61365 0.92457
0.01432 1.55794 0.89264
0.00492 0.53628 0.30727
0.01108 1.20634 0.69119
0.01173 1.27623 0.73123
0.01574 1.69648 0.97203
0.01249 1.33697 0.76604
0.00806 0.86245 0.49415
0.00160 0.17157 0.09830
0.01611 1.71411 0.98213
0.00268 0.28467 0.16310
0.00772 0.81534 0.46716
0.02074 2.18369 1.25119
0.01907 2.01227 1.15297
0.02567 2.69722 1.54544
0.01574 1.64388 0.94188
0.01550 1.61884 0.92754
0.03190 3.30160 1.89176
0.01765 1.82520 1.04578
0.03225 3.32895 1.90744
0.05009 5.15355 2.95309
0.02559 2.61527 1.49848
0.03546 3.61351 2.07050
0.00259 0.26548 0.15211
0.03227 3.30748 1.89513
0.03735 3.84137 2.20108
0.02404 2.46095 1.41006
0.04337 4.46020 2.55572
0.01643 1.68745 0.96685
0.01341 1.38914 0.79593
0.03781 3.92077 2.24658
0.01252 1.30515 0.74780
0.02136 2.23707 1.28177
0.01785 1.88354 1.07921
0.01671 1.77245 1.01555
0.01401 1.48649 0.85171
0.02245 2.38577 1.36698
0.00347 0.36994 0.21196
0.02331 2.50697 1.43643
0.02639 2.87802 1.64904
0.01202 1.30883 0.74991
0.00910 0.99483 0.57000
0.01932 2.12145 1.21552
0.03273 3.63152 2.08082
0.03041 3.42421 1.96202
0.02387 2.70571 1.55031
0.01723 1.98795 1.13903
0.03828 4.47529 2.56436
0.00950 1.14948 0.65861
0.02852 3.53462 2.02529
0.01857 2.34644 1.34444
0.00660 0.85198 0.48815
0.00368 0.48897 0.28016
0.01548 2.15867 1.23685
0.01285 1.86706 1.06976
0.03064 4.67697 2.67995
0.01877 2.99627 1.71680
0.00794 1.30982 0.75047
0.02561 4.40441 2.52375
0.01028 1.84164 1.05520
0.01306 2.43640 1.39599
0.03092 5.97322 3.42291
0.01345 2.64945 1.51807
0.02786 5.60326 3.21085
0.02867 5.88586 3.37284
0.01074 2.24590 1.28683
0.03418 7.36554 4.22110
0.01745 3.85489 2.20883
0.00777 1.75120 1.00338
0.01099 2.52912 1.44912
0.02363 5.56430 3.18852
0.01049 2.52219 1.44515
0.02253 5.60262 3.21048
0.02410 6.22350 3.56638
0.02551 6.81626 3.90619
0.02822 7.85137 4.49966
0.02070 5.92316 3.39422
0.02041 6.10039 3.49581
0.03831 11.83918 6.78732
0.07445 23.80019 13.66890
0.03888 12.72176 7.29395
0.12706 43.22169 24.96113
0.07257 25.99599 14.93687
0.02268 8.57137 4.91254
0.03442 13.74385 7.88086
0.02751 11.90457 6.82485
0.02808 12.82330 7.35225
0.09516 46.19202 26.70721
0.08520 43.37126 25.04891
0.02309 12.76654 7.31967
0.03946 23.11590 13.27410
0.02516 15.80796 9.06675
0.02745 18.35661 10.53238
0.03168 22.30000 12.80358
0.02548 19.37459 11.11826
0.01109 8.89491 5.09809
0.01045 8.96252 5.13686
0.01619 15.25780 8.75058
0.00866 8.63205 4.94734
0.01288 13.53724 7.76220
0.02293 25.11709 14.42913
0.00330 3.87614 2.22100
0.01279 16.62325 9.53542
0.01625 22.47126 12.90233
0.02848 41.19978 23.77596
0.00868 13.90029 7.97070
0.00577 9.82140 5.62951
0.02305 41.36181 23.87084
0.00626 11.96853 6.86156
0.01169 24.52656 14.08815
0.00694 15.85950 9.09638
0.00595 15.47466 8.87520
0.01517 42.16371 24.34065
0.00236 7.63393 4.37498
0.00900 33.87945 19.50555
0.00574 27.34552 15.71706
0.00472 27.48990 15.80057
0.00173 11.98287 6.86979
0.00311 24.86079 14.28112
0.00620 49.98885 28.94843
0.00607 50.00425 28.95754
0.01376 62.72107 36.55328
0.00965 44.96638 25.98599
0.02210 68.43635 40.01971
0.01081 33.05805 19.02819
0.00497 14.24926 8.17115
0.00720 21.69962 12.45749
0.00515 15.01132 8.60895
0.00809 20.69552 11.87892
0.00765 17.66779 10.13611
0.05849 122.05986 75.22230
0.00940 18.34688 10.52679
0.00473 8.14940 4.67055
0.00982 16.07231 9.21869
0.00674 9.75750 5.59286
0.00841 11.69985 6.70735
0.01649 21.22836 12.18591
0.01858 22.63295 12.99557
0.01179 13.40733 7.68760
0.10698 116.97095 71.58546
0.01504 15.74955 9.03318
0.02315 22.69154 13.02935
0.01396 13.46583 7.72119
0.02371 22.41187 12.86808
0.02439 22.68823 13.02745
0.01894 16.67724 9.56646
0.02553 22.18274 12.73598
0.01685 14.41747 8.26778
0.03199 27.27657 15.67718
0.02674 22.96744 13.18847
0.01334 11.92139 6.83450
0.02262 21.29358 12.22349
0.02116 20.77736 11.92607
0.01295 13.32252 7.63890
0.01747 18.85470 10.81901
0.01853 21.63504 12.42027
