0.05959 4.96819 2.84686
0.02501 2.10938 1.20861
0.02429 2.03799 1.16770
0.03641 3.05429 1.75005
0.02000 1.67322 0.95869
0.20454 17.17553 9.85299
0.08480 7.10766 4.07325
0.21011 17.63083 10.11485
0.08600 7.21539 4.13501
0.09352 7.84624 4.49672
0.07551 6.33208 3.62862
0.13149 11.03085 6.32342
0.12859 10.77430 6.17621
0.11030 9.25845 5.30660
0.19200 16.08278 9.22472
0.06557 5.48310 3.14198
0.08401 7.03659 4.03250
0.04743 3.96918 2.27432
0.13938 11.66728 6.68866
0.03427 2.86880 1.64376
0.10545 8.82860 5.06006
0.10413 8.70099 4.98687
0.10092 8.41703 4.82403
0.26925 22.51575 12.92798
0.10386 8.71525 4.99505
0.11253 9.37671 5.37443
0.15246 12.65711 7.25684
0.08463 7.11873 4.07960
0.15349 12.84235 7.36319
0.18935 15.80101 9.06276
0.14035 11.72164 6.71986
0.11963 9.98419 5.72290
0.09849 8.21291 4.70698
0.06710 5.60255 3.21044
0.14164 11.83340 6.78400
0.11853 9.89630 5.67248
0.06439 5.36450 3.07400
0.01476 1.22911 0.70423
0.10407 8.66567 4.96662
0.02229 1.84847 1.05911
0.07993 6.64288 3.80679
0.07854 6.54987 3.75347
0.01423 1.18480 0.67885
0.04300 3.57903 2.05074
0.04949 4.10491 2.35211
0.09897 8.21865 4.71027
0.09615 7.97658 4.57146
0.09619 7.96419 4.56435
0.08391 6.96225 3.98988
0.02481 2.05687 1.17852
0.01599 1.32796 0.76087
0.07053 5.85847 3.35714
0.12392 10.30739 5.90832
0.06863 5.71686 3.27597
0.06253 5.19734 2.97819
0.09475 7.91146 4.53411
0.04108 3.44120 1.97176
0.10231 8.56386 4.90823
0.12017 10.08686 5.78180
0.08356 7.01999 4.02298
0.09114 7.68079 4.40185
0.07426 6.26334 3.58922
0.06751 5.72932 3.28311
0.17740 15.09180 8.65519
0.17017 14.47354 8.29998
0.33108 28.09239 16.14915
0.11957 10.18493 5.83806
0.40991 35.14871 20.24386
0.04463 3.83154 2.19544
0.03161 2.72692 1.56246
0.07399 6.37959 3.65586
0.04871 4.19939 2.40625
0.10814 9.36632 5.36847
0.08051 6.98035 4.00026
0.04344 3.77688 2.16412
0.11517 10.00678 5.73586
0.05828 5.04957 2.89350
0.04669 4.03923 2.31447
0.02992 2.58567 1.48152
0.05979 5.16834 2.96157
0.08483 7.34978 4.21206
0.10308 8.89016 5.09537
0.06351 5.47150 3.13533
0.14389 12.30567 7.05509
0.05051 4.29411 2.46053
0.04826 4.08157 2.33873
0.06438 5.42841 3.11063
0.04646 3.89467 2.23162
0.17268 14.39666 8.25582
0.10228 8.51853 4.88223
0.11478 9.51934 5.45624
0.17422 14.42490 8.27204
0.06252 5.15065 2.95143
0.06222 5.11480 2.93088
0.08895 7.30912 4.18875
0.08751 7.17745 4.11326
0.07470 6.11895 3.50644
0.14811 12.10477 6.93976
0.06835 5.57504 3.19467
0.08643 7.03452 4.03132
0.10137 8.22849 4.71591
0.12886 10.47387 6.00383
0.07874 6.34269 3.63470
0.14354 11.56751 6.63139
0.21371 17.21197 9.87395
0.12930 10.37386 5.94645
0.12646 10.11438 5.79759
0.17346 13.87785 7.95782
0.05120 4.09494 2.34639
0.14228 11.33048 6.49536
0.10131 8.05225 4.61484
0.03658 2.89678 1.65979
0.14822 11.73049 6.72494
0.10247 8.11029 4.64813
0.14002 11.05030 6.33458
0.07972 6.28947 3.60420
0.13730 10.77691 6.17771
0.08473 6.64210 3.80634
0.09442 7.40888 4.24595
0.13629 10.70575 6.13688
0.11618 9.13870 5.23791
0.30046 23.65439 13.58477
0.13927 10.98810 6.29889
0.15502 12.24261 7.01889
0.14443 11.40965 6.54080
0.01966 1.55531 0.89114
0.01552 1.22281 0.70062
0.01260 0.99714 0.57132
0.08668 6.84948 3.92523
0.09805 7.75716 4.44564
0.09937 7.87791 4.51488
0.11847 9.36649 5.36857
0.16718 13.24722 7.59566
0.09715 7.70474 4.41558
0.03701 2.93114 1.67948
0.08430 6.66576 3.81991
0.21400 16.95421 9.72572
0.09984 7.90526 4.53056
0.07331 5.80592 3.32702
0.06858 5.41901 3.10525
0.10033 7.93823 4.54947
0.05413 4.27363 2.44880
0.07819 6.18423 3.54387
0.09768 7.72358 4.42639
0.09128 7.23621 4.14695
0.07686 6.06110 3.47328
0.12225 9.67590 5.54604
0.08317 6.59668 3.78030
0.06267 4.96569 2.84543
0.09901 7.84500 4.49601
0.04654 3.67867 2.10784
0.12420 9.87830 5.66216
0.18685 14.94410 8.57033
0.09989 7.99165 4.58010
0.13136 10.53230 6.03736
0.08238 6.60363 3.78429
0.04031 3.23539 1.85382
0.13032 10.51293 6.02624
0.10663 8.63831 4.95093
0.09113 7.40051 4.24115
0.07039 5.73556 3.28669
0.09881 8.09137 4.63728
0.11619 9.54209 5.46929
0.10464 8.62441 4.94295
0.19265 15.94486 9.14544
0.04038 3.35975 1.92509
0.09230 7.72316 4.42614
0.06841 5.75711 3.29904
0.04866 4.12677 2.36463
0.06439 5.50030 3.15184
0.05880 5.08086 2.91143
0.04312 3.77162 2.16111
0.07770 6.87606 3.94047
0.10056 9.04115 5.18196
0.08991 8.19296 4.69553
0.05420 4.99790 2.86388
0.07630 7.12568 4.08358
0.14010 13.22145 7.58086
0.08329 7.97818 4.57237
0.06663 6.42185 3.68008
0.04957 4.84673 2.77724
0.07092 7.06220 4.04718
0.06168 6.26757 3.59164
0.08889 9.19525 5.27035
0.07018 7.44968 4.26934
0.02477 2.68935 1.54093
0.03567 3.97586 2.27815
0.04452 5.08923 2.91623
0.04900 5.73768 3.28790
0.05511 6.63370 3.80152
0.02486 3.05412 1.74995
0.00746 0.93942 0.53825
0.00956 1.22936 0.70437
0.05042 6.64671 3.80898
0.10869 14.64766 8.40001
0.07006 9.57821 5.49001
0.06951 9.54494 5.47093
0.06666 9.21251 5.28025
0.04162 5.76071 3.30110
0.03763 5.23911 3.00213
0.04525 6.33303 3.62916
0.05507 7.74325 4.43767
0.06439 9.10767 5.22011
0.01356 1.92707 1.10415
0.01026 1.46479 0.83927
0.05951 8.54341 4.89650
0.05240 7.56528 4.33562
0.01723 2.50321 1.43427
0.01147 1.66762 0.95549
0.02359 3.42401 1.96191
0.02424 3.49422 2.00214
0.00350 0.50271 0.28803
0.09490 13.50641 7.74449
0.13254 18.84635 10.81421
0.04822 6.84410 3.92215
0.03678 5.19368 2.97610
0.13493 18.87281 10.82944
0.02798 3.87585 2.22084
0.03761 5.16652 2.96053
0.19149 26.09345 14.99319
0.03495 4.70932 2.69849
0.03067 4.11006 2.35506
0.03883 5.15659 2.95483
0.02809 3.69050 2.11462
0.01507 1.94584 1.11490
0.01977 2.52081 1.44436
0.05968 7.58002 4.34407
0.04068 5.11804 2.93274
0.08128 10.22401 5.86048
0.00873 1.08306 0.62055
0.05370 6.56452 3.76187
0.01494 1.80229 1.03265
0.05607 6.71042 3.84551
0.02283 2.72715 1.56259
0.05327 6.34462 3.63581
0.05259 6.29855 3.60940
0.10033 11.97564 6.86564
0.06941 8.26464 4.73664
0.03162 3.74862 2.14793
0.02373 2.81545 1.61319
0.03767 4.48058 2.56740
0.05919 7.00964 4.01705
0.03881 4.59479 2.63285
0.03666 4.32486 2.47816
0.08316 9.79094 5.61204
0.05843 6.88406 3.94506
0.09895 11.58758 6.64291
0.04374 5.12142 2.93468
0.07535 8.79684 5.04184
0.13536 15.81995 9.07364
0.05548 6.50072 3.72529
0.07169 8.36637 4.79498
0.07125 8.34670 4.78370
0.07842 9.20410 5.27543
0.06031 7.09206 4.06430
0.07616 8.97196 5.14228
0.08212 9.70659 5.56365
0.04593 5.47125 3.13519
0.06172 7.40225 4.24214
0.09633 11.72801 6.72351
0.05095 6.26116 3.58797
0.04909 6.12979 3.51266
0.06343 8.08502 4.63364
0.06559 8.54544 4.89767
0.06124 8.16564 4.67987
0.09073 12.41356 7.11702
0.04178 5.89887 3.38029
0.07828 11.35491 6.50938
0.08182 12.25151 7.02399
0.06143 9.43424 5.40743
0.03748 5.86744 3.36228
0.01847 2.93348 1.68082
0.06985 11.39177 6.53054
0.01173 1.93617 1.10936
0.07162 12.31600 7.06102
0.06233 10.74080 6.15699
0.03784 6.65059 3.81121
0.07334 13.45330 7.71400
0.08311 15.14287 8.68454
0.06114 11.36333 6.51421
0.02788 5.49461 3.14858
0.06551 12.65915 7.25801
0.06449 13.35032 7.65486
0.03616 7.18998 4.12045
0.06750 13.52426 7.75475
0.05377 11.62422 6.66394
0.08248 16.87834 9.68209
0.07403 15.28522 8.76633
0.05871 13.06319 7.48999
0.07867 16.49752 9.46313
0.01550 3.52359 2.01897
0.42649 90.49521 53.80531
0.28199 60.88223 35.44548
0.03596 8.40790 4.81879
0.05322 11.84242 6.78918
0.05803 13.13854 7.53325
0.05488 13.28562 7.61771
0.05318 12.53178 7.18489
0.04983 12.12523 6.95151
0.04174 9.95862 5.70823
0.02408 5.69641 3.26424
0.00557 1.29953 0.74458
0.05930 13.46907 7.72305
0.04717 10.53897 6.04118
0.00679 1.44578 0.82838
0.04569 9.74692 5.58679
0.02120 4.27151 2.44758
0.05780 11.81347 6.77256
0.05033 10.08294 5.77955
0.00181 0.33676 0.19295
0.03918 7.42906 4.25752
0.04076 7.12495 4.08316
0.05357 9.45951 5.42192
0.03263 5.51121 3.15809
0.01711 2.69978 1.54691
0.03838 6.03503 3.45834
0.01301 1.90075 1.08906
0.04334 6.35441 3.64142
0.02647 3.64225 2.08697
0.03430 4.72201 2.70576
0.02413 3.21164 1.84021
0.01547 1.94287 1.11320
0.02541 3.16302 1.81235
0.02184 2.57949 1.47798
0.03119 3.67545 2.10600
0.07205 8.06115 4.61995
0.07188 8.01334 4.59254
0.07369 7.99429 4.58161
0.06573 6.80749 3.90116
0.03647 3.76740 2.15869
0.00727 0.72440 0.41505
0.03667 3.62084 2.07470
0.03276 3.14109 1.79979
0.05103 4.74288 2.71773
0.03185 2.91968 1.67291
0.02754 2.45803 1.40838
0.08963 7.87452 4.51293
0.11201 9.60212 5.50373
0.10213 8.65876 4.96266
0.14778 12.38127 7.09849
0.11634 9.60257 5.50398
0.16761 13.63882 7.82054
0.12741 10.19279 5.84257
0.09253 7.32740 4.19923
0.10602 8.26887 4.73907
0.06395 4.93084 2.82545
0.10792 8.23847 4.72163
0.16609 12.53450 7.18645
0.14853 11.13525 6.38333
0.14666 10.98854 6.29914
0.14870 11.14905 6.39125
0.19943 14.99993 8.60240
0.39075 29.10797 16.73708
0.26471 19.74778 11.33311
0.04787 3.56569 2.04310
0.26362 19.56404 11.22733
0.22927 16.98027 9.74070
0.26275 19.43116 11.15083
0.11445 8.47269 4.85595
0.16919 12.46372 7.14581
0.08024 5.93335 3.40006
0.17495 12.87489 7.38187
0.09144 6.68366 3.83017
0.06870 5.01873 2.87582
0.07638 5.55654 3.18407
0.11040 8.03593 4.60549
0.10803 7.80383 4.47240
0.06379 4.61871 2.64656
0.11322 8.17550 4.68552
0.06730 4.84289 2.77504
0.15400 11.05313 6.33621
0.13235 9.46064 5.42257
0.09527 6.79884 3.89620
0.20085 14.33254 8.21898
0.19208 13.67876 7.84348
0.04365 3.10657 1.78000
0.11126 7.87528 4.51337
0.07709 5.43968 3.11709
0.22998 16.18810 9.28526
0.10252 7.20085 4.12667
0.12373 8.68356 4.97688
0.08208 5.73808 3.28813
0.18403 12.87945 7.38449
0.31787 22.11451 12.69664
0.24982 17.35010 9.95338
0.09789 6.78693 3.88937
0.08476 5.88060 3.36982
0.26798 18.51236 10.62200
0.13044 8.98300 5.14861
0.21898 15.05689 8.63513
0.28129 19.24992 11.04649
0.19038 13.00302 7.45544
0.32640 22.29772 12.80227
0.15292 10.44471 5.98710
0.16253 11.13262 6.38182
0.15993 10.88357 6.23891
0.18062 12.32965 7.06885
0.04944 3.38256 1.93815
0.31033 21.24920 12.19792
0.22207 15.25065 8.74647
0.96841 66.48210 38.83030
0.09387 6.45966 3.70175
0.16066 11.08717 6.35574
0.06824 4.71038 2.69910
0.13494 9.35469 5.36180
0.07323 5.06991 2.90516
0.17117 11.88425 6.81319
0.35326 24.57430 14.11571
0.29109 20.34008 11.67419
0.20880 14.64163 8.39655
0.19514 13.69384 7.85214
0.85486 60.46211 35.19287
0.07153 5.07960 2.91071
0.06800 4.88355 2.79834
0.10096 7.30661 4.18731
0.15267 11.18632 6.41263
0.12144 9.02620 5.17339
0.03234 2.44768 1.40245
0.04286 3.28364 1.88147
0.06751 5.26038 3.01432
0.03534 2.80416 1.60672
0.08053 6.53354 3.74411
0.08462 6.99067 4.00617
0.08628 7.28453 4.17465
0.09351 8.05657 4.61733
0.03021 2.66482 1.52687
0.10755 9.68946 5.55382
0.11953 11.05013 6.33448
0.15837 15.05401 8.63348
0.04811 4.67281 2.67756
0.05154 5.14732 2.94953
0.02479 2.53835 1.45441
0.02918 3.07422 1.76147
0.01676 1.81656 1.04083
0.06634 7.36546 4.22105
0.00274 0.31231 0.17894
0.03241 3.75768 2.15312
0.04830 5.71384 3.27424
0.15896 19.10884 10.96529
0.04985 6.08692 3.48808
0.05671 7.07495 4.05449
0.06170 7.88171 4.51706
0.06205 8.08003 4.63078
0.07559 9.95212 5.70450
0.11104 14.78851 8.48094
0.07586 10.21090 5.85296
0.12694 17.29065 9.91919
0.07492 10.38175 5.95098
0.06915 9.67935 5.54803
0.11453 16.16352 9.27112
0.05042 7.15599 4.10096
0.07298 10.40990 5.96713
0.09617 13.75118 7.88506
0.07091 10.16927 5.82908
0.03474 4.99035 2.85956
0.06608 9.50138 5.44594
0.08408 12.21207 7.00136
0.05406 7.94673 4.55434
0.10110 14.81186 8.49435
0.04820 7.03521 4.03171
0.06214 8.90911 5.10623
0.04472 6.31182 3.61701
0.01430 1.97842 1.13357
0.04751 6.48744 3.71768
0.04775 6.44062 3.69084
0.10539 14.01619 8.03728
0.10874 14.24340 8.16778
0.07961 10.16968 5.82931
0.07243 9.03222 5.17684
0.05744 7.01374 4.01940
0.11963 14.31886 8.21113
0.06795 8.00631 4.58850
0.11894 13.71850 7.86630
0.09513 10.78135 6.18025
0.07563 8.40455 4.81687
0.12431 13.49994 7.74078
0.19859 21.18686 12.16199
0.12060 12.59298 7.22002
0.09526 9.80737 5.62146
0.06518 6.60705 3.78625
0.08475 8.44753 4.84152
0.09606 9.39772 5.38648
0.09922 9.52388 5.45884
0.04667 4.41188 2.52803
0.08732 8.14331 4.66706
0.12106 11.10168 6.36407
0.09734 8.80285 5.04529
0.06095 5.38075 3.08332
0.13603 11.79433 6.76158
0.12512 10.72070 6.14545
0.10554 8.98252 5.14834
0.11472 9.60125 5.50323
0.06244 5.14987 2.95099
0.10617 8.65755 4.96196
0.10133 8.16101 4.67722
0.07003 5.56715 3.19015
0.12694 9.93644 5.69550
0.07451 5.79166 3.31884
0.04326 3.31512 1.89951
0.03573 2.71252 1.55420
0.15933 12.05091 6.90885
0.07944 5.90320 3.38278
0.05752 4.18858 2.40006
0.24300 17.52143 10.05193
0.15602 11.17294 6.40496
0.12099 8.61524 4.93769
0.38336 26.85077 15.43095
0.34200 23.69378 13.60750
0.21032 14.43771 8.27940
0.08204 5.57713 3.19587
0.13471 9.13961 5.23844
0.59141 40.05971 23.10884
0.30362 20.58684 11.81632
0.23569 15.99853 9.17629
0.25462 17.34008 9.94762
0.22222 15.11841 8.67048
0.38529 26.24318 15.07972
0.28522 19.40052 11.13318
0.11038 7.53325 4.31725
0.28006 19.13395 10.97974
0.20790 14.13119 8.10333
0.27500 18.70241 10.73137
0.10035 6.83537 3.91714
0.12005 8.20533 4.70263
0.29244 20.11233 11.54302
0.23726 16.26578 9.32991
0.41182 28.26898 16.25136
0.09517 6.54397 3.75009
0.05861 4.02545 2.30657
0.08177 5.63603 3.22964
0.13540 9.35098 5.35967
0.33952 23.59911 13.55287
0.12660 8.79607 5.04140
0.07657 5.31875 3.04778
0.11606 8.07939 4.63041
0.08741 6.08070 3.48452
0.27487 19.24145 11.04161
0.29673 20.78897 11.93276
0.28004 19.63681 11.26922
0.48957 34.47274 19.85056
0.02497 1.76162 1.00934
0.23767 16.69591 9.57720
0.36305 25.61200 14.71500
0.42930 30.43178 17.50412
0.06773 4.81164 2.75713
0.31203 22.21697 12.75571
0.08545 6.11153 3.50219
0.04340 3.11714 1.78606
0.03794 2.74071 1.57036
0.10252 7.40461 4.24350
0.08753 6.34083 3.63363
0.12834 9.32791 5.34644
0.13397 9.77081 5.60049
0.04275 3.12589 1.79107
0.12909 9.39640 5.38572
0.10506 7.67500 4.39853
0.16691 12.21904 7.00536
0.16639 12.19057 6.98901
0.16749 12.32116 7.06398
0.05438 3.98709 2.28458
0.12466 9.15391 5.24664
0.09870 7.23968 4.14894
0.05435 3.97374 2.27694
0.06074 4.42570 2.53595
0.09427 6.86271 3.93282
0.06339 4.60216 2.63708
0.18778 13.61651 7.80773
0.08078 5.83490 3.34363
0.08365 6.01808 3.44863
0.05355 3.84824 2.20501
0.18535 13.25322 7.59910
0.08544 6.12397 3.50932
0.06647 4.75518 2.72478
0.07992 5.69274 3.26214
0.07373 5.23526 2.99992
0.22025 15.67113 8.98811
0.09496 6.73743 3.86099
0.08962 6.35185 3.63996
0.17906 12.61038 7.23001
0.10420 7.33437 4.20323
0.12404 8.72955 5.00325
0.28516 20.03893 11.50076
0.10806 7.60793 4.36007
0.08044 5.63398 3.22846
0.20586 14.36823 8.23949
0.15506 10.87690 6.23508
0.16977 11.92783 6.83820
0.07060 4.95770 2.84085
0.21292 14.94487 8.57077
0.12139 8.54021 4.89467
0.17641 12.45060 7.13828
0.18839 13.29287 7.62187
0.20673 14.60729 8.37682
0.35930 25.49886 14.64964
0.35405 25.24684 14.50407
0.13535 9.62690 5.51794
0.18996 13.49309 7.73685
0.22241 15.81448 9.07050
0.41630 29.67278 17.06425
0.13998 9.98187 5.72157
0.31800 22.63978 12.99950
0.14384 10.30705 5.90812
0.10579 7.54625 4.32471
0.25115 17.90252 10.27114
0.17581 12.56192 7.20219
0.21792 15.57059 8.93033
0.12947 9.25479 5.30450
0.09923 7.07586 4.05502
0.10043 7.17596 4.11240
0.05852 4.17940 2.39479
0.06875 4.92449 2.82181
0.02594 1.86327 1.06759
0.06783 4.85931 2.78445
0.04061 2.92381 1.67528
0.06310 4.55534 2.61025
0.11321 8.16177 4.67765
0.14038 10.16474 5.82648
0.22052 15.97628 9.16350
0.17137 12.50696 7.17064
0.31200 22.82360 13.10551
0.22353 16.42945 9.42400
0.11373 8.33844 4.77896
0.17322 12.70498 7.28432
0.11639 8.59174 4.92422
0.23307 17.27323 9.90918
0.19730 14.69154 8.42522
0.11466 8.53196 4.88994
0.19869 14.85222 8.51754
0.20696 15.52222 8.90253
0.19182 14.35990 8.23470
0.06000 4.53227 2.59702
0.21376 16.14270 9.25916
0.19588 14.82413 8.50139
0.21654 16.42945 9.42400
0.31674 24.11677 13.85160
0.10464 8.00411 4.58724
0.19600 15.00083 8.60292
0.08220 6.31121 3.61666
0.11007 8.46963 4.85419
0.11139 8.60833 4.93373
0.10459 8.12651 4.65743
0.09701 7.51892 4.30904
0.28381 22.11938 12.69945
0.13475 10.50001 6.01883
0.10166 7.96390 4.56418
0.08739 6.87084 3.93747
0.08441 6.64288 3.80679
0.22447 17.76496 10.19201
0.23689 18.82867 10.80403
0.24045 19.16263 10.99625
0.14738 11.79210 6.76030
0.15953 12.85634 7.37122
0.09295 7.55149 4.32771
0.24632 20.15206 11.56591
0.22488 18.51692 10.62463
0.05456 4.52546 2.59312
0.05449 4.54756 2.60578
0.06251 5.27372 3.02197
0.08818 7.50482 4.30095
0.06274 5.39086 3.08911
0.06359 5.51375 3.15955
0.08068 7.09202 4.06428
0.12403 11.09482 6.36013
0.52231 47.62369 27.55103
0.20720 19.17950 11.00596
0.16778 15.82695 9.07767
0.24496 23.71562 13.62010
0.06663 6.60399 3.78450
0.06165 6.28594 3.60217
0.02930 3.06782 1.75780
0.13129 14.18894 8.13650
0.12057 13.45410 7.71446
0.10584 12.17862 6.98216
0.10623 12.73776 7.30314
0.11972 14.80920 8.49282
0.03497 4.47482 2.56410
0.02574 3.40473 1.95086
0.06881 9.44669 5.41457
0.04961 7.01514 4.02020
0.10774 15.90856 9.12457
0.15445 24.01499 13.79286
0.11284 17.99699 10.32548
0.13764 22.60469 12.97927
0.08455 14.79409 8.48414
0.12207 21.31806 12.23760
0.06425 12.01663 6.88917
0.03937 7.16367 4.10536
0.01226 2.25280 1.29078
0.02578 5.01665 2.87463
0.04266 7.99542 4.58226
0.04661 8.85981 5.07796
0.03295 6.61485 3.79072
0.06839 13.31369 7.63383
0.01653 3.36485 1.92801
0.00678 1.35568 0.77676
0.05872 11.87807 6.80964
0.04607 9.61349 5.51025
0.02855 5.90152 3.38181
0.03141 6.56455 3.76188
0.01916 4.01771 2.30214
0.02117 4.41183 2.52799
0.02469 5.04440 2.89054
0.05403 10.96550 6.28592
0.02186 4.39013 2.51556
0.05332 10.40432 5.96393
0.04835 9.55217 5.47507
0.03981 7.62251 4.36843
0.04248 8.24941 4.72791
0.03684 6.97665 3.99814
0.02081 3.70067 2.12045
0.03875 7.02265 4.02451
0.02879 4.90827 2.81252
0.02266 3.96322 2.27090
0.02508 4.29101 2.45876
0.03215 5.17291 2.96419
0.00359 0.58296 0.33401
0.00600 0.91134 0.52216
0.24284 37.63986 21.69543
0.03490 5.30311 3.03881
0.03547 5.05594 2.89715
0.03122 4.49042 2.57303
0.06335 8.67194 4.97022
0.02997 4.06036 2.32658
0.03857 4.99081 2.85982
0.01579 2.00301 1.14766
0.01289 1.59012 0.91108
0.01649 1.97330 1.13064
0.03994 4.67775 2.68040
0.01772 2.02174 1.15839
0.10673 11.93084 6.83993
0.02261 2.46642 1.41319
0.13292 14.20162 8.14378
0.08738 9.11381 5.22364
0.14452 14.79097 8.48235
0.06450 6.46645 3.70565
0.04132 4.07657 2.33587
0.07112 6.89731 3.95265
0.07342 6.98086 4.00055
0.06961 6.50413 3.72725
0.12961 11.92224 6.83500
0.13312 12.05100 6.90890
0.15366 13.70248 7.85710
0.05120 4.49330 2.57469
0.03967 3.43269 1.96688
0.09965 8.53239 4.89018
0.19139 16.10622 9.23819
0.11469 9.52914 5.46186
0.11912 9.76538 5.59737
0.06287 5.10633 2.92603
0.03821 3.07398 1.76133
0.09948 7.89195 4.52293
0.13752 10.73601 6.15424
0.12749 9.85253 5.64737
0.10105 7.71826 4.42334
0.11331 8.58722 4.92163
0.16303 12.21638 7.00383
0.03552 2.62139 1.50199
0.16101 11.76594 6.74528
0.09951 7.20875 4.13121
0.03822 2.74378 1.57212
0.10030 7.11426 4.07703
0.11872 8.33822 4.77883
0.11435 7.96016 4.56204
0.13723 9.43784 5.40950
0.07118 4.83646 2.77136
0.17069 11.54026 6.61576
0.16121 10.72159 6.14597
0.11629 7.69784 4.41163
0.02737 1.80775 1.03578
0.15267 10.10313 5.79113
0.06618 4.38421 2.51217
0.23520 15.61295 8.95467
0.27401 18.23015 10.45963
0.20636 13.69708 7.85399
0.21446 14.29787 8.19907
0.05089 3.36330 1.92712
0.36098 23.98519 13.77566
0.14521 9.65424 5.53362
0.09959 6.62456 3.79629
0.08707 5.79324 3.31975
0.19295 12.81861 7.34956
0.35542 23.65543 13.58536
0.25811 17.25640 9.89950
0.11758 7.87450 4.51293
0.14585 9.80421 5.61965
0.15072 10.09048 5.78388
0.09172 6.14932 3.52385
0.06274 4.23218 2.42504
0.05734 3.86351 2.21376
0.15205 10.27471 5.88957
0.24093 16.27535 9.33541
0.16352 11.12351 6.37659
0.11354 7.71114 4.41925
0.12913 8.74730 5.01343
0.05548 3.78094 2.16645
0.04073 2.78438 1.59538
0.08775 6.00300 3.43998
0.02804 1.92256 1.10156
0.16390 11.25584 6.45253
0.22093 15.19608 8.71511
0.17114 11.78802 6.75795
0.06711 4.62878 2.65233
0.13885 9.62160 5.51490
0.05946 4.10976 2.35489
0.10031 6.95243 3.98425
0.04733 3.28762 1.88375
0.15881 11.06726 6.34431
0.05219 3.63697 2.08394
0.16886 11.78148 6.75420
0.25531 17.83452 10.23202
0.16341 11.44362 6.56029
0.10676 7.50638 4.30185
0.09233 6.50108 3.72550
0.05821 4.10897 2.35443
0.05572 3.91930 2.24574
0.05469 3.88276 2.22480
0.01563 1.11290 0.63765
0.16719 11.90937 6.82761
0.09629 6.86850 3.93613
0.10568 7.55780 4.33133
0.10470 7.49261 4.29395
0.07421 5.32409 3.05084
0.12833 9.26914 5.31273
0.09599 6.93590 3.97478
0.07923 5.74533 3.29228
0.07679 5.57753 3.19610
0.05445 3.96557 2.27225
0.08050 5.87633 3.36737
0.11851 8.64202 4.95306
0.12659 9.26373 5.30962
0.07344 5.37991 3.08283
0.06570 4.81203 2.75736
0.03004 2.20463 1.26318
0.04798 3.51230 2.01250
0.05428 3.98928 2.28584
0.02562 1.88349 1.07918
0.08704 6.40251 3.66900
0.10672 7.86715 4.50871
0.08789 6.45854 3.70112
1.01135 74.58652 43.79318
0.12251 9.03141 5.17638
0.13195 9.73270 5.57863
0.16885 12.48324 7.15702
0.04902 3.61852 2.07337
0.12913 9.54019 5.46820
0.10030 7.42348 4.25432
0.14158 10.46327 5.99775
0.09281 6.87484 3.93977
0.02717 2.01156 1.15256
0.07911 5.87113 3.36440
0.13976 10.37695 5.94823
0.04832 3.58674 2.05516
0.08045 5.99914 3.43777
0.13553 10.10044 5.78959
0.13717 10.24716 5.87376
0.18990 14.26430 8.17978
0.15330 11.54823 6.62033
0.13752 10.32393 5.91781
0.05133 3.87518 2.22045
0.13065 9.89095 5.66941
0.16074 12.20623 6.99800
0.13846 10.55277 6.04910
0.25383 19.34715 11.10246
0.08324 6.36595 3.64804
0.15945 12.20174 6.99543
0.05003 3.85260 2.20751
0.10959 8.44266 4.83873
0.02912 2.24401 1.28575
0.07603 5.86062 3.35837
0.06855 5.30865 3.04199
0.12636 9.80604 5.62070
0.11503 8.99806 5.15725
0.07455 5.81012 3.32942
0.12973 10.15760 5.82238
0.10901 8.55600 4.90372
0.13441 10.59149 6.07132
0.07934 6.23424 3.57254
0.07926 6.24151 3.57670
0.09555 7.56092 4.33312
0.06858 5.43841 3.11636
0.10348 8.24364 4.72460
0.18258 14.50674 8.31906
0.09172 7.32825 4.19972
0.11719 9.35770 5.36352
0.10745 8.63603 4.94962
0.08049 6.49941 3.72454
0.09732 7.83290 4.48907
0.10720 8.66975 4.96896
0.09266 7.51998 4.30964
0.03689 3.00525 1.72195
0.04077 3.35723 1.92364
0.07815 6.49688 3.72309
0.18479 15.66700 8.98573
0.04715 4.04917 2.32016
0.18861 16.39061 9.40167
0.55166 49.13611 28.44411
0.11418 10.30568 5.90734
0.06463 5.87936 3.36911
0.04001 3.65272 2.09297
0.06732 6.14364 3.52060
0.09090 8.27839 4.74453
0.10756 9.81286 5.62461
0.09840 9.06423 5.19520
0.04095 3.78196 2.16703
0.02925 2.70986 1.55268
0.08016 7.43656 4.26182
0.04107 3.82309 2.19060
0.09662 9.03624 5.17915
0.02959 2.78187 1.59394
0.14998 14.11183 8.09221
0.10182 9.65947 5.53663
0.08383 7.95502 4.55909
0.05899 5.58457 3.20014
0.10880 10.24005 5.86968
0.03555 3.33227 1.90934
0.00937 0.87210 0.49968
0.08179 7.58712 4.34814
0.10156 9.38597 5.37974
0.07455 6.83880 3.91911
0.10924 9.97171 5.71574
0.09180 8.35044 4.78584
0.04349 3.93288 2.25352
0.05013 4.50841 2.58335
0.05490 4.89339 2.80398
0.12197 10.81964 6.20223
0.09513 8.37567 4.80031
0.09316 8.18722 4.69224
0.10749 9.38426 5.37876
0.04834 4.19376 2.40303
0.04603 3.95770 2.26774
0.06970 5.97401 3.42337
0.02556 2.17129 1.24408
0.02762 2.33425 1.33746
0.06030 5.06042 2.89971
0.09949 8.26513 4.73692
0.14127 11.68049 6.69624
0.07965 6.53075 3.74251
0.15482 12.60371 7.22618
0.08063 6.52479 3.73909
0.07867 6.31201 3.61711
0.04282 3.40461 1.95079
0.07302 5.74029 3.28940
0.10647 8.31217 4.76390
0.09430 7.28605 4.17553
0.13255 10.18268 5.83677
0.13387 10.22421 5.86059
0.06498 4.89963 2.80756
0.16352 12.24170 7.01836
0.11267 8.39226 4.80982
0.10576 7.77480 4.45576
0.12551 9.18566 5.26485
0.14788 10.76674 6.17187
0.28038 20.26555 11.63127
0.11621 8.37142 4.79787
0.13703 9.75593 5.59195
0.11433 8.08996 4.63647
0.03825 2.68786 1.54008
0.05980 4.18594 2.39854
0.11775 8.19777 4.69829
0.13124 9.09247 5.21140
0.14339 9.94757 5.70189
0.21994 15.23746 8.73889
0.20082 13.93878 7.99281
0.20733 14.39308 8.25376
0.17602 12.23894 7.01678
0.15199 10.57879 6.06403
0.11213 7.80371 4.47233
0.10037 6.99766 4.01018
0.10052 6.97459 3.99696
0.08871 6.18590 3.54483
0.07026 4.90424 2.81020
0.05067 3.54763 2.03275
0.10646 7.48168 4.28769
0.05372 3.77024 2.16032
0.09021 6.35712 3.64298
0.04813 3.40256 1.94962
0.06354 4.49356 2.57483
0.09234 6.53846 3.74693
0.11490 8.14269 4.66671
0.16066 11.46578 6.57301
0.26720 19.16164 10.99567
0.16726 12.00449 6.88220
0.07589 5.44447 3.11983
0.06296 4.51939 2.58964
0.02588 1.86605 1.06918
0.24505 17.74948 10.18310
0.16717 12.14895 6.96512
0.12152 8.83823 5.06558
0.06879 5.01195 2.87194
0.17928 13.11255 7.51833
0.29666 21.72414 12.47162
0.19312 14.23378 8.16225
0.13404 9.86201 5.65281
0.10917 8.06767 4.62369
0.06878 5.10720 2.92653
0.08140 6.05808 3.47156
0.08091 6.04346 3.46317
0.06817 5.08474 2.91366
0.14840 11.11814 6.37351
0.11948 9.01220 5.16536
0.09250 7.02473 4.02570
0.17419 13.39631 7.68127
0.07115 5.55194 3.18143
0.07167 5.68928 3.26016
0.02728 2.20760 1.26488
0.05865 4.85201 2.78027
0.07061 5.99256 3.43400
0.07905 6.83203 3.91523
0.05313 4.71708 2.70294
0.04378 3.99851 2.29113
0.08009 7.53552 4.31856
0.05827 5.61799 3.21930
0.05411 5.40542 3.09746
0.01936 1.99296 1.14190
0.05114 5.44509 3.12019
0.08465 9.37410 5.37293
0.08152 9.33692 5.35161
0.09044 10.76202 6.16916
0.09739 12.05289 6.90998
0.06208 7.89052 4.52211
0.08236 10.63649 6.09714
0.05544 7.16003 4.10327
0.07820 10.12241 5.80220
0.02027 2.63043 1.50717
0.01104 1.43485 0.82211
0.04913 6.44269 3.69203
0.07168 9.38104 5.37691
0.01094 1.44432 0.82754
0.02199 2.91358 1.66942
0.03334 4.43590 2.54179
0.00798 1.06709 0.61140
0.02592 3.47595 1.99167
0.01740 2.34200 1.34190
0.04533 6.14905 3.52370
0.04650 6.30894 3.61535
0.07336 9.89540 5.67196
0.05266 7.05878 4.04522
0.46325 61.47161 35.80017
0.18312 24.19593 13.89729
0.04261 5.60131 3.20973
0.03968 5.17730 2.96670
0.19348 25.20385 14.47924
0.02745 3.55037 2.03432
0.02307 2.94967 1.69010
0.00203 0.25713 0.14732
0.05412 6.78681 3.88930
0.03600 4.52808 2.59462
0.04928 6.19548 3.55032
0.02037 2.54278 1.45695
0.06237 7.72837 4.42913
0.01372 1.67365 0.95894
0.01714 2.08385 1.19398
0.04593 5.54507 3.17750
0.01126 1.35350 0.77551
0.07144 8.53642 4.89249
0.10802 12.78731 7.33159
0.02362 2.76646 1.58512
0.09745 11.23074 6.43812
0.10319 11.78386 6.75557
0.08625 9.74405 5.58514
0.03955 4.42817 2.53736
0.02269 2.51530 1.44120
0.07395 8.12712 4.65778
0.07662 8.33667 4.77794
0.06273 6.77753 3.88398
0.09921 10.63689 6.09737
0.05584 5.96962 3.42085
0.03152 3.35830 1.92425
0.04832 5.16045 2.95705
0.07153 7.63968 4.37828
0.07373 7.87897 4.51549
0.09169 9.81512 5.62591
0.06348 6.79440 3.89365
0.07212 7.73192 4.43117
0.06406 6.86215 3.93250
0.07007 7.55337 4.32879
0.10666 11.53316 6.61168
0.06810 7.38693 4.23336
0.02115 2.30157 1.31873
0.05513 6.02031 3.44991
0.10868 11.92364 6.83579
0.10116 11.24815 6.44812
0.08601 9.73779 5.58155
0.08223 9.55105 5.47443
0.04034 4.77958 2.73876
0.06981 8.40452 4.81686
0.04762 5.75988 3.30062
0.05064 6.13775 3.51722
0.02439 2.95792 1.69482
0.05611 6.83947 3.91949
0.03705 4.54567 2.60470
0.01530 1.88332 1.07908
0.01734 2.14507 1.22906
0.01510 1.86667 1.06954
0.01172 1.45852 0.83568
0.01541 1.92781 1.10457
0.02976 3.73072 2.13767
0.05917 7.43088 4.25856
