0.00358 2.81449 1.61264
0.00310 2.16400 1.23990
0.00321 1.95000 1.11729
0.00501 2.80356 1.60637
0.00811 4.20001 2.40660
0.00662 3.17867 1.82132
0.00603 2.74045 1.57021
0.00276 1.17996 0.67607
0.00639 2.57103 1.47313
0.01060 3.99443 2.28879
0.00445 1.64721 0.94379
0.00874 3.13445 1.79598
0.00691 2.34597 1.34417
0.00118 0.38708 0.22178
0.00891 2.80154 1.60522
0.00556 1.66956 0.95660
0.00496 1.43129 0.82008
0.00881 2.40563 1.37836
0.00847 2.20915 1.26578
0.00959 2.36767 1.35660
0.01145 2.68211 1.53678
0.00903 2.01049 1.15195
0.01144 2.41809 1.38550
0.01239 2.50480 1.43518
0.01170 2.26247 1.29633
0.01204 2.21832 1.27103
0.01363 2.39387 1.37162
0.01622 2.72995 1.56419
0.01743 2.79941 1.60400
0.00557 0.86100 0.49332
0.00680 1.01235 0.58003
0.00917 1.31564 0.75381
0.00653 0.91222 0.52267
0.01022 1.38312 0.79248
0.01196 1.58000 0.90528
0.00636 0.82251 0.47126
0.01706 2.15478 1.23462
0.00358 0.44722 0.25624
0.02010 2.49588 1.43007
0.00999 1.23419 0.70714
0.00994 1.22655 0.70277
0.01074 1.31628 0.75418
0.01029 1.25462 0.71885
0.00760 0.92412 0.52948
0.00952 1.15018 0.65901
0.00906 1.09228 0.62583
0.00711 0.85039 0.48724
0.01307 1.56166 0.89477
0.01230 1.46595 0.83993
0.00885 1.05226 0.60290
0.01236 1.46873 0.84153
0.01306 1.54940 0.88775
0.01285 1.52239 0.87227
0.00714 0.84830 0.48604
0.00930 1.10151 0.63112
0.01294 1.51940 0.87056
0.02041 2.41700 1.38487
0.01333 1.59551 0.91417
0.01225 1.47575 0.84555
0.00984 1.19095 0.68237
0.01421 1.70567 0.97729
0.01098 1.31752 0.75489
0.01077 1.29066 0.73950
0.01439 1.72505 0.98839
0.01920 2.31592 1.32696
0.01318 1.60231 0.91807
0.01718 2.11549 1.21211
0.00961 1.19475 0.68455
0.01059 1.32255 0.75777
0.01719 2.13986 1.22607
0.01403 1.74342 0.99892
0.01218 1.50283 0.86107
0.02117 2.57303 1.47428
0.01754 2.09087 1.19800
0.01293 1.50641 0.86312
0.01984 2.26382 1.29710
0.00862 0.96698 0.55404
0.00879 0.96787 0.55455
0.01253 1.35459 0.77613
0.00605 0.64146 0.36753
0.00704 0.73219 0.41952
0.00817 0.83669 0.47939
0.00816 0.82422 0.47225
0.00230 0.22995 0.13175
0.01018 1.00022 0.57309
0.00534 0.51863 0.29715
0.01006 0.97224 0.55706
0.00633 0.60749 0.34807
0.01061 1.02179 0.58544
0.01295 1.24844 0.71531
0.01065 1.02943 0.58982
0.01158 1.11984 0.64162
0.00893 0.86563 0.49597
0.01020 0.99292 0.56891
0.00941 0.91774 0.52583
0.01333 1.30281 0.74646
0.00322 0.31676 0.18149
0.01069 1.05648 0.60532
0.00832 0.82719 0.47395
0.01080 1.07150 0.61393
0.01142 1.13855 0.65235
0.01109 1.11358 0.63804
0.01336 1.35176 0.77451
0.02005 2.04141 1.16966
0.01817 1.85144 1.06081
0.01820 1.86408 1.06806
0.01041 1.06824 0.61206
0.02171 2.21767 1.27066
0.01752 1.79510 1.02853
0.03514 3.62660 2.07800
0.02446 2.56692 1.47078
0.01612 1.69942 0.97371
0.01431 1.50448 0.86201
0.02200 2.31131 1.32431
0.01291 1.35737 0.77772
0.01434 1.51101 0.86576
0.01125 1.18467 0.67877
0.02163 2.29766 1.31649
0.01490 1.58396 0.90755
0.01829 1.95007 1.11733
0.01807 1.93486 1.10861
0.02386 2.56362 1.46889
0.01203 1.29165 0.74006
0.02570 2.75043 1.57593
0.01509 1.62568 0.93145
0.00893 0.95930 0.54964
0.01556 1.67411 0.95921
0.02063 2.23591 1.28111
0.01058 1.14126 0.65390
0.01692 1.83875 1.05354
0.01789 1.95185 1.11835
0.01414 1.55657 0.89186
0.01496 1.64286 0.94130
0.01165 1.27023 0.72779
0.01169 1.27569 0.73092
0.00629 0.69259 0.39682
0.01536 1.70320 0.97588
0.01254 1.39022 0.79654
0.00845 0.93328 0.53473
0.00494 0.54518 0.31236
0.01153 1.27666 0.73148
0.01473 1.62472 0.93091
0.00977 1.07425 0.61551
0.00750 0.83100 0.47613
0.00503 0.55917 0.32038
0.01142 1.27306 0.72941
0.01521 1.70400 0.97633
0.00725 0.81047 0.46437
0.00650 0.72347 0.41452
0.00969 1.07397 0.61534
0.00772 0.85544 0.49013
0.00875 0.97908 0.56097
0.01005 1.12246 0.64313
0.01720 1.92124 1.10081
0.01596 1.77520 1.01713
0.01557 1.73452 0.99382
0.01177 1.31306 0.75233
0.00914 1.02005 0.58445
0.01818 2.02981 1.16302
0.00176 0.19624 0.11244
0.00734 0.81943 0.46950
0.00220 0.24622 0.14107
0.01866 2.09007 1.19755
0.01781 1.98126 1.13520
0.01079 1.20346 0.68954
0.00491 0.55010 0.31519
0.00755 0.84600 0.48472
0.01036 1.16740 0.66887
0.01013 1.13816 0.65212
0.01105 1.24232 0.71180
0.01248 1.40425 0.80458
0.01474 1.64962 0.94517
0.01757 1.98642 1.13815
0.01231 1.40893 0.80726
0.01518 1.74102 0.99754
0.01382 1.58260 0.90677
0.01324 1.51611 0.86868
0.01806 2.07665 1.18985
0.01859 2.15592 1.23527
0.00922 1.07379 0.61524
0.00954 1.11898 0.64113
0.00287 0.33725 0.19323
0.01639 1.93901 1.11099
0.01149 1.37307 0.78672
0.01218 1.44648 0.82878
0.00909 1.09060 0.62487
0.01330 1.58802 0.90988
0.00577 0.70048 0.40135
0.00603 0.73929 0.42358
0.01269 1.56479 0.89657
0.01365 1.68808 0.96721
0.00468 0.57737 0.33081
0.00895 1.11185 0.63704
0.00632 0.79405 0.45496
0.00522 0.65696 0.37641
0.00521 0.65639 0.37609
0.00925 1.18308 0.67786
0.01938 2.50178 1.43345
0.00875 1.14404 0.65549
0.01585 2.08189 1.19285
0.01074 1.39815 0.80109
0.00967 1.25331 0.71810
0.01531 2.00578 1.14925
0.00685 0.91294 0.52308
0.00228 0.30555 0.17507
0.00290 0.38638 0.22138
0.00700 0.92209 0.52832
0.01911 2.52271 1.44545
0.00200 0.26483 0.15174
0.00436 0.58169 0.33328
0.00325 0.43540 0.24947
0.01269 1.68306 0.96433
0.00644 0.86034 0.49294
0.00019 0.02501 0.01433
0.01616 2.16454 1.24021
0.00565 0.76767 0.43984
0.00717 0.97911 0.56099
0.00632 0.86830 0.49750
0.00564 0.78076 0.44735
0.00187 0.26121 0.14966
0.00329 0.45652 0.26157
0.00476 0.66254 0.37961
0.00731 1.02947 0.58985
0.00464 0.66101 0.37873
0.00386 0.55296 0.31682
0.00492 0.70998 0.40679
0.00977 1.42081 0.81407
0.00455 0.66389 0.38038
0.00600 0.88121 0.50490
0.00327 0.48434 0.27751
0.00195 0.29270 0.16770
0.01048 1.59508 0.91392
0.00443 0.67590 0.38726
0.00620 0.97049 0.55605
0.00623 0.97134 0.55654
0.01574 2.47536 1.41831
0.00828 1.30188 0.74593
0.00294 0.46574 0.26685
0.00939 1.51007 0.86521
0.01351 2.19972 1.26037
0.00480 0.79074 0.45306
0.00296 0.48504 0.27791
0.00742 1.20616 0.69108
0.00929 1.47734 0.84646
0.00599 0.94940 0.54397
0.02145 3.39346 1.94440
0.00873 1.40288 0.80380
0.00858 1.38524 0.79369
0.01141 1.83965 1.05405
0.01406 2.25121 1.28987
0.01313 2.09050 1.19779
0.01020 1.59495 0.91385
0.00633 0.98542 0.56461
0.01145 1.77252 1.01559
0.00157 0.24185 0.13857
0.00917 1.41833 0.81265
0.01277 1.97343 1.13071
0.00716 1.10364 0.63234
0.00932 1.42107 0.81422
0.00736 1.10339 0.63220
0.00182 0.26892 0.15408
0.00707 1.04867 0.60085
0.00257 0.38049 0.21801
0.01131 1.64519 0.94263
0.00747 1.08296 0.62049
0.00954 1.35323 0.77535
0.01631 2.28197 1.30750
0.01439 2.02742 1.16164
0.01940 2.69578 1.54462
0.01460 1.99847 1.14506
0.02538 3.40246 1.94956
0.01957 2.61687 1.49940
0.01722 2.29216 1.31334
0.01852 2.46565 1.41275
0.01356 1.80071 1.03174
0.01334 1.77482 1.01691
0.02019 2.70075 1.54746
0.01601 2.14067 1.22654
0.01288 1.73014 0.99131
0.01191 1.59719 0.91513
0.01415 1.88556 1.08036
0.02042 2.73011 1.56429
0.01760 2.35278 1.34807
0.01146 1.53259 0.87812
0.00530 0.71257 0.40828
0.01826 2.45049 1.40406
0.01979 2.68057 1.53590
0.00689 0.92768 0.53152
0.01749 2.35196 1.34761
0.01729 2.31138 1.32435
0.01693 2.26455 1.29752
0.01148 1.54683 0.88628
0.01886 2.53375 1.45177
0.01428 1.91986 1.10002
0.00934 1.24184 0.71153
0.01754 2.34171 1.34173
0.00905 1.19948 0.68726
0.01304 1.71650 0.98349
0.01915 2.51657 1.44193
0.01797 2.35421 1.34890
0.01883 2.45681 1.40769
0.01276 1.64630 0.94327
0.01074 1.38415 0.79307
0.01180 1.50475 0.86217
0.00857 1.09499 0.62739
0.00177 0.22478 0.12879
0.02232 2.83359 1.62358
0.01061 1.34456 0.77038
0.00761 0.96059 0.55038
0.00723 0.90711 0.51973
0.01665 2.09649 1.20122
0.00562 0.70235 0.40242
0.00802 0.99996 0.57294
0.00968 1.21090 0.69380
0.01296 1.63167 0.93489
0.01542 1.95476 1.12001
0.00856 1.08296 0.62049
0.01839 2.31190 1.32465
0.02284 2.88784 1.65467
0.02401 3.07857 1.76396
0.01970 2.52568 1.44715
0.01464 1.86544 1.06883
0.01228 1.54513 0.88531
0.01798 2.24584 1.28680
0.00918 1.14237 0.65453
0.01805 2.24391 1.28569
0.02287 2.85557 1.63618
0.01098 1.38949 0.79613
0.00552 0.69808 0.39997
0.00921 1.16205 0.66581
0.00963 1.21345 0.69526
0.01243 1.56896 0.89896
0.00662 0.82927 0.47514
0.01489 1.84886 1.05933
0.00482 0.59731 0.34223
0.00433 0.53360 0.30573
0.01137 1.40054 0.80246
0.00858 1.04974 0.60146
0.01804 2.22074 1.27241
0.01561 1.95468 1.11997
0.02023 2.53509 1.45254
0.02442 3.06806 1.75794
0.01745 2.14980 1.23177
0.02775 3.39764 1.94680
0.01637 2.01641 1.15534
0.01217 1.49947 0.85914
0.01489 1.82118 1.04347
0.01757 2.13864 1.22538
0.02843 3.47906 1.99346
0.01427 1.74836 1.00175
0.01390 1.70737 0.97826
0.00928 1.14101 0.65375
0.01658 2.02942 1.16279
0.03241 3.96313 2.27085
0.01146 1.39842 0.80124
0.02326 2.84639 1.63092
0.01984 2.43533 1.39538
0.04320 5.30562 3.04025
0.01514 1.86704 1.06975
0.01501 1.83735 1.05274
0.01486 1.81636 1.04071
0.02372 2.89382 1.65809
0.01615 1.98229 1.13579
0.01552 1.88841 1.08199
0.02019 2.44605 1.40152
0.02745 3.33253 1.90949
0.01448 1.76321 1.01026
0.01493 1.82932 1.04814
0.01920 2.35413 1.34885
0.02181 2.65891 1.52349
0.01465 1.78990 1.02555
0.02702 3.31548 1.89972
0.01258 1.54919 0.88763
0.00982 1.20922 0.69284
0.01899 2.31572 1.32684
0.01973 2.41747 1.38514
0.02184 2.67525 1.53285
0.01559 1.91924 1.09966
0.00804 0.99042 0.56747
0.02568 3.13577 1.79674
0.01221 1.49222 0.85499
0.02195 2.66107 1.52472
0.00878 1.06266 0.60886
0.03572 4.30741 2.46815
0.02118 2.57151 1.47340
0.01670 2.03635 1.16676
0.01705 2.09038 1.19772
0.02593 3.14712 1.80324
0.01170 1.40338 0.80408
0.03145 3.73150 2.13812
0.01560 1.85404 1.06230
0.01903 2.24086 1.28395
0.01272 1.48844 0.85282
0.02316 2.69849 1.54617
0.00689 0.80015 0.45845
0.01840 2.12681 1.21860
0.01061 1.21998 0.69900
0.01748 2.02216 1.15863
0.01076 1.23579 0.70806
0.01970 2.26246 1.29632
0.01775 2.02031 1.15757
0.01417 1.59827 0.91575
0.00859 0.96246 0.55145
0.00924 1.02498 0.58727
0.01542 1.69604 0.97177
0.01304 1.43797 0.82390
0.02178 2.41317 1.38268
0.00970 1.08207 0.61999
0.02053 2.30716 1.32193
0.02135 2.39153 1.37028
0.02058 2.29733 1.31630
0.02725 3.00855 1.72384
0.03683 4.00929 2.29731
0.03001 3.24549 1.85961
0.03084 3.33014 1.90812
0.03213 3.47190 1.98935
0.08257 8.38538 4.80588
0.10103 10.01943 5.74312
0.11557 11.43919 6.55775
0.06706 6.79681 3.89503
0.05509 5.61712 3.21880
0.08696 8.85727 5.07650
0.04783 4.88274 2.79788
0.04679 4.74633 2.71970
0.03441 3.49434 2.00221
0.03818 3.88790 2.22774
0.03307 3.43020 1.96546
0.02874 2.94452 1.68715
0.03605 3.72096 2.13207
0.02507 2.57506 1.47544
0.01926 1.99550 1.14335
0.01703 1.75766 1.00708
0.02162 2.24560 1.28666
0.02263 2.35235 1.34783
0.01906 1.98337 1.13640
0.01686 1.77200 1.01529
0.01920 2.00465 1.14860
0.02282 2.39851 1.37428
0.01859 1.95322 1.11913
0.01695 1.79367 1.02771
0.02347 2.47576 1.41854
0.01427 1.50032 0.85963
0.02116 2.22786 1.27649
0.01073 1.13165 0.64839
0.01742 1.83607 1.05200
0.03184 3.38242 1.93808
0.02859 3.03882 1.74118
0.01894 2.02777 1.16185
0.01615 1.71829 0.98452
0.02258 2.38749 1.36797
0.01446 1.52139 0.87170
0.01708 1.78944 1.02529
0.01687 1.77277 1.01574
0.01491 1.56756 0.89815
0.01644 1.72577 0.98880
0.00837 0.87313 0.50027
0.01217 1.26332 0.72383
0.01974 2.04420 1.17126
0.01103 1.13752 0.65175
0.01485 1.51758 0.86952
0.02246 2.29125 1.31282
0.02306 2.37621 1.36150
0.01899 1.95895 1.12242
0.01503 1.54376 0.88452
0.02072 2.10987 1.20889
0.01495 1.51278 0.86677
0.01356 1.37011 0.78502
0.01594 1.60453 0.91934
0.01257 1.26297 0.72364
0.01534 1.53356 0.87867
0.01648 1.64903 0.94484
0.02070 2.06288 1.18197
0.01592 1.58271 0.90683
0.01695 1.67871 0.96184
0.02151 2.13275 1.22200
0.01707 1.67884 0.96192
0.02127 2.09917 1.20276
0.01542 1.52067 0.87129
0.01657 1.63232 0.93526
0.01814 1.79631 1.02922
0.02036 2.01572 1.15494
0.01359 1.34352 0.76979
0.01039 1.02139 0.58522
0.01332 1.30632 0.74847
0.02118 2.07553 1.18921
0.02420 2.39026 1.36955
0.01930 1.91818 1.09905
0.01969 1.95527 1.12031
0.01982 1.96512 1.12595
0.02129 2.09149 1.19836
0.02371 2.33322 1.33686
0.02389 2.35007 1.34652
0.02093 2.05762 1.17895
0.01968 1.94496 1.11440
0.02013 1.98570 1.13774
0.02173 2.15298 1.23359
0.01913 1.88311 1.07896
0.01930 1.89800 1.08749
0.02238 2.21047 1.26653
0.02237 2.20587 1.26390
0.01857 1.83575 1.05182
0.01925 1.89802 1.08750
0.02278 2.24540 1.28655
0.02339 2.31127 1.32429
0.01795 1.77780 1.01862
0.01792 1.77992 1.01983
0.01597 1.59381 0.91319
0.01718 1.71902 0.98494
0.01339 1.34516 0.77073
0.01660 1.67301 0.95858
0.01857 1.89007 1.08295
0.02475 2.54526 1.45837
0.01483 1.54186 0.88343
0.01386 1.45847 0.83565
0.01452 1.54936 0.88773
0.01832 1.98110 1.13511
0.01507 1.65158 0.94630
0.01038 1.16008 0.66468
0.01247 1.42065 0.81398
0.01196 1.39256 0.79789
0.01490 1.77041 1.01438
0.01146 1.39115 0.79708
0.01585 1.96543 1.12613
0.01166 1.46819 0.84122
0.01296 1.65293 0.94707
0.01429 1.85237 1.06135
0.01327 1.74841 1.00178
0.01023 1.37148 0.78581
0.01442 1.95573 1.12057
0.01431 1.97728 1.13292
0.01115 1.57312 0.90134
0.01539 2.19524 1.25781
0.01947 2.78300 1.59460
0.01229 1.74935 1.00231
0.01764 2.46948 1.41495
0.01926 2.67539 1.53293
0.01637 2.25790 1.29371
0.01457 1.99448 1.14277
0.01270 1.74266 0.99848
0.01642 2.24035 1.28365
0.01796 2.45152 1.40466
0.01373 1.86132 1.06648
0.01503 2.01150 1.15253
0.01156 1.52932 0.87624
0.01248 1.60798 0.92132
0.00799 1.01469 0.58137
0.02143 2.71634 1.55640
0.01995 2.53319 1.45145
0.01700 2.15136 1.23266
0.00857 1.08022 0.61892
0.01015 1.26081 0.72240
0.01569 1.94710 1.11562
0.01045 1.29226 0.74041
0.01198 1.49781 0.85819
0.01280 1.61625 0.92606
0.00537 0.68034 0.38981
0.01113 1.41784 0.81237
0.00856 1.10161 0.63118
0.00928 1.20346 0.68954
0.00772 1.01531 0.58173
0.00175 0.23134 0.13255
0.00886 1.19194 0.68294
0.01405 1.92520 1.10308
0.00525 0.72931 0.41786
0.00388 0.54322 0.31124
0.00816 1.15115 0.65957
0.00629 0.87610 0.50197
0.00230 0.32651 0.18708
0.01049 1.47538 0.84534
0.01503 2.10222 1.20451
0.01283 1.81079 1.03752
0.01154 1.57829 0.90430
0.01625 2.23080 1.27818
0.01560 2.08222 1.19305
0.01525 2.01826 1.15640
0.02287 3.03494 1.73896
0.01548 2.03444 1.16567
0.01046 1.36952 0.78468
0.01853 2.41265 1.38238
0.01159 1.49728 0.85788
0.00759 0.98822 0.56621
0.01537 2.02849 1.16226
0.01076 1.42733 0.81780
0.01687 2.23178 1.27874
0.00710 0.91090 0.52191
0.01401 1.76525 1.01143
0.02212 2.80712 1.60841
0.01425 1.85917 1.06524
0.01361 1.83454 1.05113
0.02190 2.91042 1.66761
0.01582 2.06645 1.18401
0.02088 2.71121 1.55346
0.01230 1.63183 0.93498
0.00951 1.29890 0.74422
0.00682 0.95201 0.54547
0.00459 0.64313 0.36849
0.00181 0.25412 0.14560
0.01142 1.63210 0.93513
0.00285 0.41545 0.23804
0.00301 0.44437 0.25460
0.00500 0.75059 0.43006
0.00342 0.51618 0.29575
0.00617 0.94396 0.54085
0.00185 0.28478 0.16317
0.00188 0.29665 0.16997
0.00321 0.51177 0.29322
0.00928 1.54867 0.88733
0.00319 0.55434 0.31761
0.00545 0.97582 0.55911
0.00670 1.25564 0.71943
0.00388 0.74941 0.42938
0.00861 1.75172 1.00367
0.00890 1.95116 1.11795
0.00836 1.94146 1.11239
0.00583 1.43542 0.82244
0.00615 1.62514 0.93115
0.00519 1.41151 0.80874
0.00622 1.76883 1.01348
0.00295 0.87428 0.50093
0.01107 3.43570 1.96861
0.00927 3.04227 1.74316
0.00696 2.42891 1.39170
0.00382 1.43912 0.82456
0.00369 1.49127 0.85444
0.00293 1.29690 0.74307
0.00757 3.74859 2.14791
0.00592 3.34094 1.91431
0.00466 2.91913 1.67260
0.01270 8.39001 4.80853
0.00521 3.45933 1.98215
0.00170 1.11583 0.63933
0.01151 7.31540 4.19235
0.01879 12.27240 7.03599
0.01408 9.52502 5.45950
0.01239 8.43373 4.83360
0.01054 7.16213 4.10447
0.00822 5.48515 3.14315
0.00812 4.99310 2.86113
0.01071 6.03947 3.46089
0.00663 3.38658 1.94046
0.01524 7.09035 4.06332
0.00934 4.12572 2.36403
0.00762 3.24995 1.86217
0.01018 4.10491 2.35211
0.00729 2.89537 1.65898
0.00781 2.95444 1.69283
0.01411 5.20313 2.98151
0.00660 2.42380 1.38877
0.01350 4.65183 2.66554
0.01368 4.53615 2.59925
0.01137 3.76455 2.15705
0.01125 3.43931 1.97068
0.00458 1.35168 0.77446
0.00794 2.35843 1.35131
0.01179 3.21773 1.84370
0.00840 2.31367 1.32566
0.01088 2.76067 1.58180
0.01284 3.13921 1.79871
0.00843 2.05628 1.17818
0.02200 4.98826 2.85836
0.04489 9.77168 5.60099
0.05020 10.70320 6.13541
0.03535 7.11864 4.07954
0.03867 7.63332 4.37463
0.02764 5.18566 2.97150
0.03152 5.70946 3.27172
0.01333 2.38966 1.36921
0.01847 3.21073 1.83969
0.00291 0.48931 0.28036
0.00915 1.51575 0.86847
0.00737 1.17359 0.67242
0.00862 1.34944 0.77318
0.01525 2.27444 1.30318
0.02376 3.45796 1.98136
0.01949 2.76761 1.58577
0.02028 2.82453 1.61839
0.02271 3.10440 1.77876
0.01287 1.72552 0.98866
0.01690 2.21961 1.27177
0.00993 1.28192 0.73449
0.01286 1.62683 0.93212
0.01368 1.70109 0.97467
0.01148 1.39979 0.80202
0.00862 1.03461 0.59279
0.00758 0.89661 0.51372
0.00952 1.11411 0.63834
0.00785 0.91047 0.52166
0.01309 1.48987 0.85364
0.00801 0.90457 0.51828
0.00561 0.62471 0.35793
0.00879 0.96609 0.55353
0.00661 0.71478 0.40954
0.00573 0.61059 0.34984
0.00604 0.63657 0.36473
0.01452 1.51491 0.86799
0.01139 1.17669 0.67420
0.00814 0.82915 0.47507
0.00642 0.64700 0.37070
0.01232 1.22545 0.70214
0.00949 0.93495 0.53569
0.00990 0.96597 0.55346
0.01572 1.51169 0.86614
0.01620 1.54453 0.88496
0.01027 0.97581 0.55910
0.01318 1.25773 0.72063
0.01472 1.39086 0.79691
0.01413 1.32984 0.76195
0.01242 1.15471 0.66160
0.00449 0.41718 0.23903
0.00450 0.41645 0.23861
0.02246 2.07679 1.18993
0.02534 2.34571 1.34402
0.01834 1.67636 0.96049
0.03337 3.05571 1.75086
0.01838 1.69069 0.96870
0.01277 1.16840 0.66945
0.00636 0.58213 0.33353
0.02075 1.86797 1.07029
0.01883 1.69479 0.97105
0.02071 1.89722 1.08704
0.01183 1.06866 0.61230
0.01976 1.81266 1.03859
0.02194 1.97936 1.13411
0.00072 0.06469 0.03707
0.02292 2.10980 1.20885
0.00749 0.67272 0.38544
0.01665 1.52400 0.87320
0.00835 0.75011 0.42978
0.00787 0.70545 0.40419
0.01195 1.07611 0.61657
0.03656 3.23610 1.85423
0.01320 1.17129 0.67110
0.01566 1.39800 0.80100
0.01436 1.26394 0.72419
0.00982 0.86634 0.49638
0.02407 2.10840 1.20805
0.00407 0.35670 0.20437
0.00779 0.67922 0.38916
0.00843 0.73485 0.42104
0.00772 0.67048 0.38416
0.00511 0.44160 0.25302
0.00400 0.34171 0.19579
0.00923 0.78180 0.44794
0.01817 1.52225 0.87219
0.01459 1.21568 0.69654
0.02861 2.37350 1.35995
0.00449 0.37192 0.21310
0.01131 0.92614 0.53064
0.00322 0.26181 0.15000
0.01785 1.43861 0.82427
0.00440 0.35279 0.20214
0.02159 1.72546 0.98863
0.01875 1.48516 0.85094
0.02965 2.32880 1.33433
0.02211 1.73591 0.99462
0.02613 2.03269 1.16466
0.00575 0.44493 0.25492
0.01768 1.35837 0.77829
0.00701 0.53537 0.30674
0.03975 2.97663 1.70555
0.02945 2.19189 1.25589
0.03063 2.26709 1.29897
0.02070 1.52941 0.87630
0.03343 2.45126 1.40450
0.02522 1.84139 1.05505
0.02479 1.80102 1.03193
0.00912 0.65990 0.37810
0.01308 0.94093 0.53912
0.02273 1.62807 0.93283
0.01651 1.17539 0.67345
0.02142 1.51702 0.86920
0.00853 0.60201 0.34493
0.01503 1.05168 0.60257
0.00997 0.69657 0.39911
0.01437 0.99476 0.56996
0.01180 0.81468 0.46678
0.02151 1.47604 0.84572
0.01277 0.87334 0.50039
0.01573 1.06614 0.61086
0.00836 0.56653 0.32460
0.01123 0.75598 0.43314
0.01221 0.81853 0.46899
0.01826 1.21225 0.69457
0.01762 1.17355 0.67240
0.00962 0.64219 0.36795
0.02637 1.75410 1.00504
0.01220 0.81054 0.46441
0.00412 0.27280 0.15631
0.01021 0.67275 0.38546
0.00418 0.27548 0.15784
0.01413 0.93065 0.53323
0.00463 0.30448 0.17446
0.00525 0.34577 0.19811
0.00907 0.59472 0.34075
0.00679 0.44653 0.25585
0.02567 1.69069 0.96871
0.01412 0.93144 0.53368
0.00707 0.46588 0.26693
0.01902 1.25443 0.71874
0.00802 0.53030 0.30384
0.01588 1.05392 0.60385
0.01301 0.86222 0.49402
0.02525 1.67426 0.95929
0.03528 2.34204 1.34192
0.03042 2.02434 1.15988
0.02664 1.77764 1.01853
0.02583 1.71474 0.98249
0.03060 2.03347 1.16511
0.02064 1.37319 0.78679
0.01980 1.31706 0.75463
0.01743 1.15934 0.66426
0.02386 1.58947 0.91071
0.01979 1.31614 0.75410
0.02250 1.50260 0.86093
0.02003 1.33775 0.76648
0.02410 1.61213 0.92369
0.02655 1.77459 1.01678
0.02657 1.78782 1.02436
0.02278 1.54418 0.88476
0.02501 1.69654 0.97206
0.03496 2.38875 1.36868
0.02405 1.65386 0.94760
0.03637 2.52041 1.44413
0.02436 1.69499 0.97117
0.02978 2.08477 1.19451
0.02429 1.71293 0.98145
0.02365 1.67618 0.96039
0.02891 2.07036 1.18625
0.02679 1.94046 1.11182
0.02296 1.69384 0.97051
0.02953 2.21043 1.26651
0.02308 1.76355 1.01045
0.03430 2.67782 1.53432
0.02299 1.84334 1.05617
0.01741 1.42121 0.81430
0.03908 3.24896 1.86160
0.02093 1.79621 1.02917
0.02439 2.15429 1.23434
0.02558 2.33050 1.33531
0.02212 2.07976 1.19163
0.02516 2.45744 1.40804
0.02295 2.31987 1.32922
0.02849 3.02370 1.73252
0.01772 1.96621 1.12657
0.02977 3.45067 1.97718
0.01868 2.28681 1.31028
0.01609 2.06975 1.18590
0.01529 2.07052 1.18634
0.01474 2.12301 1.21642
0.01631 2.43918 1.39758
0.01291 2.00229 1.14725
0.02174 3.66879 2.10218
0.00495 0.79043 0.45289
0.02466 4.41469 2.52964
0.01360 2.21122 1.26696
0.02034 3.29800 1.88970
0.03848 7.31797 4.19382
0.03393 5.69226 3.26186
0.05695 11.57119 6.63351
0.04125 7.20614 4.12971
0.08363 17.42847 9.99846
0.03826 7.10303 4.07059
0.04391 8.16111 4.67727
0.08553 17.84533 10.23824
0.03819 7.22972 4.14323
0.09254 18.75653 10.76252
0.03715 7.05269 4.04173
0.03935 7.46563 4.27849
0.10335 19.98385 11.46904
0.03492 6.60700 3.78622
0.09959 18.33001 10.51708
0.04264 7.80139 4.47100
0.05145 9.28918 5.32422
0.09623 16.32779 9.36556
0.04799 8.58777 4.92194
0.09453 15.31564 8.78381
0.04161 7.30347 4.18551
0.02198 3.73572 2.14053
0.08555 12.83813 7.36077
0.00498 0.80611 0.46187
0.01924 3.01507 1.72758
0.06405 9.12862 5.23213
0.00942 1.41120 0.80857
0.01529 2.22145 1.27282
0.04512 6.17302 3.53744
0.02516 3.47511 1.99119
0.02264 3.04995 1.74756
0.04008 5.28585 3.02892
0.01559 2.06124 1.18103
0.03479 4.40287 2.52287
0.01677 2.12592 1.21808
0.02425 3.07117 1.75972
0.02072 2.55343 1.46305
0.02283 2.82439 1.61831
0.01859 2.28113 1.30702
0.03807 4.57986 2.62430
0.01574 1.93149 1.10668
0.02384 2.84587 1.63062
0.01688 2.05093 1.17512
0.02813 3.34596 1.91719
0.01359 1.59011 0.91108
0.01821 2.15075 1.23232
0.00521 0.60907 0.34897
0.01299 1.48276 0.84957
0.00582 0.65834 0.37720
0.00503 0.56395 0.32312
0.01173 1.30830 0.74961
0.00898 1.00207 0.57414
0.00318 0.34924 0.20010
0.01260 1.37713 0.78904
0.00576 0.61728 0.35368
0.01202 1.27665 0.73147
0.00733 0.77240 0.44255
0.01200 1.25941 0.72159
0.02147 2.23794 1.28227
0.02116 2.16527 1.24063
0.02436 2.46795 1.41407
0.01176 1.17689 0.67431
0.01353 1.33838 0.76684
0.01104 1.08563 0.62202
0.01807 1.77494 1.01698
0.01576 1.55437 0.89060
0.01203 1.18566 0.67934
0.01552 1.53232 0.87796
0.01784 1.75585 1.00604
0.00776 0.76724 0.43959
0.01148 1.14361 0.65525
0.00598 0.59548 0.34118
0.00494 0.49493 0.28357
0.02188 2.21799 1.27084
0.00974 0.99438 0.56974
0.01952 2.01671 1.15551
0.02452 2.52554 1.44707
0.00171 0.17744 0.10167
0.01610 1.68230 0.96390
0.01689 1.77949 1.01958
0.00656 0.70115 0.40173
0.00478 0.51582 0.29554
0.01229 1.34163 0.76870
0.01133 1.24106 0.71108
0.02187 2.43688 1.39626
0.03373 3.80857 2.18228
0.00393 0.45369 0.25994
0.00775 0.91131 0.52214
0.02813 3.36660 1.92901
0.02965 3.64464 2.08834
0.03605 4.56690 2.61687
0.00698 0.91015 0.52148
0.01781 2.39461 1.37205
0.00737 1.02507 0.58732
0.02574 3.71079 2.12625
0.00948 1.42947 0.81903
0.00456 0.71823 0.41151
0.00536 0.88753 0.50852
0.01440 2.51732 1.44236
0.00291 0.54663 0.31320
0.00835 1.66493 0.95394
0.00267 0.56721 0.32499
0.01027 2.35455 1.34909
0.01905 4.64413 2.66113
0.01336 3.57375 2.04772
0.01123 3.24329 1.85835
0.00388 1.22750 0.70331
0.00821 2.84968 1.63280
0.01580 5.99888 3.43762
0.00914 3.72805 2.13614
0.00875 3.91700 2.24442
0.00318 1.46820 0.84123
0.00987 4.67555 2.67914
0.00742 3.57951 2.05102
0.01666 8.02305 4.59810
0.01340 6.42005 3.67905
0.00702 3.44947 1.97650
0.01236 6.10849 3.50045
0.00905 4.44388 2.54636
0.00945 4.67736 2.68017
0.01310 6.35619 3.64244
0.00487 2.46449 1.41208
0.00217 1.11924 0.64128
0.00521 2.82243 1.61719
0.00274 1.50235 0.86079
0.00251 1.37804 0.78957
0.00573 3.23058 1.85106
0.00510 2.95941 1.69568
0.00245 1.48862 0.85293
0.00623 4.03154 2.31006
0.00350 2.37782 1.36242
0.00448 3.11011 1.78204
0.00647 4.58551 2.62754
0.00147 1.03165 0.59109
0.00349 2.50303 1.43417
0.00488 3.32035 1.90251
0.00949 6.56382 3.76147
0.00487 3.60961 2.06827
0.00248 1.91050 1.09465
0.00595 4.57759 2.62300
0.00425 3.24197 1.85759
0.00337 2.50857 1.43734
0.00913 6.51487 3.73340
0.01163 7.73473 4.43278
0.00526 3.30455 1.89346
0.00163 0.91881 0.52644
0.00162 0.79497 0.45549
0.00611 2.62835 1.50598
0.00297 1.13924 0.65274
0.00468 1.61162 0.92340
0.01113 3.48103 1.99459
0.01156 3.33510 1.91096
0.02219 5.88417 3.37187
0.00915 2.31249 1.32499
0.02388 5.57000 3.19179
0.01908 4.24610 2.43302
0.02612 5.52000 3.16313
0.01945 3.97778 2.27925
0.01673 3.24933 1.86181
0.02247 4.13728 2.37066
0.03144 5.56976 3.19165
0.01614 2.79610 1.60210
0.02479 4.13762 2.37085
0.02780 4.46714 2.55970
0.00355 0.56171 0.32184
0.02246 3.42219 1.96086
0.02303 3.42060 1.95995
0.01836 2.65101 1.51896
0.01929 2.71124 1.55347
0.01195 1.63798 0.93851
0.01779 2.40116 1.37580
0.01191 1.56724 0.89797
0.01373 1.77016 1.01424
0.00515 0.64339 0.36864
0.02056 2.50794 1.43698
0.00396 0.47674 0.27315
0.00864 1.01876 0.58371
0.01410 1.64265 0.94118
0.00942 1.06269 0.60888
0.00495 0.55337 0.31706
0.00907 1.00116 0.57362
0.00796 0.86859 0.49767
0.00349 0.37820 0.21669
0.00623 0.67606 0.38735
0.00462 0.50185 0.28754
0.01453 1.58256 0.90675
0.01492 1.63127 0.93466
0.01037 1.12774 0.64615
0.01229 1.33910 0.76725
0.03964 4.31506 2.47254
0.02175 2.36617 1.35575
0.01198 1.29099 0.73969
0.02326 2.49065 1.42708
0.01507 1.61255 0.92393
0.01807 1.93306 1.10758
0.00659 0.70108 0.40169
0.02226 2.36400 1.35450
0.01490 1.57333 0.90146
0.01580 1.66310 0.95290
0.02470 2.60653 1.49347
0.01422 1.49401 0.85601
0.02019 2.10916 1.20848
0.00709 0.74055 0.42430
0.01751 1.81232 1.03840
0.01272 1.31556 0.75377
0.01953 2.01572 1.15494
0.01241 1.27656 0.73142
0.01706 1.74368 0.99907
0.02054 2.09288 1.19915
0.01763 1.80654 1.03509
0.03151 3.22963 1.85052
0.03828 3.93751 2.25617
0.03776 3.86591 2.21514
0.02456 2.52566 1.44713
0.03753 3.85529 2.20906
0.01676 1.73637 0.99488
0.02405 2.49442 1.42924
0.01263 1.31617 0.75412
0.02213 2.31789 1.32808
0.01246 1.31503 0.75346
0.01584 1.68017 0.96268
0.01001 1.06244 0.60874
0.01421 1.51021 0.86530
0.02966 3.15779 1.80936
0.01404 1.51073 0.86559
0.00726 0.79139 0.45344
0.00645 0.70252 0.40252
0.01732 1.89434 1.08539
0.01860 2.04227 1.17016
0.02118 2.35017 1.34658
0.01013 1.14103 0.65376
0.00892 1.01109 0.57931
0.00902 1.04082 0.59635
0.02703 3.16089 1.81113
0.01192 1.44216 0.82630
0.00937 1.16155 0.66553
0.00962 1.21584 0.69663
0.00998 1.28823 0.73811
0.02826 3.75213 2.14994
0.01080 1.50639 0.86311
0.01628 2.36604 1.35567
0.01607 2.45285 1.40542
0.00971 1.54959 0.88786
0.00584 0.96399 0.55233
0.00561 0.96475 0.55276
0.00210 0.37683 0.21591
0.00385 0.71865 0.41176
0.01299 2.50901 1.43759
0.01080 2.12776 1.21914
0.00528 1.06188 0.60842
0.00766 1.57332 0.90146
0.01014 2.11972 1.21453
0.00724 1.55981 0.89372
0.00393 0.86768 0.49715
0.00707 1.59338 0.91295
0.00308 0.70979 0.40668
0.00657 1.54615 0.88589
0.00643 1.54668 0.88619
0.01042 2.59019 1.48411
0.00270 0.69594 0.39874
0.00718 1.91990 1.10004
0.00896 2.49197 1.42783
0.00343 0.98281 0.56311
0.01147 3.42755 1.96394
0.00919 2.84034 1.62745
0.01290 4.12402 2.36306
0.00428 1.40037 0.80236
0.00685 2.32910 1.33450
0.00470 1.68338 0.96452
0.00277 1.04819 0.60057
0.00071 0.28216 0.16167
0.00285 1.23439 0.70726
0.00309 1.41007 0.80792
0.00062 0.30086 0.17238
0.00328 1.67204 0.95802
0.00122 0.67633 0.38751
0.00494 2.89307 1.65767
0.00215 1.34862 0.77271
0.00294 1.96805 1.12763
0.00521 3.67045 2.10313
0.00232 1.76452 1.01101
0.00411 3.30092 1.89138
0.00222 1.90177 1.08965
0.00105 0.98639 0.56516
0.00232 2.31069 1.32396
0.00320 3.36372 1.92736
0.00292 3.19716 1.83192
0.00193 2.26299 1.29662
0.00084 1.09178 0.62555
0.00438 6.05853 3.47181
0.00998 14.43725 8.27914
0.00054 0.86015 0.49283
0.00498 8.48370 4.86226
0.00259 4.65452 2.66708
0.00165 3.15481 1.80765
0.00207 4.34034 2.48703
0.00121 2.77370 1.58926
0.00095 2.47167 1.41620
0.00263 7.30615 4.18704
0.00167 5.41336 3.10200
0.00186 7.01652 4.02099
0.00123 5.87728 3.36792
0.00063 3.66149 2.09800
0.00309 21.38068 12.27368
0.00362 28.96660 16.65521
0.00448 36.11607 20.80713
0.00468 38.50667 22.20133
0.01171 53.35856 30.94702
0.01023 47.65075 27.56700
0.01767 54.71634 31.75502
0.01202 36.76247 21.18380
0.01154 33.10285 19.05422
0.00548 16.52582 9.47940
0.00409 11.92829 6.83846
0.00416 10.64266 6.10068
0.00341 7.86599 4.50804
0.00449 9.36915 5.37009
0.00311 6.06808 3.47729
0.00227 3.90812 2.23933
0.00079 1.28615 0.73692
0.00404 5.84644 3.35024
0.00369 5.12831 2.93863
0.00486 6.26311 3.58909
0.00497 6.05282 3.46854
0.00731 8.30611 4.76042
0.00661 7.22289 4.13931
0.00505 5.29295 3.03299
0.00721 7.06698 4.04993
0.00692 6.67216 3.82358
0.00856 8.08757 4.63510
0.00270 2.51111 1.43880
0.00386 3.39738 1.94665
0.00514 4.46455 2.55821
0.00934 7.99064 4.57952
0.00697 5.94568 3.40713
0.00623 5.35155 3.06658
0.00894 7.99376 4.58131
0.00725 6.82718 3.91245
0.01033 10.14611 5.81579
0.00546 5.61669 3.21855
0.00760 8.20271 4.70112
0.00600 7.00820 4.01623
