0.01259 -0.00310 0.12664
0.01899 0.00094 0.14178
0.02567 -0.00106 0.16260
0.03775 -0.00238 0.17468
0.04319 -0.00643 0.18820
0.04812 -0.00515 0.20250
0.04960 -0.00170 0.21435
0.04598 0.00467 0.22956
0.04672 -0.00585 0.24417
0.07039 -0.01519 0.25532
0.06570 -0.00838 0.26216
0.05519 0.00165 0.27336
0.05835 -0.00939 0.28855
0.06889 -0.00631 0.29788
0.06832 -0.01506 0.31011
0.06846 -0.00961 0.32551
0.06608 -0.00531 0.34025
0.05869 0.00033 0.36170
0.04992 -0.00771 0.37998
0.04789 -0.00996 0.40220
0.04593 -0.00515 0.42432
0.04425 -0.01340 0.44658
0.03586 -0.00915 0.47170
0.03572 -0.01578 0.49307
0.03393 -0.00763 0.51603
0.03088 -0.01024 0.54156
0.02049 -0.00466 0.56889
0.00964 -0.00531 0.59399
0.00318 -0.00700 0.62243
0.00976 -0.00816 0.64636
0.00429 -0.01141 0.67127
-0.00059 -0.01210 0.69656
0.00163 -0.00843 0.71616
-0.00059 -0.01322 0.73857
-0.00158 -0.01278 0.75692
0.00287 -0.00939 0.77376
-0.00028 -0.02289 0.79152
0.00334 -0.00841 0.79946
0.00195 -0.03003 0.80485
0.00493 -0.02284 0.80936
0.00358 -0.02266 0.80985
0.00380 -0.02328 0.81588
0.00901 -0.02493 0.81967
0.01125 -0.02144 0.82228
0.01554 -0.02481 0.82740
0.02169 -0.02413 0.82849
0.02300 -0.01887 0.83502
0.02418 -0.02773 0.83640
0.02621 -0.02745 0.83789
0.02317 -0.02056 0.84050
0.02194 -0.02743 0.84079
0.02448 -0.02538 0.84189
0.03185 -0.02611 0.84325
0.03234 -0.01578 0.84065
0.03456 -0.02513 0.84346
0.03161 -0.02226 0.85070
0.02741 -0.04091 0.84315
0.02491 -0.03081 0.83461
0.01881 -0.02463 0.82951
0.01785 -0.01043 0.82585
0.01586 -0.01675 0.83265
0.02033 -0.01914 0.83322
0.01793 -0.01663 0.83402
0.01330 -0.01503 0.83422
0.01507 -0.03095 0.82842
0.01103 -0.02039 0.82220
0.00371 -0.03127 0.81148
0.00523 -0.02129 0.80390
-0.00467 -0.01471 0.80045
-0.01402 -0.01633 0.80320
0.00189 -0.01255 0.80445
0.00218 -0.02258 0.80995
-0.01337 -0.00455 0.82270
-0.01391 -0.02209 0.83839
-0.01277 -0.00342 0.85804
-0.02640 -0.02629 0.87550
-0.02618 -0.00936 0.89146
-0.02560 -0.01595 0.90809
-0.02841 -0.01806 0.92426
-0.02302 -0.00996 0.94235
-0.02464 -0.01784 0.96073
-0.02167 -0.01736 0.97627
-0.01801 -0.01969 0.99011
-0.01125 -0.01435 1.00110
-0.01455 -0.02239 1.01699
-0.01366 -0.01337 1.02879
-0.01389 -0.02587 1.03436
-0.01792 -0.01975 1.04090
-0.01721 -0.02883 1.03822
-0.02367 -0.02145 1.03645
-0.02149 -0.02029 1.03439
-0.02167 -0.02809 1.03382
-0.02030 -0.02589 1.03133
-0.02086 -0.02741 1.02649
-0.01860 -0.02450 1.02510
-0.02088 -0.03105 1.02277
-0.01071 -0.02997 1.01491
-0.01785 -0.02900 1.01099
-0.01259 -0.02680 1.00565
-0.00872 -0.01379 1.00740
-0.00521 -0.03205 1.00244
-0.01234 -0.02319 0.99537
-0.00983 -0.03413 0.98768
-0.01003 -0.01064 0.98229
-0.01548 -0.03848 0.98071
-0.01887 -0.02089 0.97598
-0.00993 -0.02309 0.97387
-0.01518 -0.00333 0.97881
-0.01476 -0.03419 0.97534
-0.02333 -0.05372 0.96719
-0.00582 -0.00494 0.95286
-0.01194 -0.03289 0.94800
-0.00646 -0.01012 0.95125
-0.01037 -0.04258 0.95104
-0.01621 -0.01704 0.95047
-0.01883 -0.01534 0.94899
-0.02008 -0.02502 0.94880
-0.03149 -0.04177 0.93979
-0.02925 -0.01052 0.94017
-0.01746 -0.03375 0.93715
-0.01183 -0.03972 0.93324
-0.02532 -0.00711 0.93030
-0.01545 -0.02058 0.93132
-0.00928 -0.04468 0.93332
-0.03077 -0.01131 0.92774
-0.03074 -0.01342 0.93014
-0.02448 -0.02528 0.92890
-0.02998 -0.03253 0.92182
-0.02675 -0.01811 0.92635
-0.02734 -0.02822 0.91961
-0.02602 -0.04106 0.91524
-0.02226 -0.01067 0.90797
-0.02882 -0.01268 0.91013
-0.02701 -0.02433 0.91626
-0.02508 -0.02798 0.91590
-0.02210 -0.02691 0.90764
-0.02816 -0.03393 0.90074
-0.03035 -0.01574 0.90173
-0.01637 -0.02498 0.90485
-0.01673 -0.01880 0.90599
-0.01951 -0.02153 0.90243
-0.02365 -0.00699 0.90623
-0.02028 -0.02754 0.90867
-0.02220 -0.02160 0.90257
-0.02921 -0.02522 0.89891
-0.03774 -0.01879 0.89577
-0.02255 -0.03472 0.89176
-0.01582 -0.01393 0.89472
-0.02176 -0.01089 0.89793
-0.02063 -0.02406 0.90131
-0.02120 -0.02844 0.90212
-0.02291 -0.02206 0.89316
-0.02559 -0.02045 0.89457
-0.02731 -0.00798 0.89498
-0.03209 -0.01910 0.89851
-0.02305 -0.01243 0.89719
-0.01549 -0.02739 0.89587
-0.01724 -0.02589 0.89531
-0.03760 -0.01481 0.89476
-0.02043 -0.02045 0.89610
-0.00248 -0.02374 0.89602
-0.00644 -0.02211 0.89518
-0.01762 -0.00650 0.89238
-0.01347 -0.02756 0.89822
-0.00696 -0.01984 0.89601
-0.00528 -0.02827 0.89233
-0.01769 -0.01992 0.89169
-0.01643 -0.02385 0.88720
-0.01622 -0.02775 0.88988
-0.01652 -0.02257 0.88926
-0.00835 -0.00724 0.88860
-0.01159 -0.03121 0.89305
-0.01564 -0.03313 0.88361
-0.01157 -0.02090 0.87353
-0.01207 -0.01229 0.87160
-0.01533 -0.02225 0.87287
-0.01572 -0.02100 0.87275
-0.01216 -0.02972 0.86910
-0.01731 -0.01549 0.86211
-0.02803 -0.02342 0.85762
-0.02298 -0.02795 0.85188
-0.00844 -0.02024 0.84970
-0.01707 -0.02718 0.84479
-0.01655 -0.01367 0.83668
-0.00723 -0.02125 0.84166
-0.00558 -0.01590 0.83286
-0.00955 -0.02875 0.83713
-0.01133 -0.01821 0.82361
-0.01152 -0.02717 0.81486
-0.02233 -0.01741 0.81036
-0.02457 -0.00456 0.80810
-0.01732 -0.02150 0.81035
-0.02258 -0.02581 0.80459
-0.01776 -0.01662 0.79594
-0.02258 -0.01954 0.79351
-0.02066 -0.01935 0.79273
-0.02313 -0.01781 0.78142
-0.03117 -0.03625 0.77332
-0.03147 -0.01439 0.76378
-0.03735 -0.01480 0.76043
-0.02376 -0.00154 0.76803
-0.02876 -0.01990 0.77069
-0.03334 -0.03178 0.76173
-0.02144 -0.02767 0.74910
-0.02047 -0.01177 0.74431
-0.01883 -0.00408 0.74923
-0.01431 -0.00449 0.75941
-0.01768 -0.03607 0.75638
-0.00566 -0.01409 0.75609
-0.00581 -0.01467 0.74965
-0.00591 -0.01650 0.74689
-0.01553 -0.02875 0.75309
-0.00360 -0.00661 0.74864
-0.00545 -0.01551 0.74800
-0.00906 -0.03533 0.74580
-0.00534 -0.01035 0.73569
-0.01120 -0.02251 0.73222
-0.00998 -0.02602 0.72788
-0.00884 -0.02458 0.72172
-0.00511 -0.01004 0.71614
-0.00823 -0.01118 0.72087
-0.00846 -0.02173 0.71811
-0.02016 -0.02685 0.70963
-0.01795 -0.01434 0.70099
-0.01953 -0.01658 0.69695
-0.02419 -0.00590 0.69285
-0.03513 -0.02107 0.68665
-0.02607 -0.01148 0.68549
-0.02719 -0.01082 0.68042
-0.02845 -0.01695 0.67421
-0.02917 -0.02121 0.66692
-0.03485 -0.02641 0.65553
-0.02009 -0.01282 0.65530
-0.02967 -0.01636 0.63801
-0.03083 -0.00780 0.64077
-0.03017 -0.02296 0.63473
-0.02023 -0.01509 0.63577
-0.01385 -0.01620 0.63049
-0.02851 -0.02444 0.62067
-0.03352 -0.02537 0.61295
-0.01745 -0.01083 0.60700
-0.00665 -0.00244 0.61030
-0.01342 0.00564 0.61537
-0.02639 -0.00559 0.62812
-0.01712 -0.01458 0.63104
-0.02181 -0.03665 0.63057
-0.00571 -0.02445 0.62170
-0.00869 -0.00865 0.61928
-0.00674 -0.01225 0.62024
-0.01902 -0.00017 0.62438
-0.01466 -0.02010 0.62766
-0.01587 -0.02448 0.63895
-0.01401 -0.02239 0.64211
-0.01611 -0.00381 0.64598
-0.01191 -0.01462 0.64800
-0.01629 -0.02225 0.64601
-0.02373 -0.02736 0.64589
-0.03253 -0.01912 0.64772
-0.02917 -0.00649 0.65509
-0.02622 -0.00817 0.66650
-0.02174 -0.01229 0.67590
-0.03123 -0.02288 0.67314
-0.02498 -0.01362 0.67377
-0.03103 -0.01918 0.68628
-0.02554 -0.01243 0.68895
-0.01964 -0.01590 0.70445
-0.00712 -0.02810 0.71408
-0.00698 -0.00480 0.70953
-0.01144 -0.02683 0.71919
-0.00950 -0.01388 0.73061
-0.00840 0.00108 0.74575
-0.00429 -0.02348 0.74736
-0.00848 -0.01818 0.75077
-0.01070 -0.02833 0.75033
-0.01046 -0.01684 0.75286
-0.01314 -0.01312 0.75155
-0.01323 -0.03071 0.74667
-0.00796 -0.02908 0.74711
-0.00985 -0.01032 0.74410
-0.01430 -0.00552 0.74528
-0.01215 -0.01627 0.74995
-0.01522 -0.02394 0.74737
-0.01674 -0.02787 0.74723
-0.01517 -0.01419 0.74777
-0.00070 -0.01097 0.74369
-0.00744 -0.02356 0.74479
-0.00007 -0.03339 0.73766
0.00298 -0.01444 0.74303
-0.00647 -0.00167 0.74341
-0.00137 -0.02002 0.74766
0.00824 -0.02852 0.74692
0.00021 -0.02116 0.74202
-0.02131 -0.02223 0.74359
-0.00821 -0.02384 0.74341
-0.00936 -0.01510 0.75219
-0.01174 -0.02734 0.74848
-0.01833 -0.01038 0.75459
-0.01649 -0.02049 0.75903
-0.01648 -0.01361 0.76083
-0.01498 -0.01807 0.76292
-0.01289 -0.01899 0.76618
-0.01315 -0.01103 0.77471
-0.01959 -0.02009 0.77568
-0.02079 -0.02469 0.78341
-0.01707 -0.02166 0.78175
-0.01294 -0.02232 0.78602
-0.02714 -0.04565 0.78604
-0.02303 -0.00332 0.78878
-0.02559 -0.01489 0.79136
-0.02159 -0.02567 0.79643
-0.02225 -0.03499 0.79327
-0.01923 -0.01827 0.79982
-0.01855 -0.01731 0.80122
-0.01637 -0.02532 0.79915
-0.01323 -0.02497 0.79392
-0.01481 -0.02140 0.78863
-0.01738 -0.01185 0.79036
-0.02721 -0.02233 0.79467
-0.02225 -0.02273 0.79041
-0.02045 -0.03074 0.77913
-0.01708 -0.02408 0.77940
-0.02900 -0.01185 0.78392
-0.03088 -0.00467 0.79399
-0.02030 -0.01823 0.79998
-0.00876 -0.01309 0.80363
-0.02085 -0.02787 0.80381
-0.02490 -0.04108 0.79929
-0.01873 -0.02250 0.78971
-0.01312 -0.01480 0.79082
-0.01864 -0.01784 0.79232
-0.01625 -0.02098 0.79281
-0.02065 -0.01389 0.79156
-0.01622 -0.00827 0.79802
-0.01860 -0.02329 0.80465
-0.01198 -0.01764 0.80657
-0.01019 -0.01957 0.81061
-0.01435 -0.02327 0.81160
-0.01404 -0.02008 0.81716
-0.01410 -0.03487 0.81128
-0.02805 -0.03971 0.79733
-0.02101 -0.03181 0.79725
-0.02305 0.01613 0.79550
-0.01333 -0.01371 0.81125
-0.02274 -0.03463 0.81563
-0.01795 -0.02190 0.81135
-0.01423 -0.01603 0.81105
-0.00910 -0.00656 0.81765
-0.01643 -0.02506 0.82084
-0.02337 -0.03580 0.81615
-0.02023 -0.02095 0.81596
-0.01652 -0.02583 0.81355
-0.01867 -0.00587 0.81341
-0.01515 -0.01428 0.81650
-0.01877 -0.02892 0.81707
-0.01967 -0.01806 0.81915
-0.01874 -0.02212 0.81681
-0.01815 -0.02203 0.81434
-0.03445 -0.03989 0.81248
-0.02613 -0.01013 0.81065
-0.01262 -0.01693 0.81666
-0.02064 -0.01776 0.81767
-0.02581 -0.02412 0.81879
-0.02294 -0.01637 0.81437
-0.03143 -0.01604 0.82109
-0.02759 -0.01976 0.82458
-0.02997 -0.03466 0.82228
-0.03281 -0.02230 0.82032
-0.03080 -0.02237 0.81531
-0.02992 -0.02175 0.81481
-0.02129 -0.02662 0.81939
-0.02035 -0.02829 0.81771
-0.02379 -0.03042 0.81396
-0.00813 -0.01323 0.81184
0.00691 -0.00702 0.81244
0.00854 -0.02005 0.81987
-0.00955 -0.02731 0.81580
-0.00664 -0.02102 0.81597
0.00731 -0.01980 0.81218
0.00064 -0.01163 0.81137
-0.01482 -0.02964 0.81820
-0.01106 -0.01039 0.81822
-0.01168 -0.02306 0.82432
-0.00986 -0.01303 0.82638
-0.01161 -0.03882 0.82819
-0.02051 -0.02601 0.82288
-0.02499 -0.02028 0.81939
-0.01964 -0.01878 0.81526
-0.01238 -0.01741 0.82352
-0.01763 0.00320 0.83321
-0.02030 -0.03174 0.84211
-0.01572 -0.01173 0.84122
-0.01102 -0.02090 0.84882
-0.01945 -0.01901 0.85422
-0.02096 -0.03313 0.85723
-0.01777 -0.01282 0.86070
-0.01587 -0.03109 0.86437
-0.02583 -0.01576 0.86883
-0.02218 -0.03068 0.86367
-0.01041 -0.00970 0.87080
-0.02249 -0.02717 0.86991
-0.02140 -0.01380 0.87838
-0.02040 -0.02572 0.88609
-0.02675 -0.01492 0.89169
-0.02594 -0.01559 0.90119
-0.02720 -0.03169 0.90840
-0.03019 -0.02255 0.90574
-0.02292 -0.04228 0.90134
-0.01931 -0.02581 0.89553
-0.02380 -0.02078 0.88933
-0.02209 -0.01698 0.89226
-0.01945 -0.01419 0.89558
-0.01499 -0.02284 0.90525
-0.01584 -0.00729 0.91845
-0.01289 -0.03066 0.92408
-0.01325 -0.01820 0.92571
-0.02217 -0.03562 0.92453
-0.03508 -0.02791 0.98364
-0.03686 -0.02355 1.00742
-0.02495 -0.01182 1.00990
-0.02096 -0.03568 0.98581
-0.01797 -0.03682 0.97981
-0.02274 -0.00248 0.98150
-0.02339 -0.02669 0.97897
-0.02271 -0.01962 0.98528
-0.03172 -0.04166 0.98327
-0.02142 -0.02367 0.98152
-0.02649 -0.01675 0.96351
-0.02858 -0.03600 0.97495
-0.01561 -0.00619 0.96872
-0.01746 -0.03745 0.97284
-0.01599 -0.02840 0.96438
-0.01358 -0.02644 0.96870
-0.01543 -0.02599 0.96239
-0.01715 -0.01269 0.96183
-0.02732 -0.03500 0.95982
-0.01737 -0.01707 0.95090
-0.02548 -0.01327 0.95713
-0.01822 -0.03582 0.95058
-0.01521 -0.01189 0.95166
-0.02349 -0.03352 0.94436
-0.01222 -0.00213 0.94801
-0.02216 -0.02769 0.95013
-0.03525 -0.02380 0.94892
-0.01790 -0.02226 0.94766
-0.01079 -0.00659 0.94850
-0.02254 -0.05870 0.93911
-0.01687 -0.00956 0.94076
-0.00936 -0.03543 0.93350
-0.01012 -0.01061 0.93988
-0.01931 -0.03226 0.94489
-0.01040 -0.01316 0.95018
-0.01180 -0.02890 0.95392
-0.01147 -0.02073 0.95140
-0.01197 -0.02893 0.95050
-0.01035 -0.01914 0.95219
0.00023 -0.01937 0.95819
-0.00482 -0.01782 0.96308
-0.00993 -0.02759 0.96517
-0.00697 -0.01689 0.96933
-0.00689 -0.01953 0.97836
-0.01528 -0.03716 0.97937
-0.01653 -0.03775 0.96972
-0.00933 -0.01113 0.96926
-0.00695 -0.02223 0.97338
-0.01008 -0.01370 0.98177
-0.00456 -0.02814 0.98813
-0.00710 -0.02928 0.98903
-0.00802 -0.02421 0.99298
-0.01029 -0.01799 0.99519
-0.01908 -0.02392 0.99987
-0.01680 -0.02405 0.99867
-0.02191 -0.02406 1.00305
-0.01494 -0.02916 1.00521
-0.01920 -0.01885 1.00924
-0.01332 -0.03434 1.00793
-0.01772 -0.01754 1.01658
-0.01843 -0.02999 1.01285
-0.01823 -0.01951 1.01357
-0.01823 -0.02988 1.01476
-0.01942 -0.03420 1.00898
-0.01979 -0.02144 1.00941
-0.01362 -0.02605 1.01099
-0.00917 -0.02313 1.01675
-0.00796 -0.02556 1.01910
-0.01347 -0.03629 1.01975
-0.01858 -0.04195 1.01120
-0.01376 -0.02973 1.00582
-0.01473 -0.02676 1.00651
-0.01118 -0.02314 1.00851
-0.01206 -0.02520 1.01767
-0.01066 -0.02933 1.01570
-0.01300 -0.02932 1.01593
-0.01121 -0.02273 1.01711
-0.01221 -0.03137 1.01122
-0.01449 -0.03344 1.01315
-0.01095 -0.01649 1.00904
-0.01450 -0.02305 1.01544
-0.01081 -0.02716 1.01646
-0.01280 -0.03929 1.01166
-0.01333 -0.02417 1.01364
-0.01295 -0.02725 1.01130
-0.01211 -0.02095 1.01376
-0.01624 -0.03707 1.01354
-0.01784 -0.02108 1.01167
-0.01251 -0.02877 1.00925
-0.01210 -0.02839 1.00655
-0.00831 -0.02739 1.00163
-0.00491 -0.03297 0.99906
-0.00743 -0.01298 0.99553
-0.01135 -0.03168 0.99149
-0.01897 -0.02127 0.98213
-0.01528 -0.04412 0.97141
-0.01374 -0.02040 0.96153
-0.01361 -0.03135 0.94971
-0.01595 -0.02552 0.93690
-0.01997 -0.02056 0.92440
-0.01916 -0.03293 0.91194
-0.02174 -0.03046 0.89377
-0.02410 -0.03077 0.87717
-0.02360 -0.02693 0.85816
-0.02310 -0.03144 0.84058
-0.01736 -0.02730 0.82316
-0.01738 -0.03151 0.80574
-0.00908 -0.02295 0.79412
-0.00877 -0.02526 0.78337
-0.01122 -0.02465 0.77096
-0.01176 -0.02629 0.75862
-0.00680 -0.02218 0.74575
-0.00787 -0.01744 0.73695
-0.00524 -0.02513 0.72335
-0.00274 -0.03041 0.70782
-0.00728 -0.02877 0.70050
-0.00411 -0.01306 0.69960
0.00104 -0.01587 0.70231
0.00618 -0.00703 0.71441
-0.00461 -0.01195 0.71975
-0.00178 -0.02578 0.72442
0.00110 -0.02692 0.73010
0.00077 -0.02364 0.72813
-0.00249 -0.02128 0.73249
-0.00169 -0.03088 0.73178
0.00354 -0.01415 0.73747
0.00234 -0.00612 0.74725
0.00034 -0.00558 0.75613
-0.00166 -0.00626 0.77632
-0.00922 -0.01717 0.78736
-0.01353 -0.03971 0.78791
-0.01129 -0.04318 0.78622
-0.00700 -0.01056 0.79009
-0.00461 -0.01498 0.79340
-0.00133 -0.02147 0.80513
-0.00073 -0.02903 0.80547
0.00276 -0.02400 0.80852
0.00101 -0.03148 0.79898
-0.00026 -0.02988 0.79150
-0.00189 -0.01841 0.78910
-0.00204 -0.02784 0.78450
-0.00391 -0.02591 0.77657
-0.00080 -0.02681 0.77051
0.00386 -0.02564 0.75948
0.00564 -0.02484 0.75470
0.00071 -0.01606 0.74357
0.00783 -0.03674 0.72859
0.00429 -0.03015 0.71976
-0.00052 -0.02618 0.71414
-0.00569 -0.01445 0.70857
0.00379 -0.02297 0.71800
0.01839 -0.01791 0.70292
0.01543 -0.02223 0.71081
0.01607 -0.01687 0.71471
0.01844 -0.01955 0.70791
0.02315 -0.01830 0.73041
0.01630 -0.00446 0.72818
0.00889 -0.01306 0.74881
0.00087 -0.01168 0.75569
0.00224 -0.03107 0.75304
-0.00429 -0.02257 0.76072
-0.00770 -0.03166 0.76311
-0.01407 -0.01181 0.76794
-0.00867 -0.02302 0.77385
-0.00734 -0.02506 0.76759
-0.03205 -0.04552 0.75579
-0.02316 -0.02620 0.75295
-0.00227 0.00614 0.75587
-0.01878 0.00025 0.77902
-0.03838 -0.01519 0.79264
-0.02403 -0.04435 0.78651
-0.02828 -0.05151 0.76410
-0.02129 -0.01939 0.74143
-0.01989 0.01069 0.75219
-0.02173 0.01216 0.76518
-0.02911 -0.03094 0.76878
-0.02417 -0.03506 0.75285
-0.01357 -0.03129 0.73100
-0.00874 -0.02037 0.71619
-0.01070 -0.01836 0.71339
-0.00800 -0.01571 0.71009
-0.00813 -0.02767 0.69928
-0.00825 -0.01855 0.68630
-0.01424 -0.01820 0.67642
-0.01548 -0.01105 0.66641
-0.00898 -0.01763 0.66217
-0.00070 -0.02382 0.65348
0.00378 -0.01679 0.64946
0.01105 -0.01586 0.63377
0.01309 -0.02006 0.62739
0.01502 -0.02285 0.59850
0.01280 -0.01923 0.57465
0.01031 -0.01415 0.55809
0.01387 -0.01268 0.53332
0.00444 -0.01160 0.51772
0.01462 -0.02472 0.49073
0.01489 -0.03003 0.45479
0.02262 -0.02616 0.42917
0.01792 -0.01214 0.40529
0.00990 -0.00614 0.37820
0.00478 0.00177 0.36730
0.00297 -0.00303 0.35173
0.00740 -0.00211 0.33684
0.01219 -0.01530 0.32152
0.01953 -0.01154 0.30395
0.00121 -0.01080 0.28648
-0.00941 -0.01068 0.26505
-0.01261 -0.00933 0.24677
-0.00727 0.00040 0.22553
0.00275 -0.01124 0.20157
0.00802 -0.00839 0.17693
0.00475 -0.00399 0.15944
-0.00835 -0.01189 0.15069
-0.01086 -0.00347 0.15011
-0.01132 0.00153 0.15229
0.00967 0.00033 0.15703
0.01214 -0.00417 0.15260
0.00052 -0.00714 0.14767
-0.00971 -0.00715 0.14646
-0.01335 -0.00511 0.14649
-0.01334 -0.00295 0.14928
-0.01007 -0.00221 0.16227
-0.00843 -0.00066 0.17719
-0.02304 -0.00130 0.19450
-0.02212 -0.00064 0.21380
-0.02338 -0.00237 0.22510
-0.01356 -0.01505 0.23371
-0.00224 -0.01104 0.24769
-0.01079 -0.00340 0.25154
-0.01550 -0.00087 0.26397
-0.01204 -0.00818 0.27071
-0.02576 -0.00075 0.27094
-0.02515 -0.01622 0.28866
-0.02291 -0.00866 0.30063
-0.02799 -0.00930 0.30049
-0.03889 0.00369 0.32480
-0.04710 0.00255 0.33551
-0.03277 -0.00259 0.33516
-0.02478 -0.00702 0.36543
-0.02719 -0.00900 0.36174
-0.03154 -0.00309 0.39274
-0.03233 -0.00447 0.40781
-0.03530 -0.00624 0.40820
-0.03276 -0.00575 0.43983
-0.03158 -0.00603 0.45823
-0.02716 -0.00749 0.46820
-0.03038 -0.00367 0.49568
-0.02834 -0.00993 0.50576
-0.03073 -0.00736 0.53210
-0.02638 -0.00818 0.55130
-0.02471 -0.00847 0.55720
-0.02585 -0.01439 0.57460
-0.02227 -0.00465 0.59399
-0.02175 -0.01206 0.60305
-0.02598 -0.01159 0.62705
-0.02375 -0.01051 0.63838
-0.02713 -0.00695 0.67002
-0.02074 -0.00160 0.68684
-0.02219 -0.01815 0.70356
-0.02702 -0.01726 0.71724
-0.02272 -0.00997 0.73105
-0.01846 -0.00641 0.74572
-0.02031 -0.01178 0.76100
-0.01967 -0.01443 0.77453
-0.01594 -0.01356 0.79025
-0.01923 -0.01861 0.80393
-0.01779 -0.01510 0.82000
-0.01855 -0.01395 0.83241
-0.01543 -0.01776 0.84496
-0.01422 -0.01810 0.85457
-0.01304 -0.01233 0.86222
-0.01775 -0.02209 0.87836
-0.01911 -0.01635 0.88472
-0.01156 -0.01068 0.89831
-0.01766 -0.01388 0.90952
-0.01728 -0.01469 0.92477
-0.01498 -0.01516 0.93858
-0.01276 -0.02107 0.94800
-0.01576 -0.02230 0.95833
-0.00979 -0.00349 0.96767
-0.01287 -0.01592 0.98163
-0.01337 -0.01089 0.99235
-0.01575 -0.02113 1.00536
-0.01696 -0.01912 1.01512
-0.01680 -0.01799 1.02493
-0.02065 -0.02556 1.03912
-0.02336 -0.00897 1.04872
-0.01362 -0.01909 1.05209
-0.01370 -0.01525 1.04748
-0.00557 -0.01385 1.05792
-0.00382 -0.01216 1.06279
-0.01568 -0.02997 1.07503
-0.01414 -0.02367 1.07547
-0.00581 -0.01360 1.08133
-0.00055 -0.02384 1.08121
0.00348 -0.02499 1.07996
0.00888 -0.02071 1.09351
0.00475 -0.04278 1.09121
0.01094 -0.02750 1.08678
0.00263 -0.02476 1.09299
0.00171 -0.01430 1.09198
0.00760 -0.02453 1.11048
0.01805 -0.03833 1.11031
0.01804 -0.03667 1.09107
0.00843 -0.02209 1.10718
0.00578 -0.00959 1.09033
0.00823 -0.04292 1.10766
0.01774 -0.01512 1.10931
0.00264 -0.03986 1.08572
0.01295 -0.03216 1.11249
0.01071 -0.01405 1.09220
0.00931 -0.02559 1.11285
0.00919 -0.02851 1.11529
0.00700 -0.02352 1.11030
-0.01361 -0.04816 1.12867
-0.00079 -0.02583 1.12664
-0.00128 -0.01734 1.11975
0.00261 -0.02959 1.13564
0.00116 -0.02473 1.13269
0.00349 -0.03790 1.14087
-0.00045 -0.01251 1.14182
-0.01518 -0.02284 1.14605
-0.01995 -0.02436 1.14640
-0.01347 -0.02351 1.15137
-0.01237 -0.02037 1.15751
-0.00641 -0.01462 1.16948
-0.01092 -0.01948 1.18047
-0.01435 -0.02758 1.19310
-0.01683 0.00261 1.20001
-0.00972 -0.04166 1.20456
-0.01249 -0.01374 1.20647
-0.01990 -0.02516 1.22076
-0.01114 -0.01226 1.22855
-0.01448 -0.03316 1.24017
-0.01977 -0.01226 1.24712
-0.02721 -0.03400 1.25027
-0.01455 0.00551 1.26216
-0.02284 -0.04451 1.27201
-0.01806 0.00580 1.27339
-0.01399 -0.04029 1.28482
-0.01551 -0.00904 1.29213
-0.01619 -0.03280 1.30073
-0.01513 -0.00853 1.30835
-0.01038 -0.03324 1.33507
-0.01328 -0.02556 1.34312
-0.00815 -0.02499 1.35077
-0.01377 -0.02263 1.35307
-0.01694 -0.02960 1.36338
-0.00953 -0.03075 1.36935
-0.01089 -0.03156 1.37613
-0.01537 -0.02336 1.38168
-0.01821 -0.01571 1.38996
-0.02101 -0.03258 1.39568
-0.02224 -0.01890 1.40424
-0.01657 -0.03585 1.41168
-0.01393 -0.02259 1.41589
-0.01435 -0.02883 1.42895
-0.01123 -0.02529 1.43114
-0.01777 -0.02530 1.44399
-0.01418 -0.02769 1.44850
-0.01529 -0.03767 1.45696
-0.01650 -0.02256 1.46204
-0.01429 -0.02827 1.47475
-0.00998 -0.02517 1.47607
-0.01687 -0.02324 1.48573
-0.02140 -0.01286 1.49153
-0.01617 -0.03847 1.50601
-0.02129 -0.03439 1.50104
-0.01927 -0.01634 1.49776
-0.01635 -0.04440 1.50271
-0.02531 -0.02359 1.50462
-0.02132 -0.02944 1.51105
-0.02105 -0.03006 1.51646
-0.02243 -0.04503 1.51518
-0.02244 -0.02234 1.51768
-0.02116 -0.03522 1.51909
-0.01714 -0.03720 1.51767
-0.01288 -0.02275 1.52538
-0.01832 -0.02626 1.51932
-0.03679 -0.04067 1.51745
-0.02410 -0.04213 1.51551
-0.01128 -0.02096 1.51792
-0.02449 -0.04103 1.51523
-0.02274 -0.02774 1.51139
-0.02670 -0.03264 1.50607
-0.01801 -0.02640 1.50817
-0.02290 -0.01158 1.50807
-0.01463 -0.04742 1.50573
-0.02129 -0.04035 1.50183
-0.02334 -0.01450 1.49836
-0.02741 -0.03936 1.50574
-0.03431 -0.03719 1.50405
-0.02787 -0.03042 1.50244
-0.02397 -0.02631 1.50273
-0.02468 -0.02307 1.50297
-0.02146 -0.02527 1.50056
-0.02234 -0.01780 1.50331
-0.01508 -0.03588 1.49705
-0.01871 -0.03209 1.49701
-0.02022 -0.03282 1.49446
-0.01962 -0.03683 1.49572
-0.02085 -0.04494 1.48524
-0.02366 -0.03065 1.47490
-0.02836 -0.01801 1.47369
-0.03670 -0.04235 1.46265
-0.02391 -0.02479 1.45406
-0.02314 -0.04424 1.44198
-0.01572 -0.01815 1.43701
-0.02155 -0.04740 1.42772
-0.01825 -0.04010 1.41737
-0.02068 -0.02922 1.41039
-0.02362 -0.04198 1.39565
-0.02305 -0.04244 1.37954
-0.02042 -0.02888 1.35475
-0.02424 -0.04603 1.33480
-0.01804 -0.03984 1.30799
-0.02096 -0.05183 1.27983
-0.01288 -0.03659 1.24654
-0.01253 -0.02561 1.22497
-0.02297 -0.05752 1.20139
-0.01666 -0.02292 1.16491
-0.01968 -0.04128 1.13103
-0.02475 -0.03008 1.09691
-0.01679 -0.03063 1.06317
-0.01704 -0.02901 1.02325
-0.02667 -0.03857 0.98830
-0.02173 -0.04751 0.94062
-0.01376 -0.02309 0.90096
-0.02384 -0.03847 0.86145
-0.01125 -0.02114 0.81630
-0.00987 -0.02990 0.77674
-0.00522 -0.02136 0.73804
0.00761 -0.02337 0.69401
0.00904 -0.03057 0.66772
0.01959 -0.01447 0.64409
0.03110 -0.01943 0.59155
0.04212 -0.01513 0.62480
0.03754 -0.00995 0.55714
0.04407 -0.02281 0.61314
0.04722 -0.00710 0.61477
0.04382 -0.01813 0.52375
0.05297 -0.02207 0.59325
0.05375 -0.02253 0.48868
0.05635 -0.01793 0.56936
0.05021 -0.01527 0.47695
0.06797 -0.00372 0.53437
0.07712 -0.01531 0.53227
0.05512 -0.00405 0.47610
0.05671 -0.00789 0.52511
0.05109 -0.00821 0.49066
0.06675 -0.02348 0.52204
0.06407 -0.02010 0.52277
0.05922 -0.00900 0.51367
0.05172 0.00254 0.52606
0.05470 0.00389 0.54055
0.05498 -0.01607 0.54357
0.05514 -0.01433 0.55094
0.06083 -0.02144 0.58583
0.06213 -0.00427 0.55537
0.06354 -0.00941 0.61384
0.05254 -0.01030 0.56725
0.05171 -0.00646 0.58617
0.05762 -0.01222 0.66378
0.03871 -0.00256 0.61608
0.04306 -0.02144 0.63634
0.03888 -0.00788 0.70051
0.03128 -0.00170 0.66709
0.02107 0.00598 0.68777
0.01098 -0.01659 0.73059
0.00817 -0.00623 0.72405
0.00092 -0.01427 0.74215
-0.00730 -0.02502 0.75779
0.00435 -0.00080 0.75631
0.00148 -0.01180 0.78997
-0.00491 -0.01428 0.78860
-0.00640 -0.02910 0.78904
0.00377 -0.00118 0.81156
0.00324 -0.02213 0.80804
-0.00170 -0.01621 0.81463
-0.00463 -0.03123 0.83071
0.01200 -0.01125 0.81500
0.01210 -0.01081 0.83763
0.01018 -0.01307 0.82265
0.00933 -0.02672 0.84020
0.01321 -0.01809 0.85409
0.01144 -0.02255 0.84642
-0.00153 -0.01423 0.85490
-0.01016 -0.01902 0.87611
-0.01337 -0.01860 0.88425
-0.02732 -0.02237 0.89117
-0.02609 -0.03150 0.89602
-0.02467 -0.02501 0.89560
-0.01807 -0.01505 0.91097
-0.02763 -0.00951 0.91444
-0.01728 -0.01655 0.93315
-0.02604 -0.01900 0.94134
-0.02802 -0.02005 0.94787
-0.02963 -0.01888 0.95199
-0.02453 -0.01340 0.95892
-0.02465 -0.00601 0.97703
-0.02981 -0.00898 0.98651
-0.01774 -0.02209 0.99908
-0.01414 -0.01368 1.01097
-0.01878 -0.02821 1.01669
-0.02047 -0.02393 1.01751
-0.01817 -0.03157 1.01319
-0.01658 -0.01470 1.01419
-0.01947 -0.02959 1.01221
-0.01630 -0.03879 1.01525
-0.01942 -0.02002 1.01149
-0.02170 -0.02168 1.00307
-0.01757 -0.02396 1.00445
-0.01872 -0.02790 0.99838
-0.02235 -0.03597 0.98542
-0.01641 -0.02120 0.97963
-0.01541 -0.00764 0.96791
-0.01919 -0.04271 0.96976
-0.01620 -0.01669 0.96471
-0.01369 -0.02611 0.95636
-0.01910 -0.02485 0.94862
-0.01653 -0.02297 0.93560
-0.01455 -0.02610 0.92676
-0.01744 -0.02624 0.91518
-0.02469 -0.01865 0.91241
-0.01873 -0.03093 0.89666
-0.02219 -0.04547 0.88426
-0.01967 -0.01272 0.86632
-0.01634 -0.01433 0.84961
-0.01641 -0.02991 0.83481
-0.01789 -0.03235 0.81274
-0.01852 -0.03248 0.78855
-0.02615 -0.01193 0.76683
-0.01770 -0.02642 0.74297
-0.00215 -0.00766 0.71867
-0.01671 -0.03863 0.69238
-0.02591 -0.02549 0.66226
-0.00953 -0.01692 0.63441
-0.01459 -0.02269 0.60342
-0.01229 -0.02927 0.57130
-0.00562 -0.01369 0.53285
-0.00744 -0.02113 0.50091
-0.00424 -0.00874 0.46977
-0.01270 -0.01416 0.43569
-0.01523 -0.01400 0.40968
0.00102 -0.00977 0.37382
0.01043 -0.01615 0.34574
0.00420 -0.00186 0.31612
-0.00933 -0.00869 0.28798
-0.00162 -0.01016 0.26322
-0.00054 -0.01204 0.24493
-0.00278 -0.01023 0.22320
-0.00010 0.00211 0.21690
0.00107 -0.00148 0.21104
0.00067 -0.00521 0.20728
-0.00251 -0.00611 0.20753
-0.00176 -0.00509 0.20868
-0.00110 -0.00386 0.20355
-0.00295 -0.00571 0.20217
-0.00345 -0.00158 0.20366
-0.00417 -0.00178 0.20194
-0.00045 -0.00832 0.20594
0.00066 -0.00442 0.19738
-0.00084 -0.00391 0.19416
0.00119 -0.00078 0.18471
-0.00380 -0.00597 0.18212
-0.00569 -0.00409 0.18218
-0.00010 -0.00073 0.17741
0.00375 -0.00116 0.17213
0.00022 -0.00319 0.16429
-0.00173 -0.00273 0.15455
-0.00444 -0.00345 0.14702
-0.00248 -0.00389 0.14382
0.00318 0.00072 0.14105
0.00387 -0.00136 0.14207
-0.00141 -0.00110 0.13946
-0.00588 0.00264 0.14692
-0.00817 -0.00319 0.14435
-0.00494 -0.00772 0.13473
-0.00260 -0.00663 0.12955
-0.00031 -0.00365 0.12992
-0.00180 -0.00251 0.13098
-0.00445 -0.00372 0.13433
-0.00451 -0.00421 0.14004
-0.00549 -0.00349 0.15018
-0.00435 -0.00246 0.15914
-0.00250 0.00107 0.17764
-0.00496 -0.00057 0.20395
-0.00920 -0.00601 0.23204
-0.01052 -0.00461 0.26052
-0.00803 -0.00247 0.29039
-0.00814 -0.00006 0.31961
-0.01396 0.00615 0.34622
-0.02185 -0.01017 0.37629
-0.01130 -0.00439 0.39567
-0.01083 -0.00138 0.42858
-0.01357 -0.00182 0.44915
-0.02176 -0.01344 0.47255
-0.02358 -0.00933 0.48839
-0.01665 -0.00132 0.51475
-0.01340 -0.00500 0.54297
-0.01092 -0.01306 0.56419
-0.01942 -0.00061 0.57705
-0.02983 -0.00945 0.59841
-0.02097 -0.01661 0.62164
-0.01538 -0.00293 0.63159
-0.02199 -0.01598 0.65581
-0.02800 -0.01062 0.67260
-0.01376 -0.01153 0.69220
-0.01409 -0.01684 0.71104
-0.01595 -0.01411 0.72904
-0.02429 -0.02219 0.74005
-0.03068 -0.00770 0.75945
-0.01781 -0.00816 0.77540
0.00068 0.00377 0.80044
-0.02386 -0.02636 0.81910
-0.01876 -0.01164 0.83133
-0.02299 -0.02033 0.84774
-0.01026 0.00218 0.85809
-0.01875 -0.02481 0.88549
-0.01183 -0.01496 0.89455
-0.01495 -0.01101 0.90548
-0.01689 -0.01988 0.91549
-0.01545 -0.02102 0.92238
-0.01244 -0.02619 0.92098
-0.01721 -0.02273 0.91988
-0.01212 -0.03097 0.91783
-0.02112 -0.01708 0.91427
-0.01688 -0.01727 0.91901
-0.01606 -0.00949 0.91770
-0.02947 -0.03819 0.91728
-0.01234 -0.02210 0.91897
-0.00272 -0.02222 0.92740
-0.01000 -0.03903 0.93296
-0.01624 -0.00550 0.93413
-0.01371 -0.02748 0.93426
-0.00937 -0.01116 0.93984
-0.01695 -0.02744 0.94123
-0.01739 -0.01785 0.94655
-0.01420 -0.02940 0.94931
-0.01085 -0.03522 0.94674
-0.01480 -0.01414 0.95164
-0.01711 -0.02268 0.95690
-0.01200 -0.01642 0.95733
-0.02135 -0.02643 0.96569
-0.02014 -0.02285 0.96655
-0.02247 -0.02898 0.96815
-0.02129 -0.01173 0.97173
-0.02118 -0.02458 0.97803
-0.02140 -0.02997 0.98056
-0.01841 -0.00391 0.97592
-0.02661 -0.04251 0.97423
-0.00852 0.01854 0.97205
-0.02610 -0.05478 0.97496
-0.01942 0.00088 0.97220
-0.02662 -0.05309 0.97155
-0.02008 -0.00964 0.96477
-0.01847 -0.03569 0.96347
-0.01943 -0.01814 0.95921
-0.01985 -0.03432 0.95412
-0.01684 -0.01578 0.94723
-0.02136 -0.02760 0.94212
-0.01949 -0.01622 0.94204
-0.02029 -0.01991 0.94070
-0.02478 -0.03951 0.93801
-0.02041 -0.02873 0.92899
-0.01734 -0.02148 0.91649
-0.01299 -0.01701 0.91826
-0.00944 -0.02635 0.91400
-0.00605 -0.02746 0.91022
-0.00740 -0.03082 0.90066
-0.01035 -0.02286 0.88780
-0.00706 -0.01555 0.88221
-0.01304 -0.02689 0.86624
-0.02675 -0.04182 0.85382
-0.02022 -0.01813 0.82623
-0.01595 -0.02353 0.80639
-0.01904 -0.01952 0.79091
-0.00419 -0.01399 0.77421
-0.00936 -0.03181 0.75246
-0.00414 -0.01937 0.71662
-0.01728 -0.02994 0.68731
-0.00269 -0.03309 0.65424
-0.00474 -0.00461 0.62648
-0.01196 -0.01229 0.60579
-0.01395 -0.01507 0.58120
-0.00386 -0.02180 0.55775
-0.00918 -0.03030 0.53506
-0.01555 -0.00776 0.51731
-0.01555 -0.00604 0.50741
-0.00960 -0.00521 0.49704
-0.00534 -0.00777 0.48709
-0.00660 -0.02193 0.47762
-0.01289 -0.01841 0.46353
-0.00938 -0.00794 0.45252
-0.00434 -0.01330 0.44337
0.00056 -0.00840 0.43437
-0.00226 -0.01092 0.42454
-0.00166 -0.01160 0.41582
-0.00536 -0.01409 0.40190
-0.00442 -0.00794 0.38720
-0.00520 -0.00605 0.37415
-0.00620 -0.01499 0.35905
-0.00955 -0.01533 0.34902
-0.00813 -0.01097 0.33432
-0.00260 -0.00989 0.32343
-0.00144 -0.00517 0.31278
-0.00344 -0.00951 0.30549
-0.00629 0.00088 0.29390
-0.01273 -0.00733 0.27876
-0.01165 -0.00289 0.26433
-0.00890 -0.01026 0.25004
-0.00820 -0.00950 0.23073
-0.00301 -0.00484 0.21890
-0.00135 -0.00651 0.20590
-0.00237 -0.01151 0.19610
-0.00412 -0.01111 0.18044
-0.00536 -0.00434 0.17057
-0.00164 -0.00314 0.15915
0.00086 -0.00228 0.14953
-0.00039 -0.00383 0.14202
-0.00651 -0.00419 0.13129
-0.00197 -0.00316 0.12459
-0.00289 -0.00400 0.11644
-0.00418 -0.00484 0.10590
-0.00488 -0.00218 0.10014
-0.00573 -0.00163 0.09499
-0.00399 -0.00304 0.09114
0.00024 -0.00183 0.08521
-0.00092 -0.00233 0.07690
-0.00429 -0.00343 0.07210
-0.00306 -0.00311 0.06900
-0.00061 -0.00110 0.06240
-0.00164 -0.00111 0.05870
-0.00299 -0.00218 0.05560
-0.00065 -0.00176 0.05231
-0.00314 -0.00220 0.04751
-0.00147 -0.00188 0.04372
-0.00171 -0.00240 0.03837
-0.00234 -0.00163 0.03586
-0.00281 -0.00174 0.03068
-0.00135 -0.00218 0.02645
-0.00172 -0.00122 0.02087
-0.00201 -0.00108 0.01701
0.00053 -0.00051 0.01445
-0.00182 -0.00133 0.01229
-0.00177 -0.00080 0.01225
-0.00020 -0.00109 0.01210
-0.00008 -0.00142 0.02190
-0.00128 -0.00127 0.02139
-0.00206 -0.00197 0.03217
0.00075 -0.00151 0.03265
-0.00071 -0.00171 0.03483
0.00010 -0.00073 0.03316
-0.00098 -0.00095 0.03428
-0.00130 -0.00096 0.03906
0.00017 -0.00045 0.04329
0.00162 0.00021 0.04789
-0.00171 -0.00138 0.05120
-0.00094 -0.00134 0.05807
-0.00161 -0.00233 0.06102
-0.00375 -0.00193 0.06894
-0.00089 -0.00074 0.07185
-0.00234 -0.00196 0.07761
0.00029 -0.00214 0.08205
-0.00205 -0.00160 0.08792
-0.00439 -0.00159 0.09134
-0.00272 -0.00268 0.09541
-0.00101 -0.00211 0.10199
-0.00164 0.00054 0.10365
-0.00259 -0.00190 0.10573
-0.00251 -0.00247 0.10744
-0.00165 -0.00323 0.11352
-0.00196 -0.00210 0.11507
-0.00169 -0.00019 0.11687
0.00067 -0.00062 0.11728
0.00389 -0.00403 0.11629
-0.00277 -0.00439 0.11177
-0.00407 -0.00426 0.10606
-0.00116 -0.00090 0.10183
-0.00144 -0.00041 0.09719
-0.00317 -0.00137 0.09261
-0.00172 -0.00191 0.08561
