0.12115 95.16226 56.82438
0.03786 26.46655 15.20883
0.13159 79.93714 47.11707
0.22854 127.87146 79.48782
0.17739 91.81631 54.65571
0.17971 86.31296 51.13382
0.02656 12.07300 6.92153
0.25465 108.74681 65.87639
0.30149 121.24323 74.63282
0.32102 121.01012 74.46497
0.37325 138.03930 87.29133
0.38689 138.73042 87.83981
0.32940 111.83628 67.99841
0.36792 120.30884 73.96115
0.43434 136.62695 86.17818
0.31397 94.35049 56.29622
0.40581 117.06673 71.65313
0.42720 116.58511 71.31315
0.03587 9.35650 5.36283
0.35509 87.64089 51.97875
0.39684 92.97260 55.40271
0.48888 108.88898 65.97348
0.29317 61.96134 36.09517
0.35791 72.36260 42.42316
0.26988 52.18102 30.24755
0.54763 100.93921 60.62236
0.10702 18.79908 10.78701
0.50013 84.18469 49.78580
0.66021 106.06198 64.05279
0.69022 106.76461 64.52826
0.68510 102.04329 61.35650
0.78280 112.36409 68.36357
0.78253 109.26049 66.22743
0.46392 62.80288 36.60265
0.58559 77.35343 45.50698
0.85819 110.90227 67.35413
0.88907 112.27730 68.30348
0.70464 88.13473 52.29374
0.52072 64.65287 37.72091
0.75818 93.63739 55.83334
0.79964 98.70007 59.14182
0.84796 103.88810 62.58946
0.59652 72.73795 42.65394
0.07219 8.77494 5.02928
0.02818 3.40361 1.95022
0.39168 47.23983 27.32464
0.91050 108.97103 66.02953
0.81908 97.83427 58.57226
0.10754 12.82105 7.35096
0.55835 66.38603 38.77194
0.85459 101.55340 61.03041
0.70989 84.24704 49.82519
0.45482 53.87231 31.25255
0.95221 113.16706 68.92063
0.04924 5.83057 3.34114
0.64364 75.58278 44.40905
0.21740 25.73985 14.78887
0.10915 13.06315 7.48997
0.96882 116.71382 71.40393
0.62195 75.28648 44.22574
0.00181 0.21734 0.12453
0.11437 13.71837 7.86623
0.08795 10.54065 6.04215
0.03001 3.59591 2.06041
0.00879 1.06059 0.60767
0.14276 17.35597 9.95676
0.26921 33.15035 19.08182
0.44983 55.93487 32.48154
0.21440 26.78011 15.39010
0.36618 45.57344 26.34308
0.36636 45.53661 26.32140
0.72287 89.21279 52.98286
0.02515 3.05657 1.75135
0.57466 68.51059 40.06498
0.59227 69.01715 40.37406
0.08012 9.14258 5.24014
0.78715 88.25668 52.37159
0.56990 62.72309 36.55450
0.49817 53.86330 31.24720
0.91274 96.82435 57.90990
0.67218 69.93036 40.93204
0.91781 93.97392 56.05167
0.86802 87.63772 51.97673
0.82037 81.93300 48.36758
0.56472 55.50983 32.22797
1.18065 114.74114 70.01808
0.02195 2.12076 1.21513
0.04719 4.53166 2.59667
0.03403 3.27613 1.87717
0.63571 61.30685 35.70098
0.26392 25.50388 14.65254
0.22979 22.21456 12.75432
0.58180 56.38381 32.74955
0.62279 60.63746 35.29828
0.03709 3.61634 2.07212
0.87110 85.11414 50.37358
0.03908 3.84828 2.20504
0.97766 96.64904 57.79513
0.21118 20.98991 12.04852
0.03017 2.99481 1.71596
0.12690 12.65278 7.25435
0.12301 12.35360 7.08260
1.07068 108.33276 65.59394
0.07031 7.15670 4.10136
0.04761 4.85006 2.77915
0.07992 8.18548 4.69124
0.03653 3.74938 2.14837
0.11727 11.97926 6.86772
0.09081 9.30405 5.33275
0.04100 4.23149 2.42464
0.06705 7.03653 4.03247
0.21139 22.28296 12.79376
0.06075 6.38592 3.65949
0.47510 49.90268 28.89744
0.16983 17.86221 10.24795
0.15756 16.59787 9.52083
0.23365 24.61208 14.13752
0.98565 104.71780 63.14660
0.66078 70.24404 41.12394
0.13613 14.51366 8.32303
0.21679 23.20663 13.32644
0.22143 23.79230 13.66434
1.03608 111.20609 67.56344
0.33553 35.90710 20.68541
0.07901 8.51116 4.87801
0.20591 22.12276 12.70140
0.65354 70.30580 41.16173
0.81762 88.59436 52.58730
0.93891 101.29451 60.85830
0.97314 105.72382 63.82440
0.82588 90.10971 53.55777
0.36620 40.31702 23.25933
0.23754 26.08411 14.98779
0.08941 9.75032 5.58874
0.51272 55.93347 32.48070
0.65448 72.05503 42.23419
0.16084 17.83481 10.23219
0.50319 55.76257 32.37873
0.92479 102.14905 61.42697
0.26846 29.61995 17.03364
0.30453 33.72820 19.41763
0.99948 110.24886 66.90484
0.14829 16.30799 9.35418
0.76618 84.83922 50.19958
0.11007 12.23374 7.01379
0.13369 14.90753 8.54932
0.18378 20.58669 11.81623
0.54934 61.38082 35.74551
0.18718 20.83838 11.96122
0.32090 35.58221 20.49622
0.08630 9.55848 5.47869
0.21690 24.26893 13.93942
0.18998 21.22254 12.18255
0.20354 22.73104 13.05213
0.22125 24.60252 14.13200
0.58390 65.05396 37.96384
0.98019 109.34479 66.28511
0.13143 14.67098 8.41341
0.66618 74.37751 43.66415
0.11281 12.58237 7.21393
0.10654 11.88620 6.81431
0.65875 73.56361 43.16223
0.04020 4.50393 2.58078
0.06159 6.85318 3.92735
0.52936 59.06269 34.35267
0.11437 12.81029 7.34478
0.11228 12.58626 7.21616
0.14578 16.42245 9.41997
0.10804 12.13270 6.95580
0.07721 8.67861 4.97404
0.13978 15.72877 9.02124
0.51125 57.20839 33.24228
0.91942 103.96322 62.63983
0.47989 54.91667 31.87437
0.25671 29.44720 16.93357
0.75324 86.25287 51.09565
0.14523 16.63290 9.54097
0.33352 38.34881 22.10917
0.15260 17.69433 10.15138
0.85855 100.01790 60.01184
0.08781 10.29817 5.90303
0.24914 29.31173 16.85510
0.05901 6.98013 4.00013
0.23366 27.91814 16.04832
0.22200 26.36750 15.15158
0.14437 17.33128 9.94256
0.21431 25.58406 14.69886
0.21040 25.53798 14.67224
0.27974 34.30772 19.75458
0.16337 20.14796 11.56354
0.18749 23.19052 13.31714
0.12311 15.18307 8.70764
0.15470 19.20927 11.02310
0.15191 19.07663 10.94675
0.05073 6.38866 3.66105
0.91025 114.75084 70.02487
0.82879 105.98864 64.00324
0.14581 18.81983 10.79894
0.10735 14.04045 8.05121
0.18775 24.65532 14.16249
0.09102 11.84494 6.79062
0.07671 9.94249 5.69897
0.15826 20.73790 11.90334
0.01803 2.40423 1.37756
0.03476 4.66813 2.67488
0.07901 10.54236 6.04313
0.03240 4.26562 2.44420
0.02981 3.93561 2.25508
0.80874 106.94116 64.64792
0.02907 3.87675 2.22135
0.06202 8.30108 4.75753
0.11896 15.78160 9.05160
0.14820 19.79488 11.36023
0.60638 81.04755 47.81205
0.23363 31.28881 18.00111
0.05127 6.96849 3.99346
0.08740 11.92879 6.83875
0.08174 11.22232 6.43329
0.04706 6.51687 3.73455
0.14892 20.79252 11.93480
0.13352 18.51812 10.62532
0.17895 24.90671 14.30764
0.80370 113.12836 68.89374
0.08392 11.96482 6.85943
0.21921 31.43100 18.08360
0.52042 75.06509 44.08886
0.27787 40.39531 23.30513
0.79341 115.64478 70.65143
0.72135 105.91849 63.95584
0.06229 9.22776 5.28899
0.04746 7.10640 4.07252
0.69365 105.58122 63.72818
0.73151 111.55497 67.80411
0.53265 83.36863 49.27088
0.76332 118.97817 73.00970
0.62652 98.53011 59.02989
0.67924 106.75299 64.52039
0.06365 10.08973 5.78345
0.20838 33.51122 19.29151
0.03622 5.89526 3.37822
0.65988 108.64787 65.80886
0.11082 18.15766 10.41792
0.63333 102.88936 61.92097
0.68804 109.43853 66.34926
0.68724 108.83693 65.93792
0.03561 5.63395 3.22845
0.22465 36.10594 20.80123
0.04277 6.90435 3.95669
0.69767 112.45563 68.42698
0.68380 109.46497 66.36736
0.70382 112.04686 68.14401
0.51014 79.75828 47.00529
0.60340 93.89122 55.99799
0.23316 36.08247 20.78756
0.06730 10.38104 5.95057
0.01058 1.63567 0.93718
0.12183 18.83217 10.80605
0.07400 11.40598 6.53869
0.04136 6.30683 3.61414
0.63138 94.65128 56.49177
0.65748 97.20884 58.16182
0.72952 108.19772 65.50193
0.72542 107.56999 65.07479
0.77469 112.72228 68.61184
0.05124 7.43090 4.25857
0.02847 4.03831 2.31394
0.81622 114.21009 69.64702
0.32113 45.25596 26.15629
0.02524 3.50669 2.00929
0.01401 1.91728 1.09854
0.01540 2.06492 1.18313
0.05979 7.99551 4.58231
0.13567 18.06480 10.36449
0.05736 7.63796 4.37729
0.01834 2.43556 1.39551
0.05264 7.00199 4.01267
0.12255 16.39643 9.40502
0.01615 2.15967 1.23742
0.02610 3.50653 2.00919
0.09482 12.72048 7.29322
0.73709 98.24886 58.84480
0.06635 8.87144 5.08463
0.02551 3.41103 1.95447
0.16966 22.67967 13.02250
0.21620 29.06799 16.71393
0.03468 4.65380 2.66667
0.06933 9.38836 5.38111
0.19515 26.25887 15.08879
0.21337 28.70109 16.50148
0.15913 21.27595 12.21333
0.03469 4.64069 2.65916
0.07892 10.63121 6.09411
0.03424 4.60045 2.63609
0.04932 6.63016 3.79950
0.01749 2.32417 1.33168
0.04700 6.27400 3.59533
0.73616 97.52059 58.36630
0.88634 116.70235 71.39584
0.09831 12.91603 7.40549
0.73643 96.48127 57.68537
0.11782 15.37023 8.81518
0.05025 6.48418 3.71581
0.02865 3.69093 2.11487
0.11140 14.20797 8.14743
0.12408 15.86251 9.09810
0.42030 53.44352 30.99753
0.72528 92.06001 54.81294
0.79627 100.90555 60.60002
0.78962 99.71099 59.80889
0.85157 106.82929 64.57209
0.69635 87.66204 51.99223
0.77175 96.43774 57.65689
0.16009 19.97106 11.46167
0.06996 8.74852 5.01413
0.20128 25.33668 14.55596
0.03412 4.32384 2.47757
0.15983 20.21489 11.60209
0.07858 9.87828 5.66214
0.01258 1.59020 0.91113
0.16009 20.52402 11.78014
0.08850 11.34710 6.50490
0.82062 104.59782 63.06594
0.07170 9.02314 5.17163
0.13824 17.26986 9.90724
0.08822 10.97596 6.29192
0.07759 9.64422 5.52787
0.05223 6.52254 3.73780
0.18337 23.20348 13.32462
0.13781 17.42039 9.99381
0.23102 29.14170 16.75662
0.00550 0.69328 0.39722
0.30064 37.96239 21.88362
0.19662 24.63259 14.14936
0.07511 9.32759 5.34626
0.02210 2.73945 1.56964
0.03686 4.54495 2.60429
0.88567 109.06404 66.09309
0.19574 23.94335 13.75151
0.01123 1.38317 0.79250
0.05323 6.66341 3.81856
0.01887 2.36440 1.35473
0.15123 18.99858 10.90182
0.77196 95.13067 56.80380
0.05635 6.89977 3.95406
0.04843 5.96535 3.41840
0.12973 15.98967 9.17119
0.05687 6.95430 3.98532
0.05653 6.88230 3.94404
0.05245 6.41745 3.67756
0.05347 6.54863 3.75276
0.06919 8.49835 4.87066
0.05242 6.44202 3.69165
0.15042 18.41633 10.56675
0.42126 51.51089 29.85000
0.18006 21.96914 12.61284
0.75120 91.90977 54.71600
0.55133 67.66152 39.54760
0.06680 8.20415 4.70195
0.82279 101.43625 60.95251
0.69294 84.82228 50.18886
0.63058 77.07688 45.33521
0.22674 27.66681 15.90291
0.17836 21.88887 12.56657
0.84598 102.93712 61.95288
0.00868 1.05142 0.60242
0.12808 15.55175 8.91950
0.05173 6.29848 3.60936
0.89122 109.19146 66.18021
0.08203 10.05753 5.76497
0.07150 8.71851 4.99692
0.13255 16.19552 9.28952
0.17242 21.15951 12.14624
0.61900 76.23296 44.81170
0.05334 6.56478 3.76201
0.39668 48.36605 27.98918
0.04837 5.92574 3.39570
0.04061 4.97458 2.85052
0.01963 2.41636 1.38451
0.02173 2.67742 1.53410
0.20627 25.18950 14.47095
0.15318 18.71815 10.74043
0.13396 16.24327 9.31697
0.05290 6.40014 3.66764
0.03697 4.45906 2.55506
0.10277 12.47910 7.15465
0.58946 71.88383 42.12906
0.13851 16.98055 9.74087
0.23473 28.49377 16.38146
0.35200 42.23719 24.38372
0.83101 98.58371 59.06518
0.20015 23.78692 13.66124
0.68837 81.06682 47.82413
0.05326 6.23166 3.57106
0.32649 38.04762 21.93336
0.71104 82.58563 48.77782
0.75499 87.27512 51.74572
0.79431 91.36756 54.36648
0.15001 17.35230 9.95465
0.06334 7.27304 4.16806
0.83762 96.20923 57.50750
0.30780 35.02655 20.17277
0.77897 87.85036 52.11231
0.95975 107.56932 65.07433
0.17234 19.11244 10.96736
0.11914 13.10204 7.51230
0.07614 8.39907 4.81373
0.80082 88.72143 52.66852
0.02004 2.23614 1.28124
0.22276 25.03257 14.38032
0.08254 9.24598 5.29945
0.21061 23.50852 13.50060
0.20092 22.18429 12.73687
0.31191 33.95405 19.54892
0.42853 46.34380 26.79659
0.25680 27.73285 15.94112
0.91068 98.40056 58.94461
0.19267 19.56693 11.22899
0.27463 27.23530 15.65331
0.77915 77.12269 45.36366
0.60383 61.19811 35.63554
0.70182 71.56613 41.93406
0.20847 21.23465 12.18953
0.18170 18.54815 10.64260
0.38148 38.70053 22.31453
0.09555 9.70403 5.56218
0.17410 17.72822 10.17087
0.49415 51.25923 29.70080
0.98279 100.69292 60.45897
0.18037 18.61635 10.68185
0.44443 45.64311 26.38407
0.11470 11.88644 6.81444
0.00728 0.75133 0.43048
0.12423 12.90253 7.39774
0.12210 12.69103 7.27631
0.01405 1.46256 0.83800
0.10752 11.30400 6.48017
0.13621 14.22465 8.15701
0.10158 10.67684 6.12029
0.88926 93.42370 55.69483
0.86309 91.30818 54.32824
0.51858 54.69757 31.74384
1.07479 113.04079 68.83291
0.41789 43.99409 25.41459
0.36569 38.57067 22.23870
1.06458 112.22786 68.26925
0.15203 16.15304 9.26510
0.02261 2.40291 1.37680
0.78463 83.98783 49.66149
0.04972 5.28889 3.03066
0.02665 2.81800 1.61465
0.08983 9.45266 5.41800
0.12398 12.99017 7.44806
0.88522 93.01519 55.43028
0.01493 1.56978 0.89943
0.82399 86.51369 51.26134
0.94204 98.29446 58.87479
0.17641 18.31434 10.50806
0.19410 20.10098 11.53649
0.10775 11.11431 6.37131
0.03483 3.55896 2.03924
0.74974 76.48906 44.97046
0.12441 12.81772 7.34905
0.03282 3.38565 1.93993
0.05580 5.73097 3.28405
0.07883 8.02842 4.60118
0.34260 34.65738 19.95796
0.25454 25.72460 14.78006
0.02499 2.51612 1.44167
0.03256 3.27143 1.87447
0.02155 2.15446 1.23444
1.08942 109.04013 66.07675
0.06816 6.79174 3.89213
0.03355 3.33592 1.91143
0.91384 90.51577 53.81852
0.71676 71.06471 41.62655
0.01870 1.83894 1.05365
1.03121 101.75159 61.16227
0.21406 21.11211 12.11892
0.77795 76.61724 45.04996
0.06678 6.61326 3.78981
0.02577 2.55145 1.46191
0.06684 6.60861 3.78715
0.09525 9.36502 5.36773
0.55160 54.10808 31.39285
0.04581 4.48886 2.57214
0.07448 7.35812 4.21685
0.75468 74.99158 44.04342
0.04448 4.41734 2.53115
0.17274 17.12275 9.82264
0.22407 22.00967 12.63621
0.42831 42.14919 24.33214
0.10149 9.98536 5.72357
0.04269 4.19586 2.40423
0.01719 1.69909 0.97352
0.05092 5.02311 2.87833
1.01704 100.77308 60.51213
0.02381 2.34383 1.34294
0.03073 3.02232 1.73173
0.33477 33.06392 19.03160
0.53630 52.88917 30.66805
0.79820 78.89249 46.46490
0.01541 1.52003 0.87092
0.03192 3.14672 1.80301
0.11186 11.05239 6.33578
0.23379 23.15319 13.29561
0.10377 10.30503 5.90696
0.15473 15.44179 8.85631
0.09429 9.43222 5.40627
0.04826 4.84747 2.77767
0.09358 9.43338 5.40694
0.04371 4.44845 2.54898
0.05766 5.92856 3.39731
0.03667 3.81201 2.18425
0.04112 4.32713 2.47946
0.21701 23.15108 13.29439
0.04172 4.51054 2.58457
0.04711 5.16178 2.95781
0.05979 6.68367 3.83018
0.07854 8.94539 5.12704
0.22828 26.57745 15.27293
0.03216 3.82228 2.19014
0.09374 11.37884 6.52312
0.03448 4.27527 2.44974
0.46651 58.71800 34.14601
0.08455 10.78651 6.18322
0.75337 97.65895 58.45712
0.03795 4.99952 2.86481
0.05650 7.57200 4.33947
0.03619 4.90929 2.81310
0.06425 8.87710 5.08788
0.54435 76.83349 45.18413
0.74530 106.30004 64.21375
0.50154 71.67565 42.00126
0.38645 55.01173 31.93102
0.76454 107.00780 64.69311
0.45951 63.83309 37.22492
0.28525 39.35173 22.69495
0.25777 35.28160 20.32121
0.03024 4.15064 2.37831
0.11562 15.77725 9.04910
0.01880 2.56667 1.47063
0.79151 107.30746 64.89646
0.06120 8.19028 4.69400
0.11138 14.72988 8.44725
0.05784 7.45009 4.26957
0.11753 14.92235 8.55783
0.23524 29.81460 17.14642
0.12727 16.16143 9.26992
0.12205 15.44556 8.85848
0.13244 16.68948 9.57350
0.25633 31.82556 18.31255
0.16428 20.38263 11.69870
0.55483 68.59247 40.11492
0.18250 22.82379 13.10562
0.47447 59.90357 34.85729
0.20213 25.60857 14.71302
0.21743 27.69823 15.92109
0.08372 10.77506 6.17665
0.66464 86.20822 51.06730
0.79705 104.88517 63.25920
0.10476 13.87299 7.95503
0.74144 99.69052 59.79536
0.04351 5.96339 3.41727
0.71698 99.52397 59.68531
0.14971 20.94913 12.02503
0.08487 11.97535 6.86547
0.20099 27.97831 16.08314
0.09837 13.98445 8.01904
0.48072 67.58128 39.49874
0.75573 105.68256 63.79656
0.38237 53.97538 31.31389
0.07366 10.07654 5.77588
0.02013 2.76414 1.58379
0.77368 103.29820 62.19434
0.31431 41.58728 24.00289
0.74666 99.06822 59.38449
0.05335 7.01037 4.01747
0.59530 77.93954 45.87138
0.25786 33.56911 19.32516
0.22046 28.47403 16.37004
0.65527 85.31765 50.50247
0.16136 21.29240 12.22281
0.41774 55.42099 32.17499
0.02259 2.98877 1.71250
0.09331 11.97481 6.86516
0.05639 7.10449 4.07143
0.05646 7.16333 4.10516
0.38317 49.99927 28.95459
0.03477 4.68581 2.68501
0.05903 7.84464 4.49580
0.28887 37.73194 21.74915
0.77502 100.65755 60.43551
0.74502 98.80242 59.20926
0.03605 4.92588 2.82261
0.14797 20.65098 11.85326
0.58358 81.76730 48.26353
0.05829 8.20614 4.70309
0.02316 3.30935 1.89621
0.14644 21.32879 12.24378
0.03146 4.64834 2.66354
0.03819 5.72860 3.28270
0.04020 6.06851 3.47753
0.07305 11.17190 6.40436
0.09294 14.30511 8.20323
0.06161 9.71665 5.56942
0.63833 101.66944 61.10760
0.60158 100.41110 60.27217
0.04274 7.43095 4.25860
0.35393 63.38714 36.95542
0.59116 110.77709 67.26796
0.53439 103.19175 62.12312
0.51510 104.78780 63.19369
0.03817 8.37074 4.79748
0.00547 1.26945 0.72735
0.46711 115.08932 70.26183
0.36370 96.12003 57.44921
0.36466 99.26932 59.51717
0.40401 114.85822 70.10001
0.36790 109.19087 66.17981
0.36506 113.33192 69.03523
0.32701 107.28980 64.88447
0.32807 114.43717 69.80559
0.25725 96.91981 57.97241
0.26324 106.45855 64.32099
0.19030 84.33770 49.88247
0.17946 88.88680 52.77426
0.15294 86.25659 51.09801
0.14674 91.96221 54.74983
0.16136 106.58445 64.40622
0.10443 69.36707 40.58774
0.15247 99.83860 59.89325
0.12760 81.10335 47.84703
0.15737 102.76154 61.83559
0.14007 94.74213 56.55086
0.13646 92.86358 55.33218
0.19250 130.79274 81.68223
0.19357 129.13029 80.42907
0.20003 123.02253 75.92021
0.18736 105.61544 63.75126
0.25004 127.66084 79.33097
0.27544 128.14357 79.69073
0.23083 101.99015 61.32110
0.28493 121.46024 74.78924
0.30685 123.75723 76.45509
0.31746 126.07696 78.15704
0.25847 97.74804 58.51563
0.24329 89.74252 53.32223
0.35215 129.38911 80.62340
0.31184 107.45295 64.99526
0.24605 81.57596 48.14343
0.19402 64.26086 37.48364
0.20119 61.50047 35.81755
0.35372 104.40137 62.93393
0.40334 119.76877 73.57428
0.38067 103.91409 62.60688
0.41975 115.67468 70.67243
0.42413 107.64088 65.12298
0.46380 113.36757 69.06003
0.46692 113.94671 69.46329
0.54982 124.65182 77.10905
0.32184 70.06391 41.01372
0.22650 48.28888 27.94361
0.57387 115.55314 70.58709
0.51883 102.40374 61.59678
0.64908 121.76880 75.01193
0.40363 73.12212 42.89033
0.57410 102.91853 61.94046
0.30637 53.24834 30.88149
0.21090 35.47995 20.43668
0.48973 81.13962 47.86976
0.70268 111.94601 68.07426
0.30635 47.94883 27.74288
0.59761 89.11557 52.92063
0.74630 108.60757 65.78136
0.65425 92.91442 55.36507
0.69449 96.73186 57.84934
0.29312 40.07336 23.11682
0.63496 85.11789 50.37596
0.36608 48.08248 27.82177
0.88940 114.77482 70.04165
0.12562 15.89079 9.11436
0.14989 18.63425 10.69215
0.87490 106.65149 64.45163
0.90524 108.70657 65.84892
0.28155 33.30755 19.17315
0.28441 33.26899 19.15075
0.89195 103.42565 62.27963
0.97719 111.19336 67.55466
0.92709 104.74749 63.16658
0.74855 83.31597 49.23769
0.96133 105.66356 63.78373
0.65829 71.16252 41.68651
1.02860 109.56286 66.43439
0.54937 57.93020 33.67413
0.89082 92.91792 55.36733
0.03076 3.17838 1.82115
0.21987 22.39386 12.85770
0.73000 73.55194 43.15504
0.32117 31.93480 18.37595
0.15201 14.96995 8.58518
0.53166 51.85797 30.05586
0.42085 40.48011 23.35474
0.13818 13.17281 7.55293
0.39109 37.16322 21.41743
0.27140 25.90449 14.88400
0.75181 71.05744 41.62209
0.01403 1.32047 0.75658
0.10333 9.60714 5.50661
0.61959 57.59255 33.47205
0.74135 68.55279 40.09072
0.20778 19.21252 11.02496
0.45315 41.94853 24.21454
0.52960 48.42129 28.02180
0.53416 48.91302 28.31227
0.21922 20.16399 11.57278
0.17010 15.55909 8.92372
1.10195 100.90418 60.59911
0.06774 6.09824 3.49457
0.05224 4.70161 2.69408
0.03452 3.16197 1.81175
0.06299 5.68778 3.25930
0.06294 5.77227 3.30773
0.68999 62.24463 36.26592
0.72982 65.77570 38.40144
0.21165 19.48062 11.17930
0.31886 28.64800 16.47075
0.11699 10.71021 6.13944
1.10081 98.88862 59.26607
0.02379 2.13258 1.22190
0.19909 17.92642 10.28488
0.12410 10.98471 6.29694
0.20589 18.26952 10.48228
0.07306 6.52405 3.73867
1.21842 107.25262 64.85922
0.07066 6.23704 3.57414
0.83147 72.84007 42.71676
1.24637 109.14996 66.15183
1.22445 106.81060 64.55942
1.24654 108.69386 65.84025
0.10772 9.35287 5.36075
1.24398 107.44822 64.99205
0.12148 10.38638 5.95364
0.00788 0.66757 0.38249
0.10926 9.15468 5.24708
1.36832 114.01421 69.51036
1.22377 101.53058 61.01523
0.63740 52.82546 30.63021
0.79490 65.09230 37.98707
0.98106 79.84780 47.06123
1.33937 107.95316 65.33540
0.79563 63.78669 37.19687
0.23287 18.61448 10.68077
1.44680 114.62014 69.93346
1.14526 89.96538 53.46516
0.25773 20.23756 11.61515
0.05534 4.30463 2.46656
0.33530 25.94698 14.90854
0.09395 7.22027 4.13781
0.01119 0.85548 0.49016
0.08681 6.50028 3.72504
0.03888 2.89427 1.65835
0.14508 10.73846 6.15564
0.40449 29.88830 17.18913
1.17462 86.12806 51.01640
0.91768 66.99758 39.14360
0.11275 8.19084 4.69432
0.73464 53.15907 30.82843
0.12966 9.32683 5.34582
1.37502 98.48211 58.99829
0.20172 14.36180 8.23580
0.15150 10.72754 6.14938
0.23679 16.72075 9.59148
0.23813 16.66037 9.55676
0.03507 2.45003 1.40380
0.04769 3.30192 1.89195
0.18986 13.10469 7.51382
0.31212 21.41460 12.29323
0.25090 17.15795 9.84288
0.35100 23.79513 13.66598
0.26780 18.14004 10.40778
0.48526 32.65516 18.79417
0.43045 28.85587 16.59110
0.59593 39.55532 22.81394
0.93872 62.51510 36.42902
0.62335 41.61278 24.01783
0.33775 22.46453 12.89845
0.09662 6.41960 3.67879
0.27936 18.48252 10.60483
0.23172 15.27613 8.76111
0.29664 19.56710 11.22908
0.15572 10.25790 5.87992
0.11569 7.61308 4.36303
0.06996 4.60782 2.64032
0.30894 20.25057 11.62264
0.14293 9.40560 5.39100
0.75431 49.67686 28.76385
0.31987 21.09579 12.10952
0.53385 35.16536 20.25355
0.22495 14.83836 8.50957
0.57064 37.74558 21.75711
1.12009 74.34264 43.64263
0.35461 23.50762 13.50008
0.35144 23.30032 13.38049
0.41847 27.77689 15.96660
0.89553 59.60189 34.67617
0.13712 9.15000 5.24439
0.31519 20.92186 12.00932
1.13607 75.49172 44.35270
0.15525 10.32926 5.92086
0.71503 47.56855 27.51850
0.08247 5.48589 3.14358
1.00767 67.13641 39.22804
0.31718 21.09500 12.10907
0.03674 2.45301 1.40550
0.03807 2.54221 1.45662
0.20692 13.84154 7.93696
0.20307 13.57140 7.78182
1.29550 87.17617 51.68272
0.21177 14.35323 8.23087
0.09611 6.52020 3.73646
0.86007 58.75935 34.17080
0.31190 21.44412 12.31024
0.78530 54.42721 31.58283
0.54387 37.84200 21.81337
0.99464 69.61980 40.74217
0.20957 14.77867 8.47528
0.29179 20.68196 11.87111
0.07633 5.46561 3.13195
0.93411 67.67033 39.55296
0.23938 17.66344 10.13361
0.25937 19.41674 11.14253
1.18378 90.45354 53.77854
1.29693 101.23967 60.82186
0.04104 3.29056 1.88544
0.05176 4.22451 2.42064
0.77137 64.12153 37.39936
1.08962 93.50955 55.75047
0.06905 6.09965 3.49538
0.13665 12.44986 7.13786
0.29419 27.65630 15.89683
0.95168 92.95559 55.39170
0.07936 8.02049 4.59664
0.95835 101.72744 61.14619
0.80434 89.23638 52.99797
0.83431 96.71690 57.83955
0.03319 4.06410 2.32872
0.81905 105.36041 63.57927
0.81533 110.42402 67.02516
0.71994 103.67167 62.44439
0.03598 5.38309 3.08465
0.61064 94.73838 56.54843
0.61990 104.59133 63.06158
0.63691 101.67712 61.11271
0.60492 108.31399 65.58115
0.68169 110.81694 67.29539
0.74124 120.20918 73.88968
0.39853 75.78091 44.53169
0.61994 104.01220 62.67269
0.16405 33.33342 19.18819
0.12767 22.30365 12.80569
0.58235 121.36627 74.72148
0.48528 90.08524 53.54207
0.61623 114.53180 69.87171
0.52260 109.03438 66.07282
0.57912 109.63597 66.48446
0.66167 134.11038 84.21935
0.61968 117.62725 72.04973
0.46959 89.09462 52.90722
0.69733 134.84203 84.78569
0.59455 112.47710 68.44186
0.44772 82.40435 48.66380
0.20108 36.78941 21.19950
0.62862 113.49413 69.14807
0.74346 126.14523 78.20744
0.06608 11.82346 6.77830
0.05434 8.80480 5.04641
0.62404 109.52473 66.40827
0.57464 97.64891 58.45053
0.84763 127.19759 78.98659
0.59111 95.75776 57.21265
0.60452 94.72902 56.54234
0.45287 64.54499 37.65560
0.80086 119.92122 73.68338
0.64597 93.87489 55.98740
0.72646 99.39847 59.60243
0.22941 31.68089 18.22860
0.67151 90.46468 53.78570
0.59090 77.93003 45.86546
0.75246 99.48906 59.66225
0.86527 109.51878 66.40420
0.12081 15.31721 8.78472
0.07558 9.57153 5.48618
0.14384 17.72327 10.16803
0.12765 15.79084 9.05691
0.20494 25.15182 14.44919
0.12387 14.90085 8.54548
0.04915 6.02961 3.45524
0.00999 1.19284 0.68345
0.03458 4.20253 2.40805
0.05858 6.96848 3.99345
0.02338 2.73677 1.56810
0.07226 8.53289 4.89047
0.08748 10.23075 5.86435
0.13486 15.38872 8.82581
0.05536 6.25816 3.58625
0.06154 6.90027 3.95435
0.13549 15.10585 8.66326
0.06633 7.40071 4.24127
0.35344 38.78553 22.36417
0.24007 26.23964 15.07768
0.34291 36.73590 21.16831
0.15200 16.13777 9.25633
0.16191 17.06994 9.79227
0.19542 20.51345 11.77405
0.09335 9.73028 5.57724
0.13716 14.03349 8.04721
0.14634 14.82714 8.50313
0.25144 25.15752 14.45248
0.66757 66.02037 38.54992
0.05069 4.98297 2.85533
0.13755 13.51141 7.74737
0.08120 8.00909 4.59010
0.87609 86.36252 51.16529
1.05303 103.96973 62.64420
0.17505 17.22713 9.88266
0.09221 9.11257 5.22293
1.08436 108.05299 65.40335
0.13487 13.42145 7.69571
0.03387 3.39013 1.94249
0.02153 2.18310 1.25085
0.21003 21.43178 12.30313
0.03738 3.86134 2.21252
0.01736 1.78793 1.02442
0.00874 0.90610 0.51916
0.02690 2.81193 1.61117
0.09654 10.17129 5.83023
0.13640 14.57190 8.35649
0.07947 8.57039 4.91198
0.11243 12.27786 7.03912
0.05881 6.44156 3.69138
0.05878 6.55061 3.75390
0.22700 25.62899 14.72482
0.43358 50.03018 28.97288
0.07905 9.30172 5.33142
0.01973 2.36105 1.35281
0.70596 86.77223 51.42570
0.09457 11.97896 6.86755
0.07864 10.24797 5.87423
0.73817 99.26319 59.51313
0.74842 104.13340 62.75400
0.58363 84.13780 49.75619
0.73896 111.41515 67.70761
0.72752 114.62374 69.93598
0.57195 94.69017 56.51706
0.01403 2.45144 1.40461
0.41258 77.39932 45.53550
0.50393 100.50203 60.33242
0.35835 76.26592 44.83213
0.48579 111.39316 67.69244
0.41145 100.30404 60.20126
0.36656 98.02279 58.69614
0.30185 87.17252 51.68039
0.02402 7.59750 4.35409
0.33269 115.41143 70.48765
0.28675 108.85459 65.94999
0.00218 0.88923 0.50949
0.25392 113.63136 69.24358
0.22318 102.89136 61.92230
0.21083 99.89528 59.93073
0.22939 110.63479 67.17006
0.20424 98.36379 58.92041
0.21870 104.76606 63.17907
0.21481 105.51484 63.68340
0.18551 91.71312 54.58917
0.21232 104.23562 62.82262
0.21844 108.14192 65.46392
0.19550 94.85214 56.62245
0.21200 107.37877 64.94488
0.21969 113.12365 68.89047
0.15579 84.33698 49.88202
0.18018 98.85993 59.24716
0.18781 103.01698 62.00626
0.14626 82.44381 48.68861
0.17576 102.08562 61.38470
0.10373 63.12611 36.79777
0.16411 106.16389 64.12168
0.16457 111.85447 68.01098
0.13609 94.57861 56.44451
0.12958 91.84505 54.67425
0.14095 99.17034 59.45186
0.15330 109.91436 66.67529
0.16368 111.30131 67.62909
0.12906 89.24267 53.00199
0.11355 84.08381 49.72210
0.10495 80.88622 47.71096
0.12134 93.36234 55.65507
0.02660 20.30652 11.65486
0.12980 96.53725 57.72199
0.12587 89.79685 53.35706
0.17023 113.24598 68.97549
0.15200 95.46544 57.02197
0.13396 75.40262 44.29758
0.21598 105.86889 63.92235
0.17817 76.69752 45.09976
0.17824 68.35093 39.96762
0.12167 41.88016 24.17448
0.26914 84.18035 49.78306
0.39130 112.91332 68.74440
0.40893 108.45244 65.67554
0.45023 113.73660 69.31688
0.48471 113.06147 68.84727
0.52664 117.19594 71.74446
0.50680 107.09070 64.74934
0.43931 89.83003 53.37835
0.53812 104.48469 62.98990
0.47235 86.96225 51.54657
0.60438 107.07395 64.73798
0.52342 90.65428 53.90754
0.11822 19.72890 11.32224
0.03369 5.41494 3.10291
0.07102 11.24106 6.44405
0.09034 13.76406 7.89246
0.08241 12.24082 7.01786
0.51053 73.73068 43.26518
0.08098 11.38314 6.52559
0.01053 1.44352 0.82708
0.02405 3.24596 1.85988
0.09977 13.12613 7.52613
0.83719 107.93538 65.32329
0.28989 36.21616 20.86544
0.55728 67.97167 39.73649
0.05801 6.97534 3.99739
0.13835 16.30919 9.35486
0.21155 24.65192 14.16052
0.53069 59.89434 34.85175
0.70327 78.59867 46.28177
0.30641 33.83247 19.47824
0.79291 86.57528 51.30048
0.64900 70.33335 41.17859
0.92252 100.11756 60.07779
0.73136 79.46764 46.82376
0.51122 55.66226 32.31889
0.67637 73.94618 43.39805
0.62413 67.89010 39.68680
0.62095 67.64992 39.54053
0.04426 4.81836 2.76098
0.07616 8.28494 4.74828
0.07065 7.61563 4.36449
0.02259 2.41950 1.38631
0.22993 24.61014 14.13640
0.06391 6.83673 3.91792
0.02014 2.14238 1.22752
0.08799 9.34279 5.35498
0.06756 7.13504 4.08895
0.01917 2.01827 1.15640
0.82896 87.49258 51.88423
0.03543 3.72269 2.13307
0.11020 11.51138 6.59918
0.02951 3.08171 1.76576
0.88768 91.86436 54.68671
0.05799 5.99628 3.43613
0.13152 13.57479 7.78377
0.13215 13.59511 7.79544
0.14045 14.35311 8.23080
0.22745 23.17960 13.31085
0.90714 92.93523 55.37853
0.21634 22.17674 12.73252
0.31108 31.99509 18.41094
0.68145 69.75966 40.82767
0.11659 11.99041 6.87412
0.25011 25.69548 14.76323
0.12991 13.46229 7.71916
0.38304 39.72140 22.91103
0.13426 13.99163 8.02317
0.13154 13.77459 7.89851
0.01805 1.90538 1.09172
0.16554 17.55855 10.07328
0.15778 16.74282 9.60417
0.21763 23.12424 13.27891
0.12776 13.60391 7.80049
0.25866 27.82338 15.99350
0.66290 72.29789 42.38339
0.07500 8.16559 4.67984
0.00985 1.07702 0.61709
0.71138 78.11665 45.98159
0.44590 49.47782 28.64613
0.54137 60.95501 35.48926
0.66295 75.13220 44.13034
0.26903 31.03837 17.85584
0.08865 10.36584 5.94185
0.22363 27.05196 15.54728
0.12419 15.39059 8.82688
0.06145 7.76505 4.45016
0.19811 25.58476 14.69927
0.07062 9.37614 5.37410
0.22390 31.23139 17.96780
0.03423 4.97443 2.85044
0.05322 8.12478 4.65644
0.61361 97.94019 58.64186
0.53793 88.76311 52.69516
0.42727 73.46951 43.10425
0.32957 59.04287 34.34078
0.13017 24.28603 13.94929
0.56307 108.78475 65.90230
0.41872 82.47719 48.70961
0.36927 74.27631 43.60169
0.53612 110.04516 66.76501
0.48313 101.03767 60.68771
0.51322 110.58907 67.13862
0.48244 106.57353 64.39883
0.41450 93.44016 55.70550
0.41982 96.63154 57.78368
0.47656 112.21348 68.25929
0.46224 111.11817 67.50284
0.43375 107.85080 65.26574
0.44942 116.03673 70.92692
0.40354 107.83039 65.25185
0.41181 114.57853 69.90437
0.30123 86.19225 51.05716
0.34769 103.91444 62.60712
0.34663 107.11660 64.76692
0.35006 111.90452 68.04558
0.35048 114.66299 69.96343
0.34216 116.39590 71.17978
0.27680 99.16281 59.44689
0.24212 91.50360 54.45413
0.19030 75.99693 44.66547
0.25736 111.37368 67.67901
0.05895 26.92225 15.47228
0.04624 22.44736 12.88854
0.22671 115.40113 70.48042
0.19889 109.98707 66.72515
0.09614 56.31940 32.71108
0.18941 118.98131 73.01194
0.14829 99.15847 59.44403
0.15106 106.32315 64.22938
0.15294 116.28642 71.10266
0.15311 122.83406 75.78331
0.14084 120.84343 74.34506
0.08976 84.60427 50.05097
0.10334 103.05032 62.02855
0.10038 105.47500 63.65653
0.10366 113.56800 69.19948
0.09297 109.08361 66.10647
0.08185 106.38467 64.27100
0.08056 111.40785 67.70258
0.07225 104.50297 63.00219
0.04984 79.86244 47.07038
0.06622 112.75822 68.63677
0.06249 112.14655 68.21298
0.05961 113.87904 69.41612
0.03239 67.95865 39.72856
0.03392 77.47295 45.58125
0.00405 10.53385 6.03824
0.03192 88.72549 52.67111
0.02893 93.72792 55.89205
0.00664 24.97892 14.34934
0.01842 87.81858 52.09204
0.00338 19.66463 11.28524
0.00377 26.01763 14.94937
0.00374 29.90443 17.19847
0.00608 49.04453 28.38998
0.00493 40.56962 23.40711
0.02536 115.55900 70.59121
0.01407 65.55033 38.26474
0.03649 112.97610 68.78799
0.02616 80.01767 47.16740
0.03743 107.32064 64.90540
0.03351 101.03992 60.68920
0.00586 17.08883 9.80313
0.00439 11.23976 6.44330
0.04512 104.23975 62.82539
0.00421 8.78090 5.03270
0.05882 114.78439 70.04834
0.00835 14.38278 8.24785
0.07190 117.68851 72.09313
0.06415 92.87850 55.34182
0.07841 109.11387 66.12716
0.08661 111.52233 67.78157
0.09184 111.89548 68.03933
0.09842 111.89314 68.03771
0.01410 15.41673 8.84191
0.10859 113.71973 69.30513
0.10562 103.53587 62.35343
0.10537 101.64638 61.09226
0.09328 88.18300 52.32455
0.11534 107.29954 64.89108
0.06844 60.26198 35.07259
0.13752 119.46887 73.35987
0.13800 118.05879 72.35574
0.13604 115.99258 70.89587
0.12904 110.82895 67.30366
0.10812 96.63270 57.78444
0.07786 73.29256 42.99527
0.12649 124.20016 76.77851
0.11106 114.26096 69.68253
0.09601 103.59673 62.39419
0.08842 103.24520 62.15888
