0.11255 -0.00543 0.05925
0.05262 -0.00105 0.13302
0.13542 0.00634 0.09337
-0.16621 -0.00293 0.06566
0.17822 -0.00227 0.07456
0.18725 -0.01477 0.08984
0.06742 0.01549 0.20887
-0.19045 -0.00355 0.13620
-0.22030 -0.01059 0.11485
-0.22828 -0.00866 0.13486
-0.25884 -0.00299 0.07815
-0.26934 0.01593 0.07055
-0.24281 -0.00903 0.16648
-0.26684 0.01334 0.14879
-0.30354 0.00998 0.09394
0.30940 -0.02668 0.11956
-0.29672 0.04493 0.17349
-0.31593 0.05130 0.17840
0.06917 0.03037 0.37580
0.35088 -0.00799 0.20244
0.38053 -0.01232 0.19295
0.42795 -0.02600 0.13326
-0.23917 -0.00613 0.40820
0.36560 -0.01739 0.33267
0.29833 -0.02347 0.42183
0.49187 -0.00163 0.22892
-0.07282 -0.00731 0.56456
0.46990 -0.00508 0.36347
-0.55028 -0.01581 0.29056
-0.57611 -0.03462 0.29128
-0.58337 -0.03993 0.32990
0.65032 -0.00025 0.24986
-0.65173 -0.02594 0.29586
-0.43021 -0.05898 0.59758
0.54684 -0.01102 0.52339
-0.70986 -0.03531 0.30604
-0.73205 -0.03372 0.30000
-0.62653 -0.05254 0.49387
-0.48022 -0.08103 0.64149
0.67597 -0.00513 0.44570
-0.68830 -0.04802 0.42464
-0.71886 -0.02509 0.38579
-0.54371 -0.03363 0.61303
-0.05296 -0.00659 0.82091
0.01498 0.01106 0.82771
0.40059 -0.04031 0.72481
0.77493 0.00471 0.31240
0.73070 -0.03169 0.40742
-0.07278 -0.02861 0.83510
-0.50101 -0.03925 0.67442
-0.72080 0.01843 0.43389
-0.62043 -0.03409 0.56915
-0.40165 -0.05119 0.74082
-0.76455 -0.10080 0.33659
0.08579 -0.03176 0.83957
-0.55741 -0.09965 0.63604
-0.17010 -0.07871 0.82353
0.14504 -0.01487 0.82273
0.79128 0.07938 0.23794
-0.54965 -0.10166 0.60828
0.03057 -0.01388 0.83229
-0.06621 -0.07557 0.82761
-0.05946 -0.01723 0.83207
0.01038 0.00893 0.83435
0.03085 -0.02777 0.82810
-0.11422 -0.05907 0.81241
-0.24431 -0.07174 0.77114
-0.41362 -0.08776 0.68407
-0.18963 -0.10753 0.77035
-0.35085 -0.06062 0.72030
-0.34026 -0.05920 0.72665
-0.63127 -0.10890 0.49616
-0.02048 -0.01977 0.82233
-0.52634 -0.13060 0.63991
-0.55557 -0.06645 0.65064
-0.09200 -0.01182 0.87137
-0.71076 -0.10310 0.52883
-0.54840 -0.09526 0.71814
-0.49134 -0.06527 0.78084
-0.80344 -0.09586 0.48366
-0.64199 -0.04924 0.71369
-0.81547 -0.06871 0.53307
-0.78384 -0.07450 0.60088
-0.73162 0.17345 0.66119
-0.54942 -0.00558 0.85620
0.96241 -0.05866 0.35929
-0.02987 -0.01320 1.03427
-0.05015 -0.04639 1.03900
0.01838 -0.00222 1.03860
0.58486 -0.13598 0.84539
-0.26375 -0.08905 0.99666
-0.23673 -0.05598 1.00541
-0.56369 0.04691 0.86301
-0.59937 -0.07971 0.83022
-0.04399 -0.01271 1.02454
-0.77124 -0.20347 0.64129
0.02914 -0.03705 1.01431
0.85182 -0.01941 0.54523
0.19855 -0.07566 0.98340
-0.01241 0.00649 1.00743
0.13142 -0.02912 0.99389
0.12022 -0.02670 0.98807
-0.89661 -0.07751 0.40848
-0.00150 0.04314 0.98145
-0.04990 -0.02651 0.97996
-0.05012 0.03815 0.97436
-0.00644 0.01471 0.97406
-0.09462 0.04980 0.97307
0.00532 0.06797 0.97367
-0.04403 -0.02708 0.96758
0.05961 -0.00064 0.95102
-0.20152 -0.07606 0.92387
-0.05650 -0.01715 0.94949
-0.45396 -0.08198 0.83283
-0.17360 -0.03046 0.93428
-0.15915 0.01085 0.93580
-0.23844 -0.05411 0.91731
-0.84579 -0.06474 0.40790
-0.61847 -0.14374 0.69406
-0.13982 -0.01827 0.92726
-0.20629 -0.08946 0.90670
-0.22394 -0.04905 0.90200
-0.86218 -0.04261 0.35049
-0.33075 -0.05588 0.87215
0.05724 0.01555 0.92642
-0.22607 -0.01160 0.90280
-0.61707 -0.10042 0.68793
-0.73572 -0.11639 0.54486
-0.80249 -0.16479 0.43362
-0.82281 -0.13095 0.39124
-0.71664 -0.22689 0.52438
-0.36353 -0.08887 0.82763
-0.24661 -0.04595 0.87545
-0.08756 0.04227 0.91181
-0.50627 -0.04194 0.76303
-0.62143 -0.06238 0.65951
-0.17804 -0.02567 0.88370
-0.49669 -0.05826 0.75112
0.78833 -0.03365 0.44389
-0.27550 -0.04347 0.86235
-0.30931 -0.01774 0.84808
0.82496 0.07388 0.36857
-0.16141 -0.02068 0.89463
0.68404 -0.02832 0.58896
-0.13137 -0.04915 0.88874
-0.15804 -0.04328 0.88167
-0.19773 -0.02171 0.87027
-0.51521 -0.14030 0.71822
-0.20070 -0.03724 0.87476
-0.32466 0.02408 0.84106
-0.09812 -0.04542 0.89632
-0.22856 -0.03511 0.86329
-0.20415 -0.01784 0.87139
-0.21651 -0.03540 0.86814
-0.23202 0.01802 0.86865
-0.55929 -0.00029 0.70201
0.81626 0.04784 0.36744
-0.14153 -0.01228 0.88451
-0.63235 -0.04009 0.63304
-0.12885 0.00844 0.88722
-0.11075 -0.04775 0.88819
-0.61695 -0.05550 0.64666
0.02356 0.00183 0.89226
-0.06282 -0.01164 0.89647
-0.49960 -0.07223 0.74059
-0.11370 0.00808 0.88548
-0.11427 -0.06193 0.88257
-0.14969 -0.05123 0.87346
-0.11674 -0.02688 0.88237
0.06900 -0.03452 0.88635
-0.13877 -0.02282 0.87747
-0.49055 -0.04699 0.74552
-0.77784 -0.12435 0.40202
-0.44563 -0.13833 0.73885
-0.23754 -0.10447 0.83226
-0.66084 -0.17619 0.54303
-0.14412 -0.05487 0.85942
-0.31418 -0.09771 0.80505
-0.14139 -0.07164 0.84773
-0.74676 -0.10573 0.40990
-0.10177 -0.04056 0.84558
-0.23413 -0.11041 0.80960
-0.06172 -0.01188 0.84306
-0.23664 -0.03795 0.80191
-0.21488 -0.04544 0.81280
-0.13798 0.01004 0.82146
-0.21189 -0.00300 0.81043
-0.21498 -0.01353 0.79523
-0.28093 -0.03794 0.76453
-0.17198 -0.01588 0.79225
-0.19793 -0.03165 0.78324
-0.13897 -0.01342 0.79871
-0.16760 -0.03278 0.78700
-0.16285 -0.03166 0.77884
-0.00414 0.03228 0.79341
-0.73997 -0.13340 0.25272
-0.70255 -0.10276 0.32761
-0.15996 -0.04447 0.75680
-0.12894 0.00351 0.75361
-0.20628 -0.03097 0.73236
-0.10354 0.01939 0.76114
-0.06514 0.04931 0.76715
-0.18200 -0.00239 0.74110
-0.01144 -0.03369 0.74907
-0.05598 -0.01564 0.74241
-0.09955 -0.01474 0.74269
-0.01996 0.02044 0.75902
-0.02989 0.00212 0.75685
-0.68607 -0.03249 0.31648
-0.02895 0.00864 0.74921
-0.06133 0.00371 0.74456
-0.12767 -0.00354 0.74290
-0.14899 0.01401 0.73357
-0.55506 0.04758 0.49942
-0.23412 -0.02517 0.70859
-0.05076 0.00863 0.73398
0.06852 -0.05852 0.72709
-0.08873 -0.03255 0.72225
-0.05314 -0.00831 0.72019
-0.15161 -0.01958 0.69973
-0.13983 -0.01219 0.70721
-0.18634 -0.02116 0.69358
-0.66853 -0.00407 0.24032
-0.09221 0.01408 0.69514
-0.23409 -0.02763 0.65638
-0.49770 -0.05542 0.47947
0.23444 0.04745 0.64494
0.63129 0.08467 0.25496
-0.62159 -0.02906 0.27676
0.03655 -0.00908 0.67397
-0.07418 -0.02776 0.66318
0.57655 0.01557 0.31460
0.59866 -0.01068 0.26736
0.46745 -0.00237 0.43553
0.60484 -0.00920 0.21375
-0.55533 -0.03597 0.30763
0.56788 0.03121 0.28527
0.05169 -0.02581 0.62820
-0.22130 -0.06723 0.57719
-0.04711 0.01221 0.61246
-0.54260 -0.13821 0.23528
0.10577 -0.01479 0.60092
0.53966 0.02310 0.29517
-0.58196 -0.02814 0.23620
-0.58066 -0.04784 0.24344
-0.03243 -0.04649 0.62946
-0.22170 -0.03348 0.58041
-0.04363 -0.02325 0.61742
-0.57673 0.00414 0.22859
-0.57438 -0.00795 0.24543
-0.58570 -0.00714 0.22687
0.45863 0.02799 0.44495
-0.53800 -0.04369 0.34879
-0.24000 0.01543 0.59977
-0.08036 -0.01336 0.64313
-0.01410 -0.02397 0.64600
0.10111 -0.00301 0.63895
-0.09412 -0.04415 0.64044
-0.05714 -0.03555 0.65231
0.54310 -0.02186 0.38671
0.56256 -0.01611 0.37514
0.60027 0.00209 0.30705
0.59946 -0.01602 0.30850
0.63150 0.00837 0.27101
0.02747 0.00809 0.68894
-0.03571 -0.00459 0.70398
-0.66320 -0.09597 0.24840
0.30261 -0.10232 0.63361
0.02574 -0.01018 0.71925
0.01810 -0.00879 0.73053
-0.00210 -0.00975 0.74573
0.06926 -0.01936 0.74428
-0.11842 -0.06169 0.73907
-0.05292 -0.02052 0.74879
-0.01521 -0.01749 0.75276
0.05278 -0.01497 0.74977
0.12148 -0.03375 0.73671
0.00033 -0.03214 0.74703
0.02496 -0.02286 0.74347
-0.08669 -0.04761 0.73885
-0.64380 -0.02241 0.38452
-0.06888 -0.02028 0.74446
-0.00557 -0.03882 0.74691
-0.16496 -0.06103 0.72709
0.21779 -0.02018 0.71088
0.03619 -0.03419 0.74354
0.07841 -0.03657 0.73333
0.19821 -0.05276 0.71431
0.21471 -0.04173 0.71054
0.17080 -0.02369 0.72778
0.03714 0.01412 0.74645
-0.04931 0.04281 0.73945
0.01916 0.01127 0.74389
0.04765 0.00549 0.74229
0.01742 -0.01388 0.75207
-0.04981 -0.00007 0.74741
-0.64681 -0.03601 0.38754
0.71835 -0.00789 0.24643
-0.09749 -0.01654 0.75467
0.64628 -0.00421 0.40608
0.12115 -0.04307 0.75566
-0.04460 0.00934 0.77356
-0.00507 0.00756 0.77614
0.09679 -0.02087 0.77779
0.11121 -0.01023 0.77422
0.39230 0.00805 0.68157
-0.65436 -0.04496 0.43644
0.67702 -0.02575 0.40459
-0.69280 -0.03481 0.38203
0.71239 -0.03085 0.35634
-0.63314 -0.07374 0.47403
-0.68372 -0.01279 0.41568
-0.16197 -0.07375 0.78162
0.05811 -0.03137 0.79699
-0.20631 -0.00987 0.76711
-0.03843 0.00099 0.78812
-0.16591 -0.04339 0.77181
0.05911 -0.01683 0.79308
-0.02238 0.01121 0.79066
-0.15596 -0.07145 0.76091
-0.09845 -0.01850 0.77350
0.69063 0.01152 0.37203
0.05159 0.01084 0.79285
-0.14559 -0.00051 0.78709
-0.08503 0.02509 0.79888
-0.08053 0.01712 0.80034
-0.06278 -0.02165 0.79797
-0.16260 -0.11504 0.76474
-0.13395 -0.06697 0.77677
-0.22237 -0.09955 0.75438
-0.01511 -0.01651 0.79294
-0.29419 -0.08650 0.73018
-0.20331 -0.02896 0.77136
-0.07858 0.01830 0.80115
0.00236 0.00237 0.80685
-0.00837 0.01939 0.81064
-0.74398 -0.04781 0.32196
-0.18782 -0.08494 0.79111
-0.01486 -0.02696 0.81156
-0.07058 -0.04276 0.79453
-0.02632 -0.02640 0.79729
-0.14984 -0.04716 0.78034
-0.68126 0.02759 0.44002
-0.06412 -0.00063 0.81416
-0.01820 -0.05828 0.80954
-0.13103 -0.00184 0.80068
-0.04380 0.01786 0.81635
-0.03714 0.03075 0.81997
-0.04502 0.02281 0.81571
-0.06082 -0.00663 0.81418
0.05148 -0.05204 0.81083
-0.06019 -0.02196 0.81112
-0.15337 -0.02194 0.80194
-0.40707 -0.07647 0.70515
-0.18460 -0.05523 0.79661
-0.67249 -0.02216 0.46399
-0.52307 -0.07191 0.62064
-0.08400 0.00519 0.80983
-0.71403 -0.03049 0.38364
-0.63056 -0.04863 0.51711
-0.58650 -0.06423 0.56675
-0.22612 -0.06906 0.78471
-0.16846 -0.09079 0.79207
-0.73569 -0.02145 0.36569
-0.01267 -0.00524 0.82516
-0.12907 -0.07848 0.80959
-0.07628 -0.01889 0.81751
0.73603 -0.03154 0.35136
0.04465 -0.05434 0.81261
-0.08601 -0.02502 0.81520
-0.13650 -0.06561 0.80431
-0.16971 -0.06371 0.79446
-0.56738 -0.06168 0.57758
-0.03861 -0.01301 0.81148
-0.36607 -0.07924 0.72964
-0.03057 0.02863 0.81524
-0.02611 0.01499 0.81571
-0.00507 -0.01038 0.81237
0.02058 -0.02572 0.81079
-0.18703 -0.09141 0.79196
-0.14594 -0.04984 0.80370
-0.13500 -0.03056 0.81303
0.03398 0.03015 0.82529
-0.03974 -0.00808 0.82818
-0.10357 -0.04332 0.81586
-0.54795 -0.11204 0.59968
-0.14324 -0.03054 0.80246
-0.22609 -0.06548 0.78945
-0.33501 -0.09533 0.75712
-0.72301 -0.08150 0.42565
-0.19039 -0.06913 0.81671
0.62885 -0.00471 0.57058
-0.06206 0.00186 0.85239
-0.31348 -0.11873 0.78994
-0.62807 -0.19181 0.55679
-0.68329 -0.08012 0.52444
-0.71639 -0.01211 0.49237
-0.16155 -0.04168 0.84824
-0.06629 -0.00533 0.86838
-0.73336 -0.07435 0.46329
-0.29856 -0.09985 0.82043
-0.70727 -0.03226 0.53383
-0.81104 -0.10109 0.35783
-0.18546 -0.04835 0.88110
-0.14045 -0.00805 0.89841
0.05838 -0.02196 0.90438
-0.72189 -0.10315 0.53195
-0.03881 -0.01823 0.89509
-0.22428 -0.05361 0.85949
-0.08509 0.00909 0.88859
-0.19820 -0.07483 0.87049
-0.19244 -0.04633 0.88377
-0.27978 -0.08739 0.87059
-0.39408 -0.10986 0.82925
-0.21560 -0.12112 0.89236
-0.78910 -0.07942 0.47700
-0.16078 -0.04558 0.97038
-0.23982 -0.06118 0.97753
-0.68482 -0.04873 0.74116
-0.54256 -0.15594 0.80922
-0.62904 -0.12830 0.74132
-0.17613 -0.04010 0.96501
-0.16124 -0.02966 0.96579
-0.36141 -0.09466 0.91219
-0.08458 -0.00387 0.98101
-0.16463 -0.02615 0.96779
-0.46755 -0.14579 0.83035
-0.84078 -0.14349 0.47449
0.18560 -0.06003 0.94902
-0.41597 -0.12345 0.87169
-0.10967 -0.05021 0.95736
-0.00383 -0.03350 0.96857
0.13001 -0.02519 0.95371
0.10718 0.01975 0.95587
0.00444 -0.03202 0.96031
0.09504 -0.06709 0.94407
-0.14036 0.01761 0.94705
-0.10348 -0.02692 0.94540
-0.78412 -0.12391 0.52520
-0.76353 -0.13263 0.54123
-0.49779 -0.06498 0.80427
0.88108 0.05753 0.35270
-0.41411 -0.10141 0.84882
-0.35889 -0.08833 0.87309
0.88117 0.01091 0.35105
0.14629 -0.03293 0.92919
-0.01365 -0.01462 0.94075
-0.70105 -0.11972 0.60578
-0.02585 0.02020 0.93943
-0.01380 0.00110 0.94554
-0.05403 0.04972 0.94749
0.12596 -0.00132 0.94608
-0.78066 -0.02708 0.54366
0.01635 -0.03000 0.95040
-0.73391 -0.10318 0.59822
0.82365 -0.05373 0.48704
0.18244 -0.02185 0.94557
-0.17994 -0.06229 0.94666
-0.10324 -0.02624 0.96363
0.01689 0.01725 0.97828
-0.66456 -0.20699 0.69014
0.12631 -0.01153 0.96227
-0.02388 -0.00838 0.96904
-0.04803 -0.01592 0.97235
0.02526 -0.09550 0.97693
0.34480 -0.00758 0.92643
0.25701 -0.01527 0.95540
-0.01757 -0.02126 0.99293
-0.02912 -0.01118 0.99492
-0.01105 -0.00094 1.00027
0.90881 0.07925 0.40741
0.06671 -0.01832 1.00119
-0.01214 0.00931 1.00563
-0.80755 -0.13019 0.59177
-0.65732 -0.13439 0.75309
-0.01880 -0.02438 1.01642
-0.88120 -0.12007 0.48596
-0.21029 -0.06813 0.98953
-0.70749 -0.15385 0.71187
-0.06514 -0.05085 1.00636
-0.02361 -0.03602 1.00891
-0.06773 -0.02402 1.00886
0.08835 0.01563 1.01309
-0.51709 -0.12028 0.87030
0.04175 -0.04893 1.01845
0.05162 -0.08533 1.00731
-0.69168 -0.09554 0.72470
-0.03531 -0.04599 1.00531
-0.15681 -0.07246 0.99394
0.22984 -0.05313 0.99034
0.42446 -0.09653 0.91822
-0.08926 -0.04390 1.01155
0.01012 0.01459 1.01727
0.01898 -0.04313 1.01069
-0.04437 -0.04155 1.01199
0.88191 -0.01690 0.49040
0.02157 -0.00802 1.01555
0.03507 -0.01114 1.01622
-0.32081 -0.07273 0.95758
-0.49177 -0.16464 0.87137
-0.72447 -0.10471 0.69844
-0.00881 -0.02714 1.01365
0.03408 -0.01624 1.01364
-0.10145 0.00795 1.00692
-0.22404 0.01349 0.98447
-0.09508 0.00039 1.00252
-0.14145 -0.06522 0.98986
-0.08111 -0.04846 0.99514
-0.04305 -0.04071 0.99388
-0.08672 -0.05098 0.98694
0.01947 0.01485 0.98224
-0.05598 -0.03539 0.97027
0.03334 -0.01005 0.96121
-0.00423 0.01490 0.95020
0.20485 0.03728 0.91396
0.01775 0.01003 0.92462
0.01887 0.01529 0.91241
-0.06654 -0.00495 0.89206
0.06294 -0.00563 0.87576
-0.22739 -0.09199 0.82314
-0.02842 -0.00296 0.84100
0.08222 0.00355 0.81967
-0.02878 -0.00702 0.80600
-0.44124 -0.07645 0.65627
0.08405 -0.00111 0.77930
-0.64246 -0.14982 0.39989
-0.02745 -0.05331 0.75680
-0.04579 -0.05381 0.74275
0.02983 -0.00318 0.73659
-0.03975 0.01317 0.72259
-0.49524 -0.05983 0.50309
0.63348 0.02460 0.29947
-0.45817 -0.07595 0.52339
-0.34534 -0.12446 0.59896
-0.63738 -0.05316 0.31841
-0.42172 -0.08456 0.57723
-0.25533 -0.09895 0.67117
-0.23480 -0.07001 0.68829
-0.01669 -0.02171 0.72800
-0.09922 -0.04642 0.72457
-0.00308 -0.01611 0.73225
-0.65056 -0.12328 0.32502
-0.04568 -0.02013 0.74561
0.10858 0.04400 0.74702
-0.04669 0.00035 0.77494
-0.11634 -0.03838 0.77802
0.22819 0.01457 0.75517
-0.12342 -0.04761 0.77630
-0.11040 -0.07592 0.77875
-0.12616 -0.05886 0.78125
-0.24295 -0.05674 0.76581
-0.15418 -0.04431 0.78987
-0.50129 -0.11795 0.62377
-0.16785 -0.06350 0.77920
-0.44353 -0.08271 0.65101
-0.18658 -0.08239 0.76251
-0.20390 -0.08281 0.75352
-0.07773 0.00486 0.77309
-0.59449 -0.04855 0.48849
-0.67221 -0.05475 0.35017
-0.09538 -0.04515 0.74772
-0.63957 -0.00960 0.37948
-0.03254 -0.01428 0.72869
0.62543 -0.02336 0.35676
-0.12751 -0.09622 0.69654
-0.08606 -0.03572 0.70259
-0.19003 -0.02322 0.69240
-0.07772 -0.00493 0.69906
-0.41040 -0.15490 0.55996
0.64631 0.09258 0.29167
-0.32259 -0.13353 0.61641
0.09639 -0.05998 0.72214
0.00999 -0.01167 0.72822
0.67059 0.05686 0.32869
-0.29138 -0.04671 0.69579
-0.63307 -0.09675 0.39736
0.06185 -0.00634 0.75852
-0.53860 -0.11449 0.52934
-0.25039 -0.07823 0.72198
-0.20911 -0.07276 0.74191
-0.58997 -0.07754 0.48559
-0.16828 -0.09304 0.73304
-0.39682 -0.14215 0.62489
-0.00700 0.01129 0.75578
-0.10330 -0.03588 0.77153
-0.08033 -0.02051 0.78937
-0.06393 0.00595 0.78551
-0.38027 -0.10185 0.65751
-0.04954 -0.01712 0.74014
0.02851 0.03034 0.75137
-0.28905 -0.06309 0.70611
-0.63612 -0.24237 0.35978
-0.65480 -0.03840 0.37195
-0.03854 -0.01802 0.73056
-0.14164 -0.07056 0.69884
-0.53657 -0.02034 0.47017
-0.06673 -0.01540 0.70700
-0.01576 0.00555 0.69967
-0.15336 -0.04149 0.66797
-0.01703 -0.04727 0.67495
0.02128 -0.02065 0.66602
0.02629 -0.00720 0.66190
-0.07731 -0.03750 0.64824
-0.08564 -0.04593 0.64238
-0.04962 -0.01869 0.63185
-0.54204 -0.02982 0.31543
-0.51582 -0.03164 0.30311
-0.03250 -0.01827 0.57390
-0.33102 -0.03422 0.44836
-0.48936 -0.00343 0.21283
-0.45728 -0.00909 0.24289
-0.43427 0.00590 0.23024
-0.02392 -0.03309 0.45419
0.01725 -0.02577 0.42944
-0.37666 -0.03300 0.14753
-0.31659 -0.00860 0.20705
-0.31547 -0.02701 0.18624
-0.32813 -0.00293 0.12669
-0.30437 -0.00916 0.14423
-0.29470 0.00922 0.12972
-0.26933 -0.01069 0.14228
-0.26971 -0.00346 0.09712
-0.23126 -0.00813 0.13002
-0.22721 -0.02138 0.09519
-0.17702 0.01247 0.13937
-0.16107 -0.01524 0.12078
-0.13663 -0.00367 0.11295
-0.12968 0.00037 0.09297
-0.13980 -0.01130 0.05697
-0.10889 0.00730 0.10369
-0.13778 0.01057 0.06502
0.11574 0.00384 0.10650
0.13257 0.00722 0.07632
-0.12959 -0.00138 0.07115
-0.13145 -0.00531 0.06547
0.14030 0.00313 0.04438
0.14216 0.01320 0.04568
0.15239 0.00150 0.05669
-0.16651 0.00425 0.06103
0.18584 0.00442 0.06170
0.20171 0.00811 0.07380
-0.21214 -0.00187 0.07883
0.22079 0.00812 0.07884
0.23753 0.01316 0.06988
0.24195 0.01423 0.06825
0.21187 0.01592 0.15741
-0.23067 0.00327 0.14240
0.26226 0.00172 0.07273
0.24656 0.00362 0.15303
-0.24713 -0.00432 0.17288
-0.21150 -0.00869 0.21530
-0.22889 -0.00907 0.23356
-0.32049 -0.02478 0.10706
0.30916 0.00067 0.13354
-0.34014 -0.01395 0.13532
0.32883 0.01562 0.15265
0.33760 0.00172 0.20317
0.36354 0.00671 0.18753
0.36617 0.00811 0.18374
0.41438 0.00715 0.15098
-0.35466 -0.01084 0.29173
-0.28418 0.01202 0.37296
0.44120 -0.03884 0.22466
-0.47346 -0.00775 0.18019
0.49675 -0.00241 0.19331
-0.41557 0.01234 0.36311
-0.50856 -0.01987 0.22832
-0.30442 -0.03987 0.48661
-0.22400 -0.03520 0.54948
-0.45974 -0.05890 0.38660
-0.59266 0.00828 0.20661
-0.32206 0.00578 0.55176
0.52449 0.03688 0.41624
0.62113 0.05146 0.28936
0.57497 0.03573 0.40490
-0.60784 -0.07858 0.37391
-0.27629 -0.10814 0.66859
0.56826 -0.01256 0.48311
-0.33439 -0.14748 0.66792
0.72418 0.02653 0.27449
-0.12391 -0.05093 0.77909
-0.15300 -0.04115 0.78861
0.73736 -0.01265 0.35930
0.75554 0.01008 0.35001
-0.26855 -0.10966 0.79396
-0.26255 -0.12487 0.80392
-0.76354 -0.06620 0.39544
-0.81486 -0.00891 0.32901
-0.79293 -0.06095 0.38846
-0.68485 -0.03513 0.58048
-0.82010 -0.02690 0.39300
0.60539 -0.01529 0.69928
-0.86451 0.01129 0.36589
0.51754 -0.02756 0.79417
-0.79151 0.00688 0.54092
-0.03399 -0.01214 0.96706
-0.21954 -0.05435 0.95544
0.67364 -0.01495 0.72873
-0.31415 -0.08742 0.95137
-0.16000 -0.01697 1.00262
-0.50141 -0.14948 0.88166
-0.40233 -0.13632 0.94890
-0.13724 -0.06060 1.03823
-0.38297 -0.09938 0.97514
-0.28473 -0.08977 1.00425
-0.71402 -0.08245 0.77640
-0.01889 -0.00253 1.06270
0.08666 -0.03148 1.07160
0.56958 -0.12293 0.90436
-0.69365 -0.13166 0.81915
-0.21069 -0.06004 1.05905
-0.43806 -0.11403 0.98084
-0.48775 -0.18062 0.96216
-0.51456 -0.09637 0.95841
-0.20885 -0.07968 1.06396
-0.15462 -0.08333 1.07907
0.94911 -0.05637 0.53724
0.03763 0.01332 1.11005
-0.03902 -0.06401 1.10859
-0.02801 -0.05741 1.08997
0.06325 -0.03517 1.10506
0.05886 -0.05438 1.08743
0.64792 -0.14628 0.88747
-0.67319 -0.05729 0.88014
-0.19493 -0.05345 1.06749
-0.29390 -0.08226 1.07037
-0.08770 -0.07108 1.08649
0.96485 -0.04939 0.55299
0.04000 -0.02486 1.11470
-0.17571 -0.06674 1.09455
-0.08733 -0.09531 1.12236
-0.17870 -0.09919 1.10825
-0.05672 -0.00245 1.11844
1.03284 -0.04714 0.47072
-0.06008 -0.02058 1.13118
-0.76849 -0.04974 0.84260
1.03978 -0.08261 0.46469
-1.04072 0.00261 0.48070
-1.05250 0.00161 0.45548
-0.11675 -0.04547 1.14485
-1.05260 -0.05203 0.47928
0.11194 0.00148 1.16422
-0.01494 -0.00436 1.18058
0.09023 0.02619 1.18980
1.11944 0.00726 0.43256
-1.05783 -0.11075 0.56703
0.59680 -0.07868 1.04573
-0.75595 -0.11743 0.95186
-0.90877 -0.01885 0.82667
1.12074 -0.00082 0.53223
-0.75516 -0.15328 0.98086
-0.22668 -0.11689 1.22476
-1.18916 0.05509 0.41972
-1.03226 0.00284 0.74495
-0.25924 -0.07479 1.24462
-0.06612 -0.01891 1.28369
-0.34010 -0.07463 1.24446
-0.10430 -0.02508 1.29681
-0.02220 -0.00816 1.30825
-0.08949 -0.01616 1.33243
-0.04595 -0.00729 1.34263
-0.14374 -0.04109 1.34273
-0.40606 -0.04260 1.29027
-1.06191 0.04673 0.85448
-0.84675 -0.20111 1.05770
-0.11746 -0.02472 1.37129
-0.70278 -0.14315 1.18129
0.01772 -0.14767 1.38218
-1.19761 -0.06095 0.71515
-0.20640 -0.00515 1.38928
-0.15312 0.00549 1.40389
-0.24007 -0.04904 1.39478
-0.24036 -0.03921 1.40842
-0.01296 0.01826 1.43123
-0.04747 0.00570 1.44353
-0.18933 -0.07255 1.43457
-0.29298 -0.13399 1.42148
-0.23117 -0.12308 1.43866
-0.35134 -0.05089 1.43173
-0.26606 -0.08126 1.44987
-0.48120 -0.08773 1.40320
-0.43308 -0.06313 1.42609
-0.56961 -0.17778 1.38338
-0.88267 -0.18567 1.20050
-0.60302 -0.15805 1.36210
-0.33971 -0.08817 1.46192
-0.09478 -0.07333 1.50024
0.25394 0.01963 1.48988
-0.25309 -0.02545 1.49542
-0.30211 -0.13253 1.47968
-0.16722 -0.07586 1.50687
-0.11871 0.02352 1.51482
-0.07585 0.00318 1.51632
-0.32200 -0.01924 1.49111
-0.16031 -0.03151 1.51085
-0.72371 -0.19158 1.32106
-0.32937 -0.08395 1.47770
-0.53381 -0.07743 1.41904
-0.20273 -0.14473 1.49537
-0.56904 -0.09992 1.39707
-1.04067 -0.15071 1.07903
-0.35645 -0.04636 1.46506
-0.34899 -0.04902 1.46654
-0.39561 -0.11758 1.44891
-0.84598 -0.10991 1.23685
-0.13097 0.01141 1.49283
-0.31663 -0.06920 1.47123
-1.05026 -0.13618 1.06917
-0.16339 -0.02689 1.49386
-0.69796 -0.05351 1.33021
-0.08987 -0.01669 1.50057
-0.94068 -0.13210 1.16208
-0.31785 -0.04428 1.46893
-0.01268 0.01229 1.49745
-0.03660 -0.03623 1.49659
-0.20417 0.00044 1.48095
0.20553 -0.04218 1.48152
1.16583 -0.02742 0.92113
0.20279 -0.08567 1.45889
-0.07259 0.04069 1.47173
-0.81840 -0.13119 1.20644
-0.31014 -0.02965 1.42071
-0.74666 -0.07945 1.23207
-0.52808 -0.04542 1.33590
-0.92484 -0.11615 1.08272
-0.20333 -0.05451 1.40234
-0.28720 -0.04117 1.38069
-0.07242 -0.02697 1.39434
-0.87471 -0.09581 1.06357
-0.23510 -0.04848 1.33378
-0.22573 -0.15385 1.30759
-1.04496 -0.15839 0.77183
-1.11133 -0.11665 0.62645
-0.03141 -0.02957 1.24639
-0.04514 -0.01483 1.22438
-0.72411 -0.08775 0.95663
0.96460 0.01744 0.65350
-0.06696 -0.01645 1.12986
-0.13588 -0.03033 1.08873
-0.28638 -0.03638 1.02382
-0.83562 -0.07951 0.58617
-0.07878 -0.00589 0.98625
-0.82399 -0.02998 0.45567
-0.71231 -0.11002 0.54126
-0.72537 -0.07486 0.46084
-0.01751 -0.00473 0.81645
-0.69279 -0.04350 0.34994
0.68261 -0.04570 0.27773
-0.60494 -0.02169 0.34033
0.00427 -0.05119 0.66650
-0.51083 -0.10476 0.37884
0.54983 -0.01950 0.22042
0.56548 -0.00777 0.26935
0.53061 0.00848 0.17405
-0.55310 -0.01514 0.26882
-0.57798 -0.08939 0.19537
-0.30579 -0.02176 0.42730
0.53798 -0.02075 0.25572
-0.05142 0.00640 0.48941
-0.11104 -0.00049 0.56155
-0.40973 -0.02583 0.24837
0.44778 -0.05598 0.29418
-0.49218 -0.02162 0.21630
-0.36293 -0.02680 0.31191
0.49143 0.00458 0.19363
-0.45568 0.00995 0.18888
-0.49076 -0.00843 0.19134
-0.40155 0.02898 0.34017
-0.47529 -0.00876 0.20361
0.49734 -0.01473 0.17847
0.49195 -0.01085 0.23037
-0.18436 -0.00493 0.51453
-0.51509 -0.03677 0.20027
-0.52386 -0.04275 0.26664
0.08018 -0.00894 0.55300
0.11656 0.01325 0.60594
0.52673 0.00929 0.21703
-0.48336 -0.03963 0.33333
-0.61188 0.00433 0.26395
0.53674 0.00041 0.30489
0.55367 -0.00996 0.31717
-0.33986 -0.05420 0.61143
-0.63009 0.00185 0.22129
0.58981 -0.00580 0.35440
0.65506 -0.00253 0.32412
-0.18901 -0.05333 0.69698
-0.58588 -0.03136 0.45470
-0.52627 -0.01739 0.54559
-0.64282 -0.00001 0.39851
-0.71199 -0.00481 0.34242
-0.10411 -0.04855 0.78033
-0.06034 -0.04723 0.78587
-0.10730 -0.05440 0.80260
-0.10731 -0.03844 0.80027
-0.17657 -0.07831 0.79157
-0.09672 -0.04141 0.82462
-0.00890 -0.03798 0.81423
0.03758 0.00690 0.83691
0.05987 -0.00509 0.82062
-0.03329 -0.02808 0.83955
0.01220 0.01333 0.85419
-0.05480 -0.00263 0.84502
-0.08389 -0.00626 0.85088
0.12921 0.01730 0.86662
0.02723 0.02375 0.88381
-0.08497 0.00004 0.88782
-0.16076 -0.02929 0.88195
-0.04353 -0.07909 0.89173
0.33029 -0.05280 0.84766
0.20380 -0.10575 0.88563
-0.34715 0.03181 0.86592
-0.16307 0.00696 0.92764
-0.17873 -0.05566 0.92984
-0.21181 -0.06286 0.92666
-0.09921 -0.03883 0.95340
-0.14796 -0.01156 0.96602
-0.15384 0.00917 0.97490
-0.20469 0.13591 0.96881
0.62707 -0.01196 0.79315
-0.03780 0.02360 1.01628
-0.13974 -0.02925 1.00794
-0.07877 -0.05740 1.00915
-0.78914 -0.10152 0.62931
0.89584 0.01875 0.47217
-0.18834 -0.03296 0.99797
-0.09781 -0.05268 1.00575
0.90744 -0.04431 0.42625
-0.14404 0.00362 0.99450
-0.03510 -0.00340 0.99832
-0.01310 -0.00141 0.98624
-0.20858 -0.07435 0.95465
-0.04693 -0.01404 0.96682
-0.01186 -0.00170 0.97082
-0.01070 -0.02123 0.96470
-0.03342 -0.02584 0.95588
-0.10225 -0.03205 0.94307
-0.13905 -0.06562 0.92331
-0.09388 -0.02570 0.92212
-0.12540 -0.01665 0.90694
-0.07413 0.01098 0.90986
-0.07141 0.00589 0.89453
-0.23707 -0.03766 0.85256
-0.42358 -0.11087 0.74790
-0.09143 -0.03205 0.84435
-0.03547 0.00010 0.83475
0.62499 -0.01813 0.52055
0.04988 -0.05908 0.78564
-0.09667 -0.02585 0.76082
0.62860 0.08522 0.38809
0.63346 0.03614 0.33758
-0.53285 -0.09494 0.43384
-0.61940 -0.05521 0.23064
0.58941 0.04194 0.23171
0.49275 0.01277 0.34912
-0.02621 -0.01778 0.57130
-0.37670 -0.08849 0.36662
0.43171 0.00250 0.25501
-0.33180 -0.05931 0.32736
0.39808 0.00125 0.17808
0.35227 -0.00059 0.21017
0.32257 -0.00643 0.18907
-0.26365 -0.04343 0.22024
0.02305 0.01273 0.31505
0.27016 0.00157 0.10054
0.24177 0.00332 0.10453
0.00178 -0.00491 0.24518
-0.20993 -0.00582 0.07634
-0.19165 -0.00852 0.10123
0.18183 0.00628 0.10696
0.19073 -0.00149 0.08131
-0.17786 0.00996 0.10668
-0.18678 -0.01309 0.09230
-0.18420 0.00268 0.08665
-0.16568 -0.00307 0.11600
-0.18306 -0.00473 0.08922
0.18168 0.00418 0.08819
0.17085 0.01277 0.11459
0.17912 0.00811 0.08265
-0.18075 -0.00910 0.07045
0.14032 0.00869 0.11981
0.15313 0.01182 0.09812
0.15840 0.00845 0.08987
0.13242 0.00651 0.11789
-0.15040 -0.00599 0.08358
0.09865 0.00690 0.13124
0.13677 0.00290 0.07199
0.13359 0.00269 0.06160
-0.12163 -0.00403 0.07679
0.11554 0.00710 0.08065
0.12352 0.00750 0.06991
0.12604 0.00170 0.05968
0.13306 0.00310 0.06255
-0.12077 0.00001 0.07956
-0.10741 0.00452 0.08173
-0.09908 -0.00097 0.08377
0.10411 0.00920 0.07726
-0.02934 0.00336 0.12764
0.11053 0.00333 0.07650
0.11017 0.00656 0.08642
-0.14132 -0.00478 0.05102
-0.13513 -0.00336 0.08415
-0.12683 -0.00007 0.12441
-0.18520 -0.00900 0.08508
-0.16961 -0.01862 0.15763
-0.17454 -0.01683 0.19301
0.11295 0.00128 0.26765
0.24132 0.01107 0.20944
-0.32469 -0.02818 0.11781
0.33736 -0.00728 0.16825
0.36632 0.01032 0.14967
-0.40130 -0.00857 0.15060
0.42500 -0.00238 0.14592
0.42183 -0.02447 0.21311
-0.39795 -0.04010 0.28141
-0.46335 -0.01447 0.22438
-0.42921 0.01391 0.33258
-0.50913 0.03916 0.24053
-0.47118 -0.00174 0.33369
-0.13385 0.02500 0.58355
-0.03563 0.03309 0.62031
-0.08283 -0.00307 0.62633
-0.09738 -0.02042 0.64879
-0.08926 -0.02050 0.66700
-0.47116 -0.07668 0.50158
-0.08533 -0.01045 0.70617
0.00252 -0.00659 0.72932
-0.04190 -0.00513 0.73957
-0.10458 -0.05613 0.75078
-0.70615 -0.03867 0.31856
-0.28565 -0.02369 0.74737
-0.53078 -0.08021 0.61970
-0.06976 -0.04284 0.82759
-0.15277 -0.03661 0.83362
-0.21761 -0.05815 0.82807
-0.51551 -0.08947 0.71505
-0.64471 -0.12400 0.60792
-0.30719 -0.10672 0.84527
-0.70872 -0.14839 0.56080
-0.61256 -0.09213 0.68392
-0.78413 -0.18871 0.44562
-0.66441 -0.15746 0.61706
-0.48402 -0.11075 0.77264
0.62259 -0.04381 0.66865
0.57981 -0.05566 0.71126
-0.56919 -0.15246 0.70377
-0.02928 -0.04465 0.91700
-0.07028 -0.02527 0.91628
-0.05289 -0.05554 0.92449
-0.02001 -0.03054 0.93312
0.22147 -0.03995 0.90678
-0.05713 -0.04616 0.93187
0.00480 -0.02983 0.93946
-0.07803 -0.05356 0.93702
-0.06646 -0.03681 0.94382
-0.00805 -0.03650 0.94914
0.74323 0.03027 0.58683
-0.02786 -0.03207 0.95092
-0.10320 -0.05522 0.95014
-0.02828 -0.03218 0.95659
-0.78591 -0.10856 0.55162
-0.06576 -0.01832 0.96462
-0.13129 -0.06288 0.95784
-0.13592 -0.04554 0.96141
-0.14320 -0.04900 0.96679
-0.21532 -0.10054 0.95205
-0.80348 -0.09710 0.54567
-0.21097 -0.08634 0.94852
-0.31353 -0.03533 0.91965
-0.64326 -0.09748 0.72867
-0.10804 0.04318 0.96541
-0.25452 -0.06206 0.93745
-0.12936 -0.05229 0.95489
-0.37294 -0.10152 0.88346
-0.12925 -0.06934 0.94830
-0.13777 -0.02052 0.94473
0.01236 -0.02141 0.94719
-0.17248 -0.04489 0.92577
-0.15778 -0.06615 0.92672
-0.22428 -0.03038 0.91351
-0.13043 -0.04831 0.92881
-0.25596 -0.08894 0.88930
-0.60641 -0.17166 0.66596
-0.08101 -0.03154 0.91438
0.00331 -0.02253 0.91415
-0.63653 -0.14604 0.63467
-0.40255 -0.15648 0.79098
-0.50899 -0.10143 0.72074
-0.60531 -0.11950 0.63080
-0.26009 -0.09582 0.82124
-0.09054 -0.05537 0.84865
-0.22456 -0.06731 0.79274
-0.12589 -0.05578 0.79506
-0.06486 -0.04367 0.78751
-0.19014 -0.05460 0.74865
-0.06622 -0.01432 0.75014
-0.21742 -0.03070 0.68244
-0.03953 -0.02470 0.68660
-0.04943 -0.02430 0.65276
0.53350 0.01552 0.32811
-0.48409 -0.04883 0.36132
-0.39569 -0.08920 0.41676
-0.31472 -0.05239 0.45802
-0.13443 -0.04206 0.51715
-0.47640 -0.04141 0.19809
-0.38969 -0.02671 0.32430
-0.34736 -0.03493 0.35395
0.44541 0.00600 0.19729
0.41422 0.00041 0.23889
-0.43014 -0.02320 0.17265
0.40584 -0.00007 0.20054
0.36638 -0.00061 0.25008
0.36867 0.00530 0.22980
0.39436 0.01493 0.15692
0.38427 0.00718 0.15916
0.36395 0.00705 0.17099
0.36482 0.00790 0.12982
0.33873 0.00890 0.15884
0.33678 0.00482 0.12545
-0.27516 -0.02672 0.21381
0.29478 -0.00444 0.15823
-0.29217 -0.01086 0.13869
0.29121 -0.00044 0.11425
0.28684 0.00659 0.10539
0.27604 -0.00064 0.10107
-0.24442 -0.00990 0.13447
-0.22100 -0.00797 0.14529
-0.18242 -0.01058 0.17121
-0.21582 -0.00357 0.08248
0.05842 -0.00211 0.21103
-0.04755 -0.00176 0.20044
0.18422 0.00147 0.06822
0.16398 -0.00262 0.07619
0.08550 -0.00203 0.14773
0.15113 0.00074 0.05000
0.12776 -0.00265 0.07768
-0.12992 0.00155 0.05747
0.12213 0.00042 0.04880
0.11926 0.00291 0.03615
0.11122 -0.00159 0.03480
-0.08445 0.00191 0.06420
-0.09169 -0.00183 0.04057
-0.08839 -0.00023 0.03528
0.08461 0.00113 0.03423
0.07873 -0.00288 0.03251
-0.06999 0.00168 0.03191
-0.06727 0.00384 0.02624
0.06226 0.00142 0.03003
-0.04596 -0.00030 0.04222
-0.05414 0.00338 0.02251
-0.05195 -0.00057 0.02016
-0.04945 0.00176 0.01708
-0.03138 0.00122 0.03585
-0.03155 0.00233 0.03027
0.00321 -0.00286 0.03824
-0.02881 0.00315 0.02131
-0.02685 -0.00082 0.01519
0.00348 -0.00059 0.02634
-0.01765 0.00270 0.01100
0.00073 -0.00080 0.01713
0.00120 -0.00045 0.01442
-0.00016 -0.00124 0.01243
0.00255 -0.00109 0.01209
0.00040 -0.00114 0.01209
-0.01860 -0.00006 0.01165
-0.00544 -0.00354 0.02046
-0.02657 0.00201 0.01825
0.02485 -0.00213 0.02114
0.03279 -0.00257 0.01161
0.02931 -0.00331 0.01516
0.00425 -0.00081 0.03403
0.00259 0.00013 0.03901
-0.03881 0.00196 0.01907
0.00010 -0.00082 0.04791
0.04709 -0.00013 0.02020
0.00552 -0.00314 0.05774
0.05732 0.00185 0.02104
-0.05681 0.00459 0.03901
-0.06586 0.00078 0.02874
-0.07234 0.00175 0.02821
-0.07650 0.00294 0.02961
-0.08201 0.00258 0.03167
-0.01334 0.00016 0.09048
-0.08948 0.00237 0.03325
0.08845 -0.00870 0.05008
-0.09269 0.00220 0.04637
-0.08613 0.00142 0.06140
-0.09751 0.00577 0.04486
-0.06472 -0.00081 0.09332
0.11011 0.00008 0.03356
0.11152 0.00041 0.03500
0.11185 0.00184 0.03522
-0.10596 0.00554 0.04794
-0.09552 0.00201 0.05823
0.06867 0.00093 0.08104
0.09791 0.00049 0.02800
0.09035 0.00016 0.03584
0.08033 -0.00053 0.04620
-0.07698 -0.00180 0.03750
