0.01981 1.65200 0.94654
0.02921 2.46354 1.41154
0.01667 1.39903 0.80159
0.01207 1.01262 0.58019
0.01236 1.03417 0.59254
0.01610 1.35178 0.77452
0.00639 0.53561 0.30688
0.01832 1.53752 0.88095
0.02935 2.46238 1.41088
0.04449 3.73279 2.13885
0.04107 3.44367 1.97318
0.03157 2.64844 1.51749
0.02152 1.80325 1.03320
0.01539 1.29138 0.73991
0.01484 1.24297 0.71217
0.01787 1.49443 0.85625
0.02070 1.73400 0.99352
0.01660 1.38959 0.79618
0.01722 1.44114 0.82572
0.02788 2.33370 1.33714
0.02479 2.07526 1.18906
0.01550 1.29531 0.74216
0.02319 1.93425 1.10826
0.02060 1.72235 0.98684
0.01474 1.23692 0.70871
0.02500 2.08267 1.19330
0.01836 1.52383 0.87310
0.01532 1.28862 0.73833
0.01997 1.67073 0.95727
0.02237 1.86688 1.06966
0.01741 1.45416 0.83318
0.01669 1.39261 0.79792
0.01638 1.36557 0.78242
0.02256 1.88377 1.07934
0.02432 2.03182 1.16417
0.01823 1.52159 0.87181
0.00865 0.72084 0.41301
0.01537 1.28060 0.73374
0.00980 0.81606 0.46757
0.01689 1.40072 0.80256
0.01967 1.63483 0.93670
0.01373 1.14483 0.65594
0.01379 1.14834 0.65796
0.01863 1.55061 0.88844
0.02144 1.77836 1.01894
0.02205 1.83095 1.04907
0.01649 1.36789 0.78375
0.01376 1.13927 0.65276
0.01607 1.33358 0.76409
0.01941 1.60865 0.92170
0.01835 1.52458 0.87353
0.01815 1.50739 0.86368
0.02147 1.78592 1.02327
0.01590 1.32453 0.75891
0.02382 1.97974 1.13433
0.02180 1.82027 1.04295
0.01671 1.39987 0.80207
0.01513 1.26650 0.72566
0.01880 1.57773 0.90398
0.01595 1.33985 0.76769
0.01410 1.18836 0.68088
0.01511 1.27416 0.73005
0.02587 2.19536 1.25787
0.01674 1.42411 0.81596
0.01706 1.45119 0.83148
0.02190 1.85822 1.06470
0.02436 2.07458 1.18867
0.01733 1.48574 0.85127
0.02665 2.28761 1.31073
0.02365 2.04031 1.16903
0.02711 2.33767 1.33942
0.01986 1.71209 0.98096
0.02478 2.14621 1.22971
0.01899 1.64645 0.94336
0.01582 1.37530 0.78800
0.02244 1.94945 1.11697
0.01647 1.42748 0.81789
0.01892 1.63658 0.93770
0.02170 1.87568 1.07470
0.01416 1.22416 0.70139
0.02224 1.92667 1.10392
0.01761 1.51901 0.87034
0.01946 1.67665 0.96066
0.02211 1.89053 1.08321
0.01907 1.62100 0.92878
0.02674 2.26156 1.29581
0.02632 2.21917 1.27152
0.01479 1.23997 0.71045
0.02244 1.87062 1.07180
0.02297 1.91316 1.09617
0.02419 2.00598 1.14936
0.01316 1.08950 0.62424
0.01790 1.47489 0.84506
0.01783 1.46553 0.83970
0.02363 1.94143 1.11238
0.02044 1.67609 0.96034
0.02283 1.87020 1.07156
0.02449 2.00158 1.14684
0.02491 2.03181 1.16416
0.01794 1.46013 0.83660
0.02449 1.98781 1.13895
0.02678 2.17652 1.24708
0.02950 2.37608 1.36142
0.02546 2.05161 1.17551
0.02494 2.00864 1.15088
0.02567 2.05943 1.17999
0.01646 1.31649 0.75430
0.03214 2.57105 1.47315
0.01902 1.52130 0.87165
0.02158 1.71848 0.98463
0.02420 1.92379 1.10227
0.01696 1.34331 0.76966
0.03097 2.45115 1.40444
0.01682 1.33120 0.76273
0.01891 1.49212 0.85493
0.02641 2.08332 1.19368
0.01492 1.17114 0.67102
0.01248 0.97844 0.56061
0.01697 1.33159 0.76295
0.04211 3.30801 1.89544
0.01497 1.17768 0.67477
0.02033 1.60075 0.91717
0.01030 0.81253 0.46555
0.01816 1.43378 0.82151
0.01846 1.45809 0.83543
0.01753 1.38650 0.79441
0.01425 1.12273 0.64328
0.01157 0.91545 0.52451
0.02048 1.61838 0.92727
0.02341 1.85193 1.06109
0.01981 1.57082 0.90003
0.01300 1.02742 0.58867
0.01697 1.34442 0.77030
0.02026 1.60703 0.92077
0.02245 1.77797 1.01871
0.02356 1.86268 1.06725
0.02696 2.13620 1.22398
0.02079 1.64641 0.94333
0.02069 1.63884 0.93900
0.01794 1.41782 0.81236
0.01674 1.32436 0.75881
0.02075 1.63827 0.93867
0.02341 1.85127 1.06071
0.02038 1.61152 0.92334
0.02393 1.89717 1.08702
0.02272 1.79135 1.02638
0.02517 1.99221 1.14147
0.02665 2.11361 1.21103
0.02180 1.72714 0.98959
0.02341 1.85468 1.06267
0.02730 2.15793 1.23642
0.02052 1.63194 0.93504
0.02205 1.76326 1.01029
0.02026 1.62077 0.92864
0.02271 1.82098 1.04336
0.02571 2.06124 1.18102
0.01681 1.34920 0.77304
0.01915 1.54482 0.88512
0.02334 1.89073 1.08333
0.01576 1.27991 0.73334
0.01852 1.50939 0.86483
0.02024 1.65698 0.94939
0.01420 1.16652 0.66837
0.02105 1.73488 0.99402
0.01773 1.46729 0.84070
0.01683 1.40003 0.80217
0.01619 1.35444 0.77604
0.01560 1.31277 0.75216
0.01636 1.38756 0.79502
0.01383 1.18087 0.67659
0.02273 1.96407 1.12535
0.01544 1.35060 0.77384
0.02208 1.95368 1.11939
0.01861 1.67286 0.95849
0.01687 1.53753 0.88095
0.01862 1.71663 0.98357
0.01840 1.71837 0.98457
0.02208 2.08342 1.19374
0.01870 1.79145 1.02644
0.01440 1.38749 0.79498
0.01879 1.83728 1.05270
0.01833 1.82580 1.04612
0.01730 1.75816 1.00736
0.01440 1.48912 0.85321
0.01777 1.88674 1.08104
0.01732 1.88099 1.07774
0.01371 1.52772 0.87533
0.01480 1.69156 0.96921
0.01150 1.34613 0.77128
0.01098 1.32158 0.75722
0.01289 1.58324 0.90714
0.01001 1.25953 0.72166
0.00876 1.12610 0.64521
0.00732 0.96548 0.55318
0.01177 1.58576 0.90858
0.01033 1.41255 0.80934
0.01026 1.40911 0.80737
0.00773 1.06827 0.61207
0.01221 1.69013 0.96838
0.00862 1.19938 0.68720
0.00961 1.34446 0.77032
0.01210 1.70150 0.97490
0.01058 1.49587 0.85708
0.01048 1.48993 0.85368
0.01265 1.80664 1.03514
0.01315 1.88812 1.08183
0.01379 1.99023 1.14034
0.01387 2.01573 1.15495
0.01435 2.08660 1.19555
0.01327 1.92708 1.10416
0.00900 1.29789 0.74364
0.01033 1.48349 0.84999
0.00748 1.06438 0.60985
0.00460 0.65373 0.37456
0.00967 1.37268 0.78649
0.00768 1.08430 0.62126
0.00810 1.13315 0.64925
0.00879 1.21731 0.69747
0.01208 1.65939 0.95077
0.00832 1.13323 0.64930
0.00747 1.00627 0.57655
0.01194 1.59968 0.91656
0.01165 1.54656 0.88613
0.00577 0.75769 0.43412
0.00909 1.17438 0.67287
0.00653 0.83213 0.47678
0.02209 2.80609 1.60783
0.00906 1.13949 0.65288
0.01157 1.45504 0.83368
0.01696 2.10232 1.20456
0.01271 1.55315 0.88990
0.01368 1.65136 0.94617
0.00897 1.07385 0.61528
0.00574 0.68497 0.39246
0.01106 1.31773 0.75501
0.00974 1.16640 0.66830
0.01002 1.19609 0.68531
0.01315 1.56610 0.89732
0.00578 0.68578 0.39292
0.01337 1.58643 0.90897
0.00808 0.96109 0.55067
0.00703 0.83282 0.47717
0.01104 1.30710 0.74892
0.00740 0.87337 0.50041
0.01061 1.24933 0.71582
0.01005 1.18398 0.67837
0.01064 1.24652 0.71421
0.01059 1.23988 0.71041
0.01220 1.42402 0.81591
0.01353 1.58161 0.90620
0.01250 1.46515 0.83948
0.01206 1.40754 0.80647
0.01889 2.21302 1.26799
0.01289 1.51339 0.86712
0.01223 1.43860 0.82426
0.01151 1.35539 0.77659
0.00940 1.11079 0.63644
0.01142 1.36005 0.77926
0.00811 0.97210 0.55697
0.00549 0.66786 0.38265
0.01470 1.80696 1.03532
0.00871 1.08721 0.62293
0.01089 1.38794 0.79524
0.00818 1.06551 0.61050
0.01099 1.46531 0.83957
0.00683 0.93405 0.53517
0.01051 1.48324 0.84984
0.01102 1.59853 0.91590
0.01280 1.91623 1.09794
0.00930 1.42882 0.81866
0.01164 1.82255 1.04426
0.00811 1.28749 0.73768
0.00985 1.60704 0.92077
0.00886 1.46268 0.83806
0.00667 1.14670 0.65702
0.00931 1.60418 0.91914
0.00983 1.72687 0.98944
0.01089 1.99828 1.14495
0.00919 1.67380 0.95903
0.00853 1.58480 0.90803
0.00677 1.33533 0.76510
0.00965 1.86445 1.06827
0.00416 0.86190 0.49384
0.00809 1.60944 0.92215
0.01043 2.08898 1.19692
0.00457 0.98904 0.56668
0.01299 2.65788 1.52290
0.01315 2.71426 1.55521
0.01001 2.22796 1.27655
0.01472 3.08745 1.76905
0.01640 3.72712 2.13560
0.01830 3.88377 2.22538
0.01870 4.03729 2.31336
0.02840 6.63861 3.80434
0.02381 5.29807 3.03593
0.02873 6.50556 3.72807
0.03259 7.89087 4.52231
0.02314 5.45276 3.12459
0.03450 8.39518 4.81150
0.02125 5.06948 2.90491
0.02624 6.20596 3.55632
0.03286 7.66836 4.39473
0.02380 5.40573 3.09763
0.02812 6.28298 3.60047
0.03764 8.01605 4.59409
0.02226 4.74949 2.72152
0.03104 6.25337 3.58350
0.02448 5.00296 2.86679
0.02534 5.07636 2.90885
0.03365 6.25822 3.58628
0.01975 3.74368 2.14510
0.03186 5.56865 3.19102
0.01233 2.17752 1.24765
0.00869 1.46815 0.84119
0.01449 2.28527 1.30939
0.01077 1.69408 0.97065
0.02240 3.27271 1.87521
0.01035 1.51816 0.86985
0.02257 3.10581 1.77957
0.00687 0.94597 0.54200
0.01043 1.38850 0.79556
0.00909 1.14213 0.65439
0.00925 1.15122 0.65961
0.01623 1.91721 1.09850
0.00210 0.24795 0.14206
0.00361 0.40385 0.23139
0.01317 1.46805 0.84114
0.00189 0.20454 0.11719
0.00943 0.97687 0.55971
0.02220 2.29344 1.31407
0.01252 1.24837 0.71527
0.00883 0.87149 0.49933
0.01261 1.20893 0.69267
0.00872 0.81066 0.46447
0.01555 1.42541 0.81671
0.00879 0.78400 0.44920
0.02099 1.84415 1.05663
0.01410 1.20858 0.69247
0.02095 1.77580 1.01747
0.01273 1.06658 0.61111
0.00871 0.71866 0.41176
0.01379 1.12228 0.64302
0.02198 1.75883 1.00775
0.02490 1.97169 1.12971
0.02883 2.24866 1.28842
0.01905 1.46868 0.84150
0.02308 1.76155 1.00931
0.02243 1.69286 0.96995
0.02850 2.13628 1.22402
0.01351 1.01255 0.58015
0.01821 1.36569 0.78249
0.03017 2.26912 1.30014
0.02480 1.84772 1.05868
0.02538 1.89326 1.08477
0.01635 1.21790 0.69781
0.01917 1.42264 0.81512
0.02274 1.68428 0.96503
0.03237 2.39387 1.37162
0.02771 2.05134 1.17535
0.02784 2.05098 1.17515
0.02105 1.55623 0.89166
0.02114 1.55567 0.89134
0.02481 1.81371 1.03919
0.02460 1.79750 1.02990
0.01973 1.43541 0.82243
0.02352 1.71240 0.98115
0.02744 1.98205 1.13565
0.02257 1.63433 0.93641
0.02677 1.93311 1.10761
0.02748 1.97743 1.13300
0.04717 3.38592 1.94008
0.02695 1.92671 1.10394
0.02577 1.83909 1.05374
0.01741 1.24268 0.71201
0.01902 1.35484 0.77627
0.02526 1.79759 1.02996
0.02649 1.87539 1.07453
0.02375 1.67566 0.96010
0.01967 1.38454 0.79329
0.02269 1.59342 0.91297
0.02626 1.84272 1.05582
0.02520 1.76188 1.00949
0.01824 1.27633 0.73129
0.03109 2.16294 1.23930
0.02032 1.41095 0.80842
0.03531 2.44784 1.40254
0.01982 1.37486 0.78774
0.01182 0.81645 0.46779
0.03674 2.52996 1.44960
0.01634 1.12361 0.64378
0.01934 1.32368 0.75842
0.03117 2.12925 1.22000
0.01609 1.09885 0.62960
0.02214 1.51196 0.86630
0.00988 0.67706 0.38793
0.01968 1.33906 0.76723
0.01800 1.22901 0.70418
0.01668 1.14115 0.65383
0.01691 1.15767 0.66330
0.02207 1.51582 0.86851
0.02174 1.49281 0.85533
0.01848 1.27177 0.72867
0.01311 0.90494 0.51849
0.02051 1.41554 0.81105
0.01002 0.69448 0.39791
0.01239 0.85762 0.49138
0.00219 0.15218 0.08719
0.01804 1.25505 0.71909
0.01573 1.09880 0.62957
0.01753 1.22948 0.70445
0.02241 1.57235 0.90090
0.01921 1.35885 0.77857
0.02001 1.42137 0.81439
0.01275 0.91564 0.52462
0.02129 1.54110 0.88300
0.01506 1.10376 0.63241
0.02741 2.03714 1.16722
0.01565 1.18480 0.67885
0.01585 1.21433 0.69577
0.02268 1.76741 1.01266
0.01497 1.18771 0.68051
0.01653 1.34100 0.76834
0.01372 1.13372 0.64958
0.02275 1.92117 1.10077
0.01995 1.71925 0.98507
0.01745 1.53976 0.88222
0.01754 1.58002 0.90530
0.01864 1.72304 0.98724
0.01868 1.77564 1.01738
0.01946 1.88967 1.08272
0.01477 1.47520 0.84523
0.02202 2.25460 1.29182
0.01654 1.74238 0.99832
0.01591 1.72426 0.98794
0.02299 2.55270 1.46263
0.01562 1.77858 1.01907
0.01527 1.77068 1.01454
0.01445 1.70927 0.97935
0.01555 1.86964 1.07124
0.01266 1.54575 0.88566
0.00944 1.17803 0.67496
0.01900 2.42725 1.39074
0.01124 1.46315 0.83833
0.01082 1.42431 0.81607
0.00999 1.33030 0.76221
0.01124 1.51345 0.86715
0.01153 1.57081 0.90002
0.00677 0.93823 0.53757
0.00792 1.10805 0.63487
0.00977 1.37917 0.79021
0.01335 1.89496 1.08575
0.00748 1.06701 0.61136
0.01108 1.58492 0.90810
0.00752 1.07834 0.61785
0.00899 1.29179 0.74014
0.00999 1.43694 0.82331
0.01625 2.36053 1.35252
0.00989 1.45338 0.83273
0.01462 2.14126 1.22688
0.01234 1.80067 1.03172
0.00819 1.17375 0.67251
0.01794 2.53211 1.45083
0.01431 1.98001 1.13448
0.02031 2.77332 1.58905
0.01104 1.48916 0.85324
0.01757 2.33678 1.33891
0.01153 1.51054 0.86548
0.00675 0.86175 0.49375
0.01584 1.97497 1.13160
0.01190 1.45318 0.83262
0.01069 1.27984 0.73330
0.01381 1.62751 0.93251
0.01181 1.36236 0.78058
0.01275 1.44479 0.82781
0.01235 1.37213 0.78618
0.00655 0.71106 0.40741
0.01423 1.51761 0.86953
0.01197 1.25020 0.71632
0.01174 1.20847 0.69241
0.01515 1.53543 0.87974
0.01338 1.33344 0.76401
0.01062 1.03915 0.59539
0.01389 1.33284 0.76367
0.01756 1.66026 0.95127
0.01792 1.67083 0.95733
0.02405 2.20564 1.26376
0.01816 1.64196 0.94078
0.01475 1.30168 0.74581
0.02301 1.99480 1.14295
0.02181 1.86880 1.07076
0.01349 1.14797 0.65774
0.02134 1.78624 1.02345
0.01855 1.53006 0.87667
0.02639 2.15198 1.23302
0.01596 1.28583 0.73673
0.01483 1.17883 0.67543
0.02750 2.15269 1.23343
0.01653 1.28511 0.73632
0.01783 1.36622 0.78279
0.04029 3.05840 1.75240
0.02338 1.76855 1.01332
0.02751 2.04420 1.17126
0.03318 2.41571 1.38413
0.02386 1.72008 0.98554
0.01899 1.35978 0.77911
0.01721 1.22555 0.70219
0.02070 1.44961 0.83057
0.02862 1.98254 1.13593
0.01707 1.17210 0.67157
0.01690 1.14888 0.65826
0.02419 1.64112 0.94030
0.02616 1.77166 1.01510
0.02080 1.41035 0.80808
0.01428 0.96930 0.55537
0.01408 0.95903 0.54949
0.02266 1.54178 0.88339
0.02004 1.36481 0.78198
0.01725 1.17310 0.67214
0.02841 1.93883 1.11089
0.01554 1.06177 0.60835
0.02154 1.46434 0.83901
0.02111 1.43583 0.82268
0.02770 1.88697 1.08117
0.02472 1.68927 0.96789
0.01929 1.32638 0.75996
0.01853 1.27013 0.72774
0.01304 0.89525 0.51294
0.01429 0.98287 0.56314
0.01408 0.96709 0.55411
0.02254 1.55382 0.89028
0.02975 2.05480 1.17733
0.01134 0.78835 0.45169
0.01062 0.73809 0.42289
0.01239 0.86094 0.49328
0.01152 0.80201 0.45952
0.01671 1.16246 0.66604
0.01324 0.92663 0.53092
0.01832 1.28377 0.73555
0.01926 1.35041 0.77373
0.01698 1.19564 0.68505
0.01072 0.75663 0.43352
0.01743 1.22444 0.70155
0.01793 1.26490 0.72474
0.01965 1.39267 0.79795
0.01959 1.39166 0.79737
0.01603 1.14126 0.65390
0.01780 1.27277 0.72925
0.01268 0.91093 0.52193
0.01655 1.19547 0.68496
0.00682 0.49269 0.28229
0.02568 1.86036 1.06592
0.02307 1.67714 0.96094
0.01421 1.03638 0.59381
0.01552 1.13501 0.65031
0.02086 1.51858 0.87009
0.03141 2.29442 1.31463
0.01426 1.04418 0.59827
0.01765 1.29276 0.74070
0.01873 1.37772 0.78938
0.02677 1.96278 1.12461
0.02647 1.94367 1.11366
0.01479 1.08517 0.62176
0.02106 1.53954 0.88210
0.01669 1.21593 0.69668
0.01619 1.17880 0.67541
0.01413 1.02549 0.58757
0.02199 1.59453 0.91361
0.01151 0.83150 0.47642
0.02292 1.64885 0.94473
0.02027 1.45663 0.83459
0.01798 1.28581 0.73672
0.01927 1.38118 0.79136
0.01971 1.41005 0.80791
0.01490 1.06152 0.60821
0.01680 1.19291 0.68349
0.02109 1.50044 0.85970
0.02169 1.53921 0.88191
0.01596 1.13132 0.64820
0.01681 1.18351 0.67811
0.01701 1.19733 0.68602
0.02409 1.69558 0.97151
0.01972 1.38613 0.79420
0.02253 1.58604 0.90874
0.02050 1.43608 0.82282
0.03359 2.34442 1.34328
0.01909 1.33879 0.76708
0.02141 1.50394 0.86170
0.02026 1.42282 0.81522
0.02674 1.87717 1.07555
0.02174 1.52968 0.87645
0.01266 0.89323 0.51178
0.01565 1.10424 0.63269
0.01949 1.37704 0.78899
0.03083 2.18774 1.25351
0.02663 1.89879 1.08794
0.02356 1.67557 0.96004
0.02602 1.84817 1.05894
0.01496 1.06374 0.60948
0.02653 1.89136 1.08368
0.01402 1.00012 0.57303
0.02846 2.02592 1.16079
0.01712 1.22692 0.70298
0.01337 0.95379 0.54649
0.02449 1.74555 1.00014
0.01933 1.38119 0.79137
0.01766 1.26203 0.72309
0.01612 1.15257 0.66038
0.01211 0.86388 0.49497
0.01871 1.33696 0.76603
0.00775 0.55380 0.31730
0.01034 0.74037 0.42420
0.01196 0.85923 0.49230
0.02846 2.03859 1.16805
0.01327 0.95535 0.54738
0.02492 1.79878 1.03064
0.01750 1.26201 0.72308
0.01497 1.08418 0.62119
0.01924 1.39369 0.79853
0.02130 1.55478 0.89083
0.01617 1.18263 0.67760
0.01810 1.33043 0.76229
0.01423 1.04341 0.59783
0.02397 1.75777 1.00714
0.02100 1.55000 0.88809
0.01296 0.96076 0.55047
0.02066 1.53812 0.88129
0.01254 0.93304 0.53460
0.01675 1.25219 0.71746
0.01326 0.99431 0.56970
0.01315 0.98418 0.56389
0.01658 1.25230 0.71752
0.01215 0.91751 0.52569
0.00920 0.69612 0.39885
0.01504 1.14117 0.65385
0.01400 1.06603 0.61080
0.01564 1.19623 0.68539
0.00733 0.56112 0.32150
0.00867 0.66555 0.38133
0.01137 0.87525 0.50148
0.00748 0.57830 0.33134
0.01906 1.48106 0.84859
0.01432 1.10971 0.63582
0.01399 1.09021 0.62465
0.02172 1.69247 0.96972
0.01679 1.31534 0.75364
0.01087 0.85430 0.48948
0.01482 1.16619 0.66818
0.01747 1.38250 0.79212
0.00856 0.68039 0.38984
0.01655 1.31875 0.75559
0.01748 1.39888 0.80150
0.01557 1.25438 0.71871
0.01432 1.16310 0.66641
0.01485 1.21508 0.69620
0.01206 0.99309 0.56900
0.00540 0.44765 0.25649
0.01477 1.23265 0.70626
0.01288 1.08628 0.62240
0.01554 1.32286 0.75795
0.01359 1.16774 0.66907
0.00916 0.79394 0.45490
0.01861 1.63577 0.93724
0.01488 1.33143 0.76286
0.01195 1.08972 0.62436
0.00687 0.63584 0.36431
0.02417 2.27969 1.30619
0.01006 0.97374 0.55791
0.01445 1.43216 0.82058
0.01400 1.42795 0.81816
0.00567 0.59382 0.34023
0.00927 1.00214 0.57419
0.01139 1.27086 0.72815
0.01433 1.64921 0.94494
0.01349 1.61782 0.92695
0.01617 2.00021 1.14606
0.00827 1.05835 0.60639
0.00777 1.02818 0.58911
0.01007 1.38271 0.79224
0.01022 1.44507 0.82797
0.01254 1.85224 1.06127
0.01025 1.59312 0.91280
0.00796 1.27013 0.72773
0.00522 0.85743 0.49127
0.00700 1.22433 0.70149
0.00680 1.18682 0.68000
0.00232 0.43319 0.24820
0.00588 1.06953 0.61280
0.00877 1.61103 0.92306
0.01025 1.99557 1.14340
0.01058 1.98226 1.13577
0.01849 3.51564 2.01441
0.01766 3.54496 2.03122
0.01426 2.77710 1.59121
0.01442 2.93672 1.68268
0.01182 2.36250 1.35364
0.01709 3.45719 1.98092
0.01279 2.66919 1.52938
0.01896 3.92016 2.24623
0.01519 3.17433 1.81883
0.02184 4.57943 2.62405
0.01841 3.83788 2.19908
0.02706 5.52762 3.16750
0.01146 2.32643 1.33298
0.01118 2.24606 1.28692
0.02999 5.85120 3.35297
0.01392 2.75014 1.57576
0.02414 4.62172 2.64828
0.00901 1.75007 1.00273
0.00721 1.36506 0.78213
0.02743 4.87851 2.79546
0.00892 1.61681 0.92637
0.02507 4.27379 2.44889
0.01167 2.04059 1.16919
0.00328 0.56133 0.32162
0.01521 2.44765 1.40244
0.00831 1.35010 0.77356
0.01005 1.52745 0.87517
0.01063 1.64779 0.94413
0.00517 0.78559 0.45011
0.01515 2.15943 1.23729
0.00991 1.42604 0.81707
0.00760 1.04013 0.59595
0.00572 0.77536 0.44425
0.00751 0.97145 0.55660
0.00496 0.62901 0.36040
0.01039 1.28162 0.73432
0.00215 0.25777 0.14769
0.00767 0.89883 0.51499
0.00214 0.24405 0.13983
0.00926 1.03462 0.59280
0.00228 0.24881 0.14256
0.02346 2.50698 1.43643
0.02379 2.48151 1.42184
0.02303 2.35697 1.35048
0.02327 2.33307 1.33678
0.01760 1.73659 0.99500
0.01273 1.23417 0.70713
0.01681 1.59796 0.91558
0.01582 1.47867 0.84723
0.01494 1.37430 0.78742
0.01794 1.62390 0.93044
0.01796 1.60140 0.91755
0.01292 1.13390 0.64968
0.02153 1.86249 1.06715
0.02008 1.71921 0.98504
0.02111 1.77646 1.01785
0.01362 1.13151 0.64831
0.01618 1.32672 0.76016
0.02102 1.70722 0.97818
0.01980 1.59289 0.91267
0.01943 1.54163 0.88330
0.01467 1.14549 0.65632
0.01931 1.49225 0.85500
0.02722 2.07904 1.19122
0.02321 1.75871 1.00768
0.02319 1.73744 0.99549
0.01801 1.32889 0.76140
0.01677 1.22543 0.70213
0.02325 1.68420 0.96499
0.01683 1.20792 0.69209
0.02938 2.08390 1.19401
0.02246 1.57714 0.90364
0.02325 1.61865 0.92743
0.02586 1.77821 1.01885
0.01599 1.08621 0.62236
0.02577 1.74201 0.99811
0.01224 0.81382 0.46629
0.02530 1.67462 0.95950
0.02714 1.79275 1.02719
0.01620 1.07189 0.61415
0.02434 1.61241 0.92385
0.02206 1.46456 0.83914
0.03619 2.40756 1.37946
0.02574 1.70869 0.97902
0.01158 0.77178 0.44220
0.03069 2.02821 1.16210
0.03759 2.49776 1.43115
0.02012 1.33777 0.76649
0.02006 1.33470 0.76473
0.03651 2.42890 1.39169
0.03572 2.37310 1.35972
0.02976 1.98095 1.13502
0.03158 2.11142 1.20978
0.03033 2.03093 1.16366
0.02039 1.37093 0.78549
0.03533 2.36550 1.35536
0.03008 2.01652 1.15540
0.02389 1.61157 0.92337
0.02509 1.69057 0.96863
0.04411 2.98097 1.70803
0.03427 2.31521 1.32655
0.03425 2.32979 1.33490
0.02239 1.52084 0.87139
0.02682 1.81698 1.04107
0.02191 1.49305 0.85546
0.01481 1.01200 0.57984
0.02769 1.89438 1.08541
0.02116 1.45101 0.83138
0.03156 2.16758 1.24196
0.02448 1.68400 0.96487
0.02598 1.78921 1.02515
0.02356 1.62520 0.93118
0.02508 1.73797 0.99580
0.01797 1.24219 0.71172
0.02443 1.69310 0.97009
0.02354 1.63482 0.93670
0.01916 1.33526 0.76505
0.02265 1.57874 0.90456
0.02585 1.80346 1.03332
0.02739 1.91329 1.09625
0.02273 1.59167 0.91197
0.02678 1.88314 1.07897
0.01942 1.36713 0.78331
0.01098 0.77504 0.44407
0.03247 2.28385 1.30858
0.02302 1.63470 0.93662
0.01955 1.39202 0.79758
0.02413 1.71885 0.98484
0.02595 1.85107 1.06060
0.01936 1.38464 0.79335
0.01036 0.74110 0.42462
0.01273 0.91361 0.52346
0.02667 1.92659 1.10387
0.02148 1.55190 0.88918
0.02601 1.88614 1.08069
0.02543 1.84689 1.05820
0.02299 1.67443 0.95939
0.01758 1.28350 0.73539
0.02943 2.14576 1.22945
0.02029 1.48450 0.85056
0.02787 2.04148 1.16970
0.02265 1.65925 0.95069
0.01829 1.34213 0.76899
0.01331 0.97415 0.55815
0.02090 1.53634 0.88027
0.01371 1.00827 0.57770
0.02651 1.94975 1.11714
0.01570 1.15745 0.66318
0.02551 1.87456 1.07406
0.01733 1.27780 0.73213
0.02392 1.76343 1.01038
0.02451 1.80778 1.03579
0.01678 1.24070 0.71088
0.01905 1.40658 0.80592
0.01943 1.43564 0.82257
0.02206 1.63310 0.93571
0.02406 1.77803 1.01875
0.02129 1.57667 0.90338
0.02275 1.68417 0.96497
0.02359 1.75098 1.00325
0.02312 1.71657 0.98353
0.02973 2.20688 1.26447
0.02920 2.17768 1.24774
0.01618 1.20570 0.69082
0.02384 1.78088 1.02038
0.01001 0.75228 0.43102
0.01759 1.32523 0.75931
0.01827 1.37171 0.78594
0.02092 1.57917 0.90481
0.01962 1.48535 0.85105
0.02022 1.53534 0.87970
0.02476 1.88722 1.08131
0.02137 1.62920 0.93348
0.02692 2.05859 1.17951
0.03366 2.57571 1.47581
0.02454 1.88931 1.08251
0.02240 1.72583 0.98884
0.02247 1.73188 0.99231
0.02025 1.56113 0.89447
0.01908 1.47730 0.84644
0.02668 2.07062 1.18640
0.01336 1.04490 0.59869
0.01511 1.17754 0.67468
0.01708 1.33728 0.76621
0.03081 2.41812 1.38551
0.01434 1.13011 0.64751
0.01730 1.35949 0.77893
0.01735 1.36641 0.78290
0.02192 1.73480 0.99398
0.02206 1.74915 1.00220
0.02485 1.97949 1.13418
0.02660 2.11340 1.21091
0.02159 1.72502 0.98838
0.02142 1.71011 0.97983
0.02390 1.92125 1.10081
0.01571 1.26841 0.72675
0.01919 1.54475 0.88509
0.02033 1.64427 0.94211
0.01958 1.58877 0.91031
0.01650 1.34445 0.77032
0.01503 1.23798 0.70932
0.02331 1.93802 1.11042
0.01664 1.41116 0.80854
0.01908 1.63861 0.93886
0.03129 2.71922 1.55805
0.01462 1.30220 0.74611
0.02618 2.36263 1.35372
0.02331 2.12054 1.21500
0.02093 1.91096 1.09492
0.02260 2.06224 1.18160
0.01947 1.77303 1.01588
0.02923 2.66710 1.52818
0.01723 1.58671 0.90913
0.01730 1.59736 0.91523
0.01359 1.25887 0.72129
0.02420 2.24492 1.28627
0.01508 1.40383 0.80434
0.01655 1.54746 0.88664
0.01986 1.86709 1.06978
0.01725 1.62307 0.92996
0.01916 1.81765 1.04145
0.01569 1.48944 0.85339
0.01162 1.10033 0.63045
0.02520 2.37159 1.35885
0.02019 1.89204 1.08407
0.01857 1.72846 0.99035
0.02546 2.36180 1.35324
0.02042 1.88703 1.08120
0.01670 1.53203 0.87780
0.01795 1.63853 0.93882
0.02068 1.88126 1.07790
0.01758 1.58933 0.91063
0.02459 2.21155 1.26715
0.02010 1.79128 1.02634
0.02212 1.96185 1.12407
0.01756 1.54582 0.88570
0.02464 2.16547 1.24075
0.02164 1.88944 1.08258
0.02029 1.76002 1.00843
0.02627 2.25878 1.29421
0.02543 2.17927 1.24866
0.02471 2.09946 1.20293
0.02045 1.72883 0.99056
0.02087 1.75168 1.00365
0.02569 2.13459 1.22305
0.02740 2.26555 1.29809
0.03087 2.53106 1.45023
0.02416 1.96656 1.12678
0.03112 2.51845 1.44300
0.02501 2.00662 1.14973
0.02125 1.68958 0.96807
0.02670 2.09880 1.20254
0.02079 1.62320 0.93004
0.02297 1.77447 1.01671
0.02662 2.04496 1.17170
0.01918 1.46501 0.83940
0.01981 1.49402 0.85602
0.02856 2.13829 1.22517
0.02259 1.68253 0.96403
0.02881 2.11793 1.21351
0.02058 1.50609 0.86293
0.01764 1.28427 0.73584
0.02072 1.49760 0.85807
0.01364 0.98251 0.56294
0.01853 1.31907 0.75578
0.02643 1.86978 1.07132
0.02404 1.68930 0.96791
0.02178 1.52456 0.87352
0.02650 1.84509 1.05718
0.02524 1.74856 1.00186
0.02532 1.75687 1.00662
0.02579 1.78699 1.02388
0.03405 2.36322 1.35406
0.02544 1.76631 1.01203
0.02929 2.03685 1.16705
0.03342 2.32573 1.33258
0.02510 1.74673 1.00081
0.02405 1.67660 0.96063
0.02429 1.68554 0.96576
0.01865 1.30043 0.74510
0.02342 1.63463 0.93658
0.01443 1.01012 0.57876
0.02218 1.55895 0.89322
0.01513 1.06212 0.60855
0.01718 1.21081 0.69375
0.01919 1.35692 0.77747
0.02150 1.52033 0.87109
0.01687 1.19475 0.68454
0.01344 0.95249 0.54574
0.02181 1.55680 0.89199
0.02315 1.66016 0.95121
0.02394 1.71835 0.98455
0.02295 1.64630 0.94327
0.01247 0.89514 0.51288
0.02054 1.48094 0.84853
0.01661 1.20339 0.68949
0.01952 1.41840 0.81269
0.01452 1.05630 0.60522
0.01961 1.42880 0.81865
0.01782 1.30298 0.74656
0.02357 1.72585 0.98885
0.01856 1.36799 0.78381
0.01596 1.17395 0.67263
0.02389 1.76546 1.01155
0.01665 1.23612 0.70825
0.02553 1.89972 1.08847
0.01871 1.39738 0.80065
0.02163 1.61359 0.92453
0.02309 1.73000 0.99123
0.02060 1.55376 0.89025
0.02242 1.70262 0.97554
0.02884 2.21797 1.27083
0.02544 1.98544 1.13759
0.02986 2.37024 1.35808
0.02668 2.15857 1.23679
0.02551 2.11047 1.20924
0.02563 2.17515 1.24630
0.02681 2.31734 1.32777
0.02003 1.77892 1.01926
0.01859 1.69797 0.97287
0.01785 1.67966 0.96239
0.02056 1.98212 1.13569
0.01818 1.81585 1.04042
0.01833 1.88693 1.08115
0.01908 2.03174 1.16412
0.01571 1.74000 0.99696
0.02050 2.34761 1.34511
0.01835 2.18379 1.25125
0.01637 2.02568 1.16065
0.01523 1.93604 1.10929
0.01102 1.42336 0.81553
0.01450 1.87305 1.07319
0.01922 2.48844 1.42581
0.01757 2.27992 1.30632
0.01810 2.35374 1.34863
0.01734 2.27330 1.30253
0.01455 1.90439 1.09115
0.01846 2.43701 1.39634
0.01368 1.81273 1.03863
0.01183 1.57384 0.90176
0.01182 1.58085 0.90577
0.00690 0.92573 0.53040
0.00785 1.05657 0.60538
0.00787 1.06760 0.61169
0.00712 0.96583 0.55338
0.00410 0.55342 0.31709
0.00593 0.79450 0.45522
0.00886 1.17553 0.67354
0.01363 1.80070 1.03174
0.00944 1.24067 0.71086
0.00863 1.12550 0.64486
0.01407 1.83275 1.05010
0.00268 0.34702 0.19883
0.00548 0.70010 0.40113
0.00598 0.75674 0.43358
0.01858 2.33045 1.33528
0.00916 1.15194 0.66001
0.01403 1.76354 1.01045
0.00965 1.20442 0.69008
0.00913 1.13180 0.64848
0.01000 1.22038 0.69923
0.00935 1.13608 0.65093
0.00194 0.23386 0.13399
0.01333 1.60209 0.91794
0.01173 1.40166 0.80310
0.01023 1.21070 0.69368
0.01103 1.29190 0.74021
0.00800 0.92255 0.52859
0.01469 1.67704 0.96088
0.01018 1.15001 0.65891
0.00762 0.85258 0.48850
0.01516 1.68058 0.96291
0.01660 1.82464 1.04546
0.01672 1.81958 1.04256
0.01004 1.08521 0.62178
0.00997 1.06893 0.61246
0.01389 1.48536 0.85105
0.01030 1.09794 0.62907
0.01425 1.52159 0.87181
0.00878 0.93747 0.53713
0.00976 1.04265 0.59740
0.01114 1.19256 0.68329
0.01330 1.42346 0.81559
0.01021 1.09443 0.62707
0.00921 0.98659 0.56528
0.01098 1.18368 0.67820
0.01049 1.13440 0.64997
0.01017 1.10328 0.63213
0.01039 1.13038 0.64766
0.01789 1.95333 1.11919
0.00746 0.81896 0.46923
0.01111 1.23552 0.70790
0.01035 1.17222 0.67164
0.01498 1.73985 0.99687
0.00824 0.97667 0.55959
0.01170 1.40834 0.80693
0.01198 1.44865 0.83003
0.00953 1.15557 0.66210
0.01236 1.49877 0.85874
0.00768 0.93591 0.53624
0.01371 1.68142 0.96339
0.01313 1.61596 0.92589
0.01064 1.31687 0.75451
0.00731 0.90407 0.51800
0.01274 1.58544 0.90840
0.00898 1.12364 0.64380
0.01089 1.36507 0.78214
0.00981 1.23258 0.70622
