0.00277 -0.03873 1.19878
0.01379 -0.01616 1.18541
0.00297 -0.02095 1.19170
-0.00004 -0.02359 1.19184
0.00140 -0.02468 1.19511
-0.00451 -0.04249 1.19009
-0.00568 -0.03266 1.19258
-0.01259 -0.00923 1.19163
-0.03348 -0.01364 1.19138
-0.05070 -0.03105 1.19043
-0.04565 -0.03557 1.19110
-0.03595 -0.03056 1.19106
-0.02622 -0.02713 1.19293
-0.01711 -0.02846 1.19090
-0.01622 -0.02597 1.19346
-0.01783 -0.03153 1.19540
-0.02132 -0.03337 1.19331
-0.01839 -0.02714 1.19439
-0.01935 -0.02954 1.19411
-0.02900 -0.03435 1.19372
-0.02594 -0.03264 1.19365
-0.01841 -0.02119 1.19638
-0.02113 -0.03517 1.19831
-0.01872 -0.03418 1.19519
-0.01600 -0.02454 1.19131
-0.02219 -0.03726 1.19936
-0.01955 -0.02919 1.20403
-0.01615 -0.02538 1.18847
-0.02073 -0.02939 1.19464
-0.02124 -0.03254 1.19772
-0.01857 -0.02912 1.19688
-0.01641 -0.02308 1.19784
-0.01771 -0.02402 1.19880
-0.02382 -0.03015 1.19699
-0.02632 -0.03210 1.19620
-0.02076 -0.02954 1.19723
-0.01372 -0.01880 1.20012
-0.01619 -0.02925 1.20005
-0.01156 -0.02663 1.20058
-0.01700 -0.02930 1.20515
-0.01474 -0.04062 1.20251
-0.01300 -0.02616 1.19872
-0.01594 -0.02293 1.20095
-0.02105 -0.03266 1.20082
-0.02301 -0.03019 1.20497
-0.02317 -0.03615 1.20341
-0.01974 -0.01869 1.20506
-0.01751 -0.03252 1.20725
-0.02061 -0.02864 1.20468
-0.02455 -0.03127 1.20565
-0.02254 -0.03157 1.20328
-0.02059 -0.03180 1.20331
-0.02180 -0.03297 1.20155
-0.01877 -0.02196 1.20009
-0.01930 -0.04291 1.20226
-0.02199 -0.03949 1.19676
-0.02223 -0.02311 1.19343
-0.02134 -0.02796 1.19416
-0.02241 -0.03319 1.19070
-0.02048 -0.02908 1.18974
-0.01694 -0.02665 1.18618
-0.01796 -0.02586 1.18520
-0.02101 -0.04343 1.17731
-0.01079 -0.02620 1.17512
-0.01399 -0.01831 1.17552
-0.01600 -0.03514 1.17792
-0.01662 -0.04038 1.17320
-0.01603 -0.02608 1.16580
-0.01879 -0.03950 1.16400
-0.01700 -0.02149 1.15882
-0.02113 -0.03270 1.15911
-0.01637 -0.02926 1.15945
-0.01951 -0.03694 1.15381
-0.01526 -0.02746 1.15289
-0.01179 -0.02509 1.14992
-0.01779 -0.02907 1.15042
-0.01192 -0.02370 1.15382
-0.01407 -0.02155 1.15553
-0.01582 -0.02885 1.15656
-0.00824 -0.02534 1.15657
-0.01283 -0.03856 1.15349
-0.01047 -0.02768 1.15910
-0.01509 -0.01975 1.16045
-0.01771 -0.02546 1.16888
-0.01695 -0.02587 1.17587
-0.02554 -0.03041 1.18172
-0.02551 -0.02838 1.18531
-0.01045 -0.01496 1.19281
-0.02358 -0.02707 1.19890
-0.02472 -0.02742 1.20009
-0.02814 -0.03119 1.20503
-0.01521 -0.01959 1.20750
-0.02061 -0.02538 1.21344
-0.02083 -0.02275 1.21600
-0.02618 -0.02957 1.21634
-0.02417 -0.03128 1.21865
-0.02607 -0.03661 1.21989
-0.02778 -0.03427 1.22275
-0.02847 -0.03373 1.22518
-0.02130 -0.02335 1.22825
-0.02856 -0.03055 1.23123
-0.02812 -0.03437 1.22952
-0.03254 -0.03481 1.24056
-0.02840 -0.03143 1.24015
-0.02539 -0.01952 1.24120
-0.03297 -0.02312 1.24578
-0.02084 -0.01803 1.25004
-0.02472 -0.04750 1.24879
-0.02087 -0.02434 1.25001
-0.01959 -0.02173 1.25536
-0.01929 -0.03062 1.25761
-0.01416 -0.02706 1.26226
-0.02334 -0.04243 1.26262
-0.01171 -0.02763 1.26313
-0.01141 -0.01775 1.26690
-0.01990 -0.03638 1.26687
-0.01456 -0.02923 1.27364
-0.01246 -0.02075 1.27542
-0.02010 -0.03248 1.27391
-0.03253 -0.05693 1.27132
-0.01080 -0.01536 1.27116
-0.01624 -0.04304 1.26937
-0.01059 -0.03184 1.26700
-0.02007 -0.03025 1.26575
-0.02038 -0.02985 1.26536
-0.01871 -0.02981 1.26383
-0.01805 -0.02754 1.26865
-0.01383 -0.03121 1.26351
-0.02521 -0.02963 1.26486
-0.02459 -0.03515 1.26333
-0.02302 -0.02968 1.26078
-0.01516 -0.02499 1.26452
-0.02038 -0.03033 1.26147
-0.02202 -0.03431 1.26024
-0.02148 -0.03925 1.26177
-0.02719 -0.03208 1.26397
-0.02618 -0.04073 1.26128
-0.02286 -0.03281 1.26235
-0.02263 -0.02911 1.26221
-0.02082 -0.02852 1.26508
-0.01909 -0.03078 1.26338
-0.02332 -0.02953 1.26612
-0.02542 -0.03316 1.26359
-0.02179 -0.03523 1.26403
-0.02605 -0.03004 1.26075
-0.02312 -0.03184 1.26748
-0.02311 -0.03994 1.26258
-0.02449 -0.02937 1.26023
-0.01662 -0.03484 1.26156
-0.02185 -0.02603 1.26167
-0.01703 -0.04629 1.26419
-0.02019 -0.03625 1.25665
-0.02383 -0.03259 1.24968
-0.02187 -0.02682 1.24943
-0.02172 -0.02983 1.24665
-0.02274 -0.03747 1.24670
-0.01614 -0.02645 1.24553
-0.01685 -0.03098 1.23907
-0.01790 -0.04213 1.23356
-0.01109 -0.03147 1.23094
-0.01440 -0.03485 1.22663
-0.01459 -0.02736 1.22081
-0.01047 -0.03214 1.21720
-0.01709 -0.03099 1.21274
-0.01548 -0.03076 1.20771
-0.01386 -0.02784 1.20147
-0.01273 -0.03382 1.19461
-0.01180 -0.03238 1.18771
-0.01351 -0.02664 1.17877
-0.01159 -0.02935 1.17033
-0.01848 -0.03447 1.15660
-0.01256 -0.02464 1.14282
-0.01819 -0.03823 1.12918
-0.01820 -0.03554 1.11155
-0.01733 -0.03488 1.09669
-0.02008 -0.03323 1.08385
-0.01952 -0.03078 1.07012
-0.02289 -0.03314 1.05887
-0.02005 -0.02674 1.04350
-0.01420 -0.02257 1.03718
-0.01837 -0.03555 1.02194
-0.02136 -0.02926 1.00353
-0.02120 -0.02850 0.98342
-0.01710 -0.02328 0.96627
-0.02083 -0.02962 0.94133
-0.01972 -0.03169 0.92013
-0.01652 -0.02508 0.89664
-0.01673 -0.02806 0.87420
-0.01579 -0.02441 0.85351
-0.01413 -0.02373 0.83023
-0.01682 -0.02612 0.81330
-0.01032 -0.01660 0.79437
-0.00794 -0.02220 0.77767
-0.00530 -0.02071 0.75825
-0.00976 -0.02467 0.74154
-0.00923 -0.02318 0.73098
-0.00807 -0.02078 0.72790
-0.00563 -0.01989 0.72324
-0.00999 -0.02050 0.72215
-0.00480 -0.01674 0.71808
-0.00544 -0.01922 0.71426
-0.00911 -0.02105 0.71087
-0.00638 -0.02080 0.70662
-0.00760 -0.01508 0.70339
-0.00773 -0.01521 0.69996
-0.00743 -0.01975 0.69624
-0.00846 -0.02055 0.69229
-0.00902 -0.01930 0.68788
-0.00953 -0.01565 0.68749
-0.00997 -0.01714 0.68855
-0.00588 -0.01732 0.69340
-0.00703 -0.01419 0.69622
-0.00709 -0.01667 0.70237
-0.00299 -0.01740 0.70307
-0.00583 -0.02279 0.70419
-0.00705 -0.01461 0.70806
-0.00655 -0.01579 0.71474
-0.00860 -0.01263 0.72184
-0.01114 -0.01907 0.72771
-0.01009 -0.01483 0.73364
-0.00844 -0.01113 0.74206
-0.01270 -0.01729 0.74588
-0.00239 -0.02423 0.75263
0.00179 -0.01562 0.76090
-0.00635 0.00082 0.77437
-0.01386 -0.01560 0.78387
-0.00827 -0.03558 0.78645
0.00010 -0.02505 0.79451
-0.01166 -0.01527 0.79479
-0.01521 -0.00052 0.80636
-0.01271 -0.01000 0.81787
-0.00692 -0.02053 0.82842
-0.00196 -0.01799 0.83543
0.00319 -0.01886 0.83707
-0.00975 -0.01999 0.83930
-0.01075 -0.02288 0.83457
-0.00817 -0.01987 0.83751
-0.01096 -0.01208 0.83963
-0.00501 -0.01423 0.84334
-0.01432 -0.02303 0.84248
-0.00788 -0.02095 0.84034
-0.00433 -0.01576 0.84419
-0.00506 -0.01712 0.84447
-0.00258 -0.01457 0.84745
-0.00549 -0.01984 0.84911
-0.00946 -0.01857 0.84856
-0.01011 -0.01631 0.85375
-0.01080 -0.01499 0.85392
-0.01457 -0.02037 0.85620
-0.01489 -0.02385 0.85519
-0.01624 -0.02219 0.85305
-0.01723 -0.01948 0.85651
-0.01850 -0.02786 0.85295
-0.01685 -0.02198 0.85159
-0.01665 -0.01667 0.85005
-0.01608 -0.01733 0.84856
-0.01372 -0.01744 0.84570
-0.01349 -0.02560 0.83892
-0.01331 -0.02253 0.83342
-0.01165 -0.01663 0.82114
-0.01698 -0.02636 0.81312
-0.01228 -0.02126 0.80040
-0.01476 -0.02436 0.78397
-0.01470 -0.02088 0.76710
-0.01656 -0.02390 0.74947
-0.01292 -0.01990 0.73048
-0.01325 -0.02556 0.70772
-0.01871 -0.02432 0.68872
-0.02300 -0.02439 0.66701
-0.02132 -0.01948 0.65055
-0.02316 -0.02212 0.63796
-0.02539 -0.01912 0.62897
-0.03096 -0.01870 0.61210
-0.03672 -0.01828 0.60450
-0.03516 -0.01556 0.58024
-0.03980 -0.01722 0.57871
-0.04343 -0.01689 0.56708
-0.05060 -0.01217 0.54264
-0.04838 -0.01261 0.54657
-0.04916 -0.01390 0.53558
-0.05251 -0.01265 0.50444
-0.05616 -0.01566 0.51422
-0.05279 -0.01179 0.48004
-0.05473 -0.01492 0.49966
-0.05553 -0.00900 0.49590
-0.05661 -0.01339 0.45889
-0.05967 -0.01105 0.48487
-0.06014 -0.00883 0.48048
-0.06461 -0.01342 0.44455
-0.06698 -0.01273 0.47196
-0.06696 -0.00515 0.43486
-0.06720 -0.01015 0.46636
-0.07208 -0.00870 0.45746
-0.07593 -0.00979 0.42083
-0.09148 -0.01823 0.43960
-0.09232 -0.01250 0.43170
-0.07711 -0.00205 0.40578
-0.07720 -0.00095 0.41729
-0.07122 -0.00886 0.40464
-0.07513 -0.00880 0.41226
-0.08065 -0.01252 0.41482
-0.08306 -0.00521 0.42036
-0.07901 -0.00028 0.43313
-0.08588 -0.00560 0.43922
-0.08226 -0.00544 0.46223
-0.08009 -0.00821 0.46180
-0.08869 -0.01093 0.48829
-0.07993 -0.01253 0.48255
-0.08123 -0.01110 0.49241
-0.07849 -0.01202 0.53176
-0.07609 -0.00505 0.52191
-0.06778 -0.00528 0.56805
-0.06699 -0.00597 0.56235
-0.06269 -0.00921 0.58873
-0.05875 -0.00856 0.63114
-0.05246 -0.00934 0.63364
-0.04950 -0.01473 0.68244
-0.05695 -0.01731 0.67940
-0.05101 -0.01722 0.72465
-0.05692 -0.01265 0.72397
-0.05956 -0.00880 0.74893
-0.05255 -0.00091 0.79443
-0.05664 -0.00967 0.80113
-0.05270 -0.01820 0.84478
-0.04827 -0.00954 0.84715
-0.04908 -0.00815 0.89245
-0.05291 -0.01842 0.89523
-0.04374 -0.01230 0.92064
-0.05172 -0.01683 0.96406
-0.05506 -0.03137 0.96602
-0.05065 -0.00431 1.00166
-0.04438 -0.01328 1.01164
-0.04473 -0.01994 1.04173
-0.04531 -0.01472 1.07485
-0.04611 -0.02209 1.08959
-0.03805 -0.00998 1.11986
-0.05170 -0.01702 1.13689
-0.04197 -0.01335 1.16568
-0.04166 -0.02724 1.17850
-0.03678 -0.01995 1.19283
-0.02907 -0.01706 1.21111
-0.03022 -0.01272 1.22847
-0.02334 -0.03535 1.24925
-0.02323 -0.01787 1.26252
-0.02644 -0.01387 1.28176
-0.01673 -0.02015 1.29661
-0.02032 -0.02165 1.30967
-0.01630 -0.01941 1.32479
-0.02149 -0.02107 1.33355
-0.01031 -0.02980 1.33429
-0.01513 -0.02732 1.33334
-0.02444 -0.04133 1.32868
-0.02057 -0.03564 1.34179
-0.02217 -0.03643 1.33975
-0.01321 -0.03223 1.34214
-0.01592 -0.02523 1.34714
-0.01526 -0.03875 1.34955
-0.02316 -0.04290 1.35132
-0.02137 -0.03046 1.35025
-0.02138 -0.03804 1.35677
-0.01805 -0.03534 1.35173
-0.01989 -0.02725 1.35840
-0.01793 -0.03764 1.36754
-0.01867 -0.03629 1.36820
-0.01763 -0.02204 1.37429
-0.01921 -0.03678 1.37316
-0.02333 -0.03637 1.38364
-0.01632 -0.04032 1.38049
-0.02562 -0.02956 1.38435
-0.02741 -0.01652 1.38939
-0.03622 -0.05214 1.39181
-0.02817 -0.02924 1.39836
-0.03009 -0.03216 1.40054
-0.02022 -0.03767 1.40074
-0.02414 -0.03231 1.40364
-0.01966 -0.04648 1.40408
-0.02705 -0.03366 1.41211
-0.02278 -0.02501 1.41686
-0.01703 -0.03884 1.42004
-0.02376 -0.03246 1.42321
-0.02893 -0.02365 1.42440
-0.02055 -0.04482 1.42954
-0.02129 -0.02656 1.42846
-0.02294 -0.04469 1.43650
-0.02250 -0.02786 1.43941
-0.03088 -0.04867 1.44114
-0.02163 -0.03644 1.44078
-0.01810 -0.02548 1.44723
-0.01720 -0.05630 1.45088
-0.02198 -0.02572 1.45398
-0.02711 -0.02226 1.46081
-0.02888 -0.04585 1.46310
-0.02236 -0.03034 1.46333
-0.01436 -0.04602 1.46325
-0.01431 -0.02784 1.45962
-0.01052 -0.04384 1.46873
-0.01605 -0.04306 1.46416
-0.02120 -0.03719 1.46099
-0.02241 -0.03315 1.45986
-0.02647 -0.04240 1.45530
-0.02236 -0.04491 1.45578
-0.01462 -0.04723 1.45232
-0.01659 -0.03215 1.44862
-0.01683 -0.04884 1.44788
-0.01359 -0.02975 1.44212
-0.01100 -0.04342 1.44379
-0.00454 -0.03078 1.43994
-0.01848 -0.04284 1.43675
-0.01673 -0.03934 1.43047
-0.01418 -0.04584 1.42527
-0.02401 -0.02813 1.42455
-0.01804 -0.04060 1.41317
-0.01890 -0.04102 1.40739
-0.01325 -0.03770 1.39194
-0.01748 -0.04643 1.38082
-0.01586 -0.03683 1.36424
-0.02381 -0.04833 1.34429
-0.01528 -0.04217 1.32036
-0.01508 -0.02991 1.30482
-0.01334 -0.05407 1.28215
-0.01593 -0.04153 1.25959
-0.01890 -0.04232 1.23171
-0.01751 -0.03809 1.20972
-0.02295 -0.04308 1.18336
-0.02178 -0.03991 1.15979
-0.02027 -0.03257 1.13289
-0.01998 -0.03320 1.10925
-0.02030 -0.04192 1.08074
-0.02059 -0.04209 1.05095
-0.01873 -0.03833 1.02873
-0.01128 -0.04223 1.00026
-0.02219 -0.02190 0.97602
-0.01729 -0.03206 0.94863
-0.01720 -0.02862 0.92208
-0.02280 -0.02013 0.90022
-0.01651 -0.02731 0.87787
-0.01752 -0.03221 0.86179
-0.01428 -0.03275 0.84464
-0.01327 -0.02162 0.83150
-0.01234 -0.01987 0.81862
-0.01272 -0.02487 0.80105
-0.01859 -0.03181 0.78195
-0.00929 -0.02052 0.76756
-0.01051 -0.01753 0.75927
-0.01247 -0.01887 0.75054
-0.01279 -0.01978 0.74259
-0.00983 -0.02912 0.73353
-0.00607 -0.02146 0.72129
-0.00536 -0.02286 0.71406
-0.00817 -0.02151 0.70822
-0.01117 -0.02818 0.70388
-0.00722 -0.01962 0.70072
-0.01389 -0.01877 0.69897
-0.01114 -0.01785 0.69702
-0.01103 -0.01217 0.69587
0.00351 -0.02075 0.69518
-0.01181 -0.03295 0.68760
-0.01888 -0.01442 0.67991
-0.02102 -0.01829 0.68202
-0.00089 0.00106 0.68510
-0.01548 -0.00907 0.69724
-0.01961 -0.02472 0.70783
-0.02089 -0.00444 0.72255
-0.02279 -0.02131 0.73164
-0.01334 -0.02016 0.74100
-0.01864 -0.02419 0.75128
-0.01908 -0.00873 0.76312
-0.01503 -0.00286 0.78266
-0.02222 -0.01526 0.80144
-0.01470 -0.01794 0.81860
-0.01187 -0.01879 0.83520
-0.01377 -0.02337 0.84821
-0.01436 -0.01241 0.86683
-0.01514 -0.01699 0.88210
-0.01437 -0.01367 0.89969
-0.01132 -0.00802 0.92072
-0.01735 -0.01542 0.93706
-0.01543 -0.01722 0.95737
-0.01284 -0.01975 0.97105
-0.01557 -0.02524 0.98604
-0.01867 -0.01334 1.00294
-0.01398 -0.01675 1.02194
-0.01849 -0.01759 1.04148
-0.01873 -0.02623 1.05742
-0.02304 -0.01659 1.07194
-0.02283 -0.02915 1.08987
-0.01332 0.00130 1.10567
-0.01376 -0.00622 1.13272
-0.01849 -0.02613 1.15291
-0.01819 -0.02732 1.16662
-0.01698 -0.01620 1.17468
-0.02483 -0.01596 1.19443
-0.02158 -0.02282 1.21209
-0.02038 -0.03694 1.22560
-0.01700 -0.01466 1.24138
-0.01343 -0.01806 1.25778
-0.02367 -0.03395 1.27685
-0.01698 -0.01510 1.28624
-0.01663 -0.01087 1.30475
-0.03129 -0.05032 1.31605
-0.02192 -0.02165 1.32181
-0.02039 0.00246 1.34553
-0.01981 -0.03823 1.37269
-0.02153 -0.02530 1.38650
-0.01982 -0.02141 1.39613
-0.01927 -0.01880 1.40408
-0.01186 -0.03596 1.42723
-0.02755 -0.02462 1.44296
-0.01516 -0.02386 1.45647
-0.01694 -0.01986 1.47071
-0.01932 -0.03959 1.47322
-0.02936 -0.02691 1.47579
-0.02067 -0.04220 1.47407
-0.01466 -0.03891 1.47259
-0.01629 -0.03839 1.46780
-0.02328 -0.04024 1.46914
-0.02002 -0.04279 1.46739
-0.02179 -0.03238 1.46965
-0.02582 -0.05159 1.46404
-0.01946 -0.03430 1.46314
-0.02475 -0.02927 1.47071
-0.02171 -0.04110 1.46966
-0.03070 -0.04256 1.46720
-0.02778 -0.04635 1.46210
-0.02664 -0.02884 1.45348
-0.02694 -0.03760 1.45790
-0.01889 -0.03994 1.45611
-0.01944 -0.03935 1.45369
-0.02010 -0.03346 1.45543
-0.02338 -0.04768 1.44989
-0.02771 -0.05843 1.44651
-0.01898 -0.03840 1.43806
-0.01650 -0.02821 1.43895
-0.01427 -0.04043 1.43892
-0.01259 -0.03880 1.43596
-0.01441 -0.04915 1.43652
-0.02115 -0.03496 1.42795
-0.02434 -0.04420 1.42643
-0.02086 -0.04754 1.42516
-0.02140 -0.04075 1.41943
0.00129 -0.02256 1.41708
-0.01623 -0.04180 1.42282
-0.02003 -0.04115 1.41675
-0.02314 -0.04059 1.40992
-0.02417 -0.04040 1.40686
-0.02262 -0.03958 1.40374
-0.02483 -0.03554 1.39748
-0.01818 -0.02618 1.39181
-0.02029 -0.03816 1.38381
-0.00991 -0.03066 1.38417
-0.02263 -0.04891 1.37942
-0.02364 -0.04730 1.37480
-0.02115 -0.02915 1.37062
-0.02735 -0.03248 1.36694
-0.03154 -0.02635 1.37322
-0.02940 -0.05129 1.36763
-0.01863 -0.02624 1.36564
-0.01216 -0.04242 1.36420
-0.01463 -0.04037 1.35869
-0.02318 -0.04504 1.36301
-0.02112 -0.04889 1.36080
-0.01924 -0.02230 1.36300
-0.02532 -0.03997 1.36687
-0.02417 -0.03342 1.37189
-0.01910 -0.04021 1.37300
-0.02031 -0.03267 1.37691
-0.02734 -0.03364 1.37841
-0.01640 -0.03225 1.38401
-0.02766 -0.03935 1.38916
-0.02809 -0.03101 1.39084
-0.02467 -0.03534 1.39790
-0.01868 -0.04689 1.39424
-0.02806 -0.03222 1.39728
-0.02428 -0.02748 1.40350
-0.02190 -0.03729 1.40774
-0.02842 -0.03728 1.40469
-0.02896 -0.02700 1.40886
-0.02306 -0.03188 1.41033
-0.02020 -0.03550 1.41939
-0.01892 -0.03466 1.42013
-0.02624 -0.03178 1.42029
-0.02348 -0.03796 1.42232
-0.02641 -0.04100 1.41951
-0.01903 -0.00991 1.42753
-0.02930 -0.04990 1.43157
-0.02070 -0.03585 1.42497
-0.02259 -0.02953 1.42286
-0.02103 -0.03148 1.42362
-0.02606 -0.04256 1.42386
-0.02093 -0.04025 1.42064
-0.01411 -0.03233 1.41641
-0.01425 -0.03838 1.41661
-0.01989 -0.03585 1.41464
-0.02356 -0.05366 1.40787
-0.02367 -0.01752 1.40205
-0.01939 -0.04323 1.40517
-0.02021 -0.04437 1.40699
-0.01825 -0.02985 1.40592
-0.02582 -0.04026 1.40215
-0.01656 -0.02864 1.40192
-0.01688 -0.04878 1.40366
-0.01429 -0.03836 1.39494
-0.01698 -0.02087 1.40163
-0.02232 -0.03909 1.40218
-0.00900 -0.04389 1.39882
-0.01949 -0.02942 1.39912
-0.01562 -0.03456 1.39842
-0.01600 -0.03123 1.40191
-0.02224 -0.03646 1.39883
-0.01512 -0.02871 1.39983
-0.01054 -0.03709 1.39546
-0.01614 -0.03131 1.39195
-0.02066 -0.05365 1.39476
-0.01680 -0.02815 1.38839
-0.02838 -0.03799 1.38440
-0.02003 -0.03876 1.38633
-0.01985 -0.03282 1.38054
-0.02408 -0.03675 1.37958
-0.02436 -0.04407 1.36930
-0.02217 -0.04188 1.36621
-0.02637 -0.02977 1.35994
-0.01753 -0.01955 1.36362
-0.02521 -0.04451 1.36247
-0.02449 -0.03901 1.35387
-0.01614 -0.02687 1.34897
-0.02160 -0.04647 1.34196
-0.01901 -0.03081 1.34341
-0.02249 -0.04060 1.33701
-0.02241 -0.02972 1.33277
-0.01960 -0.03706 1.33512
-0.02234 -0.04169 1.32301
-0.01553 -0.03988 1.32348
-0.01572 -0.02758 1.32096
-0.01991 -0.04022 1.31723
-0.01995 -0.03491 1.31276
-0.01735 -0.04104 1.30658
-0.01403 -0.03211 1.30612
-0.01291 -0.03715 1.30187
-0.01604 -0.03609 1.29897
-0.01075 -0.03656 1.29340
-0.01845 -0.04534 1.28614
-0.01272 -0.04280 1.28939
-0.01948 -0.02360 1.28272
-0.02256 -0.04350 1.28239
-0.02201 -0.03539 1.27578
-0.01918 -0.02963 1.27135
-0.02062 -0.03334 1.27012
-0.02286 -0.03509 1.26284
-0.01517 -0.02908 1.25773
-0.02211 -0.03700 1.25404
-0.02413 -0.03282 1.24911
-0.02281 -0.03266 1.24021
-0.01565 -0.04139 1.23010
-0.02074 -0.03361 1.22165
-0.01796 -0.03250 1.21391
-0.01119 -0.03179 1.20520
-0.01993 -0.03693 1.19745
-0.01844 -0.03439 1.18466
-0.01972 -0.03540 1.17428
-0.01880 -0.02533 1.16331
-0.01425 -0.02959 1.15286
-0.02167 -0.03893 1.13670
-0.01672 -0.03600 1.11720
-0.01378 -0.03176 1.09620
-0.01490 -0.02706 1.07990
-0.01891 -0.04879 1.05881
-0.01417 -0.03296 1.03229
-0.02039 -0.02798 1.00840
-0.01773 -0.03368 0.98001
-0.00847 -0.02554 0.95459
-0.00942 -0.03439 0.92460
-0.01483 -0.03224 0.89546
-0.01780 -0.03327 0.86823
-0.02086 -0.02365 0.83341
-0.02764 -0.02751 0.80745
-0.02722 -0.02473 0.78068
-0.03608 -0.02176 0.75478
-0.04526 -0.02239 0.72662
-0.04988 -0.02443 0.70496
-0.05217 -0.03150 0.67451
-0.05568 -0.03032 0.64000
-0.05855 -0.01903 0.62394
-0.05991 -0.01115 0.60583
-0.06461 -0.00640 0.56781
-0.06862 -0.01705 0.56822
-0.07127 -0.01708 0.52959
-0.07448 -0.01322 0.54428
-0.07948 -0.01061 0.53824
-0.07923 -0.00734 0.50763
-0.08195 -0.01706 0.52690
-0.09331 -0.01540 0.51751
-0.08388 -0.00536 0.49099
-0.08874 0.00047 0.50594
-0.09473 -0.01120 0.48178
-0.09199 -0.01762 0.49159
-0.09143 -0.00709 0.48577
-0.09368 -0.01860 0.46956
-0.08632 -0.00786 0.47594
-0.08411 -0.00712 0.47098
-0.08385 -0.00591 0.46948
-0.08904 0.00087 0.47148
-0.08125 0.00601 0.48270
-0.07925 -0.00005 0.48634
-0.08339 -0.00692 0.49087
-0.09028 -0.02176 0.50402
-0.09032 -0.02212 0.49753
-0.09002 -0.01565 0.51418
-0.08226 -0.00161 0.50836
-0.08005 -0.00498 0.52188
-0.08413 -0.00045 0.55597
-0.08218 -0.01023 0.54546
-0.08673 -0.02310 0.57974
-0.08787 -0.01580 0.56477
-0.07762 -0.01056 0.57923
-0.07460 -0.00302 0.61697
-0.06454 -0.00188 0.61235
-0.08082 -0.01061 0.65280
-0.07979 -0.01604 0.64001
-0.07063 -0.00552 0.65421
-0.07557 -0.01918 0.69726
-0.06868 -0.01726 0.69161
-0.07138 -0.01488 0.72690
-0.06712 -0.01059 0.73492
-0.05601 -0.00850 0.77078
-0.05192 -0.00635 0.78643
-0.04657 -0.01660 0.80928
-0.03958 -0.00866 0.83491
-0.04421 -0.01622 0.85250
-0.03482 -0.01131 0.87565
-0.03628 -0.01675 0.89372
-0.02221 -0.00956 0.91629
-0.03134 -0.02096 0.93516
-0.02420 -0.01122 0.95840
-0.02137 -0.01700 0.97667
-0.02078 -0.01385 0.99713
-0.01493 -0.02275 1.01330
-0.01708 -0.01351 1.03086
-0.01989 -0.00900 1.05146
-0.01756 -0.01448 1.06996
-0.01326 -0.02349 1.08678
-0.01751 -0.01912 1.10437
-0.01927 -0.01366 1.12118
-0.01530 -0.01455 1.13932
-0.02416 -0.02436 1.15522
-0.02036 -0.02693 1.16746
-0.02192 -0.01653 1.18801
-0.01439 -0.01485 1.20335
-0.01717 -0.01867 1.21959
-0.01831 -0.03213 1.23064
-0.01656 -0.01445 1.24280
-0.01776 -0.01706 1.26031
-0.01409 -0.02424 1.28062
-0.01931 -0.01253 1.29382
-0.02732 -0.03167 1.30861
-0.02589 -0.01473 1.31924
-0.02943 -0.02441 1.33398
-0.02433 -0.02276 1.35460
-0.02254 -0.02124 1.36807
-0.02609 -0.03188 1.37975
-0.01997 -0.01023 1.39284
-0.02551 -0.03674 1.40909
-0.02616 -0.02136 1.42341
-0.02980 -0.01934 1.43608
-0.02267 -0.03300 1.45354
-0.02301 -0.01580 1.47154
-0.02467 -0.03320 1.47855
-0.01442 -0.01565 1.50344
-0.02494 -0.02927 1.51022
-0.02660 -0.03513 1.51312
-0.01890 -0.03126 1.51069
-0.02451 -0.04180 1.50869
-0.02123 -0.04045 1.50572
-0.03035 -0.05362 1.50182
-0.02328 -0.03730 1.50593
-0.00911 -0.02773 1.49963
-0.01766 -0.05112 1.51209
-0.02953 -0.04772 1.50398
-0.01510 -0.03868 1.50356
-0.01743 -0.03260 1.50287
-0.02738 -0.04751 1.50197
-0.03017 -0.03814 1.50448
-0.02472 -0.03766 1.50180
-0.02291 -0.05048 1.49471
-0.02932 -0.03363 1.49250
-0.02252 -0.02201 1.48728
-0.03164 -0.04341 1.49267
-0.02951 -0.03826 1.49070
-0.01877 -0.02816 1.48196
-0.02062 -0.02197 1.48385
-0.02946 -0.05595 1.47851
-0.02749 -0.04528 1.47936
-0.02719 -0.01524 1.46974
-0.01801 -0.03654 1.47188
-0.02385 -0.03791 1.47553
-0.01807 -0.03845 1.46674
-0.01484 -0.03150 1.46254
-0.02167 -0.04622 1.46095
-0.02190 -0.03740 1.45795
-0.02530 -0.04999 1.45505
-0.02089 -0.04075 1.45313
-0.02230 -0.03983 1.45109
-0.01690 -0.04248 1.44919
-0.01936 -0.03823 1.44248
-0.01327 -0.03588 1.44630
-0.01720 -0.04677 1.44200
-0.01984 -0.04280 1.43899
-0.01685 -0.03887 1.43435
-0.02256 -0.03229 1.43439
-0.02292 -0.04281 1.43240
-0.02413 -0.04159 1.43076
-0.02044 -0.03640 1.42736
-0.02019 -0.04512 1.42143
-0.01344 -0.03736 1.41962
0.00025 -0.01837 1.41648
-0.02471 -0.04904 1.42068
-0.01871 -0.03919 1.40775
-0.01823 -0.03069 1.40405
-0.02128 -0.03884 1.40314
-0.02422 -0.03548 1.40124
-0.01603 -0.03765 1.39764
-0.00886 -0.02921 1.39709
-0.01006 -0.03373 1.39337
-0.02302 -0.04083 1.38366
-0.01948 -0.03338 1.38336
-0.02250 -0.04038 1.37834
-0.02748 -0.02535 1.37631
-0.02174 -0.04096 1.37227
-0.01426 -0.01638 1.36975
-0.02692 -0.04281 1.37040
-0.01914 -0.03981 1.36577
-0.02568 -0.03647 1.36437
-0.02201 -0.03920 1.36450
-0.01791 -0.02274 1.36241
-0.01488 -0.03422 1.36565
-0.02216 -0.03626 1.35996
-0.00987 -0.02011 1.35996
-0.02389 -0.04055 1.35868
-0.01566 -0.02891 1.35614
-0.02094 -0.04519 1.35995
-0.01658 -0.02721 1.35557
-0.02212 -0.03700 1.35580
-0.02647 -0.03473 1.35502
-0.01450 -0.04201 1.35186
-0.01898 -0.02864 1.35422
-0.01677 -0.03671 1.35290
-0.02021 -0.03340 1.35051
-0.01944 -0.03735 1.35242
-0.01857 -0.02974 1.34956
-0.02052 -0.03865 1.35001
-0.02127 -0.03481 1.34677
-0.02308 -0.03293 1.34624
-0.02634 -0.04420 1.34610
-0.02866 -0.03446 1.34021
-0.01456 -0.02472 1.34155
-0.01865 -0.04191 1.33787
-0.00920 -0.03464 1.33078
-0.01501 -0.03499 1.32693
-0.01756 -0.03672 1.33142
-0.01867 -0.03019 1.32398
-0.01751 -0.03470 1.32029
-0.01813 -0.02959 1.31642
-0.02136 -0.03391 1.31145
-0.01892 -0.03083 1.31146
-0.02557 -0.02299 1.30719
-0.03184 -0.04383 1.30565
-0.02525 -0.03353 1.29799
-0.02881 -0.02882 1.29741
-0.02459 -0.03532 1.29678
-0.02212 -0.03841 1.29654
-0.02199 -0.02730 1.29083
-0.02273 -0.04844 1.28745
-0.01377 -0.02311 1.27814
-0.02112 -0.02568 1.28269
-0.02144 -0.03081 1.27665
-0.03108 -0.04344 1.27300
-0.01957 -0.02695 1.26858
-0.02008 -0.03306 1.27198
-0.02026 -0.03337 1.26921
-0.02481 -0.02916 1.26314
-0.02468 -0.03622 1.26035
-0.02587 -0.03326 1.25451
-0.02542 -0.03930 1.25773
-0.02216 -0.03097 1.25100
-0.02270 -0.03167 1.25171
-0.02362 -0.04113 1.24328
-0.01912 -0.02715 1.23800
-0.02362 -0.03378 1.24176
-0.02449 -0.03073 1.23582
-0.02332 -0.02873 1.23166
-0.01665 -0.03093 1.22701
-0.01566 -0.02577 1.21407
-0.01307 -0.04730 1.20192
-0.00885 -0.03026 1.17904
-0.01702 -0.02262 1.16415
-0.02382 -0.04402 1.14964
-0.01130 -0.03004 1.12226
-0.02122 -0.03909 1.10703
-0.01763 -0.03201 1.09872
-0.01353 -0.02960 1.09479
-0.01525 -0.02107 1.09554
-0.01343 -0.02091 1.09772
-0.01931 -0.03984 1.09519
-0.01568 -0.02897 1.08513
-0.01480 -0.02585 1.08242
-0.01256 -0.01992 1.07898
-0.01789 -0.03663 1.07718
-0.01247 -0.02563 1.07388
-0.01480 -0.02385 1.06886
-0.01796 -0.02692 1.06326
-0.01516 -0.02859 1.06228
-0.01470 -0.03584 1.05337
-0.01796 -0.02406 1.05332
-0.01410 -0.01244 1.05613
-0.02870 -0.03137 1.06165
-0.02498 -0.02636 1.06625
-0.02641 -0.01587 1.07415
-0.03170 -0.03079 1.07713
-0.02877 -0.01660 1.08154
-0.02658 -0.02179 1.08949
-0.02769 -0.02179 1.09497
-0.02746 -0.02784 1.09867
-0.02140 -0.02596 1.10540
-0.02419 -0.01395 1.11155
-0.01626 -0.02525 1.12146
-0.01514 -0.02690 1.12683
-0.00846 -0.02590 1.13549
-0.01256 -0.03157 1.13741
-0.00920 -0.02869 1.14501
-0.00815 -0.02476 1.15241
-0.01135 -0.02845 1.16257
-0.01071 -0.02702 1.16638
-0.01067 -0.01005 1.17703
-0.00999 -0.02671 1.18273
-0.01164 -0.02550 1.19118
-0.01961 -0.02482 1.20326
-0.02548 -0.02402 1.20898
-0.03028 -0.02430 1.21895
-0.01977 -0.01987 1.22802
-0.02264 -0.04117 1.23481
-0.01560 -0.00830 1.24621
-0.01411 -0.01035 1.25751
-0.01887 -0.03195 1.27159
-0.01701 -0.01604 1.28063
-0.01979 -0.02610 1.29381
-0.02387 -0.03311 1.30107
-0.01926 -0.02000 1.30900
-0.02190 -0.02220 1.32589
-0.02936 -0.03474 1.33500
-0.02310 -0.01032 1.34226
-0.03245 -0.03796 1.35939
-0.02908 -0.02913 1.36573
-0.02389 -0.03063 1.37296
-0.02659 -0.03108 1.38291
-0.01729 -0.02680 1.38780
-0.02210 -0.02674 1.40418
-0.02931 -0.02031 1.41283
-0.02392 -0.03418 1.42258
-0.02094 -0.01607 1.42837
-0.02741 -0.03224 1.43579
-0.02566 -0.02508 1.44290
-0.02586 -0.03468 1.44081
-0.02507 -0.02425 1.44297
-0.03161 -0.04636 1.43961
-0.02603 -0.03536 1.43979
-0.03055 -0.03905 1.43738
-0.03028 -0.04879 1.43561
-0.02602 -0.03699 1.43623
-0.02460 -0.03348 1.43380
-0.02379 -0.03170 1.44064
-0.01815 -0.03688 1.43344
-0.02286 -0.03272 1.43211
-0.01426 -0.03838 1.42760
-0.01996 -0.04326 1.42212
-0.01489 -0.03004 1.42449
-0.01549 -0.03763 1.41853
-0.01413 -0.04157 1.41388
-0.01283 -0.04467 1.41337
-0.01343 -0.02415 1.41196
-0.01129 -0.03418 1.41068
-0.01636 -0.04697 1.40037
-0.02436 -0.03569 1.39377
-0.02482 -0.03738 1.39256
-0.02187 -0.02439 1.39359
-0.01258 -0.03428 1.39256
-0.01816 -0.03941 1.38598
-0.01509 -0.04007 1.37994
-0.01779 -0.03912 1.37530
-0.01488 -0.03582 1.37442
-0.01979 -0.03600 1.37185
-0.01859 -0.02862 1.36684
-0.02394 -0.03608 1.36487
-0.01935 -0.03263 1.35624
-0.01424 -0.02735 1.35883
-0.02049 -0.04451 1.35233
-0.01470 -0.03156 1.34625
-0.02263 -0.03906 1.34294
-0.01469 -0.03573 1.33826
-0.01970 -0.03141 1.34013
-0.02015 -0.04010 1.33403
-0.01743 -0.04036 1.32505
-0.02144 -0.03374 1.31614
-0.02467 -0.03712 1.29952
-0.02285 -0.03398 1.28087
-0.02451 -0.04008 1.25889
-0.02416 -0.03943 1.23495
-0.02240 -0.04478 1.20766
-0.02262 -0.03000 1.17773
-0.02199 -0.03957 1.15612
-0.01808 -0.03584 1.12551
-0.01602 -0.03655 1.09414
-0.01777 -0.03102 1.06225
-0.01995 -0.03217 1.03649
-0.01888 -0.03468 1.00017
-0.01391 -0.02258 0.97123
-0.01527 -0.03266 0.93848
-0.01324 -0.03398 0.90228
-0.01912 -0.03106 0.87237
-0.01510 -0.03348 0.83960
-0.01596 -0.02798 0.80740
-0.01485 -0.02640 0.78616
-0.00798 -0.02035 0.77397
-0.00999 -0.01809 0.77398
-0.01197 -0.02168 0.77210
-0.00725 -0.01755 0.77053
-0.00754 -0.01422 0.76891
-0.00998 -0.02067 0.76222
-0.01227 -0.01833 0.76378
-0.01318 -0.02438 0.75700
-0.01016 -0.01637 0.75449
-0.01061 -0.01654 0.75136
-0.01201 -0.01822 0.74766
-0.01013 -0.01654 0.74538
-0.00875 -0.02055 0.74249
-0.00644 -0.02331 0.73684
-0.00874 -0.02106 0.73670
-0.01100 -0.01530 0.74110
-0.00898 -0.01576 0.74584
-0.01404 -0.01496 0.75332
-0.01680 -0.01807 0.75642
-0.01550 -0.01583 0.76047
-0.01323 -0.01770 0.76612
-0.01221 -0.02478 0.76715
-0.00153 -0.01172 0.77315
-0.00450 -0.01061 0.78219
-0.01298 -0.00443 0.79006
-0.00904 -0.03215 0.79670
-0.00244 -0.02374 0.79471
-0.01378 -0.01835 0.79513
-0.01155 -0.00710 0.80105
-0.00997 -0.01656 0.80686
-0.00680 -0.00720 0.81948
-0.00210 -0.02201 0.82242
0.00393 -0.01461 0.82819
-0.00623 -0.02644 0.83133
-0.01021 -0.02542 0.83642
-0.01085 -0.01611 0.84452
-0.00931 -0.00742 0.85354
-0.00733 -0.01420 0.86755
-0.01575 -0.01772 0.87533
-0.01045 -0.01919 0.88485
-0.00691 -0.01868 0.89295
-0.01168 -0.01361 0.90197
-0.01293 -0.01342 0.90978
-0.01204 -0.01412 0.91886
-0.00935 -0.01477 0.92533
-0.01114 -0.01638 0.93251
-0.01618 -0.01515 0.93510
-0.01347 -0.02264 0.93813
-0.01883 -0.02301 0.93583
-0.01509 -0.02296 0.93595
-0.01771 -0.02454 0.93527
-0.01529 -0.03009 0.93351
-0.02257 -0.01508 0.93386
-0.02008 -0.01857 0.93233
-0.01794 -0.02436 0.93310
-0.01827 -0.01813 0.92730
-0.01823 -0.02564 0.92425
-0.01745 -0.02332 0.92150
-0.01584 -0.02425 0.91860
-0.02219 -0.02816 0.91497
-0.01392 -0.01780 0.91117
-0.01867 -0.02210 0.89888
-0.01650 -0.02462 0.88277
-0.02231 -0.02598 0.86023
-0.01740 -0.02651 0.84344
-0.01840 -0.02538 0.83003
-0.01361 -0.02847 0.82615
-0.01406 -0.02327 0.82464
-0.01538 -0.02404 0.82395
-0.00974 -0.02124 0.82002
-0.01597 -0.02334 0.81465
-0.01420 -0.01640 0.81201
-0.01253 -0.01716 0.80787
-0.00760 -0.02174 0.80865
-0.01438 -0.02018 0.80335
-0.01060 -0.01904 0.79928
-0.01395 -0.02236 0.79728
-0.01195 -0.01621 0.79601
