0.00478 5.21102 2.98603
0.00335 3.55303 2.03584
0.00261 2.66340 1.52606
0.00504 4.82574 2.76522
0.00700 6.10424 3.49802
0.00447 3.49282 2.00134
0.00207 1.46652 0.84026
0.00341 2.20794 1.26508
0.00320 1.92750 1.10439
0.00444 2.54886 1.46043
0.00353 1.94266 1.11308
0.00532 2.81812 1.61472
0.00976 4.95792 2.84097
0.00047 0.22996 0.13175
0.00482 2.27390 1.30288
0.00273 1.24680 0.71437
0.00215 0.96291 0.55171
0.00114 0.50806 0.29110
0.00877 3.78543 2.16902
0.00823 3.51310 2.01296
0.00596 2.52093 1.44442
0.00580 2.39721 1.37353
0.00468 1.86309 1.06749
0.01228 4.66624 2.67380
0.00237 0.88598 0.50763
0.00168 0.61020 0.34962
0.00382 1.35283 0.77512
0.00481 1.63628 0.93753
0.00370 1.21833 0.69806
0.00037 0.11767 0.06742
0.00185 0.56539 0.32395
0.00133 0.39361 0.22552
0.00338 0.95648 0.54802
0.00152 0.41409 0.23726
0.00413 1.07805 0.61768
0.00294 0.74815 0.42866
0.00170 0.42156 0.24153
0.00059 0.14058 0.08054
0.00374 0.85486 0.48980
0.00208 0.46280 0.26517
0.00366 0.78680 0.45080
0.00336 0.70423 0.40349
0.00459 0.92645 0.53082
0.00218 0.42806 0.24526
0.00675 1.27531 0.73070
0.00319 0.58532 0.33536
0.00891 1.59285 0.91264
0.00985 1.70649 0.97776
0.00479 0.81187 0.46517
0.00506 0.83256 0.47702
0.00093 0.14899 0.08537
0.00849 1.32827 0.76105
0.01363 2.08024 1.19191
0.00574 0.86182 0.49379
0.00525 0.76774 0.43988
0.00220 0.31424 0.18005
0.00990 1.38047 0.79096
0.02256 3.08238 1.76615
0.00774 1.04268 0.59741
0.01276 1.68827 0.96732
0.00972 1.26729 0.72611
0.01125 1.42901 0.81877
0.01062 1.33777 0.76649
0.01658 2.06635 1.18395
0.01460 1.81852 1.04195
0.01363 1.68739 0.96682
0.01287 1.56497 0.89667
0.01677 2.01577 1.15497
0.02667 3.15438 1.80740
0.01013 1.19273 0.68339
0.01524 1.79585 1.02896
0.01232 1.45198 0.83193
0.01047 1.24201 0.71163
0.00880 1.04758 0.60022
0.01244 1.47194 0.84337
0.01445 1.71687 0.98370
0.01687 1.99829 1.14496
0.00768 0.92066 0.52750
0.01268 1.51523 0.86817
0.01019 1.21456 0.69590
0.01322 1.57423 0.90198
0.00691 0.81905 0.46928
0.00802 0.95081 0.54477
0.01946 2.32445 1.33184
0.00844 1.01002 0.57870
0.01741 2.08997 1.19749
0.01098 1.32277 0.75790
0.01272 1.53189 0.87772
0.01090 1.31367 0.75268
0.01965 2.37780 1.36241
0.01250 1.51326 0.86704
0.01124 1.36205 0.78040
0.01257 1.52333 0.87281
0.01529 1.84897 1.05940
0.01253 1.53011 0.87670
0.00800 0.98459 0.56413
0.01736 2.15257 1.23336
0.00980 1.22273 0.70057
0.01326 1.65564 0.94862
0.01356 1.69804 0.97292
0.01143 1.43488 0.82213
0.01521 1.92459 1.10273
0.01507 1.91760 1.09872
0.01198 1.53020 0.87675
0.01248 1.60253 0.91819
0.01469 1.89090 1.08342
0.01397 1.81973 1.04264
0.01249 1.64510 0.94258
0.01131 1.50639 0.86310
0.01061 1.44100 0.82564
0.00783 1.07274 0.61464
0.00790 1.10928 0.63558
0.01120 1.60424 0.91917
0.00929 1.36060 0.77957
0.01142 1.71143 0.98059
0.00530 0.81309 0.46587
0.00829 1.30280 0.74645
0.00850 1.36948 0.78466
0.00490 0.81365 0.46619
0.00762 1.30422 0.74727
0.00540 0.96180 0.55107
0.01017 1.88225 1.07847
0.00607 1.17540 0.67346
0.01009 2.03220 1.16438
0.01208 2.51508 1.44107
0.00469 1.01550 0.58184
0.00926 1.99739 1.14444
0.01029 2.29225 1.31339
0.00884 1.96040 1.12325
0.00905 2.06756 1.18464
0.01060 2.37828 1.36269
0.01218 2.79962 1.60412
0.00898 2.03612 1.16663
0.00726 1.64939 0.94504
0.00921 2.14183 1.22720
0.01010 2.36229 1.35353
0.01107 2.65352 1.52040
0.00438 1.01472 0.58140
0.01712 3.90804 2.23929
0.00642 1.38459 0.79332
0.00340 0.70838 0.40587
0.01444 2.96803 1.70062
0.01418 2.76696 1.58540
0.01018 1.94394 1.11381
0.01800 3.32533 1.90536
0.01160 2.06593 1.18371
0.02115 3.66699 2.10115
0.00642 1.07868 0.61804
0.00897 1.46781 0.84100
0.01238 1.96896 1.12815
0.00601 0.93659 0.53663
0.02134 3.24690 1.86042
0.01377 2.05256 1.17605
0.01648 2.40212 1.37635
0.01662 2.37046 1.35821
0.02073 2.89174 1.65690
0.01733 2.39136 1.37018
0.02500 3.38623 1.94026
0.01766 2.36503 1.35509
0.01870 2.45123 1.40448
0.01689 2.17693 1.24732
0.01799 2.30840 1.32264
0.02858 3.67618 2.10641
0.01625 2.11178 1.20999
0.01829 2.37381 1.36013
0.01223 1.58107 0.90590
0.01606 2.07813 1.19070
0.01690 2.18556 1.25226
0.02220 2.90242 1.66302
0.02074 2.71954 1.55823
0.01003 1.31580 0.75390
0.01056 1.39112 0.79706
0.01236 1.60620 0.92029
0.00525 0.68923 0.39490
0.00689 0.90529 0.51869
0.00436 0.57760 0.33094
0.00378 0.50373 0.28861
0.00777 1.03144 0.59097
0.01318 1.74635 1.00060
0.01205 1.59144 0.91183
0.00987 1.29134 0.73989
0.00560 0.72798 0.41710
0.00644 0.83391 0.47780
0.00882 1.13356 0.64949
0.00676 0.85996 0.49272
0.00450 0.57037 0.32680
0.01165 1.45852 0.83568
0.01694 2.12565 1.21793
0.01804 2.25323 1.29103
0.02225 2.73646 1.56792
0.01912 2.32744 1.33356
0.01785 2.14288 1.22780
0.01363 1.62575 0.93150
0.01668 1.96997 1.12873
0.01457 1.70679 0.97793
0.01662 1.93851 1.11070
0.01336 1.54764 0.88674
0.01015 1.17568 0.67362
0.01002 1.15682 0.66281
0.00862 0.99005 0.56726
0.01117 1.27985 0.73331
0.01020 1.15932 0.66424
0.01098 1.24818 0.71516
0.00811 0.92597 0.53054
0.01993 2.29067 1.31249
0.00677 0.78575 0.45020
0.00692 0.80317 0.46018
0.00989 1.15674 0.66276
0.01206 1.40804 0.80675
0.01095 1.28224 0.73467
0.02867 3.33808 1.91267
0.01977 2.31573 1.32684
0.01684 2.01065 1.15204
0.00724 0.87105 0.49907
0.01506 1.80982 1.03696
0.01119 1.35387 0.77572
0.00769 0.93591 0.53624
0.01033 1.26372 0.72406
0.01148 1.41354 0.80990
0.02087 2.56561 1.47003
0.01304 1.60491 0.91956
0.01338 1.64892 0.94477
0.01997 2.46677 1.41339
0.01000 1.24680 0.71437
0.01130 1.42146 0.81444
0.01037 1.30084 0.74533
0.01408 1.78704 1.02391
0.00776 0.99399 0.56952
0.00828 1.06594 0.61074
0.00458 0.59333 0.33995
0.01233 1.59402 0.91332
0.01177 1.52595 0.87431
0.01011 1.31176 0.75159
0.00642 0.84061 0.48163
0.01091 1.44290 0.82673
0.00646 0.86006 0.49278
0.00863 1.14602 0.65662
0.01079 1.42543 0.81672
0.01379 1.82422 1.04522
0.00916 1.20579 0.69087
0.02268 3.01415 1.72705
0.01023 1.38260 0.79218
0.01291 1.76305 1.01017
0.01768 2.39733 1.37360
0.01412 1.87958 1.07694
0.02305 3.04657 1.74562
0.02299 3.04046 1.74212
0.00909 1.21557 0.69647
0.01424 1.90910 1.09385
0.02005 2.68499 1.53843
0.01583 2.11935 1.21432
0.01294 1.71922 0.98505
0.01315 1.73943 0.99663
0.02248 2.98922 1.71276
0.00505 0.66456 0.38077
0.00620 0.81103 0.46469
0.02697 3.52319 2.01874
0.03147 4.14738 2.37644
0.00390 0.51813 0.29687
0.00864 1.14407 0.65551
0.00622 0.81542 0.46720
0.01787 2.30773 1.32226
0.01700 2.19486 1.25759
0.02452 3.17364 1.81844
0.00830 1.08503 0.62168
0.00820 1.07126 0.61379
0.00532 0.69187 0.39641
0.01731 2.22913 1.27723
0.00691 0.89442 0.51246
0.01181 1.53705 0.88068
0.01565 2.04596 1.17227
0.00623 0.81822 0.46881
0.00992 1.30387 0.74707
0.00433 0.57000 0.32658
0.02030 2.69233 1.54264
0.00059 0.07971 0.04567
0.00549 0.74122 0.42469
0.00058 0.07834 0.04489
0.00497 0.66947 0.38358
0.00824 1.11767 0.64038
0.01164 1.59632 0.91463
0.01844 2.59119 1.48468
0.00928 1.33371 0.76416
0.00384 0.56767 0.32525
0.00662 1.00162 0.57389
0.01133 1.75208 1.00388
0.00330 0.52559 0.30114
0.01140 1.86858 1.07063
0.00907 1.53966 0.88217
0.01073 1.90581 1.09197
0.00633 1.17338 0.67230
0.01563 3.03803 1.74073
0.01031 2.08883 1.19683
0.00727 1.54196 0.88349
0.00442 0.97908 0.56097
0.00634 1.45222 0.83207
0.00239 0.57364 0.32867
0.00925 2.32210 1.33050
0.00746 1.96138 1.12381
0.00577 1.59008 0.91106
0.01183 3.47942 1.99366
0.00375 1.18352 0.67811
0.00382 1.26512 0.72487
0.00240 0.84393 0.48354
0.00061 0.22690 0.13000
0.00411 1.61951 0.92792
0.01136 4.67316 2.67777
0.00387 1.69527 0.97133
0.00170 0.79265 0.45415
0.00393 1.83579 1.05185
0.00183 0.84230 0.48260
0.00601 2.81358 1.61211
0.00284 1.29234 0.74046
0.00181 0.82821 0.47453
0.00372 1.74624 1.00053
0.00350 1.59612 0.91452
0.00109 0.51059 0.29255
0.00154 0.71153 0.40768
0.00054 0.25106 0.14385
0.00131 0.61929 0.35483
0.00260 1.19885 0.68689
0.00254 1.15819 0.66360
0.00248 1.11259 0.63747
0.00292 1.16244 0.66603
0.00342 1.31606 0.75405
0.00175 0.60460 0.34641
0.00758 2.49826 1.43143
0.00580 1.89359 1.08496
0.00498 1.49092 0.85424
0.00661 1.88391 1.07942
0.00598 1.73553 0.99440
0.00691 1.84607 1.05774
0.01044 2.82695 1.61977
0.00901 2.26437 1.29742
0.00954 2.32465 1.33195
0.00966 2.36252 1.35366
0.01172 2.68115 1.53623
0.00862 1.90719 1.09276
0.00755 1.62118 0.92888
0.00567 1.15656 0.66266
0.00671 1.33636 0.76568
0.00550 1.04680 0.59977
0.00108 0.19732 0.11306
0.01055 1.87358 1.07350
0.00527 0.89877 0.51496
0.00745 1.24415 0.71285
0.00120 0.19323 0.11071
0.00406 0.63431 0.36343
0.00684 1.03680 0.59404
0.00341 0.50391 0.28872
0.00368 0.53192 0.30477
0.00713 1.00820 0.57766
0.00635 0.87928 0.50379
0.00641 0.86473 0.49545
0.00257 0.34219 0.19606
0.00675 0.87318 0.50030
0.01006 1.28105 0.73400
0.01237 1.54053 0.88267
0.01239 1.51138 0.86597
0.00667 0.79846 0.45749
0.00610 0.72085 0.41302
0.00858 0.99519 0.57021
0.01259 1.45128 0.83153
0.00787 0.89300 0.51165
0.00835 0.93347 0.53484
0.00856 0.94084 0.53906
0.01670 1.80777 1.03579
0.01029 1.10510 0.63318
0.01211 1.28500 0.73626
0.01249 1.31075 0.75101
0.01151 1.19007 0.68186
0.01324 1.35261 0.77499
0.01479 1.49845 0.85855
0.01756 1.78357 1.02192
0.02144 2.16637 1.24126
0.01977 2.00099 1.14650
0.01771 1.78984 1.02552
0.01639 1.65803 0.94999
0.02059 2.07736 1.19026
0.02473 2.47701 1.41926
0.02434 2.45443 1.40632
0.02232 2.24519 1.28643
0.02183 2.18435 1.25157
0.02700 2.72715 1.56259
0.02752 2.75973 1.58126
0.02533 2.55686 1.46501
0.02176 2.19484 1.25758
0.02036 2.06352 1.18233
0.02704 2.71962 1.55827
0.02412 2.42363 1.38867
0.02248 2.26840 1.29973
0.02175 2.20319 1.26236
0.02340 2.37182 1.35898
0.02175 2.19674 1.25866
0.01915 1.92737 1.10432
0.01878 1.89557 1.08610
0.01701 1.70764 0.97842
0.02280 2.31097 1.32412
0.01879 1.91253 1.09581
0.01938 1.97394 1.13100
0.01679 1.70661 0.97783
0.01840 1.86281 1.06733
0.02460 2.50643 1.43612
0.01812 1.85547 1.06312
0.01560 1.60030 0.91692
0.01921 1.97184 1.12980
0.01958 2.00979 1.15154
0.02591 2.66920 1.52939
0.01792 1.84877 1.05928
0.01840 1.91689 1.09831
0.01072 1.12611 0.64521
0.01047 1.09991 0.63020
0.01400 1.47353 0.84428
0.00976 1.02854 0.58931
0.01154 1.22013 0.69909
0.01166 1.23533 0.70779
0.01424 1.51327 0.86705
0.01304 1.39107 0.79703
0.01573 1.67994 0.96255
0.01428 1.52781 0.87538
0.01310 1.40581 0.80548
0.01671 1.80023 1.03147
0.01813 1.96176 1.12402
0.02364 2.57453 1.47514
0.01796 1.97377 1.13091
0.02742 3.04598 1.74529
0.02228 2.50542 1.43554
0.02781 3.15462 1.80754
0.02282 2.63911 1.51214
0.02397 2.80527 1.60736
0.02342 2.78736 1.59709
0.02044 2.47134 1.41601
0.02227 2.72031 1.55867
0.02350 2.91164 1.66831
0.02158 2.70236 1.54838
0.02042 2.58868 1.48325
0.01163 1.50270 0.86099
0.00938 1.23753 0.70906
0.00893 1.20121 0.68825
0.00761 1.04616 0.59941
0.00929 1.29183 0.74017
0.00643 0.92693 0.53109
0.00175 0.25458 0.14586
0.00342 0.50954 0.29194
0.00743 1.12414 0.64409
0.00235 0.36295 0.20795
0.00467 0.73173 0.41925
0.00320 0.51133 0.29297
0.00440 0.71130 0.40755
0.00623 1.01887 0.58377
0.00843 1.40444 0.80469
0.00779 1.31603 0.75404
0.00793 1.38201 0.79184
0.00723 1.27995 0.73336
0.01372 2.46805 1.41412
0.01769 3.25902 1.86737
0.01557 2.89981 1.66153
0.01324 2.52526 1.44690
0.01566 3.07360 1.76112
0.01432 2.84052 1.62755
0.01442 2.90197 1.66276
0.01175 2.38930 1.36900
0.01285 2.63667 1.51075
0.01454 2.97930 1.70707
0.01072 2.21668 1.27009
0.01105 2.29341 1.31406
0.00963 1.97157 1.12964
0.01575 3.32442 1.90484
0.01335 2.87370 1.64657
0.01584 3.37009 1.93101
0.00997 2.18166 1.25003
0.01573 3.37835 1.93574
0.00373 0.83198 0.47669
0.01206 2.72141 1.55930
0.01197 2.61477 1.49819
0.00761 1.68612 0.96609
0.00537 1.13515 0.65040
0.00906 1.93349 1.10782
0.00512 1.08552 0.62196
0.00282 0.58988 0.33798
0.00759 1.59847 0.91587
0.00242 0.49957 0.28624
0.00509 1.04539 0.59897
0.00318 0.64296 0.36839
0.00385 0.76774 0.43988
0.00398 0.78074 0.44733
0.00832 1.60743 0.92100
0.00466 0.88433 0.50669
0.00409 0.75918 0.43498
0.00369 0.67203 0.38504
0.01359 2.42182 1.38764
0.00285 0.49796 0.28531
0.00867 1.46280 0.83813
0.00605 1.00601 0.57640
0.00514 0.83033 0.47575
0.01155 1.82555 1.04597
0.01103 1.70639 0.97770
0.00635 0.96618 0.55358
0.01111 1.64422 0.94208
0.01048 1.49920 0.85899
0.00827 1.15775 0.66334
0.00417 0.57072 0.32700
0.00487 0.65121 0.37312
0.00923 1.21174 0.69428
0.00687 0.87451 0.50106
0.00633 0.78907 0.45211
0.00626 0.76717 0.43956
0.01069 1.29288 0.74077
0.01128 1.35048 0.77377
0.00352 0.41142 0.23573
0.01291 1.48576 0.85129
0.01142 1.30090 0.74536
0.01300 1.46794 0.84108
0.00890 0.99172 0.56822
0.00221 0.24437 0.14001
0.00773 0.84409 0.48363
0.00796 0.85918 0.49228
0.01269 1.35316 0.77531
0.01330 1.41478 0.81061
0.01506 1.60172 0.91773
0.01703 1.82179 1.04382
0.02080 2.23290 1.27938
0.01789 1.91796 1.09893
0.01446 1.54159 0.88327
0.02953 3.16146 1.81146
0.01592 1.72023 0.98563
0.01385 1.50856 0.86435
0.01564 1.71927 0.98508
0.01352 1.46632 0.84015
0.01482 1.61833 0.92725
0.00986 1.07651 0.61680
0.00209 0.22783 0.13054
0.00894 0.99757 0.57157
0.00816 0.90265 0.51718
0.01952 2.17116 1.24401
0.01589 1.78442 1.02241
0.01913 2.15708 1.23594
0.01450 1.64300 0.94138
0.01634 1.85135 1.06076
0.01510 1.72860 0.99042
0.00912 1.04560 0.59909
0.01857 2.14192 1.22725
0.02949 3.40564 1.95138
0.00510 0.58973 0.33789
0.02531 2.97932 1.70709
0.00957 1.12887 0.64680
0.01823 2.15715 1.23598
0.01414 1.65255 0.94685
0.01783 2.08500 1.19464
0.02075 2.42196 1.38772
0.01092 1.26725 0.72609
0.00944 1.08801 0.62338
0.01907 2.16010 1.23767
0.01566 1.76989 1.01408
0.01026 1.15320 0.66074
0.01302 1.46087 0.83702
0.01335 1.47621 0.84581
0.01537 1.65823 0.95011
0.02479 2.65393 1.52064
0.01329 1.40142 0.80296
0.00819 0.86368 0.49486
0.00666 0.69783 0.39983
0.01525 1.58454 0.90788
0.00603 0.61539 0.35260
0.01406 1.41050 0.80817
0.00815 0.81103 0.46469
0.01247 1.23285 0.70638
0.00630 0.61299 0.35122
0.01406 1.36887 0.78431
0.00738 0.71109 0.40742
0.01271 1.22090 0.69953
0.00870 0.82988 0.47549
0.00469 0.44457 0.25472
0.00373 0.35295 0.20223
0.00501 0.47294 0.27098
0.00782 0.73920 0.42353
0.00612 0.57712 0.33067
0.01542 1.45443 0.83333
0.00829 0.78523 0.44990
0.01794 1.70882 0.97910
0.01551 1.48187 0.84906
0.01090 1.04184 0.59694
0.01075 1.02992 0.59011
0.01151 1.10071 0.63066
0.01794 1.71281 0.98138
0.02225 2.16442 1.24014
0.01696 1.64347 0.94165
0.02051 1.99288 1.14186
0.01432 1.39324 0.79828
0.01277 1.24661 0.71426
0.01113 1.08951 0.62425
0.00772 0.75952 0.43518
0.01027 1.01476 0.58142
0.00325 0.32066 0.18372
0.00744 0.74178 0.42501
0.00842 0.83642 0.47923
0.01560 1.56086 0.89432
0.01229 1.23527 0.70776
0.00337 0.33937 0.19445
0.01867 1.88402 1.07948
0.01018 1.03014 0.59023
0.00985 1.00023 0.57309
0.00788 0.80181 0.45941
0.01366 1.39961 0.80193
0.01422 1.46455 0.83913
0.01051 1.08146 0.61964
0.01311 1.35494 0.77633
0.01518 1.57830 0.90431
0.00835 0.86953 0.49821
0.00461 0.48322 0.27687
0.00864 0.90827 0.52040
0.00506 0.53459 0.30630
0.01166 1.24009 0.71053
0.00956 1.02450 0.58700
0.01104 1.19680 0.68572
0.00787 0.85941 0.49241
0.00615 0.68688 0.39355
0.01297 1.46786 0.84103
0.01536 1.76925 1.01372
0.02144 2.51309 1.43993
0.00474 0.56927 0.32617
0.00418 0.51488 0.29500
0.00661 0.83871 0.48055
0.00582 0.76086 0.43594
0.00183 0.24705 0.14155
0.00947 1.32590 0.75969
0.00270 0.39291 0.22512
0.00479 0.72590 0.41591
0.00124 0.19503 0.11174
0.00496 0.81693 0.46807
0.00474 0.81863 0.46904
0.00620 1.11414 0.63836
0.00533 1.01533 0.58174
0.00478 0.96403 0.55235
0.01179 2.54247 1.45677
0.46632 106.84091 64.57996
0.44738 111.38495 67.68678
0.41827 113.00233 68.80620
0.37323 110.42770 67.02769
0.33113 107.52841 65.04653
0.30385 114.01304 69.50954
0.26712 108.95448 66.01822
0.24226 107.49795 65.02584
0.01282 6.35428 3.64135
0.00688 3.49168 2.00068
0.01265 6.68699 3.83208
0.00505 2.72471 1.56119
0.00600 3.39165 1.94336
0.00603 3.63692 2.08392
0.00893 5.91714 3.39076
0.00598 4.24591 2.43291
0.00609 4.58188 2.62545
0.00450 3.56099 2.04041
0.01125 9.39302 5.38379
0.00696 6.16441 3.53250
0.00712 6.73261 3.85823
0.00789 8.38721 4.80693
0.00365 4.67294 2.67764
0.00889 14.05181 8.05773
0.00740 15.12140 8.67220
0.00625 16.77733 9.62401
0.00371 13.94358 7.99557
0.00552 32.05798 18.44745
0.00505 53.42981 30.98938
0.00855 138.94088 88.00733
0.00757 100.17332 60.11470
0.00146 70.93750 41.54859
0.00150 34.62459 19.93889
0.00177 28.78844 16.55206
0.00242 57.50880 33.42195
0.00514 106.63111 64.43783
0.00643 116.05624 70.94064
0.00652 124.60194 77.07251
0.00882 133.00612 83.36935
0.00421 90.51007 53.81486
0.00477 89.93835 53.44782
0.00292 120.07686 73.79485
0.00894 99.77857 59.85356
0.00739 133.50273 83.75091
0.00782 111.39569 67.69419
0.00413 93.01506 55.43019
0.00853 140.16811 88.98896
0.00499 123.17704 76.03254
0.00783 129.84371 80.96542
0.00690 126.39415 78.39134
0.00952 125.39032 77.65115
0.01142 135.50918 85.30434
0.00919 130.34228 81.34152
0.00569 118.30606 72.53136
0.00615 135.02765 84.92977
0.00657 120.38893 74.01860
0.00566 137.26820 86.68232
0.00332 113.70594 69.29552
0.00235 135.74721 85.48990
0.00161 73.34352 43.02665
0.00204 117.47251 71.94014
0.00606 141.35311 89.94471
0.00373 130.71035 81.61985
0.00407 137.66797 86.99768
0.00279 121.35370 74.71242
0.00553 104.49038 62.99373
0.00460 116.05981 70.94316
0.00312 134.67101 84.65308
0.00076 105.96110 63.98463
0.00063 102.34740 61.55920
0.00116 123.12546 75.99503
0.00201 132.83162 83.23554
0.00464 72.61811 42.58024
0.00438 91.84839 54.67641
0.00240 72.08590 42.25315
0.00137 88.21011 52.34186
0.00223 62.79920 36.60043
0.00116 71.47990 41.88115
0.00129 133.56271 83.79707
0.00303 123.84844 76.52164
0.07297 140.43785 89.20582
0.03952 111.77425 67.95555
0.03230 102.09118 61.38840
0.04856 140.71289 89.42737
0.02701 93.23117 55.57011
0.04514 123.86024 76.53024
0.03790 114.41681 69.79136
0.03807 100.19226 60.12724
0.01389 39.23128 22.62457
0.03601 87.04120 51.59681
0.05030 117.53673 71.98561
0.00916 19.02812 10.91882
0.00573 11.35145 6.50740
0.00610 11.20562 6.42371
0.01054 17.18250 9.85700
0.01608 22.70822 13.03897
0.00913 10.54197 6.04290
0.01975 18.54476 10.64065
0.01723 14.58854 8.36604
0.00903 6.61032 3.78812
0.00357 2.34803 1.34535
0.01085 6.57391 3.76725
0.01064 5.89049 3.37549
0.00436 2.30021 1.31795
0.00586 2.94166 1.68551
0.01034 4.89918 2.80730
0.00830 3.76291 2.15612
0.01234 5.34049 3.06024
0.01029 4.21978 2.41794
0.00474 1.78629 1.02348
0.01383 4.80026 2.75061
0.00487 1.52593 0.87430
0.02347 6.88119 3.94341
0.02017 5.49995 3.15164
0.00585 1.45304 0.83254
0.02211 5.19576 2.97728
0.02112 4.63259 2.65451
0.00236 0.48112 0.27566
0.01853 3.64531 2.08873
0.00329 0.60584 0.34712
0.02026 3.68185 2.10966
0.01911 3.34067 1.91415
0.00061 0.10058 0.05763
0.02513 4.08229 2.33914
0.00729 1.11588 0.63936
0.01704 2.57868 1.47752
0.01852 2.69571 1.54458
0.00627 0.87277 0.50006
0.01606 2.18284 1.25070
0.00932 1.21719 0.69740
0.01188 1.50284 0.86107
0.01299 1.59771 0.91543
0.01827 2.19327 1.25667
0.01201 1.40831 0.80691
0.01373 1.56881 0.89887
0.01318 1.46238 0.83789
0.01358 1.47354 0.84428
0.02015 2.13598 1.22385
0.01563 1.61868 0.92744
0.01820 1.83925 1.05383
0.01818 1.79106 1.02621
0.01628 1.56814 0.89849
0.01428 1.35284 0.77513
0.01631 1.51438 0.86768
0.01720 1.56990 0.89950
0.01262 1.13334 0.64936
0.00719 0.63830 0.36572
0.00961 0.84028 0.48145
0.01303 1.12290 0.64338
0.01345 1.14697 0.65717
0.00426 0.35916 0.20578
0.00309 0.25758 0.14758
0.00829 0.68709 0.39367
0.00952 0.78613 0.45042
0.00852 0.70727 0.40524
0.00627 0.52303 0.29968
0.00378 0.31544 0.18074
0.01339 1.12282 0.64333
0.00844 0.70851 0.40594
0.01047 0.87773 0.50290
0.00724 0.60701 0.34779
0.01210 1.01528 0.58171
0.01252 1.05452 0.60420
0.01042 0.88190 0.50529
0.01531 1.29899 0.74427
0.00424 0.36003 0.20628
0.00324 0.27523 0.15769
0.01675 1.42699 0.81761
0.01411 1.20910 0.69277
0.00852 0.73367 0.42036
0.01292 1.11442 0.63852
0.00435 0.37605 0.21546
0.01451 1.25452 0.71879
0.01396 1.21114 0.69393
0.01038 0.90530 0.51870
0.00998 0.87474 0.50119
0.01549 1.36215 0.78046
0.01156 1.01325 0.58055
0.01153 1.01709 0.58275
0.01420 1.25415 0.71858
0.01783 1.58441 0.90781
0.01171 1.04426 0.59832
0.01711 1.52006 0.87094
0.01946 1.73893 0.99635
0.01811 1.62229 0.92951
0.02083 1.87189 1.07253
0.01224 1.10084 0.63074
0.01516 1.37010 0.78502
0.01313 1.18994 0.68179
0.01494 1.35866 0.77846
0.01082 0.98491 0.56431
0.01078 0.98061 0.56185
0.01749 1.58484 0.90806
0.00584 0.53066 0.30404
0.01224 1.10759 0.63461
0.01099 1.01048 0.57896
0.00887 0.80721 0.46250
0.00876 0.79900 0.45780
0.01030 0.95388 0.54653
0.00471 0.43779 0.25084
0.00902 0.84507 0.48419
0.00681 0.62984 0.36087
0.00215 0.19957 0.11434
0.00596 0.55161 0.31605
0.00370 0.34305 0.19656
0.00394 0.36621 0.20982
0.01156 1.08326 0.62067
0.00454 0.43116 0.24704
0.00807 0.76619 0.43900
0.00585 0.55598 0.31855
0.00277 0.26454 0.15157
0.01710 1.62668 0.93203
0.00766 0.72007 0.41257
0.02827 2.66208 1.52531
0.00539 0.50463 0.28913
0.02957 2.77862 1.59208
0.00419 0.39334 0.22536
0.01443 1.36501 0.78210
0.01112 1.05043 0.60185
0.01456 1.38311 0.79247
0.01397 1.32848 0.76117
0.02161 2.06979 1.18592
0.01417 1.36508 0.78214
0.01257 1.21243 0.69467
0.00901 0.87660 0.50226
0.01536 1.48467 0.85066
0.01302 1.26202 0.72309
0.01727 1.68256 0.96405
0.02284 2.23957 1.28321
0.02155 2.12852 1.21958
0.01451 1.42951 0.81906
0.01804 1.77867 1.01912
0.01705 1.69258 0.96979
0.01435 1.42718 0.81772
0.01256 1.25881 0.72125
0.01203 1.21023 0.69341
0.01308 1.33536 0.76511
0.01415 1.47707 0.84630
0.01256 1.33543 0.76515
0.01068 1.15464 0.66156
0.01233 1.36212 0.78044
0.01314 1.48576 0.85128
0.00711 0.82776 0.47427
0.00986 1.17071 0.67077
0.00825 1.00877 0.57798
0.00368 0.45958 0.26332
0.00938 1.19473 0.68454
0.00952 1.25030 0.71637
0.00710 0.95877 0.54934
0.00565 0.78736 0.45113
0.00465 0.66557 0.38134
0.00540 0.80428 0.46082
0.01194 1.82766 1.04719
0.00710 1.13873 0.65245
0.00737 1.21625 0.69686
0.00927 1.50811 0.86409
0.01013 1.83521 1.05151
0.01189 2.04849 1.17372
0.00303 0.56053 0.32116
0.00549 1.01398 0.58097
0.00877 1.65388 0.94761
0.00389 0.74430 0.42645
0.00296 0.57838 0.33139
0.00375 0.73719 0.42238
0.03070 6.01991 3.44967
0.00715 1.42522 0.81660
0.01568 3.16282 1.81224
0.01290 2.60274 1.49130
0.01365 2.81880 1.61511
0.00727 1.51331 0.86707
0.00243 0.50326 0.28835
0.00995 2.09720 1.20163
0.00283 0.59375 0.34019
0.00315 0.67009 0.38394
0.00061 0.12805 0.07337
0.00522 1.07910 0.61828
0.01346 2.81776 1.61451
0.00966 1.97619 1.13229
0.01136 2.38233 1.36501
0.00940 1.97188 1.12982
0.00940 1.92830 1.10485
0.02121 4.35667 2.49639
0.01162 2.33154 1.33590
0.00908 1.82477 1.04553
0.01631 3.20772 1.83797
0.00751 1.45099 0.83136
0.01036 1.98035 1.13468
0.01029 1.93783 1.11031
0.00449 0.82990 0.47550
0.00911 1.63805 0.93855
0.00712 1.24126 0.71119
0.00360 0.61294 0.35119
0.00419 0.69224 0.39663
0.00745 1.19779 0.68629
0.00617 0.96629 0.55365
0.00779 1.19092 0.68235
0.00793 1.18508 0.67901
0.00675 0.98281 0.56311
0.00471 0.66577 0.38146
0.00521 0.72607 0.41601
0.00899 1.22480 0.70176
0.01326 1.77151 1.01502
0.01168 1.53961 0.88214
0.01089 1.42817 0.81829
0.01253 1.63762 0.93830
0.01099 1.43552 0.82250
0.01042 1.36586 0.78258
0.00732 0.95388 0.54654
0.01084 1.41320 0.80971
0.01311 1.70545 0.97716
0.00841 1.09584 0.62787
0.00708 0.92056 0.52744
0.00977 1.27326 0.72953
0.00740 0.96263 0.55155
0.01487 1.93955 1.11130
0.02375 3.10328 1.77812
0.01846 2.41282 1.38248
0.01646 2.16330 1.23950
0.01555 2.04616 1.17239
0.01661 2.19790 1.25933
0.01081 1.43548 0.82248
0.01194 1.59002 0.91103
0.01021 1.37009 0.78501
0.01597 2.15365 1.23397
0.01466 2.00284 1.14756
0.01586 2.19472 1.25750
0.00978 1.37116 0.78562
0.00771 1.09647 0.62824
0.01147 1.66404 0.95344
0.00958 1.41651 0.81161
0.01025 1.54025 0.88251
0.02237 3.39467 1.94509
0.01591 2.43411 1.39467
0.00938 1.44524 0.82807
0.01106 1.71277 0.98135
0.00936 1.46629 0.84013
0.01014 1.59860 0.91594
0.01282 2.03887 1.16821
0.00993 1.58815 0.90995
0.01286 2.07405 1.18836
0.01528 2.47803 1.41984
0.01674 2.73702 1.56825
0.01350 2.21129 1.26700
0.01779 2.92988 1.67876
0.01867 3.08283 1.76640
0.01743 2.88903 1.65535
0.01428 2.38267 1.36520
0.01615 2.69921 1.54658
0.01159 1.94474 1.11427
0.01517 2.55388 1.46331
0.01527 2.59694 1.48798
0.01726 2.94950 1.69000
0.01546 2.66494 1.52694
0.01930 3.36431 1.92770
0.01860 3.30462 1.89350
0.00719 1.29531 0.74216
0.01068 1.96435 1.12551
0.01063 1.99847 1.14506
0.01734 3.32426 1.90475
0.01458 2.86102 1.63930
0.01440 2.89885 1.66098
0.01571 3.23834 1.85552
0.01134 2.38285 1.36530
0.00911 1.97175 1.12975
0.00633 1.39647 0.80013
0.00625 1.42547 0.81674
0.00614 1.45292 0.83247
0.00493 1.16821 0.66934
0.00543 1.46303 0.83826
0.00575 1.55521 0.89108
0.00219 0.63986 0.36662
0.00485 1.50710 0.86351
0.00449 1.47379 0.84443
0.00406 1.41355 0.80991
0.00488 1.76850 1.01329
0.00599 2.22543 1.27510
0.00403 1.54341 0.88432
0.00634 2.44365 1.40014
0.00690 2.67340 1.53179
0.00969 3.77794 2.16473
0.01291 5.09568 2.91992
0.00796 3.14920 1.80443
0.00752 2.99268 1.71474
0.00581 2.34981 1.34638
0.01039 4.17367 2.39151
0.00901 3.64627 2.08927
0.00989 4.01422 2.30013
0.00792 3.23116 1.85140
0.01171 4.80776 2.75491
0.00993 4.11244 2.35642
0.01081 4.46797 2.56017
0.01017 4.28677 2.45632
0.00802 3.40649 1.95187
0.00820 3.44334 1.97299
0.00805 3.41682 1.95779
0.00473 2.00859 1.15086
0.00465 1.99525 1.14321
0.00075 0.32249 0.18477
0.00274 1.19024 0.68196
0.00299 1.30609 0.74834
0.00424 1.86089 1.06622
0.00438 1.89624 1.08648
0.00392 1.72626 0.98909
0.00407 1.80430 1.03380
0.00195 0.87043 0.49872
0.00809 3.59439 2.05954
0.00717 3.20262 1.83504
0.01101 4.91592 2.81690
0.00878 3.85696 2.21001
0.00678 2.87396 1.64671
0.01078 4.35806 2.49718
0.01011 3.90202 2.23584
0.01529 5.64866 3.23687
0.01093 3.87897 2.22263
0.01112 3.79498 2.17449
0.00594 1.96888 1.12811
0.00478 1.54520 0.88534
0.00938 2.95849 1.69515
0.01182 3.63858 2.08487
0.01165 3.48374 1.99614
0.00923 2.70895 1.55216
0.01476 4.22445 2.42061
0.00747 2.09582 1.20084
0.00768 2.10000 1.20323
0.00842 2.23779 1.28219
0.00494 1.27466 0.73033
0.03144 7.83222 4.48868
0.04269 10.37872 5.94924
0.03792 9.35839 5.36392
0.04772 11.90408 6.82457
0.02997 7.65199 4.38534
0.03719 9.59178 5.49780
0.02159 5.65163 3.23858
0.02333 6.15651 3.52798
0.02791 7.43074 4.25848
0.02094 5.60422 3.21140
0.01691 4.52533 2.59304
0.01934 5.22298 2.99289
0.01415 3.90357 2.23672
0.02291 6.43518 3.68772
0.01841 5.20937 2.98508
0.01137 3.22781 1.84948
0.00861 2.46115 1.41017
0.00920 2.64204 1.51382
0.01062 3.09000 1.77051
0.00700 2.06618 1.18385
0.00687 2.05515 1.17754
0.00692 2.23275 1.27930
0.00939 3.40503 1.95103
0.00203 0.86402 0.49505
0.00616 3.09985 1.77616
0.00664 4.11198 2.35616
0.00460 3.63581 2.08328
0.00360 3.85731 2.21022
0.00047 0.81459 0.46673
0.00127 4.87886 2.79566
0.00100 89.44025 53.12852
0.00765 41.98269 24.23456
0.00376 38.53872 22.22005
0.00303 72.85053 42.72319
0.00362 74.21109 43.56145
0.00429 92.37178 55.01425
0.00050 32.92960 18.95357
