-0.00917 -0.00065 0.09122
-0.00808 -0.00168 0.09402
-0.00862 -0.00352 0.09761
-0.01314 -0.00255 0.10357
-0.01761 -0.00075 0.11334
-0.01616 -0.00191 0.12693
-0.01706 -0.00092 0.13982
-0.01878 -0.00111 0.15335
-0.01647 -0.00382 0.16508
-0.02482 -0.00592 0.17231
-0.03088 -0.00686 0.17891
-0.03538 -0.00320 0.18542
-0.04314 -0.00635 0.19198
-0.03395 -0.00220 0.20200
-0.03626 -0.00603 0.20877
-0.04053 -0.00482 0.21488
-0.04214 -0.00336 0.21904
-0.04394 -0.00341 0.21977
-0.04371 -0.00327 0.22740
-0.04195 -0.00254 0.23061
-0.04190 -0.00253 0.23259
-0.03958 -0.00457 0.23854
-0.05855 -0.00017 0.24440
-0.07073 -0.01727 0.25298
-0.06839 -0.00744 0.25874
-0.06315 -0.00422 0.26724
-0.05998 -0.00288 0.27562
-0.05556 -0.00292 0.28863
-0.06750 -0.00532 0.29621
-0.06736 -0.00286 0.31013
-0.06733 -0.00212 0.31966
-0.07113 -0.00384 0.32966
-0.07525 -0.00192 0.34546
-0.07355 -0.00207 0.35870
-0.06595 -0.00918 0.37713
-0.06125 -0.01167 0.38766
-0.05713 -0.00826 0.39997
-0.06211 -0.00626 0.41660
-0.05548 -0.00107 0.43353
-0.05048 -0.00525 0.44740
-0.04585 -0.00736 0.46230
-0.03811 -0.00942 0.47590
-0.03646 -0.01014 0.49409
-0.02983 -0.00436 0.50941
-0.02589 0.00267 0.52894
-0.01906 -0.00432 0.54492
-0.01837 -0.01542 0.55873
-0.02137 -0.01528 0.57658
-0.00999 -0.00646 0.58994
-0.00337 -0.00094 0.60790
0.00054 -0.00584 0.62342
-0.00531 -0.01866 0.63905
-0.01266 -0.02122 0.65466
-0.00883 -0.01253 0.66538
-0.00415 -0.00879 0.68374
-0.00108 -0.00252 0.70064
-0.00791 -0.01476 0.71705
-0.00945 -0.03282 0.73095
-0.00740 -0.01005 0.74180
-0.01035 -0.01558 0.75560
-0.00997 -0.01024 0.76719
-0.00347 -0.01208 0.78730
-0.00422 -0.01590 0.79381
-0.00833 -0.02496 0.80207
-0.01030 -0.02657 0.80223
-0.01016 -0.01640 0.80761
-0.00648 -0.00930 0.82222
-0.00963 0.00224 0.83180
-0.01648 -0.03104 0.84471
-0.01255 -0.01019 0.84917
-0.01398 -0.02863 0.84824
-0.01596 -0.03038 0.84769
-0.01467 -0.02589 0.84254
-0.01148 -0.01256 0.84022
-0.01602 -0.01716 0.84478
-0.01450 -0.02807 0.84129
-0.01161 -0.03629 0.84340
-0.01064 -0.02162 0.83405
-0.01329 -0.01025 0.83675
-0.01045 -0.01173 0.83918
-0.01030 -0.02679 0.83932
-0.00703 -0.01647 0.84296
-0.00849 -0.01813 0.84370
-0.01085 -0.03765 0.83647
-0.00822 -0.01974 0.83509
-0.01172 -0.03302 0.83233
-0.01239 -0.01441 0.82950
-0.02001 -0.02071 0.82970
-0.01885 -0.01515 0.82926
-0.01575 -0.03194 0.82575
-0.00565 -0.02634 0.82567
-0.00779 -0.00829 0.82491
-0.01329 -0.01643 0.82477
-0.01213 -0.02610 0.82654
-0.00974 -0.02677 0.81835
-0.00760 -0.02364 0.81256
-0.02190 -0.03327 0.80541
-0.01859 -0.01499 0.80086
-0.02428 -0.01768 0.80017
-0.02094 -0.02215 0.79770
-0.01411 -0.02066 0.79653
-0.01835 -0.02638 0.78946
-0.01894 -0.02325 0.78543
-0.01154 -0.01519 0.78240
-0.01078 -0.01453 0.77842
-0.01551 -0.02728 0.77606
-0.01432 -0.02782 0.76713
-0.01252 -0.02311 0.75905
-0.00989 -0.02795 0.75029
-0.01270 -0.02266 0.73616
-0.00879 -0.02505 0.72948
-0.00853 -0.01872 0.71213
-0.01151 -0.02266 0.69775
-0.00688 -0.01932 0.68242
-0.00103 -0.01204 0.66730
0.00343 -0.02100 0.65128
-0.00092 -0.01889 0.63614
0.00006 -0.01815 0.62015
0.00618 -0.01757 0.60166
0.00998 -0.01542 0.58409
0.01782 -0.01436 0.56105
0.02126 -0.02120 0.53970
0.03424 -0.01397 0.51505
0.03530 -0.01644 0.49519
0.03622 -0.01186 0.47868
0.04550 -0.01540 0.45951
0.04736 -0.01417 0.46092
0.05301 -0.01994 0.44552
0.06539 -0.01844 0.44586
0.06847 -0.01503 0.43221
0.06622 -0.00499 0.44056
0.05929 -0.00433 0.43110
0.05836 -0.00846 0.43725
0.06798 -0.01328 0.43454
0.08105 -0.01705 0.42197
0.05906 -0.01431 0.42332
0.05533 -0.02018 0.41295
0.05562 -0.00927 0.42805
0.04901 0.00371 0.43529
0.05718 -0.00642 0.46045
0.06200 -0.00209 0.47587
0.05154 -0.00058 0.48390
0.05763 -0.01898 0.50900
0.04431 -0.01027 0.52184
0.02303 -0.00684 0.54080
0.02540 -0.00412 0.56105
0.01716 -0.01700 0.57618
0.02549 -0.01230 0.59432
0.01874 -0.00852 0.61046
0.01069 -0.01690 0.62840
0.00802 -0.00520 0.64157
-0.00521 -0.02287 0.65683
0.00731 -0.01216 0.67064
0.00699 -0.01440 0.68585
0.00310 -0.00825 0.70120
-0.00027 -0.01132 0.71689
0.00353 -0.02381 0.72421
-0.00410 -0.02735 0.73778
0.00000 -0.00261 0.74675
-0.00280 0.00282 0.76286
-0.00566 -0.01447 0.77560
-0.01485 -0.02034 0.77891
-0.01408 -0.03733 0.77646
-0.00629 -0.01009 0.76921
-0.01194 -0.02046 0.76995
-0.00481 -0.01181 0.77332
-0.00358 -0.02520 0.77226
-0.00367 -0.02551 0.77279
-0.00800 -0.03154 0.76429
-0.01636 -0.01785 0.76224
-0.00971 -0.01953 0.76184
-0.00890 -0.00672 0.75875
-0.01070 -0.01692 0.76912
-0.01383 -0.01704 0.76138
-0.01237 -0.02462 0.76075
-0.00488 -0.01546 0.75449
-0.00028 -0.01934 0.74994
-0.00195 -0.02629 0.75317
-0.01173 -0.02174 0.75406
-0.00494 -0.01035 0.75692
-0.00698 -0.02250 0.76395
-0.01024 -0.01167 0.76846
-0.01201 -0.01960 0.77166
-0.01527 -0.01678 0.77766
-0.00980 -0.01529 0.78622
-0.01273 -0.01754 0.78800
-0.02137 -0.02657 0.79802
-0.02572 -0.02491 0.79607
-0.01531 0.00147 0.80032
-0.01615 -0.02267 0.81278
-0.02289 -0.01209 0.82096
-0.01564 -0.02423 0.83257
-0.01066 -0.00720 0.83840
-0.01325 -0.01870 0.84626
-0.01479 -0.01869 0.85327
-0.01188 -0.02843 0.85672
-0.01675 -0.01918 0.86271
-0.00893 -0.02404 0.86328
-0.00693 -0.02114 0.86613
-0.00072 -0.01991 0.87070
-0.00510 -0.02131 0.87254
-0.00980 -0.01689 0.87927
-0.00289 -0.02670 0.87914
-0.00600 -0.02493 0.87520
-0.01382 -0.03754 0.86900
-0.01106 -0.02562 0.86063
-0.01096 -0.02399 0.86114
-0.01572 -0.01317 0.85514
-0.01526 -0.02029 0.85582
-0.00863 -0.00210 0.85398
-0.02039 -0.04030 0.85773
-0.02525 -0.03585 0.85268
-0.00471 -0.00891 0.83751
-0.00352 -0.02597 0.83130
-0.01541 -0.02999 0.83162
-0.01898 -0.02074 0.82630
-0.01845 -0.02350 0.82123
-0.01411 -0.01714 0.81733
-0.01572 -0.01760 0.81206
-0.02804 -0.02844 0.81249
-0.01906 -0.01304 0.81189
-0.02021 -0.01498 0.81108
-0.02121 -0.03243 0.80846
-0.01587 -0.01948 0.80130
-0.02022 -0.01787 0.79429
-0.01507 -0.02235 0.79641
-0.02072 -0.02906 0.78705
-0.02444 -0.02800 0.78021
-0.02563 -0.02165 0.77643
-0.01676 -0.01765 0.77156
-0.01873 -0.02826 0.77277
-0.02256 -0.00496 0.77089
-0.02058 -0.02865 0.76957
-0.01692 -0.03349 0.76306
-0.02027 -0.03023 0.75503
-0.01667 -0.01237 0.75123
-0.01943 -0.01174 0.75285
-0.02473 -0.03106 0.75594
-0.02171 -0.00137 0.75568
-0.02923 -0.02370 0.75840
-0.02614 -0.04082 0.75076
-0.02569 -0.02837 0.73912
-0.02729 -0.01331 0.73185
-0.02629 -0.01291 0.73702
-0.01759 0.00012 0.75128
-0.02733 -0.03043 0.75554
-0.03280 -0.02485 0.75509
-0.01470 -0.02385 0.74698
-0.02231 -0.01371 0.74552
-0.01746 -0.03616 0.74583
-0.01519 -0.00432 0.74683
-0.01984 -0.01454 0.75236
-0.02859 -0.01731 0.75511
-0.02526 -0.02298 0.75130
-0.01265 0.00026 0.76049
-0.00963 -0.00938 0.76437
-0.02903 -0.04069 0.76389
-0.03583 -0.04292 0.75667
-0.01886 -0.00634 0.75253
-0.00823 -0.01259 0.75516
-0.01423 -0.00150 0.76312
-0.02816 -0.02162 0.77355
-0.02209 -0.02653 0.77363
-0.01123 -0.04064 0.77144
-0.01891 -0.01915 0.76407
-0.01952 -0.00585 0.76522
-0.01915 -0.00831 0.76804
-0.02089 -0.02592 0.77579
-0.01875 -0.01749 0.77190
-0.01743 -0.02041 0.76804
-0.01645 -0.02799 0.76407
-0.01303 -0.01690 0.76164
-0.01164 -0.02192 0.76005
-0.01569 -0.01727 0.75905
-0.01601 -0.03235 0.75324
-0.01227 -0.01692 0.74393
-0.01010 -0.01901 0.74008
-0.01213 -0.00901 0.73454
-0.01132 -0.00799 0.74224
-0.01258 -0.01629 0.73656
-0.00919 -0.02513 0.72896
-0.00694 -0.03505 0.71090
-0.00504 -0.02462 0.69510
-0.01081 -0.01463 0.67533
-0.01245 -0.01953 0.66070
-0.00933 -0.02172 0.64646
-0.00637 -0.01134 0.62686
-0.01361 -0.01991 0.60945
-0.01204 -0.01885 0.58873
-0.01042 -0.01708 0.56246
-0.00621 -0.01471 0.53908
-0.01142 -0.02458 0.51367
-0.01816 -0.02305 0.49288
-0.01165 -0.00850 0.47097
-0.00624 -0.01152 0.45145
-0.00587 -0.00974 0.43647
-0.01321 -0.00330 0.41560
-0.02434 -0.01575 0.39746
-0.02406 -0.00257 0.37935
-0.02308 -0.01085 0.36168
-0.01533 -0.02043 0.33891
-0.01074 -0.01219 0.31680
-0.01330 -0.00754 0.30165
-0.01708 -0.00960 0.28412
-0.02247 -0.01069 0.26923
-0.03163 -0.01272 0.25167
-0.02637 -0.02444 0.24035
-0.02697 -0.00722 0.22646
-0.02508 -0.00628 0.21328
-0.03225 0.00075 0.21161
-0.03996 -0.00186 0.21336
-0.03719 0.00303 0.21015
-0.02643 -0.00049 0.21807
-0.02625 0.00141 0.21698
-0.03739 -0.00278 0.20965
-0.04545 -0.00161 0.21462
-0.04034 -0.00206 0.20933
-0.03959 -0.00468 0.21327
-0.04308 -0.00502 0.21223
-0.04506 -0.00562 0.20583
-0.04367 -0.01002 0.21234
-0.04043 -0.00995 0.21556
-0.04347 -0.01228 0.21819
-0.04591 -0.00300 0.24732
-0.05305 -0.00142 0.25402
-0.05207 -0.00328 0.28464
-0.05791 -0.00381 0.29796
-0.05718 0.00159 0.30070
-0.06041 -0.00233 0.32872
-0.06493 -0.00143 0.34472
-0.06544 0.00030 0.33810
-0.05973 -0.00383 0.36962
-0.05768 -0.00699 0.36485
-0.06234 -0.00837 0.39268
-0.06298 -0.00694 0.40530
-0.06043 -0.00573 0.40443
-0.06122 -0.00567 0.43292
-0.05445 -0.00699 0.44858
-0.05494 -0.00836 0.46258
-0.05221 -0.00704 0.48729
-0.05296 -0.00537 0.49892
-0.05098 -0.00453 0.52291
-0.04664 -0.00591 0.54670
-0.04045 -0.00899 0.56136
-0.03665 -0.01001 0.58519
-0.02982 -0.00609 0.59813
-0.02734 -0.00859 0.62105
-0.02248 -0.00795 0.63885
-0.02008 -0.00760 0.65892
-0.01548 -0.01108 0.67608
-0.01775 -0.00917 0.69116
-0.01896 -0.00867 0.70679
-0.01530 -0.01042 0.72236
-0.01171 -0.00836 0.74104
-0.00797 -0.01160 0.75209
-0.01089 -0.01211 0.77310
-0.01259 -0.01837 0.78485
-0.01273 -0.01895 0.80264
-0.01397 -0.01635 0.81930
-0.01143 -0.00908 0.83571
-0.01197 -0.01159 0.84550
-0.01318 -0.01884 0.86175
-0.01019 -0.02440 0.86709
-0.01056 -0.01912 0.88114
-0.01136 -0.01635 0.89409
-0.01104 -0.01389 0.91009
-0.00967 -0.02664 0.92311
-0.01391 -0.02082 0.93118
-0.01454 -0.02162 0.94217
-0.01456 -0.00907 0.95265
-0.01720 -0.01769 0.96718
-0.01773 -0.01502 0.97825
-0.01464 -0.02441 0.98669
-0.01569 -0.02122 0.98425
-0.01421 -0.02321 0.98917
-0.01430 -0.02343 0.98774
-0.01419 -0.02539 0.98885
-0.01602 -0.02082 0.98829
-0.01731 -0.02283 0.99085
-0.01902 -0.01990 0.99808
-0.02000 -0.02097 0.99123
-0.01781 -0.03187 0.99334
-0.01839 -0.02084 0.99889
-0.01932 -0.02912 0.98936
-0.01951 -0.02169 0.99690
-0.02146 -0.03010 0.98994
-0.01737 -0.02749 0.99095
-0.01795 -0.02780 0.98630
-0.01864 -0.02295 0.99373
-0.02058 -0.02840 0.99476
-0.01635 -0.03229 0.99014
-0.01590 -0.02296 0.98703
-0.01712 -0.02207 0.98607
-0.01006 -0.01537 0.98993
-0.00896 -0.03009 0.99315
-0.00731 -0.02484 0.99041
-0.00692 -0.02303 0.99560
-0.01219 -0.04097 0.98556
-0.01278 -0.01940 0.98213
-0.01503 -0.02098 0.98124
-0.01391 -0.02061 0.98375
-0.01590 -0.02624 0.98708
-0.01643 -0.03835 0.98049
-0.01330 -0.02726 0.97595
-0.01290 -0.02588 0.97447
-0.01777 -0.01818 0.97388
-0.01643 -0.02899 0.97369
-0.01642 -0.03959 0.96979
-0.01314 -0.02084 0.96901
-0.01458 -0.03320 0.95931
-0.01432 -0.02502 0.95171
-0.01424 -0.02655 0.95170
-0.01692 -0.03207 0.94911
-0.01219 -0.02618 0.94864
-0.01406 -0.02768 0.94557
-0.01434 -0.02131 0.94358
-0.01016 -0.03331 0.94068
-0.01218 -0.02722 0.93690
-0.01397 -0.03055 0.93567
-0.01057 -0.02567 0.93413
-0.00703 -0.02157 0.93180
-0.00862 -0.03509 0.92774
-0.00965 -0.02600 0.92371
-0.00898 -0.02346 0.91788
-0.00741 -0.02511 0.90960
-0.01414 -0.02310 0.89982
-0.01263 -0.02668 0.88898
-0.01308 -0.03165 0.88105
-0.01163 -0.02841 0.86413
-0.01113 -0.02462 0.85394
-0.01385 -0.02651 0.83970
-0.01168 -0.02576 0.82655
-0.01364 -0.02832 0.81790
-0.01288 -0.01591 0.80671
-0.01130 -0.02561 0.79804
-0.01062 -0.01745 0.78839
-0.01131 -0.02577 0.77333
-0.01230 -0.01857 0.75764
-0.01292 -0.01875 0.74295
-0.01374 -0.02372 0.72664
-0.01547 -0.01801 0.71854
-0.01653 -0.02429 0.69314
-0.01391 -0.02412 0.68528
-0.01169 -0.02550 0.67146
-0.01942 -0.01703 0.66053
-0.01658 -0.01757 0.64737
-0.02199 -0.01746 0.63714
-0.02257 -0.01588 0.62618
-0.02587 -0.01972 0.61771
-0.02160 -0.01719 0.61068
-0.03013 -0.01767 0.59942
-0.03392 -0.01456 0.59098
-0.04485 -0.01542 0.57208
-0.05029 -0.01129 0.56263
-0.05510 -0.01887 0.55270
-0.06026 -0.01582 0.53916
-0.05995 -0.01685 0.53328
-0.06521 -0.01624 0.51995
-0.07427 -0.01811 0.50387
-0.08145 -0.01467 0.49715
-0.07966 -0.01448 0.49013
-0.07555 -0.02082 0.48569
-0.06798 -0.00765 0.48267
-0.06222 -0.00958 0.48411
-0.06347 -0.00558 0.47960
-0.07451 -0.01237 0.47598
-0.08505 -0.01348 0.48090
-0.07836 -0.01726 0.46680
-0.06049 -0.00980 0.46046
-0.05253 -0.01387 0.46684
-0.06133 -0.01602 0.45254
-0.06322 -0.01868 0.46106
-0.06689 -0.01154 0.44284
-0.06341 0.00136 0.43853
-0.05480 -0.00409 0.45438
-0.04910 -0.00405 0.44855
-0.06657 -0.00884 0.46860
-0.05721 -0.01010 0.46513
-0.04310 -0.01281 0.46988
-0.03432 -0.01714 0.47605
-0.03702 -0.01024 0.47350
-0.03240 -0.01125 0.48345
-0.02951 -0.00820 0.48590
-0.02437 -0.01099 0.49405
-0.02254 -0.01574 0.50066
-0.01981 -0.01151 0.50936
-0.02199 -0.01463 0.51708
-0.01281 -0.00875 0.52638
-0.01052 -0.00966 0.53858
-0.00536 -0.00903 0.54873
-0.01442 -0.02093 0.56043
-0.01953 -0.00968 0.57128
-0.02124 -0.00789 0.59234
-0.00918 -0.00705 0.60142
0.00024 -0.01553 0.61872
-0.00641 -0.02506 0.63239
-0.01691 -0.01682 0.64619
-0.01009 -0.00768 0.65708
-0.01108 -0.00120 0.67548
-0.00670 -0.01102 0.69869
-0.00646 -0.01260 0.71421
-0.01714 -0.01106 0.73063
-0.01868 -0.01941 0.74709
-0.01057 -0.00612 0.76183
-0.01122 -0.01648 0.78543
-0.01002 -0.01724 0.80164
-0.01572 -0.02201 0.81527
-0.02220 -0.02591 0.82581
-0.01097 -0.00108 0.83546
-0.00916 -0.00704 0.85569
-0.00846 -0.02238 0.86883
-0.00335 -0.02170 0.87732
-0.01061 -0.02961 0.88510
-0.00408 -0.01880 0.89754
-0.00458 -0.01527 0.90607
-0.00872 -0.01577 0.91580
-0.01230 -0.01645 0.92658
-0.01599 -0.02585 0.93700
-0.01594 -0.01711 0.93954
-0.01489 -0.02635 0.93983
-0.00987 -0.02483 0.93431
-0.00634 -0.01862 0.93110
-0.01030 -0.02148 0.93221
-0.01065 -0.02060 0.93750
-0.01209 -0.03968 0.93307
-0.01035 -0.03404 0.92460
-0.01703 -0.03053 0.91721
-0.01509 -0.01665 0.90946
-0.01235 -0.00986 0.92176
-0.01498 -0.02829 0.91510
-0.01132 -0.02247 0.91586
-0.00372 -0.02399 0.91865
-0.01273 -0.02296 0.89536
-0.00078 -0.01665 0.90396
-0.01319 -0.02794 0.89859
0.00170 -0.03150 0.89020
0.00172 -0.01760 0.88673
0.01540 -0.01427 0.88202
0.01817 -0.03794 0.88160
0.02137 -0.01910 0.87282
0.02972 -0.02949 0.87099
0.02957 -0.01868 0.86637
0.02662 -0.04073 0.86469
0.03285 -0.02238 0.86410
0.03225 -0.04318 0.84795
0.03335 -0.00831 0.84675
0.02143 -0.02111 0.84474
0.01246 -0.02015 0.85553
0.01623 -0.02818 0.85445
0.01508 -0.03189 0.85586
0.01781 -0.00641 0.86129
0.01369 -0.00645 0.86765
-0.00037 -0.02699 0.88230
0.01031 -0.03163 0.88403
0.00906 -0.01852 0.88956
0.00017 -0.02028 0.89112
0.00167 -0.01802 0.90431
0.00608 0.00568 0.92709
0.00770 -0.03096 0.93361
-0.00208 -0.02407 0.94781
-0.00634 -0.02299 0.94815
-0.01290 -0.01584 0.95470
-0.01685 -0.03094 0.96203
-0.02398 -0.01199 0.97998
-0.01895 -0.02579 0.99597
-0.01584 -0.01904 1.00453
-0.01740 -0.02660 1.01099
-0.01468 -0.01957 1.02677
-0.01599 -0.02987 1.02653
-0.01766 -0.02333 1.03752
-0.01741 -0.02900 1.04046
-0.01622 -0.02444 1.04851
-0.01367 -0.02583 1.05483
-0.01013 -0.02493 1.05686
-0.00941 -0.02516 1.05837
-0.00923 -0.03009 1.05741
-0.00544 -0.01628 1.05987
-0.01040 -0.03532 1.05938
-0.00398 -0.02721 1.05592
-0.00810 -0.03959 1.04917
-0.00803 -0.03431 1.04631
-0.00888 -0.02901 1.04616
-0.01023 -0.02721 1.04361
-0.01063 -0.02693 1.04540
-0.01794 -0.02210 1.04717
-0.01634 -0.03560 1.02725
-0.01644 -0.02378 1.03161
-0.01615 -0.03381 1.02871
-0.01756 -0.02206 1.02757
-0.01366 -0.02961 1.02374
-0.01005 -0.02821 1.02086
-0.00596 -0.02694 1.01625
-0.01247 -0.03229 1.01144
-0.00677 -0.02557 1.01207
-0.00747 -0.02831 1.00261
-0.00534 -0.02457 1.00670
-0.01284 -0.03746 0.99894
-0.01065 -0.03375 0.99424
-0.01225 -0.01706 0.99132
-0.01352 -0.03487 0.99016
-0.01730 -0.01321 0.98776
-0.01091 -0.03075 0.98443
-0.01646 -0.02841 0.98217
-0.02207 -0.02675 0.97545
-0.02407 -0.02557 0.97012
-0.01912 -0.03024 0.97091
-0.02230 -0.03010 0.96712
-0.02087 -0.03030 0.96134
-0.01239 -0.03144 0.95967
-0.01566 -0.02511 0.95385
-0.01642 -0.03018 0.95099
-0.01111 -0.02668 0.94522
-0.01871 -0.02095 0.93957
-0.01644 -0.02938 0.93242
-0.01546 -0.02513 0.92198
-0.01197 -0.02830 0.91540
-0.01103 -0.02841 0.89526
-0.01694 -0.02784 0.88271
-0.01800 -0.02867 0.86760
-0.02176 -0.03129 0.85216
-0.00532 -0.02615 0.83271
-0.00192 -0.02451 0.81137
-0.00114 -0.02478 0.78808
0.00832 -0.02283 0.76421
0.00111 -0.02849 0.73833
-0.00083 -0.01844 0.71409
-0.00139 -0.02486 0.68567
-0.00320 -0.02855 0.65859
-0.00367 -0.02308 0.63306
-0.00608 -0.02271 0.60630
-0.00292 -0.02110 0.57874
-0.00070 -0.01778 0.55635
0.00045 -0.01863 0.52475
-0.00007 -0.01586 0.49569
-0.00641 -0.01608 0.46328
-0.39120 0.00956 0.19332
-0.36764 0.00390 0.16171
-0.34305 0.00844 0.13874
-0.30831 0.00822 0.13824
-0.27751 0.01162 0.13298
-0.24912 0.00369 0.09460
-0.22314 0.00544 0.10140
-0.20408 0.00777 0.09529
-0.00847 -0.01176 0.20128
-0.00602 -0.00777 0.19688
-0.00806 -0.00915 0.18881
-0.00539 -0.00463 0.18526
-0.01218 -0.00071 0.17648
-0.01235 -0.00438 0.16537
-0.01127 -0.00590 0.15046
-0.00463 -0.00587 0.14062
-0.00293 -0.00572 0.13275
-0.00642 -0.00427 0.12608
-0.00092 -0.00559 0.11963
-0.01044 -0.00533 0.11232
-0.00901 -0.00437 0.10525
-0.00936 0.00017 0.09359
-0.01122 -0.00189 0.07723
-0.00414 -0.00136 0.06311
-0.00326 -0.00269 0.04872
-0.00298 0.00082 0.03711
-0.00438 -0.00090 0.02621
-0.00289 -0.00054 0.01698
-0.00134 0.00131 0.00927
-0.00259 0.00115 0.00546
0.00459 -0.00008 -0.00601
0.00009 -0.00170 -0.00117
0.00353 0.00036 0.00251
0.00504 0.00070 0.00348
0.00381 0.00018 0.00179
0.00448 0.00022 0.00178
0.00411 0.00036 0.00370
0.00483 0.00026 0.00200
0.00596 0.00030 0.00288
0.00354 0.00066 0.00294
0.00231 0.00062 0.00473
-0.00140 0.00055 0.00191
0.00400 -0.00032 0.00801
-0.00422 0.00014 0.00358
-0.00246 0.00139 0.00643
0.00300 0.00172 0.00278
-0.00489 0.00019 0.00363
-0.00131 0.00075 0.00376
0.00560 0.00107 -0.00195
-0.00365 0.00102 0.00393
-0.00715 0.00019 0.00255
0.00215 -0.00166 -0.00798
-0.00464 0.00181 0.00500
0.00180 -0.00106 -0.00433
0.00271 -0.00163 -0.00328
0.00411 -0.00026 -0.00358
-0.00379 0.00054 0.00154
-0.00253 -0.00007 -0.00146
-0.00163 0.00012 0.00058
0.00199 0.00013 0.00092
0.00140 -0.00004 -0.00103
-0.00378 0.00042 0.00198
-0.00166 0.00024 0.00231
0.00277 -0.00009 -0.00103
-0.00136 0.00043 0.00180
-0.00462 0.00025 0.00258
-0.00321 0.00009 0.00231
0.00200 -0.00000 -0.00118
0.00065 0.00000 -0.00030
-0.00053 0.00001 0.00033
0.00074 -0.00001 -0.00058
0.00139 0.00004 -0.00061
-0.00572 -0.00016 0.00285
-0.00408 -0.00012 0.00248
-0.00284 -0.00011 0.00173
-0.00142 -0.00007 0.00062
0.00321 0.00018 -0.00150
0.00131 0.00008 -0.00095
0.00051 -0.00000 -0.00082
-0.00129 -0.00002 0.00208
0.02339 0.00141 -0.04637
0.03064 0.00172 -0.01756
0.02653 0.00920 -0.01458
-0.02345 -0.00280 0.02517
-0.00942 -0.00099 0.02738
-0.02683 0.00343 0.02443
-0.02626 0.00186 0.02011
-0.02741 0.00250 0.02620
-0.01214 0.00194 0.03320
0.03506 0.00312 0.02175
0.04013 0.00187 0.01474
-0.00514 -0.00017 0.04785
-0.00772 -0.00070 0.04987
-0.00630 -0.00071 0.05403
-0.01732 -0.00307 0.05876
-0.02734 -0.00387 0.06523
-0.02331 -0.00217 0.08340
-0.02804 -0.00466 0.10263
-0.00765 0.00564 0.11775
-0.02257 0.00066 0.13477
-0.02003 -0.00294 0.15087
-0.03167 -0.00193 0.16192
-0.03285 -0.00325 0.17754
-0.03189 -0.00141 0.18674
-0.02834 -0.00351 0.19732
-0.03556 -0.00504 0.20787
-0.03855 -0.00916 0.21693
-0.04349 -0.00914 0.22683
-0.04627 -0.00588 0.23926
-0.05303 -0.00228 0.25979
-0.06176 -0.00880 0.28128
-0.06627 -0.00851 0.31177
-0.06297 -0.00888 0.33508
-0.05985 -0.00243 0.36172
-0.06443 0.00603 0.39757
-0.06849 0.00064 0.41993
-0.06721 -0.00715 0.45083
-0.06438 0.00025 0.48699
-0.07213 -0.00648 0.50318
-0.06833 -0.00408 0.53897
-0.06444 -0.00303 0.54637
-0.06508 -0.00913 0.56838
-0.06708 -0.00894 0.60539
-0.07155 -0.01120 0.61138
-0.06455 -0.01249 0.65012
-0.05650 -0.01054 0.65829
-0.05704 -0.00989 0.68459
-0.04832 -0.00964 0.71685
-0.04469 -0.01233 0.73450
-0.03224 -0.01040 0.76511
-0.02691 -0.01211 0.78981
-0.02428 -0.01485 0.81255
-0.02659 -0.02065 0.83241
-0.02269 -0.01317 0.85209
-0.02571 -0.00578 0.87469
-0.02852 -0.01049 0.90053
-0.02575 -0.01806 0.92098
-0.02760 -0.02285 0.94266
-0.01940 -0.00570 0.96556
-0.01810 -0.01008 0.98927
-0.01583 -0.01488 1.01471
-0.01675 -0.01555 1.03820
-0.01567 -0.01393 1.05554
-0.01738 -0.01962 1.07675
-0.01221 -0.02387 1.09519
-0.01055 -0.01066 1.11318
-0.01554 -0.01775 1.12588
-0.01745 -0.02061 1.14384
-0.01591 -0.02745 1.15982
-0.01508 -0.02834 1.17262
-0.01424 -0.02133 1.18642
-0.01253 -0.01859 1.20026
-0.00902 -0.02358 1.20606
-0.00792 -0.02923 1.21062
-0.01192 -0.02814 1.20424
-0.01155 -0.02913 1.19868
-0.01190 -0.03223 1.19760
-0.01721 -0.04096 1.19149
-0.01811 -0.03091 1.19134
-0.01567 -0.03067 1.19218
-0.01320 -0.03128 1.19252
-0.01124 -0.03606 1.19078
-0.00924 -0.03496 1.18670
-0.01121 -0.03346 1.18054
-0.01453 -0.03857 1.17757
-0.01337 -0.02231 1.17753
-0.01268 -0.02147 1.17690
-0.01530 -0.03815 1.17343
-0.01535 -0.03885 1.16648
-0.01078 -0.03281 1.16098
-0.01387 -0.03406 1.15868
-0.01096 -0.02338 1.15712
-0.01567 -0.03367 1.15578
-0.01363 -0.03713 1.15175
-0.00826 -0.03439 1.14637
-0.01006 -0.03003 1.14043
-0.01598 -0.02686 1.13673
-0.01723 -0.02677 1.14025
-0.01567 -0.03171 1.13346
-0.02152 -0.03261 1.13135
-0.02635 -0.03650 1.12450
-0.02042 -0.02860 1.12037
-0.01834 -0.02652 1.12494
-0.02148 -0.03469 1.11824
-0.01810 -0.02750 1.11562
-0.02216 -0.02955 1.11212
-0.01494 -0.03496 1.11111
-0.01801 -0.02568 1.10619
-0.01363 -0.02403 1.10321
-0.01740 -0.03436 1.09892
-0.01171 -0.02597 1.09820
-0.00942 -0.03159 1.09885
-0.01029 -0.03496 1.10301
0.00089 -0.02688 1.10008
-0.00531 -0.03086 1.10506
-0.00841 -0.02093 1.08735
-0.00954 -0.02832 1.09828
-0.01252 -0.03148 1.09575
-0.00912 -0.02232 1.07988
-0.01029 -0.03515 1.07523
-0.01324 -0.02848 1.06733
-0.01150 -0.03025 1.08087
-0.00647 -0.02639 1.07578
-0.01062 -0.02982 1.07958
-0.01183 -0.02632 1.07801
-0.01332 -0.02774 1.07609
-0.02037 -0.03419 1.06673
-0.01932 -0.02221 1.05198
-0.02128 -0.03020 1.05215
-0.01846 -0.02833 1.05183
-0.01860 -0.02517 1.04683
-0.02179 -0.03779 1.05013
-0.01675 -0.01859 1.06298
-0.02264 -0.03791 1.06121
-0.00578 -0.01123 1.06797
-0.01641 -0.04397 1.06311
-0.01200 -0.02445 1.06608
-0.01039 -0.03230 1.05646
-0.01027 -0.01910 1.05816
-0.01726 -0.03002 1.05242
-0.01561 -0.03060 1.05076
-0.01653 -0.03773 1.04310
-0.01154 -0.03325 1.03766
-0.01007 -0.02923 1.03626
-0.00925 -0.01966 1.02818
-0.00975 -0.03143 1.03425
-0.00779 -0.02794 1.03139
-0.00845 -0.03315 1.02565
-0.01272 -0.03325 1.01908
-0.01267 -0.02707 1.01191
-0.01214 -0.01815 1.01481
-0.00970 -0.02660 1.01357
-0.01337 -0.02807 1.00669
-0.00985 -0.03225 1.00487
-0.01083 -0.02717 0.99701
-0.01137 -0.02618 0.99394
-0.01326 -0.02242 0.97924
-0.01388 -0.02813 0.95749
-0.01324 -0.02891 0.93973
-0.01210 -0.01950 0.92453
-0.01581 -0.03513 0.90462
-0.02006 -0.02914 0.88368
-0.01779 -0.03123 0.85835
-0.01699 -0.02959 0.84152
-0.01952 -0.02293 0.81752
-0.02037 -0.02976 0.79924
-0.02216 -0.03542 0.78402
-0.02264 -0.03201 0.76019
-0.02042 -0.02315 0.73976
-0.02149 -0.02384 0.71652
-0.02597 -0.02504 0.69716
-0.02571 -0.02372 0.67008
-0.02228 -0.01427 0.65273
-0.02648 -0.02320 0.62229
-0.02714 -0.02085 0.60541
-0.03182 -0.02304 0.61336
-0.04335 -0.02153 0.54977
-0.02594 -0.01329 0.57971
-0.03587 -0.01478 0.53882
-0.03840 -0.01548 0.53966
-0.03546 -0.01859 0.52875
-0.04953 -0.01689 0.51987
-0.04366 -0.01162 0.51042
-0.04422 -0.00859 0.50670
-0.02181 0.00323 0.50957
-0.05218 -0.00945 0.49860
-0.06322 -0.02083 0.49125
-0.07048 -0.01956 0.49020
-0.07559 -0.01374 0.47814
-0.06338 -0.00981 0.47580
-0.05637 -0.00647 0.47986
-0.07459 -0.00847 0.46839
-0.07812 -0.01233 0.47035
-0.07342 -0.00329 0.46365
-0.05972 -0.00177 0.46905
-0.05520 -0.00771 0.48040
-0.06964 -0.01497 0.47226
-0.08246 -0.01645 0.48160
-0.07753 -0.01382 0.47014
-0.05838 -0.00577 0.47303
-0.05025 -0.01071 0.48478
-0.05517 -0.01272 0.48349
-0.05851 -0.00744 0.49469
-0.05225 -0.00178 0.49477
-0.04310 -0.01587 0.50630
-0.02946 -0.01078 0.51636
-0.03154 -0.01291 0.52198
-0.02040 -0.01352 0.53046
-0.02282 -0.00929 0.54104
-0.02683 -0.01294 0.55510
-0.01795 -0.01442 0.57311
-0.02071 -0.00999 0.58672
-0.02075 -0.01053 0.60460
-0.01882 -0.01412 0.62129
-0.01766 -0.01506 0.63771
-0.01805 -0.01696 0.65404
-0.01859 -0.01604 0.66910
-0.01525 -0.00894 0.68701
-0.00999 -0.01636 0.70687
-0.00736 -0.01336 0.71699
-0.01395 -0.01010 0.73380
-0.01199 -0.01701 0.74831
-0.01272 -0.01284 0.75818
-0.01302 -0.01486 0.76231
-0.01479 -0.01849 0.76504
-0.01214 -0.01771 0.76552
-0.01134 -0.01754 0.76275
-0.00524 -0.02106 0.76695
-0.00215 -0.02018 0.76680
-0.00160 -0.02215 0.76836
-0.00694 -0.02101 0.76721
-0.01332 -0.01891 0.76865
-0.01301 -0.02208 0.76663
-0.01272 -0.02008 0.76886
-0.01509 -0.01878 0.76613
-0.01416 -0.01826 0.76506
-0.01418 -0.01617 0.76482
-0.01479 -0.01943 0.76063
-0.01408 -0.01830 0.75970
-0.01502 -0.01919 0.75540
-0.01153 -0.02036 0.75288
-0.00908 -0.02602 0.75043
-0.00685 -0.01947 0.74528
-0.01104 -0.02109 0.74124
-0.01121 -0.02170 0.73153
-0.00925 -0.01770 0.72242
-0.00523 -0.02136 0.71291
-0.01081 -0.01493 0.70273
-0.01093 -0.02890 0.68870
-0.00504 -0.02241 0.67604
-0.00215 -0.02820 0.66487
-0.01485 -0.00800 0.65863
-0.01286 -0.01467 0.65316
-0.00692 -0.02060 0.64897
-0.00719 -0.02284 0.64545
-0.00656 -0.01679 0.63808
-0.01014 -0.02028 0.63363
-0.01391 -0.01913 0.62844
-0.01029 -0.01573 0.62514
-0.00893 -0.01332 0.61996
-0.01107 -0.01597 0.61631
-0.01301 -0.01916 0.61114
-0.00995 -0.01980 0.61007
-0.00888 -0.01694 0.60676
-0.01197 -0.01461 0.60527
-0.00869 -0.01676 0.60294
-0.00828 -0.01627 0.59919
-0.00889 -0.02086 0.59775
-0.00334 -0.01506 0.59576
-0.00650 -0.01604 0.59381
-0.00757 -0.01309 0.58777
-0.01233 -0.01391 0.58496
-0.00939 -0.01776 0.57993
-0.01451 -0.01293 0.57340
-0.01175 -0.01574 0.56254
-0.00464 -0.01676 0.55468
-0.00296 -0.01552 0.54367
-0.00374 -0.01779 0.53165
-0.00571 -0.01604 0.52128
-0.00331 -0.01637 0.50928
-0.00119 -0.01668 0.49651
-0.00566 -0.01585 0.48472
-0.00237 -0.01296 0.47565
-0.00530 -0.01389 0.46203
-0.00414 -0.01257 0.45319
-0.00282 -0.01006 0.43841
-0.00297 -0.01282 0.42219
-0.00435 -0.01069 0.42205
-0.00615 -0.00796 0.37101
-0.00803 -0.01021 0.36942
-0.00260 -0.01134 0.34237
0.00131 -0.01113 0.32135
0.00120 -0.00859 0.30466
-0.00026 -0.00893 0.28699
-0.00337 -0.00954 0.27581
-0.00084 -0.01271 0.26901
0.00053 -0.00906 0.26066
0.00096 -0.00620 0.25932
-0.00087 -0.00789 0.25812
-0.00000 -0.00391 0.25645
-0.00156 -0.00474 0.25329
-0.00262 -0.00641 0.25269
-0.00363 -0.00688 0.25117
-0.00320 -0.00587 0.24723
-0.00607 -0.00697 0.24865
-0.00648 -0.00746 0.24704
-0.00748 -0.00802 0.24617
-0.00836 -0.00491 0.24495
-0.01136 -0.00784 0.24316
-0.00950 -0.00755 0.24108
-0.01128 -0.00527 0.24173
-0.01240 -0.00329 0.23692
-0.00834 -0.00726 0.23531
-0.00629 -0.00761 0.23792
-0.00622 -0.00634 0.23531
-0.00410 -0.00710 0.23538
-0.01006 -0.00590 0.23269
-0.00687 -0.00787 0.23097
-0.00058 -0.00790 0.23013
0.00016 -0.00506 0.22873
0.00042 -0.00378 0.22767
-0.00161 -0.00625 0.23096
-0.00161 -0.00616 0.22717
-0.00161 -0.00678 0.22551
0.00052 -0.00757 0.22437
-0.00458 -0.00459 0.22486
-0.00243 -0.00622 0.22390
-0.00439 -0.00564 0.22388
-0.00190 -0.00821 0.22756
-0.00003 -0.00724 0.23564
0.00083 -0.00805 0.24717
-0.00007 -0.00706 0.25912
-0.00422 -0.00435 0.27066
-0.00037 -0.00354 0.28173
0.00289 -0.00466 0.29302
0.00494 -0.00439 0.30168
0.00131 -0.00549 0.30919
-0.00180 -0.00475 0.31701
-0.00269 -0.00419 0.32470
-0.00343 -0.00375 0.33436
-0.00149 -0.00429 0.34082
-0.00548 -0.01032 0.34930
0.00574 -0.01133 0.35603
0.00189 -0.01093 0.36539
-0.00474 -0.00802 0.37634
-0.00471 -0.00447 0.38753
-0.00625 -0.00551 0.40135
0.01022 -0.00161 0.41117
0.01181 -0.01102 0.40487
0.00816 -0.02345 0.40008
-0.00762 -0.01744 0.39120
-0.03109 -0.01258 0.38626
-0.03235 -0.00594 0.38051
-0.03698 -0.00069 0.37707
-0.03643 -0.00147 0.37380
-0.02484 0.00186 0.37279
-0.02833 -0.01170 0.37247
-0.04306 -0.01787 0.36730
-0.04137 -0.00822 0.35991
-0.04707 -0.00204 0.35293
-0.03471 -0.00895 0.35149
-0.02545 -0.00577 0.35131
-0.02011 -0.01737 0.34882
-0.02516 -0.00776 0.34703
-0.00516 -0.01699 0.34336
-0.00116 -0.00726 0.33861
0.00975 -0.01085 0.33381
0.01991 -0.01263 0.30923
0.01137 -0.00308 0.27543
0.00765 -0.00806 0.23452
0.00424 -0.00977 0.19835
0.00430 -0.00640 0.16127
0.00731 -0.00482 0.12613
0.00934 -0.00412 0.09266
0.00045 -0.00123 0.05725
-0.00336 0.00041 0.02577
-0.00077 0.00072 -0.00035
-0.01060 0.00005 -0.01483
-0.00149 -0.00792 -0.00549
-0.00158 0.00015 -0.00384
0.00072 0.00468 -0.00115
0.00015 0.00462 0.00049
0.00035 -0.00003 0.00149
