0.02713 2.07014 1.18613
0.03368 2.56171 1.46779
0.02262 1.71781 0.98425
0.02375 1.80026 1.03149
0.02212 1.67510 0.95978
0.02325 1.75179 1.00372
0.02648 1.99057 1.14053
0.02980 2.23944 1.28313
0.02667 1.99790 1.14473
0.01399 1.04572 0.59916
0.01907 1.42488 0.81640
0.01029 0.76201 0.43660
0.02406 1.77998 1.01986
0.03458 2.55644 1.46477
0.03585 2.65157 1.51928
0.02717 2.00545 1.14906
0.01122 0.82205 0.47100
0.01453 1.06301 0.60906
0.02862 2.07863 1.19099
0.03374 2.45956 1.40926
0.03030 2.20395 1.26280
0.03036 2.20677 1.26441
0.02610 1.89111 1.08354
0.01649 1.18987 0.68175
0.02623 1.89684 1.08683
0.01776 1.27445 0.73021
0.02509 1.79547 1.02874
0.02554 1.82673 1.04665
0.01867 1.33740 0.76628
0.02196 1.56555 0.89700
0.02599 1.84729 1.05844
0.02480 1.76164 1.00936
0.03740 2.65298 1.52009
0.03423 2.42191 1.38768
0.03546 2.50431 1.43490
0.03017 2.12024 1.21483
0.03583 2.51835 1.44295
0.03954 2.77252 1.58859
0.03652 2.55605 1.46455
0.02532 1.77390 1.01638
0.02788 1.94656 1.11532
0.03796 2.65618 1.52192
0.02373 1.66167 0.95208
0.01542 1.07825 0.61779
0.02485 1.74418 0.99936
0.02372 1.66570 0.95439
0.03159 2.22455 1.27460
0.02300 1.62256 0.92967
0.02029 1.43519 0.82231
0.01716 1.21400 0.69557
0.03087 2.18269 1.25062
0.01528 1.08405 0.62112
0.02630 1.87792 1.07598
0.02745 1.95702 1.12131
0.03265 2.32875 1.33431
0.03164 2.26587 1.29827
0.03559 2.55235 1.46243
0.03489 2.50902 1.43760
0.03986 2.87674 1.64831
0.02854 2.05839 1.17939
0.03309 2.38656 1.36743
0.02567 1.85708 1.06404
0.03110 2.24618 1.28699
0.04322 3.13432 1.79591
0.01259 0.91388 0.52362
0.03131 2.28694 1.31035
0.01614 1.18100 0.67667
0.02285 1.67712 0.96093
0.00825 0.60769 0.34818
0.00467 0.34478 0.19755
0.01089 0.80564 0.46160
0.00294 0.21804 0.12493
0.01749 1.30005 0.74488
0.02097 1.55851 0.89297
0.03828 2.85533 1.63604
0.01608 1.20127 0.68828
0.03394 2.53943 1.45503
0.01969 1.46417 0.83891
0.01259 0.93851 0.53773
0.01384 1.03423 0.59257
0.01112 0.83478 0.47830
0.01412 1.06255 0.60880
0.02092 1.58037 0.90550
0.01057 0.79372 0.45477
0.00356 0.26697 0.15296
0.01874 1.40400 0.80444
0.02214 1.65952 0.95085
0.01966 1.46338 0.83846
0.01658 1.21526 0.69630
0.01165 0.85912 0.49224
0.00355 0.26093 0.14950
0.01392 1.02805 0.58903
0.01394 1.02779 0.58888
0.04729 3.48338 1.99593
0.00759 0.55924 0.32042
0.04242 3.14462 1.80181
0.03190 2.35541 1.34958
0.02717 2.00977 1.15153
0.03589 2.65109 1.51901
0.02818 2.09350 1.19951
0.02581 1.90851 1.09351
0.02165 1.60316 0.91855
0.01954 1.44702 0.82909
0.01489 1.10310 0.63203
0.00427 0.31688 0.18156
0.02281 1.69183 0.96936
0.03546 2.63882 1.51198
0.03323 2.45611 1.40728
0.02317 1.71717 0.98388
0.01832 1.36147 0.78007
0.01635 1.21681 0.69718
0.01190 0.88366 0.50630
0.01699 1.26090 0.72245
0.02714 2.01213 1.15289
0.02593 1.92078 1.10054
0.04161 3.08423 1.76720
0.02630 1.95283 1.11891
0.01573 1.16455 0.66724
0.01264 0.93659 0.53663
0.03148 2.33014 1.33510
0.01280 0.94702 0.54261
0.01641 1.20774 0.69199
0.02030 1.49142 0.85453
0.02525 1.85595 1.06339
0.02523 1.85523 1.06299
0.03863 2.83097 1.62208
0.03239 2.36583 1.35555
0.02144 1.55783 0.89258
0.03390 2.45714 1.40787
0.04007 2.91044 1.66762
0.04876 3.54417 2.03077
0.05265 3.81122 2.18380
0.04612 3.34273 1.91533
0.03545 2.55291 1.46275
0.03154 2.26181 1.29595
0.03420 2.45060 1.40412
0.03552 2.53805 1.45423
0.02903 2.07093 1.18658
0.02790 1.98589 1.13785
0.03499 2.48448 1.42354
0.03547 2.51746 1.44244
0.02774 1.95482 1.12005
0.03393 2.38959 1.36917
0.02530 1.77889 1.01924
0.01044 0.73501 0.42113
0.02458 1.72602 0.98895
0.03277 2.28539 1.30946
0.01160 0.80683 0.46228
0.01532 1.06526 0.61035
0.02337 1.62478 0.93094
0.03766 2.60065 1.49011
0.02727 1.88068 1.07757
0.02410 1.65594 0.94879
0.01865 1.27563 0.73089
0.02146 1.46934 0.84188
0.03155 2.14697 1.23014
0.02584 1.75465 1.00535
0.03204 2.17147 1.24419
0.02794 1.88717 1.08129
0.01854 1.25489 0.71900
0.02854 1.91998 1.10008
0.02999 2.02022 1.15752
0.03234 2.17045 1.24360
0.03126 2.09744 1.20177
0.03341 2.24036 1.28366
0.03326 2.23062 1.27808
0.02953 1.97557 1.13193
0.02444 1.63235 0.93528
0.03163 2.11437 1.21147
0.03011 2.00511 1.14886
0.02569 1.70571 0.97731
0.01732 1.15038 0.65912
0.02371 1.56912 0.89905
0.02148 1.42165 0.81455
0.02237 1.47495 0.84509
0.02290 1.51142 0.86599
0.02033 1.33611 0.76554
0.02159 1.41595 0.81129
0.01375 0.90433 0.51814
0.02199 1.43895 0.82447
0.01951 1.27684 0.73158
0.01767 1.15244 0.66030
0.02709 1.76847 1.01327
0.03396 2.21287 1.26791
0.03054 1.98499 1.13733
0.04323 2.80822 1.60905
0.03151 2.05235 1.17593
0.03247 2.11090 1.20948
0.03869 2.51452 1.44075
0.03101 2.00572 1.14921
0.02592 1.68176 0.96359
0.02383 1.54742 0.88661
0.03592 2.33265 1.33654
0.01718 1.11423 0.63841
0.02752 1.77857 1.01906
0.01582 1.02520 0.58740
0.03310 2.13940 1.22581
0.01663 1.07845 0.61791
0.03017 1.94567 1.11481
0.02344 1.51096 0.86573
0.00063 0.04067 0.02330
0.01772 1.14239 0.65454
0.02594 1.67829 0.96160
0.00345 0.22211 0.12726
0.02937 1.88981 1.08280
0.01437 0.92270 0.52867
0.01653 1.06022 0.60746
0.02002 1.28103 0.73398
0.02597 1.65487 0.94818
0.02193 1.39468 0.79910
0.03534 2.23912 1.28295
0.02666 1.67977 0.96245
0.00274 0.17310 0.09918
0.03983 2.50111 1.43307
0.03993 2.50061 1.43278
0.02214 1.38431 0.79316
0.02482 1.54768 0.88676
0.01558 0.96914 0.55528
0.01917 1.18721 0.68022
0.01289 0.79957 0.45812
0.02662 1.63872 0.93893
0.02971 1.82536 1.04587
0.02115 1.29807 0.74375
0.02105 1.29227 0.74042
0.02389 1.46529 0.83955
0.01970 1.20691 0.69151
0.01004 0.61705 0.35354
0.02375 1.45803 0.83539
0.02157 1.32303 0.75805
0.02484 1.52684 0.87482
0.01644 1.01050 0.57898
0.02284 1.41063 0.80824
0.01390 0.85760 0.49137
0.03030 1.87762 1.07581
0.02903 1.80541 1.03444
0.02974 1.84502 1.05714
0.02758 1.71483 0.98254
0.02767 1.71025 0.97991
0.02514 1.56425 0.89626
0.03596 2.24748 1.28774
0.01724 1.07559 0.61627
0.02476 1.54740 0.88661
0.02806 1.75576 1.00599
0.01654 1.03693 0.59412
0.01910 1.19461 0.68447
0.01431 0.89916 0.51518
0.01869 1.17312 0.67215
0.02366 1.48658 0.85176
0.01924 1.20912 0.69278
0.01898 1.19267 0.68336
0.02189 1.38060 0.79103
0.02680 1.67710 0.96092
0.00875 0.54779 0.31386
0.01863 1.16584 0.66798
0.00808 0.50320 0.28831
0.01087 0.68372 0.39174
0.02715 1.65484 0.94816
0.00908 0.56405 0.32318
0.00726 0.46669 0.26739
0.01404 0.87380 0.50065
0.00496 0.30908 0.17709
0.00751 0.46518 0.26653
0.00691 0.42810 0.24528
0.01444 0.89060 0.51028
0.01963 1.21852 0.69817
0.02082 1.28731 0.73758
0.02151 1.32916 0.76156
0.02919 1.80114 1.03199
