-0.02548 -0.02267 1.31028
-0.02986 -0.04220 1.31383
-0.01808 -0.03328 1.31607
-0.02109 -0.02947 1.31900
-0.01813 -0.02652 1.32033
-0.01914 -0.01917 1.32694
-0.02025 -0.03532 1.32962
-0.01917 -0.04446 1.32990
-0.02113 -0.03227 1.33414
-0.00596 -0.02568 1.33760
-0.01949 -0.02856 1.33807
-0.01336 -0.02132 1.35011
-0.02024 -0.00879 1.35153
-0.02961 -0.02333 1.35203
-0.02757 -0.03824 1.35126
-0.02283 -0.04172 1.35391
-0.00958 -0.03845 1.36423
-0.01822 -0.01222 1.36642
-0.02729 -0.03758 1.37598
-0.02323 -0.00347 1.37154
-0.02570 -0.03748 1.37389
-0.02697 -0.04124 1.37471
-0.02275 -0.04125 1.37918
-0.01368 -0.03826 1.38513
-0.02307 -0.04215 1.38190
-0.01910 -0.01817 1.39310
-0.02803 -0.02472 1.39694
-0.02549 -0.01344 1.39789
-0.02043 -0.01933 1.39562
-0.01732 -0.03471 1.40240
-0.03047 -0.02530 1.40629
-0.02678 -0.02496 1.40732
-0.03631 -0.02531 1.40911
-0.03235 -0.02670 1.41263
-0.03427 -0.02518 1.41532
-0.02985 -0.01272 1.42241
-0.03623 -0.03099 1.42188
-0.03682 -0.00611 1.42579
-0.03644 -0.01994 1.42833
-0.02441 -0.02709 1.42714
-0.02542 -0.02609 1.43164
-0.03100 -0.03975 1.42812
-0.01817 -0.02645 1.42790
-0.01073 -0.02263 1.42948
-0.02099 -0.02728 1.42451
-0.02064 -0.03202 1.42369
-0.02195 -0.04252 1.41923
-0.01901 -0.03378 1.41720
-0.01558 -0.03598 1.41335
-0.02230 -0.02430 1.41273
-0.03509 -0.02125 1.41367
-0.01956 -0.01997 1.40970
-0.03215 -0.02190 1.39971
-0.03171 -0.02061 1.40221
-0.03823 -0.02014 1.40158
-0.03449 -0.02349 1.39584
-0.03349 -0.03961 1.39338
-0.03073 -0.03981 1.38972
-0.04141 -0.02443 1.38482
-0.02933 -0.03182 1.38576
-0.03883 -0.03046 1.38579
-0.03433 -0.02104 1.38157
-0.03627 -0.00669 1.38428
-0.04964 -0.01450 1.37809
-0.01881 -0.01753 1.37717
-0.03939 -0.03052 1.36816
-0.02730 -0.03225 1.36567
-0.03236 -0.03447 1.36147
-0.02018 -0.03526 1.35709
-0.01837 -0.03003 1.35289
-0.02357 -0.03186 1.35134
-0.01401 -0.02431 1.34976
-0.02397 -0.01343 1.34503
-0.03299 -0.01580 1.34488
0.00232 -0.06329 1.33925
-0.01701 -0.04355 1.33804
-0.03103 -0.04293 1.33542
-0.02841 -0.01345 1.34448
-0.01936 -0.01622 1.34118
-0.01027 -0.02142 1.33841
-0.01911 -0.04167 1.33159
-0.01277 -0.04226 1.32801
-0.01802 -0.04029 1.32307
-0.01635 -0.02730 1.33130
-0.00423 -0.02073 1.33287
-0.02322 -0.01765 1.33423
-0.02515 -0.02226 1.33352
-0.02564 -0.03828 1.34261
-0.01673 -0.02421 1.36405
-0.02723 -0.02549 1.35564
-0.02133 -0.03422 1.35905
-0.02677 -0.03589 1.35314
-0.02712 -0.02901 1.35542
-0.05300 -0.00338 1.35648
-0.02656 -0.03521 1.35713
-0.05485 -0.02013 1.34765
-0.04571 -0.02913 1.35318
-0.04118 -0.02642 1.35123
-0.05021 -0.02341 1.35253
-0.04205 -0.02314 1.34544
-0.03691 -0.01876 1.35148
-0.03314 -0.02335 1.34987
-0.03345 -0.03068 1.34993
-0.02860 -0.03776 1.34877
-0.01513 -0.02758 1.34757
-0.03365 -0.04117 1.34711
-0.04298 -0.02326 1.34279
-0.03776 -0.02139 1.35245
-0.02243 -0.01846 1.34915
-0.02225 -0.04676 1.34439
-0.02535 -0.03553 1.34316
-0.01898 -0.04498 1.34534
-0.02296 -0.03403 1.34673
-0.02493 -0.01056 1.34865
-0.02167 -0.02511 1.34982
-0.03439 -0.01662 1.34874
-0.02126 -0.03546 1.34624
-0.01412 -0.02589 1.35033
-0.00865 -0.04149 1.34936
-0.03041 -0.04286 1.34996
-0.01352 -0.02666 1.35111
-0.01720 -0.02789 1.35815
-0.01739 -0.03953 1.36063
-0.02262 -0.04278 1.35961
-0.02705 -0.04030 1.35901
-0.01813 -0.02265 1.36440
-0.01673 -0.01496 1.36897
-0.01883 -0.02617 1.37617
-0.02291 -0.01169 1.37954
-0.02634 -0.02468 1.37627
-0.03392 -0.03067 1.37493
-0.03714 -0.05593 1.37982
-0.04185 -0.03323 1.37858
-0.04047 -0.00773 1.38800
-0.03476 -0.02495 1.39374
-0.02603 0.00111 1.39544
-0.02707 -0.00723 1.39940
-0.02183 -0.00755 1.40158
-0.02688 -0.02647 1.40426
-0.03051 -0.01963 1.40784
-0.03366 -0.02597 1.40822
-0.02312 -0.02092 1.41847
-0.03035 -0.02051 1.41931
-0.01891 -0.02486 1.42188
-0.01813 -0.03924 1.42002
-0.02701 -0.02774 1.42361
-0.03365 -0.00438 1.43348
-0.03276 -0.02713 1.43757
-0.02479 -0.01547 1.43760
-0.02795 -0.02127 1.43767
-0.03922 -0.03608 1.44713
-0.02539 -0.03963 1.44901
-0.02806 -0.03133 1.45489
-0.02447 -0.02306 1.46171
-0.02950 -0.02540 1.46025
-0.03877 -0.04130 1.46828
-0.02864 -0.03478 1.47186
-0.03039 -0.03777 1.47451
-0.03417 -0.03372 1.47991
-0.02616 -0.02665 1.47716
-0.03387 -0.03153 1.48581
-0.03293 -0.03675 1.48361
-0.03420 -0.02437 1.48923
-0.03248 -0.02640 1.48989
-0.03206 -0.03311 1.49075
-0.03196 -0.03041 1.49054
-0.02531 -0.02945 1.49403
-0.02207 -0.02376 1.49662
-0.03057 -0.03167 1.49528
-0.03149 -0.03901 1.50068
-0.02748 -0.03165 1.50535
-0.02054 -0.03040 1.50524
-0.02505 -0.02246 1.51041
-0.02257 -0.02980 1.51075
-0.01944 -0.04810 1.51559
-0.01878 -0.04421 1.51423
-0.02169 -0.02796 1.52098
-0.02115 -0.02841 1.52439
-0.01394 -0.02042 1.52051
-0.02334 -0.03393 1.52792
-0.02066 -0.02542 1.52755
-0.01619 -0.03436 1.53264
-0.02710 -0.03102 1.53113
-0.03315 -0.03238 1.53405
-0.03033 -0.02865 1.53789
-0.04064 -0.02628 1.53861
-0.02945 -0.03284 1.53444
-0.02855 -0.03937 1.53738
-0.03616 -0.01730 1.53797
-0.03458 -0.03140 1.54552
-0.02633 -0.04218 1.54064
-0.02407 -0.03350 1.53943
-0.03893 -0.03304 1.53912
-0.01985 -0.03424 1.54144
-0.02395 -0.02628 1.54665
-0.01217 -0.02607 1.54249
-0.03110 -0.02907 1.54656
-0.02012 -0.03532 1.54176
0.02112 -0.04905 1.54983
-0.02235 -0.02474 1.55084
-0.00339 -0.03893 1.55402
-0.01766 -0.02855 1.55074
0.00658 -0.06417 1.54408
-0.00167 -0.03668 1.55457
-0.03426 -0.03354 1.55347
-0.01667 -0.03856 1.55656
-0.01917 -0.03785 1.55875
-0.02383 -0.02951 1.56241
-0.03176 -0.03386 1.56892
-0.02330 -0.02482 1.57178
-0.03289 -0.01482 1.57783
-0.02354 -0.01492 1.58665
-0.00496 -0.03369 1.58438
-0.03749 -0.01947 1.59179
-0.03920 -0.02871 1.59608
-0.01987 -0.04131 1.59894
-0.01944 -0.05148 1.60252
-0.02282 -0.04612 1.60711
-0.02175 -0.05060 1.61379
-0.01744 -0.02522 1.61169
-0.02343 -0.01183 1.62409
-0.00374 -0.00732 1.62751
-0.02260 -0.03137 1.62889
-0.02442 -0.04352 1.62805
-0.02834 -0.04647 1.62932
-0.02412 -0.03969 1.63132
-0.01553 -0.04330 1.62569
-0.02356 -0.05827 1.62774
-0.02840 -0.04448 1.62914
-0.02377 -0.02724 1.62663
-0.01538 -0.03225 1.62662
-0.02313 -0.04379 1.61814
-0.01237 -0.03234 1.62005
-0.03256 -0.05760 1.61217
-0.03450 -0.03604 1.60712
-0.03319 -0.04592 1.61087
-0.02445 -0.01531 1.60784
-0.02979 -0.02253 1.61739
-0.02389 -0.04772 1.60598
-0.03405 -0.04438 1.59888
-0.01698 -0.02450 1.60284
-0.02467 -0.03630 1.59937
-0.02720 -0.04290 1.59757
-0.02273 -0.03785 1.59440
-0.02395 -0.03245 1.59849
-0.02127 -0.03756 1.59144
-0.02288 -0.03410 1.59292
-0.02842 -0.03150 1.59096
-0.02414 -0.02941 1.59069
-0.02688 -0.04084 1.59092
-0.02656 -0.04080 1.58500
-0.02282 -0.01606 1.59797
-0.01652 -0.03538 1.59713
-0.02113 -0.04784 1.59686
-0.00921 -0.03549 1.60569
-0.01606 -0.02530 1.58897
-0.02340 -0.01842 1.64052
-0.01593 -0.03117 1.61005
-0.01654 -0.04495 1.55560
-0.02259 -0.03716 1.60600
-0.00949 -0.03849 1.60549
-0.01032 -0.02658 1.61431
-0.01460 -0.03217 1.61314
-0.02082 -0.04493 1.62030
-0.02358 -0.04864 1.60992
-0.02813 -0.03209 1.61648
-0.02820 -0.03219 1.61770
-0.03503 -0.03474 1.61980
