0.01848 1.41006 0.80791
0.02224 1.69111 0.96895
0.01702 1.29300 0.74084
0.02061 1.56219 0.89508
0.02312 1.75082 1.00316
0.02012 1.51629 0.86878
0.02794 2.10020 1.20335
0.02676 2.01050 1.15195
0.02235 1.67450 0.95943
0.02877 2.15018 1.23199
0.02717 2.03006 1.16316
0.01739 1.28787 0.73790
0.02180 1.61266 0.92399
0.03020 2.23248 1.27914
0.02561 1.89396 1.08517
0.01143 0.84403 0.48360
0.01772 1.29804 0.74373
0.01771 1.29604 0.74258
0.04458 3.23834 1.85551
0.02350 1.71308 0.98154
0.01881 1.36828 0.78397
0.01832 1.33214 0.76327
0.01870 1.35497 0.77634
0.02459 1.77431 1.01662
0.02286 1.65291 0.94706
0.01729 1.24072 0.71088
0.02930 2.09681 1.20141
0.02114 1.51227 0.86648
0.01745 1.25044 0.71645
0.02933 2.09093 1.19804
0.02100 1.49237 0.85507
0.02630 1.86810 1.07036
0.02263 1.60551 0.91990
0.02661 1.88259 1.07866
0.02756 1.94630 1.11517
0.02003 1.40750 0.80645
0.03116 2.18989 1.25474
0.02038 1.42862 0.81854
0.02959 2.07089 1.18655
0.02167 1.51786 0.86968
0.02341 1.63463 0.93658
0.02515 1.76021 1.00854
0.02857 2.00045 1.14619
0.02447 1.71124 0.98048
0.02290 1.60739 0.92098
0.02079 1.45971 0.83636
0.02846 2.00439 1.14845
0.02263 1.59618 0.91456
0.02832 2.00268 1.14747
0.01557 1.10199 0.63140
0.02561 1.81086 1.03756
0.02129 1.51018 0.86528
0.02242 1.60120 0.91743
0.02560 1.82483 1.04556
0.01790 1.27635 0.73130
0.01977 1.41569 0.81114
0.02657 1.90530 1.09168
0.03049 2.19260 1.25629
0.02416 1.74348 0.99896
0.02605 1.87861 1.07638
0.02179 1.57169 0.90052
0.01992 1.44106 0.82568
0.01162 0.83881 0.48060
0.01859 1.34783 0.77226
0.01850 1.34316 0.76958
0.02126 1.55267 0.88962
0.01323 0.96843 0.55487
0.01383 1.01492 0.58151
0.01711 1.26034 0.72213
0.01178 0.87040 0.49871
0.01791 1.32506 0.75921
0.00549 0.40641 0.23285
0.01378 1.02434 0.58691
0.01312 0.97514 0.55872
0.01921 1.43265 0.82085
0.00640 0.47800 0.27387
0.02638 1.97365 1.13084
0.00754 0.56032 0.32104
0.00948 0.70645 0.40477
0.00582 0.43468 0.24906
0.01058 0.79379 0.45481
0.00719 0.54113 0.31005
0.01610 1.21627 0.69688
0.01306 0.98109 0.56213
0.02143 1.60739 0.92097
0.02163 1.62097 0.92875
0.02073 1.55373 0.89023
0.01224 0.91116 0.52206
0.00433 0.31762 0.18198
0.00138 0.10142 0.05811
0.00303 0.22310 0.12782
0.01365 1.00797 0.57753
0.00907 0.66857 0.38307
0.01275 0.93887 0.53793
0.00409 0.30125 0.17260
0.00960 0.71165 0.40775
0.00742 0.54823 0.31411
0.01559 1.15265 0.66043
0.00899 0.66431 0.38062
0.00696 0.51719 0.29633
0.00756 0.55925 0.32043
0.00927 0.68674 0.39347
0.00710 0.52585 0.30129
0.00972 0.72058 0.41286
0.00683 0.50693 0.29045
0.01866 1.38400 0.79298
0.01763 1.31240 0.75196
0.00419 0.30994 0.17758
0.00728 0.53973 0.30924
0.01779 1.32248 0.75773
0.00839 0.62395 0.35750
0.00971 0.72102 0.41311
0.01309 0.97124 0.55648
0.01349 1.00030 0.57313
0.02220 1.64434 0.94215
0.01655 1.22686 0.70294
0.02350 1.74504 0.99984
0.01299 0.96182 0.55108
0.02537 1.87890 1.07654
0.02300 1.70261 0.97554
0.02127 1.57397 0.90183
0.02211 1.62742 0.93245
0.02361 1.73418 0.99363
0.02295 1.68667 0.96640
0.02243 1.64955 0.94513
0.05203 3.81256 2.18457
0.04053 2.96052 1.69632
0.03460 2.51389 1.44039
0.03382 2.45147 1.40462
0.04241 3.08065 1.76515
0.03384 2.45996 1.40949
0.02765 2.00125 1.14665
0.02387 1.73054 0.99154
0.02222 1.60036 0.91695
0.03708 2.65931 1.52371
0.03262 2.33752 1.33933
0.03142 2.24510 1.28637
0.02004 1.42994 0.81930
0.02290 1.62997 0.93392
0.01775 1.26061 0.72228
0.01988 1.41136 0.80866
0.01679 1.18304 0.67784
0.01511 1.06418 0.60973
0.01074 0.75546 0.43285
0.01611 1.13419 0.64985
0.02329 1.63567 0.93718
0.01930 1.34580 0.77109
0.02051 1.42575 0.81690
0.02128 1.47998 0.84798
0.01528 1.06221 0.60860
0.01949 1.34608 0.77125
0.02791 1.92479 1.10284
0.01986 1.36433 0.78171
0.01375 0.94023 0.53872
0.01410 0.96557 0.55323
0.01854 1.26202 0.72309
0.02068 1.40430 0.80461
0.02735 1.85354 1.06201
0.02140 1.44499 0.82792
0.01760 1.19128 0.68256
0.02080 1.39954 0.80189
0.02751 1.85335 1.06191
0.02360 1.58377 0.90744
0.02838 1.90409 1.09098
0.02542 1.70405 0.97636
0.02351 1.57634 0.90318
0.02924 1.95626 1.12087
0.02456 1.64075 0.94009
0.02567 1.71625 0.98335
0.02214 1.47469 0.84495
0.01861 1.23552 0.70791
0.02019 1.34078 0.76822
0.02217 1.46716 0.84063
0.01832 1.21226 0.69458
0.01938 1.27811 0.73231
0.02349 1.55042 0.88833
0.02261 1.48593 0.85138
0.02503 1.64128 0.94039
0.02700 1.77526 1.01716
0.02482 1.62371 0.93033
0.02071 1.35515 0.77645
0.02680 1.74828 1.00170
0.02462 1.60766 0.92113
0.02452 1.59742 0.91527
0.02212 1.43780 0.82380
0.02473 1.60666 0.92056
0.02447 1.59425 0.91345
0.02203 1.43251 0.82077
0.01925 1.25141 0.71701
0.02271 1.46864 0.84148
0.02305 1.49563 0.85694
0.01786 1.15953 0.66437
0.01710 1.11024 0.63612
0.01790 1.16064 0.66500
0.01953 1.26209 0.72313
0.01523 0.98721 0.56563
0.01918 1.23984 0.71038
0.01472 0.95429 0.54677
0.01236 0.79677 0.45651
0.01341 0.86437 0.49525
0.01366 0.87880 0.50351
0.01542 0.99406 0.56956
0.01149 0.74341 0.42594
0.01182 0.76044 0.43570
0.01815 1.16787 0.66914
0.02133 1.36987 0.78489
0.02135 1.36928 0.78455
0.02149 1.37495 0.78779
0.01684 1.07313 0.61486
0.01953 1.24248 0.71189
0.02144 1.35870 0.77848
0.02318 1.46057 0.83685
0.01926 1.21522 0.69628
0.02340 1.46980 0.84214
0.01995 1.24964 0.71600
0.02264 1.41547 0.81101
0.01898 1.18346 0.67807
0.01727 1.07393 0.61532
0.01658 1.02696 0.58841
0.01424 0.88351 0.50622
0.00934 0.57530 0.32962
0.01491 0.91609 0.52488
0.01510 0.92688 0.53106
0.01569 0.96328 0.55192
0.01469 0.90084 0.51614
0.01554 0.95230 0.54563
0.01545 0.95014 0.54439
0.02093 1.28505 0.73628
0.01445 0.88650 0.50793
0.02362 1.45147 0.83164
0.02019 1.24068 0.71086
0.01628 1.00591 0.57635
0.01389 0.85708 0.49107
0.02657 1.64653 0.94340
0.02586 1.60846 0.92159
0.02788 1.72940 0.99089
0.02048 1.27365 0.72975
0.03183 1.96737 1.12724
0.02683 1.66968 0.95667
0.02315 1.44715 0.82917
0.02576 1.60697 0.92074
0.02578 1.61154 0.92335
0.02620 1.63890 0.93903
0.01933 1.21186 0.69435
0.02138 1.33704 0.76608
0.01324 0.83157 0.47645
0.01651 1.03627 0.59374
0.01754 1.10208 0.63145
0.01325 0.83286 0.47720
0.01469 0.92271 0.52867
0.01775 1.11951 0.64144
0.01758 1.10001 0.63026
0.01272 0.79625 0.45622
0.01894 1.18529 0.67912
0.01126 0.70129 0.40181
0.01641 1.03254 0.59160
0.01428 0.87023 0.49861
0.01148 0.71296 0.40850
0.00993 0.63801 0.36555
0.01769 1.10110 0.63089
0.01747 1.08811 0.62344
0.01762 1.09115 0.62518
0.01420 0.87995 0.50418
0.01644 1.01436 0.58119
0.01630 1.01166 0.57964
0.01399 0.86546 0.49587
0.01561 0.96451 0.55262
0.02128 1.31311 0.75236
