-0.01683 -0.02186 1.31044
-0.01637 -0.04122 1.31410
-0.01305 -0.03083 1.31619
-0.01409 -0.03585 1.31893
-0.01857 -0.02795 1.32029
-0.01411 -0.02602 1.32689
-0.01916 -0.03893 1.32954
-0.01884 -0.04063 1.33002
-0.01992 -0.02606 1.33430
-0.02314 -0.03185 1.33728
-0.02074 -0.03859 1.33780
-0.01811 -0.02866 1.34992
-0.01596 -0.02951 1.35130
-0.01402 -0.04334 1.35178
-0.01355 -0.04006 1.35142
-0.01234 -0.02550 1.35445
-0.01875 -0.03916 1.36411
-0.02429 -0.01690 1.36627
-0.02740 -0.05884 1.37523
-0.01585 -0.01060 1.37161
-0.01303 -0.03884 1.37403
-0.01780 -0.02956 1.37516
-0.01377 -0.04094 1.37931
-0.02242 -0.04143 1.38492
-0.02229 -0.03752 1.38205
-0.01663 -0.01517 1.39316
-0.02286 -0.04747 1.39645
-0.02263 -0.02653 1.39775
-0.01960 -0.02635 1.39552
-0.02343 -0.03897 1.40220
-0.02472 -0.03187 1.40627
-0.02422 -0.03746 1.40709
-0.02012 -0.03200 1.40930
-0.02192 -0.03374 1.41268
-0.01939 -0.03949 1.41527
-0.02139 -0.02464 1.42241
-0.02241 -0.04574 1.42177
-0.02116 -0.02233 1.42594
-0.02481 -0.03579 1.42827
-0.01902 -0.03310 1.42710
-0.01973 -0.03188 1.43162
-0.01663 -0.03920 1.42838
-0.01879 -0.03700 1.42766
-0.01808 -0.03275 1.42921
-0.01807 -0.03198 1.42445
-0.01668 -0.03595 1.42364
-0.02004 -0.03964 1.41934
-0.01815 -0.03487 1.41719
-0.02134 -0.04163 1.41312
-0.02042 -0.03459 1.41254
-0.02789 -0.03788 1.41348
-0.02497 -0.03748 1.40926
-0.02647 -0.03488 1.39956
-0.02536 -0.03944 1.40194
-0.02369 -0.03760 1.40155
-0.02260 -0.02963 1.39596
-0.02060 -0.04367 1.39351
-0.02383 -0.04290 1.38976
-0.02433 -0.03502 1.38500
-0.02524 -0.03614 1.38573
-0.02310 -0.04019 1.38590
-0.02679 -0.03379 1.38148
-0.02594 -0.02905 1.38422
-0.02247 -0.03691 1.37838
-0.02156 -0.04239 1.37659
-0.02318 -0.04101 1.36826
-0.02130 -0.03646 1.36567
-0.01985 -0.03652 1.36165
-0.02163 -0.04401 1.35681
-0.02058 -0.03705 1.35268
-0.02148 -0.04233 1.35109
-0.01851 -0.03098 1.34957
-0.01932 -0.03101 1.34481
-0.02203 -0.03924 1.34463
-0.01852 -0.04622 1.33983
-0.01920 -0.03119 1.33836
-0.02092 -0.04200 1.33565
-0.01879 -0.03297 1.34431
-0.01499 -0.03544 1.34086
-0.01574 -0.03644 1.33803
-0.01465 -0.04055 1.33168
-0.01809 -0.03636 1.32812
-0.01720 -0.03511 1.32323
-0.01954 -0.02722 1.33126
-0.02223 -0.03279 1.33245
-0.01936 -0.03510 1.33395
-0.01730 -0.03429 1.33339
-0.01838 -0.03533 1.34281
-0.01850 -0.03784 1.36371
-0.02026 -0.03353 1.35558
-0.01981 -0.03658 1.35901
-0.02056 -0.04095 1.35311
-0.01741 -0.03331 1.35548
-0.02153 -0.02191 1.35717
-0.02252 -0.03981 1.35708
-0.02210 -0.02592 1.34849
-0.02129 -0.03428 1.35367
-0.02122 -0.02509 1.35172
-0.02563 -0.03508 1.35296
-0.02254 -0.03440 1.34567
-0.02338 -0.03349 1.35149
-0.02226 -0.03741 1.34978
-0.02076 -0.03447 1.35009
-0.02162 -0.04010 1.34883
-0.01967 -0.03515 1.34734
-0.02256 -0.04859 1.34710
-0.01381 -0.01749 1.34349
-0.01099 -0.04085 1.35248
-0.00693 -0.02504 1.34921
-0.01170 -0.05260 1.34430
-0.01172 -0.02138 1.34364
-0.02206 -0.04169 1.34539
-0.01658 -0.03535 1.34679
-0.01490 -0.02753 1.34856
-0.00935 -0.04172 1.34955
-0.01041 -0.02431 1.34902
-0.01419 -0.04234 1.34614
-0.01181 -0.02782 1.35031
-0.02465 -0.04535 1.34904
-0.02389 -0.03132 1.35040
-0.02191 -0.02789 1.35097
-0.02176 -0.03319 1.35797
-0.02205 -0.03738 1.36062
-0.02304 -0.03802 1.35974
-0.02784 -0.03071 1.35924
-0.03009 -0.02967 1.36406
-0.02460 -0.03033 1.36859
-0.02932 -0.03539 1.37578
-0.02342 -0.02553 1.37935
-0.02043 -0.03645 1.37611
-0.01899 -0.02737 1.37529
-0.02180 -0.03494 1.38084
-0.02135 -0.02442 1.37923
-0.02714 -0.02352 1.38815
-0.02942 -0.04298 1.39342
-0.02726 -0.02092 1.39526
-0.02381 -0.03428 1.39906
-0.02028 -0.02236 1.40145
-0.02043 -0.03537 1.40417
-0.01456 -0.03041 1.40790
-0.01832 -0.03485 1.40831
-0.01539 -0.03208 1.41836
-0.01132 -0.04109 1.41914
-0.01207 -0.03824 1.42166
-0.02284 -0.03432 1.42008
-0.02556 -0.02863 1.42362
-0.03687 -0.02341 1.43321
-0.03892 -0.04218 1.43705
-0.02378 -0.03797 1.43720
-0.01993 -0.02485 1.43775
-0.01676 -0.03860 1.44750
-0.01469 -0.04807 1.44890
-0.02275 -0.03282 1.45495
-0.02249 -0.03370 1.46154
-0.02263 -0.03494 1.46018
-0.02345 -0.04608 1.46846
-0.02363 -0.03108 1.47203
-0.02348 -0.04057 1.47457
-0.02310 -0.04208 1.47991
-0.02549 -0.03216 1.47706
-0.02539 -0.03646 1.48587
-0.02577 -0.04373 1.48356
-0.02424 -0.03347 1.48925
-0.02613 -0.03696 1.48979
-0.02172 -0.03925 1.49078
-0.02117 -0.03256 1.49068
-0.02056 -0.03766 1.49392
-0.02022 -0.03207 1.49649
-0.02182 -0.03869 1.49527
-0.02071 -0.04347 1.50075
-0.02035 -0.03044 1.50549
-0.02248 -0.03536 1.50510
-0.02050 -0.04205 1.51006
-0.01916 -0.03370 1.51071
-0.01873 -0.04408 1.51572
-0.02079 -0.04249 1.51425
-0.02153 -0.03498 1.52084
-0.02430 -0.03024 1.52431
-0.02333 -0.04059 1.51999
-0.02319 -0.04180 1.52773
-0.01904 -0.03540 1.52738
-0.02335 -0.04012 1.53241
-0.02393 -0.03270 1.53115
-0.02172 -0.03791 1.53412
-0.02018 -0.03666 1.53789
-0.01902 -0.04101 1.53871
-0.01860 -0.04251 1.53437
-0.01843 -0.03654 1.53760
-0.01847 -0.03452 1.53800
-0.02324 -0.04825 1.54530
-0.02036 -0.03533 1.54091
-0.01774 -0.03406 1.53951
-0.02221 -0.04493 1.53916
-0.02331 -0.04026 1.54124
-0.02430 -0.03897 1.54638
-0.02230 -0.04102 1.54206
-0.02054 -0.03882 1.54652
-0.02180 -0.04356 1.54153
-0.01589 -0.04335 1.55006
-0.01534 -0.03219 1.55079
-0.01700 -0.04071 1.55388
-0.01653 -0.03726 1.55057
-0.01432 -0.04274 1.54477
-0.01397 -0.03289 1.55459
-0.02309 -0.03630 1.55362
-0.01978 -0.04600 1.55632
-0.02277 -0.04152 1.55861
-0.02527 -0.03860 1.56219
-0.02267 -0.03515 1.56905
-0.02464 -0.03717 1.57151
-0.02085 -0.02284 1.57794
-0.02411 -0.03782 1.58626
-0.01862 -0.04331 1.58405
-0.02418 -0.03001 1.59188
-0.01933 -0.03115 1.59639
-0.01942 -0.04423 1.59887
-0.01721 -0.04509 1.60274
-0.02522 -0.04365 1.60715
-0.02367 -0.04446 1.61394
-0.02469 -0.02961 1.61152
-0.02511 -0.03703 1.62369
-0.01909 -0.04497 1.62680
-0.02052 -0.03923 1.62874
-0.01915 -0.04243 1.62815
-0.01943 -0.04410 1.62952
-0.01970 -0.04227 1.63132
-0.01982 -0.03910 1.62575
-0.02309 -0.05444 1.62788
-0.02061 -0.04216 1.62932
-0.02464 -0.03467 1.62648
-0.02094 -0.04503 1.62625
-0.01789 -0.03781 1.61836
-0.01883 -0.03978 1.61983
-0.02730 -0.05833 1.61225
-0.02082 -0.02166 1.60761
-0.02638 -0.05295 1.61078
-0.02553 -0.04000 1.60740
-0.02809 -0.05273 1.61672
-0.02660 -0.04645 1.60597
-0.02459 -0.03205 1.59935
-0.02214 -0.03939 1.60248
-0.02259 -0.04701 1.59912
-0.02473 -0.04429 1.59757
-0.02482 -0.04532 1.59417
-0.02404 -0.04517 1.59818
-0.01953 -0.04514 1.59127
-0.02173 -0.04497 1.59266
-0.02345 -0.04532 1.59071
-0.01916 -0.04136 1.59050
-0.02157 -0.04391 1.59092
-0.02161 -0.04346 1.58500
-0.02148 -0.03011 1.59779
-0.01998 -0.04521 1.59684
-0.02074 -0.04876 1.59684
-0.02539 -0.03924 1.60543
-0.02526 -0.04654 1.58837
-0.02219 -0.03156 1.64034
-0.02273 -0.04388 1.60967
-0.02102 -0.04364 1.55559
-0.02568 -0.03970 1.60589
-0.02329 -0.03947 1.60533
-0.02437 -0.03633 1.61397
-0.02310 -0.03759 1.61293
-0.02249 -0.04605 1.62025
-0.02175 -0.04553 1.61004
-0.02114 -0.04123 1.61637
-0.02235 -0.03427 1.61775
-0.02419 -0.04411 1.61977
