0.03535 6.25087 3.58207
0.02012 3.57743 2.04983
0.02414 4.29481 2.46094
0.01971 3.50491 2.00827
0.01560 2.76054 1.58172
0.00992 1.72622 0.98906
0.01331 2.29553 1.31527
0.01104 1.87940 1.07684
0.01484 2.49494 1.42953
0.01890 3.14235 1.80051
0.01822 2.97136 1.70253
0.00559 0.89200 0.51108
0.01998 3.08068 1.76517
0.01066 1.60281 0.91835
0.01658 2.44998 1.40377
0.01028 1.50301 0.86117
0.01632 2.35736 1.35070
0.00976 1.37345 0.78694
0.02486 3.38538 1.93977
0.02861 3.76230 2.15577
0.02358 3.03660 1.73991
0.02275 2.88329 1.65206
0.02676 3.32928 1.90762
0.01815 2.20959 1.26603
0.02305 2.76728 1.58559
0.03386 3.99997 2.29196
0.03021 3.51204 2.01235
0.03510 3.98037 2.28074
0.02303 2.55539 1.46417
0.02719 2.95451 1.69287
0.02903 3.10586 1.77960
0.02247 2.35627 1.35007
0.02235 2.29969 1.31766
0.02706 2.77139 1.58794
0.03110 3.16362 1.81270
0.02538 2.56883 1.47187
0.02244 2.23975 1.28331
0.01692 1.67856 0.96175
0.02101 2.07061 1.18639
0.02208 2.16131 1.23836
0.02500 2.42950 1.39204
0.02604 2.51195 1.43928
0.01914 1.82654 1.04654
0.02866 2.71499 1.55562
0.02134 2.00693 1.14990
0.02513 2.36332 1.35412
0.03436 3.20503 1.83643
0.04501 4.18443 2.39768
0.02873 2.66740 1.52835
0.02474 2.29487 1.31489
0.02649 2.46132 1.41027
0.02646 2.46142 1.41033
0.02735 2.56657 1.47058
0.02757 2.59418 1.48640
0.01377 1.28266 0.73492
0.01194 1.10649 0.63398
0.01612 1.49688 0.85766
0.01937 1.79949 1.03104
0.03175 2.94202 1.68572
0.01526 1.42458 0.81623
0.02110 1.96490 1.12582
0.03172 2.95189 1.69137
0.02810 2.63331 1.50882
0.02148 2.00310 1.14771
0.00640 0.59710 0.34211
0.01280 1.17802 0.67496
0.01025 0.94365 0.54067
0.02424 2.23745 1.28199
0.03163 2.93063 1.67919
0.04203 3.89874 2.23395
0.04485 4.15524 2.38095
0.03320 3.06861 1.75825
0.02679 2.46925 1.41481
0.02017 1.84602 1.05770
0.01652 1.51701 0.86919
0.02531 2.33127 1.33575
0.03098 2.84771 1.63167
0.02747 2.53413 1.45199
0.02476 2.28379 1.30854
0.01629 1.50779 0.86391
0.02885 2.68406 1.53790
0.03044 2.84586 1.63062
0.01905 1.78162 1.02080
0.01016 0.95305 0.54606
0.01600 1.49310 0.85549
0.01646 1.54314 0.88416
0.02712 2.55507 1.46399
0.02208 2.09219 1.19876
0.02050 1.95622 1.12085
0.02966 2.85263 1.63449
0.02571 2.50674 1.43629
0.01809 1.78890 1.02498
0.01706 1.71562 0.98299
0.01859 1.91117 1.09504
0.01769 1.85497 1.06284
0.02202 2.36437 1.35472
0.01574 1.73643 0.99491
0.01845 2.08291 1.19344
0.01671 1.93717 1.10993
0.00789 0.93967 0.53839
0.01420 1.74123 0.99767
0.00738 0.93821 0.53756
0.00590 0.77539 0.44427
0.00898 1.23265 0.70626
0.01508 2.15622 1.23545
0.03076 4.61550 2.64472
0.01314 2.05781 1.17906
0.00903 1.48725 0.85214
0.00466 0.79624 0.45621
0.01680 2.97645 1.70544
0.01308 2.42407 1.38893
0.01444 2.78807 1.59750
0.01304 2.63378 1.50909
0.01296 2.73261 1.56572
0.02219 4.91900 2.81866
0.03501 8.10009 4.64228
0.01970 4.67348 2.67795
0.01158 2.80556 1.60752
0.01598 3.96991 2.27474
0.02561 6.37763 3.65473
0.00812 2.08987 1.19743
0.01260 3.24061 1.85681
0.03402 9.04596 5.18472
0.03313 8.70622 4.98987
0.03594 9.83422 5.63686
0.01203 3.26254 1.86938
0.00480 1.31578 0.75389
0.00737 2.08103 1.19236
0.00534 1.47928 0.84757
0.00636 1.84032 1.05444
0.01500 4.26585 2.44434
0.01851 5.44713 3.12136
0.01485 4.22010 2.41812
0.01202 3.47711 1.99234
0.01209 3.35779 1.92396
0.00792 2.18666 1.25289
0.01311 3.66372 2.09928
0.00448 1.19505 0.68472
0.01772 4.79700 2.74874
0.01061 2.78494 1.59571
0.01665 4.37834 2.50880
0.02408 6.18934 3.54680
0.02230 5.68625 3.25842
0.02336 5.94350 3.40587
0.01655 4.04147 2.31575
0.02586 6.16251 3.53142
0.01872 4.29642 2.46186
0.00375 0.84155 0.48217
0.00665 1.42824 0.81833
0.01469 3.03058 1.73646
0.01449 2.89730 1.66009
0.00639 1.22783 0.70350
0.02928 5.46409 3.13108
0.02573 4.64143 2.65958
0.01129 1.97025 1.12889
0.02611 4.40810 2.52586
0.01228 1.98538 1.13756
0.01216 1.88967 1.08272
0.02781 4.22999 2.42379
0.01942 2.87044 1.64470
0.00905 1.31377 0.75274
0.01937 2.72757 1.56283
0.01450 2.00425 1.14837
0.02318 3.13685 1.79735
0.02158 2.85228 1.63429
0.01284 1.67679 0.96074
0.01657 2.13074 1.22085
0.01370 1.75560 1.00590
0.01698 2.15720 1.23601
0.01546 1.93588 1.10920
0.00890 1.10284 0.63188
0.01044 1.27845 0.73250
0.01595 1.94962 1.11707
0.01500 1.82381 1.04498
0.01063 1.27846 0.73251
0.00956 1.13923 0.65273
0.01625 1.93042 1.10607
0.00294 0.34760 0.19916
0.01139 1.34748 0.77206
0.00275 0.32805 0.18796
0.02880 3.46243 1.98393
0.01263 1.53676 0.88051
0.01629 1.97831 1.13351
0.01444 1.73441 0.99375
0.01274 1.53181 0.87767
0.01478 1.79819 1.03030
0.00439 0.53941 0.30906
0.01473 1.81231 1.03839
0.00718 0.89028 0.51009
0.01384 1.71971 0.98533
0.00678 0.84752 0.48559
0.01559 1.95654 1.12103
0.00501 0.63049 0.36124
0.01053 1.33059 0.76238
0.00386 0.49280 0.28236
0.00446 0.57106 0.32720
0.00768 0.99457 0.56985
0.01123 1.45152 0.83167
0.00508 0.66096 0.37870
0.00595 0.78136 0.44769
0.00604 0.80479 0.46111
0.00258 0.35103 0.20113
0.00208 0.29014 0.16624
0.01000 1.41641 0.81155
0.00747 1.06547 0.61047
0.00930 1.33256 0.76351
0.00703 1.00993 0.57865
0.00482 0.69231 0.39667
0.00727 1.05513 0.60455
0.00888 1.29336 0.74104
0.01278 1.86588 1.06908
0.00678 1.00198 0.57409
0.00288 0.42719 0.24476
0.00414 0.61743 0.35376
0.00456 0.68340 0.39156
0.01343 2.02930 1.16273
0.01473 2.22000 1.27199
0.00478 0.71103 0.40739
0.00170 0.25217 0.14448
0.00775 1.14034 0.65337
0.00633 0.92636 0.53077
0.00874 1.26420 0.72434
0.01414 2.01747 1.15594
0.00287 0.40189 0.23027
0.00532 0.73052 0.41856
0.00418 0.57276 0.32817
0.02077 2.83465 1.62419
0.01281 1.73547 0.99436
0.01902 2.54894 1.46047
0.01038 1.38434 0.79318
0.01188 1.57698 0.90355
0.01239 1.63759 0.93828
0.06782 9.01445 5.16665
0.10869 14.29814 8.19923
0.05360 7.16443 4.10579
0.07572 10.10818 5.79403
0.04339 5.81546 3.33248
0.05747 7.62638 4.37066
0.03931 5.20069 2.98011
0.03329 4.37474 2.50674
0.01292 1.69972 0.97388
0.01411 1.84431 1.05673
0.01240 1.60914 0.92198
0.03541 4.55369 2.60930
0.02000 2.55947 1.46651
0.02326 2.95656 1.69405
0.01812 2.28991 1.31205
0.00483 0.60550 0.34693
0.01011 1.26185 0.72299
0.01266 1.57378 0.90172
0.00716 0.88342 0.50617
0.01523 1.86833 1.07049
0.01384 1.67633 0.96048
0.02042 2.45453 1.40638
0.01581 1.88555 1.08036
0.01180 1.40217 0.80339
0.02275 2.68993 1.54126
0.01892 2.21031 1.26644
0.00867 1.01264 0.58020
0.00931 1.08716 0.62290
0.02638 3.08916 1.77003
0.01813 2.12220 1.21596
0.00986 1.14916 0.65842
0.01909 2.20055 1.26085
0.01537 1.76349 1.01042
0.02297 2.63359 1.50898
0.01473 1.70027 0.97419
0.00359 0.41309 0.23668
0.01865 2.14415 1.22853
0.01534 1.76576 1.01172
0.01332 1.54698 0.88636
0.01902 2.20761 1.26489
0.01820 2.11927 1.21427
0.02446 2.84885 1.63232
0.00665 0.77736 0.44539
0.00993 1.17271 0.67192
0.00822 0.97898 0.56092
0.01075 1.28526 0.73640
0.01203 1.44229 0.82638
0.01216 1.46173 0.83752
0.00407 0.49391 0.28299
0.01557 1.90184 1.08969
0.01131 1.38929 0.79601
0.01304 1.60805 0.92136
0.00616 0.76451 0.43803
0.01566 1.96467 1.12569
0.01455 1.83687 1.05246
0.00669 0.85056 0.48733
0.01393 1.77366 1.01624
0.00399 0.51031 0.29239
0.01072 1.37581 0.78829
0.02427 3.14751 1.80347
0.02564 3.34827 1.91851
0.00879 1.14635 0.65681
0.00579 0.75067 0.43010
0.00124 0.16000 0.09167
0.00335 0.43801 0.25096
0.01202 1.58609 0.90877
0.01727 2.28711 1.31045
0.00879 1.16895 0.66976
0.03857 5.14484 2.94810
0.01455 1.95265 1.11880
0.00766 1.02910 0.58963
0.01147 1.53690 0.88059
0.00869 1.16198 0.66577
0.00785 1.06121 0.60803
0.00979 1.32629 0.75991
0.01133 1.54960 0.88786
0.00501 0.68719 0.39373
0.02828 3.89227 2.23025
0.01861 2.56044 1.46707
0.01908 2.63219 1.50818
0.02982 4.11771 2.35944
0.00584 0.80913 0.46360
0.00461 0.63770 0.36538
0.01480 2.05701 1.17860
0.01468 2.05364 1.17667
0.00772 1.07862 0.61801
0.01032 1.44606 0.82854
0.02461 3.46836 1.98733
0.02214 3.14298 1.80087
0.03527 5.08791 2.91547
0.02603 3.77065 2.16055
0.02018 2.93343 1.68079
0.03046 4.42449 2.53525
0.03196 4.67502 2.67883
0.01711 2.54804 1.45996
0.02920 4.39217 2.51673
0.02405 3.64299 2.08739
0.03949 5.99817 3.43721
0.04008 6.12567 3.51030
0.02999 4.63217 2.65428
0.02225 3.47034 1.98846
0.03018 4.73375 2.71249
0.02759 4.34575 2.49013
0.02385 3.77718 2.16429
0.02165 3.49178 2.00074
0.01670 2.73368 1.56633
0.02586 4.27185 2.44778
0.01970 3.26946 1.87335
0.01169 1.96511 1.12594
0.01788 3.00303 1.72067
0.01629 2.76041 1.58165
0.00944 1.60506 0.91964
0.00950 1.62797 0.93277
0.00918 1.58654 0.90903
0.01540 2.66613 1.52763
0.00888 1.55138 0.88888
0.01323 2.31632 1.32718
0.01237 2.18153 1.24995
0.00580 1.03430 0.59261
0.00815 1.45082 0.83127
0.02343 4.19404 2.40319
0.01083 1.93171 1.10681
0.01059 1.89902 1.08807
0.00401 0.71871 0.41179
0.00961 1.74677 1.00084
0.01005 1.83727 1.05269
0.00682 1.25276 0.71778
0.01523 2.82630 1.61941
0.00817 1.52841 0.87572
0.01097 2.07421 1.18845
0.01678 3.18570 1.82535
0.02870 5.50744 3.15593
0.02650 5.07206 2.90639
0.01939 3.75493 2.15154
0.00875 1.73278 0.99282
0.02272 4.49354 2.57483
0.01130 2.26326 1.29678
0.01615 3.26071 1.86833
0.00125 0.25376 0.14540
0.01146 2.34692 1.34472
0.01841 3.76794 2.15900
0.01086 2.23268 1.27926
0.00586 1.21131 0.69403
0.01082 2.25845 1.29402
0.01104 2.31605 1.32703
0.01376 2.87125 1.64516
0.01504 3.08423 1.76720
0.00699 1.40190 0.80324
0.00860 1.69611 0.97181
0.00390 0.75711 0.43379
0.00641 1.22284 0.70064
0.01096 2.05909 1.17979
0.00737 1.36782 0.78371
0.00564 1.02854 0.58932
0.01001 1.80129 1.03208
0.00716 1.27949 0.73310
0.00630 1.11305 0.63773
0.01515 2.65316 1.52019
0.01198 2.07709 1.19011
0.02636 4.58077 2.62482
0.01089 1.88675 1.08104
0.01655 2.87702 1.64847
0.03787 6.61791 3.79248
0.01063 1.86691 1.06968
0.01529 2.68533 1.53863
0.01613 2.85506 1.63588
0.02331 4.13461 2.36912
0.02554 4.56410 2.61526
0.02946 5.37206 3.07834
0.01688 3.12645 1.79140
0.01690 3.18662 1.82587
0.02487 4.81769 2.76060
0.02153 4.27624 2.45029
0.03627 7.37701 4.22767
0.04159 8.71052 4.99234
0.02822 6.16362 3.53205
0.01152 2.62517 1.50416
0.01212 2.85854 1.63788
0.01878 4.53893 2.60084
0.02402 5.89230 3.37653
0.02144 5.31636 3.04641
0.00909 2.30072 1.31825
0.00982 2.46388 1.41174
0.02485 6.29946 3.60992
0.00988 2.52925 1.44919
0.00546 1.39821 0.80112
0.00730 1.93715 1.10992
0.01496 3.89531 2.23199
0.01328 3.47061 1.98862
0.01122 3.04559 1.74506
0.01150 3.04884 1.74693
0.01424 3.92223 2.24742
0.00634 1.68559 0.96579
0.01242 3.24631 1.86008
0.00557 1.48958 0.85348
0.00651 1.62611 0.93170
0.02107 5.43025 3.11169
0.00584 1.40053 0.80245
0.04120 10.26391 5.88337
0.03574 8.20662 4.70337
0.04078 9.06965 5.19831
0.01281 2.94287 1.68620
0.02269 4.72121 2.70530
0.04057 8.60759 4.93331
0.04367 8.54512 4.89749
0.03469 6.62423 3.79610
0.05721 11.03143 6.32375
0.03151 5.64923 3.23720
0.02640 4.72218 2.70586
0.04687 7.88720 4.52021
0.02245 3.70175 2.12107
0.01298 2.08535 1.19484
0.02382 3.66769 2.10155
0.02082 3.16169 1.81159
0.01263 1.84952 1.05971
0.01797 2.58992 1.48395
0.02514 3.52978 2.02252
0.00159 0.21820 0.12502
0.00241 0.32179 0.18437
0.00863 1.13211 0.64866
0.00649 0.83891 0.48066
0.00487 0.61414 0.35188
0.00714 0.88513 0.50714
0.02099 2.56902 1.47198
0.01209 1.46524 0.83953
0.01684 2.00260 1.14743
0.02388 2.79545 1.60173
0.03405 3.92121 2.24683
0.02273 2.58788 1.48279
0.01854 2.07382 1.18823
0.02130 2.36265 1.35373
0.02433 2.67047 1.53011
0.02336 2.55896 1.46621
0.01870 2.04925 1.17415
0.03677 4.03525 2.31219
0.04809 5.26549 3.01725
0.02764 3.01116 1.72533
0.02823 3.07688 1.76299
0.03335 3.64357 2.08773
0.03116 3.40169 1.94912
0.04226 4.60158 2.63674
0.03134 3.22187 1.84608
0.02215 2.55453 1.46368
0.01606 1.74660 1.00074
0.01779 1.93341 1.10778
0.00997 1.08036 0.61900
0.02303 2.50332 1.43433
0.01976 2.15374 1.23403
0.02146 2.34055 1.34107
0.01843 2.00931 1.15127
0.02086 2.27650 1.30437
0.02358 2.58576 1.48157
0.01816 2.00194 1.14705
0.02546 2.82287 1.61744
0.03003 3.36914 1.93047
0.02201 2.48260 1.42246
0.02817 3.21102 1.83986
0.02259 2.60444 1.49227
0.02291 2.68123 1.53628
0.02086 2.50197 1.43356
0.03152 3.79593 2.17504
0.02643 3.35392 1.92175
0.02453 3.11809 1.78661
0.01845 2.40284 1.37676
0.02350 3.12906 1.79289
0.01784 2.44294 1.39973
0.00960 1.35968 0.77904
0.01682 2.47058 1.41557
0.01737 2.65635 1.52202
0.01643 2.61899 1.50061
0.00820 1.36216 0.78047
0.00750 1.29629 0.74272
0.01362 2.46657 1.41328
0.01055 1.98150 1.13533
0.00820 1.59785 0.91551
0.00391 0.78537 0.44999
0.00826 1.70443 0.97658
0.01285 2.66924 1.52941
0.00576 1.23698 0.70874
0.00736 1.56897 0.89896
0.00670 1.44028 0.82523
0.01520 3.32967 1.90785
0.01519 3.37297 1.93266
0.00324 0.74363 0.42607
0.01114 2.52863 1.44884
0.02695 6.16714 3.53407
0.03363 7.95116 4.55688
0.00972 2.25900 1.29434
0.05043 12.19357 6.99074
0.02469 5.86338 3.35995
0.01072 2.57168 1.47350
0.01253 3.11816 1.78665
0.03587 8.65988 4.96330
0.02001 5.00434 2.86758
0.02749 6.77515 3.88262
0.02570 6.38339 3.65803
0.01574 4.00006 2.29202
0.00993 2.52681 1.44779
0.02872 7.41283 4.24821
0.00611 1.58877 0.91030
0.02050 5.37856 3.08206
0.03146 8.18894 4.69323
0.01235 3.27932 1.87900
0.03107 8.03869 4.60707
0.00992 2.67422 1.53226
0.01459 3.94687 2.26154
0.01328 3.47290 1.98993
0.00854 2.37002 1.35795
0.01494 3.92242 2.24753
0.01436 3.97019 2.27490
0.00412 1.06805 0.61195
0.00963 2.60000 1.48973
0.00708 1.88984 1.08281
0.02022 5.15771 2.95548
0.00776 2.02910 1.16261
0.01124 2.81746 1.61434
0.01260 3.11528 1.78500
0.00930 2.21692 1.27023
0.01523 3.55860 2.03904
0.02936 6.61836 3.79273
0.00712 1.56929 0.89915
0.01554 3.32368 1.90441
0.02193 4.53156 2.59661
0.01875 3.71795 2.13035
0.03032 5.72536 3.28084
0.01746 3.17709 1.82042
0.02235 3.93404 2.25418
0.01778 3.03994 1.74183
0.00630 1.04515 0.59883
0.01384 2.22490 1.27480
0.01836 2.86352 1.64073
0.00903 1.37466 0.78763
0.01340 1.97240 1.13012
0.01805 2.59801 1.48859
0.01176 1.64968 0.94521
0.00786 1.07451 0.61565
0.01384 1.84765 1.05864
0.00342 0.44535 0.25516
0.00379 0.48240 0.27639
0.01138 1.42045 0.81387
0.01921 2.35149 1.34734
0.02760 3.30611 1.89435
0.01911 2.24078 1.28390
0.01918 2.21987 1.27192
0.01245 1.42566 0.81685
0.00680 0.77673 0.44504
0.01528 1.73384 0.99343
0.00777 0.88150 0.50507
0.01516 1.71808 0.98440
0.02261 2.56231 1.46813
0.00809 0.91432 0.52387
0.01107 1.24291 0.71214
0.02777 3.11689 1.78592
0.02037 2.27491 1.30345
0.00990 1.10451 0.63284
0.00775 0.86318 0.49457
0.00988 1.09780 0.62899
0.00852 0.94880 0.54362
0.00514 0.57189 0.32767
0.02749 3.05538 1.75067
0.01964 2.19205 1.25598
0.01436 1.60649 0.92046
0.01848 2.05912 1.17981
0.02036 2.25539 1.29227
0.01355 1.50902 0.86461
0.01455 1.62168 0.92917
0.01706 1.89968 1.08845
0.01913 2.12884 1.21976
0.00399 0.44388 0.25432
0.00471 0.52652 0.30167
0.00582 0.63423 0.36339
0.01150 1.32355 0.75834
0.00688 0.77339 0.44312
0.00821 0.92622 0.53069
0.03637 4.12000 2.36075
0.01337 1.51134 0.86594
0.01996 2.26612 1.29842
0.00990 1.12521 0.64470
0.02179 2.47780 1.41971
0.01544 1.76662 1.01221
0.03002 3.41301 1.95560
0.02483 2.84472 1.62996
0.03024 3.45234 1.97815
0.00511 0.58111 0.33295
0.01476 1.67104 0.95745
0.02052 2.31189 1.32465
0.00929 1.03990 0.59582
0.00928 1.03505 0.59304
0.00396 0.44396 0.25437
0.02324 2.57129 1.47328
0.01371 1.51053 0.86548
0.01203 1.32381 0.75850
0.02084 2.28778 1.31083
0.03010 3.29988 1.89078
0.01143 1.23603 0.70820
0.01785 1.92925 1.10540
0.03253 3.49746 2.00400
0.02588 2.77336 1.58907
0.01764 1.88283 1.07880
0.03180 3.34520 1.91675
0.02312 2.46191 1.41061
0.02967 3.12132 1.78846
0.02225 2.32749 1.33358
0.01831 1.91265 1.09589
0.02188 2.26907 1.30011
0.02272 2.35747 1.35076
0.02727 2.81034 1.61026
0.03954 4.05574 2.32393
0.03096 3.16250 1.81205
0.03087 3.14001 1.79916
0.02338 2.32655 1.33305
0.02803 2.89168 1.65687
0.00343 0.34935 0.20016
0.02377 2.42212 1.38781
0.01246 1.27331 0.72956
0.06296 6.44357 3.69253
0.02317 2.37570 1.36121
0.01057 1.08612 0.62230
0.02053 2.10514 1.20618
0.02935 3.00929 1.72426
0.01626 1.66521 0.95411
0.02068 2.12061 1.21504
0.01022 1.04843 0.60071
0.02003 2.05109 1.17521
0.00773 0.79324 0.45449
0.01047 1.07447 0.61563
0.01927 1.97334 1.13066
0.03136 3.21941 1.84467
0.00696 0.71342 0.40876
0.01489 1.52937 0.87627
0.01019 1.04605 0.59934
0.00465 0.47553 0.27246
0.01820 1.86938 1.07109
0.01211 1.24038 0.71069
0.02303 2.37111 1.35858
0.01164 1.19687 0.68576
0.01106 1.13808 0.65208
0.01528 1.57166 0.90050
0.02729 2.81915 1.61531
0.02967 3.06810 1.75796
0.01601 1.65460 0.94803
0.00819 0.84591 0.48467
0.01348 1.38088 0.79119
0.01230 1.26776 0.72638
0.01542 1.58764 0.90966
0.01351 1.39308 0.79818
0.01000 1.03199 0.59129
0.01199 1.23113 0.70539
0.01626 1.67300 0.95857
0.01541 1.56248 0.89525
0.01207 1.27069 0.72806
0.02361 2.43593 1.39572
0.02377 2.43563 1.39555
0.02252 2.30659 1.32161
0.02302 2.34212 1.34197
0.01540 1.58206 0.90646
0.01528 1.56711 0.89790
0.02825 2.88177 1.65119
0.02063 2.09608 1.20098
0.02648 2.68865 1.54053
0.01897 1.93298 1.10753
0.02323 2.37094 1.35848
0.02523 2.57772 1.47697
0.00729 0.74296 0.42568
0.01638 1.65384 0.94759
0.01864 1.87960 1.07695
0.02027 2.04174 1.16985
0.00907 0.91696 0.52538
0.01745 1.76336 1.01035
0.02171 2.18467 1.25175
0.02254 2.26896 1.30004
0.02606 2.61954 1.50093
0.02588 2.60496 1.49257
0.01796 1.80453 1.03394
0.02856 2.86151 1.63958
0.02194 2.19521 1.25779
0.02472 2.46801 1.41410
0.00567 0.56387 0.32307
0.02009 1.99879 1.14524
0.00262 0.26118 0.14964
0.01252 1.24831 0.71523
0.02291 2.27760 1.30500
0.01058 1.05346 0.60359
0.01621 1.61216 0.92371
0.01244 1.23941 0.71013
0.01012 1.00849 0.57782
0.02764 2.76039 1.58164
0.01192 1.19600 0.68526
0.02501 2.50914 1.43767
0.03155 3.18283 1.82370
0.01871 1.88468 1.07986
0.02154 2.18285 1.25070
0.01069 1.09291 0.62620
0.03430 3.50477 2.00819
0.00938 0.95991 0.54999
0.00501 0.51081 0.29267
0.01681 1.72673 0.98935
0.01203 1.24283 0.71210
0.01361 1.41178 0.80889
0.02681 2.79249 1.60003
0.02683 2.79303 1.60034
0.00661 0.68905 0.39480
0.01345 1.40687 0.80609
0.01355 1.42496 0.81645
0.01807 1.92843 1.10493
0.02078 2.21597 1.26968
0.00646 0.69674 0.39920
0.02912 3.16693 1.81459
0.01195 1.31864 0.75553
0.05853 6.48831 3.71818
0.02012 2.22576 1.27529
0.02995 3.40845 1.95300
0.03142 3.57246 2.04698
0.05303 6.07998 3.48411
0.04314 5.00241 2.86647
0.05000 5.88213 3.37070
0.02168 2.58202 1.47943
0.00065 0.07927 0.04542
0.00654 0.80913 0.46360
0.00649 0.82155 0.47071
0.00570 0.73353 0.42028
0.00198 0.25866 0.14820
0.00338 0.44704 0.25613
0.00017 0.02238 0.01282
0.00800 1.08205 0.61997
0.01111 1.51262 0.86667
0.01076 1.48199 0.84913
0.01060 1.46926 0.84183
0.00882 1.23200 0.70589
0.00665 0.93832 0.53762
0.00453 0.63882 0.36602
0.01126 1.66070 0.95152
0.01346 1.98094 1.13501
0.00046 0.06865 0.03934
0.01155 1.74703 1.00099
0.01062 1.63393 0.93618
0.01066 1.67522 0.95984
0.00504 0.80959 0.46386
0.00352 0.57938 0.33196
0.01101 1.86274 1.06729
0.00603 1.05413 0.60397
0.00999 1.79673 1.02947
0.01102 2.04056 1.16918
0.01549 2.94168 1.68552
0.00947 1.85938 1.06536
0.00658 1.32618 0.75985
0.01635 3.37560 1.93417
0.02152 4.56006 2.61295
0.02317 5.04677 2.89190
0.01889 4.21915 2.41757
0.04500 10.34154 5.92791
0.05971 14.18178 8.13238
0.03767 9.20010 5.27313
0.03826 9.55297 5.47553
0.04478 11.51539 6.60148
0.04010 10.62138 6.08847
0.04934 13.61520 7.80697
0.03181 9.07366 5.20061
0.02691 7.86924 4.50991
0.02196 6.42213 3.68024
0.01298 3.82517 2.19179
0.02654 7.46205 4.27643
0.01229 3.71993 2.13148
0.03108 9.09959 5.21548
0.04440 13.31064 7.63208
0.02258 6.78000 3.88540
0.01851 5.59426 3.20569
0.03652 11.51889 6.60349
0.02684 8.17917 4.68763
0.02277 7.14733 4.09599
0.04404 12.90027 7.39645
0.02622 7.70369 4.41498
0.04256 11.56608 6.63058
0.03490 9.21924 5.28411
0.02856 7.69050 4.40742
0.03424 8.69906 4.98577
0.02167 5.56717 3.19016
0.02164 5.20970 2.98527
0.01632 3.96836 2.27385
0.03340 7.63024 4.37287
0.02441 5.48659 3.14398
0.03871 8.19405 4.69616
0.02029 4.09371 2.34568
0.01795 3.51182 2.01223
0.01038 1.98520 1.13745
0.00451 0.85655 0.49077
0.02989 5.31649 3.04649
0.01450 2.52455 1.44650
0.04096 7.02421 4.02540
0.01110 1.81832 1.04184
0.01165 1.88701 1.08119
0.02290 3.57073 2.04599
0.01878 2.87361 1.64652
0.01942 2.90620 1.66519
0.01512 2.19880 1.25985
0.01407 2.00243 1.14733
0.01129 1.57282 0.90117
0.01192 1.63615 0.93746
0.01806 2.42694 1.39057
0.01036 1.36095 0.77977
0.01854 2.39206 1.37058
0.02881 3.66314 2.09894
0.05642 7.13391 4.08829
0.06872 8.60394 4.93122
0.02294 2.85469 1.63567
0.02300 2.83673 1.62538
0.01970 2.42453 1.38919
0.02495 3.07629 1.76265
0.02499 3.08148 1.76563
0.03033 3.73736 2.14148
0.02081 2.54381 1.45754
0.02733 3.31683 1.90049
0.01816 2.19122 1.25550
0.02503 3.02820 1.73510
0.02837 3.43474 1.96806
0.02727 3.30389 1.89308
0.03606 4.38251 2.51119
0.03112 3.77835 2.16496
0.02549 3.10922 1.78153
0.03153 3.86632 2.21537
0.02688 3.30410 1.89319
0.02522 3.10610 1.77974
0.01296 1.60577 0.92005
0.02130 2.65612 1.52189
0.01788 2.25219 1.29044
0.02131 2.69434 1.54379
0.02161 2.76077 1.58185
0.01526 1.97299 1.13046
0.01670 2.20194 1.26164
0.01259 1.69470 0.97100
0.01428 1.97539 1.13183
0.02708 3.83515 2.19751
0.01196 1.73613 0.99474
0.01672 2.49765 1.43108
0.02064 3.15407 1.80722
0.02876 4.52639 2.59365
0.01357 2.22623 1.27556
0.02384 4.04232 2.31624
0.01214 2.14096 1.22670
0.02761 5.02924 2.88185
0.01944 3.68422 2.11102
0.00866 1.70817 0.97872
0.00363 0.74819 0.42868
0.00188 0.40387 0.23140
0.00899 1.99361 1.14227
0.00605 1.36524 0.78223
0.01188 2.70428 1.54948
0.01331 3.02562 1.73362
0.02240 5.17561 2.96574
0.02385 5.48511 3.14313
0.01998 4.74153 2.71695
0.01330 3.16662 1.81441
0.02159 5.13124 2.94031
0.01715 4.23262 2.42529
0.03263 7.84619 4.49669
0.02081 5.22576 2.99448
0.01906 4.66098 2.67078
0.03612 9.33014 5.34772
0.02143 5.30005 3.03706
0.03582 9.28363 5.32104
0.01825 4.70933 2.69850
0.02617 7.12999 4.08605
0.03112 8.14093 4.66570
0.02452 6.33378 3.62959
0.02825 7.53015 4.31548
0.03035 7.63276 4.37431
0.01163 3.07612 1.76256
0.01891 4.71362 2.70096
0.02568 6.60841 3.78703
0.00508 1.23423 0.70716
0.01998 4.81184 2.75725
0.01661 4.14576 2.37552
0.07055 16.57326 9.50668
0.03347 7.94446 4.55304
0.00304 0.67636 0.38752
0.03714 7.93251 4.54618
0.01645 3.55467 2.03678
0.01314 2.70126 1.54776
0.02809 5.71767 3.27643
0.02296 4.51839 2.58906
0.02346 4.49094 2.57333
0.01226 2.26210 1.29612
0.01474 2.61358 1.49751
0.01546 2.69973 1.54688
0.00326 0.55355 0.31716
0.01686 2.80967 1.60987
0.01289 2.09782 1.20198
0.02172 3.41260 1.95537
0.03638 5.59248 3.20467
0.01560 2.32261 1.33079
0.02337 3.41123 1.95459
0.00600 0.85859 0.49194
0.00706 0.99177 0.56825
0.01352 1.86378 1.06788
0.02925 3.92612 2.24965
0.01453 1.89913 1.08814
0.01723 2.21029 1.26643
0.01832 2.31230 1.32488
0.00799 1.00172 0.57395
0.01171 1.44914 0.83031
0.01799 2.21386 1.26847
0.01533 1.90624 1.09221
0.03077 3.82537 2.19191
0.02553 3.16828 1.81537
0.02426 2.99854 1.71810
0.01855 2.29405 1.31442
0.01118 1.37518 0.78792
0.02113 2.60301 1.49145
0.01304 1.59683 0.91492
0.01399 1.67780 0.96132
0.00521 0.64176 0.36770
0.00673 0.81768 0.46849
0.01173 1.43018 0.81944
0.00585 0.71116 0.40746
0.00583 0.70701 0.40509
0.00791 0.95627 0.54791
0.00672 0.81232 0.46542
0.00595 0.71893 0.41192
0.00945 1.14480 0.65593
0.00481 0.58171 0.33330
0.00509 0.61724 0.35365
0.00148 0.18001 0.10314
0.01252 1.52311 0.87269
0.00376 0.45913 0.26306
0.00882 1.08084 0.61928
0.01909 2.34195 1.34187
0.01851 2.27041 1.30088
0.01795 2.21275 1.26784
0.00519 0.64337 0.36863
0.01163 1.45571 0.83407
0.01724 2.16564 1.24085
0.01465 1.84953 1.05972
0.00995 1.25605 0.71967
0.00713 0.90198 0.51680
0.00146 0.18601 0.10658
0.00665 0.84465 0.48395
0.00952 1.21259 0.69477
0.00920 1.17564 0.67360
0.00540 0.70191 0.40216
0.01001 1.30106 0.74546
0.00993 1.29388 0.74135
0.01386 1.81135 1.03784
0.00787 1.02845 0.58926
0.00631 0.82841 0.47464
0.01362 1.78973 1.02545
0.00579 0.76399 0.43774
0.00756 1.00151 0.57382
0.01458 1.95020 1.11740
0.01429 1.91515 1.09732
0.01196 1.60254 0.91820
0.01370 1.81349 1.03907
0.01400 1.91552 1.09753
0.02124 2.91657 1.67113
0.02683 3.74868 2.14796
0.01697 2.34630 1.34436
0.01723 2.36394 1.35447
0.02227 3.06204 1.75449
0.01970 2.73374 1.56637
0.01832 2.56456 1.46942
0.01248 1.75628 1.00629
0.01239 1.75201 1.00384
0.01248 1.77258 1.01563
0.00893 1.27873 0.73266
0.01001 1.44051 0.82536
0.00560 0.80711 0.46244
0.00751 1.09291 0.62620
0.00978 1.43346 0.82132
0.00470 0.69271 0.39689
0.01476 2.18911 1.25429
0.01705 2.54945 1.46077
0.01827 2.77441 1.58967
0.01415 2.16675 1.24148
0.01288 1.98114 1.13513
0.01367 2.10605 1.20670
0.00440 0.68056 0.38993
0.00527 0.81843 0.46893
0.00818 1.27177 0.72867
0.01004 1.57847 0.90440
0.00537 0.84470 0.48398
0.00087 0.13850 0.07935
0.00307 0.48973 0.28060
0.00766 1.22499 0.70187
0.00719 1.15656 0.66266
0.00923 1.47900 0.84742
0.01051 1.67511 0.95978
0.00761 1.19854 0.68672
0.00240 0.37241 0.21338
0.00457 0.69849 0.40021
0.01180 1.77225 1.01544
0.00845 1.25954 0.72167
0.00365 0.53618 0.30721
0.00373 0.53954 0.30913
0.01389 1.97128 1.12948
0.00974 1.35896 0.77863
0.00330 0.45507 0.26074
0.00700 0.95699 0.54832
0.01028 1.37874 0.78997
0.01232 1.61186 0.92354
0.01828 2.34637 1.34440
0.02822 3.55260 2.03559
0.00802 0.99001 0.56724
0.00974 1.18526 0.67911
0.00359 0.42839 0.24545
0.00543 0.63906 0.36616
0.02776 3.18588 1.82545
0.02300 2.66413 1.52648
0.02363 2.66722 1.52825
0.03134 3.45772 1.98122
0.02445 2.66847 1.52896
0.04030 4.33982 2.48673
0.03663 3.89444 2.23149
0.03518 3.69715 2.11843
0.03648 3.79301 2.17336
0.02667 2.75266 1.57721
0.01843 1.88387 1.07940
0.02079 2.09628 1.20110
0.02736 2.74677 1.57383
0.02373 2.38786 1.36817
0.01384 1.39319 0.79824
0.01663 1.66646 0.95482
0.01857 1.84161 1.05518
0.02289 2.26658 1.29868
0.02004 1.97852 1.13363
0.04196 4.15714 2.38204
0.01591 1.57876 0.90457
0.01391 1.38707 0.79474
0.03121 3.08756 1.76911
0.01518 1.51428 0.86763
0.02198 2.21729 1.27044
0.02924 2.91176 1.66837
0.02956 2.96223 1.69729
0.03364 3.37431 1.93343
0.03494 3.51324 2.01304
0.04325 4.34851 2.49171
0.02764 2.78035 1.59307
0.03923 3.96491 2.27187
0.02361 2.40471 1.37783
0.01757 1.79358 1.02766
0.02081 2.13072 1.22083
0.02043 2.09045 1.19776
0.00854 0.87521 0.50146
0.03062 3.18525 1.82509
0.00396 0.41239 0.23628
0.03711 3.88451 2.22580
0.01614 1.69777 0.97276
0.01706 1.79332 1.02751
0.02890 3.04031 1.74203
0.00687 0.72629 0.41613
0.00881 0.93338 0.53479
0.00437 0.46998 0.26928
0.00547 0.58439 0.33483
0.01160 1.24182 0.71152
0.00276 0.29669 0.16999
0.00480 0.51713 0.29630
0.02218 2.39824 1.37412
0.01099 1.18662 0.67989
0.00541 0.58275 0.33389
0.00639 0.68769 0.39402
0.01013 1.09117 0.62520
0.00927 0.99943 0.57264
0.01082 1.16153 0.66551
0.01218 1.30677 0.74873
0.00824 0.88625 0.50779
0.01531 1.64729 0.94384
0.01116 1.19302 0.68355
0.02660 2.81139 1.61086
0.02160 2.33979 1.34063
0.02319 2.47570 1.41851
0.02920 3.10374 1.77838
0.02225 2.35689 1.35043
0.03204 3.39952 1.94788
0.02842 3.01705 1.72871
0.01416 1.49273 0.85528
0.00835 0.88135 0.50498
0.00877 0.92454 0.52972
0.02553 2.69935 1.54666
0.04031 4.24899 2.43468
0.03956 4.18078 2.39559
0.02895 3.05589 1.75097
0.02680 2.80746 1.60861
0.02551 2.68003 1.53559
0.02712 2.86868 1.64369
0.02285 2.42409 1.38893
0.03132 3.34293 1.91545
0.05533 5.89688 3.37915
0.03010 3.20941 1.83894
0.03026 3.22823 1.84972
0.02483 2.64423 1.51507
0.01520 1.63597 0.93735
0.05782 6.24152 3.57671
0.05096 5.55297 3.18203
0.03813 4.20196 2.40772
0.02750 3.07794 1.76360
0.02657 3.00024 1.71908
0.00317 0.36431 0.20873
0.02049 2.41110 1.38149
0.02091 2.51695 1.44214
0.02000 2.43886 1.39740
0.01211 1.48185 0.84905
0.00775 0.94815 0.54325
0.00368 0.45071 0.25824
0.00693 0.84875 0.48630
0.01901 2.33708 1.33908
0.02729 3.35414 1.92187
0.01723 2.12198 1.21583
0.01187 1.47028 0.84242
0.00945 1.17947 0.67579
0.00793 1.00098 0.57352
0.02902 3.65653 2.09516
0.01908 2.40268 1.37667
0.03288 4.14549 2.37536
0.02906 3.69458 2.11696
0.01897 2.40801 1.37972
0.02625 3.33000 1.90804
0.03569 4.62206 2.64848
0.01948 2.52668 1.44772
0.01195 1.55071 0.88850
0.04212 5.47154 3.13535
0.01077 1.39422 0.79884
0.01485 1.92324 1.10195
0.02785 3.64965 2.09121
0.00296 0.39273 0.22502
0.00912 1.22464 0.70167
0.00459 0.62835 0.36002
0.01260 1.76423 1.01084
0.02027 2.90775 1.66608
0.02348 3.46963 1.98805
0.03235 4.93516 2.82792
0.00470 0.75037 0.42993
0.01758 2.92636 1.67674
0.02129 3.71764 2.13017
0.02652 4.83236 2.76901
0.01753 3.35116 1.92016
0.01367 2.73158 1.56513
0.00835 1.73647 0.99494
0.01742 3.72959 2.13702
0.01729 3.71378 2.12796
0.01975 4.33805 2.48571
0.01032 2.28272 1.30793
0.00417 0.93677 0.53673
0.01005 2.21960 1.27176
0.00351 0.85435 0.48951
0.00524 1.28563 0.73662
0.01233 3.17621 1.81991
0.00868 2.37816 1.36261
0.00390 1.14511 0.65610
0.01142 3.58623 2.05487
0.01718 5.40136 3.09513
0.00812 2.56933 1.47216
0.00575 1.82083 1.04327
0.01197 3.84664 2.20410
0.00799 2.58676 1.48215
0.00557 1.83511 1.05145
0.01022 3.36682 1.92914
0.00869 2.93435 1.68132
0.01766 6.00444 3.44081
0.02085 7.05314 4.04199
0.01845 6.15944 3.52966
0.05420 17.74573 10.18094
0.06755 22.05144 12.66028
0.02938 9.36331 5.36674
0.02881 9.02969 5.17539
0.00145 0.44736 0.25632
0.02488 7.56279 4.33419
0.01772 5.28227 3.02687
0.02319 6.68161 3.82899
0.02109 5.95866 3.41457
0.01165 3.16535 1.81369
0.01101 2.91769 1.67177
0.00576 1.47229 0.84357
0.00324 0.79793 0.45718
0.02380 5.76936 3.30606
0.01588 3.70430 2.12253
0.01671 3.82244 2.19023
0.01750 3.88279 2.22481
0.04532 9.77505 5.60292
0.02345 4.99770 2.86377
0.01466 3.02071 1.73080
0.06089 12.25767 7.02753
0.00392 0.77614 0.44470
0.03777 7.27193 4.16743
0.02455 4.72309 2.70638
0.02889 5.36843 3.07625
0.01951 3.58607 2.05477
0.01101 1.98615 1.13800
0.04216 7.38950 4.23484
0.03944 6.86036 3.93147
0.04400 7.44189 4.26487
0.02992 5.01480 2.87357
0.05249 8.49015 4.86596
0.08194 13.24159 7.59242
0.06691 10.62755 6.09201
0.04151 6.43376 3.68691
0.03093 4.83047 2.76792
0.02750 4.16462 2.38632
0.04276 6.53061 3.74243
0.00918 1.39690 0.80037
0.03029 4.46735 2.55981
0.01511 2.24977 1.28905
0.01826 2.62697 1.50518
0.00133 0.19081 0.10933
0.00856 1.19403 0.68413
0.01084 1.51225 0.86647
0.00652 0.89933 0.51528
0.02294 3.11098 1.78253
0.01800 2.42628 1.39019
0.01199 1.58562 0.90850
0.00433 0.57094 0.32712
0.01409 1.82689 1.04674
0.00894 1.14666 0.65699
0.01778 2.26298 1.29662
0.02246 2.84612 1.63076
0.02760 3.48311 1.99577
0.03605 4.50890 2.58363
0.04000 4.92877 2.82426
0.02228 2.71175 1.55377
0.02601 3.12088 1.78821
0.02989 3.59259 2.05851
0.03729 4.45595 2.55329
0.03150 3.74608 2.14647
0.01771 2.09698 1.20150
0.01396 1.63827 0.93867
0.01582 1.82346 1.04478
0.02121 2.55082 1.46155
0.02963 3.46725 1.98669
0.02908 3.40163 1.94909
0.02986 3.51068 2.01157
0.01897 2.20880 1.26557
0.01866 2.22916 1.27724
0.01983 2.35150 1.34734
0.01787 2.13402 1.22273
0.01676 2.01250 1.15310
0.01730 2.08782 1.19626
0.01103 1.34821 0.77247
0.00623 0.77615 0.44471
0.01003 1.27179 0.72869
0.01414 1.83468 1.05121
0.02412 3.20162 1.83447
0.00651 0.87813 0.50314
0.00641 0.91532 0.52444
0.01036 1.49480 0.85646
0.00812 1.18264 0.67761
0.00612 0.91635 0.52503
0.00785 1.23904 0.70992
0.00221 0.34886 0.19988
0.00877 1.41049 0.80816
0.00510 0.87221 0.49974
0.01533 2.58745 1.48254
0.01007 1.76097 1.00897
0.02423 4.25087 2.43575
0.01086 1.91354 1.09640
0.02147 3.88350 2.22522
0.02766 5.03292 2.88395
0.02302 4.34106 2.48744
0.00995 1.92810 1.10474
0.03445 6.64700 3.80915
0.03740 7.53811 4.32004
0.05162 10.12579 5.80413
0.03193 6.62374 3.79582
0.04547 9.04471 5.18400
0.02205 4.69502 2.69030
0.02590 5.20156 2.98061
0.01346 2.91665 1.67118
0.02461 4.97917 2.85315
0.02080 4.59165 2.63105
0.02301 5.12521 2.93685
0.01624 3.37777 1.93541
0.03047 6.82071 3.90873
0.00904 1.87439 1.07396
0.00613 1.34848 0.77263
0.03000 6.10113 3.49623
0.00427 0.91664 0.52520
0.01268 2.55075 1.46151
0.02850 5.91859 3.39160
0.00798 1.61213 0.92369
0.04201 8.04370 4.60994
0.03757 7.21946 4.13735
0.00389 0.70916 0.40632
0.01732 3.22739 1.84924
0.01763 3.09699 1.77452
0.02186 3.95870 2.26832
0.02136 3.67426 2.10531
0.00910 1.52293 0.87258
0.02008 3.23236 1.85209
0.00711 1.14744 0.65744
0.00354 0.54869 0.31438
0.00538 0.81858 0.46901
0.00899 1.34446 0.77033
0.01201 1.75372 1.00482
0.00777 1.11597 0.63941
0.00059 0.08241 0.04722
0.01055 1.45405 0.83311
0.04075 5.50710 3.15574
0.01527 2.02420 1.15980
0.03079 4.02981 2.30907
0.02424 3.10581 1.77957
0.00526 0.66466 0.38082
0.02844 3.53824 2.02737
0.00635 0.77735 0.44539
0.01649 1.98890 1.13957
0.02031 2.41507 1.38376
0.02159 2.53032 1.44981
0.03406 3.92576 2.24944
0.02382 2.71996 1.55847
0.01129 1.26652 0.72567
0.05311 5.89948 3.38064
0.02375 2.61199 1.49660
0.00977 1.06375 0.60949
0.01079 1.16625 0.66822
0.00190 0.20365 0.11668
0.01000 1.06383 0.60953
0.00415 0.43914 0.25161
0.01552 1.63636 0.93758
0.00876 0.92140 0.52792
0.00842 0.88225 0.50549
0.01128 1.18436 0.67859
0.00819 0.86008 0.49279
0.01044 1.09716 0.62863
0.01322 1.39599 0.79985
0.00285 0.29884 0.17122
0.00255 0.26781 0.15344
0.00556 0.58416 0.33470
0.00631 0.66626 0.38174
0.02355 2.49936 1.43206
0.02316 2.46265 1.41103
0.00762 0.81150 0.46496
0.00464 0.49438 0.28326
0.00229 0.24441 0.14004
0.01159 1.24080 0.71093
0.00279 0.29949 0.17159
0.01337 1.43932 0.82468
0.04257 4.58360 2.62644
0.01915 2.06999 1.18604
0.02004 2.15780 1.23635
0.00650 0.69980 0.40096
0.01916 2.06318 1.18214
0.01312 1.40833 0.80692
0.01419 1.52814 0.87557
0.01896 2.03606 1.16660
0.00431 0.46330 0.26545
0.00596 0.63823 0.36568
0.00751 0.80109 0.45899
0.01429 1.52208 0.87210
0.01990 2.10787 1.20774
0.00428 0.45349 0.25983
0.01548 1.63225 0.93522
0.01869 1.95860 1.12221
0.00193 0.20240 0.11596
0.01578 1.65095 0.94593
0.01893 1.97770 1.13316
0.01792 1.85351 1.06200
0.02554 2.62830 1.50595
0.02311 2.36129 1.35295
0.02351 2.39290 1.37106
0.02486 2.50935 1.43779
0.02940 2.95363 1.69237
0.02469 2.46786 1.41401
0.01816 1.78433 1.02236
0.01554 1.54127 0.88309
0.02048 2.00223 1.14721
0.01425 1.39730 0.80060
0.03087 3.01317 1.72649
0.03831 3.69927 2.11965
0.03603 3.45400 1.97910
0.02863 2.72770 1.56290
0.02838 2.68571 1.53884
0.03133 2.96488 1.69881
0.01250 1.17148 0.67121
0.05025 4.71894 2.70400
0.01273 1.19254 0.68328
0.03551 3.32121 1.90300
0.01264 1.18315 0.67790
0.01129 1.05653 0.60535
0.00647 0.60375 0.34593
0.02360 2.20865 1.26549
0.01280 1.19660 0.68560
0.01315 1.22890 0.70411
0.01812 1.69487 0.97110
0.00867 0.81215 0.46533
0.00977 0.91301 0.52312
0.02089 1.95679 1.12118
0.01293 1.20790 0.69208
0.01327 1.24421 0.71288
0.01431 1.34056 0.76809
0.01198 1.12019 0.64183
0.01606 1.50521 0.86243
0.01806 1.68833 0.96735
0.01777 1.66427 0.95357
0.01290 1.21072 0.69370
0.00673 0.62991 0.36091
0.00482 0.45255 0.25929
0.01087 1.02051 0.58471
0.01502 1.41065 0.80825
0.00694 0.65031 0.37260
0.00575 0.53467 0.30634
0.01502 1.39368 0.79853
0.02433 2.26184 1.29597
0.02062 1.90908 1.09384
0.00823 0.76186 0.43652
0.01117 1.03386 0.59236
0.00363 0.33486 0.19186
0.00640 0.59075 0.33847
0.01820 1.68237 0.96394
0.01543 1.41990 0.81355
0.03941 3.61885 2.07356
0.01527 1.39115 0.79707
0.01608 1.46545 0.83965
0.03019 2.74727 1.57412
0.03128 2.84588 1.63063
0.01953 1.75423 1.00511
0.02355 2.11640 1.21263
0.03777 3.39603 1.94587
0.02559 2.31156 1.32445
0.01982 1.77802 1.01875
0.02216 1.97082 1.12921
0.01910 1.67808 0.96148
0.01492 1.31532 0.75363
0.01582 1.39046 0.79668
0.01756 1.53641 0.88031
0.01656 1.44491 0.82788
0.02455 2.13429 1.22288
0.02102 1.82309 1.04457
0.01241 1.07019 0.61318
0.00956 0.82468 0.47251
0.02029 1.73890 0.99633
0.01843 1.57325 0.90141
0.01791 1.52679 0.87480
0.01248 1.06635 0.61098
0.01433 1.22963 0.70453
0.01252 1.07323 0.61492
0.01287 1.10614 0.63377
0.01649 1.42139 0.81440
0.01298 1.11860 0.64091
0.01911 1.65203 0.94656
0.01618 1.40022 0.80227
0.02094 1.82084 1.04328
0.02739 2.37876 1.36296
0.02512 2.19278 1.25639
0.00771 0.67853 0.38877
0.04468 3.92570 2.24940
0.00502 0.44238 0.25347
0.01058 0.93238 0.53422
0.02724 2.41543 1.38397
0.01934 1.72031 0.98568
0.00829 0.74817 0.42867
0.01461 1.31861 0.75551
0.02437 2.21842 1.27109
0.02086 1.92983 1.10573
0.01950 1.81859 1.04199
0.02300 2.17278 1.24494
0.00653 0.62612 0.35874
0.01460 1.41392 0.81012
0.02866 2.85659 1.63676
0.06109 6.13022 3.51291
0.00496 0.50715 0.29057
0.03775 3.92298 2.24785
0.02348 2.47097 1.41580
0.05663 6.09978 3.49546
0.05759 6.29599 3.60793
0.03282 3.65302 2.09314
0.00293 0.33360 0.19114
0.00884 1.02249 0.58585
0.00494 0.58517 0.33528
0.00803 0.96067 0.55042
0.00893 1.09050 0.62481
0.02095 2.58729 1.48245
0.01478 1.91043 1.09461
0.02261 3.17613 1.81986
0.00573 0.80341 0.46032
0.00688 0.96451 0.55263
0.01652 2.31787 1.32807
0.01539 2.16279 1.23921
0.02135 3.00049 1.71922
0.02116 2.97192 1.70285
0.01554 2.18437 1.25158
0.01337 1.88096 1.07773
0.01113 1.56757 0.89816
0.02742 3.85668 2.20985
0.04364 6.14460 3.52115
0.05225 7.35708 4.21625
0.05677 7.99622 4.58272
0.53177 72.25751 42.35858
0.02070 3.37936 1.93632
0.04535 7.62972 4.37257
0.02592 4.49408 2.57514
0.03759 6.75730 3.87238
0.01922 3.60524 2.06576
0.03932 7.63871 4.37772
0.02553 5.22765 2.99557
0.02138 4.60387 2.63805
0.04574 10.48158 6.00826
0.05189 12.62647 7.23925
0.01684 4.36453 2.50089
0.04910 13.68437 7.84670
0.02671 8.02181 4.59739
0.01709 5.52100 3.16370
0.01866 6.46494 3.70478
0.01749 6.55278 3.75514
0.02327 9.44474 5.41345
0.03481 14.99363 8.59878
0.02636 11.91366 6.83007
0.02307 10.74634 6.16017
0.02810 13.50044 7.74107
0.02781 13.71730 7.86561
0.03533 17.81810 10.22257
0.01641 8.32211 4.76960
0.01516 7.63976 4.37833
0.02194 11.01842 6.31629
0.02745 13.78846 7.90648
0.02988 15.12488 8.67420
0.02759 13.97560 8.01396
0.02044 10.29331 5.90024
0.02298 11.60969 6.65561
0.01513 7.65592 4.38759
0.02471 12.29952 7.05155
0.02285 10.75254 6.16372
0.01165 5.08711 2.91501
0.01969 7.85459 4.50151
0.03134 11.56822 6.63181
0.01973 6.81501 3.90547
0.01701 5.58350 3.19953
0.01897 5.85360 3.35434
0.01653 4.82922 2.76721
0.00857 2.32425 1.33173
0.00763 1.95292 1.11896
0.00914 2.20448 1.26310
0.01308 2.96690 1.69997
0.01144 2.46840 1.41432
0.00773 1.58333 0.90719
0.01035 2.04376 1.17101
0.00885 1.67994 0.96255
0.00818 1.50531 0.86249
0.01984 3.55688 2.03805
0.01453 2.51995 1.44387
0.01636 2.73782 1.56871
0.01807 2.91580 1.67069
0.02084 3.25309 1.86397
0.01948 2.94076 1.68499
0.01978 2.90868 1.66661
0.03049 4.41089 2.52746
0.01919 2.71598 1.55619
0.02167 3.01304 1.72641
0.00819 1.10115 0.63092
0.02207 2.87027 1.64460
0.02428 3.06710 1.75739
0.01108 1.37355 0.78699
0.03833 4.71362 2.70095
0.01407 1.68936 0.96794
0.01796 2.13359 1.22248
0.02077 2.39623 1.37297
0.01210 1.37288 0.78661
0.00998 1.12034 0.64191
0.03414 3.78720 2.17004
0.01683 1.84222 1.05553
0.00645 0.69822 0.40005
0.01007 1.07888 0.61816
0.01817 1.92222 1.10137
0.00391 0.40755 0.23351
0.00406 0.41867 0.23988
0.00515 0.52387 0.30015
0.01845 1.86605 1.06918
0.01511 1.51712 0.86925
0.02998 2.98925 1.71278
0.02419 2.40518 1.37810
0.02875 2.82916 1.62105
0.01320 1.29179 0.74015
0.01918 1.86590 1.06910
0.00183 0.17746 0.10168
0.02626 2.52692 1.44785
0.01701 1.63417 0.93632
0.00894 0.85025 0.48716
0.00617 0.58520 0.33529
0.01472 1.39690 0.80037
0.01404 1.32290 0.75797
0.01032 0.97228 0.55708
0.01799 1.69256 0.96977
0.01284 1.20699 0.69156
0.01157 1.08981 0.62442
0.01025 0.96166 0.55099
0.01843 1.73997 0.99694
0.00430 0.40491 0.23200
0.01942 1.82347 1.04478
0.01842 1.72117 0.98617
0.01809 1.69116 0.96898
0.01533 1.44185 0.82613
0.01285 1.21603 0.69674
0.01571 1.48791 0.85252
0.02880 2.71992 1.55845
0.01047 0.98116 0.56217
0.01885 1.76224 1.00970
0.01031 0.96341 0.55200
0.02243 2.10131 1.20398
0.01072 1.00412 0.57532
0.01396 1.31020 0.75069
0.01357 1.27177 0.72868
0.01061 0.98958 0.56699
0.01790 1.66908 0.95632
0.02992 2.78046 1.59314
0.02243 2.09929 1.20283
0.01921 1.79698 1.02961
0.02084 1.94633 1.11518
0.00920 0.85496 0.48985
0.02175 2.01138 1.15245
0.01226 1.13366 0.64954
0.01011 0.93878 0.53788
0.01476 1.37269 0.78650
0.01853 1.71762 0.98414
0.05723 5.29997 3.03702
0.02086 1.93090 1.10634
0.08100 7.49387 4.29468
0.03108 2.87216 1.64568
0.02981 2.75271 1.57723
0.03699 3.42215 1.96084
0.02076 1.92271 1.10165
0.03049 2.81192 1.61116
0.02946 2.70803 1.55164
0.01848 1.68976 0.96817
0.01984 1.81464 1.03972
0.02975 2.72533 1.56155
0.01425 1.30588 0.74822
0.01635 1.49739 0.85795
0.05514 5.06166 2.90043
0.03610 3.32428 1.90476
0.01598 1.45447 0.83336
0.02091 1.90528 1.09166
0.02290 2.09052 1.19780
0.02117 1.92881 1.10514
0.02897 2.63646 1.51062
0.02343 2.13385 1.22263
0.03092 2.80974 1.60992
0.01949 1.77241 1.01553
0.01828 1.65560 0.94860
0.02906 2.63652 1.51066
0.02459 2.23162 1.27865
0.02985 2.70252 1.54848
0.02261 2.04296 1.17055
0.01877 1.68959 0.96807
0.01606 1.45015 0.83088
0.01029 0.92954 0.53259
0.01793 1.61493 0.92530
0.02271 2.03820 1.16783
0.02023 1.81792 1.04160
0.01433 1.28727 0.73756
0.01449 1.29359 0.74118
0.01651 1.47834 0.84703
0.01074 0.95755 0.54864
0.00839 0.75157 0.43062
0.04324 3.85928 2.21134
0.00803 0.71605 0.41027
0.00891 0.79206 0.45382
0.01921 1.70004 0.97407
0.01706 1.50985 0.86509
0.00629 0.55635 0.31877
0.01135 1.00304 0.57470
0.03682 3.24766 1.86085
0.02417 2.13572 1.22370
0.02202 1.93807 1.11045
0.03130 2.75955 1.58116
0.01705 1.49856 0.85862
0.01367 1.19934 0.68718
0.00547 0.48107 0.27563
0.01030 0.90186 0.51673
0.01822 1.59538 0.91410
0.02766 2.42738 1.39082
0.02259 1.98357 1.13652
0.01276 1.11693 0.63996
0.01992 1.74209 0.99816
0.00365 0.31814 0.18228
0.02097 1.84576 1.05756
0.01731 1.51720 0.86930
0.01796 1.57751 0.90386
0.01069 0.93609 0.53634
0.01524 1.34447 0.77033
0.01910 1.68662 0.96637
0.00608 0.53481 0.30642
0.01827 1.59703 0.91504
0.00902 0.79764 0.45702
0.02852 2.53391 1.45186
0.00932 0.83662 0.47935
0.01458 1.30824 0.74957
0.00588 0.52501 0.30081
0.01214 1.08101 0.61937
0.01583 1.41424 0.81030
0.00813 0.73353 0.42028
0.01651 1.49741 0.85796
0.02565 2.36208 1.35340
0.01615 1.49473 0.85643
0.02459 2.26297 1.29661
0.04666 4.25739 2.43949
0.03484 3.19375 1.82996
0.01230 1.14726 0.65734
0.02758 2.61561 1.49868
0.00820 0.78092 0.44743
0.01351 1.32572 0.75959
0.01141 1.10587 0.63362
0.03158 3.04941 1.74725
0.01079 1.04481 0.59863
0.01422 1.39229 0.79773
0.02161 2.13550 1.22357
0.03266 3.26695 1.87191
0.03025 3.03845 1.74097
0.03502 3.54101 2.02896
0.02306 2.36518 1.35518
0.01712 1.74660 1.00074
0.00550 0.56297 0.32256
0.02025 2.08781 1.19625
0.01335 1.39860 0.80134
0.01989 2.09711 1.20158
0.01012 1.06541 0.61044
0.01311 1.38953 0.79615
0.01570 1.67120 0.95754
0.01283 1.38622 0.79425
0.00714 0.77410 0.44353
0.00804 0.87491 0.50129
0.01210 1.31928 0.75590
0.01263 1.38417 0.79308
0.02426 2.67403 1.53215
0.01021 1.12788 0.64623
0.00944 1.05287 0.60326
0.01260 1.41933 0.81322
0.02074 2.33763 1.33939
0.01756 1.97792 1.13328
0.01124 1.26423 0.72435
0.00958 1.08793 0.62334
0.01507 1.73123 0.99193
0.01763 2.04423 1.17128
0.01323 1.54155 0.88325
0.01084 1.26536 0.72500
0.01185 1.38171 0.79167
0.01663 1.95413 1.11965
0.00746 0.88144 0.50503
0.01258 1.50651 0.86317
0.01223 1.46794 0.84108
0.01274 1.54722 0.88650
0.02511 3.09891 1.77562
0.02487 3.13991 1.79911
0.01292 1.64454 0.94226
0.00322 0.41680 0.23881
0.01595 2.09031 1.19768
0.02567 3.42048 1.95989
0.01034 1.40046 0.80241
0.00359 0.48950 0.28046
0.02548 3.55868 2.03908
0.00790 1.11852 0.64087
0.02116 3.04638 1.74552
0.00861 1.25524 0.71920
0.03408 5.05492 2.89656
0.01837 2.76056 1.58174
0.03491 5.34013 3.06003
0.02394 3.73101 2.13784
0.01827 2.90760 1.66599
0.06415 10.42523 5.97593
0.03158 5.26064 3.01447
0.04688 7.94383 4.55268
0.01982 3.40349 1.95015
0.02166 3.80215 2.17860
0.02980 5.27919 3.02511
0.01252 2.27931 1.30597
0.01205 2.23577 1.28103
0.02259 4.31149 2.47049
0.00964 1.86510 1.06864
0.00581 1.14995 0.65888
0.00918 1.85067 1.06037
0.01572 3.23680 1.85463
0.02370 5.01298 2.87253
0.03290 7.09046 4.06339
0.02048 4.54187 2.60252
0.01438 3.30647 1.89456
0.00380 0.90302 0.51739
0.00186 0.45599 0.26126
0.00373 0.94874 0.54359
0.01175 3.03618 1.73967
0.02265 6.16415 3.53235
0.03336 9.17127 5.25659
0.05303 15.01302 8.60992
0.01120 3.33170 1.90901
0.00462 1.35326 0.77537
0.07518 23.55900 13.52973
0.01037 3.17995 1.82205
0.01523 4.72809 2.70925
0.02381 7.65280 4.38580
0.00265 0.83584 0.47890
0.02856 9.31018 5.33627
0.01585 5.09307 2.91843
0.00733 2.40840 1.37995
0.01285 4.33922 2.48638
0.00053 0.17688 0.10135
0.00703 2.37710 1.36201
0.01728 5.85620 3.35584
0.00819 2.87587 1.64781
0.02320 8.12227 4.65500
0.00625 2.14934 1.23150
0.00438 1.48710 0.85205
0.01199 4.04932 2.32025
0.02460 8.31052 4.76295
0.01704 5.86729 3.36219
0.01613 5.45155 3.12389
0.00545 1.83697 1.05252
0.01593 5.39470 3.09131
0.01683 5.59192 3.20435
0.03551 11.81137 6.77136
0.02879 9.36955 5.37032
0.00948 3.02248 1.73182
0.01703 5.25810 3.01302
0.01227 3.74371 2.14511
0.01306 3.93537 2.25495
0.02637 7.85489 4.50168
0.00512 1.46433 0.83901
0.00918 2.66229 1.52542
0.00376 1.04338 0.59782
0.01657 4.48793 2.57161
0.01063 2.82557 1.61898
0.01553 4.01420 2.30012
0.04001 9.82373 5.63085
0.02050 4.86960 2.79035
0.00320 0.72776 0.41698
0.00752 1.62215 0.92943
0.01297 2.72523 1.56149
0.00574 1.16696 0.66862
0.00536 1.04309 0.59765
0.01782 3.32532 1.90536
0.00714 1.27936 0.73303
0.05258 9.07709 5.20258
0.01248 2.05994 1.18028
0.03207 5.12565 2.93710
0.01296 1.98570 1.13774
0.00373 0.54558 0.31260
0.01816 2.55235 1.46243
0.01295 1.74454 0.99956
0.00642 0.84093 0.48182
0.01044 1.32766 0.76070
0.01517 1.87745 1.07572
0.00984 1.17531 0.67341
0.01364 1.58262 0.90678
0.02448 2.77217 1.58839
0.02693 2.97333 1.70365
0.01694 1.82876 1.04782
0.01796 1.89150 1.08376
0.02312 2.37275 1.35952
0.02478 2.48350 1.42298
0.01979 1.93687 1.10976
0.01989 1.90444 1.09118
0.02583 2.41994 1.38656
0.03081 2.82863 1.62074
0.00550 0.49463 0.28340
0.00634 0.55534 0.31819
0.02590 2.23141 1.27853
0.01365 1.15536 0.66197
0.02595 2.18491 1.25189
0.03205 2.69661 1.54509
0.02472 2.09224 1.19879
0.01857 1.57967 0.90509
0.02420 2.06187 1.18138
0.01815 1.54130 0.88311
0.01563 1.32821 0.76101
0.01861 1.58331 0.90718
0.03035 2.56728 1.47098
0.03971 3.37016 1.93105
0.02197 1.86244 1.06711
0.02205 1.86977 1.07132
0.02645 2.24454 1.28605
0.01735 1.47458 0.84488
0.01893 1.61146 0.92331
0.01974 1.68688 0.96652
0.01648 1.40651 0.80588
0.02503 2.15011 1.23194
0.02080 1.78539 1.02297
0.01916 1.65208 0.94658
0.02351 2.02625 1.16098
0.01299 1.12206 0.64289
0.00859 0.74335 0.42591
0.01590 1.37927 0.79027
0.01958 1.70365 0.97613
0.01551 1.35279 0.77510
0.01716 1.49737 0.85794
0.02374 2.08395 1.19404
0.01855 1.63162 0.93486
0.01557 1.37416 0.78734
0.00396 0.34913 0.20004
0.01424 1.25827 0.72094
0.01793 1.58243 0.90667
0.02279 2.02529 1.16043
0.02422 2.16825 1.24234
0.01392 1.24894 0.71560
0.01856 1.67122 0.95755
0.00329 0.29559 0.16936
0.00692 0.62394 0.35749
0.00644 0.58405 0.33463
0.00449 0.40859 0.23411
0.01485 1.35133 0.77426
0.02673 2.43114 1.39298
0.00854 0.77657 0.44494
0.01122 1.02008 0.58447
0.01655 1.51177 0.86619
0.00959 0.88248 0.50562
0.00446 0.41094 0.23545
0.02568 2.36168 1.35318
0.02797 2.55833 1.46585
0.02882 2.62811 1.50584
0.01470 1.34035 0.76797
0.00885 0.80502 0.46125
0.00952 0.87115 0.49914
0.01757 1.61217 0.92371
0.00286 0.26290 0.15063
0.02241 2.06232 1.18164
0.01299 1.19886 0.68690
0.01505 1.39289 0.79807
0.00887 0.82085 0.47031
0.01632 1.51584 0.86852
0.01126 1.04379 0.59805
0.01566 1.45948 0.83623
0.01998 1.86752 1.07002
0.01748 1.63826 0.93866
0.02931 2.75706 1.57973
0.01520 1.42734 0.81781
0.02090 1.96913 1.12825
0.01484 1.40497 0.80500
0.02739 2.58937 1.48364
0.03333 3.16739 1.81486
0.01787 1.69786 0.97282
0.01580 1.51253 0.86662
0.01894 1.80877 1.03636
0.01012 0.97196 0.55690
0.01834 1.76491 1.01123
0.01802 1.73437 0.99373
0.00756 0.72877 0.41756
0.00059 0.05689 0.03260
0.00983 0.95802 0.54891
0.01495 1.44893 0.83018
0.00887 0.86450 0.49532
0.01720 1.68187 0.96365
0.00619 0.60726 0.34793
0.01208 1.18927 0.68140
0.02467 2.42526 1.38961
0.01108 1.09343 0.62649
0.00925 0.91711 0.52547
0.02566 2.55175 1.46209
0.03564 3.56011 2.03990
0.02883 2.87481 1.64720
0.02930 2.93492 1.68164
0.03154 3.16728 1.81479
0.05727 5.78546 3.31529
0.02661 2.69902 1.54647
0.04353 4.41640 2.53062
0.01124 1.14440 0.65570
0.03798 3.87570 2.22075
0.02846 2.91430 1.66983
0.02976 3.05740 1.75183
0.02863 2.94638 1.68821
0.01334 1.38333 0.79259
0.02036 2.10947 1.20866
0.00447 0.46355 0.26559
0.01454 1.51074 0.86560
0.01691 1.75779 1.00715
0.01785 1.86910 1.07093
0.04782 4.99608 2.86284
0.01092 1.14175 0.65418
0.00139 0.14436 0.08271
0.01309 1.36163 0.78016
0.00753 0.78274 0.44848
0.01971 2.04180 1.16989
0.03237 3.35263 1.92101
0.04561 4.69777 2.69187
0.05303 5.45467 3.12568
0.04706 4.80725 2.75461
0.03061 3.10386 1.77845
0.03553 3.60138 2.06355
0.03776 3.78216 2.16715
0.04479 4.49012 2.57287
0.04217 4.21468 2.41501
0.02558 2.52355 1.44593
0.02804 2.76150 1.58227
0.00578 0.56701 0.32487
0.05630 5.49641 3.14961
0.01018 0.98800 0.56609
0.02635 2.54171 1.45633
0.00404 0.38439 0.22024
0.02768 2.62125 1.50191
0.00096 0.08987 0.05149
0.01689 1.58122 0.90598
0.02017 1.88025 1.07732
0.01653 1.52795 0.87546
0.02575 2.36861 1.35715
0.02302 2.10796 1.20779
0.02637 2.39377 1.37156
0.02801 2.53559 1.45282
0.02830 2.54214 1.45658
0.02212 1.97931 1.13408
0.01764 1.55151 0.88896
0.00458 0.41574 0.23820
0.00616 0.55337 0.31706
0.00308 0.27457 0.15732
0.01675 1.50059 0.85978
0.01799 1.61309 0.92424
0.01565 1.40444 0.80469
0.01492 1.34831 0.77253
0.02123 1.91868 1.09934
0.01871 1.69514 0.97126
0.01798 1.63011 0.93399
0.01982 1.80638 1.03500
0.02476 2.25101 1.28976
0.01385 1.27026 0.72781
0.03069 2.82035 1.61599
0.01765 1.62354 0.93023
0.02453 2.26886 1.29999
0.01935 1.79272 1.02717
0.02764 2.57414 1.47491
0.02575 2.41134 1.38163
0.02536 2.38137 1.36446
0.02553 2.41149 1.38172
0.03144 2.97842 1.70657
0.02069 1.97149 1.12960
0.03466 3.30530 1.89388
0.02485 2.38166 1.36462
0.02318 2.24315 1.28526
0.04758 4.60700 2.63985
0.01927 1.88427 1.07962
0.02286 2.26100 1.29548
0.01593 1.60461 0.91938
0.02921 3.01318 1.72649
0.02792 2.95197 1.69141
0.03818 4.14812 2.37687
0.03229 3.62583 2.07756
0.03805 4.40032 2.52140
0.03267 3.89360 2.23101
0.03439 4.21689 2.41628
0.02561 3.25734 1.86640
0.02488 3.29187 1.88619
0.02319 3.17822 1.82106
0.02332 3.32879 1.90735
0.03030 4.47584 2.56468
0.02937 4.38274 2.51133
0.02471 4.03744 2.31344
0.03633 5.95143 3.41042
0.02752 4.64622 2.66233
0.02305 4.01949 2.30315
0.00904 1.61844 0.92731
0.01248 2.27684 1.30456
0.00832 1.56041 0.89406
0.01285 2.45453 1.40637
0.00890 1.73938 0.99660
0.02222 4.48649 2.57079
0.01481 3.06029 1.75349
0.00586 1.26991 0.72761
0.01111 2.47772 1.41966
0.01642 3.78945 2.17133
0.02024 4.95247 2.83785
0.00777 1.98899 1.13963
0.03250 9.01038 5.16431
0.00695 2.04984 1.17449
0.00679 2.15414 1.23426
0.01300 4.39241 2.51687
0.03134 10.61165 6.08288
0.00711 2.45479 1.40653
0.01113 3.85422 2.20844
0.03265 11.13229 6.38163
0.00781 2.76470 1.58411
0.00718 2.51815 1.44283
0.01095 3.97416 2.27718
0.01186 4.35452 2.49515
0.00507 1.80763 1.03571
0.00726 2.60071 1.49014
0.01118 3.78231 2.16723
0.01813 6.07514 3.48134
0.00870 2.74695 1.57394
0.00783 2.44607 1.40153
0.01159 3.49717 2.00383
0.02926 8.35096 4.78614
0.04278 12.08507 6.92845
0.03396 8.98519 5.14987
0.01198 3.12984 1.79334
0.03749 9.37453 5.37318
0.02573 6.01093 3.44453
0.00462 1.04820 0.60058
0.02128 4.53100 2.59629
0.02970 6.12767 3.51145
0.01250 2.41739 1.38510
0.01546 2.96477 1.69875
0.00149 0.27087 0.15520
0.01427 2.46723 1.41365
0.02446 4.08678 2.34172
0.01480 2.38098 1.36423
0.01917 2.97173 1.70274
0.02038 3.04493 1.74468
0.01913 2.74244 1.57135
0.02541 3.57523 2.04857
0.02000 2.73263 1.56573
0.03407 4.53453 2.59832
0.02192 2.84890 1.63236
0.01250 1.58483 0.90805
0.01050 1.29064 0.73948
0.00935 1.11490 0.63879
0.01218 1.42012 0.81368
0.00509 0.58172 0.33330
0.00759 0.84995 0.48699
0.01355 1.48805 0.85260
0.02824 3.03277 1.73772
0.02399 2.52880 1.44893
0.01658 1.72024 0.98564
0.00934 0.95890 0.54941
0.02259 2.19395 1.25707
0.02868 2.99582 1.71655
0.00241 0.23756 0.13611
0.02692 2.58812 1.48292
0.01507 1.43872 0.82433
0.01802 1.69827 0.97305
0.01530 1.41614 0.81139
0.02751 2.52541 1.44699
0.02325 2.10659 1.20701
0.01595 1.42889 0.81870
0.01247 1.10203 0.63142
0.00888 0.77076 0.44161
0.01484 1.27974 0.73324
0.00917 0.78781 0.45138
0.01545 1.31611 0.75408
0.00591 0.49871 0.28574
0.00798 0.66912 0.38338
0.02516 2.09857 1.20241
0.01311 1.08929 0.62412
0.01085 0.90550 0.51882
0.01814 1.50702 0.86347
0.01186 0.98094 0.56204
0.01300 1.07394 0.61533
0.00996 0.82043 0.47007
0.00686 0.56811 0.32550
0.01071 0.88571 0.50748
0.02791 2.30855 1.32273
0.01115 0.92500 0.52999
0.03465 2.88100 1.65075
0.02075 1.74698 1.00096
0.02534 2.13261 1.22192
0.00515 0.43106 0.24698
0.02875 2.40638 1.37879
0.02540 2.13152 1.22129
0.05337 4.49277 2.57438
0.01936 1.62072 0.92861
0.04893 4.09694 2.34754
0.01091 0.92015 0.52721
0.02380 1.99390 1.14244
0.01142 0.95543 0.54742
0.01588 1.32048 0.75658
0.01003 0.83576 0.47886
0.01157 0.96450 0.55262
0.01408 1.17540 0.67346
0.02148 1.79819 1.03030
0.01874 1.57040 0.89978
0.02592 2.16842 1.24244
0.02360 1.97576 1.13204
0.01907 1.59335 0.91293
0.01965 1.65833 0.95016
0.02038 1.72869 0.99048
0.01903 1.61896 0.92761
0.01600 1.36212 0.78044
0.01983 1.69363 0.97039
0.01512 1.29066 0.73950
0.02033 1.74952 1.00241
0.01980 1.71192 0.98087
0.00187 0.16183 0.09272
0.01730 1.49872 0.85871
0.01888 1.63540 0.93703
0.00732 0.64333 0.36860
0.02514 2.22349 1.27399
0.04209 3.72392 2.13377
0.02733 2.41154 1.38174
0.03686 3.23962 1.85625
0.01181 1.03685 0.59407
0.03435 3.04086 1.74235
0.03051 2.73983 1.56986
0.02475 2.19648 1.25852
0.02068 1.82662 1.04659
0.01477 1.30436 0.74735
0.03229 2.88112 1.65082
0.01040 0.93213 0.53407
0.02336 2.07783 1.19053
0.03522 3.13040 1.79366
0.02429 2.15431 1.23435
0.03436 3.05157 1.74849
0.04274 3.80006 2.17740
0.02490 2.20152 1.26140
0.01240 1.10065 0.63063
0.00272 0.24274 0.13908
0.00669 0.60035 0.34398
0.00719 0.64725 0.37085
0.00790 0.70008 0.40112
0.03441 3.05448 1.75015
0.01123 0.99635 0.57087
0.01113 0.98955 0.56697
0.00631 0.56154 0.32174
0.01632 1.45342 0.83275
0.01161 1.03694 0.59412
0.00865 0.76916 0.44070
0.01355 1.20501 0.69042
0.01354 1.20067 0.68794
0.03295 2.92394 1.67536
0.01106 0.98351 0.56351
0.03532 3.14298 1.80087
0.01984 1.76874 1.01343
0.05161 4.60538 2.63892
0.03563 3.18339 1.82402
0.03935 3.50814 2.01012
0.01697 1.47458 0.84488
0.02560 2.37178 1.35896
0.02034 1.83360 1.05059
0.01060 0.95911 0.54953
0.01637 1.48059 0.84832
0.00031 0.02790 0.01599
0.01038 0.94392 0.54083
0.01760 1.60366 0.91884
0.01075 0.98020 0.56162
0.01028 0.93939 0.53823
0.02336 2.12963 1.22021
0.00846 0.77654 0.44493
0.01719 1.57477 0.90229
0.01452 1.33861 0.76697
0.01341 1.23950 0.71018
0.01189 1.10189 0.63134
0.01548 1.43286 0.82098
0.01681 1.55698 0.89209
0.00752 0.69894 0.40047
0.01472 1.37711 0.78903
0.01051 0.98757 0.56584
0.02193 2.05634 1.17822
0.00472 0.44371 0.25423
0.00478 0.45568 0.26109
0.01379 1.31048 0.75086
0.00951 0.90429 0.51812
0.01351 1.28308 0.73516
0.01153 1.10003 0.63027
0.01242 1.19326 0.68369
0.01133 1.09584 0.62787
0.00954 0.92645 0.53082
0.01289 1.24681 0.71437
0.00758 0.73698 0.42226
0.01465 1.43173 0.82033
0.01869 1.82498 1.04565
0.02334 2.28358 1.30842
0.02566 2.53866 1.45458
0.01926 1.93760 1.11018
0.02233 2.24923 1.28874
0.02595 2.63768 1.51132
0.02805 2.88246 1.65159
0.01762 1.82445 1.04534
0.01625 1.71003 0.97979
0.01213 1.29699 0.74312
0.01575 1.70739 0.97828
0.00687 0.75049 0.43000
0.02285 2.52365 1.44598
0.01446 1.61608 0.92596
0.01353 1.53685 0.88056
0.01913 2.19574 1.25809
0.01842 2.19967 1.26034
0.00733 0.88917 0.50946
0.01416 1.75966 1.00822
0.01980 2.52816 1.44857
0.01317 1.72167 0.98646
0.03329 4.46153 2.55648
0.02156 2.95259 1.69177
0.01907 2.67506 1.53274
0.00340 0.48893 0.28014
0.01320 1.95557 1.12047
0.02803 4.26240 2.44236
0.01274 1.98825 1.13920
0.02376 3.82534 2.19189
0.01319 2.17033 1.24353
0.00455 0.76864 0.44040
0.01226 2.12635 1.21833
0.00979 1.75131 1.00344
0.01111 2.05425 1.17702
0.01536 2.97082 1.70222
0.00573 1.15470 0.66160
0.03759 7.92832 4.54378
0.04615 10.31428 5.91227
0.01971 4.69773 2.69185
0.02806 7.08907 4.06259
0.02199 5.87534 3.36681
0.01198 3.39244 1.94382
0.03403 10.34168 5.92799
0.05172 16.65244 9.55221
0.03351 11.28392 6.46864
0.01694 5.95469 3.41229
0.03556 12.85817 7.37227
0.01034 3.88349 2.22522
0.00453 1.75323 1.00454
0.00777 3.06431 1.75579
0.02229 8.86223 5.07935
0.02203 8.81818 5.05408
0.02935 11.83601 6.78550
0.02566 10.52236 6.03166
0.03905 17.10523 9.81256
0.02509 12.78175 7.32840
0.01289 8.33048 4.77440
0.02299 21.27000 12.20990
0.01397 19.24027 11.04094
0.01106 26.96399 15.49642
0.00080 8.89981 5.10090
0.00915 58.99767 34.31368
0.00984 73.67033 43.22799
0.00362 110.20301 66.87335
0.00373 123.35189 76.15975
0.00097 27.77166 15.96357
0.00136 60.14645 35.00318
0.00226 108.44550 65.67081
0.00211 64.08042 37.37449
0.00463 131.95568 82.56595
0.00440 116.77757 71.44892
0.00462 138.77793 87.87760
0.00311 108.97502 66.03226
0.00259 76.53174 44.99693
0.00481 121.83307 75.05835
0.00265 100.82902 60.54924
0.00514 135.34843 85.17917
0.00269 130.86615 81.73785
0.00560 115.84665 70.79327
0.00199 76.26051 44.82878
0.00455 126.19101 78.24124
0.00104 49.16838 28.46319
0.00194 68.72685 40.19690
0.00229 76.07683 44.71496
0.00449 121.59345 74.88533
0.00268 100.51023 60.33785
0.00211 84.48191 49.97361
0.00064 27.06351 15.55396
0.00096 41.84546 24.15415
0.00341 101.26399 60.83802
0.00290 135.85703 85.57562
0.00364 135.25003 85.10262
0.00248 119.02180 73.04080
0.00446 115.08241 70.25698
0.00216 126.95729 78.80829
0.00463 124.45383 76.96406
0.00309 136.50557 86.08299
0.00263 120.16189 73.85578
0.00138 91.55818 54.48930
0.00226 130.27747 81.29257
0.00154 121.31129 74.68185
0.00036 36.50075 21.03126
0.00204 138.04241 87.29380
0.00251 139.96819 88.82849
0.00220 124.53799 77.02567
0.00178 121.41176 74.75428
0.00246 130.79251 81.68206
0.00191 125.80936 77.95966
0.00006 4.80190 2.75155
0.00103 107.67587 65.14677
0.00069 60.86784 35.43683
0.00100 126.09750 78.17220
0.00107 93.09674 55.48306
0.00122 135.90370 85.61205
0.00246 134.49465 84.51648
0.00082 115.05649 70.23883
0.00313 140.50073 89.25644
0.00137 137.60090 86.94471
0.00169 97.39835 58.28610
0.00220 136.70915 86.24269
0.00181 124.22950 76.79996
0.00206 128.25980 79.77750
0.00206 91.79701 54.64327
0.00225 56.43005 32.77716
0.00641 94.16435 56.17531
0.01390 132.56371 83.03037
0.01973 138.70991 87.82350
0.02265 132.22608 82.77228
0.01638 86.23665 51.08535
0.00382 17.99288 10.32312
0.00949 38.11549 21.97297
0.02222 62.50383 36.42222
0.01198 23.52142 13.50804
0.00734 9.96538 5.71211
0.01517 15.70732 9.00891
0.01161 9.39557 5.38525
0.03450 23.20673 13.32650
0.01560 9.10996 5.22143
0.01949 9.84948 5.64562
0.01819 8.15996 4.67661
0.06721 26.87921 15.44740
0.01580 5.76552 3.30386
0.01600 5.41156 3.10097
0.02234 7.01875 4.02227
0.01730 5.09558 2.91987
0.01564 4.34136 2.48761
0.00474 1.25069 0.71660
0.00777 1.96292 1.12469
0.01374 3.29786 1.88962
0.03254 7.51234 4.30526
0.03464 7.73805 4.43469
0.02491 5.26450 3.01669
0.02564 5.15997 2.95677
0.04122 7.87435 4.51283
0.04067 7.48411 4.28908
0.03329 5.92998 3.39813
0.02656 4.51096 2.58481
0.06780 10.98777 6.29870
0.04438 6.90426 3.95663
0.00991 1.49039 0.85394
0.03319 4.84436 2.77589
0.01924 2.70519 1.55001
0.04648 6.34422 3.63558
0.01432 1.89433 1.08539
0.01824 2.35361 1.34855
0.03114 3.89762 2.23331
0.03352 4.09794 2.34811
0.02922 3.49458 2.00235
0.01526 1.76944 1.01383
0.00229 0.25916 0.14849
0.00210 0.23171 0.13276
0.00791 0.85443 0.48955
0.01873 1.96986 1.12867
0.00479 0.49280 0.28235
0.01909 1.91358 1.09642
0.02171 2.13139 1.22122
0.01762 1.69775 0.97275
0.01962 1.84820 1.05895
0.01913 1.76621 1.01198
0.02381 2.14661 1.22994
0.01861 1.65261 0.94689
0.01731 1.51756 0.86951
0.02555 2.22697 1.27598
0.01999 1.74130 0.99771
0.02254 1.95971 1.12285
0.01725 1.49903 0.85889
0.02303 2.00317 1.14775
0.02310 2.01046 1.15193
0.02790 2.44712 1.40213
0.02849 2.49216 1.42794
0.01440 1.25922 0.72149
0.01506 1.31208 0.75177
0.03259 2.84714 1.63135
0.02503 2.20223 1.26181
0.02948 2.59634 1.48764
0.02845 2.51613 1.44168
0.01369 1.21601 0.69673
0.03321 2.95650 1.69401
0.02064 1.84545 1.05738
0.02511 2.23467 1.28040
0.02209 1.96155 1.12390
0.02044 1.81750 1.04137
0.02508 2.24480 1.28620
0.02507 2.25546 1.29231
0.03681 3.33197 1.90917
0.04311 3.90905 2.23986
0.04314 3.92162 2.24707
0.01606 1.46108 0.83714
0.02670 2.41024 1.38100
0.02630 2.39197 1.37053
0.02516 2.29619 1.31565
0.02702 2.46799 1.41409
0.02965 2.72233 1.55983
0.02365 2.17362 1.24542
0.02290 2.10823 1.20795
0.02223 2.05953 1.18004
0.02779 2.58639 1.48193
0.02671 2.49729 1.43088
0.01823 1.69718 0.97242
0.01958 1.82631 1.04641
0.02289 2.13479 1.22317
0.01984 1.86567 1.06897
0.01674 1.58037 0.90549
0.02709 2.55429 1.46354
0.01973 1.86561 1.06893
0.02955 2.80983 1.60996
0.01636 1.56202 0.89498
0.01226 1.16380 0.66681
0.01340 1.27667 0.73148
0.01258 1.20530 0.69059
0.01770 1.70229 0.97535
0.02401 2.31259 1.32505
0.01214 1.16998 0.67035
0.00790 0.76305 0.43720
0.00850 0.82385 0.47203
0.00603 0.58541 0.33542
0.00256 0.24909 0.14272
0.01269 1.23698 0.70874
0.02428 2.38922 1.36896
0.01684 1.66212 0.95234
0.01838 1.81107 1.03768
0.01347 1.32029 0.75647
0.01851 1.81260 1.03856
0.01418 1.39401 0.79872
0.02110 2.09230 1.19882
0.02300 2.31329 1.32545
0.01595 1.61015 0.92256
0.02441 2.45457 1.40640
0.01721 1.72149 0.98635
0.00605 0.60025 0.34392
0.02216 2.18614 1.25259
0.03013 2.94054 1.68487
0.02914 2.82196 1.61692
0.03090 2.97416 1.70413
0.03101 2.95278 1.69188
0.03166 2.98851 1.71236
0.02544 2.37404 1.36026
0.02896 2.70188 1.54811
0.03211 2.96899 1.70117
0.03038 2.80177 1.60535
0.02759 2.53425 1.45206
0.01647 1.49964 0.85924
0.01364 1.22096 0.69956
0.02134 1.89258 1.08438
0.01503 1.32528 0.75934
0.01754 1.54375 0.88451
0.02291 2.00282 1.14755
0.01413 1.22960 0.70451
0.02028 1.75173 1.00368
0.01913 1.65259 0.94687
0.02292 1.98121 1.13517
0.02205 1.90480 1.09138
0.02010 1.74690 1.00091
0.01476 1.28382 0.73558
0.01719 1.49999 0.85944
0.02097 1.82171 1.04378
0.01868 1.63387 0.93615
0.02058 1.80524 1.03434
0.03167 2.79109 1.59923
0.02206 1.94500 1.11442
0.02693 2.36894 1.35734
0.02700 2.38312 1.36546
0.01962 1.74389 0.99919
0.02773 2.48094 1.42151
0.01971 1.77457 1.01677
0.01600 1.44880 0.83011
0.01115 1.01584 0.58203
0.01268 1.16569 0.66789
0.00888 0.82297 0.47153
0.01257 1.17905 0.67555
0.01352 1.27121 0.72835
0.01645 1.55554 0.89127
0.01518 1.44441 0.82759
0.01453 1.39205 0.79759
0.01766 1.70914 0.97928
0.00997 0.96777 0.55449
0.01010 0.98306 0.56325
0.01747 1.71428 0.98222
0.03203 3.15875 1.80991
0.02597 2.56256 1.46828
0.01742 1.71830 0.98452
0.01380 1.36685 0.78315
0.02729 2.71914 1.55800
0.00688 0.68888 0.39470
0.01368 1.35253 0.77495
0.01703 1.67373 0.95899
0.02901 2.84051 1.62755
0.02435 2.38016 1.36377
0.04442 4.31168 2.47060
0.02830 2.73296 1.56592
0.02180 2.09089 1.19801
0.02620 2.48464 1.42363
0.02113 2.00371 1.14806
0.03156 3.00572 1.72222
0.02474 2.34148 1.34160
0.04097 3.85984 2.21166
0.03283 3.06397 1.75560
0.03095 2.86451 1.64130
0.01213 1.11492 0.63881
0.02541 2.31585 1.32691
0.01498 1.35877 0.77852
0.02012 1.81482 1.03983
0.01666 1.49591 0.85710
0.01564 1.39115 0.79708
0.01759 1.56445 0.89637
0.01465 1.30007 0.74489
0.02231 1.98126 1.13520
0.03537 3.16489 1.81343
0.02340 2.09474 1.20022
0.01689 1.50433 0.86193
0.03024 2.69476 1.54403
0.02326 2.08343 1.19374
0.02599 2.34309 1.34252
0.01416 1.27518 0.73063
0.03021 2.72520 1.56147
0.02110 1.91870 1.09935
0.03860 3.51202 2.01234
0.02843 2.60377 1.49189
0.01712 1.57549 0.90270
0.02244 2.09135 1.19828
0.02252 2.13109 1.22105
0.01757 1.68876 0.96760
0.01785 1.74939 1.00234
0.02826 2.82936 1.62116
0.01894 1.93020 1.10594
0.01755 1.79960 1.03111
0.02014 2.09736 1.20172
0.01434 1.50246 0.86086
0.01645 1.73841 0.99605
0.01489 1.58073 0.90570
0.00567 0.60302 0.34551
0.02210 2.36511 1.35514
0.00855 0.91397 0.52367
0.00549 0.59035 0.33825
0.00776 0.83564 0.47879
0.00621 0.66971 0.38371
0.00428 0.46292 0.26523
0.00336 0.36328 0.20815
0.01104 1.19345 0.68380
0.00938 1.01127 0.57942
0.02909 3.15323 1.80674
0.02269 2.47142 1.41606
0.00746 0.80826 0.46310
0.02603 2.79578 1.60192
0.02784 2.95162 1.69122
0.01999 2.12148 1.21554
0.01518 1.58405 0.90760
0.01219 1.26167 0.72289
0.01909 1.96616 1.12655
0.01529 1.56841 0.89864
0.01817 1.85368 1.06210
0.00621 0.62561 0.35845
0.02598 2.59779 1.48846
0.01800 1.77705 1.01819
0.02938 2.86939 1.64410
0.01366 1.32097 0.75687
0.03041 2.90721 1.66576
0.01161 1.10283 0.63188
0.01685 1.57698 0.90355
0.01349 1.24679 0.71436
0.00603 0.54935 0.31476
0.01425 1.27859 0.73258
0.01466 1.30374 0.74699
0.01728 1.52097 0.87146
0.03425 2.99367 1.71531
0.01665 1.44426 0.82751
0.03120 2.67905 1.53503
0.01627 1.38185 0.79175
0.02058 1.74011 0.99702
0.02685 2.26988 1.30057
0.01662 1.41088 0.80838
0.01704 1.44754 0.82939
0.01308 1.11616 0.63952
0.03372 2.89183 1.65696
0.01583 1.36257 0.78070
0.02260 1.94668 1.11539
0.02103 1.81296 1.03877
0.03205 2.76511 1.58434
0.02631 2.26636 1.29855
0.02587 2.24055 1.28377
0.01830 1.59490 0.91382
0.01683 1.48184 0.84904
0.02409 2.12038 1.21491
0.02287 2.02653 1.16114
0.02842 2.54102 1.45594
0.02370 2.14017 1.22625
0.02958 2.69096 1.54185
0.02162 2.00539 1.14903
0.02355 2.21575 1.26956
0.01482 1.41575 0.81117
0.01662 1.60628 0.92034
0.01810 1.77623 1.01772
0.02744 2.72568 1.56175
0.02577 2.60619 1.49328
0.02241 2.31639 1.32722
0.03176 3.35056 1.91982
0.03061 3.26489 1.87072
0.03296 3.52223 2.01819
0.01772 1.89617 1.08644
0.01260 1.34701 0.77178
0.00696 0.74842 0.42882
0.01635 1.75857 1.00760
0.02268 2.45332 1.40569
0.02599 2.83334 1.62344
0.01284 1.39667 0.80024
0.02326 2.52937 1.44926
0.01486 1.61250 0.92391
0.00147 0.15890 0.09105
0.01356 1.45404 0.83311
0.02106 2.25160 1.29010
0.00652 0.69348 0.39733
0.00857 0.91085 0.52188
0.01540 1.61834 0.92725
0.01055 1.10367 0.63236
0.01067 1.09905 0.62971
0.00609 0.62435 0.35773
0.03377 3.44737 1.97530
0.01628 1.64687 0.94360
0.01274 1.25887 0.72128
0.00826 0.81114 0.46475
0.02869 2.79753 1.60292
0.00302 0.29449 0.16873
0.01104 1.06920 0.61261
0.00535 0.50622 0.29004
0.01309 1.22571 0.70228
0.00743 0.69721 0.39947
0.02524 2.36322 1.35406
0.01582 1.47405 0.84458
0.02127 1.95864 1.12224
0.02027 1.85624 1.06356
0.00703 0.63881 0.36601
0.00859 0.77372 0.44331
0.00502 0.44783 0.25659
0.01136 1.01014 0.57877
0.00900 0.79851 0.45751
0.01763 1.55156 0.88899
0.03252 2.85619 1.63653
0.04649 4.07155 2.33299
0.02610 2.25671 1.29303
0.02903 2.48790 1.42550
0.01136 0.96473 0.55275
0.02498 2.11071 1.20937
0.03435 2.86601 1.64216
0.01196 0.99088 0.56774
0.03643 3.01945 1.73009
0.02345 1.94130 1.11230
0.03484 2.88328 1.65206
0.01983 1.63729 0.93811
0.01724 1.43176 0.82035
0.02749 2.30026 1.31798
0.02278 1.90993 1.09433
0.02367 1.99646 1.14391
0.01778 1.48837 0.85278
0.01478 1.24592 0.71386
0.01902 1.60481 0.91950
0.01690 1.43753 0.82365
0.01618 1.38239 0.79206
0.01753 1.49624 0.85729
0.02394 2.05094 1.17512
0.02189 1.88715 1.08127
0.02286 1.99081 1.14067
0.01836 1.60745 0.92101
0.03218 2.80187 1.60541
0.02537 2.20846 1.26538
0.02147 1.88153 1.07805
0.01559 1.38117 0.79136
0.01091 0.97305 0.55752
0.03238 2.91615 1.67089
0.01290 1.16523 0.66763
0.00263 0.23718 0.13589
0.01528 1.38126 0.79141
0.01317 1.19626 0.68541
