-0.02877 -0.02417 0.56420
-0.01762 -0.02400 0.56161
-0.03032 -0.02546 0.56061
-0.02346 -0.02189 0.56149
-0.01342 -0.02215 0.56440
-0.01461 -0.01178 0.57421
-0.01871 -0.00898 0.57928
-0.01918 -0.02126 0.58672
-0.01926 -0.02649 0.59396
-0.02161 -0.03141 0.60031
-0.02311 -0.02167 0.61239
-0.01203 -0.00334 0.62612
-0.01692 0.01306 0.64819
-0.01875 -0.01052 0.66470
-0.02033 -0.00804 0.67649
-0.00877 -0.03258 0.68335
-0.01601 -0.03053 0.69145
-0.01355 -0.00993 0.71068
-0.01717 0.01833 0.73394
-0.02184 -0.00539 0.76009
-0.01837 -0.00068 0.77643
-0.01852 -0.00349 0.78875
-0.01524 -0.02707 0.80316
-0.01194 -0.01977 0.82106
-0.01109 -0.02218 0.83267
-0.01380 -0.03129 0.84572
-0.00954 -0.02654 0.85961
-0.02772 -0.00924 0.88132
-0.01477 -0.01401 0.90099
-0.02052 -0.00654 0.92019
-0.02063 -0.02426 0.93422
-0.01946 -0.01953 0.95303
-0.01417 -0.01805 0.97170
-0.02385 -0.01664 0.97594
-0.02619 -0.02529 0.98250
-0.02158 -0.02098 0.98754
-0.02094 -0.01464 1.00139
-0.01401 -0.00890 1.00778
-0.01967 -0.01659 1.01452
-0.01803 -0.02597 1.02108
-0.02236 -0.02626 1.02855
-0.02496 -0.01577 1.03621
-0.01479 -0.00775 1.04749
-0.02328 -0.00355 1.05539
-0.01919 -0.01325 1.06322
-0.02577 -0.02412 1.06275
-0.02055 -0.03536 1.07127
-0.02570 -0.03082 1.07491
-0.02260 -0.01433 1.07675
-0.02180 -0.02127 1.07771
-0.02390 -0.01538 1.07580
-0.02396 -0.03963 1.07387
-0.02398 -0.04045 1.06468
-0.02257 -0.03653 1.06184
-0.01622 -0.02259 1.07304
-0.01373 -0.00842 1.07906
-0.01816 -0.02013 1.07685
-0.01733 -0.01803 1.07630
-0.01576 -0.04509 1.07817
-0.01186 -0.02318 1.07057
-0.01161 -0.02964 1.07328
-0.01311 -0.04269 1.07365
-0.01485 -0.04012 1.06605
-0.01586 -0.03192 1.07161
-0.00896 -0.00518 1.07164
-0.01588 -0.00888 1.08678
-0.01533 -0.01102 1.08568
-0.01917 -0.03073 1.08269
-0.01494 -0.03712 1.07851
-0.02252 -0.04212 1.07699
-0.02633 -0.04896 1.07803
-0.01682 -0.03667 1.08108
-0.01833 -0.02608 1.08464
-0.02618 -0.00998 1.09208
-0.01664 -0.01941 1.08865
-0.02225 -0.01731 1.08536
-0.02547 -0.02238 1.08733
-0.02368 -0.01870 1.08363
-0.02381 -0.01384 1.08388
-0.01929 -0.01984 1.07977
-0.02675 -0.03654 1.07378
-0.02289 -0.04532 1.06841
-0.01847 -0.03167 1.06864
-0.02029 -0.01675 1.06552
-0.01981 -0.00888 1.07120
-0.02421 -0.01659 1.06608
-0.02856 -0.03559 1.06053
-0.01777 -0.03728 1.05458
-0.02155 -0.02972 1.04714
-0.02332 -0.03651 1.03870
-0.02510 -0.02634 1.02498
-0.01794 -0.02318 1.01108
-0.02065 -0.01070 0.99415
-0.02080 -0.03021 0.97215
-0.02587 -0.02779 0.95306
-0.02434 -0.03832 0.93029
-0.02064 -0.03527 0.90563
-0.02483 -0.02165 0.88522
-0.02737 -0.02301 0.86188
-0.01661 -0.02083 0.83966
-0.02354 -0.01536 0.81482
-0.01856 -0.02434 0.78653
-0.02185 -0.02704 0.76044
-0.02025 -0.03536 0.72750
-0.02135 -0.04038 0.69792
-0.04093 -0.03612 0.66430
-0.01797 -0.03422 0.63756
-0.01738 -0.02598 0.60656
-0.00463 -0.02019 0.58501
0.00507 -0.01392 0.56431
0.00556 -0.01203 0.53963
0.00428 -0.00474 0.51790
0.00835 -0.00339 0.49489
-0.00039 -0.01353 0.47423
-0.00913 -0.01198 0.45082
-0.02158 -0.02334 0.43105
0.00027 -0.02701 0.42071
0.01349 -0.03100 0.41154
0.02708 -0.03092 0.40042
0.04952 -0.03717 0.39673
0.03310 -0.01843 0.38665
0.02662 -0.01407 0.38760
0.00995 -0.01453 0.37566
0.01466 -0.01020 0.38007
0.01589 -0.01922 0.36466
0.03852 -0.02321 0.36604
0.04600 -0.01412 0.36181
0.05321 -0.00112 0.35001
0.05879 -0.00725 0.35587
0.05932 -0.01403 0.34022
0.06047 -0.02231 0.34563
0.05649 -0.02727 0.33406
0.05610 -0.01802 0.34685
0.04893 -0.01141 0.34195
0.04787 -0.00926 0.35668
0.04762 -0.00825 0.35914
0.05712 0.00347 0.35315
0.05738 0.00575 0.37063
0.05184 0.00637 0.36565
0.05516 0.00682 0.37673
0.05776 -0.00331 0.37592
0.07386 0.00082 0.38192
0.03289 -0.02283 0.39017
0.03818 -0.00865 0.39104
0.02999 -0.00190 0.40850
0.03344 -0.01275 0.41803
0.03294 -0.01129 0.43433
0.04143 -0.00418 0.44323
0.02454 0.00095 0.46529
0.01316 0.01005 0.48450
0.01387 0.00714 0.49998
0.02439 -0.01477 0.51984
0.00599 -0.00882 0.53575
0.00847 -0.01372 0.55402
0.00853 -0.00752 0.57301
-0.01422 -0.01408 0.59209
-0.00136 0.00704 0.61846
0.00939 -0.01030 0.64335
-0.01829 0.01332 0.65700
-0.02197 -0.00816 0.67627
-0.01760 -0.00968 0.68869
-0.01749 -0.01061 0.71002
-0.01150 -0.00947 0.72312
-0.02226 -0.00110 0.73868
-0.02211 0.00702 0.75608
-0.00945 0.00121 0.76587
-0.00551 0.00450 0.77752
-0.00278 0.00078 0.78062
-0.01468 -0.00677 0.78677
-0.00322 0.00446 0.79844
0.00057 -0.00571 0.80670
-0.00944 -0.02261 0.81649
-0.01076 -0.02941 0.81754
-0.00842 -0.02475 0.82192
-0.00378 -0.02087 0.83111
-0.00465 -0.00594 0.83888
-0.00980 -0.00103 0.84187
-0.01011 -0.01253 0.84421
-0.01642 -0.00486 0.84532
-0.01565 -0.02130 0.83818
-0.01427 -0.05450 0.82974
-0.01018 -0.01253 0.82155
-0.01340 -0.00297 0.82332
-0.01260 -0.00315 0.83227
-0.01180 -0.01843 0.83172
-0.01003 -0.01114 0.82207
-0.00494 -0.02338 0.81310
-0.00011 -0.03334 0.81209
0.00474 -0.02042 0.80630
0.00905 -0.02921 0.80418
0.00388 -0.02358 0.80018
0.00895 -0.02389 0.79637
-0.00143 -0.01504 0.79497
0.00516 -0.01643 0.79093
0.00154 -0.02207 0.78348
0.00271 -0.02140 0.78149
-0.00495 -0.01360 0.77206
-0.00401 -0.01008 0.77386
-0.00001 -0.01744 0.76865
-0.00575 -0.01749 0.76108
-0.00015 -0.01713 0.75033
-0.00361 -0.01517 0.73410
-0.00653 -0.01944 0.71533
-0.00898 -0.02989 0.70525
-0.00100 -0.02711 0.70102
-0.01264 -0.02448 0.69769
-0.01141 -0.01818 0.69532
-0.00614 -0.01592 0.69541
-0.00945 -0.01436 0.68922
-0.00528 -0.02233 0.68591
-0.00878 -0.02786 0.68431
-0.00711 -0.01449 0.67609
-0.00258 -0.01178 0.67385
-0.00770 -0.01337 0.67020
-0.00061 -0.01529 0.66655
0.01024 -0.02653 0.66095
0.02209 -0.02093 0.66285
0.00581 -0.01578 0.67145
0.00056 -0.01042 0.67433
0.00859 -0.00843 0.67961
0.01092 -0.01677 0.68290
0.00914 -0.00832 0.69133
-0.00614 0.00102 0.70067
0.00288 -0.00919 0.71370
-0.00409 -0.01814 0.72739
-0.00802 -0.01097 0.72933
-0.00940 -0.03093 0.73211
-0.00353 -0.02126 0.73777
-0.00206 -0.02665 0.74586
-0.00886 -0.00630 0.74942
-0.01783 -0.00935 0.75280
-0.01627 -0.00916 0.75642
-0.01178 -0.00804 0.75221
-0.00669 -0.01779 0.75992
-0.00680 -0.02490 0.74764
-0.00718 -0.01620 0.74885
-0.00313 -0.01448 0.74597
-0.01186 -0.01222 0.75344
-0.01326 -0.00983 0.75565
-0.00858 -0.01615 0.76080
-0.00514 -0.02682 0.75950
-0.00153 -0.02994 0.76468
-0.00506 -0.01885 0.77027
-0.00842 0.00354 0.77746
-0.00718 -0.00879 0.78114
-0.00637 -0.00413 0.78672
-0.00178 -0.01133 0.79135
-0.00795 -0.02061 0.79733
-0.00311 -0.02709 0.80108
-0.00077 -0.03136 0.80375
-0.00773 -0.02489 0.80959
0.00298 -0.02851 0.81459
-0.01944 -0.01498 0.82536
-0.01614 -0.00216 0.83177
-0.01233 -0.00119 0.83858
-0.02060 -0.00658 0.84123
-0.02476 0.00302 0.84554
-0.02027 -0.00079 0.85575
-0.01262 -0.00916 0.85602
-0.01879 -0.02623 0.85575
-0.00608 -0.05370 0.85212
-0.00598 -0.03874 0.85353
-0.01237 -0.02522 0.85721
-0.01475 0.00006 0.86741
-0.01586 -0.00703 0.87163
-0.02465 -0.00541 0.87180
-0.01925 -0.01260 0.86583
-0.01046 -0.01830 0.86989
-0.01139 -0.00174 0.86973
-0.01660 -0.02289 0.86818
-0.01538 -0.02320 0.86030
-0.02089 -0.02449 0.86077
-0.01382 -0.03461 0.85786
-0.01706 0.00350 0.85841
-0.01689 -0.02078 0.85483
-0.01198 -0.03284 0.84576
-0.00980 -0.02944 0.83942
-0.01218 -0.02575 0.83556
-0.01552 -0.01940 0.83363
-0.01337 -0.02345 0.83153
-0.00602 -0.02169 0.82337
-0.01002 -0.03399 0.81807
-0.00897 -0.02962 0.81334
-0.01521 -0.02561 0.81015
-0.00919 -0.01541 0.80490
-0.00317 -0.03577 0.79643
-0.00134 -0.03270 0.79155
-0.00166 -0.02193 0.78640
0.00886 -0.02211 0.78519
0.00188 -0.01583 0.78106
-0.00531 -0.02518 0.77839
-0.00698 -0.04487 0.76972
-0.00236 -0.04434 0.76456
0.01129 -0.00605 0.76690
-0.00163 -0.00567 0.77094
-0.00372 -0.01273 0.77556
-0.00698 -0.01995 0.76565
0.00329 -0.03017 0.75696
-0.00053 -0.02814 0.75446
-0.00839 -0.02229 0.75165
0.01182 -0.05030 0.74788
-0.00592 -0.02624 0.74491
-0.00760 -0.01496 0.74389
-0.00550 0.00127 0.74597
0.00072 -0.00488 0.74796
0.01015 -0.00754 0.73986
0.00884 -0.00927 0.73812
-0.00623 -0.02064 0.73069
0.00099 -0.01633 0.72906
-0.01633 -0.01862 0.72611
-0.00517 -0.02239 0.72650
-0.00399 -0.00808 0.72495
-0.01614 -0.01318 0.72389
0.01209 -0.00549 0.72135
0.01308 -0.01610 0.72214
0.00198 -0.00890 0.71961
-0.00678 -0.01959 0.71453
0.00392 -0.00359 0.71580
0.00889 -0.00209 0.71361
-0.00863 -0.00657 0.70936
-0.01795 -0.02271 0.70389
-0.02282 -0.03896 0.69183
-0.02629 -0.02158 0.68949
-0.01538 -0.00292 0.68788
-0.02684 -0.00432 0.68798
-0.02713 -0.01089 0.68296
-0.01768 -0.01830 0.67093
-0.02835 -0.02361 0.66378
-0.02262 -0.01970 0.65956
-0.04019 -0.00790 0.65708
-0.03949 -0.00997 0.65308
-0.03095 -0.01193 0.64662
-0.02317 -0.01406 0.64062
-0.03007 -0.00914 0.63685
-0.02185 -0.00532 0.63448
-0.01782 -0.00615 0.63111
-0.02318 -0.01646 0.61949
-0.02259 -0.01767 0.61036
-0.02975 -0.02168 0.60435
-0.02092 -0.02013 0.60193
-0.01921 -0.01131 0.59431
-0.03186 -0.00856 0.59451
-0.01736 -0.00203 0.58987
-0.00995 -0.00475 0.58819
-0.01824 -0.00719 0.58313
-0.02028 -0.00843 0.57825
-0.00542 -0.00835 0.57763
-0.02247 -0.01090 0.57200
-0.03632 -0.00920 0.57014
-0.03969 -0.02202 0.56517
-0.02029 -0.01562 0.56065
-0.01745 -0.01039 0.56147
0.00008 -0.00583 0.55865
-0.02323 -0.00101 0.56007
-0.01816 -0.00139 0.55723
-0.00362 -0.00984 0.55786
0.00709 0.00005 0.55024
-0.00087 -0.00761 0.54694
0.00833 -0.01128 0.54389
0.02775 -0.01418 0.53801
0.00092 -0.00764 0.53420
-0.00116 -0.00240 0.52881
-0.00164 -0.00885 0.52665
-0.00847 -0.00304 0.52112
-0.00850 -0.01093 0.52233
-0.00374 -0.00424 0.51629
0.00215 -0.01294 0.50506
-0.01254 -0.00936 0.50539
0.00847 -0.02027 0.49897
0.00125 -0.01644 0.49494
0.00756 -0.01019 0.49266
0.01461 -0.01565 0.48784
0.00762 0.00171 0.48865
0.00127 -0.00232 0.48642
0.00153 -0.01593 0.48365
0.00895 -0.00818 0.47887
0.00230 -0.01655 0.47629
0.01373 -0.01402 0.47880
0.00960 -0.01335 0.48727
0.00480 -0.00088 0.49830
0.00783 -0.00605 0.50714
0.00344 -0.00905 0.51483
0.00482 -0.01485 0.52372
0.01395 -0.00516 0.53214
-0.00301 -0.01224 0.53889
0.00057 -0.00776 0.54786
-0.00050 -0.01063 0.55561
0.00076 -0.00739 0.55963
-0.00347 -0.00312 0.56561
0.00228 0.00608 0.57113
-0.00604 0.00058 0.57662
-0.01531 -0.00354 0.57514
-0.00057 -0.00532 0.57724
0.00161 0.00182 0.57512
0.01710 -0.04572 0.57018
-0.00927 -0.00903 0.56902
-0.01329 -0.02143 0.56869
-0.01575 -0.00299 0.56484
-0.02674 -0.02371 0.56275
-0.02995 -0.01017 0.55876
-0.02974 -0.03168 0.54661
-0.02433 -0.01956 0.53907
-0.02447 -0.01870 0.52934
-0.03245 -0.02008 0.51481
-0.03194 -0.01040 0.50240
-0.04204 0.00222 0.48982
-0.04424 0.00495 0.47540
-0.03487 -0.00367 0.45653
-0.02429 -0.01248 0.43786
-0.00661 -0.01436 0.42376
-0.00627 -0.02322 0.41302
-0.00088 -0.02261 0.40701
-0.03029 -0.03143 0.40084
-0.02805 -0.01556 0.39383
-0.04128 -0.00927 0.39627
-0.05979 -0.00158 0.38993
-0.04726 0.00116 0.38781
-0.04182 -0.00849 0.38784
-0.04436 -0.00379 0.37415
-0.04613 0.00187 0.38125
-0.04576 -0.00122 0.37976
-0.03463 -0.00315 0.36680
-0.04885 -0.00470 0.37408
-0.02389 -0.00928 0.36205
-0.04453 -0.01611 0.37333
-0.05059 -0.01990 0.37875
-0.04466 -0.01125 0.37076
-0.05399 -0.01173 0.39677
-0.07485 -0.01583 0.38038
-0.06889 -0.01321 0.41112
-0.09664 -0.01323 0.38939
-0.08514 -0.01998 0.42657
-0.08744 -0.02154 0.44056
-0.06132 -0.00789 0.43087
-0.08050 -0.00560 0.47368
-0.10796 0.00462 0.45883
-0.10780 -0.00486 0.49952
-0.09169 -0.00226 0.51560
-0.11797 -0.01437 0.50478
-0.08189 -0.00053 0.55177
-0.05176 0.01613 0.55640
-0.09376 -0.01122 0.58665
-0.07420 -0.01065 0.60180
-0.04655 0.00297 0.62056
-0.05729 0.00069 0.64696
-0.05522 -0.00079 0.65624
-0.03823 -0.00360 0.68180
-0.04056 -0.00323 0.69247
-0.04347 -0.00292 0.71083
-0.01914 -0.01115 0.72811
-0.01735 -0.00807 0.74729
-0.01910 -0.02051 0.76178
-0.02083 -0.01506 0.77341
-0.01691 -0.01014 0.79208
-0.02355 -0.00580 0.80676
-0.03503 -0.01427 0.81631
-0.02293 -0.00848 0.82497
-0.01813 -0.01184 0.84086
-0.02259 -0.01824 0.85365
-0.02932 -0.02537 0.86740
-0.01806 -0.02421 0.87792
-0.01711 -0.01181 0.89364
-0.02039 -0.00800 0.90112
-0.02418 -0.01162 0.91084
-0.02095 -0.02179 0.91229
-0.01700 -0.01790 0.91211
-0.03444 -0.02215 0.91031
-0.04135 -0.00920 0.91224
-0.02284 -0.01346 0.91745
-0.02439 -0.01562 0.91698
-0.02968 -0.02193 0.91444
-0.02477 -0.02373 0.91527
-0.04112 -0.02523 0.91702
-0.01515 -0.04781 0.97129
-0.02186 -0.02349 0.86660
-0.01836 -0.01838 0.91906
-0.01990 -0.01212 0.91983
-0.01413 -0.01690 0.92251
-0.02517 -0.02437 0.91951
-0.02310 -0.02249 0.91697
-0.02469 -0.02427 0.91620
-0.01942 -0.00977 0.91701
-0.02364 -0.01884 0.91583
-0.02781 -0.01925 0.91128
-0.02085 -0.02397 0.90651
-0.02734 -0.02197 0.90124
-0.03244 -0.03084 0.89018
-0.02635 -0.02542 0.88572
-0.03357 -0.01451 0.87658
-0.02672 -0.01376 0.86666
-0.03118 -0.02335 0.85367
-0.02207 -0.03504 0.83287
-0.03032 -0.04274 0.82862
-0.02828 -0.03355 0.78668
-0.02944 -0.02841 0.78566
-0.02313 -0.01192 0.76727
-0.02850 -0.01263 0.75025
-0.02255 -0.00918 0.72985
-0.01739 -0.01543 0.70587
-0.02601 -0.02237 0.67980
-0.02266 -0.02676 0.65278
-0.02111 -0.02301 0.62645
-0.01395 -0.02391 0.60104
-0.00976 -0.02562 0.57773
-0.01408 -0.02622 0.55130
-0.01084 -0.02220 0.53189
-0.00600 -0.01998 0.51246
-0.00751 -0.01017 0.49759
-0.01397 -0.01171 0.48426
-0.01584 -0.01975 0.48087
-0.00989 -0.01375 0.46495
-0.01230 -0.01196 0.46877
-0.01506 -0.01559 0.46448
-0.00205 -0.00747 0.45638
-0.00748 -0.01615 0.44994
-0.02861 -0.01091 0.43418
-0.02121 -0.00418 0.44013
-0.00717 -0.00060 0.43690
-0.01318 -0.00210 0.42274
-0.03192 -0.00576 0.42921
-0.01074 -0.00556 0.41336
-0.02528 -0.01554 0.41996
-0.06088 -0.00841 0.41226
-0.07686 0.00444 0.39450
-0.08096 0.00681 0.40615
-0.06489 0.00399 0.39453
-0.07131 -0.00039 0.39950
-0.06714 0.00272 0.39690
-0.07884 -0.00151 0.38545
-0.05923 -0.00671 0.38849
-0.06852 -0.00604 0.38122
-0.05788 -0.00569 0.38022
-0.07218 -0.00348 0.37414
-0.06443 0.00093 0.37873
-0.05140 0.00265 0.37311
-0.06554 0.00091 0.38093
-0.05528 -0.00128 0.36668
-0.06442 -0.00379 0.36386
-0.08033 -0.01056 0.37380
-0.07377 -0.01353 0.35254
-0.08736 -0.01129 0.37046
-0.04696 -0.00643 0.35855
-0.07946 -0.01101 0.37752
-0.06425 -0.01181 0.36444
-0.06279 -0.00976 0.36908
-0.04709 -0.00826 0.38917
-0.03039 -0.00679 0.38122
-0.02133 0.00196 0.39840
-0.03776 0.00525 0.40269
-0.03401 -0.00202 0.41798
-0.02347 0.00045 0.42727
-0.00659 -0.00817 0.44347
-0.02644 -0.01241 0.45266
-0.00323 -0.01991 0.46701
-0.00614 -0.02037 0.48356
0.00016 -0.00722 0.50421
0.00310 0.00653 0.52950
-0.01512 -0.00214 0.54942
-0.01253 -0.00421 0.56795
-0.00764 -0.00044 0.58467
-0.01150 -0.00269 0.60241
-0.02656 -0.00446 0.62136
-0.02908 -0.00887 0.64039
-0.01851 -0.00418 0.65626
0.00163 -0.01075 0.67910
0.00458 -0.01981 0.69454
-0.00312 -0.01949 0.71273
0.00408 -0.00276 0.73131
-0.00575 -0.01542 0.74905
0.00138 -0.01030 0.76724
0.00526 -0.01221 0.78551
-0.00023 -0.01803 0.80104
-0.00780 -0.01967 0.81663
-0.01511 -0.01621 0.83449
-0.00656 -0.00984 0.85258
-0.00518 -0.00878 0.86394
0.00208 -0.01225 0.87309
0.01541 -0.00912 0.87577
0.02414 -0.00762 0.88086
0.01546 -0.01613 0.88082
0.02155 -0.01604 0.88170
0.02665 -0.01820 0.88196
0.00214 -0.02414 0.88441
0.00669 -0.02216 0.89028
0.02404 -0.01851 0.89042
0.00898 -0.03000 0.89471
0.00430 -0.01801 0.89595
0.00101 -0.02209 0.89781
0.00631 -0.01488 0.89997
-0.00310 -0.02857 0.89789
-0.00513 -0.02467 0.89848
-0.02732 -0.03698 0.89868
-0.01450 -0.03534 0.89499
-0.01252 -0.02798 0.89308
-0.01873 -0.00358 0.89726
-0.02294 -0.01664 0.90229
-0.01253 -0.02451 0.89766
-0.01204 -0.02911 0.89655
-0.01619 -0.02813 0.89746
-0.01019 -0.03487 0.89774
-0.00169 -0.01454 0.89823
0.00266 -0.01554 0.89512
-0.00453 -0.02154 0.91709
-0.00607 -0.02962 0.86818
-0.00458 -0.02234 0.88881
-0.00832 -0.02084 0.88575
0.03493 -0.00614 0.88205
-0.00661 -0.00942 0.88459
-0.01972 -0.01900 0.88038
0.00168 -0.01052 0.87971
-0.01542 -0.00557 0.87914
-0.01235 -0.01359 0.87373
0.02511 -0.03914 0.87840
-0.02247 -0.01529 0.87258
-0.02750 -0.02322 0.87532
-0.00458 -0.01929 0.87962
-0.00771 -0.00588 0.88344
-0.00924 -0.00353 0.88770
0.00508 -0.01051 0.89332
0.00630 -0.01201 0.89689
0.00521 -0.01591 0.89194
0.00781 0.00394 0.90387
0.00778 -0.00577 0.90740
0.01133 -0.01917 0.90834
-0.01006 -0.03937 0.90991
-0.01851 -0.03475 0.91140
-0.01072 -0.02497 0.92398
-0.02265 -0.02377 0.92459
-0.03355 -0.01082 0.92934
-0.02659 -0.01379 0.93253
-0.01827 -0.01676 0.93670
-0.03682 -0.02479 0.94964
-0.02986 -0.02115 0.93839
-0.03479 -0.01227 0.94978
-0.02772 -0.01798 0.95538
-0.02720 -0.02403 0.95671
-0.02496 -0.03427 0.96339
-0.02815 -0.02330 0.96322
-0.03280 -0.02353 0.96938
-0.04153 -0.01372 0.97396
-0.03018 -0.01476 0.97844
-0.03027 -0.00594 0.98269
-0.02377 -0.00597 1.00465
-0.02896 -0.00657 0.96891
-0.00881 -0.02054 0.98102
-0.03015 -0.01548 0.98086
-0.01854 -0.01649 0.97826
-0.06383 -0.04329 0.97400
-0.02812 -0.02918 0.97440
-0.01446 -0.02537 0.97276
-0.02219 -0.03180 0.97449
-0.03291 -0.03466 0.97414
-0.01901 -0.02636 0.97589
-0.02207 -0.03221 0.97453
-0.01607 -0.01863 0.97407
-0.00272 -0.03771 0.97579
-0.00898 -0.01540 0.97373
-0.00882 -0.02978 0.97350
-0.01606 -0.00698 0.97612
0.02352 -0.03569 0.97327
-0.01118 -0.02265 0.97580
-0.00794 -0.03300 0.97278
-0.01257 -0.01054 0.97375
-0.00378 -0.01406 0.97794
-0.02034 -0.01477 0.97313
-0.01401 -0.03316 0.97540
-0.02257 -0.03734 0.97013
-0.01668 -0.02402 0.97225
-0.01675 -0.01866 0.97172
-0.02461 -0.02177 0.97176
-0.01313 -0.04950 0.96656
-0.00183 -0.04855 0.96576
-0.00907 -0.03435 0.96720
-0.00525 -0.00870 0.96778
-0.01149 -0.01102 0.97601
-0.00687 -0.01191 0.97033
-0.01267 -0.01357 0.97112
-0.01128 -0.01897 0.96950
-0.00746 -0.01839 0.96850
0.00898 -0.01532 0.97370
-0.01490 -0.02945 0.97157
0.00805 -0.03286 0.98590
-0.00886 -0.02765 0.94953
-0.01949 -0.03355 0.96843
-0.02205 -0.01392 0.97561
-0.01873 -0.00703 0.97626
-0.01581 -0.00999 0.98271
-0.01365 -0.02334 0.97295
-0.01415 -0.02388 0.97448
-0.02565 -0.00685 0.98003
-0.01082 -0.00174 0.98405
0.00399 0.00626 0.98498
-0.01990 -0.02642 0.98100
-0.01563 -0.04197 0.97863
-0.01447 -0.04152 0.97762
-0.00336 -0.02084 0.98077
-0.01179 -0.00578 0.99010
-0.01855 -0.01363 0.99121
-0.01857 -0.01295 0.99255
-0.01132 -0.02313 0.98872
-0.01949 -0.01335 0.98941
-0.02286 -0.02555 0.99310
-0.02183 -0.01001 0.99317
-0.02674 -0.03289 0.99405
-0.02901 -0.02698 0.99275
-0.02102 -0.02596 0.99451
-0.03145 -0.02758 0.99707
-0.02292 -0.03680 0.99873
-0.02865 -0.02205 1.00078
-0.00244 -0.01514 1.00560
-0.02267 -0.01395 1.00497
-0.00866 -0.02584 1.00467
-0.01557 -0.02858 1.00277
-0.02506 -0.03068 1.00510
-0.01565 -0.02717 1.00413
-0.01871 -0.02525 1.00516
-0.00797 -0.01123 1.00385
-0.01094 -0.01756 1.00307
-0.03051 -0.02393 1.00057
-0.01420 -0.02672 0.99586
-0.02767 -0.03109 0.99573
-0.03550 -0.02764 0.99026
-0.01968 -0.03094 0.99206
-0.01988 -0.04157 0.98572
-0.01028 -0.03135 0.97793
-0.03237 -0.04125 0.97717
-0.01083 -0.01478 0.97655
-0.00998 -0.02358 0.98059
0.00068 -0.00865 0.97359
0.00887 -0.02277 0.96743
-0.01346 -0.03616 0.96330
-0.02798 -0.03400 0.95913
-0.03138 -0.01379 0.95982
-0.01228 -0.02276 0.95884
-0.01738 -0.02815 0.95543
-0.01429 -0.03111 0.95000
-0.01930 -0.03279 0.93641
-0.02850 -0.02102 0.93697
-0.00183 -0.02206 0.92623
-0.03747 -0.02212 0.91839
-0.01924 -0.02219 0.90570
-0.06332 -0.03814 0.89912
-0.02621 -0.02826 0.90319
-0.03750 -0.02384 0.87748
-0.03507 -0.03331 0.87819
-0.05740 -0.03353 0.86970
-0.04782 -0.03072 0.86045
-0.05508 -0.03432 0.84747
0.00769 -0.02996 0.83919
-0.01157 -0.01733 0.82278
-0.00688 -0.01249 0.80791
-0.00509 -0.02196 0.79002
-0.00425 -0.02085 0.77738
-0.00474 -0.01588 0.76440
-0.00024 -0.01640 0.75541
-0.00124 -0.01793 0.74751
0.00460 -0.02492 0.73896
0.01040 -0.01798 0.73444
0.00787 -0.02201 0.72568
0.01026 -0.01380 0.72107
0.00518 -0.00469 0.71582
-0.00552 -0.01263 0.70895
0.00123 -0.02005 0.70857
-0.01106 -0.02012 0.67759
0.00401 -0.02734 0.67888
-0.00133 -0.01425 0.67125
0.00848 -0.00802 0.66121
-0.00563 -0.01093 0.65003
-0.00418 -0.00836 0.63615
0.00839 -0.02052 0.62211
0.00612 -0.01591 0.60645
0.01424 -0.00723 0.59105
0.00277 -0.01652 0.57175
0.01574 -0.00848 0.55572
0.00418 -0.00500 0.53982
0.02117 -0.00810 0.52602
0.00006 -0.02010 0.50900
0.02080 -0.01603 0.49529
0.02244 -0.02686 0.48309
0.01252 -0.03531 0.47036
0.00572 -0.03593 0.45760
-0.00210 -0.01942 0.44731
-0.02504 -0.01615 0.43409
-0.03947 -0.01053 0.41908
-0.01282 -0.01846 0.40881
-0.01862 -0.01178 0.39985
-0.02156 -0.01564 0.38798
-0.01837 -0.00734 0.37706
-0.01726 -0.01149 0.36181
0.00686 -0.02262 0.34976
0.02790 -0.03613 0.33895
0.03673 -0.03003 0.33870
0.01578 -0.00836 0.33892
0.01376 0.00533 0.35539
0.04583 0.00734 0.32705
0.01711 0.00685 0.34108
-0.00356 -0.00618 0.33351
0.03694 -0.03012 0.32960
0.04774 -0.03314 0.32570
0.01137 -0.03007 0.31541
0.03507 -0.02766 0.32516
0.05945 -0.01966 0.31234
0.00930 -0.00854 0.34116
0.02119 -0.01155 0.33946
0.02446 -0.00439 0.36710
0.03594 -0.00725 0.37673
0.02500 0.00012 0.37058
0.02627 0.00010 0.39269
0.02823 -0.01089 0.38806
0.03986 -0.01604 0.41320
0.03218 -0.01165 0.40971
0.02075 -0.01324 0.43702
0.02040 -0.00365 0.44444
0.01208 0.00472 0.47220
0.02902 -0.00096 0.49477
0.03315 -0.01787 0.50960
0.04531 -0.01555 0.52089
0.03872 -0.01279 0.52496
0.02915 -0.03265 0.56047
0.03730 -0.01472 0.57297
-0.00187 -0.00966 0.58298
0.02947 -0.01531 0.60970
0.01715 -0.01084 0.61728
0.00282 -0.00880 0.64113
0.00150 -0.00810 0.65365
-0.00310 -0.00640 0.66831
-0.00244 -0.00626 0.68747
-0.00369 -0.00508 0.70272
-0.00369 -0.01457 0.71761
-0.00700 -0.01298 0.72824
-0.01896 -0.01050 0.74371
-0.01482 -0.00406 0.76100
-0.02599 -0.01532 0.77456
-0.02633 -0.02864 0.78551
-0.04555 -0.04533 0.78831
-0.06176 -0.04566 0.79501
-0.02273 -0.01202 0.80327
-0.02147 -0.00583 0.81041
-0.01538 -0.00489 0.81220
-0.02784 -0.01268 0.81058
-0.02246 -0.02231 0.81020
-0.02762 -0.03042 0.81038
-0.01775 -0.02182 0.81765
-0.02555 -0.02141 0.82321
-0.01433 -0.00471 0.82857
-0.02193 -0.01106 0.82621
-0.02705 -0.02486 0.82510
-0.02643 -0.02087 0.82467
-0.03148 -0.01229 0.82218
-0.02504 -0.01338 0.82316
-0.02589 -0.01770 0.81922
-0.03067 -0.02202 0.81469
-0.02442 -0.01455 0.81296
-0.02541 -0.02477 0.81130
-0.01577 -0.02092 0.80681
-0.01904 -0.03385 0.80085
-0.01696 -0.02572 0.79342
-0.01571 -0.03330 0.79017
-0.01609 -0.00159 0.78260
-0.01383 -0.01243 0.77328
-0.01301 -0.01603 0.75821
-0.00970 -0.01618 0.74254
-0.00946 -0.03301 0.72226
-0.02524 -0.03699 0.70456
-0.01636 -0.01653 0.68855
-0.01711 -0.00955 0.66922
-0.01421 -0.00051 0.65414
-0.03151 -0.02873 0.63386
-0.01634 -0.01451 0.60911
-0.02593 -0.02555 0.58861
-0.01429 -0.01066 0.56695
-0.02715 -0.02964 0.54756
-0.02112 -0.01619 0.52709
-0.00884 -0.01015 0.50692
0.00033 -0.01795 0.48486
0.00446 -0.01061 0.46421
0.01472 -0.00938 0.45049
0.00814 -0.01493 0.44296
0.00110 -0.01040 0.43908
0.00359 -0.01864 0.43952
-0.00217 -0.00884 0.43278
0.00326 -0.01555 0.43445
0.02963 -0.03455 0.41895
0.03114 -0.02456 0.41814
0.03146 -0.03231 0.41825
0.01786 -0.01035 0.40472
0.00699 -0.00862 0.41568
0.03128 0.00436 0.39688
0.03550 0.00011 0.40729
0.01942 -0.00712 0.38653
0.03516 0.00182 0.40271
0.02119 -0.01504 0.38499
0.02979 -0.02433 0.38555
0.03350 -0.03253 0.36411
0.04302 -0.03704 0.37802
0.05767 -0.01956 0.38238
0.05785 -0.02413 0.36982
0.06428 -0.02580 0.39161
0.05733 -0.00665 0.37350
0.04171 -0.00894 0.39901
0.00934 -0.01422 0.38829
0.02288 -0.00916 0.41068
0.06143 -0.02180 0.40999
0.06744 -0.00181 0.39499
0.12497 -0.00210 0.40694
0.03066 0.00188 0.42022
0.03069 0.00224 0.44833
0.01614 0.00595 0.46788
0.05677 -0.00801 0.45922
0.03403 -0.01887 0.48496
0.04359 -0.02420 0.48869
0.03912 -0.02096 0.50627
0.02122 -0.00639 0.52200
0.03726 0.00712 0.54083
0.04160 -0.00782 0.56230
0.03924 0.00413 0.57121
0.02461 -0.00978 0.58785
0.00733 -0.00751 0.59982
0.01956 -0.01626 0.61394
0.00698 -0.00602 0.63647
-0.01079 0.01233 0.65023
-0.00013 0.00163 0.67159
-0.01009 -0.00187 0.68490
0.00690 -0.01915 0.69843
0.00949 -0.01425 0.71146
0.02199 -0.01576 0.72510
-0.02540 -0.00284 0.74458
0.00606 -0.01746 0.76475
0.00871 -0.01979 0.77937
0.00843 -0.02047 0.79193
-0.00089 -0.01549 0.79750
-0.00195 -0.01774 0.80803
-0.02237 -0.01412 0.81213
-0.02370 -0.02229 0.80349
-0.03012 -0.03333 0.80298
-0.02815 -0.02503 0.80504
-0.02867 -0.00072 0.80852
-0.02773 -0.01811 0.80792
-0.02314 -0.02301 0.81261
-0.02132 -0.03565 0.81076
-0.02674 -0.02077 0.81616
-0.02580 -0.00598 0.83343
-0.02440 -0.01925 0.81130
-0.02773 -0.02124 0.82231
-0.02584 -0.03162 0.81930
-0.01925 -0.02218 0.82191
-0.02248 -0.01946 0.82443
-0.01846 -0.01197 0.82650
-0.01130 -0.01172 0.82715
-0.01039 -0.01168 0.82809
-0.01545 -0.02451 0.82517
-0.00384 -0.02194 0.82666
-0.01131 -0.01519 0.82432
-0.00928 -0.02012 0.82351
-0.00260 -0.01601 0.82193
-0.00837 -0.02034 0.81890
0.00063 -0.01965 0.81592
-0.01673 0.00095 0.81508
-0.02223 -0.00227 0.81515
-0.00780 -0.00107 0.81118
-0.01207 -0.01749 0.80585
-0.01607 -0.02699 0.79829
-0.01945 -0.02613 0.79539
-0.00113 -0.02687 0.79187
-0.01359 -0.01864 0.79157
-0.01060 -0.02213 0.78970
-0.00767 -0.01887 0.78517
-0.00581 -0.00940 0.78691
-0.00514 -0.00522 0.78468
-0.00893 -0.00712 0.78237
-0.01180 -0.01616 0.76893
-0.01015 -0.03054 0.76856
-0.00870 -0.02464 0.76731
-0.01848 -0.01356 0.76491
-0.00763 -0.00709 0.76484
-0.01569 -0.01880 0.76169
-0.01322 -0.00398 0.76113
-0.01456 -0.01146 0.75805
-0.01131 -0.02508 0.75388
-0.01076 -0.03319 0.74681
-0.02199 -0.03147 0.74517
-0.00687 -0.00191 0.74618
-0.01169 -0.00556 0.75521
-0.00498 -0.03779 0.73006
-0.02148 -0.04660 0.72638
-0.02171 0.00179 0.71544
-0.01193 -0.00023 0.72330
-0.00683 0.00977 0.72889
-0.01501 0.00586 0.72704
-0.02531 -0.00610 0.72005
-0.02229 -0.00865 0.71389
-0.01620 -0.00899 0.71037
-0.02599 -0.01189 0.70644
-0.02783 -0.01749 0.70357
-0.00710 -0.02569 0.69758
0.00069 -0.02233 0.69422
-0.00961 -0.01812 0.69336
-0.00763 -0.01114 0.68737
-0.00104 -0.00835 0.68227
-0.00196 -0.01327 0.67795
-0.00948 -0.00256 0.67433
-0.02265 -0.00945 0.66849
-0.02461 -0.01121 0.65803
-0.02225 -0.02115 0.65231
-0.02037 -0.02085 0.64950
-0.01894 -0.01668 0.64862
-0.00210 -0.01712 0.64619
-0.00851 -0.00912 0.64399
-0.00829 -0.00764 0.64276
-0.01135 -0.00911 0.63572
-0.00055 -0.01299 0.63511
0.00580 -0.01398 0.62935
0.00152 -0.01566 0.62738
0.00520 -0.01320 0.62541
-0.00155 -0.01032 0.62186
0.00522 -0.02547 0.62331
0.01644 -0.02260 0.62695
0.00263 -0.02012 0.63441
0.00347 -0.00930 0.64428
0.00324 -0.00655 0.65400
0.01605 -0.00424 0.66575
0.00613 -0.02095 0.67037
0.00817 -0.00890 0.68064
0.00494 -0.00864 0.69165
0.00609 0.00389 0.70481
0.00326 -0.00688 0.71675
0.00786 -0.02022 0.72405
0.00686 -0.02128 0.73153
0.00079 -0.01934 0.74559
-0.00593 -0.00900 0.76420
0.02158 0.00010 0.77860
-0.01353 0.01131 0.79426
0.01180 -0.01400 0.80977
0.00028 -0.00329 0.82186
-0.00061 -0.00972 0.83846
-0.00550 -0.00943 0.84928
-0.01655 -0.03407 0.87047
-0.02100 -0.01668 0.86278
-0.02004 -0.01927 0.88551
-0.03127 -0.00595 0.90570
-0.02207 -0.01698 0.91595
-0.04214 -0.00506 0.92756
-0.03821 -0.00716 0.93979
-0.04118 -0.01891 0.95037
-0.04509 -0.02257 0.96044
-0.03779 -0.02701 0.96783
-0.02748 -0.01677 0.97772
-0.02525 -0.00363 0.99161
-0.03874 -0.02659 0.99513
-0.02024 -0.04349 0.99264
-0.01682 -0.02672 0.99316
-0.02245 -0.01894 0.99749
-0.01759 -0.00200 1.00824
-0.01756 -0.00163 1.00980
-0.01659 -0.01389 1.01249
-0.03012 0.01057 1.00877
-0.01574 -0.03039 1.00741
-0.01707 -0.02628 1.00231
-0.02631 -0.04300 1.00962
-0.01565 -0.03054 1.00176
-0.02383 -0.01713 0.99103
-0.03226 -0.01683 1.00344
-0.03560 -0.03060 0.99669
-0.03566 -0.03988 0.99548
-0.03356 -0.03744 0.99327
-0.04270 0.00175 0.99368
-0.03348 -0.01598 0.99355
-0.04122 -0.00972 0.98855
-0.02822 -0.03392 0.98092
-0.02616 -0.02619 0.97886
-0.02687 -0.01376 0.97615
-0.02854 -0.01234 0.97695
-0.02070 -0.02463 0.97570
-0.00697 -0.05458 0.95962
-0.01039 -0.02302 0.95998
-0.00020 -0.05828 0.95366
-0.01740 -0.02183 0.95011
-0.01148 -0.02927 0.95054
-0.01488 0.00687 0.95041
-0.01190 -0.01760 0.94589
-0.01105 -0.01643 0.94352
-0.00837 -0.02056 0.93039
-0.00228 -0.01746 0.93538
-0.01123 -0.01736 0.93361
0.00069 -0.02058 0.92962
-0.00638 -0.01971 0.92760
0.01438 -0.04117 0.92389
-0.01193 -0.02396 0.92560
-0.00044 -0.01473 0.92831
0.00102 -0.01271 0.92840
0.01006 -0.02295 0.92802
0.00177 -0.00637 0.92777
0.00404 -0.00308 0.93177
-0.00121 -0.01260 0.93235
-0.00019 -0.02041 0.92996
-0.00745 -0.01893 0.92918
-0.00042 -0.01204 0.93507
-0.01363 -0.02604 0.94583
-0.00723 -0.02908 0.92273
-0.01048 -0.02925 0.93628
-0.01479 -0.00850 0.94074
-0.00484 -0.01928 0.94379
-0.01666 -0.02584 0.94209
-0.01151 -0.02134 0.94161
0.00138 -0.01226 0.94822
0.01372 -0.03309 0.94639
0.00215 -0.02921 0.94819
-0.01920 -0.03358 0.94493
-0.03469 -0.02313 0.94781
-0.03751 -0.02552 0.94519
-0.02454 -0.00221 0.94706
-0.02578 -0.01921 0.95414
-0.02443 -0.00900 0.95148
-0.02677 -0.01658 0.94481
-0.02604 -0.03219 0.94154
-0.02596 -0.04567 0.93540
-0.06040 -0.03630 0.93564
-0.04075 -0.02396 0.93656
-0.04011 -0.00263 0.93661
-0.03507 -0.01141 0.93839
-0.01870 -0.01382 0.92887
-0.06271 -0.03931 0.92335
-0.05452 -0.03875 0.91520
-0.03629 -0.03708 0.90585
-0.02433 -0.01169 0.89309
-0.01595 0.00111 0.88532
-0.00830 -0.02072 0.87069
-0.01820 -0.01077 0.84961
-0.02684 -0.02761 0.83006
-0.02172 -0.03000 0.81941
-0.00290 -0.03394 0.81677
-0.01160 -0.02884 0.81665
-0.00619 -0.01689 0.81614
-0.00534 -0.01102 0.81696
-0.01650 -0.00803 0.81328
-0.00951 0.00462 0.81340
-0.00181 -0.00361 0.81202
-0.00361 -0.01557 0.80725
0.00057 -0.03411 0.80056
-0.01105 -0.02411 0.79213
-0.03004 -0.03124 0.79256
-0.02175 -0.01487 0.79351
-0.03688 -0.00749 0.79236
-0.03901 -0.01335 0.78547
-0.02490 -0.00973 0.78732
-0.03370 -0.01639 0.78726
-0.04244 -0.02619 0.77063
-0.02278 -0.02894 0.77008
-0.01551 -0.01946 0.77037
-0.04407 -0.00278 0.76852
-0.01211 -0.00613 0.77261
-0.01479 -0.00767 0.77211
-0.03368 -0.01574 0.76210
-0.00806 -0.02062 0.75337
-0.00644 -0.02554 0.74425
-0.00569 -0.01616 0.72996
-0.01188 -0.00475 0.71404
-0.01956 -0.00096 0.69693
-0.01301 0.00414 0.67668
-0.03180 -0.00820 0.65461
-0.00100 -0.02045 0.62659
-0.02062 -0.03271 0.59955
-0.01486 -0.03104 0.57163
-0.02005 -0.02348 0.54783
-0.01244 -0.01194 0.52269
-0.01481 -0.01108 0.50013
-0.00923 -0.01733 0.48035
-0.00709 -0.02611 0.46633
-0.00173 -0.01951 0.46513
-0.00830 -0.02269 0.45453
0.00671 -0.02246 0.45160
0.00965 -0.01511 0.44507
0.00589 -0.01398 0.45270
0.01811 -0.01170 0.41043
0.01924 -0.01083 0.40728
0.00174 -0.00623 0.38829
0.01445 -0.00247 0.36478
0.00679 -0.00989 0.34040
0.01127 -0.01850 0.31772
0.00945 -0.02223 0.31711
0.01240 -0.01303 0.31540
0.01128 -0.00248 0.31547
0.00346 -0.00520 0.31106
0.01115 -0.00774 0.30841
0.01304 -0.00974 0.30327
0.01193 -0.01359 0.30304
0.01717 -0.01241 0.29531
0.00529 -0.01789 0.29355
0.00413 -0.02195 0.29480
0.00435 -0.01612 0.29909
-0.03295 -0.02360 0.30271
-0.03968 -0.03079 0.30217
-0.00617 -0.01454 0.31339
-0.01090 -0.00390 0.31888
0.01831 -0.00219 0.32308
-0.00440 -0.01703 0.32847
0.01318 -0.01386 0.33484
0.01239 -0.02631 0.34586
0.01289 -0.02069 0.35317
0.00904 -0.01119 0.36785
0.01962 -0.01097 0.37683
0.01575 -0.00407 0.39102
0.02694 -0.00462 0.40473
0.01953 -0.00548 0.41195
0.01385 -0.00181 0.42838
0.03022 -0.00648 0.43604
0.01145 -0.00548 0.45048
0.00488 -0.01658 0.46326
0.01262 -0.00847 0.46888
0.02114 -0.00674 0.48479
-0.00632 0.00265 0.49668
0.02674 -0.00509 0.50477
0.00981 -0.01075 0.51916
0.01060 -0.00631 0.51959
0.02622 -0.01216 0.53746
0.01610 -0.00303 0.54374
0.02093 -0.00889 0.55390
0.00657 0.00070 0.57047
-0.00752 -0.00976 0.57477
0.00343 -0.00198 0.59126
-0.00275 -0.00409 0.59667
0.00064 0.00683 0.61818
-0.03997 0.00766 0.61747
-0.02379 0.01069 0.62907
0.01036 -0.01341 0.64499
0.00434 -0.02024 0.63993
0.07132 -0.03760 0.65533
0.00753 -0.01582 0.65454
0.03640 -0.01729 0.65571
0.03071 -0.03656 0.67635
0.03060 -0.02436 0.67050
0.03774 0.00279 0.69396
0.03668 -0.00733 0.69678
0.03532 -0.00738 0.71589
0.03508 -0.00603 0.71615
0.02086 -0.01046 0.72424
0.00637 -0.01449 0.73719
0.00517 -0.00573 0.74198
0.01166 -0.01004 0.75625
0.01770 -0.00893 0.75762
0.01089 -0.00564 0.77119
0.01167 -0.01632 0.77911
-0.00209 -0.01986 0.78532
-0.00360 -0.02628 0.78882
-0.00381 -0.03321 0.79179
-0.01777 -0.03171 0.79860
-0.02506 -0.02661 0.81071
-0.00739 0.00402 0.82148
-0.01122 -0.01882 0.83308
-0.01072 -0.00367 0.83203
-0.02096 -0.03163 0.83597
-0.02518 -0.02259 0.84028
-0.01004 -0.02617 0.84394
-0.00797 -0.01679 0.85189
-0.01131 -0.02042 0.86723
-0.01771 -0.00782 0.83145
-0.02656 -0.02217 0.85384
-0.02380 -0.00729 0.85446
-0.02942 -0.01013 0.84986
-0.02110 -0.01220 0.85866
-0.02400 -0.01595 0.83665
-0.02550 -0.02337 0.84245
-0.02508 -0.01996 0.83673
-0.02145 -0.01921 0.83205
-0.02158 -0.02673 0.82813
-0.01753 -0.01849 0.81785
-0.01354 -0.01812 0.80255
-0.01581 -0.01942 0.78788
-0.01838 -0.01877 0.77030
-0.02786 -0.02664 0.75227
-0.00875 -0.02783 0.74050
-0.00629 -0.02528 0.69971
-0.00731 -0.02809 0.69258
-0.00461 -0.02548 0.68626
0.00639 -0.01726 0.66729
0.00325 -0.02580 0.63304
0.00156 -0.01990 0.63264
0.01103 -0.02469 0.62106
0.00678 -0.02221 0.58464
-0.00767 -0.02021 0.59190
-0.00033 -0.02247 0.57123
-0.01303 -0.02019 0.56940
0.00642 -0.02188 0.56694
-0.00357 -0.01720 0.55255
-0.00386 -0.01531 0.54933
0.00526 -0.02350 0.52978
0.01826 -0.01259 0.51536
0.00074 -0.02101 0.51793
-0.00013 -0.02959 0.49529
0.00720 -0.04858 0.50738
0.02119 -0.03371 0.48048
0.02522 -0.04405 0.50017
0.03977 -0.03044 0.46687
0.07110 -0.03289 0.49171
0.05487 -0.02262 0.45751
0.03460 -0.00674 0.49294
0.03001 -0.01158 0.45177
0.03405 -0.01833 0.44721
0.05177 -0.02132 0.47765
0.03279 -0.01038 0.44535
0.06224 -0.00070 0.47812
0.04850 -0.00879 0.45201
0.07907 -0.00860 0.48521
0.06169 -0.01142 0.46107
0.06395 -0.01338 0.49296
0.08559 -0.00304 0.47384
0.04753 0.00243 0.49268
0.07827 0.00804 0.51633
0.07934 0.01200 0.51421
0.03196 -0.00476 0.54796
0.04299 -0.01761 0.53466
0.02821 -0.02851 0.56793
0.02193 -0.03250 0.55083
0.00507 -0.02506 0.58084
0.00018 -0.00808 0.59768
-0.00890 -0.00622 0.62100
0.00453 -0.00607 0.61969
0.00476 -0.01040 0.64480
0.00122 -0.00958 0.65711
0.00255 -0.01839 0.66859
0.01920 -0.01274 0.68430
0.01207 -0.01352 0.69615
-0.00089 -0.01043 0.71178
-0.00450 -0.02153 0.72548
-0.04261 -0.03194 0.73802
-0.02263 -0.01748 0.75372
-0.03577 -0.02209 0.76298
-0.02249 -0.02870 0.77969
-0.00064 -0.00762 0.79090
-0.02769 -0.02487 0.80298
0.00326 -0.00759 0.81681
0.01437 -0.01338 0.82897
0.01749 -0.00856 0.84084
0.01721 -0.00604 0.85321
0.02823 -0.02184 0.86681
0.02177 -0.01278 0.87540
0.01010 -0.01689 0.89083
0.05122 -0.00570 0.89880
0.02322 -0.01210 0.90901
-0.00501 -0.02351 0.91809
-0.01071 -0.01757 0.92530
-0.00370 -0.01621 0.93381
-0.01042 -0.02385 0.93949
-0.00240 -0.01326 0.94508
-0.02004 -0.02460 0.94809
-0.01431 -0.02114 0.95061
-0.01517 -0.01972 0.95416
0.00412 -0.02226 0.95251
-0.00610 -0.02564 0.95150
-0.00864 -0.02940 0.95135
-0.00991 -0.03319 0.94638
-0.01056 -0.01912 0.95446
-0.00976 -0.01362 0.95180
-0.00408 -0.02394 0.95190
-0.01132 -0.01954 0.94656
0.00261 -0.04276 0.94125
-0.01909 -0.03930 0.93944
-0.01056 -0.02371 0.93925
-0.00102 -0.02488 0.93861
-0.00426 -0.02126 0.93465
-0.00908 -0.03027 0.93330
-0.00656 -0.02124 0.93123
-0.01483 -0.02598 0.92852
-0.04210 -0.03771 0.92704
-0.02295 -0.01402 0.92454
-0.02388 -0.01835 0.92820
-0.00821 -0.01633 0.92806
-0.02139 -0.01389 0.92828
-0.01024 -0.00963 0.93172
-0.01687 -0.01975 0.92834
-0.01769 -0.02775 0.93050
-0.00404 -0.01764 0.93004
-0.00382 -0.01319 0.93412
-0.00427 -0.01164 0.93733
0.00287 -0.00462 0.93898
0.01677 -0.03159 0.94338
-0.00156 -0.01548 0.94408
0.00833 -0.00344 0.94815
0.00674 0.00247 0.95411
-0.00154 -0.02395 0.95525
-0.01647 -0.03047 0.95491
-0.01515 -0.02894 0.95668
-0.01881 -0.02933 0.96627
-0.03298 -0.02350 0.97099
-0.02832 -0.01386 0.97817
-0.02850 -0.01522 0.98191
-0.02966 -0.02619 0.98999
-0.03726 -0.02720 0.99416
-0.03432 -0.01880 0.99976
-0.02728 -0.01140 1.01711
-0.02826 -0.01974 1.00796
-0.03115 -0.02826 1.02220
-0.02106 -0.02666 1.01897
-0.03802 -0.02168 1.02371
-0.04214 -0.01380 1.03464
-0.03616 -0.01880 1.04230
-0.02530 -0.00911 1.04915
-0.01380 0.00501 1.05668
-0.03126 -0.01100 1.05627
-0.00867 -0.01159 1.06735
-0.05378 -0.03462 1.06290
-0.01559 -0.01463 1.06750
-0.03934 -0.03154 1.06797
-0.01593 -0.02972 1.06763
-0.01557 -0.02081 1.06804
-0.00113 -0.02826 1.07107
-0.02413 -0.03082 1.06792
-0.01335 -0.01864 1.06928
-0.01126 -0.03231 1.06981
-0.01020 -0.03756 1.06813
-0.00363 -0.02969 1.06719
-0.00557 -0.02882 1.06948
-0.01765 -0.00760 1.06745
-0.01554 -0.02633 1.06972
-0.01054 -0.03558 1.06575
-0.01802 -0.02186 1.06727
-0.00918 -0.01105 1.06934
-0.01788 -0.01715 1.06637
-0.02017 -0.03633 1.06912
-0.01900 -0.03560 1.06727
-0.01332 -0.03217 1.06472
-0.00601 -0.01709 1.06832
-0.01063 -0.03155 1.06507
0.00447 -0.03493 1.06468
-0.01199 -0.04056 1.06411
-0.00688 -0.01707 1.06751
-0.00330 -0.01934 1.07496
-0.00003 -0.00799 1.07781
-0.02145 -0.02047 1.07538
-0.01161 -0.01164 1.07997
0.00054 -0.02014 1.08018
0.00376 -0.01509 1.07990
0.00025 -0.02141 1.08428
-0.00411 -0.03042 1.08230
-0.01331 -0.03602 1.08099
-0.01608 -0.02093 1.08640
-0.03891 -0.01279 1.08815
-0.01144 -0.01357 1.09738
-0.01240 -0.01610 1.09730
-0.02908 -0.03527 1.09800
-0.02816 -0.00524 1.09882
-0.01093 -0.00083 1.11309
-0.02132 -0.00346 1.11231
-0.03691 -0.04519 1.11076
-0.02594 -0.04084 1.10615
-0.02075 -0.03282 1.11410
-0.02796 -0.00749 1.12398
-0.02664 -0.01452 1.13766
-0.02020 -0.01099 1.13418
-0.02538 -0.01706 1.13731
-0.02446 -0.01383 1.14289
-0.02210 -0.01779 1.14549
-0.02918 -0.02474 1.14981
-0.02271 -0.03199 1.15240
-0.01778 -0.02572 1.15901
-0.01350 -0.02910 1.15920
-0.02686 -0.03022 1.16613
-0.00508 -0.00231 1.17159
-0.02680 -0.01806 1.17230
-0.01841 -0.03160 1.16942
-0.01779 -0.03424 1.16444
-0.01877 -0.02684 1.16594
-0.01954 -0.02491 1.16278
-0.02156 -0.02495 1.15995
-0.01232 -0.01590 1.15987
-0.02216 -0.02858 1.15628
-0.01905 -0.03033 1.15463
-0.02454 -0.03638 1.14914
-0.02854 -0.03669 1.15048
-0.02270 -0.04557 1.14443
-0.00605 -0.03570 1.13570
-0.04209 -0.04726 1.13634
-0.00653 -0.02394 1.13451
-0.01030 -0.02489 1.13463
0.01452 -0.00626 1.12764
-0.02452 -0.02836 1.12362
-0.01303 -0.03178 1.10784
-0.01843 -0.01867 1.10752
-0.03278 -0.02378 1.09763
-0.02866 -0.03028 1.08031
-0.02470 -0.03874 1.07134
-0.03082 -0.02916 1.05755
-0.01559 -0.02648 1.04214
-0.02099 -0.03355 1.03195
-0.03450 -0.01811 1.00243
-0.06681 -0.04696 0.99323
-0.01393 -0.02898 0.97761
-0.04491 -0.02987 0.96088
-0.02714 -0.03693 0.94911
-0.06042 -0.03344 0.92585
-0.05876 -0.04735 0.91162
-0.03738 -0.03405 0.89695
-0.00124 -0.02785 0.87867
0.00441 -0.02813 0.86388
0.00120 -0.02367 0.84409
-0.00703 -0.02496 0.83591
-0.00179 -0.01935 0.81893
-0.01639 -0.01846 0.80926
0.00998 -0.01754 0.77321
0.03803 -0.02038 0.71069
0.05008 -0.01971 0.71071
0.04560 -0.02554 0.71094
0.05420 -0.00722 0.71067
0.03570 -0.00733 0.71070
0.04760 -0.00441 0.71001
0.04876 -0.01131 0.71040
0.01337 -0.01382 0.71124
0.03140 -0.01504 0.71017
0.01660 -0.01238 0.71002
-0.01135 -0.00784 0.71093
-0.03069 -0.00042 0.70950
-0.04998 -0.01293 0.70828
-0.06031 -0.02969 0.70676
-0.50382 -0.01209 0.53630
-0.02189 -0.01585 0.61202
-0.04855 -0.01878 0.59212
-0.02482 -0.00727 0.57614
-0.04018 -0.01297 0.55469
-0.01985 -0.00875 0.53256
-0.04594 -0.01882 0.51232
-0.03003 -0.02166 0.48693
-0.02348 -0.02676 0.46295
-0.04640 -0.03679 0.43238
-0.05728 -0.02845 0.40599
-0.02640 -0.01060 0.38478
-0.05339 -0.02471 0.35397
-0.03364 -0.01463 0.33097
-0.02039 -0.01978 0.30830
-0.02584 -0.00996 0.28738
-0.02214 -0.01203 0.26571
-0.02580 -0.01123 0.24473
-0.03470 -0.01658 0.22898
-0.02355 -0.01934 0.21917
-0.02195 -0.01864 0.21278
-0.02734 -0.01370 0.20587
-0.02656 -0.00501 0.20093
-0.03400 -0.00998 0.19510
-0.01053 -0.01999 0.19588
-0.01588 -0.01126 0.19749
-0.02340 -0.00061 0.19778
-0.02427 0.00476 0.19752
-0.02751 0.00080 0.19561
-0.02739 0.00066 0.19551
-0.02270 0.00038 0.19723
-0.02658 -0.00390 0.19609
-0.02057 -0.00112 0.19652
-0.02961 -0.01602 0.19807
-0.02613 -0.01806 0.21010
-0.01323 -0.01371 0.22822
-0.02054 -0.01412 0.24947
-0.03545 -0.00788 0.26849
-0.02311 -0.00706 0.28847
-0.01714 -0.01094 0.30401
-0.01925 -0.01076 0.32331
-0.01643 -0.01344 0.34171
-0.01315 -0.00520 0.36837
-0.00837 -0.00742 0.39058
0.00059 -0.00788 0.41440
-0.00581 0.01037 0.44071
-0.00332 0.01033 0.46348
-0.00222 0.00743 0.48828
-0.00323 0.00960 0.50625
-0.00352 0.00501 0.52663
0.00176 -0.01052 0.54340
-0.00628 -0.01341 0.55748
-0.00527 -0.00342 0.57669
-0.01334 -0.01861 0.59701
-0.02695 -0.01015 0.61890
-0.02020 0.00041 0.64024
-0.00960 -0.00575 0.66232
-0.02023 -0.00643 0.67957
-0.03356 -0.03414 0.68952
-0.02870 -0.01858 0.70556
-0.02816 -0.00227 0.71878
-0.01444 -0.00052 0.74383
-0.01961 0.00887 0.76864
-0.02297 0.00149 0.79137
-0.01065 -0.00385 0.80655
-0.04134 -0.02907 0.81167
-0.01000 -0.02379 0.83256
-0.02339 -0.01206 0.84133
-0.01377 0.01088 0.86647
-0.02165 -0.00791 0.88090
-0.01424 -0.00526 0.89031
-0.03587 -0.00185 0.90061
0.00616 -0.00419 0.91369
-0.00483 -0.01066 0.92439
-0.01112 -0.02715 0.93331
-0.00206 -0.03343 0.94486
-0.00038 -0.01466 0.95856
-0.00397 -0.01423 0.96984
-0.00338 -0.01572 0.98318
-0.01305 -0.02769 0.98849
-0.01217 -0.02194 0.99597
-0.01958 -0.03748 1.00193
-0.01676 -0.03215 1.00509
-0.01705 -0.04033 1.01520
-0.01299 -0.01833 1.02190
-0.01467 -0.02759 1.02735
-0.00384 -0.02008 1.03074
-0.02275 -0.03908 1.03822
-0.01476 -0.02802 1.04019
-0.00452 -0.00816 1.05169
-0.01195 -0.01734 1.05394
-0.01340 -0.01486 1.05322
-0.01043 -0.02190 1.06134
-0.00684 -0.01349 1.06135
-0.01651 -0.02219 1.06278
-0.00944 -0.01528 1.06398
-0.00975 -0.02999 1.06154
-0.01243 -0.02666 1.06514
-0.01045 -0.04129 1.05822
-0.00376 -0.02576 1.06050
-0.01168 0.00004 1.06490
-0.01568 -0.00683 1.06989
-0.01876 -0.01389 1.06971
-0.01658 -0.03190 1.06247
-0.01328 -0.03295 1.05580
-0.01449 -0.03010 1.05522
-0.02254 -0.03528 1.05790
-0.00690 -0.00921 1.06704
-0.01804 -0.02312 1.06913
-0.00676 -0.01242 1.07002
-0.01469 -0.03266 1.06704
-0.00774 -0.02483 1.06678
-0.00980 -0.02961 1.06526
0.00286 -0.00782 1.06678
-0.00150 -0.00914 1.07233
-0.01422 -0.01138 1.07230
0.01779 0.00092 1.07599
-0.01335 -0.04106 1.06748
-0.01589 -0.03766 1.06817
-0.02294 -0.02914 1.07026
-0.00172 -0.00926 1.07642
-0.01703 -0.00089 1.08111
-0.00791 -0.01527 1.08152
-0.00846 -0.02280 1.07671
-0.01101 -0.03470 1.07465
-0.02174 -0.03321 1.07826
-0.05726 -0.05662 1.07682
-0.02392 -0.01729 1.07999
-0.06967 -0.07023 1.07631
-0.03418 -0.01716 1.08144
-0.02640 -0.03545 1.08198
-0.03766 -0.04246 1.07945
-0.02503 -0.02747 1.07904
-0.03582 -0.02633 1.08331
-0.02431 0.00028 1.08766
-0.02795 -0.02285 1.09296
-0.01543 -0.00386 1.09332
-0.03537 -0.04290 1.09008
-0.01615 -0.03741 1.09009
-0.02150 -0.03200 1.09101
-0.05743 -0.04842 1.08680
-0.04397 -0.03097 1.08463
-0.02630 -0.01605 1.09813
-0.02550 -0.00973 1.09728
-0.03509 -0.02816 1.09470
-0.03259 -0.03031 1.09659
-0.03978 -0.03461 1.09754
-0.03239 -0.03247 1.09724
-0.03950 -0.03687 1.09896
-0.03066 -0.02409 1.09889
-0.03165 -0.02401 1.10324
-0.03825 -0.03397 1.10120
-0.02736 -0.03758 1.10076
-0.03607 -0.02039 1.10391
-0.02679 -0.00791 1.10648
-0.01799 -0.03710 1.10997
-0.02578 -0.02863 1.10653
-0.01984 -0.02225 1.10700
-0.01988 -0.03474 1.10952
-0.02780 -0.03265 1.11355
-0.02550 -0.03133 1.11196
-0.01882 -0.02645 1.11299
-0.01856 -0.02114 1.11943
-0.01263 -0.02194 1.11683
-0.01140 -0.03039 1.12097
-0.01077 -0.03280 1.11533
-0.02417 -0.05958 1.11857
-0.00817 -0.01984 1.12083
-0.01816 -0.02008 1.12446
-0.02135 -0.01884 1.12981
-0.00949 -0.00782 1.13017
-0.01072 -0.02107 1.13053
-0.01394 -0.03120 1.13127
-0.03672 -0.04533 1.13212
-0.02389 -0.04122 1.13080
-0.02471 -0.03718 1.13551
-0.03600 -0.03710 1.13305
-0.01937 -0.02403 1.13730
-0.01076 -0.01199 1.13967
-0.00615 -0.02110 1.13738
-0.00692 -0.01665 1.14180
-0.01543 -0.01197 1.14217
-0.01904 -0.04742 1.13849
-0.01529 -0.04649 1.13767
-0.01625 -0.03073 1.14171
-0.02547 -0.01292 1.14328
-0.01112 -0.02438 1.14604
-0.02242 -0.02531 1.13543
-0.01981 -0.02247 1.14023
-0.01690 -0.01337 1.13824
-0.01323 -0.03215 1.14115
-0.02140 -0.03214 1.13315
-0.02705 -0.02565 1.13204
-0.01010 -0.01584 1.13737
-0.01324 -0.00441 1.14364
-0.01469 -0.02128 1.13023
-0.02364 -0.04954 1.12413
-0.02158 -0.02649 1.11307
-0.02494 -0.01889 1.11366
-0.01492 -0.01719 1.12061
-0.01253 -0.02492 1.12296
-0.01510 -0.00403 1.11894
-0.01491 -0.02106 1.10838
-0.01942 -0.03674 1.10171
-0.01040 -0.05190 1.08476
-0.01930 -0.03193 1.07982
-0.02693 -0.01534 1.08607
-0.02854 -0.04404 1.09466
-0.00645 -0.05062 1.08976
-0.00892 -0.01148 1.07178
-0.01572 -0.05344 1.05311
-0.02345 -0.03700 1.04871
-0.01452 -0.01689 1.01874
-0.01799 -0.02962 1.03149
-0.02376 0.01016 1.03525
-0.01601 -0.02654 1.03243
-0.01806 -0.01007 1.02089
-0.02521 -0.03624 1.01115
-0.03652 -0.03327 0.99862
-0.02654 -0.04268 0.99420
-0.02793 -0.05379 0.98704
-0.02620 -0.03207 0.97399
-0.02007 -0.01818 0.97986
-0.00748 -0.02021 0.97600
-0.01503 -0.03913 0.96889
-0.01331 -0.03000 0.95364
-0.01900 -0.03136 0.94793
-0.01132 -0.00990 0.94953
-0.02020 -0.02130 0.94304
-0.02177 -0.02099 0.93886
-0.01677 -0.03237 0.92515
-0.01949 -0.02680 0.92191
-0.01916 -0.01670 0.91837
-0.01853 -0.01251 0.91658
-0.02730 -0.01661 0.91164
-0.02682 -0.01111 0.90679
-0.00835 -0.01351 0.90475
-0.01256 -0.03598 0.89559
-0.01973 -0.02575 0.88696
-0.02227 -0.03080 0.88662
-0.00960 -0.00040 0.88797
-0.02098 -0.01081 0.88915
-0.01796 -0.01346 0.87997
-0.01868 -0.03545 0.86974
-0.01543 -0.03923 0.86147
-0.02489 -0.02998 0.85715
-0.02705 -0.01609 0.85630
-0.01792 -0.00677 0.85756
-0.00136 -0.01034 0.85086
-0.00976 -0.01473 0.84563
-0.00446 -0.01231 0.83462
0.00138 -0.01479 0.83285
-0.00722 -0.01580 0.82294
0.00773 -0.03607 0.80941
0.01260 -0.01746 0.79177
0.00382 -0.02353 0.78529
0.00186 -0.01898 0.77209
-0.01532 -0.02242 0.76234
-0.01286 -0.02427 0.74995
0.00294 -0.01217 0.73828
0.00903 -0.01531 0.73228
-0.01240 -0.00466 0.71583
0.01205 -0.01199 0.70575
-0.00524 -0.00429 0.69467
0.00616 -0.01081 0.68553
-0.01924 -0.02312 0.67348
0.00151 -0.00312 0.66561
-0.01445 -0.02935 0.65290
-0.00592 -0.01483 0.64136
0.00328 -0.00697 0.62843
-0.03686 -0.04699 0.61246
-0.01124 -0.02558 0.59973
-0.02855 -0.03044 0.58864
-0.00009 -0.01082 0.58223
-0.00432 -0.00859 0.56955
-0.01132 -0.01249 0.56421
0.00063 -0.01572 0.54916
0.00267 -0.00372 0.53873
-0.00796 -0.01054 0.52372
0.00511 -0.01636 0.51648
0.00742 -0.00645 0.50555
-0.00336 -0.00857 0.49613
-0.01818 -0.01306 0.48528
-0.02621 -0.01249 0.47187
-0.03711 -0.01083 0.46244
-0.02708 -0.00485 0.45014
-0.02456 -0.00884 0.43402
-0.01018 -0.01145 0.42083
-0.01595 -0.00989 0.40743
-0.02605 -0.00483 0.39252
-0.03320 -0.00591 0.38537
-0.04949 -0.00453 0.36411
-0.05599 0.00215 0.35938
-0.08325 -0.00554 0.34325
-0.05395 -0.01439 0.33144
-0.04279 -0.01396 0.33807
-0.12381 -0.02744 0.29285
-0.04316 -0.02003 0.32263
-0.05165 -0.01290 0.31776
-0.02580 -0.00675 0.30996
-0.03383 -0.00420 0.31539
-0.02352 -0.00417 0.30585
-0.02871 -0.00639 0.30975
-0.04195 -0.01037 0.30137
-0.04907 -0.01146 0.29171
-0.04751 -0.00898 0.29745
-0.06166 -0.00046 0.28936
-0.05049 0.00075 0.29079
-0.04273 -0.01780 0.28089
-0.06605 -0.01351 0.27751
-0.04869 -0.00696 0.28674
-0.04864 -0.00622 0.29022
-0.04472 -0.01534 0.29237
-0.03106 -0.03033 0.29284
-0.03769 -0.02207 0.28709
-0.00572 -0.00787 0.29569
-0.01567 -0.01582 0.29558
-0.02325 -0.02245 0.29345
-0.02425 -0.02231 0.29910
-0.05017 -0.01315 0.29610
-0.00452 -0.01490 0.30692
-0.01609 -0.00218 0.31325
-0.01634 0.00944 0.32334
-0.04203 0.00456 0.32498
-0.03799 0.00365 0.32958
-0.06274 -0.00020 0.32978
-0.03214 -0.01017 0.34814
-0.05863 -0.00302 0.33979
-0.03974 -0.00944 0.35834
-0.04843 -0.00787 0.36601
-0.04202 -0.01343 0.37356
-0.03397 -0.01615 0.38499
-0.07522 -0.03486 0.39879
-0.06316 -0.01064 0.41611
-0.03893 -0.00442 0.43811
-0.04189 -0.01256 0.46129
-0.04288 -0.00682 0.47388
-0.03660 -0.00892 0.49031
-0.03352 -0.00367 0.51254
-0.00948 -0.01208 0.53553
-0.01279 -0.00081 0.55811
-0.06039 -0.01863 0.57580
-0.01620 0.00141 0.60557
-0.04750 -0.01966 0.62364
-0.03517 -0.00758 0.65180
-0.02009 -0.00012 0.68362
-0.01509 0.01595 0.71121
-0.02818 0.00078 0.74165
-0.02440 -0.00552 0.76349
-0.01110 -0.00696 0.78586
-0.01643 -0.02255 0.80727
-0.02269 -0.01035 0.83663
-0.02707 -0.00048 0.86141
-0.03695 -0.01113 0.88227
-0.03544 -0.01591 0.90502
-0.02255 -0.01331 0.92576
-0.02228 -0.01687 0.94908
-0.02673 -0.00863 0.97381
-0.02628 -0.00617 0.99747
-0.02140 -0.00255 1.02152
-0.02194 -0.01090 1.04436
-0.02912 -0.02348 1.06665
-0.02683 -0.03448 1.08821
-0.01222 -0.01361 1.11182
-0.01653 -0.01294 1.14101
-0.03285 -0.00271 1.16035
-0.01202 -0.00208 1.18153
-0.00674 0.01059 1.18744
-0.03482 -0.02850 1.18772
-0.02417 -0.03612 1.18070
-0.01976 -0.03935 1.17482
-0.02757 -0.04395 1.17256
-0.02587 -0.02609 1.17724
-0.02733 -0.02527 1.17654
-0.00403 -0.00434 1.17533
-0.03496 -0.03113 1.18125
-0.04589 -0.01876 1.17713
-0.02470 -0.02429 1.17915
-0.02530 -0.02510 1.17894
-0.02998 -0.02007 1.17794
-0.02201 -0.01790 1.17657
-0.02511 -0.03597 1.17400
-0.02612 -0.02925 1.16926
-0.02251 -0.01854 1.17141
-0.02842 -0.03730 1.16308
-0.02273 -0.03649 1.16431
-0.02191 -0.03133 1.15925
-0.02611 -0.02111 1.15968
-0.01281 -0.01719 1.15774
-0.01373 -0.02603 1.15511
-0.02105 -0.03087 1.15210
-0.02502 -0.02950 1.14861
-0.02124 -0.01955 1.14624
-0.02302 -0.03117 1.14513
-0.02855 -0.03498 1.13813
-0.01926 -0.04167 1.13574
-0.01749 -0.03651 1.13259
-0.00799 -0.01860 1.13334
-0.02046 -0.01944 1.13113
-0.02257 -0.01752 1.13263
-0.02509 -0.03808 1.12432
-0.01273 -0.04963 1.11577
-0.01409 -0.03734 1.11393
-0.00087 -0.04464 1.10941
-0.00049 -0.02515 1.11384
-0.00485 -0.03045 1.10881
-0.00371 -0.02991 1.10152
0.01176 -0.02735 1.09793
-0.00248 -0.01158 1.09881
0.00638 0.00407 1.09931
-0.00363 -0.01447 1.09974
-0.00371 -0.01308 1.09949
-0.02108 -0.03369 1.09424
-0.01179 -0.03954 1.08550
-0.00182 -0.02867 1.08549
-0.01076 -0.04421 1.08648
-0.02046 -0.03455 1.09237
-0.01482 0.00526 1.09656
-0.01607 -0.01539 1.09627
-0.00529 -0.01034 1.09972
-0.01452 -0.01909 1.09231
-0.00617 -0.03916 1.08900
-0.00487 -0.02693 1.08704
-0.01787 -0.03608 1.08609
-0.01635 -0.02495 1.08316
-0.01851 -0.02867 1.08021
-0.01152 -0.01722 1.07988
-0.02365 -0.02768 1.07599
-0.01816 -0.02963 1.07795
-0.02112 -0.03117 1.07204
-0.02500 -0.03079 1.06926
-0.02368 -0.02667 1.06669
-0.03402 -0.03576 1.06177
-0.02069 -0.03247 1.06436
-0.02621 -0.03344 1.06076
-0.01722 -0.03582 1.05557
-0.03276 -0.02759 1.05707
-0.03753 -0.03416 1.05112
-0.02297 -0.02938 1.05204
-0.01928 -0.03132 1.04429
-0.01960 -0.03651 1.04640
-0.01228 -0.02068 1.04104
-0.01378 -0.04016 1.03804
-0.02038 -0.02607 1.03855
-0.00652 -0.01800 1.03671
-0.00058 -0.02385 1.03169
0.00357 -0.03296 1.02505
0.00870 -0.03705 1.03112
-0.00073 -0.03347 1.02535
0.00563 -0.04124 1.02187
-0.00723 -0.02183 1.01886
-0.01213 -0.02894 1.01544
-0.02133 -0.03915 1.01623
-0.01082 -0.02387 1.01313
-0.00953 -0.03067 1.00785
-0.02431 -0.03247 1.00489
-0.03281 -0.04133 0.99960
-0.03117 -0.01664 1.00215
-0.03245 -0.02821 0.99744
-0.03503 -0.01888 0.99491
-0.06050 -0.04439 0.98704
-0.03575 -0.02317 0.98495
-0.05370 -0.03031 0.98376
-0.02339 -0.02672 0.98111
-0.04809 -0.01073 0.97864
-0.04288 -0.02594 0.97539
-0.04207 -0.01160 0.97234
-0.04364 -0.02622 0.97022
-0.02335 -0.03806 0.96320
-0.03330 -0.03930 0.96371
-0.02031 -0.02234 0.96350
-0.03268 -0.01443 0.96153
-0.03560 -0.02636 0.96075
-0.03794 -0.02863 0.95406
-0.07261 -0.03686 0.95358
-0.03723 -0.01995 0.95532
-0.03189 -0.01589 0.96070
-0.03995 -0.01491 0.96069
-0.02684 -0.02686 0.96088
-0.05272 -0.02023 0.96379
-0.05646 -0.03265 0.96328
-0.07588 -0.03650 0.96718
-0.07840 -0.03260 0.96855
-0.07392 -0.02355 0.97583
-0.06421 -0.01789 0.98396
-0.06508 -0.01502 0.98429
-0.07127 -0.01816 0.99565
-0.07096 -0.02289 0.99466
-0.06785 -0.03390 0.99763
-0.06083 -0.02031 1.01180
-0.05725 -0.02412 1.01357
-0.04061 -0.01354 1.01917
-0.06206 -0.06142 1.02053
-0.03712 -0.00209 1.02920
-0.02462 -0.04283 1.03533
-0.02853 -0.01428 1.04939
-0.01608 -0.04425 1.05478
-0.02437 -0.01663 1.06469
-0.03489 -0.02534 1.06715
-0.03523 -0.01897 1.07183
-0.02753 -0.01698 1.08167
-0.02611 -0.03822 1.08594
-0.02548 -0.03235 1.09149
-0.03146 -0.02439 1.10079
-0.03038 -0.02677 1.10374
-0.03244 -0.01921 1.11245
-0.02537 -0.01788 1.11737
-0.01820 -0.02925 1.13631
-0.00326 -0.02711 1.10130
-0.00519 -0.02420 1.11347
-0.00063 -0.02689 1.12214
-0.01251 -0.02439 1.11608
-0.01082 -0.03215 1.11465
-0.00709 -0.02982 1.11373
-0.00595 -0.02453 1.10659
-0.00810 -0.03801 1.10566
-0.00765 -0.01852 1.10384
-0.00760 -0.02568 1.10237
-0.00582 -0.01974 1.09677
-0.00994 -0.02773 1.09940
0.00067 -0.02532 1.08977
-0.01695 -0.02953 1.08747
-0.00711 -0.03035 1.08671
-0.01727 -0.01902 1.08088
-0.01375 -0.02634 1.07897
-0.01947 -0.03529 1.07313
-0.01737 -0.02695 1.06747
-0.01694 -0.02697 1.06446
-0.01776 -0.02432 1.05817
-0.02178 -0.03733 1.05456
-0.01492 -0.02305 1.04933
-0.02877 -0.02669 1.04803
-0.01742 -0.02394 1.04317
-0.01556 -0.01995 1.03294
-0.04098 -0.02585 1.03165
-0.01380 -0.02375 1.02209
-0.01860 -0.03126 1.01058
-0.01466 -0.02528 0.99229
-0.02759 -0.02237 0.96865
-0.03025 -0.02584 0.94494
-0.03492 -0.00936 0.91966
-0.03550 -0.03223 0.88927
-0.03924 -0.04239 0.86277
-0.03664 -0.02966 0.83776
-0.04017 -0.02021 0.81428
-0.03443 -0.02359 0.78525
-0.03051 -0.02873 0.75459
-0.03027 -0.03072 0.72844
-0.02961 -0.02834 0.69940
-0.03824 -0.02485 0.67553
-0.03524 -0.02330 0.66883
-0.03019 -0.01204 0.61121
-0.04346 -0.01752 0.60870
-0.03566 -0.01845 0.59092
-0.03368 -0.01780 0.57230
-0.01854 -0.02249 0.55753
-0.02783 -0.01628 0.54699
-0.01185 -0.02306 0.53255
-0.00431 -0.02101 0.52319
-0.01329 -0.02182 0.51121
0.00392 -0.02261 0.49481
-0.00512 -0.01618 0.48378
-0.02808 -0.01603 0.45999
-0.02610 -0.00236 0.44751
-0.04274 -0.00011 0.43126
-0.04974 -0.01391 0.40549
-0.03221 -0.01522 0.38885
-0.06574 -0.02531 0.35376
-0.03355 -0.01442 0.33705
-0.03554 -0.01531 0.31303
-0.04077 -0.01578 0.29268
-0.06059 -0.02136 0.28830
-0.03056 -0.01425 0.28776
-0.04046 -0.00709 0.28589
-0.06728 0.01295 0.28517
-0.04726 -0.00386 0.27860
-0.05012 -0.00349 0.28064
-0.04009 0.00428 0.27247
-0.04556 -0.00371 0.26852
-0.04246 -0.01512 0.27699
-0.04434 -0.01298 0.27543
-0.04798 -0.01618 0.29110
-0.01540 -0.00717 0.29786
-0.04479 -0.01352 0.31338
-0.03781 -0.01677 0.31760
-0.02167 -0.01377 0.33043
-0.05343 -0.02893 0.34502
-0.06647 -0.02652 0.34671
-0.06388 -0.02318 0.37180
-0.03986 -0.01041 0.38067
-0.06817 -0.02385 0.39334
-0.06484 -0.00559 0.42313
-0.04172 -0.00376 0.43854
-0.05365 0.00545 0.46646
-0.05771 0.00410 0.48115
-0.03718 0.00004 0.51590
-0.03843 -0.00699 0.52001
-0.02517 -0.00521 0.55097
-0.03762 -0.01356 0.57694
-0.04928 -0.01711 0.59617
-0.03477 0.01292 0.62032
-0.04103 0.00647 0.64369
-0.04193 0.00542 0.66787
-0.03977 0.00241 0.69651
-0.05327 -0.00828 0.70877
-0.04474 -0.01621 0.73033
-0.04742 -0.03498 0.74904
-0.03664 -0.01639 0.76839
-0.03392 -0.01343 0.78791
-0.04085 -0.00467 0.81287
-0.03136 0.00108 0.83791
-0.03872 -0.00632 0.85674
-0.01751 -0.01136 0.87461
-0.02761 -0.01576 0.89293
-0.03257 -0.01092 0.90987
-0.04332 -0.01681 0.93014
-0.03637 -0.01075 0.94794
-0.02332 -0.00551 0.96337
-0.01063 -0.01866 0.97348
-0.00208 -0.03439 1.02889
-0.01870 -0.02948 0.95667
-0.00066 -0.00907 1.01570
-0.02383 0.00144 1.03989
-0.01397 -0.00764 1.04764
-0.01489 -0.00581 1.06078
0.01286 -0.02771 1.08030
-0.02301 -0.02824 1.08871
-0.01024 -0.03482 1.10331
-0.01143 -0.02342 1.11581
-0.00637 -0.00553 1.13176
-0.00159 -0.00600 1.15157
0.00259 -0.00438 1.15975
-0.00320 -0.02035 1.16365
-0.00901 -0.01889 1.17358
0.00682 -0.01415 1.18529
0.00185 -0.01569 1.19217
-0.00692 -0.00370 1.19871
0.00555 -0.01093 1.20350
-0.00553 -0.02573 1.19840
-0.01169 -0.03348 1.20346
0.00309 -0.03538 1.20802
-0.00542 -0.01557 1.21060
-0.00156 -0.01754 1.21352
0.00354 -0.03045 1.20773
0.00859 -0.01422 1.20876
-0.01104 -0.00150 1.20913
-0.00530 -0.02000 1.20569
-0.03762 -0.02679 1.20197
-0.00776 -0.02028 1.18741
-0.00585 -0.04744 1.18732
-0.00285 -0.02238 1.19440
-0.02899 -0.01868 1.19441
-0.02639 -0.01299 1.19117
-0.05601 -0.00650 1.18652
-0.01721 -0.01389 1.19430
-0.04445 -0.05040 1.19242
-0.00811 -0.02778 1.18586
-0.01885 -0.03675 1.19280
-0.01329 -0.01958 1.19518
-0.02077 -0.01772 1.20252
-0.01354 -0.02202 1.19977
-0.00624 -0.01556 1.19907
-0.01444 -0.02838 1.19728
-0.01855 -0.04215 1.19385
-0.02061 -0.02842 1.19266
-0.02601 -0.00971 1.19493
-0.01581 -0.00301 1.19446
-0.01778 -0.01229 1.19651
-0.02178 -0.02560 1.18453
-0.02144 -0.03232 1.17830
-0.02118 -0.02935 1.17499
-0.02022 -0.02546 1.17425
-0.02255 -0.01958 1.17031
-0.01677 -0.02243 1.17121
-0.02304 -0.03465 1.16141
-0.01951 -0.04208 1.15565
-0.00482 -0.02176 1.15453
-0.00811 -0.00371 1.15406
-0.01998 -0.03064 1.15414
-0.00119 -0.03698 1.13700
-0.01769 -0.04270 1.12963
-0.03390 -0.04482 1.12880
-0.02191 -0.02088 1.13283
-0.02950 -0.01798 1.13719
-0.00276 -0.02787 1.13889
-0.01060 -0.05236 1.12824
0.03091 -0.04496 1.11235
0.01348 -0.04502 1.12584
0.03175 -0.02098 1.13124
0.01719 -0.02515 1.13160
-0.01575 -0.05555 1.11922
0.01578 -0.02835 1.11530
-0.02052 -0.03592 1.12336
-0.03332 -0.02806 1.12424
-0.02111 -0.01455 1.12727
-0.03095 -0.01687 1.12556
-0.03631 -0.00103 1.12406
0.00156 -0.00264 1.13102
0.00173 -0.02337 1.12593
-0.00356 -0.03040 1.12134
0.00375 -0.03257 1.11442
-0.00509 -0.02367 1.11067
0.01489 -0.01834 1.12864
-0.01352 0.00088 1.12633
0.00531 -0.01384 1.12730
-0.00020 -0.01553 1.12498
0.00137 -0.02047 1.12322
-0.00853 -0.03321 1.12202
-0.00535 -0.02537 1.11945
0.00131 -0.01758 1.12465
-0.00726 -0.01565 1.12404
-0.00887 -0.02057 1.12716
-0.02681 -0.01218 1.12661
-0.00717 -0.02296 1.12422
-0.03166 -0.02924 1.12296
-0.00777 -0.04453 1.12085
0.04967 -0.04716 1.11850
0.03533 -0.01241 1.11852
0.03737 -0.01361 1.12091
0.01419 -0.01780 1.15034
0.02392 -0.03278 1.07848
0.01358 -0.04001 1.10853
-0.00538 -0.03097 1.10499
-0.01461 -0.02015 1.10553
-0.00020 -0.02383 1.10460
0.00113 -0.03209 1.09965
-0.00847 -0.03909 1.09661
-0.00666 -0.03196 1.09653
-0.00805 -0.03042 1.09396
-0.02333 -0.02310 1.09629
-0.00332 -0.01663 1.08881
-0.01456 -0.01867 1.09142
-0.01221 -0.02781 1.08436
-0.00511 -0.03370 1.08123
-0.00862 -0.02446 1.07871
-0.01123 -0.01297 1.07999
-0.01017 -0.01106 1.07975
-0.00426 -0.01717 1.07564
-0.00047 -0.04269 1.06802
-0.00423 -0.03687 1.06339
-0.00971 -0.04257 1.06555
0.00545 -0.02595 1.06245
0.00547 -0.02444 1.04915
-0.00691 -0.03728 1.05141
0.00024 -0.01552 1.05106
-0.01678 -0.02332 1.05258
0.00896 -0.01915 1.04798
-0.00607 -0.03882 1.03971
-0.00675 -0.03332 1.03326
-0.00599 -0.02896 1.02887
-0.01104 -0.02157 1.03337
-0.00448 -0.01762 1.02771
-0.01141 -0.02163 1.02302
-0.01044 -0.01461 1.02410
-0.01614 -0.01080 1.02175
-0.02288 -0.02122 1.01048
-0.01696 -0.02267 0.99375
-0.02117 -0.02473 0.99243
-0.02564 -0.03300 0.98287
-0.02636 -0.01745 0.97272
-0.01697 -0.01631 0.96529
-0.01229 -0.01269 0.94989
0.01009 -0.03181 0.93426
0.01196 -0.03379 0.92175
0.00197 -0.01558 0.91461
0.00985 0.00013 0.90536
-0.00812 -0.00878 0.89474
-0.00278 -0.00663 0.88052
-0.01479 -0.01234 0.87081
-0.01715 -0.02786 0.83683
-0.00543 -0.02681 0.82434
-0.01156 -0.03323 0.80388
-0.01739 -0.03493 0.78221
-0.00712 -0.03238 0.76421
-0.02951 -0.02951 0.74499
-0.01139 -0.00003 0.72999
-0.02065 -0.01239 0.71249
-0.00715 -0.01844 0.69523
-0.00259 -0.00489 0.67485
-0.02665 -0.02831 0.65650
-0.01254 -0.02768 0.64016
-0.01241 -0.03840 0.61990
0.00177 -0.02633 0.60740
0.00166 -0.01584 0.59144
0.01056 -0.02640 0.57568
-0.00182 -0.01547 0.55852
-0.00252 -0.01180 0.54069
0.00395 -0.03090 0.51614
-0.00172 -0.01935 0.49588
-0.02950 -0.03700 0.47169
-0.03928 -0.03947 0.44395
-0.00193 -0.03356 0.41827
-0.00481 -0.03871 0.39385
-0.02118 -0.02011 0.37312
-0.00875 -0.01287 0.35281
-0.02903 -0.02450 0.32683
-0.05233 -0.02330 0.30525
-0.03871 -0.01013 0.29424
-0.02352 -0.01143 0.28328
-0.04627 -0.00753 0.27257
-0.01691 0.00194 0.26582
-0.00631 -0.00404 0.25829
-0.00662 -0.01109 0.25336
0.00758 -0.00867 0.25124
0.00079 -0.00202 0.24984
0.00237 0.00114 0.24798
-0.00144 -0.01122 0.24363
0.01659 0.00682 0.22757
0.00380 0.01290 0.19586
-0.00094 0.00814 0.15453
-0.03034 -0.01016 0.10323
-0.01823 -0.01087 0.06946
-0.01571 -0.00589 0.03743
-0.00198 0.00089 0.00868
0.00492 -0.00790 -0.01240
-0.00264 -0.01119 -0.00680
0.00019 -0.00309 0.00110
0.00036 0.00027 0.00299
-0.00096 0.00310 -0.00125
0.00096 0.00134 0.00156
-0.00077 -0.00171 0.00090
0.00205 -0.00181 -0.00184
-0.00092 0.00074 -0.00331
0.00223 -0.00045 -0.00300
-0.00019 -0.00048 -0.00329
0.00029 0.00103 -0.00264
0.00298 -0.00020 -0.00159
-0.00103 0.00055 0.00378
0.00212 0.00106 -0.00115
0.00005 0.00000 0.00380
0.00063 -0.00009 -0.00195
-0.00062 -0.00030 0.00478
0.00205 0.00061 0.00149
-0.00090 0.00009 0.00349
0.00104 0.00025 0.00182
0.00271 0.00002 0.00077
0.00249 0.00021 0.00168
0.00318 -0.00022 -0.00186
0.00245 -0.00014 -0.00105
0.00227 -0.00015 -0.00103
0.00172 0.00007 0.00161
0.00198 0.00008 0.00114
0.00278 -0.00016 -0.00189
0.00142 0.00004 -0.00159
-0.00090 0.00014 0.00254
-0.00058 -0.00011 0.00200
0.00003 0.00020 0.00387
-0.00026 0.00087 0.00144
-0.00013 0.00031 0.00370
-0.00056 0.00019 0.00218
0.00201 0.00062 0.00060
0.00007 0.00006 0.00150
-0.00053 0.00000 0.00165
-0.00032 -0.00000 0.00123
0.00040 0.00026 0.00087
-0.00046 0.00005 0.00140
-0.00030 -0.00001 0.00176
0.00015 0.00011 0.00175
0.00030 -0.00004 -0.00144
0.00023 0.00019 0.00186
-0.00003 0.00018 0.00151
0.00116 0.00047 0.00032
0.00003 0.00006 0.00096
0.00083 0.00030 0.00071
0.00003 0.00009 0.00079
-0.00074 -0.00050 -0.00072
0.00062 0.00035 0.00055
-0.00091 -0.00027 -0.00157
-0.00032 -0.00024 0.00059
-0.00012 -0.00001 -0.00222
0.00012 -0.00003 -0.00099
-0.00080 -0.00026 0.00152
0.00001 0.00018 0.00160
-0.00027 -0.00001 0.00143
-0.00046 -0.00011 -0.00153
-0.00048 -0.00093 0.00198
-0.00084 -0.00114 0.00373
-0.00631 0.00119 0.00225
0.00976 0.00057 0.00380
0.01348 0.00059 0.00452
0.01556 0.00105 0.00710
-0.01705 0.00155 0.00823
-0.00858 -0.00170 0.01934
-0.01254 -0.00481 0.02095
-0.02494 -0.00984 0.02334
-0.01648 -0.00975 0.04721
-0.01599 -0.00793 0.07142
-0.02762 -0.00662 0.09229
-0.00666 -0.00307 0.12331
0.01278 0.00014 0.14813
-0.00981 -0.00511 0.17091
-0.00668 0.00395 0.19775
-0.04597 0.00097 0.21814
0.02924 0.01744 0.24771
-0.05085 0.00764 0.26914
-0.02743 0.01034 0.29411
-0.02989 0.00330 0.31685
-0.06883 0.00188 0.33240
-0.04392 -0.00384 0.35763
-0.06328 -0.01530 0.37371
-0.05706 0.00035 0.39180
-0.07015 0.00566 0.41067
-0.09437 -0.00122 0.42277
-0.09435 -0.01344 0.43736
-0.08788 0.00169 0.46493
-0.08381 0.00372 0.48976
-0.09922 0.01239 0.51379
-0.10150 -0.01030 0.53370
-0.09683 -0.01117 0.55289
-0.09245 -0.00319 0.58146
-0.12123 -0.00384 0.60497
-0.09074 0.01089 0.63628
-0.04734 0.00850 0.66333
-0.07450 -0.01058 0.68100
-0.05311 0.00258 0.70909
-0.07907 -0.00659 0.72828
-0.05826 -0.00298 0.75394
-0.05815 -0.01292 0.77272
-0.07075 -0.00539 0.79579
-0.07149 -0.00973 0.81481
-0.06581 -0.01044 0.83339
-0.05244 -0.00228 0.86097
-0.03656 -0.00264 0.88127
-0.02996 -0.00910 0.90785
-0.03357 -0.00973 0.92534
-0.03934 -0.00854 0.95021
-0.02159 -0.00370 0.97122
-0.03273 -0.00130 0.99725
-0.03058 -0.01659 1.01809
-0.02141 -0.02012 1.03755
-0.02610 -0.01255 1.06125
-0.02297 0.00031 1.08278
-0.02694 -0.00685 1.10877
-0.02339 -0.00488 1.12599
-0.02118 -0.00573 1.14066
-0.03150 -0.00871 1.14666
-0.02529 -0.02073 1.14727
-0.02840 -0.01727 1.14950
-0.02105 -0.02071 1.15033
-0.02731 -0.01586 1.14940
-0.02509 -0.03603 1.14805
-0.03079 -0.04494 1.13883
-0.03040 -0.04164 1.14196
-0.01827 -0.02006 1.14324
-0.01871 -0.01636 1.14739
-0.03251 -0.02891 1.14388
-0.01749 -0.01233 1.13615
-0.02313 -0.04689 1.13422
-0.01877 -0.04349 1.12968
-0.01106 -0.02249 1.12576
-0.02318 -0.04754 1.12210
-0.01485 -0.03461 1.11779
-0.01957 -0.02783 1.12304
-0.01639 -0.01508 1.12569
-0.01322 -0.01209 1.12439
-0.01974 -0.01977 1.11704
-0.01400 -0.04255 1.11072
-0.02516 -0.03467 1.10381
-0.02755 -0.05737 1.10103
-0.03637 -0.04693 1.09850
-0.01259 -0.01854 1.09874
-0.02854 -0.02855 1.10691
-0.01872 -0.00616 1.09927
-0.02269 -0.01737 1.09516
-0.02339 -0.02445 1.09420
-0.02563 -0.02165 1.08860
-0.01920 -0.01803 1.08777
-0.01730 -0.01631 1.08585
-0.01779 -0.03532 1.07864
-0.02076 -0.04179 1.07363
-0.02269 -0.03736 1.06849
-0.01952 -0.01983 1.07377
-0.01772 -0.01149 1.07202
-0.02122 -0.01180 1.07218
-0.02186 -0.03143 1.06293
-0.01559 -0.03641 1.05838
-0.02460 -0.03390 1.05988
-0.02034 -0.02857 1.05674
-0.02335 -0.04195 1.05064
-0.01759 -0.01771 1.04706
-0.01348 -0.02278 1.05342
-0.01596 -0.01636 1.04934
-0.01035 -0.03072 1.04342
-0.00942 -0.03687 1.03932
-0.00291 -0.04366 1.03737
-0.01117 -0.02215 1.03759
-0.00879 -0.02075 1.03505
-0.00911 -0.01921 1.03188
-0.00773 -0.01632 1.03072
-0.00291 -0.02431 1.02734
-0.00218 -0.03864 1.02520
-0.01073 -0.04506 1.01501
-0.00516 -0.03316 1.01259
-0.01532 -0.02416 1.01452
-0.00884 -0.00950 1.02001
-0.00698 -0.00347 1.02116
-0.00728 -0.01379 1.01677
-0.00912 -0.04327 1.00770
-0.00883 -0.04617 0.99334
-0.01212 -0.02470 0.99010
-0.02153 -0.02741 0.99374
-0.01687 -0.02866 0.99925
-0.01135 -0.01714 1.00697
-0.02340 -0.00799 1.01335
-0.03072 0.00154 1.02416
-0.03512 -0.01899 1.03198
-0.02430 0.00098 1.03877
-0.02130 0.00813 1.04989
-0.03432 -0.01459 1.05857
-0.01822 -0.00602 1.07158
-0.01779 -0.04282 1.07098
-0.01818 -0.04473 1.08034
-0.02439 -0.04432 1.08329
-0.02363 -0.03537 1.08799
-0.01507 -0.01482 1.09815
-0.01675 -0.00856 1.11712
-0.02217 -0.00490 1.12758
-0.01272 -0.00538 1.13433
-0.01773 -0.01229 1.13571
-0.02448 -0.03765 1.14322
-0.01687 -0.02263 1.14907
-0.02431 -0.01539 1.15752
-0.01847 -0.01045 1.15732
-0.02454 -0.01532 1.15636
-0.02491 -0.02271 1.15698
-0.02225 -0.03787 1.14995
-0.01640 -0.03536 1.14914
-0.01987 -0.02304 1.14543
-0.02440 -0.02895 1.15074
-0.02115 -0.02793 1.14265
-0.01563 -0.04641 1.13915
-0.02643 -0.04950 1.13347
-0.02250 -0.01932 1.13357
-0.01777 -0.00465 1.13664
-0.02318 -0.01216 1.13261
-0.02238 -0.02390 1.12448
-0.02853 -0.04156 1.11673
-0.01793 -0.04412 1.10986
-0.01476 -0.03795 1.10358
-0.00155 -0.02005 1.09696
-0.00860 -0.02281 1.08716
0.00239 -0.02524 1.07875
-0.00870 -0.02703 1.06589
-0.01163 -0.03426 1.06309
-0.01080 -0.01843 1.05713
-0.00744 -0.02000 1.05060
-0.01488 -0.03217 1.04306
-0.00248 -0.04944 1.03231
-0.00682 -0.02817 1.02960
0.00317 -0.03935 1.02626
-0.01877 -0.02292 1.01843
-0.00935 -0.04870 1.01293
-0.00703 -0.00035 1.01345
-0.01217 -0.01621 1.01371
-0.01136 -0.01702 1.00920
-0.01709 -0.04580 1.00247
-0.01334 -0.02197 0.99863
-0.02185 -0.01995 1.01120
-0.02465 -0.01222 1.01692
-0.03301 -0.02606 1.02037
-0.02502 -0.00320 1.02291
-0.02909 -0.03403 1.02921
-0.01592 0.00133 1.03537
-0.01944 -0.01591 1.04234
-0.01878 -0.01778 1.05434
-0.01159 -0.02267 1.05441
-0.01658 -0.04032 1.04907
-0.02079 -0.03419 1.05582
-0.02548 -0.04430 1.06018
-0.01838 -0.04366 1.07047
-0.01731 -0.04031 1.07953
-0.01372 -0.01845 1.08813
-0.01544 -0.03121 1.09673
-0.00695 -0.02198 1.10207
-0.01747 -0.02246 1.10820
-0.01047 -0.01107 1.11376
-0.01848 -0.02402 1.12360
-0.01601 -0.01131 1.12387
-0.01077 -0.01100 1.12672
-0.01050 -0.03658 1.12518
-0.01625 -0.05077 1.11618
-0.01617 -0.03085 1.11668
-0.01016 -0.01083 1.12275
-0.03016 -0.01947 1.12147
-0.02329 -0.01583 1.11623
-0.01903 -0.03998 1.10817
-0.01448 -0.02240 1.10994
-0.02762 -0.02298 1.10795
-0.01660 -0.02829 1.09947
-0.03250 -0.03928 1.09789
-0.02214 -0.01265 1.09177
-0.01824 -0.01595 1.08656
-0.01948 -0.02793 1.07241
-0.01900 -0.02290 1.05630
-0.01095 -0.03166 1.03967
-0.01868 -0.04048 1.01950
-0.02271 -0.05182 0.99727
-0.01333 -0.01306 0.98102
-0.02067 -0.03705 0.97453
-0.01891 -0.01142 0.95980
-0.01702 -0.03560 0.95339
-0.01541 -0.03086 0.94569
-0.01697 -0.03236 0.94110
-0.00831 -0.02092 0.94033
-0.01302 -0.00839 0.93447
-0.00902 -0.02140 0.93500
-0.00356 -0.02659 0.93005
-0.00564 -0.02270 0.92842
0.00195 -0.01891 0.92661
0.00097 -0.02156 0.92458
-0.00135 -0.02053 0.92507
-0.00033 -0.03282 0.92452
0.00553 -0.01152 0.92728
-0.00654 -0.05664 0.92069
-0.00124 -0.04560 0.91705
-0.00378 -0.01004 0.92244
-0.02031 -0.03251 0.93010
-0.03366 0.00582 0.94253
-0.02157 0.00469 0.94221
-0.01844 0.00240 0.95838
-0.02726 -0.00538 0.96584
-0.03650 -0.01879 0.96992
-0.02281 -0.00741 0.97434
-0.01569 -0.03600 0.97959
-0.01982 -0.02336 0.99193
-0.01144 -0.04314 0.99918
0.00354 0.00069 1.01286
-0.00574 -0.03876 1.02304
-0.00559 -0.01671 1.03384
-0.00267 -0.04129 1.04505
-0.00472 -0.02176 1.05290
-0.00932 -0.02748 1.06799
-0.00391 -0.00176 1.08201
-0.01119 -0.01328 1.09836
-0.00963 -0.00508 1.11462
-0.01481 -0.01124 1.12447
-0.01238 -0.02798 1.13569
-0.02280 -0.04315 1.14320
-0.01433 -0.01607 1.15271
-0.01855 -0.03572 1.16371
-0.01611 -0.00724 1.17714
-0.02304 -0.00909 1.18230
-0.02306 -0.02288 1.18245
-0.01214 -0.01181 1.17779
-0.01461 -0.02851 1.17687
-0.01066 -0.01641 1.17176
-0.01887 -0.05765 1.16456
-0.01036 -0.03186 1.16121
-0.02006 -0.03555 1.16031
-0.01289 -0.03911 1.15901
-0.01783 -0.00587 1.15885
-0.01704 -0.01094 1.16082
-0.02600 -0.02045 1.15406
-0.01964 -0.02577 1.14693
-0.02030 -0.03734 1.13476
-0.02217 -0.01503 1.13562
-0.02864 -0.03226 1.12790
-0.01938 -0.01505 1.11812
-0.01730 -0.01083 1.10740
-0.02678 -0.01649 1.09883
-0.02319 -0.03563 1.07713
-0.02232 -0.04254 1.06156
-0.01797 -0.03255 1.04639
-0.02019 -0.02451 1.03434
-0.02011 -0.02034 1.01881
-0.02454 -0.00869 1.00645
-0.02022 -0.00656 0.98863
-0.02359 -0.02565 0.96675
-0.02134 -0.05147 0.94636
-0.03111 -0.03805 0.93628
-0.02324 -0.04452 0.93438
-0.01617 -0.02130 0.93432
-0.01045 -0.01925 0.93524
-0.00568 -0.01702 0.93004
0.00113 -0.02615 0.92935
-0.00556 -0.03780 0.92365
-0.00455 -0.04120 0.91633
-0.00864 -0.02450 0.91879
-0.01439 -0.02792 0.91887
-0.01678 -0.00812 0.92145
-0.00379 -0.01587 0.92773
-0.00609 -0.00386 0.93228
-0.00926 -0.02184 0.93482
0.00066 -0.01322 0.94070
-0.00174 -0.01806 0.94070
-0.00155 -0.02370 0.95147
-0.00586 -0.00922 0.95610
-0.00412 -0.00769 0.97112
0.00059 -0.01661 0.97453
-0.00548 -0.03883 0.97869
0.00145 -0.02579 0.98834
0.00336 0.00393 1.01165
-0.00017 -0.01756 1.01874
-0.00204 -0.04406 1.02444
0.00764 -0.01546 1.02495
-0.00447 -0.00867 1.03234
0.00400 -0.00441 1.05624
-0.01276 -0.01802 1.06736
-0.00264 -0.01759 1.06527
-0.01275 -0.03397 1.06761
-0.00404 -0.02868 1.07294
-0.00375 -0.03627 1.08531
-0.00475 -0.03461 1.09167
-0.00382 -0.01310 1.10079
0.00269 0.00175 1.10992
-0.00107 -0.00800 1.12062
-0.00569 -0.01153 1.12449
0.00021 -0.01889 1.12712
0.00150 -0.02300 1.13586
-0.00925 -0.04227 1.13772
-0.02364 -0.04656 1.14066
-0.01555 -0.02975 1.15617
-0.02383 0.00148 1.16680
-0.01077 -0.00894 1.17708
-0.02233 -0.01822 1.18316
-0.02269 -0.04566 1.19739
-0.01167 -0.03283 1.20639
-0.03594 -0.03711 1.20546
-0.02150 -0.01395 1.20744
-0.03142 -0.01180 1.20783
-0.01639 -0.01516 1.21083
-0.01951 -0.02455 1.20356
-0.02375 -0.04569 1.19414
-0.02794 -0.03840 1.19156
-0.02229 -0.04737 1.18453
-0.02501 -0.03332 1.19386
-0.01642 -0.02361 1.18615
-0.02034 -0.02281 1.18469
-0.02494 -0.03390 1.17464
-0.02895 -0.04270 1.16902
-0.02823 -0.03193 1.17086
-0.03040 -0.02247 1.16671
-0.02923 -0.03572 1.15929
-0.02714 -0.04777 1.14689
-0.02068 -0.03245 1.14144
-0.02257 -0.00105 1.14832
-0.02938 -0.01929 1.14820
-0.02975 -0.02699 1.14040
-0.02080 -0.02463 1.12857
-0.02186 -0.03180 1.12084
-0.03448 -0.05817 1.10822
-0.02116 -0.02911 1.10663
-0.01214 -0.02301 1.10941
-0.02303 -0.02416 1.10591
-0.01174 -0.00993 1.10064
