0.01513 16.50733 9.46878
0.00887 9.39838 5.38686
0.00814 8.29683 4.75510
0.01330 12.73576 7.30199
0.01170 10.20309 5.84848
0.00486 3.79618 2.17518
0.00518 3.67892 2.10798
0.01054 6.82103 3.90892
0.00840 5.05988 2.89941
0.01375 7.89537 4.52489
0.01572 8.65377 4.95979
0.01868 9.89525 5.67187
0.00792 4.02222 2.30472
0.00420 2.05224 1.17587
0.01528 7.20920 4.13146
0.00653 2.98590 1.71086
0.00815 3.65407 2.09375
0.00684 3.04999 1.74759
0.00963 4.15852 2.38283
0.02113 9.01569 5.16736
0.00974 4.12034 2.36095
0.02173 8.98508 5.14980
0.03737 14.87171 8.52873
0.02803 10.64950 6.10460
0.03193 11.92720 6.83784
0.03593 13.08419 7.50205
0.03262 11.56371 6.62922
0.02025 6.88815 3.94740
0.01358 4.47076 2.56177
0.01697 5.34825 3.06469
0.00523 1.60030 0.91691
0.01673 4.95900 2.84159
0.00434 1.22687 0.70295
0.00160 0.43730 0.25056
0.01363 3.55816 2.03878
0.06390 16.27417 9.33474
0.00117 0.28973 0.16600
0.01984 4.71010 2.69894
0.04171 9.54278 5.46969
0.03978 8.83423 5.06329
0.05802 12.48758 7.15952
0.01445 3.02641 1.73407
0.06060 12.22836 7.01071
0.06372 12.48606 7.15864
0.18063 34.10912 19.63908
0.01090 1.99922 1.14549
0.06939 12.40724 7.11339
0.03469 6.00974 3.44385
0.05796 9.82285 5.63034
0.02324 3.82225 2.19012
0.00311 0.49827 0.28549
0.01700 2.65838 1.52319
0.02301 3.51221 2.01245
0.04837 7.26770 4.16500
0.01771 2.59014 1.48408
0.06276 8.95698 5.13369
0.06239 8.69793 4.98512
0.08490 11.60254 6.65150
0.09532 12.84794 7.36640
0.05468 7.23438 4.14590
0.03979 5.18611 2.97176
0.07803 9.90995 5.68031
0.06893 8.68113 4.97548
0.02553 3.18177 1.82310
0.06390 7.96080 4.56241
0.04650 5.75666 3.29878
0.03628 4.41191 2.52805
0.05850 7.03252 4.03017
0.04700 5.55900 3.18548
0.05203 6.12577 3.51036
0.05632 6.63470 3.80210
0.04804 5.66305 3.24512
0.03054 3.62219 2.07548
0.08025 9.54877 5.47313
0.05763 6.81888 3.90769
0.02867 3.40548 1.95129
0.05691 6.74081 3.86293
0.05361 6.42457 3.68164
0.05008 5.98334 3.42872
0.03534 4.21062 2.41269
0.01951 2.32355 1.33133
0.01648 1.95476 1.12001
0.02286 2.70910 1.55225
0.03887 4.64195 2.65988
0.04982 5.96387 3.41755
0.06091 7.31173 4.19024
0.05034 6.06747 3.47694
0.03195 3.84887 2.20538
0.03354 4.04226 2.31620
0.05384 6.51445 3.73317
0.05158 6.24358 3.57789
0.03403 4.12512 2.36369
0.05672 6.87484 3.93977
0.03766 4.55383 2.60938
0.03403 4.15552 2.38111
0.05802 7.13728 4.09023
0.05522 6.84748 3.92408
0.03179 3.96751 2.27336
0.05903 7.37181 4.22469
0.16539 20.71825 11.89202
0.11536 14.47575 8.30125
0.20755 26.26774 15.09392
0.03376 4.29540 2.46127
0.04999 6.38801 3.66068
0.05197 6.67473 3.82505
0.04471 5.75621 3.29852
0.01224 1.59477 0.91375
0.03301 4.34614 2.49035
0.03423 4.55888 2.61227
0.04106 5.57468 3.19447
0.07474 10.23847 5.86878
0.04296 6.03026 3.45561
0.05899 8.44807 4.84183
0.01827 2.67629 1.53344
0.02775 4.15832 2.38272
0.01880 2.88438 1.65269
0.03516 5.52425 3.16556
0.05812 9.36741 5.36910
0.05439 9.03621 5.17913
0.02184 3.73801 2.14185
0.02078 3.70013 2.12014
0.04070 7.53025 4.31554
0.03430 6.64190 3.80623
0.04100 8.25400 4.73054
0.02794 5.81838 3.33416
0.00251 0.54349 0.31140
0.00706 1.52363 0.87299
0.02485 5.53377 3.17102
0.02768 6.13761 3.51714
0.03793 8.66357 4.96541
0.02310 5.18514 2.97120
0.01628 3.74012 2.14305
0.01903 4.31374 2.47179
0.02710 6.15792 3.52878
0.03056 7.10599 4.07229
0.00308 0.71910 0.41202
0.02593 6.21684 3.56256
0.04534 10.50092 6.01935
0.01054 2.40638 1.37879
0.01999 4.30829 2.46866
0.01444 3.00985 1.72458
0.03534 7.26172 4.16158
0.02659 5.18731 2.97244
0.01901 3.62930 2.07955
0.00421 0.77823 0.44589
0.08830 15.72231 9.01753
0.02300 3.98915 2.28576
0.03438 5.77838 3.31123
0.07428 12.16070 6.97187
0.03454 5.49338 3.14787
0.03094 4.82186 2.76299
0.04046 6.15580 3.52757
0.05407 8.06130 4.62003
0.04757 6.93377 3.97355
0.04311 6.14704 3.52255
0.05916 8.25197 4.72937
0.03730 5.14798 2.94990
0.04437 6.01041 3.44423
0.02391 3.20220 1.83480
0.08705 11.41095 6.54154
0.01509 1.94457 1.11418
0.04514 5.79235 3.31924
0.05930 7.62658 4.37077
0.02306 2.99754 1.71753
0.03272 4.24725 2.43368
0.04594 5.94021 3.40399
0.03518 4.55250 2.60862
0.05025 6.49859 3.72407
0.04360 5.69969 3.26612
0.01628 2.13528 1.22345
0.02143 2.81219 1.61132
0.03749 4.94019 2.83081
0.02106 2.73743 1.56848
0.01471 1.93128 1.10656
0.01782 2.34105 1.34135
0.01382 1.83194 1.04964
0.00928 1.23709 0.70881
0.01242 1.64741 0.94391
0.04737 6.27914 3.59827
0.04348 5.74359 3.29129
0.09331 12.20855 6.99933
0.14557 18.93873 10.86737
0.03810 4.93549 2.82811
0.05138 6.60433 3.78469
0.02297 2.92059 1.67343
0.11596 14.71039 8.43605
0.07698 9.63718 5.52384
0.08530 10.70397 6.13585
0.02992 3.73724 2.14141
0.06351 7.80942 4.47560
0.04886 5.94912 3.40910
0.05685 6.82377 3.91049
0.05787 6.90117 3.95486
0.04918 5.80892 3.32873
0.08302 9.72540 5.57444
0.09416 10.98338 6.29618
0.06857 7.94485 4.55326
0.22211 25.71703 14.77568
0.01266 1.46134 0.83729
0.01408 1.61641 0.92615
0.10414 11.93128 6.84018
0.09605 10.92058 6.26015
0.08603 9.78100 5.60634
0.06797 7.76315 4.44907
0.09828 11.29740 6.47638
0.04399 5.10916 2.92765
0.06070 7.04533 4.03751
0.08823 10.31419 5.91222
0.08143 9.51060 5.45123
0.02794 3.27137 1.87444
0.05864 6.82721 3.91247
0.04307 5.04388 2.89024
0.09630 11.49706 6.59096
0.02988 3.59272 2.05859
0.05050 6.06756 3.47699
0.17664 21.36462 12.26443
0.19067 23.20272 13.32418
0.08101 9.90842 5.67943
0.25843 31.81090 18.30404
0.14838 18.24039 10.46551
0.14009 17.24823 9.89480
0.15689 19.33404 11.09491
0.18185 22.46801 12.90045
0.14672 18.30174 10.50081
0.11344 14.27308 8.18483
0.13031 16.35235 9.37968
0.10216 12.96705 7.43479
0.01188 1.52053 0.87121
0.15285 19.66842 11.28742
0.06423 8.32102 4.76897
0.08733 11.28970 6.47196
0.05702 7.39395 4.23738
0.07834 10.16909 5.82897
0.09425 12.33606 7.07253
0.04234 5.60120 3.20967
0.04737 6.30279 3.61183
0.05731 7.60870 4.36052
0.04094 5.40819 3.09905
0.05920 7.83055 4.48772
0.04475 5.89388 3.37744
0.07493 9.95959 5.70879
0.06807 9.19696 5.27133
0.05297 7.23157 4.14429
0.02156 2.92361 1.67516
0.05209 6.93146 3.97223
0.04520 5.97420 3.42347
0.06670 8.82035 5.05533
0.02010 2.68907 1.54077
0.01721 2.30767 1.32223
0.05604 7.50271 4.29975
0.19441 26.02574 14.95406
0.03287 4.36656 2.50205
0.05374 7.10972 4.07443
0.05276 7.01564 4.02049
0.04403 5.78888 3.31725
0.04560 5.96469 3.41802
0.04345 5.67618 3.25265
0.05002 6.59304 3.77822
0.00894 1.18750 0.68039
0.03049 4.03722 2.31331
0.02080 2.72565 1.56173
0.04489 5.79654 3.32164
0.03829 4.94424 2.83313
0.04242 5.49054 3.14624
0.05247 6.86244 3.93266
0.05372 7.01767 4.02165
0.01230 1.60102 0.91733
0.05245 6.75417 3.87059
0.04456 5.76904 3.30587
0.03968 5.16270 2.95834
0.04611 6.02900 3.45488
0.05507 7.22805 4.14227
0.10361 13.62500 7.81260
0.04929 6.49069 3.71954
0.08062 10.69028 6.12800
0.15089 20.27505 11.63674
0.03750 5.06513 2.90242
0.06137 8.35350 4.78759
0.07751 10.44118 5.98508
0.02999 4.07050 2.33238
0.04878 6.68788 3.83259
0.12530 17.60392 10.09937
0.10599 15.23841 8.73943
0.05709 8.45118 4.84361
0.06344 9.59609 5.50027
0.07059 10.91268 6.25561
0.04946 7.88879 4.52111
0.04259 6.98280 4.00166
0.03298 5.59767 3.20765
0.07828 13.90859 7.97547
0.02868 5.31860 3.04769
0.03004 5.83933 3.34616
0.04137 8.37934 4.80241
0.02114 4.48699 2.57107
0.03411 7.55356 4.32890
0.04333 9.92356 5.68811
0.01894 4.55472 2.60989
0.01346 3.37731 1.93515
0.02986 7.85404 4.50119
0.04207 11.60320 6.65188
0.01665 4.89823 2.80676
0.02169 6.83840 3.91888
0.01924 6.36904 3.64981
0.00715 2.51077 1.43860
0.00713 2.63803 1.51152
0.01340 5.27674 3.02370
0.03870 15.92516 9.13411
0.04519 19.80309 11.36496
0.03029 14.09987 8.08534
0.02973 13.88931 7.96440
0.05813 26.77910 15.38951
0.04869 22.81170 13.09865
0.04875 22.19482 12.74294
0.06008 27.48989 15.80057
0.05154 24.19817 13.89858
0.03143 14.32512 8.21473
0.03747 17.57745 10.08415
0.03054 14.07743 8.07245
0.03254 15.02172 8.61492
0.01815 8.61297 4.93640
0.04892 22.54310 12.94375
0.01173 5.34145 3.06079
0.03739 16.77871 9.62481
0.01455 5.78502 3.31504
0.02254 8.68623 4.97841
0.03477 12.01593 6.88877
0.06508 21.43834 12.30691
0.05015 16.38283 9.39720
0.03508 10.49467 6.01577
0.06659 18.98202 10.89229
0.03974 11.53855 6.61478
0.02172 5.80150 3.32448
0.02884 7.80661 4.47400
0.04007 10.07606 5.77560
0.05615 13.68816 7.84887
0.03839 9.38768 5.38072
0.08601 19.66890 11.28769
0.06583 14.56675 8.35353
0.01870 4.01322 2.29956
0.08777 17.90731 10.27389
0.00709 1.41329 0.80976
0.02058 3.91664 2.24421
0.00963 1.75449 1.00526
0.01189 2.11159 1.20987
0.06653 11.34544 6.50395
0.01379 2.30339 1.31978
0.03895 6.26451 3.58989
0.06470 10.12084 5.80129
0.06945 10.53471 6.03874
0.04340 6.41691 3.67725
0.02184 3.15904 1.81007
0.03921 5.54508 3.17750
0.01071 1.48262 0.84949
0.03617 4.88050 2.79660
0.03131 4.16249 2.38510
0.04244 5.48861 3.14514
0.04623 5.88783 3.37397
0.04562 5.68189 3.25592
0.06705 8.18088 4.68861
0.05764 6.89551 3.95162
0.02883 3.40871 1.95314
0.06333 7.34679 4.21035
0.05496 6.33521 3.63042
0.06035 6.84692 3.92376
0.07905 8.83868 5.06584
0.07073 7.77042 4.45325
0.04859 5.26146 3.01494
0.08720 9.36096 5.36540
0.08667 9.19593 5.27074
0.05518 5.79169 3.31886
0.03301 3.41229 1.95519
0.10816 11.05288 6.33606
0.08358 8.46766 4.85306
0.11291 11.46726 6.57386
0.20961 21.18274 12.15962
0.08695 8.79963 5.04344
0.16023 16.19681 9.29026
0.06451 6.52522 3.73934
0.06223 6.27757 3.59737
0.04817 4.82466 2.76460
0.15956 16.09063 9.22923
0.12135 12.20849 6.99930
0.05150 5.15417 2.95345
0.05300 5.35319 3.06752
0.04999 5.01188 2.87190
0.05831 5.88645 3.37317
0.09123 9.20160 5.27399
0.11226 11.37519 6.52102
0.08099 8.14622 4.66873
0.07032 7.06435 4.04842
0.07476 7.54528 4.32415
0.08451 8.55821 4.90499
0.08501 8.61718 4.93881
0.07020 7.09048 4.06339
0.09580 9.64111 5.52609
0.07529 7.59960 4.35530
0.05411 5.43323 3.11339
0.09773 9.90712 5.67868
0.14511 14.77058 8.47063
0.06425 6.54543 3.75093
0.05870 5.96489 3.41814
0.06683 6.76671 3.87778
0.05503 5.60745 3.21325
0.03279 3.35826 1.92423
0.01921 1.97029 1.12891
0.05537 5.68310 3.25661
0.03886 3.98918 2.28579
0.09314 9.59457 5.49940
0.08570 8.84083 5.06708
0.05545 5.77616 3.30995
0.07378 7.74931 4.44114
0.02144 2.25213 1.29040
0.02511 2.64376 1.51481
0.02525 2.66010 1.52417
0.04003 4.23160 2.42471
0.09672 10.24680 5.87356
0.03510 3.72827 2.13626
0.04444 4.74105 2.71667
0.04004 4.27632 2.45034
0.06544 7.00219 4.01278
0.05087 5.45796 3.12757
0.06835 7.36151 4.21878
0.06788 7.34502 4.20933
0.10868 11.83606 6.78553
0.14499 15.93289 9.13856
0.14864 16.51145 9.47115
0.19959 22.43931 12.88390
0.09270 10.51368 6.02667
0.11180 12.92951 7.41323
0.12291 14.38582 8.24959
0.06061 7.21356 4.13396
0.04216 5.09775 2.92111
0.07889 9.63808 5.52435
0.08198 10.15846 5.82287
0.03631 4.54683 2.60537
0.04504 5.71058 3.27236
0.06007 7.76199 4.44841
0.05767 7.60816 4.36021
0.05139 6.91374 3.96207
0.01793 2.46581 1.41284
0.00699 0.97190 0.55686
0.03349 4.82682 2.76583
0.05464 7.96636 4.56560
0.05457 8.12001 4.65370
0.04008 6.06287 3.47430
0.05078 7.83909 4.49262
0.04816 7.55144 4.32768
0.05018 8.00635 4.58853
0.05488 8.87177 5.08482
0.05683 9.29585 5.32805
0.10664 17.76033 10.18934
0.08346 14.09552 8.08284
0.07226 12.58833 7.21735
0.07208 12.75775 7.31462
0.03873 6.96939 3.99398
0.03709 6.83381 3.91625
0.01928 3.59109 2.05765
0.04125 7.86784 4.50911
0.04728 9.27745 5.31749
0.05373 10.66022 6.11075
0.05250 10.56798 6.05783
0.04010 8.15111 4.67153
0.04929 10.11027 5.79523
0.01418 2.90396 1.66391
0.04289 8.86516 5.08103
0.05365 11.13134 6.38109
0.01821 3.72710 2.13560
0.04270 9.01486 5.16688
0.02247 4.83651 2.77139
0.01355 2.88353 1.65220
0.04989 10.91689 6.25803
0.01658 3.56083 2.04031
0.01582 3.53169 2.02361
0.02899 6.54289 3.74947
0.00521 1.13941 0.65284
0.02205 4.88668 2.80014
0.02282 4.82103 2.76251
0.03400 7.25317 4.15667
0.01960 4.15255 2.37941
0.02697 5.64647 3.23562
0.03971 8.35846 4.79044
0.07221 14.89870 8.54424
0.03099 6.36601 3.64807
0.00456 0.92124 0.52784
0.04137 8.24977 4.72811
0.02092 4.10299 2.35101
0.07075 13.66425 7.83514
0.02510 4.76562 2.73076
0.04258 7.90260 4.52903
0.04933 8.98883 5.15196
0.04588 8.17829 4.68712
0.04642 8.11968 4.65351
0.02909 4.90772 2.81220
0.04432 7.36819 4.22262
0.06164 9.95885 5.70836
0.05095 8.04980 4.61344
0.04388 6.78585 3.88875
0.04102 6.24123 3.57654
0.01238 1.83216 1.04977
0.08411 12.03582 6.90019
0.03823 5.35155 3.06658
0.02119 2.89860 1.66083
0.04997 6.68365 3.83016
0.04912 6.44632 3.69411
0.01980 2.52004 1.44391
0.06310 7.86895 4.50974
0.05358 6.56818 3.76397
0.13134 15.89142 9.11472
0.03244 3.88293 2.22489
0.04309 5.03491 2.88510
0.03016 3.47054 1.98857
0.01557 1.77389 1.01637
0.06101 6.88909 3.94794
0.03975 4.42827 2.53742
0.02319 2.55946 1.46650
0.04042 4.41264 2.52846
0.02754 2.97170 1.70272
0.02346 2.50275 1.43401
0.07969 8.47896 4.85954
0.06476 6.88736 3.94695
0.05139 5.49792 3.15047
0.11219 12.04624 6.90617
0.09287 9.95883 5.70835
0.08083 8.61881 4.93975
0.07490 8.01907 4.59582
0.06429 6.94772 3.98155
0.10258 11.17625 6.40686
0.06699 7.36359 4.21998
0.06073 6.58723 3.77489
0.07688 8.39585 4.81188
0.06416 7.00327 4.01340
0.12247 13.32698 7.64146
0.21976 24.53379 14.09232
0.12201 13.49440 7.73760
0.03196 3.55421 2.03652
0.11473 12.88047 7.38508
0.10506 11.84547 6.79093
0.03819 4.32876 2.48039
0.05169 5.85608 3.35576
0.01285 1.47151 0.84312
0.04490 5.14864 2.95028
0.08663 9.99080 5.72669
0.11477 13.25214 7.59848
0.13155 15.20840 8.72219
0.20272 23.85868 13.70265
0.04472 5.27679 3.02373
0.10656 12.60683 7.22798
0.10695 12.49648 7.16462
0.11609 13.57615 7.78455
0.08625 10.06858 5.77131
0.05148 5.97600 3.42450
0.09641 11.11015 6.36892
0.09754 11.05039 6.33463
0.04812 5.43995 3.11724
0.10774 12.10834 6.94182
0.06597 7.40067 4.24124
0.10550 11.66409 6.68683
0.00961 1.03665 0.59396
0.08392 8.98394 5.14915
0.02776 2.92774 1.67753
0.04011 4.22936 2.42343
0.03594 3.76355 2.15648
0.06280 6.52378 3.73851
0.05029 5.13003 2.93962
0.06130 6.15213 3.52547
0.08137 8.09735 4.64071
0.08977 8.87461 5.08645
0.08076 7.86321 4.50645
0.04821 4.69340 2.68937
0.02938 2.83057 1.62185
0.04189 4.02443 2.30599
0.06925 6.60178 3.78323
0.02272 2.15338 1.23382
0.01913 1.80946 1.03676
0.01949 1.84115 1.05491
0.01836 1.73585 0.99458
0.07605 7.17492 4.11181
0.05616 5.29834 3.03608
0.25534 24.17389 13.88457
0.05981 5.69691 3.26453
0.05999 5.73039 3.28372
0.03111 2.97262 1.70325
0.05079 4.86448 2.78742
0.07461 7.13420 4.08846
0.10481 10.00534 5.73503
0.21303 20.72269 11.89457
0.01681 1.62910 0.93341
0.07323 7.11360 4.07665
0.55118 53.61950 31.10217
0.00917 0.89552 0.51310
0.01007 0.98566 0.56475
0.02600 2.55759 1.46543
0.03267 3.22776 1.84945
0.06744 6.66089 3.81712
0.05101 5.08567 2.91419
0.18905 18.77370 10.77240
0.22292 22.29826 12.80258
0.05291 5.31778 3.04722
0.31290 31.55678 18.15658
0.05642 5.69376 3.26272
0.02943 2.97859 1.70667
0.16396 16.64663 9.54886
0.07398 7.52852 4.31454
0.07708 7.89692 4.52578
0.05829 6.00453 3.44086
0.06064 6.24095 3.57638
0.10225 10.56522 6.05624
0.06522 6.77947 3.88509
0.06077 6.32827 3.62644
0.09224 9.66532 5.53998
0.04383 4.60596 2.63926
0.04814 5.09107 2.91728
0.18264 19.43023 11.15029
0.07091 7.59982 4.35542
0.02870 3.11127 1.78270
0.06564 7.16698 4.10725
0.02226 2.48452 1.42356
0.12080 13.67570 7.84172
0.11672 13.44327 7.70824
0.03705 4.34398 2.48911
0.09253 11.10670 6.36694
0.09609 11.83777 6.78651
0.07753 9.83310 5.63622
0.07645 9.99932 5.73158
0.02725 3.68808 2.11323
0.04344 6.08194 3.48523
0.01949 2.84122 1.62795
0.05432 8.24022 4.72264
0.04265 6.73248 3.85815
0.03313 5.46007 3.12878
0.06439 11.11830 6.37360
0.06080 10.92182 6.26086
0.05533 10.53685 6.03996
0.04780 9.63748 5.52401
0.54682 117.95044 72.27885
0.35887 82.22241 48.54942
0.47950 119.38182 73.29769
0.44158 119.29876 73.23839
0.41623 123.14896 76.01212
0.36463 118.40719 72.60324
0.30316 113.75409 69.32906
0.21076 85.96617 50.91365
0.06951 30.84406 17.74316
0.20560 101.88010 61.24781
0.03652 18.52698 10.63042
0.03692 19.51201 11.19737
0.02541 13.70551 7.85884
0.01147 6.48654 3.71716
0.01727 10.40902 5.96663
0.15039 99.60105 59.73623
0.15816 112.31860 68.33207
0.14375 108.15702 65.47420
0.15034 119.02027 73.03972
0.14652 122.33798 75.42359
0.13743 121.69452 74.95828
0.10315 97.56469 58.39525
0.00663 7.04759 4.03881
0.07748 99.24845 59.50340
0.00828 13.09231 7.50671
0.00612 12.50402 7.16895
0.00322 8.63858 4.95108
0.00571 21.45691 12.31761
0.02276 132.08943 82.66797
0.00501 53.00781 30.73855
0.00762 123.71935 76.42747
0.00697 92.23205 54.92400
0.00221 107.14487 64.78610
0.00498 114.59587 69.91649
0.00831 134.86197 84.80116
0.00207 49.16163 28.45919
0.00514 106.57786 64.40176
0.00621 112.16908 68.22856
0.00674 128.77576 80.16333
0.00884 133.25849 83.56311
0.00497 106.87687 64.60434
0.00577 108.78275 65.90093
0.00270 110.91670 67.36406
0.01013 113.03241 68.82709
0.00593 107.04020 64.71509
0.00749 106.65809 64.45610
0.00426 95.93599 57.32900
0.00753 123.74264 76.44446
0.00482 118.96691 73.00168
0.00755 125.20921 77.51801
0.00719 131.65931 82.34017
0.01067 140.54200 89.28967
0.01192 141.40629 89.98779
0.00975 138.31142 87.50698
0.00537 111.64623 67.86712
0.00558 122.62209 75.62950
0.00735 134.81214 84.76250
0.00510 123.72109 76.42874
0.00393 134.41775 84.45696
0.00244 140.53318 89.28256
0.00111 50.76989 29.41084
0.00217 124.70077 77.14492
0.00600 140.04276 88.88832
0.00398 139.65121 88.57451
0.00403 136.29272 85.91624
0.00296 128.59940 80.03132
0.00552 104.30312 62.86794
0.00449 113.38029 69.06887
0.00296 127.37213 79.11624
0.00056 78.00084 45.90952
0.00080 129.28205 80.54299
0.00118 125.18789 77.50235
0.00201 132.37647 82.88718
0.00652 101.96557 61.30473
0.00562 117.65314 72.06807
0.00256 76.81307 45.17146
0.00212 136.50037 86.07892
0.00272 76.71743 45.11211
0.00132 81.43041 48.05211
0.00131 135.67483 85.43344
0.00316 129.11199 80.41534
0.07168 137.96210 87.23022
0.04539 128.38651 79.87215
0.04304 136.03594 85.71538
0.04133 119.76310 73.57022
0.03040 104.93963 63.29585
0.05149 141.26719 89.87515
0.04517 136.37095 85.97750
0.03771 99.23318 59.49332
0.03862 109.07068 66.09763
0.04574 110.55345 67.11413
0.01866 43.61071 25.18947
0.02306 47.92046 27.72614
0.03465 68.65872 40.15533
0.00089 1.63535 0.93700
0.00825 13.44764 7.71075
0.01977 27.91030 16.04379
0.00954 11.01108 6.31208
0.01842 17.29520 9.92181
0.01559 13.19926 7.56812
0.00950 6.95523 3.98586
0.01269 8.33710 4.77819
0.02087 12.65175 7.25376
0.02510 13.90087 7.97104
0.01144 6.04084 3.46167
0.01265 6.34301 3.63489
0.02337 11.07920 6.35117
0.00025 0.11419 0.06543
0.02310 9.99221 5.72750
0.02665 10.93212 6.26677
0.02496 9.41206 5.39471
0.02849 9.88660 5.66692
0.02720 8.53018 4.88892
0.04139 12.13660 6.95803
0.04249 11.58922 6.64386
0.01080 2.68204 1.53674
0.03869 9.09423 5.21241
0.03893 8.53966 4.89435
0.01418 2.88702 1.65420
0.03826 7.52698 4.31366
0.02713 4.99429 2.86181
0.05828 10.59373 6.07260
0.06225 10.88009 6.23691
0.02612 4.28730 2.45663
0.05387 8.74936 5.01461
0.04224 6.46488 3.70475
0.08157 12.34371 7.07692
0.06312 9.18656 5.26536
0.02575 3.58361 2.05337
0.09040 12.28348 7.04235
0.07120 9.29658 5.32847
0.04335 5.48500 3.14307
0.01688 2.07626 1.18963
0.03091 3.71050 2.12608
0.05079 5.95803 3.41421
0.03319 3.79269 2.17318
0.02014 2.23489 1.28052
0.04970 5.39329 3.09050
0.06846 7.25738 4.15908
0.04796 4.96649 2.84588
0.06383 6.45077 3.69666
0.04469 4.40314 2.52302
0.03306 3.18385 1.82429
0.04057 3.84237 2.20165
0.04960 4.60479 2.63859
0.05190 4.73717 2.71445
0.04145 3.72326 2.13339
0.04336 3.85007 2.20606
0.05846 5.10908 2.92760
0.05309 4.57577 2.62195
0.07296 6.21948 3.56408
0.02490 2.09825 1.20223
0.02189 1.82350 1.04480
0.02792 2.31465 1.32623
0.03737 3.08550 1.76793
0.09043 7.50670 4.30203
0.02973 2.47972 1.42081
0.07018 5.85734 3.35649
0.17088 14.33181 8.21857
0.10171 8.53325 4.89068
0.07900 6.62332 3.79558
0.01252 1.04953 0.60134
0.14658 12.30328 7.05372
0.04252 3.58102 2.05188
0.03570 3.02243 1.73179
0.06298 5.34516 3.06292
0.05928 5.03314 2.88408
0.05222 4.43640 2.54208
0.09782 8.33154 4.77500
0.03948 3.38238 1.93805
0.02860 2.46250 1.41095
0.13456 11.60766 6.65444
0.06075 5.24892 3.00776
0.09710 8.39687 4.81247
0.08056 6.99059 4.00613
0.09036 7.87876 4.51536
0.04165 3.65048 2.09169
0.05170 4.54632 2.60507
0.03823 3.35173 1.92049
0.02825 2.49093 1.42724
0.04483 3.96015 2.26915
0.04620 4.10538 2.35237
0.08891 7.93211 4.54596
0.05307 4.71558 2.70208
0.03202 2.86197 1.63984
0.07241 6.48754 3.71774
0.08803 7.91103 4.53387
0.04019 3.61533 2.07154
0.16875 15.24845 8.74521
0.03972 3.59906 2.06222
0.18859 17.15114 9.83896
0.05173 4.70891 2.69825
0.02898 2.63630 1.51053
0.05681 5.14766 2.94972
0.03789 3.44298 1.97278
0.03767 3.40731 1.95234
0.03915 3.59941 2.06242
0.04382 3.98880 2.28556
0.05072 4.62655 2.65105
0.02000 1.85180 1.06102
0.19302 17.94072 10.29311
0.02363 2.21284 1.26789
0.07537 6.97011 3.99439
0.03338 3.10219 1.77750
0.03923 3.63253 2.08140
0.03738 3.46629 1.98613
0.03154 2.92967 1.67864
0.14265 13.36291 7.66209
0.05850 5.55876 3.18534
0.07401 7.02947 4.02842
0.06424 6.10476 3.49831
0.03545 3.38468 1.93937
0.06153 5.85443 3.35482
0.03327 3.12932 1.79304
0.08550 8.04961 4.61333
0.05198 4.86712 2.78893
0.18291 17.18834 9.86036
0.03420 3.20743 1.83780
0.13227 12.51351 7.17440
0.06834 6.45720 3.70035
0.07600 7.21771 4.13634
0.03893 3.70262 2.12157
0.02967 2.84213 1.62847
0.06287 6.05551 3.47008
0.05779 5.57471 3.19449
0.03209 3.12055 1.78802
0.04321 4.17582 2.39274
0.03318 3.21613 1.84279
0.06412 6.24793 3.58038
0.05725 5.61391 3.21696
0.06173 6.09811 3.49450
0.00452 0.44574 0.25539
0.08306 8.19150 4.69469
0.01961 1.94699 1.11556
0.00629 0.62526 0.35825
0.01972 1.97678 1.13263
0.01729 1.73856 0.99613
0.03007 3.06956 1.75880
0.05983 6.24509 3.57876
0.03088 3.28436 1.88188
0.06489 7.01691 4.02122
0.04408 4.86786 2.78935
0.06872 7.77069 4.45340
0.05062 5.89192 3.37631
0.07615 9.04112 5.18195
0.06040 7.38304 4.23113
0.07725 9.65567 5.53444
0.06032 7.68294 4.40309
0.05588 7.34157 4.20735
0.03023 4.08268 2.33936
0.01969 2.74461 1.57260
0.03801 5.44454 3.11988
0.03259 4.85648 2.78283
0.04871 7.45649 4.27325
0.03927 6.30035 3.61043
0.01295 2.13632 1.22405
0.02807 4.56753 2.61723
0.04532 8.21182 4.70635
0.04820 8.30403 4.75923
0.10353 19.16368 10.99685
0.11253 20.79108 11.93397
0.10708 20.19318 11.58959
0.09658 18.48385 10.60560
0.02701 5.27052 3.02014
0.03392 6.66822 3.82132
0.02495 4.89161 2.80296
0.01836 3.66124 2.09785
0.04905 9.89456 5.67148
0.07656 15.44756 8.85962
0.06940 14.33130 8.21827
0.05430 11.31063 6.48398
0.02827 5.85020 3.35240
0.02631 5.54649 3.17831
0.05811 12.18288 6.98460
0.03064 6.52791 3.74088
0.08525 18.02905 10.34393
0.08689 17.96743 10.30848
0.04663 9.76315 5.59610
0.02478 5.06779 2.90394
0.07864 16.49742 9.46308
0.05651 11.85615 6.79706
0.04041 8.28971 4.75101
0.04851 9.96482 5.71179
0.04136 8.30230 4.75823
0.07305 14.68210 8.41980
0.05203 10.23400 5.86621
0.04426 8.55551 4.90344
0.07397 14.14020 8.10850
0.07261 13.67258 7.83992
0.03312 6.11442 3.50385
0.08138 14.63897 8.39502
0.06550 11.42000 6.54674
0.05751 9.79522 5.61450
0.03937 6.50627 3.72848
0.05794 9.31933 5.34152
0.07341 11.50420 6.59506
0.09209 14.07065 8.06856
0.06944 10.37095 5.94478
0.10851 15.78987 9.05636
0.02204 3.11700 1.78598
0.03882 5.41360 3.10215
0.08019 10.92533 6.26287
0.06460 8.63001 4.94617
0.07685 10.13310 5.80833
0.03856 5.05606 2.89722
0.04308 5.62825 3.22518
0.06466 8.44295 4.83889
0.24161 31.66368 18.21861
0.05117 6.66863 3.82155
0.06374 8.31016 4.76274
0.04029 5.24099 3.00321
0.05148 6.70711 3.84361
0.04321 5.61838 3.21952
0.04397 5.73206 3.28468
0.02920 3.79542 2.17474
0.02643 3.44794 1.97562
0.05181 6.76915 3.87918
0.02524 3.29921 1.89039
0.02569 3.37534 1.93402
0.02308 3.03662 1.73992
0.02578 3.41064 1.95425
0.02445 3.24648 1.86018
0.02987 3.97755 2.27912
0.01892 2.53738 1.45385
0.02630 3.54586 2.03173
0.04975 6.79742 3.89538
0.04137 5.72394 3.28002
0.12133 17.01027 9.75795
0.01439 2.04680 1.17275
0.42773 62.04430 36.14516
0.04295 6.35025 3.63904
0.07513 11.28935 6.47176
0.07865 11.93815 6.84412
0.00365 0.55849 0.31999
0.05394 8.30757 4.76125
0.04719 7.30540 4.18662
0.05180 8.11464 4.65062
0.05242 8.26686 4.73791
0.02941 4.67632 2.67958
0.09588 15.33024 8.79220
0.06370 10.27227 5.88817
0.06366 10.32440 5.91808
0.08565 14.00401 8.03028
0.11097 18.17808 10.42966
0.05371 8.84797 5.07117
0.07862 12.98290 7.44389
0.11453 18.98515 10.89409
0.02914 4.86060 2.78519
0.03451 5.76985 3.30634
0.08347 14.00618 8.03152
0.03778 6.35992 3.64458
0.08266 14.05840 8.06152
0.00822 1.40485 0.80493
0.02271 3.91404 2.24272
0.16892 29.44320 16.93125
0.07601 13.50320 7.74265
0.09228 16.62805 9.53818
0.03440 6.32544 3.62482
0.14665 27.56735 15.84538
0.06006 11.51458 6.60102
0.02173 4.26376 2.44314
0.16481 33.17468 19.09595
0.05988 12.34580 7.07812
0.13403 28.16752 16.19263
0.01080 2.33656 1.33878
0.01332 2.93699 1.68283
0.02325 5.30147 3.03787
0.07238 17.13614 9.83034
0.03438 8.14370 4.66729
0.03533 9.51969 5.45644
0.04388 11.87189 6.80609
0.03096 9.03810 5.18021
0.05441 16.92250 9.70748
0.03080 10.10480 5.79209
0.08651 30.13080 17.32966
0.03353 12.14963 6.96551
0.02566 9.52782 5.46111
0.03155 12.09710 6.93536
0.04393 16.93598 9.71524
0.04494 17.40438 9.98460
0.06486 25.28964 14.52879
0.03724 14.70051 8.43038
0.04663 18.44448 10.58295
0.07106 28.27676 16.25586
0.03500 14.15212 8.11535
0.03426 13.76697 7.89414
0.07687 31.09140 17.88660
0.07831 31.77876 18.28539
0.05444 22.20761 12.75032
0.05430 22.29448 12.80040
0.09386 38.88291 22.42105
0.02115 8.73887 5.00860
0.08594 36.21941 20.86733
0.03109 13.19955 7.56828
0.04246 17.82933 10.22903
0.11636 49.41532 28.60918
0.10355 43.96644 25.39835
0.18357 78.79097 46.40161
0.09710 41.99536 24.24199
0.01236 5.36848 3.07628
0.10713 46.82468 27.07991
0.00865 3.79789 2.17616
0.00666 2.88292 1.65185
0.01245 5.47706 3.13852
0.01791 7.93986 4.55040
0.01394 6.20884 3.55797
0.00698 3.10176 1.77725
0.00455 2.03050 1.16341
0.01421 6.34174 3.63416
0.02039 8.95599 5.13312
0.03615 15.33360 8.79414
0.03144 12.71467 7.28988
0.00908 3.50340 2.00741
0.03593 13.27135 7.60952
0.00592 2.09946 1.20293
0.03963 13.52360 7.75437
0.01531 5.07467 2.90788
0.02185 7.06494 4.04875
0.02346 7.39891 4.24023
0.02157 6.64300 3.80686
0.01660 4.96362 2.84423
0.03127 9.17409 5.25821
0.01663 4.75802 2.72640
0.02213 6.21292 3.56031
0.02507 6.85744 3.92979
0.02516 6.68298 3.82978
0.01764 4.55064 2.60755
0.03751 9.34497 5.35622
0.07451 18.11605 10.39398
0.06819 16.82947 9.65399
0.04749 11.84830 6.79255
0.06450 16.46853 9.44647
0.06709 17.30507 9.92749
0.09214 24.12525 13.85650
0.08472 22.36174 12.83918
0.08347 22.22593 12.76088
0.09822 26.28836 15.10583
0.08116 21.71626 12.46708
0.08198 22.14198 12.71248
0.09183 25.34024 14.55802
0.02133 5.99142 3.43334
0.01729 4.89461 2.80468
0.01815 5.15085 2.95155
0.02622 7.49450 4.29504
0.00555 1.59474 0.91373
0.00903 2.62725 1.50535
0.04207 12.42123 7.12142
0.01940 5.80479 3.32637
0.03004 9.68742 5.55266
0.00799 2.89735 1.66012
0.00349 1.48472 0.85069
0.00632 3.17979 1.82196
0.00515 3.18678 1.82597
0.08476 67.04211 39.17068
0.00596 6.39055 3.66214
0.00327 5.71553 3.27520
0.00784 30.17335 17.35432
0.00051 46.08037 26.64146
0.01557 85.38106 50.54264
0.00677 69.39539 40.60505
0.00329 79.17499 46.64111
0.00132 27.13664 15.59626
0.00644 138.68117 87.80064
0.00186 121.80677 75.03935
