-0.01936 0.00070 0.08961
-0.01363 -0.00287 0.09335
-0.01383 -0.00524 0.09693
-0.01903 -0.00832 0.10235
-0.01735 -0.00992 0.11294
-0.00845 -0.00365 0.12763
-0.01273 -0.00495 0.14020
-0.00631 -0.00597 0.15426
-0.02155 -0.00837 0.16433
-0.01056 -0.01192 0.17346
-0.01406 -0.01371 0.18062
-0.04991 -0.01223 0.18166
-0.03521 -0.01470 0.19314
-0.03765 -0.00371 0.20132
-0.02497 -0.01010 0.21026
-0.03526 -0.00382 0.21583
-0.03283 -0.00263 0.22064
-0.03705 -0.00202 0.22105
-0.04374 -0.00448 0.22737
-0.03082 -0.00947 0.23218
-0.03575 -0.00378 0.23360
-0.05589 -0.01634 0.23473
-0.08995 0.00341 0.23464
-0.09404 -0.01427 0.24547
-0.09780 -0.01100 0.24898
-0.09838 -0.00319 0.25638
-0.08776 -0.00421 0.26805
-0.07676 -0.01430 0.28338
-0.07037 -0.01575 0.29517
-0.08393 -0.00057 0.30607
-0.06930 -0.00813 0.31915
-0.08620 -0.00783 0.32598
-0.07408 -0.00495 0.34568
-0.07106 -0.00259 0.35920
-0.08205 -0.00502 0.37404
-0.12070 0.00381 0.37362
-0.05784 -0.01005 0.39982
-0.08130 -0.00933 0.41323
-0.09762 -0.01107 0.42589
-0.08849 -0.00937 0.44139
-0.09846 -0.01955 0.45366
-0.04853 -0.01327 0.47486
-0.09366 -0.01554 0.48636
-0.09116 -0.00280 0.50209
-0.19477 -0.02694 0.49173
-0.02655 -0.00614 0.54458
-0.08224 -0.01051 0.55306
-0.04640 -0.01832 0.57502
-0.06163 -0.01919 0.58652
-0.02137 -0.01102 0.60744
0.00078 -0.00251 0.62344
0.00244 -0.02846 0.63871
-0.01582 -0.03106 0.65420
0.02962 -0.04484 0.66338
0.00275 -0.02232 0.68344
-0.06184 -0.00527 0.69790
-0.06290 -0.01017 0.71441
-0.08306 -0.02919 0.72643
-0.09270 -0.02972 0.73549
-0.04854 -0.03368 0.75352
-0.03845 -0.01984 0.76610
-0.06941 -0.02491 0.78394
-0.06319 -0.01933 0.79123
-0.02039 -0.02381 0.80189
-0.06235 -0.02709 0.79986
-0.04181 -0.02711 0.80630
-0.02358 -0.02891 0.82145
-0.05392 -0.00000 0.83011
-0.04229 -0.03189 0.84378
-0.05485 -0.01132 0.84748
-0.05985 -0.03273 0.84609
-0.05554 -0.02176 0.84628
-0.00692 -0.05137 0.84147
0.07079 -0.04638 0.83612
-0.06096 -0.02299 0.84259
-0.02748 -0.03441 0.84073
-0.04725 -0.05920 0.84085
-0.04845 -0.04781 0.83161
-0.03769 -0.05173 0.83446
-0.03553 -0.02388 0.83824
-0.00755 -0.03730 0.83895
-0.01582 -0.01209 0.84291
-0.01892 -0.00317 0.84372
-0.03073 -0.04628 0.83554
-0.04965 -0.02804 0.83342
-0.03863 -0.06710 0.82946
-0.04449 -0.04866 0.82710
-0.03518 -0.03362 0.82877
-0.04089 -0.02111 0.82833
-0.04123 -0.05466 0.82368
-0.03545 -0.05164 0.82373
-0.01042 -0.04466 0.82371
-0.05775 -0.01506 0.82288
-0.03326 -0.03462 0.82565
-0.03221 -0.02785 0.81774
-0.05767 -0.02306 0.81056
-0.05593 -0.05024 0.80288
0.01819 -0.03436 0.80027
0.03926 -0.04408 0.79856
0.15113 -0.05820 0.78168
0.10489 -0.05770 0.78788
0.19190 -0.07725 0.76256
-0.03507 -0.03415 0.78448
0.04728 -0.03421 0.78046
-0.04617 0.00298 0.77725
-0.04797 -0.01371 0.77509
0.00666 -0.02870 0.76720
-0.02764 -0.03911 0.75799
-0.02786 -0.04229 0.74916
-0.03140 -0.05149 0.73414
0.05447 -0.06924 0.72462
-0.03460 -0.04637 0.71008
-0.05178 -0.04897 0.69457
-0.01275 -0.03024 0.68194
-0.01971 -0.01440 0.66696
-0.00999 -0.02254 0.65116
-0.02760 -0.02465 0.63535
-0.04865 -0.02912 0.61782
-0.04086 -0.03313 0.59965
-0.00182 -0.00630 0.58434
0.00195 -0.01396 0.56134
-0.00819 -0.02942 0.53967
0.00544 -0.02122 0.51591
0.00974 -0.03764 0.49519
0.01980 -0.01532 0.47954
0.04945 -0.01363 0.45916
0.04953 -0.01506 0.46067
0.06254 -0.04089 0.44284
0.06528 -0.04264 0.44421
0.09747 -0.04381 0.42462
0.08913 -0.02616 0.43575
0.05961 -0.01566 0.43079
0.06097 -0.02514 0.43625
0.05771 -0.03063 0.43515
0.10300 -0.03528 0.41601
0.06787 -0.01706 0.42190
0.05011 -0.03508 0.41262
0.09669 -0.02928 0.41976
0.05671 -0.00905 0.43427
0.06241 -0.02165 0.45930
0.07882 -0.00210 0.47338
0.03179 -0.01074 0.48548
0.02905 -0.00835 0.51171
0.03329 -0.00380 0.52274
0.03672 0.00349 0.54008
-0.04911 -0.02238 0.55904
0.01274 -0.00281 0.57654
0.00099 -0.02652 0.59440
-0.04405 -0.02712 0.60861
-0.01481 -0.01465 0.62837
-0.01837 -0.01222 0.64126
-0.01354 -0.04143 0.65580
-0.03226 -0.02017 0.66971
-0.01963 -0.03049 0.68508
-0.01878 -0.02567 0.70054
-0.03843 -0.01581 0.71577
0.00350 -0.04862 0.72297
0.00405 -0.05561 0.73619
-0.00426 -0.01819 0.74652
-0.07162 -0.00578 0.75947
0.00525 -0.02056 0.77546
0.04006 -0.03719 0.77740
0.04717 -0.05655 0.77399
-0.00778 -0.03378 0.76852
-0.01455 -0.04129 0.76907
-0.03831 -0.01880 0.77224
-0.02588 -0.02022 0.77198
-0.03746 -0.01248 0.77221
-0.01536 -0.05693 0.76271
-0.00887 -0.02693 0.76210
-0.00960 -0.03645 0.76121
-0.03682 -0.01388 0.75781
-0.02175 -0.01020 0.76901
-0.02308 -0.01509 0.76120
-0.02578 -0.01832 0.76059
-0.00832 -0.00575 0.75460
-0.00270 -0.02663 0.74971
0.00908 -0.03034 0.75297
-0.03620 -0.04762 0.75209
-0.03996 -0.02186 0.75564
-0.09060 -0.02995 0.75833
-0.15178 -0.01527 0.75332
0.02932 -0.03147 0.77081
-0.05519 -0.03942 0.77503
-0.01776 -0.03304 0.78553
-0.12377 -0.02044 0.77825
-0.08789 -0.03152 0.79328
-0.08863 -0.05106 0.79028
-0.03214 -0.03131 0.79921
-0.03288 -0.06079 0.81032
-0.05092 -0.02364 0.81945
-0.05339 -0.03735 0.83052
-0.05473 -0.01086 0.83663
-0.04845 -0.01621 0.84503
-0.08345 -0.01351 0.84941
-0.09296 -0.01303 0.85212
-0.07089 -0.00661 0.86014
-0.22190 -0.01219 0.83457
-0.00985 -0.02037 0.86612
-0.00620 -0.01425 0.87079
-0.09943 -0.03042 0.86660
-0.09478 -0.03128 0.87380
-0.08056 -0.03212 0.87527
-0.06438 -0.04103 0.87224
-0.10204 -0.03344 0.86326
-0.04826 -0.03737 0.85891
-0.05586 -0.05387 0.85805
-0.09769 -0.03037 0.84925
-0.08531 -0.02253 0.85164
-0.03055 -0.01083 0.85341
0.02435 -0.06663 0.85598
0.00536 -0.06499 0.85132
-0.09672 -0.03121 0.83138
-0.01721 -0.04401 0.83037
-0.05203 -0.03391 0.82999
-0.18317 -0.03304 0.80555
-0.19889 -0.04256 0.79620
-0.08051 -0.04521 0.81240
-0.25976 -0.03001 0.76917
-0.15424 -0.04665 0.79735
-0.14561 -0.02385 0.79870
-0.16301 -0.02974 0.79437
-0.18442 -0.05457 0.78621
-0.15154 -0.02989 0.78667
-0.11805 -0.05056 0.78431
-0.13424 -0.03610 0.78465
-0.10214 -0.06247 0.77871
-0.03280 -0.02126 0.78012
-0.16411 -0.05868 0.75736
-0.07001 -0.04478 0.76746
-0.09172 -0.05760 0.76589
-0.07884 -0.01256 0.76709
-0.09167 -0.04439 0.76362
-0.11050 -0.01766 0.75574
-0.02019 -0.06352 0.75296
-0.06063 -0.03450 0.74827
-0.07050 -0.02588 0.74944
-0.05471 -0.04246 0.75381
-0.07589 -0.00243 0.75217
-0.06305 -0.03470 0.75591
-0.08577 -0.04165 0.74626
-0.07939 -0.04949 0.73418
-0.06996 -0.01834 0.72890
-0.02381 -0.02346 0.73684
-0.05511 0.00598 0.74944
-0.05665 -0.01962 0.75427
-0.07696 -0.00679 0.75225
-0.02092 -0.03318 0.74648
-0.02557 -0.02008 0.74527
-0.04888 -0.05715 0.74312
-0.19490 -0.03355 0.72035
-0.03958 -0.01777 0.75151
-0.06939 -0.01480 0.75251
-0.06891 -0.00625 0.74888
-0.05051 0.02042 0.75864
-0.04703 0.02180 0.76273
-0.06083 -0.03641 0.76224
-0.04166 -0.06066 0.75516
-0.02590 -0.01281 0.75224
-0.01702 -0.03262 0.75442
-0.02603 -0.01925 0.76257
-0.05939 -0.02312 0.77173
-0.04678 -0.02379 0.77262
-0.00776 -0.05910 0.77029
-0.06117 -0.03174 0.76143
-0.06433 -0.02085 0.76250
-0.02523 -0.01353 0.76779
-0.06585 -0.01985 0.77346
-0.05741 -0.01516 0.77003
-0.04306 -0.03174 0.76664
-0.04989 -0.03606 0.76227
-0.06090 -0.02786 0.75899
-0.11064 -0.03830 0.75139
-0.05798 -0.03740 0.75626
-0.09288 -0.02340 0.74800
-0.16120 -0.02813 0.72602
0.01517 -0.03912 0.73920
0.04505 -0.03273 0.73258
0.06179 -0.01778 0.73958
-0.04110 -0.01509 0.73555
-0.05553 -0.02516 0.72690
-0.12919 -0.02854 0.69939
-0.10714 -0.03426 0.68639
-0.05985 -0.04024 0.67172
-0.06628 -0.04106 0.65649
-0.07648 -0.03213 0.64155
-0.04944 -0.02794 0.62442
-0.04340 -0.03039 0.60762
-0.03532 -0.02626 0.58751
-0.07439 -0.03947 0.55648
-0.02559 -0.02581 0.53809
-0.02028 -0.03601 0.51272
-0.03384 -0.05040 0.49001
-0.01748 -0.03340 0.46968
-0.03069 -0.03012 0.44959
-0.04693 -0.01587 0.43380
-0.02991 0.00290 0.41474
-0.03265 -0.01097 0.39703
-0.04479 0.00854 0.37738
-0.05970 -0.00265 0.35762
-0.02948 -0.00589 0.33854
-0.03117 -0.00762 0.31558
-0.02822 -0.00328 0.30070
-0.02023 -0.01365 0.28375
-0.02432 -0.01695 0.26874
-0.04018 -0.01681 0.25021
-0.05861 -0.03302 0.23353
-0.06906 -0.02667 0.21583
-0.05606 -0.01128 0.20709
-0.06180 -0.00795 0.20479
-0.09573 -0.01077 0.19453
-0.08224 0.00114 0.19696
-0.07544 0.00762 0.20616
-0.08532 0.00769 0.20107
-0.08494 0.00501 0.19524
-0.07083 0.01296 0.20723
-0.07645 0.00493 0.19895
-0.06731 0.00103 0.20626
-0.07388 -0.00480 0.20357
-0.06358 -0.00217 0.20095
-0.09026 -0.01112 0.19704
-0.04436 -0.00065 0.21501
-0.07723 -0.02393 0.20763
-0.06024 -0.00382 0.24421
-0.07606 -0.01095 0.24787
-0.08459 -0.00206 0.27673
-0.11289 -0.00902 0.28164
-0.10976 -0.00848 0.28562
-0.08310 -0.02180 0.32301
-0.12257 0.00459 0.32864
-0.09994 0.02166 0.32884
-0.07133 0.00555 0.36754
-0.05015 0.01385 0.36576
-0.09152 0.00148 0.38701
-0.10731 0.00411 0.39592
-0.10364 0.00365 0.39559
-0.13176 0.01132 0.41679
-0.10839 0.00936 0.43864
-0.07897 0.00010 0.45916
-0.12894 0.01863 0.47250
-0.05987 -0.01454 0.49795
-0.06357 0.00374 0.52154
-0.04233 0.00382 0.54707
-0.04964 0.00705 0.56065
-0.10449 0.00143 0.57704
-0.02234 -0.00665 0.59845
-0.06502 -0.00770 0.61825
-0.08039 0.00963 0.63414
-0.07662 0.01909 0.65452
-0.05485 -0.01775 0.67389
-0.03536 -0.00476 0.69053
-0.05074 -0.00449 0.70526
-0.01866 -0.01502 0.72220
-0.03958 -0.02257 0.73978
-0.02646 -0.03361 0.75100
-0.04492 -0.02275 0.77163
-0.04853 -0.02687 0.78320
-0.04469 -0.02999 0.80116
-0.06908 -0.02312 0.81634
-0.06240 -0.01090 0.83344
-0.03491 -0.02567 0.84456
-0.07484 -0.01945 0.85858
-0.06251 -0.03237 0.86463
-0.06333 -0.03545 0.87842
-0.08343 -0.03020 0.88990
-0.06709 -0.04063 0.90688
-0.04236 -0.03897 0.92175
-0.08972 -0.03851 0.92639
-0.08041 -0.05645 0.93740
-0.05770 -0.02910 0.95061
-0.03849 -0.02119 0.96650
-0.11131 -0.03233 0.97164
-0.08474 -0.03040 0.98299
-0.10897 -0.03999 0.97774
-0.20175 -0.02218 0.96851
-0.08120 -0.02884 0.98435
-0.15664 -0.02063 0.97658
-0.05518 -0.05363 0.98564
-0.05776 -0.03467 0.98897
-0.04283 -0.03009 0.99708
-0.15397 -0.00598 0.97961
-0.11733 -0.00909 0.98702
-0.02812 -0.06169 0.99698
-0.02094 -0.06964 0.98731
-0.03910 -0.04314 0.99563
-0.04644 -0.05487 0.98801
-0.08688 -0.02516 0.98735
-0.10491 -0.05705 0.97960
-0.07274 -0.02535 0.99118
-0.06421 -0.04446 0.99231
-0.06888 -0.01613 0.98827
-0.07579 -0.04839 0.98332
-0.07393 -0.05411 0.98220
-0.05798 -0.00559 0.98838
-0.08668 -0.01821 0.98969
-0.06397 -0.01180 0.98861
-0.04247 -0.00938 0.99494
-0.09081 -0.02382 0.98201
-0.14024 -0.02274 0.97208
-0.04328 -0.06564 0.97842
-0.05010 -0.04465 0.98177
-0.06384 -0.01220 0.98542
-0.04939 -0.03905 0.97936
-0.02617 -0.03666 0.97538
-0.01401 -0.03268 0.97425
-0.05216 -0.03527 0.97218
-0.03744 -0.02012 0.97333
-0.09013 -0.02744 0.96615
-0.08131 -0.02249 0.96564
-0.03987 -0.06129 0.95720
-0.07470 -0.04433 0.94817
-0.01583 -0.04131 0.95115
-0.02322 -0.04187 0.94860
-0.00638 -0.04848 0.94781
-0.03831 -0.04268 0.94434
-0.09759 -0.04164 0.93795
-0.03145 -0.03948 0.93997
-0.04123 -0.03926 0.93565
-0.03668 -0.03960 0.93472
-0.06215 -0.02577 0.93212
-0.04360 -0.03311 0.93046
-0.06138 -0.04394 0.92537
-0.04555 -0.06846 0.92046
-0.09325 -0.03526 0.91280
-0.13539 -0.01539 0.89972
-0.13554 -0.01818 0.88978
-0.18835 -0.04557 0.86810
-0.07774 -0.02570 0.87790
-0.09631 -0.05854 0.85730
-0.10966 -0.03662 0.84650
-0.04643 -0.00307 0.83895
-0.02697 -0.00450 0.82658
-0.06237 0.01010 0.81607
-0.07242 -0.02417 0.80335
-0.02508 -0.03171 0.79751
-0.03604 -0.02149 0.78754
-0.05833 -0.03846 0.77068
-0.06515 -0.02338 0.75480
-0.06219 -0.02801 0.74016
-0.02424 -0.02529 0.72632
-0.01620 -0.03353 0.71797
-0.04228 -0.03281 0.69170
-0.06376 -0.04268 0.68154
-0.06023 -0.04226 0.66801
-0.05016 -0.03877 0.65798
-0.06332 -0.03243 0.64391
-0.06327 -0.03127 0.63384
-0.07397 -0.01734 0.62217
-0.07050 -0.04284 0.61304
-0.07104 -0.02721 0.60655
-0.12795 -0.02623 0.58606
-0.11280 -0.01501 0.58110
-0.11509 -0.01423 0.56221
-0.11523 -0.02194 0.55268
-0.07639 -0.03381 0.54945
-0.09167 -0.02651 0.53430
-0.06799 -0.01415 0.53239
-0.08602 -0.03489 0.51599
-0.11975 -0.03481 0.49414
-0.11235 -0.03816 0.48983
-0.10608 -0.04113 0.48357
-0.10027 -0.04685 0.47936
-0.10144 -0.02386 0.47622
-0.08037 -0.01910 0.48115
-0.09696 -0.00778 0.47394
-0.11599 -0.01884 0.46738
-0.10975 -0.02225 0.47555
-0.10473 -0.01958 0.46151
-0.06979 -0.01550 0.45898
-0.06914 -0.02695 0.46410
-0.09741 -0.03187 0.44531
-0.08518 -0.02863 0.45700
-0.07735 -0.01745 0.44094
-0.08566 -0.00781 0.43466
-0.07153 -0.00704 0.45201
-0.07130 -0.01584 0.44529
-0.09229 -0.01716 0.46399
-0.08379 -0.01327 0.46101
-0.05764 -0.01118 0.46836
-0.05922 -0.01348 0.47371
-0.07052 -0.01030 0.46967
-0.10266 -0.02951 0.47275
-0.05702 -0.01912 0.48313
-0.01987 -0.00826 0.49430
-0.06022 -0.01677 0.49750
-0.03760 -0.01644 0.50822
-0.08442 -0.01330 0.51065
-0.03329 -0.00813 0.52549
-0.04939 -0.01600 0.53626
-0.05187 -0.02475 0.54581
-0.05198 -0.03406 0.55755
-0.05912 -0.02770 0.56796
-0.04007 -0.01588 0.59120
-0.04722 -0.01313 0.59953
-0.05702 -0.02076 0.61594
-0.04032 -0.04546 0.63000
-0.04192 -0.04105 0.64396
-0.03688 -0.03317 0.65533
-0.00486 -0.01936 0.67528
-0.07863 -0.02643 0.69387
-0.04730 -0.02579 0.71232
-0.04142 -0.01530 0.72958
-0.06232 -0.03408 0.74420
-0.05814 -0.02434 0.75932
-0.02418 -0.02140 0.78502
-0.06831 -0.02579 0.79855
-0.06190 -0.03410 0.81266
-0.14212 -0.04435 0.81299
-0.02226 -0.03987 0.83429
-0.04706 -0.02111 0.85422
-0.02468 -0.03455 0.86812
-0.01272 -0.02807 0.87705
-0.06436 -0.05019 0.88189
-0.00952 -0.05724 0.89587
-0.01132 -0.03971 0.90527
-0.00587 -0.06362 0.91375
-0.02855 -0.03717 0.92562
-0.02777 -0.01371 0.93698
-0.08318 -0.01597 0.93601
-0.06444 -0.03037 0.93761
-0.04444 -0.03493 0.93298
-0.10020 -0.02779 0.92548
-0.08502 -0.01542 0.92850
-0.07683 -0.01606 0.93449
-0.06042 -0.04099 0.93113
-0.05364 -0.05550 0.92206
-0.10199 -0.05634 0.91045
-0.06957 -0.03730 0.90631
-0.05698 -0.04605 0.91898
-0.07761 -0.03646 0.91163
-0.06507 -0.03026 0.91339
-0.12221 -0.04432 0.90973
-0.20849 -0.09628 0.86581
-0.11644 -0.05174 0.89509
-0.02582 -0.02619 0.89837
-0.10058 -0.03117 0.88451
-0.08415 -0.02006 0.88268
-0.00173 0.00320 0.88226
-0.02654 -0.03155 0.88164
0.04251 -0.03426 0.87158
0.06602 -0.05162 0.86796
-0.03430 -0.04272 0.86534
-0.05887 -0.06294 0.86176
-0.09317 -0.03391 0.85931
-0.13403 -0.11188 0.83153
-0.01053 -0.01904 0.84717
-0.06257 -0.04937 0.84151
-0.07712 -0.04438 0.85122
-0.07800 -0.05617 0.84965
-0.05124 -0.04254 0.85399
-0.02534 -0.02483 0.86077
-0.07503 -0.02687 0.86411
-0.08021 -0.03706 0.87828
-0.02665 -0.03912 0.88338
-0.08237 -0.05233 0.88443
-0.04541 -0.05042 0.88876
-0.07790 -0.06423 0.89884
0.00942 0.00080 0.92708
-0.03737 -0.07383 0.93048
0.01594 -0.03918 0.94718
-0.03706 -0.03450 0.94709
-0.02235 -0.05017 0.95334
-0.07238 -0.03197 0.95942
-0.06772 -0.02624 0.97765
-0.06693 -0.04520 0.99321
-0.08905 -0.03413 1.00030
-0.09819 -0.03167 1.00621
-0.08646 -0.04093 1.02260
-0.04238 -0.05280 1.02486
-0.01525 -0.04752 1.03673
-0.03491 -0.05234 1.03911
-0.06448 -0.06086 1.04517
0.00574 -0.04200 1.05438
-0.01435 -0.04178 1.05628
0.00687 -0.04106 1.05789
-0.01979 -0.03385 1.05715
-0.07707 -0.02753 1.05684
0.05083 -0.01185 1.05873
0.25032 -0.04528 1.02519
-0.04514 -0.06411 1.04702
-0.04982 -0.05542 1.04424
-0.03185 -0.02929 1.04571
-0.05136 -0.03054 1.04230
-0.06741 -0.05455 1.04220
-0.09918 -0.05276 1.04151
-0.21187 -0.00611 1.00591
0.00040 -0.03774 1.03132
0.06262 -0.05594 1.02596
-0.53378 -0.02085 0.87825
0.00614 -0.02564 1.02392
-0.00959 -0.02407 1.02097
-0.02417 -0.02285 1.01608
-0.03689 -0.02063 1.01115
-0.05722 -0.06585 1.00865
-0.05514 -0.01036 1.00147
-0.19584 -0.05007 0.98652
-0.23124 -0.04054 0.97176
-0.04532 -0.06409 0.99177
-0.31968 0.00281 0.93859
-0.01266 -0.07289 0.98810
-0.03881 -0.02259 0.98698
-0.17177 -0.03889 0.96910
-0.08122 -0.04373 0.97838
-0.08598 -0.02642 0.97192
-0.06573 -0.04188 0.96762
-0.06427 -0.05237 0.96803
-0.10817 -0.05371 0.96028
-0.05961 -0.06311 0.95812
-0.05148 -0.06643 0.95658
-0.10287 -0.03186 0.94821
-0.03342 -0.06277 0.94895
-0.01812 -0.07138 0.94279
-0.18569 0.01132 0.92140
-0.07801 -0.02867 0.92932
-0.02774 -0.04536 0.92092
-0.06775 -0.04489 0.91231
-0.01253 -0.04903 0.89435
-0.12343 -0.04281 0.87360
-0.11970 -0.02597 0.85957
0.01377 -0.05590 0.85106
0.08852 -0.04533 0.82718
0.09471 -0.04252 0.80507
-0.07013 -0.00807 0.78530
-0.06966 -0.03329 0.76069
-0.02433 -0.02932 0.73790
-0.04375 -0.03816 0.71196
-0.01898 -0.03323 0.68506
-0.05397 -0.02788 0.65641
-0.04502 -0.01973 0.63158
-0.03261 -0.03245 0.60500
-0.06286 -0.02538 0.57515
-0.05614 -0.01392 0.55363
-0.05047 -0.01488 0.52244
-0.04413 -0.00864 0.49390
-0.43960 0.01429 0.14655
-0.32276 0.00339 0.29379
-0.38152 0.01005 0.12518
-0.35269 0.01031 0.11185
-0.32581 0.01521 0.08861
-0.29296 0.00335 0.09484
-0.24895 -0.00272 0.09506
-0.18913 0.00134 0.15599
-0.06852 0.00003 0.21470
-0.17505 0.01331 0.09953
-0.02857 -0.02675 0.19320
-0.02787 -0.02370 0.18564
-0.02819 -0.00211 0.18323
-0.01960 -0.00114 0.17580
-0.02566 -0.00917 0.16363
-0.13674 0.01279 0.06274
0.12857 0.00062 0.05743
0.11961 0.00064 0.05793
0.11891 0.00001 0.04260
0.11306 0.00011 0.03953
0.10468 0.00033 0.04236
-0.09673 0.00016 0.04266
-0.01161 -0.00394 0.09326
0.05872 0.00173 0.05142
-0.00547 -0.00297 0.06295
-0.01260 -0.00441 0.04705
-0.00724 -0.00090 0.03652
-0.00948 -0.00471 0.02439
-0.01487 -0.00789 -0.00368
-0.00412 -0.00307 0.00794
0.00017 -0.00223 -0.00573
0.00395 -0.00094 -0.00638
0.00110 -0.00024 -0.00173
-0.00204 0.00039 0.00381
-0.00191 0.00032 0.00585
0.00398 0.00007 0.00140
0.00453 0.00015 0.00166
0.00468 0.00015 0.00295
0.00452 0.00026 0.00263
0.00392 0.00080 0.00529
-0.00019 0.00069 0.00460
-0.00135 0.00138 0.00494
0.00165 -0.00027 0.00176
0.00271 -0.00151 0.00841
-0.00279 0.00146 0.00455
-0.00140 0.00138 0.00674
0.00188 0.00149 0.00374
-0.00331 0.00091 0.00503
-0.00216 0.00058 0.00338
-0.00332 0.00080 0.00497
-0.00290 0.00094 0.00453
0.00414 -0.00108 -0.00627
0.00486 -0.00108 -0.00681
0.00375 -0.00092 -0.00590
0.00234 -0.00064 -0.00415
0.00297 -0.00088 -0.00334
-0.00413 0.00214 0.00286
0.00184 -0.00054 -0.00365
0.00156 -0.00040 -0.00244
-0.00162 -0.00005 0.00061
0.00203 -0.00004 -0.00083
-0.00093 -0.00009 -0.00146
-0.00194 -0.00009 0.00382
0.00256 0.00011 -0.00125
0.00263 0.00003 -0.00136
-0.00101 0.00030 0.00205
-0.00293 0.00075 0.00435
-0.00218 0.00057 0.00325
0.00199 0.00022 -0.00116
0.00065 0.00004 0.00031
-0.00035 0.00008 0.00050
0.00076 -0.00003 -0.00055
0.00064 -0.00009 -0.00137
-0.00534 -0.00054 -0.00348
-0.00240 0.00016 0.00412
-0.00230 0.00103 0.00218
-0.00050 -0.00006 0.00147
0.00290 -0.00175 -0.00103
0.00118 -0.00079 -0.00079
-0.00063 0.00029 0.00067
-0.00099 -0.00008 0.00224
-0.01916 -0.00136 0.04828
0.02240 -0.01847 0.02019
0.02251 -0.00110 -0.02220
-0.01831 0.00440 0.02892
-0.01717 0.00443 0.02291
-0.03259 0.00647 0.01497
-0.03105 0.00189 0.01139
0.03598 0.00137 0.01215
0.03258 0.00205 0.01372
-0.03604 0.00240 0.02018
-0.01971 0.00327 0.03784
-0.02060 0.00357 0.04334
0.02933 0.00329 0.04093
-0.00903 0.00537 0.05338
-0.00971 -0.00442 0.06040
-0.01507 -0.01518 0.06752
-0.01105 -0.00438 0.08580
-0.02437 -0.00886 0.10329
-0.01117 0.01016 0.11716
-0.02150 0.00550 0.13484
-0.03037 0.00044 0.14916
-0.04103 0.00259 0.15979
-0.04656 0.00514 0.17440
-0.03651 0.00750 0.18575
-0.03577 -0.00047 0.19614
-0.04868 -0.00445 0.20521
-0.03703 -0.00076 0.21738
-0.05331 -0.01321 0.22452
-0.06220 -0.00843 0.23554
-0.08051 -0.01021 0.25243
-0.07593 -0.01126 0.27771
-0.09221 -0.01243 0.30497
-0.08069 -0.01118 0.33119
-0.07915 -0.01408 0.35773
-0.07344 -0.00788 0.39597
-0.08476 -0.00315 0.41694
-0.08529 -0.00111 0.44781
-0.07928 0.00517 0.48476
-0.09162 0.00139 0.50004
-0.09664 0.00038 0.53464
-0.10129 0.00587 0.54073
-0.10776 -0.00458 0.56191
-0.09198 -0.00153 0.60217
-0.09967 -0.00544 0.60750
-0.09924 -0.01323 0.64572
-0.11979 -0.02160 0.64949
-0.10075 -0.00180 0.67961
-0.06780 -0.00855 0.71528
-0.11712 -0.02694 0.72608
-0.09383 -0.01358 0.75997
-0.05926 -0.00747 0.78810
-0.02347 -0.02179 0.81242
-0.03318 -0.03279 0.83178
-0.06151 -0.01535 0.85013
-0.03682 -0.03054 0.87378
-0.03519 -0.01248 0.90027
-0.05714 -0.03595 0.91904
-0.06740 -0.05011 0.93959
-0.04045 -0.04268 0.96398
-0.05507 -0.04078 0.98711
-0.04080 -0.02374 1.01384
-0.03036 -0.02600 1.03768
-0.04218 -0.01479 1.05480
-0.05199 -0.02065 1.07561
-0.05659 -0.04519 1.09312
-0.05774 -0.03279 1.11130
-0.05393 -0.02523 1.12455
-0.07317 -0.02098 1.14163
-0.05497 -0.04437 1.15810
-0.07131 -0.05782 1.16946
-0.03640 -0.01232 1.18607
-0.03286 -0.00599 1.20001
-0.03048 -0.03191 1.20552
-0.01652 -0.05641 1.20957
-0.09508 -0.03348 1.20040
-0.03562 -0.01884 1.19841
-0.08124 -0.03805 1.19473
-0.17771 -0.05649 1.17764
-0.10613 -0.06122 1.18556
-0.08233 -0.04815 1.18886
-0.01593 -0.03579 1.19236
-0.15119 -0.04540 1.18088
-0.04822 -0.05148 1.18515
-0.00861 -0.05941 1.17954
-0.05570 -0.06819 1.17500
-0.06816 -0.02835 1.17551
-0.03695 0.02156 1.17639
-0.09560 -0.06768 1.16830
-0.04127 -0.05116 1.16538
-0.03255 -0.03809 1.16041
-0.12662 -0.08215 1.14940
-0.06782 -0.02255 1.15520
-0.10042 -0.03540 1.15147
-0.07960 -0.05429 1.14839
-0.09006 -0.04255 1.14258
-0.02526 -0.05889 1.13907
-0.05180 -0.03209 1.13553
-0.04396 -0.02361 1.13960
-0.02014 -0.05014 1.13272
-0.04152 -0.05645 1.12985
-0.05500 -0.04088 1.12331
-0.09118 -0.06238 1.11546
-0.05567 -0.02953 1.12364
-0.03408 -0.03063 1.11804
-0.07343 -0.03396 1.11317
-0.08578 -0.05586 1.10802
-0.04059 -0.04635 1.11006
-0.14664 -0.11934 1.09037
-0.04114 -0.02100 1.10259
-0.18926 -0.00164 1.08318
-0.05018 -0.04483 1.09650
0.00199 -0.05627 1.09790
-0.05558 -0.02082 1.10202
-0.02689 -0.04469 1.09918
-0.02291 -0.04928 1.10417
-0.03247 -0.03750 1.08646
-0.04352 -0.03674 1.09721
-0.05499 -0.02641 1.09458
-0.01678 -0.01595 1.07991
-0.19101 -0.08430 1.05540
-0.00474 -0.05564 1.06633
-0.07722 -0.07146 1.07622
-0.01516 -0.05784 1.07446
-0.03449 -0.05685 1.07800
-0.04470 -0.03598 1.07687
-0.04291 -0.02897 1.07529
-0.14988 -0.06473 1.05492
-0.07311 -0.03241 1.04935
-0.06995 -0.07449 1.04783
-0.05517 -0.07361 1.04834
-0.03678 -0.05252 1.04533
-0.00074 -0.08449 1.04764
-0.03066 -0.04262 1.06198
-0.07700 -0.06193 1.05752
-0.05252 -0.00820 1.06672
-0.17895 -0.06748 1.04682
-0.02506 -0.05458 1.06473
-0.08876 -0.12066 1.04633
-0.05083 -0.07079 1.05479
-0.04724 -0.08653 1.04836
-0.02817 -0.05263 1.04963
-0.02800 -0.03683 1.04289
-0.03988 -0.07295 1.03493
-0.00096 -0.07933 1.03369
-0.03105 -0.02962 1.02751
-0.04054 -0.03579 1.03336
-0.01605 -0.04749 1.03058
-0.04062 -0.06714 1.02322
-0.02546 -0.06757 1.01714
-0.04732 -0.04737 1.01013
-0.00169 -0.01921 1.01486
-0.07671 -0.02689 1.01070
-0.01651 -0.02548 1.00671
-0.00175 -0.03137 1.00495
0.00366 -0.04675 0.99634
0.00821 -0.04184 0.99343
-0.03058 -0.03160 0.97860
-0.05429 -0.05188 0.95506
-0.02715 -0.04394 0.93885
-0.06777 -0.03274 0.92174
-0.03150 -0.06366 0.90265
-0.07330 -0.04560 0.88017
-0.05689 -0.05131 0.85568
-0.07781 -0.05710 0.83666
-0.07399 -0.04874 0.81326
-0.09190 -0.05538 0.79282
-0.07286 -0.04523 0.78043
-0.06264 -0.05532 0.75660
0.01312 -0.03857 0.73928
-0.01974 -0.04748 0.71540
-0.06147 -0.03271 0.69461
-0.05623 -0.01558 0.66845
-0.06929 -0.00820 0.64953
-0.06163 -0.01435 0.62007
-0.03860 -0.01918 0.60484
-0.06233 -0.04324 0.60992
-0.07847 -0.02098 0.54589
-0.07966 -0.01036 0.57486
-0.13522 -0.02927 0.52220
-0.15213 -0.03547 0.51822
-0.14730 -0.02363 0.50885
-0.14186 -0.02743 0.50213
-0.06462 -0.03226 0.50730
-0.01499 -0.01751 0.50817
-0.04384 -0.02516 0.50753
-0.06492 0.00691 0.49715
-0.10939 -0.00955 0.48343
-0.15142 0.00210 0.47193
-0.13349 -0.00614 0.46547
-0.10980 -0.01641 0.46709
-0.04686 0.01755 0.48060
-0.07783 0.01262 0.46777
-0.13631 -0.00654 0.45701
-0.10062 -0.00265 0.45852
-0.14247 0.00781 0.45080
-0.14207 -0.01158 0.46214
-0.10416 -0.01377 0.46591
-0.10505 -0.01865 0.47710
-0.14415 -0.02637 0.45360
-0.09777 -0.03206 0.46541
-0.08191 -0.02639 0.47984
-0.08212 -0.02579 0.47913
-0.08581 -0.02130 0.49028
-0.11510 -0.01662 0.48374
-0.08327 -0.02092 0.50107
-0.06912 -0.01796 0.51236
-0.09707 -0.01299 0.51384
-0.08877 -0.02161 0.52311
-0.04824 -0.02232 0.53899
-0.09775 -0.02497 0.54667
-0.08458 -0.01870 0.56699
-0.07574 -0.00346 0.58225
-0.05643 -0.01407 0.60225
-0.07179 -0.01455 0.61741
-0.08866 -0.01877 0.63166
-0.10739 -0.02264 0.64524
-0.08280 -0.02108 0.66408
-0.11658 -0.00892 0.67722
-0.03336 -0.01845 0.70610
-0.04730 -0.02013 0.71530
-0.08520 -0.01569 0.72887
-0.06295 -0.03026 0.74533
-0.07778 -0.01943 0.75414
-0.03433 -0.03338 0.76106
-0.04351 -0.02918 0.76361
-0.06575 -0.02421 0.76261
-0.23957 -0.00061 0.72445
-0.05126 -0.03290 0.76483
-0.07318 -0.01866 0.76334
-0.01265 -0.05264 0.76677
-0.04980 -0.04387 0.76465
-0.04554 -0.03680 0.76677
-0.04591 -0.03449 0.76491
-0.01201 -0.04332 0.76791
-0.02213 -0.03222 0.76551
-0.04235 -0.02484 0.76384
-0.01794 -0.03445 0.76414
-0.02352 -0.02735 0.76016
-0.00543 -0.04199 0.75887
-0.01008 -0.04413 0.75444
-0.02430 -0.02660 0.75238
-0.01178 -0.04630 0.74941
-0.00684 -0.03460 0.74473
-0.01356 -0.04002 0.74042
-0.04718 -0.02819 0.72987
-0.03548 -0.01997 0.72155
-0.11660 -0.02324 0.70328
-0.02033 -0.01815 0.70245
-0.40627 -0.03188 0.55605
0.03016 -0.05706 0.67334
-0.06511 -0.04429 0.66080
-0.07727 -0.01933 0.65401
-0.00329 -0.02393 0.65301
-0.05038 -0.03450 0.64646
-0.04121 -0.03568 0.64359
-0.04887 -0.02607 0.63593
-0.05111 -0.03071 0.63123
-0.02916 -0.02576 0.62768
-0.09572 -0.02207 0.61766
-0.05919 -0.00599 0.61730
-0.05950 -0.01530 0.61355
-0.08183 -0.01263 0.60595
-0.10582 -0.03595 0.60015
-0.04587 -0.02553 0.60479
-0.07330 -0.02337 0.60065
-0.10543 -0.02409 0.59347
-0.01158 -0.04095 0.59796
-0.01573 -0.04374 0.59638
-0.07089 -0.04024 0.59036
-0.02192 -0.03521 0.59261
-0.07312 -0.02801 0.58273
-0.00337 -0.01269 0.58511
0.00157 -0.03400 0.57928
-0.16175 -0.02821 0.54973
-0.06864 -0.02281 0.55822
-0.08969 -0.02470 0.54710
-0.02643 -0.02077 0.54286
-0.13925 -0.02760 0.51266
-0.04963 -0.01916 0.51884
0.00004 -0.02849 0.50876
-0.15168 -0.03277 0.47193
-0.04826 -0.02829 0.48178
-0.12421 -0.02866 0.45844
-0.00509 -0.01768 0.46190
-0.00803 -0.01986 0.45288
-0.01956 -0.01873 0.43769
-0.06693 -0.02931 0.41602
-0.03332 -0.01897 0.42046
-0.03658 -0.01312 0.36910
-0.04610 -0.01245 0.36655
-0.03125 -0.01382 0.34086
-0.05225 -0.02277 0.31645
-0.02775 -0.01226 0.30327
-0.08443 -0.01784 0.27385
-0.03215 -0.01230 0.27384
-0.02131 -0.00742 0.26837
-0.02695 -0.01035 0.25921
-0.03661 -0.00691 0.25671
-0.03902 -0.00757 0.25516
-0.05500 -0.00672 0.25043
-0.02561 -0.00098 0.25204
-0.04120 -0.00683 0.24931
-0.06538 -0.01959 0.24185
-0.03155 -0.01333 0.24493
-0.03002 -0.01006 0.24680
-0.07260 -0.01824 0.23563
-0.07445 -0.01646 0.23432
-0.05483 -0.00686 0.23884
-0.05391 -0.00818 0.23737
-0.09190 -0.00965 0.22300
-0.01504 -0.01928 0.24081
-0.08671 -0.01230 0.22051
-0.02997 -0.01795 0.23296
-0.04012 -0.01243 0.23439
-0.11154 -0.00341 0.20735
-0.10226 -0.00606 0.21208
-0.17185 -0.01852 0.15622
-0.10042 -0.01178 0.20793
-0.00687 -0.01519 0.22967
-0.10147 -0.00375 0.20502
0.01082 -0.01087 0.22718
0.00770 -0.01157 0.23063
0.01311 -0.00747 0.22676
0.01760 -0.01341 0.22453
0.01470 -0.01242 0.22367
0.00876 -0.00848 0.22463
0.00826 -0.01085 0.22359
0.02012 -0.01063 0.22284
0.02609 -0.01123 0.22594
0.04093 -0.01693 0.23156
0.03770 -0.01809 0.24374
0.01157 -0.01185 0.25868
-0.02506 -0.00178 0.26956
0.00487 -0.00524 0.28166
0.05333 -0.00640 0.28811
-0.00130 0.00391 0.30172
-0.01580 -0.00388 0.30882
-0.01542 -0.00932 0.31653
-0.00711 -0.01660 0.32424
-0.00633 -0.01212 0.33412
0.03815 -0.01222 0.33849
0.01760 -0.02133 0.34840
0.01977 -0.02616 0.35474
-0.00017 -0.02954 0.36437
0.00219 -0.02966 0.37528
-0.01487 -0.01219 0.38711
-0.00994 -0.01094 0.40116
-0.02378 -0.00358 0.41060
-0.02095 -0.00858 0.40456
0.01205 -0.02843 0.39966
-0.04001 -0.02931 0.38851
-0.05978 -0.02069 0.38252
-0.10175 -0.01574 0.36779
-0.09464 -0.01984 0.36634
-0.09136 -0.00222 0.36429
-0.10141 0.00042 0.35959
-0.09311 -0.01011 0.36180
-0.10629 0.00207 0.35466
-0.11705 0.00007 0.34295
-0.04611 -0.00634 0.35300
-0.03361 -0.00880 0.35160
0.00356 -0.01102 0.35209
0.00561 -0.01684 0.34938
-0.01666 -0.00523 0.34759
0.00195 -0.01345 0.34355
0.04613 -0.01916 0.33498
0.02820 -0.02309 0.33214
0.05181 -0.01655 0.30532
0.02835 -0.00176 0.27422
0.01234 -0.00516 0.23440
0.00596 -0.01362 0.19808
0.00581 -0.00777 0.16116
0.08301 -0.03150 0.09002
0.00389 -0.00742 0.09285
0.00345 -0.00172 0.05713
0.00386 -0.00326 0.02550
-0.00080 0.00013 -0.00076
-0.01402 0.00620 -0.00988
-0.00060 -0.00931 -0.00284
-0.00155 0.00055 -0.00382
-0.00025 0.00322 -0.00365
0.00257 -0.00063 -0.00382
0.00117 -0.00085 0.00049
