0.03726 6.59029 3.77664
0.03544 6.30113 3.61088
0.01839 3.27276 1.87523
0.03002 5.33837 3.05902
0.01739 3.07811 1.76370
0.02197 3.82477 2.19157
0.02991 5.15945 2.95647
0.01721 2.92943 1.67850
0.01256 2.11198 1.21010
0.02280 3.79065 2.17201
0.01157 1.88679 1.08107
0.03082 4.92081 2.81970
0.03456 5.32946 3.05392
0.00410 0.61609 0.35299
0.03035 4.48412 2.56942
0.00654 0.95647 0.54802
0.01613 2.32979 1.33490
0.01256 1.76700 1.01243
0.01375 1.87197 1.07258
0.02852 3.75071 2.14912
0.02346 3.02046 1.73066
0.01624 2.05804 1.17919
0.02389 2.97184 1.70280
0.02249 2.73866 1.56919
0.03386 4.06459 2.32900
0.03478 4.10891 2.35440
0.03589 4.17252 2.39085
0.02519 2.85695 1.63697
0.03181 3.52972 2.02249
0.03726 4.04837 2.31970
0.03292 3.52158 2.01782
0.03522 3.69443 2.11688
0.04221 4.34280 2.48844
0.04348 4.45305 2.55162
0.03446 3.50492 2.00827
0.00945 0.95622 0.54787
0.03530 3.52445 2.01947
0.03096 3.07174 1.76005
0.02564 2.52678 1.44778
0.03365 3.29366 1.88722
0.02083 2.02401 1.15969
0.03688 3.55743 2.03837
0.02305 2.19975 1.26039
0.02836 2.68639 1.53923
0.03052 2.87029 1.64461
0.02275 2.13904 1.22560
0.03373 3.14624 1.80274
0.05576 5.18424 2.97068
0.04438 4.12033 2.36094
0.03196 2.96482 1.69878
0.03689 3.42791 1.96414
0.03064 2.85014 1.63307
0.02265 2.12493 1.21752
0.03763 3.54077 2.02881
0.01353 1.26021 0.72205
0.01804 1.67131 0.95760
0.01925 1.78735 1.02409
0.03114 2.89251 1.65735
0.03897 3.61060 2.06883
0.02567 2.39696 1.37339
0.02100 1.95530 1.12032
0.02896 2.69510 1.54422
0.02981 2.79419 1.60101
0.02587 2.41320 1.38269
0.00636 0.59348 0.34004
0.01699 1.56344 0.89580
0.01222 1.12539 0.64480
0.02738 2.52755 1.44822
0.02981 2.76204 1.58258
0.03258 3.02182 1.73144
0.04009 3.71382 2.12798
0.03467 3.20517 1.83651
0.02468 2.27420 1.30305
0.02281 2.08763 1.19615
0.01723 1.58226 0.90658
0.02689 2.47682 1.41915
0.02482 2.28121 1.30706
0.02527 2.33114 1.33567
0.03583 3.30442 1.89338
0.02712 2.51122 1.43886
0.03813 3.54797 2.03294
0.02564 2.39671 1.37325
0.03067 2.86797 1.64328
0.02320 2.17658 1.24711
0.02495 2.32850 1.33416
0.02756 2.58418 1.48067
0.03495 3.29278 1.88671
0.02249 2.13143 1.22124
0.02319 2.21314 1.26806
0.02758 2.65335 1.52030
0.02980 2.90509 1.66455
0.02744 2.71309 1.55453
0.02450 2.46403 1.41182
0.03013 3.09730 1.77469
0.01812 1.89966 1.08844
0.02296 2.46463 1.41217
0.02243 2.47471 1.41794
0.02337 2.63870 1.51191
0.02113 2.44909 1.40326
0.02278 2.71144 1.55359
0.01297 1.59099 0.91158
0.01910 2.42629 1.39020
0.01352 1.77588 1.01752
0.00967 1.32774 0.76074
0.00139 0.19909 0.11407
0.00466 0.69954 0.40081
0.01234 1.93130 1.10657
0.01250 2.05808 1.17922
0.00262 0.44702 0.25612
0.01897 3.36057 1.92556
0.01842 3.41168 1.95485
0.01927 3.72044 2.13178
0.01232 2.48896 1.42611
0.03178 6.69818 3.83849
0.03363 7.45518 4.27249
0.02323 5.37521 3.08014
0.01213 2.87633 1.64807
0.01711 4.14436 2.37471
0.02012 4.99813 2.86402
0.01491 3.71437 2.12830
0.04403 11.33290 6.49675
0.04028 10.36067 5.93888
0.01926 5.12048 2.93414
0.05568 14.63342 8.39183
0.07393 20.22697 11.60905
0.04138 11.22043 6.43221
0.03411 9.34540 5.35647
0.03798 10.72705 6.14910
0.03781 10.48155 6.00824
0.03110 8.99690 5.15659
0.01678 4.77146 2.73410
0.02615 7.69418 4.40953
0.29137 82.81861 48.92443
0.23389 67.67389 39.55513
0.21521 59.78109 34.78375
0.21695 59.86769 34.83575
0.22743 63.57171 37.06694
0.21871 58.30984 33.90145
0.28985 78.47361 46.20386
0.27170 71.34845 41.80052
0.29526 77.62862 45.67801
0.01864 4.79064 2.74510
0.00707 1.80352 1.03336
0.02289 5.82446 3.33764
0.04945 12.07158 6.92071
0.01288 3.06937 1.75869
0.02691 6.17629 3.53931
0.01341 3.01143 1.72549
0.40556 87.04123 51.59682
0.01892 3.90281 2.23629
0.03910 7.81696 4.47993
0.02433 4.67286 2.67759
0.04655 8.68752 4.97915
0.02647 4.77525 2.73627
0.01505 2.62520 1.50417
0.00802 1.35447 0.77606
0.01898 3.06826 1.75805
0.01322 2.05445 1.17713
0.03723 5.66307 3.24514
0.01816 2.68341 1.53753
0.01528 2.21829 1.27101
0.05523 7.77565 4.45624
0.00338 0.46742 0.26781
0.00747 1.01027 0.57884
0.07943 10.50115 6.01948
0.02154 2.81164 1.61100
0.01456 1.87295 1.07314
0.01320 1.69140 0.96911
0.02237 2.84242 1.62864
0.02529 3.16746 1.81490
0.01836 2.27603 1.30410
0.02081 2.54796 1.45991
0.01933 2.36209 1.35341
0.01527 1.85704 1.06402
0.03848 4.62890 2.65240
0.01117 1.33203 0.76320
0.01626 1.93151 1.10669
0.01589 1.88177 1.07819
0.02345 2.77352 1.58916
0.01716 2.04672 1.17271
0.03051 3.66915 2.10239
0.01887 2.29645 1.31580
0.02300 2.79298 1.60031
0.02315 2.78086 1.59337
0.02416 2.90411 1.66399
0.03551 4.31846 2.47448
0.02108 2.59142 1.48481
0.01515 1.86401 1.06802
0.02312 2.86662 1.64251
0.02049 2.54658 1.45912
0.01020 1.27414 0.73003
0.01588 1.99273 1.14177
0.02113 2.65761 1.52274
0.00475 0.59983 0.34368
0.01125 1.43523 0.82233
0.00460 0.58812 0.33697
0.00907 1.17419 0.67276
0.00909 1.17392 0.67261
0.01277 1.66037 0.95133
0.01568 2.05999 1.18031
0.00582 0.77589 0.44455
0.00278 0.37842 0.21682
0.00560 0.78308 0.44867
0.01440 2.04022 1.16898
0.00534 0.76167 0.43640
0.00355 0.50804 0.29108
0.00369 0.53023 0.30380
0.00529 0.75992 0.43541
0.00949 1.37604 0.78842
0.00280 0.40750 0.23348
0.03397 4.96006 2.84220
0.02336 3.45403 1.97911
0.00820 1.21741 0.69753
0.04888 7.29175 4.17879
0.00563 0.84504 0.48417
0.01462 2.20941 1.26593
0.02647 3.98860 2.28545
0.00642 0.95606 0.54778
0.02098 3.11034 1.78216
0.03288 4.83792 2.77219
0.05131 7.50972 4.30377
0.02693 3.89550 2.23210
0.03063 4.37130 2.50477
0.01458 2.04284 1.17048
0.00793 1.08944 0.62421
0.01465 2.00807 1.15056
0.00973 1.32842 0.76113
0.01136 1.53963 0.88215
0.00340 0.45603 0.26128
0.02715 3.62259 2.07571
0.02090 2.77594 1.59055
0.02280 3.01293 1.72635
0.06912 9.18748 5.26589
0.12060 15.86492 9.09949
0.06362 8.50371 4.87374
0.07917 10.56924 6.05855
0.05261 7.05121 4.04088
0.06212 8.24224 4.72379
0.04145 5.48409 3.14254
0.01719 2.25847 1.29403
0.00646 0.84957 0.48677
0.00812 1.06116 0.60800
0.02578 3.34626 1.91735
0.03774 4.85424 2.78155
0.03201 4.09784 2.34806
0.03073 3.90530 2.23772
0.04009 5.06494 2.90231
0.02153 2.69922 1.54658
0.02015 2.51384 1.44037
0.02336 2.90374 1.66378
0.01444 1.78225 1.02117
0.01323 1.62283 0.92982
0.01673 2.02551 1.16055
0.02274 2.73282 1.56584
0.02861 3.41182 1.95492
0.01334 1.58474 0.90800
0.02349 2.77644 1.59083
0.05066 5.91822 3.39138
0.03483 4.06825 2.33109
0.03509 4.09708 2.34762
0.04910 5.75046 3.29522
0.03270 3.82708 2.19289
0.00636 0.74177 0.42500
0.01966 2.26673 1.29877
0.03423 3.92679 2.25003
0.01244 1.42582 0.81694
0.01547 1.78622 1.02344
0.01338 1.53800 0.88122
0.02923 3.36069 1.92562
0.02469 2.84264 1.62876
0.01372 1.59416 0.91340
0.02412 2.80076 1.60477
0.01658 1.93078 1.10627
0.02721 3.16972 1.81619
0.01961 2.29319 1.31393
0.00549 0.64846 0.37154
0.00626 0.74466 0.42666
0.01105 1.32131 0.75706
0.01980 2.37412 1.36030
0.01175 1.41281 0.80949
0.00709 0.86059 0.49308
0.01881 2.29655 1.31586
0.00823 1.01095 0.57924
0.00740 0.91288 0.52304
0.03299 4.09826 2.34829
0.01394 1.74803 1.00156
0.00865 1.09236 0.62588
0.01125 1.43014 0.81942
0.02175 2.76919 1.58668
0.01269 1.62406 0.93053
0.01482 1.90290 1.09030
0.01451 1.88178 1.07820
0.01688 2.20454 1.26313
0.01912 2.49343 1.42867
0.02327 3.01831 1.72943
0.01278 1.64810 0.94430
0.01953 2.55005 1.46111
0.01629 2.15063 1.23224
0.01356 1.79551 1.02877
0.00971 1.29087 0.73962
0.01588 2.11845 1.21380
0.02435 3.26647 1.87164
0.02809 3.77560 2.16339
0.01391 1.86444 1.06826
0.01072 1.43268 0.82087
0.02418 3.26798 1.87250
0.02859 3.87336 2.21941
0.01965 2.68841 1.54039
0.06839 9.37805 5.37520
0.01467 2.01862 1.15661
0.02158 2.96936 1.70138
0.02682 3.69877 2.11936
0.02916 4.02670 2.30729
0.02310 3.20157 1.83444
0.03070 4.24951 2.43497
0.00886 1.23178 0.70576
0.06380 8.92535 5.11555
0.00709 0.99075 0.56766
0.01411 1.97695 1.13273
0.03777 5.32368 3.05060
0.01246 1.76922 1.01370
0.01893 2.72997 1.56421
0.02832 4.10299 2.35100
0.02913 4.23430 2.42626
0.03442 4.99865 2.86431
0.00708 1.03607 0.59362
0.00543 0.80924 0.46366
0.01400 2.10527 1.20625
0.01138 1.72305 0.98725
0.03466 5.26435 3.01660
0.03426 5.23615 3.00043
0.02160 3.33553 1.91121
0.02059 3.21175 1.84027
0.02969 4.65695 2.66848
0.01543 2.43099 1.39289
0.02225 3.52318 2.01874
0.01763 2.84279 1.62886
0.02693 4.40702 2.52524
0.01680 2.77463 1.58980
0.01181 1.95896 1.12242
0.01836 3.08650 1.76850
0.01599 2.68511 1.53850
0.02796 4.73876 2.71537
0.02406 4.09056 2.34388
0.02507 4.29638 2.46183
0.01253 2.16538 1.24070
0.02999 5.19063 2.97435
0.01793 3.13078 1.79388
0.00564 0.98727 0.56567
0.01668 2.94239 1.68593
0.28556 50.88120 29.47678
0.05950 10.59100 6.07104
0.01206 2.15868 1.23686
0.11850 21.13959 12.13476
0.09770 17.52440 10.05363
0.04059 7.27447 4.16888
0.02357 4.28294 2.45413
0.02901 5.30444 3.03958
0.01050 1.93074 1.10625
0.01684 3.12522 1.79069
0.00514 0.96233 0.55138
0.04527 8.55992 4.90597
0.01967 3.73414 2.13963
0.02077 3.98418 2.28292
0.02663 5.09731 2.92086
0.01041 2.01538 1.15475
0.03236 6.40507 3.67046
0.01749 3.45840 1.98162
0.01454 2.91028 1.66753
0.00873 1.76223 1.00970
0.05977 12.12897 6.95366
0.01003 2.05325 1.17645
0.02224 4.55003 2.60720
0.03919 8.05696 4.61755
0.00466 0.96353 0.55207
0.01821 3.80158 2.17828
0.01402 2.94281 1.68617
0.02666 5.56240 3.18743
0.02086 4.27827 2.45146
0.01879 3.77090 2.16070
0.01052 2.07312 1.18783
0.03536 6.86722 3.93540
0.00572 1.09201 0.62568
0.06278 11.79257 6.76057
0.00497 0.92180 0.52815
0.02723 4.96983 2.84780
0.00822 1.47962 0.84777
0.02440 4.35877 2.49759
0.00686 1.21232 0.69461
0.01659 2.90500 1.66450
0.02311 4.00687 2.29592
0.01213 2.10744 1.20750
0.03473 6.01634 3.44763
0.01063 1.84837 1.05905
0.01586 2.77149 1.58800
0.01071 1.88195 1.07829
0.01422 2.49730 1.43089
0.02724 4.82097 2.76248
0.01607 2.84961 1.63276
0.02611 4.66577 2.67353
0.01397 2.54759 1.45970
0.01943 3.59878 2.06206
0.03145 5.93115 3.39880
0.02765 5.35535 3.06876
0.01215 2.41387 1.38308
0.04294 8.73417 5.00590
0.03493 7.31572 4.19253
0.03206 7.00239 4.01290
0.05660 12.90091 7.39681
0.01142 2.69186 1.54237
0.01888 4.56241 2.61429
0.07890 19.35445 11.10666
0.01887 4.67987 2.68161
0.02198 5.56227 3.18736
0.01239 3.10821 1.78095
0.25068 63.54574 37.05124
0.03012 7.70936 4.41823
0.29942 76.73942 45.12576
0.00668 1.77326 1.01602
0.04870 12.67970 7.26981
0.04523 11.82546 6.77944
0.29248 79.38362 46.77131
0.25790 68.35479 39.96998
0.01734 4.77730 2.73745
0.28390 75.44282 44.32245
0.01809 4.72848 2.70947
0.01948 5.21516 2.98841
0.01129 2.81930 1.61539
0.00493 1.26951 0.72738
0.10110 24.24048 13.92300
0.08045 20.04048 11.50165
0.14988 34.41970 19.81970
0.18789 41.78528 24.11889
0.06814 15.65432 8.97845
0.13224 27.52068 15.81838
0.02344 4.97260 2.84938
0.02493 4.87794 2.79513
0.02660 5.07897 2.91035
0.03409 6.57409 3.76736
0.01697 3.04161 1.74278
0.02351 4.20540 2.40970
0.03177 5.34624 3.06353
0.04468 7.36802 4.22252
0.27221 43.74136 25.26618
0.02399 3.69345 2.11631
0.01347 2.04464 1.17151
0.02189 3.20601 1.83699
0.02716 3.91547 2.24354
0.02311 3.24556 1.85965
0.02389 3.27891 1.87876
0.02161 2.89109 1.65653
0.00762 0.99955 0.57270
0.01207 1.56039 0.89405
0.01267 1.59890 0.91611
0.02621 3.24792 1.86100
0.03316 4.05836 2.32543
0.03042 3.68582 2.11194
0.01389 1.65155 0.94628
0.02590 3.03221 1.73740
0.04628 5.33061 3.05458
0.02091 2.38089 1.36418
0.02874 3.21476 1.84200
0.01251 1.38817 0.79537
0.01944 2.13309 1.22219
0.01069 1.17072 0.67078
0.00864 0.94690 0.54254
0.01165 1.27815 0.73233
0.04309 4.71798 2.70345
0.03608 3.93046 2.25213
0.04524 4.93091 2.82549
0.03566 3.89698 2.23294
0.03431 3.74652 2.14672
0.01406 1.53143 0.87745
0.03710 3.81461 2.18575
0.01974 2.27685 1.30456
0.02002 2.17779 1.24781
0.03051 3.31615 1.90010
0.02141 2.31970 1.32912
0.02374 2.57948 1.47797
0.02863 3.11992 1.78765
0.03060 3.33758 1.91238
0.00987 1.07593 0.61647
0.02053 2.24081 1.28391
0.02476 2.71551 1.55592
0.02205 2.43075 1.39275
0.01379 1.52891 0.87601
0.03154 3.53860 2.02757
0.03360 3.78993 2.17160
0.02038 2.32292 1.33096
0.03248 3.74505 2.14588
0.02394 2.80163 1.60527
0.02521 3.02344 1.73237
0.02723 3.28000 1.87939
0.02711 3.44028 1.97124
0.03146 3.99900 2.29141
0.02265 2.95065 1.69066
0.02884 3.84029 2.20046
0.02858 3.91369 2.24252
0.02190 3.10050 1.77653
0.02788 4.09622 2.34713
0.02589 3.95985 2.26898
0.01826 2.91198 1.66850
0.01335 2.21843 1.27109
0.01265 2.18657 1.25284
0.02646 4.79268 2.74627
0.01842 3.46011 1.98260
0.01973 3.84646 2.20400
0.01986 3.98991 2.28620
0.01783 3.67900 2.10803
0.00336 0.69769 0.39975
0.01994 4.28588 2.45582
0.03584 7.64037 4.37868
0.05037 10.83313 6.20996
0.06000 13.14405 7.53642
0.02032 4.51342 2.58622
0.02565 5.89231 3.37653
0.01062 2.40933 1.38048
0.04768 10.91191 6.25517
0.01626 3.84437 2.20280
0.02091 4.85864 2.78407
0.03713 8.97774 5.14559
0.01696 4.02963 2.30896
0.05333 12.79521 7.33612
0.01894 4.71201 2.70003
0.02528 6.10452 3.49817
0.02499 6.24970 3.58140
0.04479 11.03598 6.32637
0.04003 9.94517 5.70052
0.03397 8.63416 4.94855
0.03245 8.25670 4.73209
0.24067 62.12812 36.19568
0.30432 79.11764 46.60533
0.02221 5.82824 3.33981
0.23774 61.88495 36.04913
0.03242 8.60695 4.93294
0.04198 10.86062 6.22574
0.03084 8.31681 4.76656
0.12632 34.18259 19.68181
0.03196 8.35674 4.78945
0.02068 5.73743 3.28776
0.19183 50.37780 29.17865
0.05683 15.71353 9.01248
0.06497 16.83322 9.65615
0.03322 8.97182 5.14220
0.02299 6.13919 3.51805
0.02586 6.59653 3.78022
0.04138 10.81820 6.20140
0.04968 12.45178 7.13896
0.00840 2.07655 1.18980
0.06775 16.15471 9.26606
0.02563 5.98897 3.43194
0.05563 12.54062 7.18996
0.01886 4.15719 2.38207
0.01680 3.59419 2.05943
0.02698 5.57511 3.19472
0.07448 14.77092 8.47082
0.01650 3.11559 1.78518
0.01411 2.56749 1.47110
0.07866 13.84629 7.93969
0.00753 1.28696 0.73738
0.02946 4.88894 2.80143
0.02000 3.21499 1.84213
0.01521 2.37217 1.35918
0.02033 3.09718 1.77462
0.02899 4.26834 2.44576
0.01988 2.86117 1.63938
0.02469 3.46307 1.98429
0.01374 1.87913 1.07668
0.00435 0.57995 0.33228
0.01547 2.01562 1.15489
0.01260 1.60408 0.91908
0.00299 0.37363 0.21407
0.00789 0.96622 0.55360
0.00748 0.89604 0.51339
0.03599 4.22038 2.41828
0.02693 3.11662 1.78577
0.00437 0.50023 0.28661
0.01659 1.89389 1.08514
0.01306 1.48259 0.84947
0.04917 5.58009 3.19757
0.03562 4.03753 2.31349
0.02296 2.60172 1.49072
0.02635 2.97838 1.70655
0.02233 2.50777 1.43688
0.02261 2.53723 1.45377
0.00097 0.10846 0.06215
0.05098 5.68902 3.26001
0.00726 0.80787 0.46288
0.03011 3.34476 1.91650
0.01337 1.48837 0.85278
0.07507 8.35164 4.78653
0.02918 3.24320 1.85830
0.06551 7.31301 4.19098
0.06489 7.26145 4.16142
0.02922 3.25639 1.86586
0.01668 1.84742 1.05851
0.01680 1.87105 1.07205
0.01875 2.08994 1.19747
0.01077 1.19966 0.68736
0.02556 2.84535 1.63032
0.03184 3.54385 2.03058
0.04337 4.84492 2.77621
0.02331 2.54133 1.45611
0.01779 2.04790 1.17338
0.01539 1.73131 0.99198
0.00972 1.09695 0.62851
0.02550 2.88899 1.65533
0.03067 3.46669 1.98636
0.02359 2.67869 1.53482
0.01376 1.56395 0.89609
0.02063 2.34597 1.34417
0.09474 10.84127 6.21464
0.01671 1.89995 1.08861
0.01189 1.36225 0.78052
0.06922 7.90081 4.52801
0.00956 1.08702 0.62282
0.10601 11.99922 6.87918
0.03193 3.59661 2.06082
0.06150 6.88378 3.94490
0.00703 0.78412 0.44927
0.06932 7.77058 4.45333
0.02377 2.63016 1.50701
0.02330 2.56720 1.47094
0.01465 1.61276 0.92405
0.03364 3.69371 2.11646
0.03259 3.57198 2.04670
0.00942 1.01929 0.58401
0.00701 0.75776 0.43416
0.01148 1.23405 0.70706
0.01559 1.67124 0.95756
0.02631 2.80820 1.60903
0.02311 2.43130 1.39307
0.02107 2.24344 1.28543
0.01839 1.93528 1.10885
0.02145 2.24346 1.28543
0.01922 2.00757 1.15027
0.01140 1.18236 0.67745
0.00613 0.63552 0.36413
0.00207 0.21291 0.12199
0.01212 1.24288 0.71213
0.03030 3.09480 1.77326
0.00228 0.23183 0.13283
0.00415 0.41283 0.23654
0.04114 4.24396 2.43179
0.00335 0.34153 0.19568
0.09086 9.25831 5.30652
0.11148 11.39201 6.53067
0.20905 21.39599 12.28251
0.03009 3.08569 1.76804
0.02510 2.57876 1.47756
0.02371 2.43114 1.39298
0.10402 10.66480 6.11338
0.08123 8.31884 4.76772
0.02476 2.53863 1.45457
0.08537 8.76115 5.02138
0.02273 2.32751 1.33360
0.05015 5.14944 2.95074
0.01894 1.94451 1.11414
0.02542 2.60365 1.49183
0.00852 0.87461 0.50112
0.01264 1.29540 0.74221
0.00993 1.01992 0.58438
0.01588 1.63054 0.93424
0.00979 1.00062 0.57331
0.01148 1.17930 0.67569
0.01595 1.63415 0.93631
0.01725 1.77617 1.01768
0.04382 4.50468 2.58121
0.00378 0.38850 0.22260
0.00592 0.60933 0.34912
0.03155 3.25965 1.86773
0.01792 1.85321 1.06183
0.00794 0.82003 0.46984
0.01688 1.74413 0.99932
0.02127 2.17879 1.24838
0.01352 1.39296 0.79811
0.01412 1.45402 0.83310
0.01484 1.53004 0.87666
0.03599 3.71549 2.12894
0.02934 3.01295 1.72636
0.02999 3.08494 1.76761
0.02774 2.81156 1.61096
0.05789 6.09402 3.49216
0.05043 5.20271 2.98127
0.02058 2.10866 1.20819
0.02384 2.44155 1.39894
0.02719 2.76585 1.58476
0.01283 1.31865 0.75554
0.01624 1.66552 0.95429
0.04941 5.03943 2.88769
0.03098 3.14775 1.80360
0.02168 2.20076 1.26097
0.04224 4.30313 2.46570
0.03931 4.01313 2.29951
0.02318 2.36877 1.35723
0.03445 3.51176 2.01219
0.01998 2.01807 1.15629
0.02607 2.62929 1.50652
0.01822 1.83532 1.05158
0.01525 1.54181 0.88340
0.02360 2.38501 1.36654
0.01822 1.83395 1.05079
0.02195 2.20992 1.26622
0.02367 2.37877 1.36297
0.01258 1.26588 0.72530
0.00740 0.74403 0.42630
0.01417 1.41955 0.81335
0.00381 0.38149 0.21858
0.00857 0.85570 0.49028
0.01552 1.54354 0.88439
0.01675 1.66646 0.95482
0.02259 2.24776 1.28790
0.04841 4.82535 2.76499
0.02823 2.80648 1.60805
0.01488 1.48163 0.84892
0.01475 1.46642 0.84021
0.01916 1.90871 1.09363
0.01144 1.13980 0.65306
0.01763 1.76092 1.00895
0.01960 1.96710 1.12708
0.01465 1.46985 0.84217
0.01863 1.87892 1.07656
0.05549 5.58933 3.20287
0.05160 5.22868 2.99616
0.02261 2.31083 1.32404
0.01429 1.45980 0.83641
0.02451 2.50950 1.43788
0.02272 2.31586 1.32692
0.03114 3.19827 1.83255
0.02045 2.11342 1.21092
0.02657 2.75590 1.57906
0.02159 2.24867 1.28842
0.02682 2.79282 1.60022
0.01056 1.10061 0.63061
0.00927 0.96928 0.55536
0.00505 0.53106 0.30427
0.01073 1.14474 0.65589
0.03844 4.09948 2.34900
0.02683 2.89597 1.65933
0.05903 6.42010 3.67908
0.02091 2.30697 1.32183
0.03754 4.16070 2.38408
0.03486 3.85588 2.20939
0.03925 4.46720 2.55973
0.02479 2.81896 1.61520
0.03079 3.52942 2.02231
0.05919 6.86414 3.93364
0.11284 13.27644 7.61244
0.00928 1.10472 0.63296
0.06165 7.49012 4.29253
0.06950 8.60067 4.92934
0.01229 1.55469 0.89078
0.01257 1.61659 0.92625
0.02313 3.02550 1.73355
0.01761 2.33037 1.33523
0.03412 4.56372 2.61505
0.02012 2.72112 1.55914
0.01775 2.41642 1.38454
0.00679 0.93525 0.53586
0.02090 2.89776 1.66035
0.04231 5.90994 3.38664
0.01222 1.72308 0.98726
0.02423 3.41816 1.95855
0.01843 2.71831 1.55752
0.00466 0.68630 0.39322
0.02429 3.61735 2.07270
0.03081 4.65958 2.66999
0.01981 3.04631 1.74548
0.03231 5.07784 2.90970
0.00166 0.26714 0.15306
0.02308 3.80342 2.17933
0.03008 5.08748 2.91523
0.02947 5.15267 2.95259
0.01959 3.52320 2.01875
0.01480 2.74117 1.57062
0.04151 7.88421 4.51849
0.00444 0.87108 0.49909
0.00586 1.18115 0.67675
0.01019 2.10452 1.20583
0.01236 2.61999 1.50119
0.01659 3.61400 2.07078
0.00790 1.76465 1.01108
0.03293 7.56892 4.33771
0.02883 6.84654 3.92355
0.01279 3.12364 1.78979
0.04610 11.51257 6.59986
0.02929 7.53063 4.31575
0.03462 9.16885 5.25521
0.03376 9.31482 5.33893
0.03718 10.60656 6.07996
0.04762 13.92384 7.98423
0.04772 13.95216 8.00049
0.05471 16.12090 9.24663
0.06105 17.16413 9.84644
0.03317 10.04009 5.75497
0.05836 17.08388 9.80029
0.05947 17.82666 10.22750
0.05969 17.92336 10.28312
0.08057 24.35377 13.98840
0.09617 30.33463 17.44780
0.05477 16.68705 9.57210
0.06695 21.01588 12.06348
0.01952 5.71706 3.27608
0.38134 112.05145 68.14718
0.07404 20.12155 11.54834
0.05168 13.65237 7.82832
0.02192 5.90200 3.38209
0.09321 23.68231 13.60088
0.03020 7.75997 4.44725
0.05557 13.37587 7.66953
0.02967 7.21721 4.13605
0.04686 10.70648 6.13730
0.02207 4.96111 2.84280
0.04586 9.70919 5.56515
0.08406 16.96073 9.72947
0.03896 7.62498 4.36985
0.00761 1.45526 0.83381
0.03074 5.83881 3.34587
0.01379 2.45232 1.40511
0.01241 2.16047 1.23788
0.01103 1.89126 1.08363
0.00960 1.57303 0.90129
0.00851 1.37812 0.78961
0.03180 4.95921 2.84171
0.01601 2.44884 1.40312
0.01579 2.36325 1.35408
0.01494 2.17238 1.24471
0.01309 1.86255 1.06718
0.01519 2.11628 1.21256
0.01530 2.10100 1.20381
0.01712 2.30077 1.31828
0.01928 2.53274 1.45119
0.02471 3.18807 1.82671
0.02086 2.65191 1.51948
0.04124 5.21379 2.98762
0.03119 3.90506 2.23758
0.02672 3.32495 1.90514
0.02551 3.14694 1.80314
0.02764 3.40231 1.94947
0.02517 3.10319 1.77807
0.02702 3.33271 1.90959
0.03695 4.55373 2.60932
0.03285 4.01562 2.30094
0.03459 4.19879 2.40591
0.03246 3.91647 2.24411
0.03706 4.48414 2.56944
0.02709 3.28027 1.87954
0.02873 3.48083 1.99447
0.03535 4.29633 2.46180
0.03508 4.25957 2.44074
0.02805 3.42088 1.96011
0.03605 4.42078 2.53312
0.03355 4.12480 2.36350
0.03011 3.70828 2.12481
0.02565 3.17714 1.82044
0.01830 2.28268 1.30791
0.02168 2.73039 1.56445
0.01638 2.07087 1.18654
0.02652 3.38777 1.94114
0.01669 2.15822 1.23659
0.01979 2.60944 1.49514
0.02433 3.27505 1.87655
0.01054 1.45762 0.83516
0.01400 1.98304 1.13622
0.01219 1.76876 1.01344
0.00804 1.20097 0.68811
0.01929 2.94790 1.68908
0.00692 1.08912 0.62402
0.01215 1.99343 1.14217
0.01737 2.94613 1.68807
0.01338 2.35841 1.35130
0.02471 4.50049 2.57881
0.01618 3.06561 1.75653
0.00320 0.63105 0.36157
0.03028 6.24134 3.57661
0.02283 4.91671 2.81735
0.04159 9.22582 5.28788
0.05115 11.53915 6.61512
0.00922 2.10024 1.20337
0.01386 3.15147 1.80573
0.02205 5.09461 2.91931
0.02358 5.42306 3.10757
0.00854 2.02651 1.16112
0.01811 4.31254 2.47110
0.00851 2.02352 1.15941
0.02483 6.12809 3.51169
0.03078 7.40319 4.24269
0.02598 6.52503 3.73923
0.02038 4.98601 2.85707
0.05078 13.11863 7.52182
0.01495 3.69861 2.11927
0.03810 9.87328 5.65927
0.02786 7.19127 4.12118
0.04003 10.90484 6.25111
0.05476 14.32456 8.21440
0.07535 19.45936 11.16706
0.02327 6.20380 3.55508
0.01219 3.06433 1.75580
0.02578 6.82076 3.90876
0.03905 9.73138 5.57787
0.04152 10.68219 6.12336
0.02249 5.46737 3.13296
0.02687 6.47226 3.70898
0.05187 12.94550 7.42241
0.25171 59.12843 34.39209
0.01338 3.17569 1.81961
0.03777 8.40554 4.81744
0.06004 12.82299 7.35208
0.02776 5.99790 3.43706
0.02025 4.16233 2.38501
0.02451 4.98937 2.85900
0.06509 12.80682 7.34279
0.01746 3.34211 1.91498
0.03412 6.29263 3.60601
0.02396 4.24868 2.43450
0.02707 4.72815 2.70929
0.02783 4.72997 2.71033
0.05804 9.67525 5.54568
0.01242 2.02120 1.15808
0.02677 4.20520 2.40958
0.03378 5.19366 2.97608
0.01611 2.39951 1.37485
0.01472 2.14928 1.23147
0.00552 0.78943 0.45231
0.02664 3.74309 2.14476
0.01011 1.39340 0.79837
0.03314 4.44839 2.54895
0.01462 1.91159 1.09528
0.07257 9.30755 5.33476
0.01728 2.18062 1.24943
0.07168 8.98604 5.15035
0.02497 3.08915 1.77002
0.04949 6.09053 3.49016
0.03631 4.51549 2.58740
0.05276 6.55998 3.75926
0.01237 1.53540 0.87973
0.02972 3.67412 2.10523
0.01619 2.00192 1.14703
0.01645 2.02266 1.15892
0.01682 2.07191 1.18714
0.01507 1.84441 1.05678
0.01123 1.34670 0.77161
0.01003 1.23585 0.70809
0.00524 0.63656 0.36472
0.00389 0.47388 0.27151
0.01583 1.92491 1.10291
0.00576 0.69831 0.40011
0.01336 1.61588 0.92584
0.03607 4.35964 2.49809
0.01726 2.08439 1.19429
0.00914 1.10654 0.63401
0.01262 1.52613 0.87442
0.01382 1.67608 0.96034
0.02015 2.44594 1.40146
0.01114 1.35553 0.77667
0.01812 2.21242 1.26765
0.00622 0.76163 0.43638
0.01801 2.20866 1.26550
0.01760 2.15812 1.23654
0.02567 3.16409 1.81296
0.03347 4.15229 2.37926
0.01484 1.85747 1.06427
0.01043 1.31035 0.75078
0.01445 1.82403 1.04511
0.01204 1.52009 0.87096
0.00694 0.87831 0.50324
0.01221 1.55441 0.89062
0.00952 1.20984 0.69319
0.00432 0.55073 0.31554
0.00468 0.59824 0.34277
0.00308 0.40105 0.22979
0.01145 1.48833 0.85276
0.01717 2.23584 1.28107
0.00899 1.17466 0.67303
0.00905 1.18293 0.67777
0.03189 4.18439 2.39765
0.02221 2.91751 1.67167
0.02435 3.21092 1.83980
0.00633 0.83891 0.48066
0.00299 0.40015 0.22927
0.01276 1.70960 0.97954
0.01320 1.76952 1.01387
0.00674 0.89201 0.51109
0.00445 0.60896 0.34891
0.01764 2.42300 1.38831
0.01293 1.80598 1.03477
0.02485 3.43468 1.96802
0.01529 2.09776 1.20195
0.01742 2.39514 1.37235
0.01492 2.07027 1.18620
0.02598 3.63680 2.08384
0.00748 1.05205 0.60278
0.03748 5.30176 3.03804
0.06319 8.97206 5.14233
0.01850 2.64989 1.51832
0.01087 1.56541 0.89692
0.01557 2.24486 1.28624
0.02466 3.58726 2.05546
0.03268 4.78951 2.74445
0.01726 2.54494 1.45818
0.02853 4.23104 2.42439
0.03905 5.83721 3.34495
0.01748 2.65473 1.52109
0.01587 2.43072 1.39274
0.01270 1.95310 1.11906
0.00553 0.85173 0.48801
0.01052 1.62690 0.93216
0.00932 1.44668 0.82890
0.00781 1.21418 0.69568
0.00622 0.97883 0.56083
0.02173 3.42138 1.96040
0.01817 2.88699 1.65418
0.03432 5.46865 3.13369
0.00942 1.50540 0.86254
0.02839 4.56520 2.61589
0.01916 3.07126 1.75977
0.00948 1.50978 0.86505
0.02107 3.31883 1.90163
0.00440 0.68333 0.39152
0.02771 4.23683 2.42771
0.02894 4.34496 2.48967
0.01494 2.22676 1.27587
0.01368 2.00932 1.15128
0.02378 3.43810 1.96999
0.04026 5.71145 3.27287
0.01396 1.94720 1.11568
0.01971 2.72056 1.55881
0.01052 1.43743 0.82359
0.00458 0.61398 0.35179
0.00715 0.93565 0.53609
0.01635 2.09857 1.20241
0.02748 3.45913 1.98203
0.02421 2.98945 1.71289
0.02586 3.14594 1.80256
0.02172 2.59008 1.48405
0.00833 0.98081 0.56196
0.03145 3.60943 2.06816
0.02518 2.91733 1.67157
0.01089 1.22966 0.70455
0.03266 3.60340 2.06471
0.02067 2.25541 1.29228
0.03580 3.85526 2.20904
0.02314 2.46064 1.40988
0.02570 2.70161 1.54796
0.04937 5.13370 2.94171
0.01715 1.77022 1.01428
0.00132 0.13538 0.07757
0.02595 2.61627 1.49906
0.01162 1.16659 0.66841
0.00672 0.67583 0.38722
0.01283 1.29073 0.73954
0.00058 0.05811 0.03330
0.01796 1.78072 1.02029
0.02340 2.31660 1.32735
0.01718 1.69615 0.97183
0.02739 2.71428 1.55521
0.00544 0.53924 0.30896
0.00771 0.76838 0.44025
0.01766 1.74715 1.00106
0.01636 1.63221 0.93520
0.00724 0.73008 0.41831
0.00681 0.67816 0.38856
0.01427 1.42989 0.81927
0.05534 5.55133 3.18109
0.02763 2.77826 1.59188
0.04616 4.64108 2.65938
0.02590 2.60532 1.49278
0.05698 5.75870 3.29995
0.02840 2.89229 1.65722
0.04024 4.10834 2.35407
0.02851 2.91901 1.67253
0.02887 2.95405 1.69261
0.03898 3.99309 2.28802
0.01967 2.04642 1.17253
0.00403 0.41943 0.24032
0.02831 2.96271 1.69757
0.00846 0.89016 0.51002
0.00979 1.02892 0.58953
0.02871 3.02056 1.73072
0.03818 4.03576 2.31248
0.01686 1.78701 1.02390
0.01113 1.19646 0.68552
0.00526 0.56195 0.32198
0.01420 1.52068 0.87130
0.01534 1.64992 0.94534
0.01707 1.83945 1.05394
0.00220 0.23839 0.13659
0.00733 0.79119 0.45332
0.01819 1.95950 1.12273
0.00989 1.06561 0.61055
0.01375 1.48126 0.84871
0.01884 2.03105 1.16373
0.01140 1.22297 0.70071
0.00869 0.93182 0.53390
0.01034 1.11143 0.63681
0.00468 0.50359 0.28854
0.00405 0.43336 0.24830
0.01408 1.48831 0.85274
0.01402 1.51828 0.86992
0.01655 1.76658 1.01219
0.02932 3.11654 1.78572
0.02358 2.49811 1.43135
0.02091 2.21799 1.27084
0.01355 1.43844 0.82417
0.01609 1.69640 0.97198
0.01803 1.90379 1.09081
0.01703 1.79564 1.02884
0.01618 1.71132 0.98052
0.02300 2.42447 1.38915
0.00987 1.04278 0.59747
0.03451 3.64227 2.08698
0.01131 1.18451 0.67868
0.01928 2.02541 1.16050
0.05253 5.55672 3.18418
0.03636 3.85809 2.21066
0.05495 5.86531 3.36106
0.02716 2.89441 1.65844
0.03860 4.11644 2.35871
0.02700 2.87991 1.65012
0.02271 2.41865 1.38582
0.02402 2.58513 1.48121
0.03360 3.62689 2.07817
0.03291 3.58661 2.05509
0.01602 1.76533 1.01148
0.00113 0.12629 0.07236
0.01977 2.23286 1.27936
0.00893 1.02538 0.58750
0.02826 3.32563 1.90553
0.01290 1.55187 0.88917
0.00626 0.76367 0.43755
0.00863 1.05571 0.60488
0.01051 1.28552 0.73655
0.05808 7.11482 4.07735
0.02587 3.16589 1.81399
0.02478 3.04626 1.74544
0.03594 4.41868 2.53192
0.02391 2.94458 1.68718
0.01879 2.32681 1.33319
0.02097 2.61666 1.49928
0.00880 1.11040 0.63621
0.01590 2.00328 1.14781
0.00888 1.11891 0.64109
0.01908 2.40467 1.37781
0.03454 4.39108 2.51611
0.01853 2.35204 1.34765
0.00362 0.45906 0.26302
0.01705 2.20742 1.26479
0.03159 4.09748 2.34785
0.01230 1.59640 0.91468
0.04920 6.39164 3.66277
0.00954 1.23404 0.70706
0.01356 1.75601 1.00613
0.00251 0.32932 0.18869
0.02235 2.96603 1.69947
0.02116 2.84095 1.62780
0.02061 2.82317 1.61761
0.02032 2.84559 1.63046
0.02334 3.34729 1.91795
0.02852 4.21340 2.41428
0.02576 3.92969 2.25169
0.01526 2.43425 1.39476
0.00463 0.77088 0.44168
0.03239 5.65540 3.24074
0.03227 5.88176 3.37049
0.02303 4.40438 2.52373
0.01838 3.67250 2.10431
0.02016 4.19414 2.40324
0.01496 3.20366 1.83564
0.01296 2.78325 1.59473
0.01492 3.27752 1.87796
0.00920 2.03506 1.16602
0.00533 1.19601 0.68527
0.02276 5.02554 2.87972
0.03600 8.76024 5.02086
0.03804 9.32532 5.34496
0.03193 8.22156 4.71194
0.05028 13.77355 7.89791
0.03362 9.87001 5.65740
0.02195 6.89115 3.94912
0.02203 6.92730 3.96985
0.01071 3.39009 1.94247
0.36262 114.86726 70.10634
0.30152 96.91631 57.97012
0.01252 4.05514 2.32358
0.02085 6.86544 3.93438
0.01868 6.15351 3.52626
0.01189 4.01666 2.30153
0.01057 3.59392 2.05927
0.00892 3.01592 1.72806
0.01598 5.33613 3.05774
0.02982 9.76499 5.59715
0.03207 10.46898 6.00103
0.00914 2.91168 1.66833
0.03439 10.77753 6.17806
0.04194 12.96131 7.43149
0.02308 7.01698 4.02126
0.03758 11.20379 6.42266
0.03251 9.36774 5.36928
0.04040 11.41215 6.54224
0.03402 9.24257 5.29749
0.01066 2.82384 1.61800
0.01750 4.47103 2.56193
0.04374 10.78371 6.18161
0.02812 6.81736 3.90682
0.02799 6.53112 3.74272
0.02680 6.13038 3.51300
0.04223 9.37166 5.37153
0.03909 8.43242 4.83285
0.02763 5.89050 3.37549
0.03887 8.00918 4.59015
0.05728 11.53049 6.61015
0.01486 2.93869 1.68381
0.06586 12.68055 7.27030
0.03632 6.98855 4.00496
0.07596 14.11260 8.09265
0.05116 9.40384 5.38999
0.02687 4.84674 2.77725
0.03878 6.79772 3.89556
0.03663 6.37080 3.65082
0.05163 8.73222 5.00478
0.05350 8.96599 5.13886
0.07902 12.78260 7.32888
0.00905 1.46185 0.83758
0.03090 4.90784 2.81227
0.06077 9.41914 5.39877
0.02905 4.53664 2.59953
0.07909 11.97884 6.86748
0.02064 3.15163 1.80583
0.01227 1.86711 1.06979
0.01819 2.68217 1.53682
0.01351 2.01157 1.15256
0.02261 3.25277 1.86378
0.00735 1.05367 0.60371
0.01651 2.30305 1.31958
0.06358 8.86712 5.08215
0.01777 2.45241 1.40516
0.00814 1.10381 0.63244
0.01095 1.47590 0.84564
0.01457 1.92573 1.10338
0.00905 1.19357 0.68387
0.02252 2.92020 1.67321
0.02348 3.01243 1.72606
0.03734 4.75279 2.72340
0.03026 3.83391 2.19680
0.03270 4.12561 2.36397
0.03714 4.64521 2.66175
0.03138 3.86630 2.21537
0.02496 3.03856 1.74103
0.00601 0.72060 0.41287
0.02017 2.42349 1.38859
0.01148 1.37210 0.78616
0.00617 0.73407 0.42059
0.00772 0.91476 0.52412
0.01641 1.92575 1.10339
0.00292 0.33671 0.19292
0.02521 3.03091 1.73665
0.03042 3.56009 2.03989
0.02550 2.98253 1.70893
0.02969 3.49099 2.00029
0.02304 2.68180 1.53660
0.01855 2.21541 1.26936
0.02469 2.92884 1.67816
0.01923 2.29661 1.31589
0.02011 2.41494 1.38369
0.01964 2.36898 1.35736
0.02781 3.39844 1.94726
0.01610 2.00579 1.14925
0.01810 2.29585 1.31546
0.01903 2.46911 1.41473
0.01457 1.93451 1.10841
0.00814 1.09867 0.62949
0.01827 2.60893 1.49485
0.00680 0.98144 0.56232
0.01980 2.88312 1.65196
0.04416 6.61602 3.79139
0.03972 6.26955 3.59278
0.02491 3.93542 2.25498
0.00617 0.99280 0.56883
0.00940 1.60658 0.92051
0.01520 2.56585 1.47016
0.01348 2.35724 1.35063
0.03529 6.19148 3.54802
0.00995 1.75434 1.00517
0.01991 3.60086 2.06325
0.00902 1.64149 0.94051
0.01281 2.41588 1.38423
0.00399 0.77321 0.44302
0.00735 1.41729 0.81205
0.03834 7.72637 4.42798
0.04675 9.17193 5.25697
0.05973 12.38916 7.10301
0.02759 5.48836 3.14499
0.04163 8.86679 5.08196
0.50793 102.01129 61.33518
0.11676 25.30926 14.54012
0.06021 12.18339 6.98489
0.07148 15.78148 9.05153
0.03367 7.50031 4.29837
0.05000 10.39688 5.95966
0.03797 8.49945 4.87129
0.07109 14.74374 8.45521
0.04041 8.88774 5.09398
0.04223 8.58905 4.92268
0.04921 10.57538 6.06207
0.04318 8.68233 4.97617
0.03061 6.35662 3.64269
0.02076 4.19326 2.40274
0.02379 4.55411 2.60954
0.01317 2.53000 1.44962
0.02438 4.44185 2.54520
0.03221 6.00248 3.43969
0.01552 2.72609 1.56199
0.01648 2.98500 1.71034
0.00425 0.73065 0.41863
0.00517 0.86441 0.49527
0.02059 3.31446 1.89914
0.01601 2.58400 1.48056
0.06335 9.82377 5.63087
0.01292 1.96549 1.12616
0.01026 1.53365 0.87873
0.02269 3.31356 1.89862
0.02782 3.99476 2.28898
0.05183 7.28120 4.17274
0.01247 1.71797 0.98434
0.01680 2.27068 1.30103
0.02819 3.73729 2.14144
0.02080 2.72204 1.55966
0.02606 3.33912 1.91326
0.00390 0.49257 0.28222
0.02503 3.11380 1.78415
0.03470 4.24753 2.43384
0.01365 1.64647 0.94337
0.02097 2.49338 1.42864
0.01768 2.07136 1.18682
0.01143 1.31751 0.75488
0.00794 0.90647 0.51937
0.02547 2.85828 1.63773
0.05949 6.60809 3.78685
0.00798 0.87728 0.50264
0.00647 0.70401 0.40337
0.08388 9.06251 5.19422
0.01596 1.70934 0.97939
0.11944 12.70885 7.28654
0.01684 1.78150 1.02074
0.02485 2.61966 1.50100
0.00716 0.75323 0.43157
0.01352 1.41678 0.81176
0.03387 3.55486 2.03689
0.05774 6.06621 3.47622
0.05860 6.15685 3.52817
0.09316 9.83681 5.63835
0.06388 6.69110 3.83443
0.01447 1.52015 0.87099
0.01476 1.54992 0.88805
0.06721 7.09841 4.06794
0.01445 1.53342 0.87859
0.01502 1.59657 0.91478
0.02607 2.77413 1.58951
0.04738 5.04635 2.89165
0.01393 1.48950 0.85343
0.00937 1.00348 0.57496
0.01267 1.36051 0.77952
0.01130 1.21671 0.69713
0.03891 4.18919 2.40041
0.00560 0.60554 0.34695
0.02457 2.64530 1.51569
0.00246 0.26476 0.15170
0.03181 3.42507 1.96252
0.14951 16.04488 9.20293
0.02851 3.06985 1.75896
0.02409 2.58764 1.48265
0.01413 1.51916 0.87042
0.01049 1.12301 0.64344
0.05041 5.37737 3.08138
0.03721 3.96285 2.27069
0.02835 3.00284 1.72057
0.04235 4.48549 2.57021
0.04125 4.35056 2.49288
0.01945 2.03806 1.16775
0.01960 2.05152 1.17546
0.02402 2.51342 1.44012
0.05295 5.53133 3.16963
0.03292 3.40425 1.95059
0.00137 0.14079 0.08067
0.01674 1.71089 0.98028
0.02644 2.69171 1.54228
0.02391 2.41277 1.38245
0.02668 2.68102 1.53616
0.02787 2.78599 1.59631
0.02097 2.06043 1.18056
0.01786 1.77043 1.01440
0.02864 2.79917 1.60386
0.01231 1.20739 0.69179
0.00794 0.77475 0.44390
0.01923 1.85680 1.06388
0.04477 4.29223 2.45945
0.00230 0.21947 0.12575
0.05473 5.17938 2.96790
0.08886 8.40830 4.81902
0.00919 0.86056 0.49307
0.08941 8.39643 4.81221
0.04629 4.33558 2.48430
0.05409 5.05951 2.89920
0.02957 2.76866 1.58638
0.01306 1.22264 0.70053
0.03115 2.90688 1.66558
0.08379 7.84066 4.49352
0.03684 3.44440 1.97359
0.08048 7.51881 4.30897
0.01132 1.05871 0.60660
0.06292 5.89317 3.37703
0.02227 2.08140 1.19258
0.03793 3.55277 2.03570
0.01092 1.02054 0.58473
0.01634 1.53191 0.87773
0.01246 1.16668 0.66846
0.01718 1.60653 0.92048
0.01296 1.21530 0.69632
0.01533 1.43269 0.82088
0.02087 1.95376 1.11944
0.04343 4.07653 2.33584
0.01735 1.62339 0.93015
0.05449 5.11398 2.93041
0.01587 1.48968 0.85353
0.03677 3.45251 1.97824
0.04152 3.88896 2.22835
0.02082 1.93619 1.10937
0.02409 2.23533 1.28078
0.01120 1.04068 0.59627
0.03828 3.54370 2.03050
0.01627 1.50631 0.86306
0.03674 3.40190 1.94924
0.03577 3.29818 1.88980
0.01252 1.15636 0.66255
0.00976 0.90241 0.51705
0.03784 3.48223 1.99527
0.02683 2.46388 1.41174
0.03463 3.15494 1.80772
0.02904 2.64645 1.51635
0.01502 1.36707 0.78328
0.04061 3.69410 2.11668
0.05112 4.59279 2.63171
0.02937 2.64017 1.51275
0.13908 12.50362 7.16872
0.00814 0.73515 0.42121
0.01170 1.04983 0.60151
0.02045 1.81884 1.04213
0.02162 1.89976 1.08850
0.01190 1.04875 0.60089
0.01703 1.49695 0.85769
0.01586 1.38761 0.79505
0.01090 0.95130 0.54506
0.01174 1.02027 0.58458
0.00709 0.61477 0.35224
0.00262 0.22580 0.12937
0.01008 0.86929 0.49807
0.00332 0.28419 0.16283
0.01377 1.17534 0.67342
0.04911 4.18754 2.39946
0.04759 4.06788 2.33089
0.04030 3.45941 1.98220
0.00956 0.81949 0.46953
0.00487 0.41843 0.23974
0.01685 1.45240 0.83217
0.01614 1.39157 0.79732
0.02067 1.78693 1.02385
0.05227 4.52458 2.59261
0.05495 4.77804 2.73788
0.02754 2.39219 1.37065
0.05926 5.17296 2.96422
0.00427 0.37570 0.21526
0.05853 5.14236 2.94668
0.02716 2.39325 1.37126
0.01777 1.56551 0.89698
0.02414 2.14058 1.22648
0.02242 1.99379 1.14238
0.01187 1.07096 0.61362
0.04245 3.83143 2.19538
0.02450 2.23014 1.27780
0.01967 1.81965 1.04260
0.01238 1.15482 0.66167
0.05890 5.56452 3.18865
0.00218 0.20933 0.11994
0.04505 4.36217 2.49954
0.04113 4.09949 2.34900
0.03783 3.79591 2.17503
0.06533 6.67877 3.82736
0.04165 4.32751 2.47968
0.00595 0.62642 0.35891
0.03735 4.02280 2.30505
0.17261 18.86984 10.82773
0.11044 12.29346 7.04808
0.03878 4.41136 2.52773
0.01128 1.30471 0.74755
0.09638 11.41385 6.54321
0.01943 2.32323 1.33114
0.02438 2.97658 1.70552
0.02461 3.03909 1.74134
0.05554 7.18027 4.11488
0.07165 10.06305 5.76814
0.01090 1.52984 0.87654
0.02104 2.95087 1.69079
0.02188 3.06954 1.75879
0.02126 2.98713 1.71156
0.02217 3.11500 1.78484
0.04896 6.87464 3.93965
0.01400 1.96825 1.12774
0.06227 8.75741 5.01923
0.01942 2.73457 1.56684
0.05207 7.32317 4.19680
0.10994 15.48085 8.87875
0.09721 13.68849 7.84907
0.04943 6.96224 3.98988
0.10623 14.43529 8.27801
0.02612 4.26308 2.44275
0.00688 1.15710 0.66298
0.02409 4.17719 2.39353
0.02200 3.95469 2.26602
0.02966 5.56533 3.18911
0.03186 6.18946 3.54687
0.01543 3.15989 1.81056
0.00685 1.47618 0.84580
0.04504 10.32000 5.91555
0.02542 6.18567 3.54469
0.03261 8.45261 4.84443
0.02781 7.75011 4.44160
0.00870 2.61137 1.49625
0.02210 7.13744 4.09032
0.01932 6.69116 3.83447
0.01496 5.60382 3.21117
0.02514 10.20702 5.85073
0.02532 10.90458 6.25096
0.03364 15.20235 8.71872
0.03251 15.13928 8.68247
0.02199 10.56714 6.05735
0.11315 55.81194 32.40818
0.03803 19.17919 11.00578
0.05214 26.44104 15.19408
0.05115 25.77634 14.80995
0.08378 42.06680 24.28385
0.05225 26.24802 15.08252
0.01746 8.84042 5.06684
0.02981 15.09852 8.65906
0.05431 27.35497 15.72253
0.04554 23.00950 13.21273
0.04015 20.31783 11.66137
0.01878 9.34573 5.35666
0.20195 95.03933 56.74431
0.01212 5.29092 3.03183
0.02383 9.50619 5.44870
0.02649 9.77718 5.60414
0.02783 9.61413 5.51062
0.03748 12.30208 7.05303
0.02102 6.48715 3.71751
0.00836 2.44053 1.39836
0.01121 3.04078 1.74231
0.01508 3.85943 2.21143
0.01994 4.81075 2.75662
0.02778 6.30171 3.61121
0.03128 6.74622 3.86603
0.06080 12.44975 7.13780
0.03303 6.52311 3.73813
0.01264 2.39923 1.37469
0.03546 6.52482 3.73911
0.01342 2.40702 1.37916
0.01971 3.41729 1.95806
0.01026 1.71782 0.98425
0.00696 1.12288 0.64337
0.01724 2.69146 1.54214
0.02310 3.48732 1.99819
0.01060 1.55942 0.89349
0.00901 1.30394 0.74711
0.01207 1.70844 0.97888
0.00909 1.26432 0.72441
0.00604 0.81225 0.46539
0.02956 3.84375 2.20244
0.05113 6.45834 3.70100
0.00211 0.26098 0.14953
0.01267 1.55742 0.89234
0.00702 0.84285 0.48292
0.03947 4.68884 2.68675
0.05000 5.76911 3.30592
0.02866 3.25196 1.86332
0.03167 3.55630 2.03772
0.06566 7.28459 4.17469
0.02777 3.03922 1.74141
0.03371 3.64624 2.08926
0.02030 2.17365 1.24543
0.01249 1.32141 0.75712
0.01184 1.23497 0.70759
0.02051 2.11457 1.21158
0.02453 2.49460 1.42934
0.01439 1.45539 0.83389
0.01376 1.38089 0.79120
0.00995 0.99211 0.56844
0.00364 0.36169 0.20723
0.00634 0.62386 0.35745
0.00975 0.95407 0.54664
0.01059 1.03048 0.59043
0.00988 0.95880 0.54935
0.01897 1.82570 1.04606
0.01916 1.84156 1.05515
0.01184 1.12580 0.64504
0.01487 1.41022 0.80800
0.01777 1.68734 0.96679
0.01157 1.09024 0.62466
0.01492 1.40585 0.80550
0.02789 2.62345 1.50317
0.01473 1.38464 0.79335
0.01598 1.50456 0.86206
0.01828 1.71514 0.98271
0.01817 1.71586 0.98313
0.01272 1.19911 0.68705
0.01489 1.39855 0.80132
0.00789 0.73728 0.42243
0.01347 1.25920 0.72147
0.01306 1.22824 0.70373
0.01757 1.66322 0.95297
0.01334 1.26367 0.72404
0.02157 2.03782 1.16761
0.01166 1.09231 0.62585
0.02174 2.03292 1.16480
0.01514 1.41512 0.81081
0.00719 0.67340 0.38583
0.01530 1.43369 0.82145
0.02730 2.56159 1.46772
0.00351 0.32923 0.18863
0.04175 3.89323 2.23080
0.03451 3.21800 1.84386
0.04047 3.76049 2.15473
0.05404 5.05820 2.89845
0.01271 1.18862 0.68103
0.01790 1.67107 0.95746
0.02398 2.22745 1.27626
0.04554 4.21207 2.41352
0.02845 2.63041 1.50716
0.02722 2.52774 1.44832
0.01486 1.38207 0.79188
0.05423 5.02583 2.87989
0.01499 1.38816 0.79537
0.02434 2.25254 1.29064
0.03508 3.24594 1.85987
0.02348 2.16939 1.24299
0.03395 3.13536 1.79650
0.02301 2.12835 1.21948
0.02489 2.30509 1.32075
0.03064 2.82613 1.61931
0.02984 2.74320 1.57179
0.02333 2.13331 1.22232
0.02638 2.41270 1.38241
0.01558 1.42742 0.81786
0.01879 1.72212 0.98672
0.01653 1.51420 0.86758
0.02335 2.14331 1.22805
0.03420 3.14935 1.80452
0.02786 2.53628 1.45322
0.02446 2.22854 1.27689
0.02683 2.44842 1.40288
0.01971 1.79618 1.02915
0.02333 2.12303 1.21643
0.01908 1.73703 0.99526
0.01611 1.46382 0.83871
0.08467 7.70056 4.41318
0.01741 1.57694 0.90353
0.03174 2.87956 1.64992
0.00457 0.41478 0.23765
0.01342 1.21444 0.69583
0.02520 2.27643 1.30432
0.01446 1.30221 0.74612
0.01966 1.77562 1.01737
0.02708 2.44577 1.40136
0.02510 2.26107 1.29552
0.01545 1.38607 0.79416
0.01619 1.45489 0.83360
0.02413 2.16737 1.24184
0.00937 0.83655 0.47931
0.01567 1.40277 0.80373
0.02269 2.02289 1.15905
0.01020 0.91428 0.52385
0.02791 2.49128 1.42744
0.04285 3.82199 2.18997
0.01914 1.70174 0.97504
0.03986 3.52689 2.02086
0.02685 2.37568 1.36120
0.02194 1.94039 1.11178
0.08386 7.40918 4.24612
0.01195 1.05440 0.60413
0.04973 4.39385 2.51769
0.05277 4.64329 2.66065
0.04385 3.86573 2.21504
0.02088 1.83565 1.05177
0.02105 1.84686 1.05819
0.02333 2.05104 1.17518
0.02830 2.47784 1.41973
0.01821 1.59394 0.91327
0.01546 1.35686 0.77743
0.01455 1.27739 0.73189
0.00512 0.44817 0.25678
0.01737 1.51924 0.87047
0.02052 1.78981 1.02550
0.01945 1.71250 0.98120
0.01450 1.27132 0.72842
0.03027 2.65911 1.52360
0.03074 2.69260 1.54279
0.01028 0.90710 0.51973
0.00689 0.60847 0.34863
0.01412 1.24088 0.71098
0.01539 1.34520 0.77075
0.03491 3.08791 1.76931
0.02993 2.65953 1.52384
0.01484 1.33247 0.76345
0.03060 2.74676 1.57383
0.00346 0.30874 0.17689
0.01356 1.20714 0.69164
0.02280 2.03719 1.16725
0.01611 1.45298 0.83251
0.01764 1.60017 0.91684
0.01854 1.70727 0.97821
0.01893 1.75172 1.00367
0.02299 2.11622 1.21253
0.03718 3.39289 1.94408
0.00210 0.19228 0.11017
0.01087 1.01423 0.58111
0.01965 1.86292 1.06739
0.00710 0.67644 0.38757
0.01174 1.15239 0.66027
0.01313 1.27264 0.72917
0.05808 5.60852 3.21387
0.00797 0.77130 0.44192
0.02246 2.20008 1.26058
0.01661 1.64120 0.94035
0.04752 4.75266 2.72333
0.02856 2.86946 1.64414
0.01772 1.79223 1.02689
0.01855 1.90295 1.09033
0.04529 4.62004 2.64733
0.02420 2.47885 1.42031
0.02183 2.25124 1.28989
0.01366 1.43147 0.82018
0.02082 2.19468 1.25749
0.01385 1.45867 0.83576
0.01557 1.65008 0.94543
0.05595 5.95595 3.41301
0.07628 8.23909 4.72199
0.05287 5.73144 3.28432
0.09812 10.67977 6.12197
0.02038 2.22327 1.27387
0.03397 3.72437 2.13403
0.06919 7.62645 4.37070
0.02187 2.41739 1.38510
0.03100 3.45789 1.98132
0.00730 0.82270 0.47137
0.01563 1.76156 1.00931
0.01138 1.28155 0.73428
0.01773 1.99325 1.14207
0.01949 2.21400 1.26856
0.01367 1.56984 0.89946
0.02287 2.65201 1.51953
0.00878 1.02318 0.58624
0.01641 1.91522 1.09736
0.02903 3.38407 1.93902
0.01680 1.97375 1.13089
0.01325 1.56653 0.89757
0.03140 3.76187 2.15552
0.02187 2.62533 1.50424
0.01940 2.35665 1.35029
0.01880 2.32081 1.32976
0.01017 1.28407 0.73572
0.00836 1.06449 0.60991
0.02204 2.85421 1.63540
0.01568 2.05571 1.17785
0.00823 1.09732 0.62872
0.00799 1.08151 0.61966
0.02017 2.75400 1.57798
0.04409 6.15889 3.52934
0.04171 5.90849 3.38581
0.03274 4.71249 2.70031
0.01525 2.22447 1.27455
0.00806 1.19511 0.68475
0.00916 1.37629 0.78856
0.02345 3.58748 2.05559
0.02483 3.87070 2.21789
0.03428 5.45488 3.12580
0.08432 13.70291 7.85735
0.03239 5.39443 3.09115
0.63040 106.82569 64.56965
0.06470 11.11012 6.36891
0.53597 94.09047 56.12733
0.06501 11.51652 6.60213
0.06166 11.22314 6.43376
0.12079 22.42126 12.87350
0.01798 3.43182 1.96638
0.02035 3.93773 2.25630
0.01178 2.32968 1.33484
0.02294 4.62255 2.64876
0.01356 2.79087 1.59911
0.01538 3.25223 1.86347
0.03642 7.84896 4.49828
0.03514 7.79150 4.46533
0.02778 6.39021 3.66194
0.44692 106.13091 64.09938
0.02453 6.01326 3.44587
0.01215 3.08873 1.76978
0.02887 7.46184 4.27631
0.32977 89.73793 53.31929
0.26859 73.84337 43.33465
0.35496 100.48602 60.32181
0.28649 85.23696 50.45136
0.11321 33.19266 19.10640
0.12775 40.03004 23.09148
0.25781 79.05519 46.56637
0.16681 51.77239 30.00509
0.14343 46.10370 26.65520
0.26950 84.95366 50.27200
0.22756 74.17603 43.53982
0.02091 6.72039 3.85122
0.10209 33.53285 19.30408
0.03842 12.97985 7.44214
0.02286 7.58580 4.34739
0.02380 8.04375 4.60997
0.25568 86.62756 51.33372
0.33525 117.76483 72.14722
0.33605 117.67228 72.08163
0.35885 123.34744 76.15652
0.34363 116.74850 71.42840
0.28107 94.90182 56.65478
0.34760 117.41812 71.90163
0.01254 4.31737 2.47386
0.04188 14.15474 8.11686
0.30615 103.28234 62.18372
0.03545 12.00778 6.88409
0.36539 121.42920 74.76685
0.02437 8.10641 4.64590
0.05544 18.03913 10.34973
0.30792 98.16596 58.79028
0.02295 7.08550 4.06054
0.23408 71.42836 41.84954
0.09027 27.20800 15.63752
0.01657 4.93741 2.82922
0.01915 5.47438 3.13698
0.00704 2.04043 1.16910
0.02437 6.75734 3.87241
0.02527 6.84386 3.92201
0.05524 14.68441 8.42112
0.04473 11.56325 6.62895
0.07340 18.02044 10.33897
0.28059 66.64757 38.93084
0.42978 97.71041 58.49091
0.02062 4.44962 2.54965
0.00776 1.63119 0.93462
0.01734 3.52621 2.02047
0.00862 1.67880 0.96190
0.01321 2.46601 1.41295
0.01677 3.00461 1.72158
0.01184 2.04441 1.17138
0.01069 1.76535 1.01149
0.00888 1.41852 0.81276
0.00495 0.75769 0.43412
0.01296 1.89431 1.08538
0.01585 2.22799 1.27657
0.01180 1.59005 0.91104
0.00925 1.21072 0.69370
0.00834 1.06157 0.60824
0.01627 2.01477 1.15440
0.00783 0.93541 0.53595
0.01621 1.88074 1.07760
0.01425 1.61319 0.92430
0.02263 2.49841 1.43152
0.01044 1.12706 0.64576
0.01832 1.92986 1.10574
0.01957 2.00886 1.15101
0.02527 2.53268 1.45116
0.02358 2.30739 1.32206
0.01573 1.50540 0.86254
0.02890 2.70738 1.55126
0.02168 1.99094 1.14074
0.00759 0.68220 0.39087
0.01957 1.71480 0.98252
0.02439 2.10069 1.20363
0.02430 2.05625 1.17816
0.02704 2.27674 1.30450
0.03495 2.94044 1.68481
0.01018 0.86156 0.49364
0.01028 0.87416 0.50086
0.04852 4.13377 2.36864
0.00304 0.25836 0.14803
0.03367 2.86054 1.63903
0.00960 0.81710 0.46816
0.02251 1.90390 1.09087
0.05934 5.03671 2.88613
0.02012 1.70547 0.97718
0.03647 3.09184 1.77156
0.02008 1.70385 0.97625
0.02583 2.19432 1.25728
0.01583 1.34781 0.77225
0.01530 1.30789 0.74937
0.03692 3.15056 1.80521
0.01605 1.37919 0.79023
0.00170 0.14596 0.08363
0.01211 1.04435 0.59837
0.02545 2.19324 1.25666
0.01834 1.58372 0.90742
0.01657 1.43406 0.82166
0.02255 1.95614 1.12080
0.02946 2.56341 1.46877
0.03119 2.71996 1.55847
0.02973 2.59455 1.48661
0.03241 2.84567 1.63051
0.01078 0.94827 0.54332
0.02396 2.11447 1.21152
0.00712 0.62777 0.35969
0.02139 1.89009 1.08296
0.01971 1.74003 0.99698
0.00915 0.81359 0.46615
0.03357 3.00552 1.72210
0.00670 0.60085 0.34426
0.02090 1.88213 1.07839
0.01208 1.08381 0.62098
0.01539 1.38762 0.79505
0.00590 0.53504 0.30656
0.02225 2.02606 1.16086
0.02276 2.07121 1.18673
0.03082 2.80310 1.60611
0.01350 1.22760 0.70337
0.02677 2.43463 1.39497
0.00557 0.50875 0.29149
0.01275 1.17394 0.67262
0.01901 1.75031 1.00287
0.01020 0.93841 0.53767
0.02924 2.67512 1.53278
0.04054 3.69709 2.11840
0.01524 1.39025 0.79656
0.01746 1.58732 0.90948
0.02331 2.13376 1.22258
0.02625 2.40853 1.38002
0.01075 0.98818 0.56619
0.01023 0.94129 0.53932
0.02273 2.09746 1.20178
0.01293 1.19601 0.68527
0.01509 1.39686 0.80035
0.02058 1.91126 1.09509
0.06607 6.12596 3.51047
0.07417 6.91442 3.96246
0.03104 2.90056 1.66196
0.01458 1.36591 0.78261
0.02164 2.03598 1.16655
0.01999 1.87724 1.07560
0.02407 2.26714 1.29900
0.02012 1.90462 1.09128
0.01975 1.86715 1.06981
0.02564 2.43668 1.39615
0.00181 0.17152 0.09827
0.00949 0.90772 0.52009
0.02117 2.02130 1.15814
0.02088 2.00481 1.14869
0.01799 1.73187 0.99230
0.01979 1.90489 1.09144
0.01223 1.17963 0.67588
0.00921 0.89275 0.51151
0.00893 0.87075 0.49891
0.01084 1.05054 0.60192
0.00726 0.70781 0.40555
0.00837 0.81810 0.46874
0.01688 1.65674 0.94925
0.01290 1.26984 0.72757
0.00789 0.77568 0.44443
0.02165 2.13666 1.22424
0.03317 3.28959 1.88488
0.02416 2.40253 1.37658
0.03585 3.58177 2.05231
0.01710 1.70511 0.97697
0.05704 5.71344 3.27401
0.00894 0.89745 0.51420
0.01125 1.13656 0.65121
0.02363 2.39690 1.37336
0.02910 2.95174 1.69128
0.04863 4.95310 2.83821
0.08855 9.03717 5.17968
0.05172 5.29580 3.03463
0.04167 4.28113 2.45309
0.03003 3.09108 1.77113
0.02978 3.08895 1.76991
0.00662 0.68608 0.39310
0.03516 3.64724 2.08983
0.04748 4.93411 2.82732
0.01033 1.07398 0.61535
0.02020 2.11449 1.21154
0.03085 3.22393 1.84726
0.01676 1.75283 1.00431
0.03934 4.09253 2.34501
0.03457 3.59495 2.05987
0.02051 2.13244 1.22182
0.01109 1.14885 0.65824
0.01734 1.79550 1.02876
0.04114 4.23761 2.42815
0.03487 3.58602 2.05475
0.03164 3.23254 1.85219
0.03371 3.41836 1.95867
0.02936 2.97589 1.70512
0.01316 1.31797 0.75515
0.03833 3.84328 2.20217
0.04020 4.01825 2.30244
0.01794 1.76962 1.01393
0.01373 1.35250 0.77493
0.01690 1.65643 0.94908
0.03439 3.35709 1.92356
0.01115 1.08304 0.62054
0.01371 1.32296 0.75801
0.01123 1.06962 0.61285
0.01754 1.66161 0.95204
0.02309 2.16761 1.24197
0.02259 2.11542 1.21207
0.02852 2.65889 1.52348
0.01896 1.75189 1.00377
0.03166 2.91238 1.66873
0.03332 3.05020 1.74771
0.04608 4.18321 2.39698
0.04918 4.45249 2.55130
0.03052 2.74177 1.57097
0.03665 3.27849 1.87852
0.01987 1.74780 1.00143
0.01107 1.00531 0.57600
0.01326 1.19075 0.68225
0.01106 0.98541 0.56460
0.00609 0.54538 0.31248
0.01254 1.12441 0.64424
0.01712 1.53685 0.88056
0.01471 1.32940 0.76170
0.01556 1.40629 0.80575
0.01295 1.17326 0.67223
0.01554 1.40900 0.80730
0.01959 1.78620 1.02343
0.02003 1.82144 1.04362
0.02010 1.84417 1.05665
0.03560 3.27208 1.87485
0.00941 0.86551 0.49590
0.02065 1.90951 1.09409
0.01774 1.64319 0.94149
0.02291 2.13333 1.22233
0.00899 0.84136 0.48207
0.03236 3.03822 1.74084
0.02035 1.92239 1.10147
0.03735 3.53873 2.02765
0.02278 2.17004 1.24336
0.04408 4.20340 2.40855
0.02409 2.30809 1.32247
0.02504 2.42342 1.38855
0.02713 2.62661 1.50498
0.03052 2.98479 1.71022
0.02965 2.93192 1.67993
0.01767 1.78005 1.01990
0.05369 5.53877 3.17389
0.06035 6.38137 3.65688
0.04786 5.19964 2.97951
0.05105 5.73246 3.28491
0.04585 5.30231 3.03835
0.07276 8.67085 4.96959
0.03939 4.83022 2.76778
0.04548 5.78344 3.31413
0.04576 6.05525 3.46993
0.03891 5.33201 3.05538
0.03256 4.64689 2.66271
0.00887 1.30933 0.75020
0.01736 2.59072 1.48441
0.03875 6.33036 3.62764
0.02419 3.96307 2.27082
0.03928 6.63211 3.80062
0.01783 3.10863 1.78118
0.03063 5.48680 3.14410
0.06676 12.18407 6.98528
0.15761 29.56062 16.99927
0.18492 35.31559 20.34099
0.19167 37.44616 21.58244
0.28511 57.55920 33.45210
0.23429 48.39872 28.00847
0.16954 36.76759 21.18678
0.02756 6.14851 3.52339
0.04109 9.48106 5.43428
0.00804 1.96605 1.12648
0.02131 5.45867 3.12798
0.02236 6.20019 3.55302
0.01745 5.14768 2.94973
0.04268 13.53186 7.75911
0.02416 8.16396 4.67890
0.00732 2.47741 1.41949
0.04347 15.00252 8.60389
0.02858 9.89402 5.67117
0.03867 13.18665 7.56088
0.02739 9.69013 5.55421
0.03793 13.30555 7.62916
0.07120 25.85106 14.85312
0.01986 7.29291 4.17946
0.02101 7.48754 4.29105
0.02787 9.98098 5.72106
0.04461 15.09956 8.65965
0.03438 11.52500 6.60700
0.01478 4.66375 2.67237
0.02443 7.62683 4.37091
0.01846 5.56882 3.19111
0.07010 20.01051 11.48440
0.01086 3.06634 1.75695
0.01781 4.71118 2.69956
0.00650 1.69807 0.97294
0.03061 7.65365 4.38629
0.02032 4.74724 2.72022
0.03804 8.63527 4.94918
0.02480 5.28230 3.02688
0.04209 8.68517 4.97780
0.02336 4.51553 2.58743
0.01489 2.85488 1.63578
0.04557 8.26165 4.73492
0.03156 5.45711 3.12708
0.02451 4.09603 2.34702
0.01207 1.94150 1.11241
0.03351 5.19533 2.97704
0.01390 2.07771 1.19046
0.00489 0.70075 0.40150
0.01304 1.83409 1.05087
0.03430 4.68669 2.68552
0.04755 6.32844 3.62654
0.00995 1.29291 0.74079
0.00897 1.13698 0.65145
0.01153 1.41611 0.81138
0.02229 2.65835 1.52317
0.01898 2.21343 1.26823
0.01140 1.30348 0.74684
0.01073 1.20097 0.68811
0.02425 2.66309 1.52588
0.04038 4.33535 2.48416
0.11439 12.05763 6.91271
0.04668 4.84386 2.77560
0.02092 2.14829 1.23090
0.01642 1.59529 0.91404
0.02130 2.22477 1.27472
0.03753 3.69457 2.11695
0.02276 2.18854 1.25397
0.03060 2.92085 1.67358
0.03420 3.22372 1.84714
0.01918 1.77444 1.01669
0.01119 1.02764 0.58880
0.01124 1.01803 0.58329
0.00689 0.61725 0.35366
0.02697 2.38263 1.36518
0.01776 1.54235 0.88371
0.02056 1.77258 1.01563
0.02258 1.93997 1.11154
0.02667 2.27228 1.30195
0.02286 1.92833 1.10487
0.01568 1.31474 0.75330
0.07092 5.91621 3.39023
0.01650 1.37052 0.78526
0.01628 1.35844 0.77834
0.01630 1.35418 0.77589
0.00532 0.44005 0.25213
0.02643 2.18299 1.25078
0.01381 1.13816 0.65212
0.00226 0.18710 0.10720
0.05665 4.68601 2.68513
0.18041 14.91986 8.55640
0.03229 2.67771 1.53426
0.01580 1.31320 0.75241
0.02133 1.79605 1.02908
0.01602 1.34839 0.77258
0.01494 1.25052 0.71650
0.01704 1.42598 0.81703
0.03076 2.58130 1.47902
0.03261 2.74560 1.57316
0.03457 2.89448 1.65847
0.03174 2.65737 1.52260
0.03157 2.66136 1.52489
0.04582 3.83872 2.19956
0.03442 2.87912 1.64967
0.02614 2.17322 1.24519
0.02330 1.94179 1.11258
0.02093 1.74510 0.99988
0.01129 0.94297 0.54028
0.03287 2.75082 1.57615
0.01942 1.62736 0.93242
0.02441 2.04202 1.17001
0.02796 2.34042 1.34099
0.03976 3.32274 1.90388
0.01474 1.24415 0.71285
0.04453 3.77704 2.16422
0.04626 3.93492 2.25469
0.02359 2.00804 1.15054
0.03842 3.28217 1.88063
0.02768 2.36256 1.35368
0.01776 1.52795 0.87546
0.00630 0.54430 0.31186
0.01250 1.08231 0.62012
0.01704 1.47686 0.84619
0.02718 2.35410 1.34883
0.00557 0.48972 0.28059
0.04880 4.31620 2.47319
0.02644 2.33975 1.34061
0.01296 1.14377 0.65534
0.03226 2.83578 1.62483
0.10980 9.63793 5.52427
0.15208 13.46438 7.72036
0.07799 7.00274 4.01309
0.02292 2.03381 1.16531
0.06503 5.74514 3.29218
0.01624 1.43474 0.82205
0.03283 2.92917 1.67835
0.00766 0.68638 0.39327
0.01115 0.99204 0.56840
0.04855 4.31493 2.47246
0.04412 3.91329 2.24229
0.05432 4.82376 2.76408
0.06236 5.54471 3.17729
0.04805 4.24828 2.43427
0.03697 3.28312 1.88117
0.02483 2.21375 1.26841
0.06460 5.79443 3.32043
0.02767 2.49043 1.42695
0.04111 3.64166 2.08663
0.03187 2.82963 1.62131
0.04834 4.28751 2.45675
0.03143 2.79311 1.60039
0.01665 1.48168 0.84895
0.00383 0.34128 0.19554
0.01156 1.03267 0.59168
0.02229 1.98198 1.13561
0.01767 1.57168 0.90052
0.02336 2.07233 1.18738
0.03297 2.92505 1.67599
0.02884 2.56506 1.46971
0.03521 3.13306 1.79518
0.03555 3.16879 1.81566
0.02049 1.82869 1.04778
0.08167 7.29722 4.18193
0.09214 8.21518 4.70828
0.07094 6.16594 3.53338
0.01078 0.99863 0.57218
0.01634 1.47330 0.84415
0.00406 0.36760 0.21062
0.03568 3.22652 1.84874
0.02307 2.08791 1.19631
0.01346 1.22362 0.70109
0.01151 1.04885 0.60095
0.01077 0.98185 0.56256
0.01260 1.15115 0.65956
0.01989 1.81329 1.03895
0.01583 1.45348 0.83279
0.01168 1.06983 0.61297
0.00774 0.71377 0.40896
0.01043 0.96434 0.55253
0.01036 0.95985 0.54996
0.00706 0.65395 0.37469
0.01763 1.63269 0.93547
0.01105 1.02727 0.58858
0.03931 3.67784 2.10736
0.01674 1.57333 0.90146
0.02881 2.70176 1.54804
0.00276 0.26015 0.14906
0.00569 0.54236 0.31075
0.00641 0.60914 0.34901
0.01036 0.98590 0.56488
0.01706 1.62058 0.92854
0.01593 1.51947 0.87060
0.01390 1.33576 0.76534
0.00832 0.80519 0.46134
0.00457 0.44355 0.25414
0.02074 2.00659 1.14971
0.01509 1.46772 0.84095
0.02109 2.06135 1.18109
0.02826 2.75936 1.58105
0.02760 2.70109 1.54766
0.02903 2.87200 1.64559
0.01206 1.21273 0.69485
0.00486 0.48951 0.28047
0.01677 1.70475 0.97676
0.08753 8.99364 5.15472
0.02364 2.44824 1.40277
0.03173 3.34027 1.91392
0.01754 1.87621 1.07500
0.00972 1.05327 0.60348
0.02963 3.23919 1.85600
0.03351 3.70054 2.12037
0.01877 2.09809 1.20214
0.02229 2.53114 1.45028
0.00932 1.06950 0.61278
0.00582 0.69490 0.39815
0.02046 2.48103 1.42156
0.02816 3.49918 2.00499
0.04365 5.57308 3.19355
0.00586 0.76575 0.43874
0.02363 3.16665 1.81443
0.03423 4.68840 2.68650
0.00720 1.00979 0.57857
0.01464 2.10493 1.20606
0.01667 2.47055 1.41556
0.02224 3.38141 1.93750
0.00784 1.22361 0.70108
0.00602 0.96980 0.55566
0.00996 1.63867 0.93890
0.00832 1.40577 0.80545
0.02181 3.78391 2.16815
0.07427 13.29293 7.62190
0.01982 3.66527 2.10016
0.00734 1.41940 0.81326
0.05323 10.72591 6.14844
0.03856 8.13430 4.66189
0.01793 4.00767 2.29638
0.00657 1.56597 0.89725
0.02533 6.39970 3.66738
0.02097 5.60205 3.21016
0.06343 17.96115 10.30486
0.01932 5.87211 3.36495
0.04449 14.32534 8.21485
0.05956 20.05548 11.51029
0.03172 11.14877 6.39109
0.06528 23.60219 13.55465
0.01744 6.54780 3.75228
0.02187 8.46274 4.85024
0.02005 7.90516 4.53050
0.02745 10.91427 6.25652
0.02645 10.58815 6.06940
0.03691 14.88189 8.53458
0.03182 13.04844 7.48152
0.03382 14.81365 8.49537
0.02426 12.35886 7.08562
0.01410 9.11146 5.22229
0.01008 9.32879 5.34694
0.02145 29.54039 16.98755
0.02040 49.74818 28.80603
0.00388 43.36633 25.04602
0.01339 86.34394 51.15349
0.00635 47.51322 27.48587
0.00401 122.08080 75.23744
0.00288 95.27703 56.89915
0.00324 93.13076 55.50509
0.00218 96.27422 57.54998
0.00162 77.99999 45.90899
0.00373 113.14483 68.90519
0.00278 79.17194 46.63920
0.00431 114.58478 69.90874
0.00304 91.45124 54.42039
0.00348 122.08333 75.23927
0.00327 96.60205 57.76438
0.00554 140.28922 89.08628
0.00189 71.90283 42.14072
0.00289 76.11877 44.74094
0.00181 88.24401 52.36350
0.00540 111.66366 67.87915
0.00251 96.23793 57.52626
0.00203 56.29801 32.69831
0.00244 115.45884 70.52091
0.00248 87.88142 52.13212
0.00310 102.73455 61.81756
0.00442 119.77651 73.57982
0.00267 100.00281 60.00186
0.00145 58.12376 33.79001
0.00290 123.26142 76.09391
0.00228 99.82836 59.88648
0.00362 107.67105 65.14349
0.00279 130.95122 81.80232
0.00248 92.22507 54.91949
0.00293 140.96637 89.63192
0.00383 98.87717 59.25852
0.00108 63.40812 36.96809
0.00441 118.73885 72.83921
0.00255 112.65215 68.56321
0.00236 107.94892 65.33251
0.00172 114.07348 69.55170
0.00159 91.53883 54.47683
0.00086 67.56172 39.48683
0.00136 137.38420 86.77374
0.00190 128.49814 79.95559
0.00131 73.27678 42.98555
0.00161 91.19842 54.25757
0.00069 46.70024 27.00658
0.00124 65.73727 38.37812
0.00143 94.30648 56.26763
0.00091 70.23671 41.11945
0.00115 119.63082 73.47562
0.00060 52.96691 30.71424
0.00047 58.87078 34.23760
0.00139 121.17000 74.58006
0.00107 119.00289 73.02732
0.00252 137.56270 86.91456
0.00092 130.31071 81.31767
0.00296 133.06407 83.41382
0.00132 131.74647 82.40653
0.00147 84.77135 50.15664
0.00220 136.36714 85.97451
0.00197 135.47258 85.27583
0.00135 84.10729 49.73692
0.00143 63.72778 37.16126
0.00062 15.53313 8.90880
0.00337 49.50605 28.66283
0.01397 133.19800 83.51664
0.00870 61.16299 35.61440
0.02069 120.78853 74.30559
0.02357 124.09827 76.70405
0.02558 120.50394 74.10114
0.03093 124.29099 76.84492
0.04590 129.11425 80.41704
0.05929 116.37635 71.16601
0.07790 105.81454 63.88564
0.01386 14.35267 8.23055
0.01881 15.22902 8.73404
0.01150 7.73614 4.43358
0.03086 18.01991 10.33867
0.01699 8.58361 4.91956
0.03734 16.75160 9.60922
0.02658 10.63216 6.09465
0.05464 19.94018 11.44390
0.03841 12.99532 7.45102
0.05003 15.72008 9.01624
0.04494 13.23938 7.59116
0.02666 7.39763 4.23950
0.02956 7.79353 4.46649
0.23139 58.44133 33.98022
0.25779 61.87220 36.04145
0.18992 43.84377 25.32631
0.13954 31.17323 17.93407
0.09254 19.55688 11.22320
0.03568 7.18145 4.11555
0.05858 11.19115 6.41541
0.05296 9.74598 5.58625
0.02088 3.71939 2.13118
0.01592 2.70426 1.54947
0.01325 2.14716 1.23026
0.02617 4.07162 2.33303
0.01891 2.84400 1.62955
0.01104 1.61169 0.92344
0.02140 3.00931 1.72428
0.01869 2.55090 1.46160
0.01086 1.43639 0.82300
0.00982 1.26695 0.72591
0.02128 2.66343 1.52608
0.02073 2.53455 1.45223
0.01758 2.10286 1.20487
0.02356 2.73124 1.56493
0.02642 2.99548 1.71635
0.00418 0.46059 0.26390
0.01561 1.68597 0.96600
0.03153 3.31527 1.89960
0.01249 1.28533 0.73645
0.02204 2.20905 1.26572
0.02785 2.73356 1.56626
0.01975 1.90234 1.08998
0.02649 2.49510 1.42962
0.02607 2.40739 1.37937
0.01333 1.20161 0.68848
0.02495 2.21561 1.26948
0.03182 2.78881 1.59792
0.02050 1.78682 1.02379
0.02629 2.29073 1.31252
0.03050 2.65192 1.51949
0.01915 1.66423 0.95355
0.02530 2.20017 1.26063
0.03269 2.84524 1.63026
0.03896 3.41673 1.95774
0.04909 4.29451 2.46076
0.02344 2.04982 1.17448
0.02429 2.11653 1.21271
0.02928 2.55766 1.46547
0.03348 2.94652 1.68830
0.04840 4.26263 2.44249
0.02903 2.56735 1.47102
0.01512 1.34233 0.76911
0.03247 2.89071 1.65631
0.03196 2.85757 1.63732
0.02802 2.49414 1.42907
0.00990 0.87941 0.50387
0.01547 1.37588 0.78833
0.02651 2.37286 1.35958
0.03941 3.54529 2.03141
0.03804 3.44364 1.97316
0.04144 3.75763 2.15309
0.04142 3.76504 2.15734
0.04055 3.68964 2.11413
0.02924 2.63961 1.51243
0.03619 3.29149 1.88597
0.03023 2.75943 1.58109
0.03292 3.00685 1.72286
0.02250 2.06581 1.18364
0.04276 3.92951 2.25159
0.03654 3.36410 1.92758
0.03581 3.31759 1.90092
0.04105 3.81953 2.18856
0.03732 3.48977 1.99959
0.02834 2.63813 1.51158
0.03488 3.25295 1.86389
0.03169 2.95492 1.69311
0.03554 3.34112 1.91441
0.03610 3.40825 1.95288
0.03056 2.88132 1.65093
0.03512 3.32186 1.90337
0.04042 3.84308 2.20206
0.02818 2.69079 1.54175
0.02580 2.44854 1.40295
0.02967 2.82720 1.61992
0.01615 1.54666 0.88618
0.03217 3.09335 1.77243
0.02167 2.08743 1.19603
0.02146 2.06772 1.18474
0.01589 1.53457 0.87925
0.01241 1.20234 0.68889
0.02374 2.30317 1.31965
0.00762 0.74122 0.42469
0.02050 1.99805 1.14482
0.02002 1.97076 1.12918
0.02085 2.05784 1.17907
0.01508 1.48627 0.85158
0.01701 1.66735 0.95533
0.01678 1.64313 0.94146
0.01856 1.82514 1.04574
0.02210 2.19149 1.25566
0.02905 2.92124 1.67381
0.00471 0.47526 0.27230
0.02020 2.03103 1.16372
0.01460 1.46070 0.83693
0.04857 4.82271 2.76348
0.01980 1.95347 1.11927
0.03639 3.55168 2.03507
0.02548 2.46720 1.41364
0.02367 2.27789 1.30516
0.05679 5.40739 3.09858
0.02882 2.72116 1.55916
0.02867 2.67521 1.53283
0.03608 3.36574 1.92852
0.03749 3.46651 1.98627
0.03263 3.00865 1.72390
0.03418 3.13920 1.79870
0.02661 2.42244 1.38799
0.02111 1.88904 1.08236
0.02558 2.26807 1.29954
0.02352 2.07309 1.18781
0.01928 1.69763 0.97268
0.02372 2.07351 1.18805
0.01252 1.08919 0.62406
0.02046 1.76675 1.01229
0.01676 1.44758 0.82941
0.02627 2.27122 1.30134
0.03712 3.20740 1.83778
0.03060 2.65919 1.52365
0.03785 3.29206 1.88630
0.03509 3.06242 1.75471
0.02618 2.27388 1.30287
0.01616 1.41374 0.81002
0.03106 2.72389 1.56072
0.03380 2.97851 1.70662
0.03384 2.98440 1.71000
0.03239 2.84902 1.63242
0.02643 2.33265 1.33654
0.02559 2.27448 1.30321
0.04906 4.38833 2.51453
0.03569 3.21269 1.84082
0.03820 3.45933 1.98215
0.03004 2.73783 1.56871
0.01797 1.65295 0.94708
0.02293 2.12465 1.21736
0.01829 1.71487 0.98256
0.02379 2.23668 1.28155
0.02766 2.61610 1.49896
0.02661 2.53266 1.45115
0.01778 1.70385 0.97625
0.02106 2.03786 1.16763
0.01058 1.02691 0.58838
0.01248 1.21547 0.69642
0.00783 0.76867 0.44042
0.03528 3.47854 1.99316
0.02288 2.25745 1.29345
0.01563 1.54166 0.88331
0.02609 2.58445 1.48082
0.02970 2.95946 1.69571
0.01976 1.97776 1.13319
0.03035 3.00019 1.71905
0.01549 1.52222 0.87218
0.02190 2.14426 1.22860
0.02818 2.75446 1.57824
0.03414 3.31442 1.89911
0.01932 1.86617 1.06925
0.03486 3.34312 1.91555
0.00321 0.30395 0.17415
0.01946 1.84523 1.05726
0.03523 3.35509 1.92242
0.03177 3.00674 1.72280
0.03350 3.15655 1.80864
0.02720 2.53833 1.45440
0.02808 2.59908 1.48921
0.01843 1.69338 0.97025
0.03531 3.21827 1.84401
0.01797 1.62997 0.93391
0.01809 1.63183 0.93498
0.01481 1.32964 0.76183
0.01249 1.11103 0.63658
0.02333 2.07566 1.18928
0.02003 1.77749 1.01844
0.02023 1.79653 1.02935
0.02981 2.66802 1.52871
0.03433 3.07252 1.76049
0.01681 1.49686 0.85764
0.03857 3.43710 1.96941
0.02241 2.00688 1.14987
0.02368 2.13552 1.22359
0.01296 1.16694 0.66861
0.03738 3.37170 1.93193
0.03326 3.02391 1.73264
0.02646 2.40775 1.37957
0.04257 3.89812 2.23360
0.02875 2.64494 1.51548
0.03476 3.23968 1.85628
0.03132 2.96348 1.69801
0.02258 2.17064 1.24371
0.01769 1.73399 0.99351
0.03429 3.43253 1.96679
0.03118 3.17728 1.82052
0.00756 0.77509 0.44409
0.02907 3.02797 1.73497
0.03476 3.64314 2.08748
0.03066 3.23967 1.85627
0.02234 2.37175 1.35894
0.01538 1.63507 0.93684
0.03104 3.32159 1.90322
0.00556 0.59441 0.34057
0.01562 1.67898 0.96200
0.01131 1.21732 0.69747
0.00923 0.99567 0.57048
0.01264 1.36654 0.78298
0.02451 2.64882 1.51771
0.02126 2.29768 1.31650
0.03477 3.74938 2.14836
0.01559 1.68977 0.96818
0.01013 1.10325 0.63212
0.01908 2.06860 1.18524
0.04209 4.52135 2.59076
0.02036 2.15875 1.23690
0.03615 3.83517 2.19753
0.02427 2.53146 1.45046
0.02628 2.72032 1.55867
0.01360 1.40101 0.80273
0.01935 1.98545 1.13760
0.03032 3.09261 1.77200
0.01129 1.13807 0.65207
0.02059 2.05833 1.17936
0.01913 1.88838 1.08198
0.03704 3.61753 2.07280
0.02919 2.82346 1.61778
0.03516 3.36145 1.92606
0.01104 1.04862 0.60082
0.02501 2.34060 1.34109
0.01795 1.65888 0.95048
0.02509 2.28408 1.30871
0.02819 2.52882 1.44895
0.01319 1.17247 0.67178
0.02174 1.91369 1.09648
0.03182 2.78121 1.59357
0.00761 0.66033 0.37834
0.04462 3.83242 2.19595
0.01812 1.53894 0.88176
0.02484 2.10053 1.20354
0.02927 2.47483 1.41801
0.01980 1.68125 0.96330
0.00449 0.38163 0.21866
0.01332 1.13700 0.65146
0.02503 2.14662 1.22995
0.03010 2.59092 1.48453
0.02640 2.27403 1.30295
0.02093 1.80505 1.03423
0.03084 2.66050 1.52440
0.03465 2.98416 1.70986
0.03196 2.76862 1.58635
0.02498 2.17740 1.24758
0.02259 1.98906 1.13967
0.01879 1.65430 0.94785
0.01182 1.04703 0.59991
0.02136 1.90985 1.09428
0.02983 2.69323 1.54315
0.03174 2.88754 1.65450
0.02736 2.53808 1.45425
0.02699 2.54024 1.45549
0.01299 1.24063 0.71083
0.01917 1.85273 1.06155
0.02612 2.56269 1.46835
0.03218 3.19672 1.83166
0.02455 2.48273 1.42253
0.01340 1.38503 0.79357
0.00963 1.01585 0.58204
0.01614 1.72098 0.98606
0.02828 3.02209 1.73159
0.01289 1.37933 0.79031
0.00521 0.55667 0.31895
0.00880 0.94638 0.54224
0.00678 0.72942 0.41793
0.01806 1.95356 1.11933
0.01426 1.55423 0.89052
0.00801 0.87098 0.49904
0.01915 2.08259 1.19326
0.02229 2.41822 1.38557
0.01654 1.78220 1.02114
0.02144 2.29916 1.31735
0.01308 1.39888 0.80151
0.01160 1.23308 0.70651
0.00787 0.83669 0.47939
0.01456 1.52974 0.87649
0.01622 1.69590 0.97169
0.00792 0.81524 0.46710
0.00135 0.13900 0.07964
0.02663 2.71833 1.55754
0.00732 0.74073 0.42441
0.00472 0.46684 0.26748
0.00276 0.27093 0.15523
0.01688 1.64626 0.94325
0.01446 1.41033 0.80807
0.00718 0.69564 0.39857
0.00677 0.64061 0.36704
0.01588 1.48712 0.85207
0.00396 0.37193 0.21310
0.01261 1.18092 0.67662
0.01992 1.85609 1.06347
0.01326 1.22064 0.69938
0.01307 1.19664 0.68563
0.00657 0.59648 0.34176
0.01621 1.46029 0.83669
0.00400 0.35691 0.20449
0.00493 0.43840 0.25119
0.00828 0.73441 0.42079
0.01763 1.55175 0.88910
0.02815 2.47218 1.41649
0.02871 2.51394 1.44042
0.01946 1.68234 0.96392
0.02944 2.52262 1.44539
0.01619 1.37512 0.78789
0.02659 2.24659 1.28723
0.02121 1.76982 1.01404
0.00705 0.58451 0.33490
0.00797 0.66019 0.37826
0.00934 0.77325 0.44304
0.02563 2.12091 1.21521
0.02159 1.78304 1.02162
0.03364 2.79409 1.60095
0.01971 1.64886 0.94474
0.02202 1.84692 1.05822
0.01758 1.48281 0.84959
0.02530 2.11784 1.21345
0.03168 2.66967 1.52965
0.02676 2.25779 1.29365
0.02982 2.53660 1.45340
0.01824 1.55912 0.89332
0.03413 2.91297 1.66907
0.03445 2.95154 1.69117
0.03233 2.78636 1.59652
0.00967 0.84239 0.48266
0.02561 2.24209 1.28465
0.02162 1.88262 1.07868
0.01093 0.95160 0.54523
0.01091 0.95586 0.54767
0.01151 1.01987 0.58434
0.00498 0.44443 0.25464
0.01477 1.33000 0.76204
0.00137 0.12369 0.07087
0.01186 1.06918 0.61260
0.01017 0.91929 0.52672
0.02267 2.05944 1.18000
