0.08603 -0.00249 0.03159
-0.07502 -0.00729 0.05681
0.07259 0.00683 0.06556
0.08843 0.00514 0.05531
0.10081 0.00491 0.05449
-0.11385 -0.00568 0.05814
-0.12040 -0.00999 0.07242
-0.14425 0.00045 0.05534
-0.14623 -0.00439 0.07834
0.16350 -0.00459 0.05989
-0.13061 -0.01370 0.12555
-0.12103 -0.02144 0.14330
-0.17548 -0.01017 0.08866
-0.19133 -0.02474 0.06886
0.19734 0.01516 0.07591
-0.20738 -0.00577 0.06928
0.20789 0.00653 0.08066
-0.20681 -0.01038 0.08581
-0.19254 -0.01433 0.12789
-0.21716 -0.02621 0.08427
-0.14686 0.02599 0.18335
0.21535 0.00192 0.11002
0.22751 -0.00423 0.10668
-0.21947 -0.00135 0.14537
-0.24769 -0.00989 0.10114
-0.20461 -0.03069 0.18059
-0.24917 -0.01298 0.13160
-0.21019 -0.02350 0.20413
-0.26359 -0.01812 0.15005
-0.24345 -0.01809 0.20281
-0.23353 -0.02572 0.22699
0.32001 0.02223 0.10417
-0.30779 -0.03170 0.17108
-0.33935 -0.01342 0.13688
-0.30086 -0.02326 0.23582
-0.29364 -0.02259 0.25969
-0.36319 -0.05810 0.16739
-0.33030 -0.05041 0.25653
-0.34210 -0.04111 0.26890
-0.39056 -0.08697 0.20649
-0.30536 -0.06495 0.34412
-0.40891 -0.06063 0.23904
-0.30974 -0.05619 0.38270
-0.12888 -0.03364 0.49261
-0.29610 -0.02893 0.43811
-0.44851 -0.08201 0.29904
-0.49130 -0.06014 0.26031
0.07225 -0.03252 0.57171
-0.44874 -0.08084 0.37452
-0.00964 -0.00398 0.60782
0.57864 0.05697 0.22498
-0.09351 -0.05175 0.63035
-0.06833 -0.04016 0.65031
-0.11516 -0.05048 0.65357
-0.00367 -0.00219 0.68379
0.00150 0.01583 0.70047
-0.57725 -0.08968 0.41616
-0.10229 -0.03326 0.72380
0.07108 -0.02168 0.73818
0.17882 -0.05436 0.73236
-0.12410 -0.08766 0.75213
0.55626 -0.17762 0.52823
-0.14628 -0.08676 0.77555
0.06411 -0.02460 0.79955
-0.07470 -0.03808 0.79835
-0.13043 -0.11256 0.78925
0.73715 -0.03374 0.36283
-0.61613 -0.07945 0.55323
0.78937 0.00367 0.30274
-0.06797 0.01159 0.84652
-0.00649 0.02286 0.84850
-0.10638 -0.08734 0.83714
0.01497 -0.00808 0.84290
-0.09260 -0.06609 0.83265
0.00263 -0.00320 0.84509
-0.77176 -0.02652 0.33534
-0.03130 -0.03683 0.84287
0.00668 -0.06445 0.83188
0.22983 -0.07226 0.80149
0.69965 -0.07091 0.45818
0.00492 -0.00622 0.83977
-0.77362 0.04405 0.33237
0.03364 -0.00199 0.84326
-0.05334 -0.00773 0.83565
-0.00156 -0.01874 0.83516
-0.02702 -0.04657 0.83132
-0.03785 0.00277 0.82885
-0.07970 -0.06717 0.82363
-0.04471 -0.01292 0.82831
-0.13604 -0.04837 0.81381
-0.05225 -0.03944 0.82351
0.71955 -0.05108 0.40031
0.78594 -0.01684 0.25040
-0.76285 -0.02053 0.31880
-0.04540 -0.01424 0.81747
-0.13984 -0.07280 0.79751
-0.03482 -0.05770 0.80358
-0.03899 -0.04450 0.79903
-0.10678 -0.02961 0.79303
-0.04537 -0.02357 0.79664
-0.10254 -0.05223 0.78857
-0.10594 -0.03627 0.78214
-0.02883 -0.00306 0.78547
0.01446 -0.00369 0.78249
-0.04068 0.00803 0.77752
-0.20026 -0.03850 0.74945
0.01465 -0.02716 0.76715
-0.01795 -0.00598 0.75927
-0.03451 -0.02506 0.74966
0.04979 -0.04719 0.73341
-0.11875 -0.06934 0.71689
0.52143 -0.00801 0.48539
0.00003 0.00799 0.69817
-0.12355 -0.00401 0.67144
0.04197 -0.01187 0.66598
-0.03384 -0.02147 0.65040
0.14902 -0.02360 0.61828
-0.08171 -0.01456 0.61484
-0.19989 -0.02344 0.56731
0.40846 -0.05180 0.41469
-0.46325 -0.07023 0.30948
0.41050 -0.02272 0.35093
-0.36183 -0.05321 0.36453
-0.41100 -0.04006 0.27605
0.11925 -0.06020 0.46124
0.01634 -0.02675 0.46095
0.07926 -0.00094 0.45674
-0.35056 0.13906 0.24385
0.14300 -0.00350 0.42772
0.39897 -0.01291 0.17993
0.39828 -0.01002 0.19944
0.35657 0.02480 0.24824
0.41890 -0.04913 0.12951
0.30621 -0.01077 0.31582
0.35771 0.03175 0.23655
-0.39767 -0.04002 0.15215
0.36375 0.06888 0.19220
0.30879 0.07980 0.29100
0.37924 0.06665 0.20887
0.27002 -0.01537 0.37706
0.44011 0.01145 0.19097
0.39259 0.04326 0.28428
0.46502 0.02491 0.21424
0.46834 -0.02607 0.23315
0.15369 -0.01092 0.51894
0.47630 0.00053 0.29763
-0.50074 -0.04997 0.28166
0.10819 -0.01854 0.58478
0.43099 -0.05798 0.42891
-0.57028 -0.02123 0.26385
-0.00791 -0.03967 0.64036
-0.27620 -0.03287 0.59549
-0.59569 -0.06256 0.30199
-0.52965 -0.03593 0.43454
-0.14319 -0.08103 0.68168
-0.10750 -0.05993 0.70633
-0.51361 -0.10003 0.50126
-0.67529 -0.06343 0.29161
-0.19052 -0.08355 0.71719
-0.40108 -0.06084 0.64606
-0.51685 -0.06365 0.57498
-0.11411 -0.10291 0.76402
0.02362 -0.00870 0.77708
-0.15801 -0.06983 0.74965
0.01491 -0.00954 0.77012
0.27670 -0.02557 0.72178
-0.03477 0.01767 0.77169
0.02008 -0.05184 0.77122
-0.01269 -0.02005 0.76461
0.00800 -0.00370 0.76257
0.06220 -0.00784 0.75956
0.08989 -0.03427 0.75271
0.05743 -0.04697 0.76580
0.04163 0.00514 0.76054
-0.07413 0.02164 0.75732
0.00857 0.01582 0.75445
-0.11775 -0.06366 0.73815
-0.31725 -0.11733 0.67347
-0.58326 -0.16257 0.45010
-0.34965 -0.09443 0.66474
-0.07929 -0.04664 0.75876
0.03298 0.00331 0.76790
-0.60072 -0.13656 0.46528
-0.37471 -0.06830 0.67838
0.00104 -0.01363 0.78631
0.07495 0.01802 0.78452
-0.72106 -0.12218 0.32116
-0.16165 -0.07928 0.77627
-0.26036 -0.06362 0.75426
-0.11047 -0.06908 0.80275
-0.42439 -0.11325 0.69405
-0.01662 -0.05189 0.83129
-0.03482 -0.00332 0.83776
-0.07718 -0.08277 0.83898
-0.67162 -0.04099 0.52525
-0.03010 -0.02172 0.85647
-0.49898 -0.16312 0.68508
-0.07269 -0.00677 0.86057
-0.51669 -0.12928 0.68337
-0.02989 -0.01407 0.87030
0.19757 -0.06878 0.84737
-0.03072 -0.00316 0.87894
-0.28721 -0.07010 0.82838
-0.36589 -0.09838 0.78936
-0.56529 -0.12094 0.65006
-0.34226 -0.15892 0.77399
-0.21648 -0.09730 0.82821
-0.22858 -0.19490 0.80091
-0.37485 -0.10307 0.76285
-0.00531 -0.00205 0.85401
-0.54334 -0.27121 0.60742
-0.14890 -0.05533 0.83890
-0.07386 -0.04219 0.83324
-0.21800 -0.02024 0.80238
0.02849 -0.04079 0.83082
-0.05438 -0.03343 0.82431
-0.16212 -0.04751 0.80422
-0.08072 -0.03006 0.81308
-0.27522 -0.08588 0.75952
-0.36177 -0.10005 0.72170
-0.48300 -0.03284 0.65217
-0.03699 0.02938 0.81010
-0.13578 -0.02929 0.79738
-0.49481 -0.03900 0.62957
-0.19997 -0.02917 0.76863
-0.30265 -0.04216 0.73595
-0.43189 -0.10604 0.65035
-0.68922 -0.11035 0.35058
-0.46089 -0.10754 0.61643
-0.47457 -0.14929 0.59025
-0.48745 -0.07821 0.59548
-0.21317 -0.06814 0.73805
-0.53271 -0.10225 0.54704
-0.60244 -0.11283 0.45608
-0.64841 -0.13243 0.36525
-0.65079 -0.15579 0.34201
-0.45489 -0.12738 0.58664
-0.47156 -0.11553 0.58078
0.61418 -0.02880 0.43985
-0.65882 -0.17839 0.33272
0.02137 -0.04261 0.75081
-0.36620 -0.15224 0.62489
-0.15849 -0.01143 0.71504
-0.42025 -0.07621 0.60136
0.68954 0.02075 0.29805
-0.70886 -0.04468 0.26084
-0.55574 -0.01285 0.51268
0.02529 -0.00795 0.74704
-0.17012 -0.08764 0.72102
-0.46695 -0.12497 0.56940
-0.63211 -0.07005 0.39184
-0.40656 -0.12820 0.62042
-0.56091 -0.08649 0.49920
-0.40703 -0.04633 0.63071
-0.28034 -0.05967 0.70452
-0.03210 0.00928 0.76376
-0.70308 -0.05279 0.29819
-0.38713 -0.09662 0.64534
-0.07922 -0.02430 0.74822
-0.70923 -0.05017 0.25489
-0.13851 -0.06362 0.74788
-0.13623 -0.00626 0.76226
-0.21062 -0.00695 0.74517
-0.18132 -0.05146 0.74925
-0.56664 -0.05980 0.50978
0.61954 -0.03304 0.44839
-0.17801 -0.06890 0.74424
0.70689 0.12991 0.29392
0.71670 -0.00773 0.28767
-0.19384 -0.04438 0.74234
-0.65403 -0.12606 0.37578
-0.56612 -0.13397 0.49205
-0.56139 -0.11780 0.49925
-0.43325 -0.14651 0.60624
-0.59700 -0.19416 0.41781
-0.29204 -0.12739 0.67257
-0.63077 -0.15633 0.35479
-0.37062 -0.08369 0.62882
-0.35327 -0.07663 0.64842
-0.17783 -0.04956 0.71335
0.46686 0.03166 0.55959
-0.48416 -0.14325 0.50172
-0.63276 -0.10650 0.26845
0.36006 0.07456 0.56675
-0.49641 -0.10370 0.42413
-0.59952 -0.07340 0.23165
0.28071 0.01811 0.56036
-0.57528 -0.08872 0.18219
-0.53567 -0.05329 0.23941
0.49176 0.03770 0.27112
-0.34247 -0.05496 0.41299
-0.39162 -0.04528 0.33041
-0.44617 -0.08108 0.19532
-0.44646 -0.05910 0.13857
-0.40542 -0.03988 0.19501
0.37492 0.03253 0.22139
0.39814 0.03666 0.11423
-0.38012 -0.03347 0.11491
-0.01803 0.02077 0.37913
0.32767 0.04261 0.14927
-0.30683 -0.02008 0.14479
-0.28960 0.00365 0.12939
-0.25945 -0.00078 0.15464
-0.26229 0.00534 0.11085
-0.18721 -0.00438 0.19503
-0.24343 0.00048 0.07240
0.05421 0.00609 0.23682
-0.20720 -0.04323 0.08522
-0.20513 -0.02109 0.06028
0.18797 0.01540 0.10125
0.19108 0.03689 0.09618
0.20115 0.02561 0.06664
0.20326 0.02049 0.08072
0.20386 0.01852 0.07661
0.20421 0.00967 0.05970
0.20783 0.01518 0.06862
0.19721 0.00824 0.08055
0.20377 0.01751 0.07245
0.18953 0.01222 0.10417
-0.14178 -0.02321 0.15423
0.19764 0.02070 0.08722
0.18831 0.03273 0.10802
-0.19009 -0.04768 0.10602
-0.20500 -0.01642 0.14488
-0.23747 -0.03655 0.09806
0.23598 0.02415 0.16574
-0.26510 -0.04888 0.13958
0.26866 0.02530 0.14448
-0.31019 -0.02284 0.12237
0.32141 0.05505 0.12929
0.32598 0.03399 0.10571
-0.28945 -0.00175 0.23752
-0.34991 -0.03547 0.11310
-0.34054 -0.01932 0.20449
0.31842 0.08583 0.24397
-0.02157 0.07251 0.40190
-0.33167 -0.03581 0.28269
-0.28228 0.00407 0.35290
-0.33939 -0.02890 0.31788
-0.46098 -0.07895 0.14660
-0.20722 -0.02014 0.45652
-0.47131 0.04798 0.22720
-0.48915 0.02673 0.24720
-0.18154 -0.00332 0.53280
-0.06391 0.02500 0.58240
-0.02089 0.01367 0.59838
-0.02616 0.03289 0.62028
-0.27223 -0.04460 0.57671
-0.18278 -0.00450 0.63341
-0.17286 -0.03026 0.65319
-0.39862 -0.08229 0.55896
0.52109 0.01563 0.47771
0.52044 0.02825 0.50050
-0.12279 -0.03079 0.73029
-0.20330 -0.07562 0.72027
0.59718 -0.01528 0.49101
-0.05493 -0.02185 0.78294
-0.00772 -0.02616 0.80250
-0.55810 -0.14140 0.58331
-0.52974 -0.17003 0.62377
-0.09716 -0.04174 0.83903
-0.31802 -0.10997 0.79367
-0.09102 -0.00910 0.86265
-0.06000 -0.01856 0.87917
-0.06030 -0.01906 0.89208
0.12042 -0.02034 0.90204
0.07130 -0.04540 0.91967
0.28410 -0.03860 0.88630
-0.48728 -0.14640 0.79340
-0.12632 -0.04588 0.94328
-0.09932 0.01255 0.96230
-0.15346 0.00991 0.96637
-0.87435 -0.12456 0.44087
0.89510 0.15161 0.38113
-0.07874 0.05691 0.98476
-0.06301 -0.00844 0.98607
-0.09610 -0.05010 0.98333
0.88202 0.25892 0.36388
-0.05454 -0.03633 0.98910
-0.14470 -0.02993 0.98746
0.18191 -0.03835 0.97408
-0.01140 -0.02806 0.99355
0.26213 -0.14865 0.95276
-0.16747 -0.14164 0.96538
0.69821 -0.08261 0.70736
0.78772 -0.19989 0.56647
0.88541 0.16476 0.41466
0.74139 0.08239 0.64609
0.25853 -0.05703 0.95827
0.77422 -0.06538 0.62217
-0.19164 -0.08215 0.96862
0.01248 -0.01397 0.98724
-0.11849 -0.05227 0.97793
0.90828 0.00034 0.39412
0.01943 -0.02258 0.99319
0.76905 0.13260 0.61038
-0.20555 0.01297 0.97436
-0.03683 -0.04179 0.98491
-0.00960 -0.02994 0.98190
-0.66419 -0.11662 0.71326
0.28906 -0.05236 0.93919
-0.02923 0.00405 0.98712
-0.04684 0.02319 0.97999
-0.08593 -0.05380 0.97114
-0.36875 -0.12924 0.89316
0.80463 -0.15218 0.52773
0.22284 -0.00615 0.94841
-0.16757 -0.11373 0.94938
0.78032 -0.00026 0.57505
0.02174 -0.02239 0.95948
-0.10882 -0.03975 0.94507
-0.06427 -0.01666 0.94986
-0.07911 -0.03325 0.94592
-0.23503 -0.07732 0.91626
-0.16634 -0.03306 0.93075
-0.14917 -0.05715 0.93031
-0.09003 -0.02623 0.93664
-0.04504 -0.01527 0.93617
-0.71804 -0.06134 0.59772
0.07182 -0.04148 0.93086
0.07161 -0.06765 0.92685
0.14239 -0.05243 0.91596
0.08758 -0.01260 0.91988
0.04271 -0.02041 0.91700
-0.24822 -0.13215 0.86544
-0.83768 -0.02338 0.32889
0.08942 -0.01320 0.88486
0.09830 -0.06042 0.87413
-0.76251 -0.06057 0.40321
-0.06235 -0.00338 0.85208
0.69034 -0.08554 0.47129
-0.07945 -0.03982 0.82225
-0.58954 -0.14257 0.54961
-0.65396 -0.07727 0.46644
-0.10440 -0.03469 0.79092
-0.06232 0.03618 0.78536
-0.58958 -0.06672 0.49676
-0.16335 -0.06105 0.73764
-0.09413 -0.01241 0.73721
-0.00476 0.00630 0.72712
-0.44661 -0.08156 0.55746
-0.09017 -0.02505 0.68742
-0.65403 0.00912 0.20627
-0.40268 -0.06098 0.53459
-0.40394 -0.07996 0.51711
-0.38359 -0.05579 0.51906
-0.55719 -0.07217 0.30178
-0.26765 -0.05541 0.56405
-0.08208 -0.02618 0.61254
-0.25970 -0.05166 0.55098
-0.34173 -0.09202 0.48505
-0.50919 -0.09716 0.28619
-0.53274 -0.10053 0.18871
-0.47765 -0.03381 0.29987
-0.42391 -0.06344 0.35377
-0.44081 -0.06174 0.31057
-0.07886 0.01384 0.53090
-0.25645 -0.06574 0.45252
-0.25721 -0.08427 0.43182
-0.47005 -0.05897 0.17200
-0.44080 -0.07054 0.21795
-0.44087 -0.05955 0.21006
-0.45872 -0.06619 0.15114
0.38415 0.02550 0.30018
-0.44739 -0.06600 0.17194
-0.40867 -0.01014 0.25524
-0.20286 0.00267 0.44444
0.39565 0.03811 0.25760
-0.40108 -0.06247 0.22584
-0.32337 -0.04175 0.33850
-0.34261 -0.05854 0.29665
-0.28724 -0.03334 0.36511
-0.22985 -0.02985 0.38340
-0.30519 -0.02803 0.32000
-0.31738 -0.02663 0.32869
-0.33912 -0.04526 0.29423
-0.35059 -0.02554 0.31707
-0.29949 -0.04296 0.35803
0.43906 -0.01317 0.17281
-0.33503 -0.07115 0.33284
-0.37822 -0.04995 0.28307
-0.29685 -0.03221 0.38177
-0.22587 -0.08688 0.42246
-0.13411 -0.03704 0.47480
-0.17356 -0.07889 0.46375
-0.34533 -0.04566 0.37234
-0.29377 -0.07163 0.42028
-0.23104 -0.02533 0.47254
-0.32659 -0.04830 0.42577
-0.30048 -0.03570 0.45788
-0.12714 -0.03478 0.54530
-0.30953 -0.06169 0.47668
-0.17144 -0.01060 0.56734
-0.03212 0.00099 0.60067
0.00494 0.00826 0.61884
0.02843 -0.00219 0.63228
-0.28098 -0.08290 0.57646
-0.05343 -0.00182 0.65502
-0.08576 -0.00821 0.67006
-0.10959 -0.04191 0.68889
-0.39618 -0.03693 0.59328
0.55763 0.00214 0.47252
-0.15026 -0.04100 0.73117
-0.12041 -0.05229 0.75054
-0.09267 -0.04811 0.77871
0.69982 0.08465 0.38223
-0.69813 -0.08862 0.41251
-0.05597 -0.01373 0.82450
0.01744 0.01275 0.83526
0.53465 -0.05434 0.66599
0.71470 0.00956 0.49451
-0.12908 -0.01262 0.86796
0.01936 0.00195 0.88545
-0.09584 -0.03403 0.89197
-0.04098 -0.02085 0.90504
-0.67220 -0.12953 0.60859
-0.02473 0.00942 0.92643
-0.67663 -0.12873 0.63600
-0.26165 -0.02956 0.90219
-0.21240 -0.04561 0.91488
-0.06697 -0.02037 0.93206
-0.04137 -0.00417 0.93038
-0.24938 -0.07696 0.89524
-0.39681 -0.06753 0.84701
-0.82775 -0.13988 0.40940
-0.03065 0.00879 0.92473
-0.15851 -0.03154 0.90354
-0.84688 -0.06226 0.32640
-0.11444 -0.05101 0.91334
-0.79999 -0.08665 0.43696
-0.11951 -0.00631 0.90835
-0.01601 -0.04458 0.91774
-0.44039 -0.07902 0.77600
-0.53995 -0.09360 0.71911
-0.36689 -0.05339 0.81912
-0.44815 -0.11934 0.76051
-0.75474 -0.05924 0.46202
0.81376 0.03976 0.33855
-0.21144 -0.04382 0.85578
-0.73566 -0.03957 0.46891
-0.61399 -0.10128 0.61085
0.79449 -0.01214 0.34706
-0.80527 -0.08319 0.30772
-0.73096 -0.11487 0.44805
0.03987 -0.00983 0.84866
-0.74650 -0.23467 0.32531
-0.60122 -0.07923 0.58886
-0.60325 -0.11484 0.59615
-0.56975 -0.14830 0.62012
-0.55103 -0.08706 0.65002
-0.18527 -0.03886 0.84044
0.05994 0.04811 0.86437
-0.14477 -0.03586 0.87002
-0.28060 -0.06613 0.83636
-0.15419 -0.08910 0.87180
-0.14098 -0.07546 0.87689
-0.29175 -0.08423 0.85199
-0.76693 -0.06853 0.51642
-0.50215 -0.09096 0.78244
-0.81073 -0.07292 0.48614
-0.59799 -0.06778 0.73305
-0.37525 -0.11627 0.87037
-0.07132 -0.03188 0.95950
0.08227 -0.03941 0.97609
-0.44127 -0.10516 0.88724
-0.22226 -0.08613 0.97616
-0.17477 -0.03840 0.99553
-0.36697 -0.13536 0.94967
0.87623 -0.07118 0.53110
-0.28543 -0.08912 0.99393
-0.37339 -0.11619 0.96478
0.96225 -0.02888 0.41651
-0.09428 -0.02931 1.05060
-0.06880 -0.04627 1.05394
-0.83560 -0.13945 0.63497
0.24214 0.00373 1.02979
-0.25902 -0.08011 1.02475
-0.16865 -0.04178 1.04568
-0.06569 -0.00318 1.05423
-0.10447 -0.07620 1.04195
0.08643 -0.08117 1.04016
0.66973 -0.03576 0.80347
-0.70456 -0.20748 0.74196
-0.02110 -0.01267 1.04551
-0.31178 -0.12494 0.99225
-0.21285 -0.04039 1.00491
-0.03216 -0.05202 1.03020
-0.06900 -0.03183 1.02658
-0.21586 -0.04040 1.00422
-0.16349 -0.04597 1.01009
-0.87343 -0.00844 0.52923
-0.14033 -0.01040 1.00684
-0.08519 -0.09260 1.00418
-0.11524 -0.07213 1.00325
-0.09108 -0.04435 0.99791
-0.23607 -0.09756 0.97408
0.13207 -0.04759 0.98981
0.13189 -0.05449 0.98458
-0.92262 -0.15008 0.33077
0.07954 0.00010 0.98767
-0.81684 -0.13909 0.53812
-0.72501 -0.12372 0.65515
-0.85731 -0.17984 0.44543
-0.80061 -0.17439 0.53039
0.92193 0.10052 0.28691
-0.60568 -0.09958 0.75312
-0.88785 -0.01359 0.38505
-0.31611 -0.09934 0.90318
-0.25876 -0.10364 0.91892
-0.25547 -0.09543 0.91451
-0.19911 -0.09041 0.92615
-0.29993 -0.10630 0.89052
-0.40672 -0.10875 0.84044
-0.77830 -0.17419 0.48420
0.00566 -0.01385 0.92233
-0.05521 -0.03877 0.91343
-0.62590 -0.21051 0.60527
-0.07953 -0.03972 0.87883
-0.02327 -0.01077 0.86788
-0.40210 -0.09282 0.74654
-0.34203 -0.09627 0.75357
-0.13871 -0.10153 0.79333
0.67632 -0.06626 0.39985
-0.25439 -0.03051 0.72039
-0.68310 -0.02436 0.28057
-0.42260 -0.05171 0.57358
-0.20502 -0.07796 0.65012
-0.48727 -0.15791 0.41496
-0.07209 -0.02532 0.62887
-0.54673 -0.04069 0.25996
-0.45663 0.00551 0.35617
-0.52599 0.00894 0.18195
-0.14480 0.01430 0.50452
-0.46495 -0.01505 0.17190
0.00501 0.00885 0.46349
0.37971 0.02408 0.21386
0.27706 0.03243 0.28898
-0.31706 -0.00953 0.19076
-0.29684 -0.01731 0.16068
-0.22381 0.01794 0.21076
0.23710 0.01416 0.12086
0.23015 -0.00236 0.08445
0.19458 0.02436 0.11106
-0.17642 0.00478 0.09787
0.17787 -0.00781 0.08460
-0.05246 -0.04870 0.17514
-0.16173 0.00062 0.09063
-0.14679 -0.00422 0.09863
0.14735 0.01177 0.07528
0.14456 -0.00240 0.04353
0.13478 0.00068 0.04079
-0.12344 0.00695 0.04877
-0.11883 0.00569 0.04247
-0.10936 0.00350 0.04871
-0.10341 0.00375 0.04522
-0.09913 -0.00444 0.03648
-0.08852 -0.00439 0.03149
-0.07158 0.00167 0.03110
-0.05853 -0.00238 0.02389
-0.04298 -0.00080 0.02331
-0.03067 -0.00581 0.02032
-0.02250 -0.00516 0.01319
0.00952 0.00388 0.01383
-0.00827 0.00067 0.00453
-0.00005 -0.00043 -0.00614
-0.00112 -0.00108 -0.00740
-0.00190 0.00009 0.00080
0.00404 -0.00010 -0.00159
0.00548 0.00060 0.00274
0.00384 -0.00038 -0.00170
0.00418 0.00047 0.00236
0.00373 -0.00078 -0.00402
0.00481 -0.00089 -0.00185
-0.00596 0.00111 0.00269
0.00418 0.00001 -0.00204
-0.00300 0.00067 0.00432
0.00211 -0.00032 -0.00117
0.00829 -0.00159 0.00301
0.00316 0.00038 0.00453
-0.00242 0.00084 0.00654
-0.00014 -0.00036 0.00442
-0.00303 0.00038 0.00527
-0.00384 0.00052 0.00118
-0.00409 -0.00034 0.00442
0.00054 -0.00075 -0.00538
-0.00252 -0.00098 -0.00710
-0.00452 -0.00142 -0.00698
-0.00127 -0.00086 -0.00688
0.00234 -0.00068 -0.00414
0.00242 -0.00065 -0.00380
0.00482 -0.00030 -0.00253
-0.00259 0.00173 0.00271
-0.00116 0.00182 0.00197
-0.00154 0.00024 -0.00077
0.00117 -0.00019 -0.00185
-0.00159 0.00017 -0.00069
-0.00054 0.00010 0.00425
0.00262 0.00040 0.00105
-0.00274 0.00080 0.00077
-0.00002 0.00016 0.00230
-0.00145 0.00052 0.00507
-0.00180 0.00041 0.00350
0.00153 0.00009 -0.00174
0.00062 0.00000 -0.00036
-0.00056 -0.00005 -0.00026
0.00087 0.00008 0.00035
0.00074 -0.00006 -0.00132
-0.00421 0.00026 0.00480
-0.00406 -0.00003 0.00251
-0.00177 -0.00008 0.00282
-0.00070 0.00009 0.00138
0.00135 0.00023 0.00327
0.00069 0.00002 -0.00147
0.00090 0.00006 -0.00034
-0.00156 -0.00018 0.00188
-0.01930 0.00143 0.04822
0.02597 0.00370 -0.02370
0.02364 0.00267 -0.02086
0.03197 0.00489 0.01203
0.02677 -0.00152 -0.01097
0.03159 0.00166 0.01811
0.03156 0.00220 0.00984
0.03221 0.00074 0.02016
0.02735 0.00202 0.02239
0.03841 0.00330 0.01501
-0.04003 0.00133 0.01507
-0.04225 -0.00312 0.02282
0.04436 0.00442 0.02364
0.04285 0.00493 0.03315
-0.05757 0.00269 0.02097
-0.06656 -0.00611 0.02345
-0.07321 0.00029 0.04629
-0.10031 0.00669 0.03510
-0.11127 0.00524 0.03932
-0.12281 -0.00406 0.05978
-0.13694 0.00614 0.06619
-0.12092 0.00408 0.11218
-0.13151 -0.00673 0.12358
-0.16930 -0.01333 0.08398
-0.16288 -0.01331 0.11420
-0.19255 -0.01364 0.08508
-0.20183 -0.00251 0.08881
-0.19865 -0.01626 0.11706
-0.13964 -0.03154 0.19730
-0.05209 -0.00239 0.25998
-0.24926 -0.01972 0.14315
-0.25459 -0.04932 0.18551
-0.29067 -0.03835 0.17425
-0.28301 -0.02528 0.23174
0.37690 0.03343 0.13811
-0.09354 -0.00999 0.41495
0.32503 0.03910 0.31723
-0.42882 -0.00163 0.23961
-0.42235 0.01789 0.28239
-0.44734 -0.03400 0.30644
-0.37618 -0.00140 0.40146
-0.23862 0.01076 0.51993
-0.28616 -0.02159 0.53733
-0.55833 -0.01371 0.25904
-0.43004 -0.04026 0.49033
-0.46588 -0.12108 0.45271
-0.64709 -0.04484 0.22647
-0.32478 -0.05157 0.63887
-0.26296 -0.06024 0.68473
-0.27576 -0.06169 0.71182
-0.27664 -0.05589 0.73825
-0.23673 -0.04131 0.77672
-0.47777 -0.11972 0.67189
-0.48220 -0.13326 0.69027
-0.71776 -0.06111 0.49685
-0.37402 -0.06550 0.81713
0.85729 0.03176 0.33649
-0.78531 -0.10981 0.51100
-0.62027 -0.12955 0.72883
-0.43729 -0.13121 0.87786
-0.03495 -0.01369 1.01425
-0.96524 -0.07344 0.37590
-0.01713 -0.02531 1.05531
0.99159 0.12762 0.40067
-0.92699 -0.11105 0.57316
-0.84124 -0.23262 0.69109
-0.84826 -0.04021 0.73960
-1.06945 -0.06504 0.40143
-0.38240 -0.05844 1.09387
-0.46775 -0.09443 1.07162
-0.67360 -0.14727 0.96582
-0.86995 -0.18963 0.80521
-0.37063 -0.07371 1.14561
-0.14134 -0.00829 1.20269
-0.52893 -0.08032 1.07931
-0.83014 -0.16524 0.84934
-1.06873 -0.17290 0.51319
-0.66343 -0.19153 0.97201
0.00317 0.00638 1.19186
-0.41564 -0.09488 1.11388
-0.80438 -0.24139 0.84732
-1.00654 -0.38252 0.50985
-1.10728 -0.00091 0.42835
-0.73155 -0.29444 0.87923
-0.19533 -0.06358 1.16025
1.09702 -0.00058 0.42874
-0.16866 0.00285 1.16502
-0.91204 -0.20684 0.70996
-0.84759 -0.14883 0.78859
-0.46379 -0.16928 1.05134
-0.67575 -0.16890 0.92668
-0.65793 -0.15203 0.94000
-0.75891 -0.12689 0.86323
-0.59098 -0.17130 0.97442
-0.43054 -0.07088 1.06067
-0.26631 -0.04919 1.10826
-0.77353 -0.06958 0.83063
-1.04911 -0.04176 0.44588
-0.65387 0.00130 0.92651
-0.29352 -0.05047 1.09214
-0.43233 -0.11494 1.03267
-0.83039 -0.02616 0.75248
-0.62778 -0.06967 0.93144
-0.24972 -0.03074 1.09033
1.03653 -0.02913 0.41286
-0.13687 -0.03222 1.10382
-0.38845 0.03578 1.04108
-0.08961 -0.03772 1.10236
-0.01158 -0.05938 1.10189
1.01993 -0.06280 0.40609
-0.67659 -0.08524 0.86128
-0.19497 -0.07582 1.07925
-0.56586 -0.13676 0.93759
-0.28891 -0.10715 1.05639
-0.21272 -0.04948 1.08371
-0.09241 -0.02356 1.08340
-0.91918 -0.01649 0.60161
-0.68364 -0.16602 0.84077
-0.33963 -0.07920 1.02231
-0.29974 -0.07239 1.03072
-0.20998 -0.09511 1.04261
-0.13475 -0.06902 1.07070
-0.04713 -0.04100 1.07431
-0.08280 -0.01116 1.07681
-0.06703 -0.01013 1.07626
-0.80610 -0.19381 0.68671
-0.09735 -0.01772 1.06288
-0.13557 -0.07363 1.04102
-0.35178 -0.08323 0.98879
-0.23032 -0.10770 1.02120
-0.13793 -0.05269 1.03683
-0.22904 -0.10255 1.02064
-0.06211 -0.06504 1.05947
-0.12576 -0.02221 1.05442
-0.29866 -0.03883 1.02470
-0.08126 0.00707 1.06102
-0.62906 -0.20425 0.83655
0.47707 0.00142 0.94321
-0.13804 -0.08004 1.04629
-0.30503 -0.08699 1.00408
-0.33418 -0.08303 0.99334
-0.23815 -0.08247 1.01303
-0.18322 -0.08936 1.01805
-0.35196 -0.09767 0.97025
-0.54286 -0.18603 0.85341
-0.93958 -0.08098 0.42589
-0.23423 -0.00936 1.00482
0.00593 0.02434 1.02592
-0.02203 -0.05459 1.01800
-0.12924 -0.05780 1.00240
0.15716 0.02254 1.00255
-0.18335 -0.03871 0.99650
-0.24528 -0.06493 0.97469
-0.13687 -0.07164 0.99350
-0.39690 -0.10002 0.90959
-0.25983 -0.05663 0.95813
-0.02872 0.00780 0.97913
-0.16652 -0.04057 0.94255
0.81745 -0.01606 0.46434
-0.23033 -0.00518 0.89565
0.12280 -0.05967 0.89509
-0.04482 -0.01125 0.88318
-0.17313 -0.03718 0.84065
-0.20100 -0.07960 0.81399
-0.16882 -0.05103 0.79883
-0.30941 -0.09838 0.73121
-0.26534 -0.03557 0.73808
-0.71592 0.01154 0.25836
-0.65622 -0.02620 0.34188
-0.66645 -0.04101 0.26190
0.58324 -0.02093 0.38305
0.56250 -0.00984 0.36569
-0.53158 -0.01746 0.37930
-0.51096 -0.04888 0.35358
0.36030 -0.03890 0.48617
0.04998 -0.02097 0.61222
0.01132 -0.01297 0.55163
0.02012 0.02005 0.57975
-0.30817 -0.01984 0.44325
-0.08727 -0.02267 0.53369
-0.34968 -0.04322 0.39629
-0.04382 -0.02703 0.51996
-0.45798 -0.06405 0.22073
-0.46079 -0.09321 0.19431
-0.41709 -0.02901 0.29213
-0.34165 -0.00412 0.36698
0.46760 0.04615 0.15803
0.43459 0.05421 0.23204
0.45395 -0.00144 0.16867
-0.35709 -0.05269 0.31655
0.43837 0.01839 0.20243
-0.44363 -0.02437 0.16622
-0.38670 -0.06399 0.27175
-0.41834 -0.02346 0.21170
-0.38046 -0.00734 0.28067
-0.42302 -0.04393 0.23024
-0.43824 -0.06294 0.17914
-0.43264 -0.08044 0.21297
-0.31903 -0.03974 0.35195
-0.43501 -0.02961 0.19258
-0.16468 -0.04987 0.45612
-0.30368 -0.06900 0.37415
0.44717 -0.01129 0.21934
-0.42967 -0.06074 0.24336
-0.43453 -0.05290 0.25851
-0.18136 -0.07368 0.47885
-0.33983 -0.09165 0.38696
-0.07618 -0.04912 0.52323
-0.30413 -0.06201 0.44384
-0.06046 -0.02037 0.55222
-0.52113 0.06273 0.23125
-0.50646 -0.02418 0.29611
-0.53654 -0.03936 0.27686
-0.31208 -0.00158 0.53774
-0.51714 -0.09426 0.36178
0.55058 0.05227 0.35001
-0.59079 -0.09348 0.30088
-0.58550 -0.10898 0.34293
-0.56892 -0.07746 0.41275
0.68170 0.02678 0.22107
-0.37432 -0.06799 0.62771
-0.11989 -0.01191 0.73884
0.49552 -0.00905 0.57405
-0.00926 0.01974 0.76226
-0.15552 -0.02009 0.74917
-0.66856 -0.00312 0.37348
0.05393 -0.02045 0.76085
-0.00709 -0.01682 0.76704
0.63677 -0.00998 0.42757
-0.51943 0.00956 0.56655
-0.48759 -0.12348 0.57975
0.59189 0.05923 0.48736
0.67806 0.06236 0.35317
-0.51326 -0.05499 0.57030
-0.04609 -0.01516 0.76497
0.71199 -0.01783 0.28038
0.72094 0.05065 0.25120
0.00131 -0.00992 0.76095
-0.00254 -0.01879 0.75982
-0.02478 -0.00965 0.75533
-0.09658 -0.06825 0.74390
0.69934 0.01771 0.27297
-0.44391 -0.20834 0.56161
0.67621 0.06749 0.29697
-0.35237 -0.07927 0.63662
-0.65914 -0.04796 0.29245
0.66797 0.07201 0.23950
-0.00856 0.00752 0.70288
0.00048 -0.04385 0.68800
0.04349 -0.06844 0.67155
0.25975 -0.11172 0.60242
-0.51845 -0.11666 0.38946
-0.58435 -0.17471 0.23455
0.43082 -0.04331 0.48389
0.08413 -0.02943 0.63972
-0.26964 -0.02522 0.57804
0.08210 -0.00491 0.62868
-0.52607 -0.04579 0.34154
-0.34698 -0.03800 0.51895
-0.00392 -0.03836 0.61896
-0.32969 -0.02046 0.52067
-0.56175 0.00345 0.24178
-0.55602 -0.01994 0.25123
-0.54803 -0.03273 0.25908
0.55314 0.02557 0.24513
-0.22973 -0.06236 0.55429
-0.29652 -0.11622 0.50787
-0.47534 -0.07569 0.35517
-0.19247 -0.05609 0.56123
-0.25940 -0.06724 0.53019
0.44653 0.06545 0.37688
-0.12426 -0.04192 0.57038
-0.45656 -0.06877 0.35149
-0.49765 -0.03156 0.28375
-0.36930 -0.03720 0.42317
-0.28602 -0.04086 0.47381
0.51750 0.02058 0.16615
0.01216 -0.01415 0.53163
0.05031 -0.03516 0.51793
-0.00490 -0.01911 0.50917
0.02420 -0.00293 0.49619
-0.00138 -0.00806 0.48495
0.12000 -0.01552 0.46019
0.00434 -0.02383 0.46164
-0.21456 -0.05704 0.39531
-0.05499 -0.02354 0.43443
-0.00533 -0.00941 0.42225
-0.16158 -0.02677 0.38915
-0.12212 -0.02369 0.34968
-0.04813 -0.00315 0.36649
0.00675 -0.00224 0.34250
-0.06013 -0.01605 0.31546
-0.01331 -0.01227 0.30424
-0.02251 -0.01259 0.28597
-0.23471 -0.02013 0.14380
-0.24757 -0.03931 0.09846
-0.00584 -0.00775 0.26064
-0.22634 -0.01849 0.12535
-0.23056 0.00906 0.11597
-0.23742 -0.02135 0.09465
-0.00552 -0.01108 0.25304
-0.04533 -0.00225 0.24868
-0.23345 -0.02349 0.08998
0.23272 0.00634 0.08348
-0.19359 -0.02454 0.15438
-0.23191 -0.01470 0.08443
-0.17467 -0.03095 0.17103
-0.22768 -0.00524 0.09071
-0.16867 -0.03128 0.17288
0.22712 0.02909 0.07640
0.23108 0.02522 0.06750
-0.18214 -0.01097 0.15165
-0.18993 -0.03486 0.13492
0.22111 0.00116 0.08839
-0.21568 -0.01360 0.09352
-0.22029 -0.03252 0.07672
-0.21317 -0.01924 0.09203
-0.21624 -0.01442 0.08056
0.21655 0.01291 0.07723
-0.20047 0.01874 0.10864
-0.20720 -0.00926 0.09397
-0.21326 0.00351 0.08883
-0.21466 0.00026 0.07461
0.18784 0.01012 0.12456
-0.20877 0.00088 0.08256
0.15310 0.01438 0.16419
-0.20979 -0.00176 0.07851
0.20252 0.01891 0.09383
0.21076 0.00416 0.08611
0.22304 0.01413 0.07505
-0.22836 -0.02714 0.09096
0.19047 0.01239 0.17538
0.22661 0.01032 0.14776
0.26513 0.04798 0.08238
0.27016 -0.02358 0.11113
0.23225 0.01245 0.19225
-0.28222 0.00172 0.12642
0.29718 -0.00704 0.11024
0.30441 -0.00921 0.11272
0.30995 0.00519 0.12539
0.30035 0.02051 0.15983
0.11254 0.01870 0.33036
-0.03823 -0.00346 0.35418
0.25253 0.00513 0.26426
0.35286 0.00784 0.13095
0.00705 0.00804 0.38744
0.37541 0.00989 0.14185
-0.38689 -0.00424 0.13952
-0.37998 -0.00500 0.14061
0.01248 -0.00343 0.40064
-0.18559 -0.07881 0.33578
-0.36292 -0.03166 0.13272
0.04486 -0.01198 0.37910
-0.35937 -0.02727 0.11690
-0.32540 -0.00992 0.18727
-0.23297 0.01908 0.29147
-0.08448 0.04124 0.36171
-0.34162 0.04156 0.13657
-0.24461 0.01536 0.26691
0.33070 0.00175 0.13197
-0.27565 -0.01974 0.22013
-0.28067 -0.00606 0.21282
-0.21730 0.00896 0.27400
-0.28169 -0.01784 0.20360
-0.31680 0.00697 0.13343
-0.31457 -0.00920 0.12518
0.25766 -0.00716 0.21261
0.23458 0.00178 0.20285
-0.24417 -0.02304 0.12590
-0.20111 -0.00650 0.12098
-0.15617 -0.01892 0.12129
-0.14286 -0.00992 0.07456
-0.10577 -0.00969 0.06859
0.07728 0.00653 0.05173
0.04470 0.01171 0.03382
0.00630 -0.00410 0.02488
-0.00018 -0.00004 -0.00110
-0.00485 -0.00979 -0.01459
0.00224 -0.00350 -0.00882
-0.00261 -0.00013 0.00323
0.00209 0.00229 -0.00376
0.00209 0.00167 -0.00380
-0.00013 0.00012 0.00152
