0.01846 6.38931 3.66143
0.00802 2.73530 1.56726
0.01520 5.08316 2.91275
0.00602 1.96641 1.12669
0.01584 5.01624 2.87440
0.00381 1.17914 0.67560
0.03958 11.70933 6.71279
0.02041 5.73796 3.28806
0.01451 4.02733 2.30765
0.01995 5.34477 3.06269
0.01796 4.65716 2.66860
0.03039 7.70014 4.41295
0.04776 11.86080 6.79973
0.03003 7.19363 4.12253
0.02882 6.72123 3.85170
0.03311 7.47778 4.28545
0.02535 5.59319 3.20508
0.00841 1.79273 1.02717
0.02058 4.26743 2.44524
0.02380 4.73432 2.71282
0.01372 2.71807 1.55739
0.01106 2.10554 1.20641
0.02520 4.70154 2.69403
0.01189 2.16093 1.23815
0.03176 5.66593 3.24677
0.06300 11.07431 6.34836
0.01163 2.00216 1.14717
0.05675 9.62399 5.51627
0.03502 5.76974 3.30628
0.01292 2.09796 1.20206
0.02536 4.02318 2.30527
0.03190 4.96350 2.84417
0.03022 4.60355 2.63787
0.02603 3.88985 2.22886
0.02848 4.16794 2.38823
0.01343 1.88424 1.07960
0.01308 1.89572 1.08618
0.01858 2.57972 1.47811
0.01904 2.58408 1.48061
0.01054 1.40954 0.80761
0.02207 2.89573 1.65919
0.01859 2.41147 1.38170
0.01215 1.54108 0.88299
0.01497 1.88474 1.07989
0.02580 3.13741 1.79768
0.02112 2.61319 1.49729
0.03368 4.06570 2.32963
0.01367 1.64236 0.94101
0.02474 2.93256 1.68029
0.03522 4.13891 2.37159
0.00964 1.11515 0.63894
0.01463 1.67922 0.96214
0.02980 3.35427 1.92194
0.02344 2.60801 1.49432
0.01319 1.45180 0.83183
0.01411 1.53586 0.87999
0.00434 0.46696 0.26755
0.00349 0.37045 0.21225
0.01861 1.94878 1.11659
0.01546 1.59534 0.91407
0.01454 1.49166 0.85467
0.02891 2.86974 1.64430
0.03306 3.22607 1.84848
0.04138 4.01503 2.30060
0.02474 2.37122 1.35864
0.04445 4.21528 2.41536
0.02588 2.43191 1.39342
0.02742 2.56351 1.46882
0.02861 2.66966 1.52965
0.02088 1.95309 1.11906
0.02571 2.40752 1.37944
0.02045 1.92007 1.10014
0.03379 3.13961 1.79894
0.00543 0.50437 0.28899
0.01959 1.81490 1.03988
0.01019 0.94806 0.54320
0.01998 1.87421 1.07386
0.01600 1.50722 0.86358
0.01562 1.47561 0.84547
0.02850 2.66977 1.52971
0.02577 2.40621 1.37869
0.01129 1.04861 0.60081
0.01929 1.79303 1.02734
0.02219 2.06217 1.18156
0.01085 1.00535 0.57602
0.01004 0.93554 0.53602
0.00327 0.30083 0.17236
0.02115 1.97011 1.12881
0.01429 1.32052 0.75661
0.02417 2.22767 1.27639
0.01279 1.17272 0.67192
0.01430 1.30888 0.74994
0.01874 1.71079 0.98022
0.02130 1.91432 1.09684
0.00302 0.27221 0.15597
0.01951 1.78077 1.02032
0.00603 0.54126 0.31012
0.00841 0.75320 0.43155
0.00841 0.74662 0.42778
0.00316 0.27926 0.16001
0.00807 0.70750 0.40537
0.00944 0.82861 0.47476
0.01016 0.88841 0.50902
0.00515 0.44948 0.25753
0.01054 0.91500 0.52426
0.00909 0.78440 0.44943
0.00438 0.37601 0.21544
0.02017 1.72493 0.98832
0.01029 0.87913 0.50371
0.01413 1.20760 0.69191
0.01721 1.45251 0.83224
0.01236 1.03839 0.59496
0.00895 0.75083 0.43019
0.00343 0.28713 0.16451
0.01967 1.63299 0.93565
0.01425 1.18579 0.67941
0.01611 1.33238 0.76341
0.01665 1.36797 0.78379
0.01541 1.26032 0.72211
0.02220 1.81243 1.03846
0.02447 1.99487 1.14300
0.01541 1.25229 0.71752
0.01869 1.51320 0.86701
0.03232 2.61127 1.49619
0.02578 2.07261 1.18754
0.00777 0.62378 0.35740
0.01710 1.37054 0.78527
0.01492 1.18794 0.68064
0.00205 0.16361 0.09374
0.02189 1.72904 0.99068
0.02796 2.20478 1.26327
0.02187 1.71937 0.98514
0.01375 1.08028 0.61896
0.00683 0.53711 0.30774
0.01483 1.16333 0.66654
0.01045 0.81993 0.46979
0.04073 3.18801 1.82667
0.02697 2.12926 1.22000
0.02327 1.82847 1.04765
0.01464 1.11545 0.63911
0.01506 1.23607 0.70822
0.00980 0.78086 0.44740
0.01776 1.42040 0.81384
0.01678 1.34513 0.77071
0.01445 1.16871 0.66962
0.01147 0.94477 0.54131
0.00444 0.36934 0.21161
0.00687 0.57279 0.32819
0.02001 1.68400 0.96487
0.01278 1.08597 0.62222
0.01316 1.13114 0.64810
0.04169 3.61731 2.07268
0.04759 4.17528 2.39244
0.02649 2.33606 1.33849
0.03209 2.84631 1.63087
0.00894 0.79361 0.45471
0.01352 1.20567 0.69080
0.00021 0.01866 0.01069
0.00643 0.57805 0.33120
0.00780 0.70323 0.40292
0.02909 2.64184 1.51371
0.02041 1.86076 1.06615
0.00670 0.61255 0.35096
0.01647 1.50128 0.86018
0.01572 1.43345 0.82131
0.02898 2.65221 1.51965
0.02301 2.11726 1.21313
0.03395 3.13572 1.79671
0.01439 1.35097 0.77406
0.00926 0.87641 0.50215
0.03806 3.62378 2.07639
0.01948 1.86877 1.07074
0.03447 3.32936 1.90767
0.02022 1.98022 1.13460
0.01820 1.79513 1.02855
0.01802 1.79506 1.02851
0.01358 1.36571 0.78250
0.02507 2.53663 1.45342
0.03197 3.26289 1.86958
0.02924 3.01163 1.72560
0.03907 4.06311 2.32815
0.04029 4.22756 2.42240
0.04663 4.94038 2.83092
0.03421 3.72031 2.13171
0.04028 4.40935 2.52658
0.04952 5.56249 3.18748
0.04609 5.20052 2.98001
0.04034 4.60671 2.63968
0.04224 4.82187 2.76300
0.04639 5.33681 3.05813
0.04309 5.11362 2.93021
0.03384 3.99677 2.29013
0.04443 5.27562 3.02306
0.04397 5.20316 2.98152
0.04140 4.93551 2.82812
0.05372 6.38988 3.66176
0.04858 5.77683 3.31034
0.04476 5.34038 3.06017
0.05203 6.22521 3.56736
0.03045 3.63174 2.08095
0.05184 6.07763 3.48276
0.02961 3.58439 2.05381
0.01859 2.20017 1.26063
0.01624 1.91584 1.09771
0.01633 1.90671 1.09248
0.02334 2.72468 1.56118
0.02560 2.93663 1.68262
0.01410 1.59637 0.91466
0.03366 3.74994 2.14869
0.03727 4.14673 2.37607
0.04485 4.92169 2.82020
0.01327 1.43262 0.82084
0.01756 1.87034 1.07164
0.01447 1.52271 0.87246
0.02743 2.85226 1.63428
0.03494 3.59388 2.05925
0.02880 2.92787 1.67761
0.03071 3.08599 1.76821
0.04786 4.66839 2.67503
0.05735 5.73429 3.28596
0.03039 2.94023 1.68469
0.02399 2.29514 1.31505
0.04737 4.46817 2.56029
0.03707 3.49212 2.00094
0.03953 3.66613 2.10065
0.03945 3.60938 2.06814
0.02816 2.56236 1.46817
0.03773 3.37627 1.93455
0.01973 1.74567 1.00021
0.03535 3.10603 1.77969
0.02208 1.91514 1.09731
0.01111 0.95448 0.54688
0.02993 2.53541 1.45272
0.02750 2.29369 1.31422
0.00906 0.75274 0.43129
0.03482 2.83301 1.62325
0.02908 2.37711 1.36201
0.01503 1.21197 0.69441
0.00951 0.76283 0.43707
0.01079 0.86010 0.49280
0.01115 0.87527 0.50150
0.03359 2.61559 1.49866
0.01400 1.08730 0.62298
0.04349 3.34857 1.91868
0.06967 5.30644 3.04072
0.00793 0.59929 0.34337
0.01892 1.41333 0.80978
0.08051 5.98923 3.43209
0.01958 1.43223 0.82062
0.01981 1.43776 0.82378
0.01782 1.29286 0.74076
0.03911 2.81893 1.61518
0.04220 3.01435 1.72716
0.05508 3.91118 2.24109
0.02959 2.08125 1.19249
0.05912 4.14845 2.37706
0.08475 5.88907 3.37468
0.08313 5.73658 3.28727
0.03408 2.35643 1.35017
0.05106 3.47075 1.98869
0.03415 2.32595 1.33270
0.01683 1.13112 0.64809
0.02837 1.90816 1.09331
0.01105 0.74203 0.42516
0.02938 1.95337 1.11922
0.03331 2.21856 1.27117
0.02945 1.95386 1.11949
0.02133 1.41420 0.81028
0.03349 2.21103 1.26685
0.03036 1.99817 1.14489
0.03033 1.98443 1.13701
0.03550 2.32445 1.33184
0.02206 1.44412 0.82742
0.03178 2.07666 1.18986
0.03797 2.46719 1.41363
0.04693 3.05243 1.74898
0.01425 0.92205 0.52830
0.02719 1.76458 1.01104
0.08772 5.69527 3.26359
0.01255 0.82183 0.47088
0.00670 0.44229 0.25341
0.00935 0.62377 0.35739
0.00972 0.65609 0.37591
0.00692 0.46644 0.26725
0.02033 1.38506 0.79359
0.01662 1.14142 0.65399
0.03798 2.63684 1.51084
0.03308 2.32102 1.32988
0.02784 1.96576 1.12631
0.01172 0.83918 0.48081
0.00453 0.32648 0.18706
0.00963 0.70202 0.40223
0.00562 0.41392 0.23716
0.01497 1.11006 0.63602
0.01239 0.93018 0.53295
0.01877 1.43738 0.82356
0.01389 1.07165 0.61401
0.01072 0.83157 0.47645
0.00707 0.55267 0.31666
0.01163 0.91936 0.52675
0.00755 0.60114 0.34443
0.01137 0.91209 0.52259
0.00461 0.37261 0.21349
0.00970 0.79087 0.45313
0.00256 0.21116 0.12098
0.02138 1.77714 1.01824
0.00623 0.52167 0.29889
0.00409 0.34369 0.19692
0.00722 0.60501 0.34664
0.00515 0.45208 0.25902
0.01251 1.09634 0.62816
0.00679 0.60359 0.34583
0.02300 2.06006 1.18035
0.02633 2.39227 1.37070
0.02010 1.85682 1.06389
0.01930 1.78786 1.02438
0.01367 1.26469 0.72462
0.01479 1.37537 0.78803
0.01742 1.64818 0.94435
0.01724 1.65112 0.94603
0.01160 1.12047 0.64198
0.00247 0.24021 0.13763
0.00529 0.51590 0.29559
0.01239 1.21994 0.69898
0.00807 0.79784 0.45713
0.00989 0.98444 0.56404
0.00815 0.80788 0.46288
0.00211 0.20996 0.12030
0.01394 1.40974 0.80773
0.01690 1.70669 0.97787
0.01350 1.36199 0.78037
0.01021 1.03157 0.59105
0.01094 1.10756 0.63459
0.00370 0.37603 0.21545
0.00804 0.82412 0.47219
0.01781 1.83071 1.04893
0.01525 1.56815 0.89849
0.01980 2.03747 1.16740
0.01542 1.59273 0.91258
0.00228 0.23526 0.13480
0.02077 2.14891 1.23126
0.01569 1.62179 0.92923
0.00841 0.87352 0.50049
0.02294 2.39263 1.37091
0.01766 1.84546 1.05739
0.02129 2.23247 1.27914
0.03253 3.42397 1.96189
0.00601 0.63636 0.36461
0.00585 0.62065 0.35561
0.00882 0.93386 0.53507
0.01409 1.48557 0.85118
0.01322 1.38921 0.79597
0.01649 1.72127 0.98623
0.01977 2.04974 1.17443
0.01992 2.05362 1.17666
0.01217 1.24941 0.71586
0.02582 2.63787 1.51143
0.02158 2.19691 1.25876
0.00931 0.94305 0.54033
0.02839 2.87608 1.64793
0.02800 2.83018 1.62163
0.00555 0.56077 0.32130
0.02091 2.10681 1.20713
0.00910 0.91209 0.52259
0.00560 0.55915 0.32037
0.01011 1.02966 0.58995
0.02146 2.16854 1.24251
0.01583 1.59725 0.91517
0.01296 1.30551 0.74801
0.02080 2.10466 1.20590
0.00452 0.45612 0.26134
0.00409 0.41339 0.23685
0.01324 1.34233 0.76910
0.01205 1.21728 0.69746
0.00326 0.33045 0.18933
0.00444 0.44865 0.25706
0.00344 0.34885 0.19987
0.00517 0.52467 0.30062
0.00995 1.01433 0.58117
0.00960 0.97933 0.56112
0.01496 1.53225 0.87792
0.00857 0.88218 0.50545
0.02226 2.29925 1.31740
0.02354 2.45019 1.40389
0.01300 1.34887 0.77285
0.01710 1.77078 1.01460
0.01063 1.12716 0.64582
0.01204 1.26831 0.72669
0.01345 1.42432 0.81608
0.00450 0.47424 0.27172
0.00582 0.62020 0.35535
0.00714 0.76023 0.43558
0.01047 1.12158 0.64262
0.00451 0.48134 0.27579
0.01021 1.08875 0.62381
0.01044 1.10929 0.63558
0.00385 0.40882 0.23424
0.00323 0.34195 0.19592
0.02947 3.09598 1.77393
0.04638 4.83613 2.77117
0.02919 3.05792 1.75212
0.02902 3.03960 1.74163
0.02154 2.25959 1.29468
0.01844 1.92853 1.10499
0.01759 1.82606 1.04627
0.02860 2.97379 1.70392
0.02065 2.14158 1.22706
0.01050 1.08783 0.62328
0.02554 2.63116 1.50759
0.00678 0.69772 0.39976
0.02101 2.17936 1.24871
0.01529 1.56917 0.89907
0.01266 1.29308 0.74089
0.02137 2.16693 1.24158
0.00691 0.69949 0.40078
0.01772 1.79660 1.02939
0.01552 1.57346 0.90153
0.01875 1.90461 1.09128
0.02455 2.49060 1.42705
0.01886 1.91652 1.09810
0.02689 2.74466 1.57262
0.01761 1.79755 1.02994
0.01277 1.30497 0.74770
0.03056 3.10254 1.77770
0.02554 2.61249 1.49689
0.02386 2.44122 1.39875
0.01799 1.85143 1.06081
0.02202 2.23277 1.27931
0.02663 2.76956 1.58689
0.02100 2.14401 1.22845
0.01282 1.31480 0.75333
0.02460 2.52909 1.44910
0.01944 1.96963 1.12853
0.01972 2.03186 1.16419
0.02349 2.34794 1.34530
0.02788 2.86685 1.64264
0.03594 3.61491 2.07130
0.02239 2.24500 1.28632
0.02523 2.50663 1.43623
0.02977 2.94559 1.68776
0.01618 1.58754 0.90960
0.01182 1.16283 0.66626
0.00781 0.76050 0.43574
0.01041 1.00809 0.57760
0.01110 1.07479 0.61581
0.00998 0.95964 0.54984
0.00660 0.63291 0.36263
0.01958 1.86485 1.06849
0.00617 0.58603 0.33577
0.01353 1.27714 0.73175
0.01235 1.16625 0.66822
0.01244 1.16569 0.66790
0.00579 0.54129 0.31014
0.01534 1.42768 0.81801
0.01186 1.09894 0.62965
0.00421 0.38875 0.22274
0.01911 1.75045 1.00295
0.00144 0.13169 0.07545
0.01398 1.27354 0.72969
0.00376 0.34111 0.19544
0.00527 0.47698 0.27329
0.01056 0.95464 0.54697
0.01290 1.16476 0.66736
0.02738 2.45974 1.40936
0.01476 1.31639 0.75424
0.01476 1.30766 0.74924
0.01221 1.08380 0.62098
0.02014 1.77987 1.01980
0.02350 2.07313 1.18784
0.01620 1.42477 0.81634
0.01912 1.67704 0.96089
0.02704 2.36356 1.35425
0.03353 2.92775 1.67753
0.01665 1.45874 0.83580
0.02348 2.05651 1.17831
0.02126 1.86359 1.06777
0.01365 1.19262 0.68332
0.00484 0.42519 0.24361
0.00520 0.45737 0.26205
0.00710 0.62626 0.35882
0.00898 0.79336 0.45456
0.01310 1.16378 0.66680
0.00933 0.82927 0.47514
0.01238 1.10062 0.63061
0.00213 0.19037 0.10908
0.00545 0.48811 0.27967
0.01138 1.02162 0.58535
0.01298 1.16701 0.66865
0.01194 1.07499 0.61593
0.00924 0.83309 0.47732
0.00577 0.52024 0.29808
0.00964 0.87011 0.49854
0.01610 1.45533 0.83385
0.01724 1.56239 0.89520
0.02112 1.91929 1.09969
0.02061 1.86706 1.06976
0.01258 1.14318 0.65500
0.01402 1.27239 0.72903
0.01170 1.06085 0.60782
0.01741 1.58489 0.90809
0.01622 1.48877 0.85301
0.00252 0.23186 0.13285
0.01203 1.11112 0.63663
0.02229 2.06070 1.18072
0.01091 1.01897 0.58383
0.01613 1.51998 0.87089
0.00498 0.47638 0.27295
0.01065 1.03187 0.59122
0.01055 1.04094 0.59641
0.01762 1.75472 1.00540
0.01289 1.30765 0.74923
0.01290 1.33238 0.76340
0.03770 3.94632 2.26122
0.05327 5.61332 3.21662
0.00582 0.61247 0.35092
0.02820 2.97865 1.70671
0.01104 1.17436 0.67286
0.01147 1.21954 0.69875
0.01442 1.53967 0.88218
0.01106 1.18715 0.68019
0.00903 0.97039 0.55599
0.03430 3.73201 2.13841
0.01511 1.63139 0.93473
0.01348 1.46281 0.83814
0.03400 3.74259 2.14447
0.02931 3.18391 1.82433
0.01665 1.80114 1.03199
0.01708 1.87515 1.07440
0.01079 1.16581 0.66796
0.01225 1.34712 0.77185
0.00838 0.90555 0.51884
0.00369 0.39797 0.22802
0.00778 0.84721 0.48541
0.02504 2.68369 1.53769
0.01190 1.26186 0.72300
0.01836 1.93793 1.11037
0.00570 0.60028 0.34394
0.01747 1.83818 1.05321
0.02504 2.60084 1.49022
0.00990 1.01602 0.58214
0.01738 1.76415 1.01079
0.02050 2.06747 1.18460
0.01768 1.77208 1.01534
0.01344 1.33262 0.76354
0.01175 1.15251 0.66034
0.00569 0.55122 0.31583
0.01747 1.66390 0.95336
0.01384 1.30501 0.74772
0.01585 1.47918 0.84751
0.01233 1.14036 0.65338
0.00903 0.82837 0.47462
0.00588 0.53662 0.30746
0.00178 0.16135 0.09245
0.01832 1.64832 0.94443
0.01092 0.97903 0.56094
0.01667 1.48494 0.85082
0.01486 1.32160 0.75723
0.01309 1.16745 0.66890
0.01092 0.97190 0.55686
0.01509 1.34518 0.77074
0.00771 0.68834 0.39439
0.00328 0.29197 0.16729
0.00739 0.65740 0.37666
0.01109 0.98954 0.56696
0.00103 0.09237 0.05292
0.00225 0.20276 0.11617
0.00294 0.26612 0.15248
0.00530 0.47852 0.27417
0.01587 1.44088 0.82557
0.01653 1.50693 0.86342
0.01049 0.95677 0.54819
0.02729 2.49799 1.43128
0.02416 2.20882 1.26558
0.01222 1.11348 0.63798
0.01069 0.97031 0.55595
0.00484 0.43939 0.25175
0.00764 0.69270 0.39689
0.01876 1.69618 0.97185
0.02103 1.89742 1.08716
0.01650 1.48493 0.85081
0.02432 2.19414 1.25717
0.00886 0.79971 0.45820
0.00738 0.66206 0.37934
0.01121 1.00446 0.57552
0.01293 1.15610 0.66240
0.01071 0.95743 0.54857
0.00542 0.48314 0.27682
0.01265 1.12427 0.64417
0.00843 0.75084 0.43020
0.01068 0.95289 0.54597
0.01206 1.07766 0.61746
0.01681 1.50904 0.86462
0.01820 1.63455 0.93654
0.01634 1.46662 0.84032
0.01810 1.63125 0.93465
0.01422 1.28350 0.73540
0.02162 1.94884 1.11662
0.01535 1.38843 0.79552
0.01233 1.12145 0.64255
0.02428 2.22254 1.27345
0.02069 1.90157 1.08953
0.02152 1.97079 1.12920
0.01862 1.71932 0.98511
0.01612 1.49358 0.85577
0.01215 1.13396 0.64971
0.02449 2.30360 1.31989
0.01285 1.20514 0.69050
0.02115 2.00401 1.14823
0.01284 1.22509 0.70193
0.02355 2.25370 1.29130
0.01015 0.97420 0.55818
0.03220 3.10694 1.78022
0.00086 0.08372 0.04797
0.01785 1.74958 1.00245
0.01412 1.39604 0.79988
0.02375 2.34515 1.34370
0.01016 1.00939 0.57834
0.01370 1.37131 0.78571
0.00848 0.85488 0.48981
0.00634 0.64109 0.36732
0.00453 0.45928 0.26315
0.01332 1.35610 0.77699
0.00536 0.54990 0.31507
0.01125 1.15835 0.66369
0.01323 1.37210 0.78616
0.00687 0.71207 0.40799
0.01378 1.43603 0.82279
0.00302 0.31476 0.18034
0.01434 1.50335 0.86136
0.01031 1.09332 0.62643
0.01688 1.78568 1.02313
0.02025 2.15730 1.23607
0.01162 1.24402 0.71278
0.01230 1.32863 0.76125
0.01211 1.32256 0.75778
0.00376 0.41350 0.23692
0.00997 1.11115 0.63664
0.00861 0.97121 0.55646
0.00357 0.40664 0.23299
0.00419 0.48749 0.27931
0.00276 0.32657 0.18711
0.00436 0.52400 0.30023
0.00160 0.19523 0.11186
0.00996 1.22688 0.70296
0.00665 0.82543 0.47294
0.01068 1.33183 0.76309
0.01536 1.92387 1.10231
0.01959 2.46050 1.40980
0.00556 0.69980 0.40096
0.00524 0.65808 0.37705
0.00994 1.25203 0.71736
0.01910 2.41041 1.38110
0.02113 2.63739 1.51116
0.01523 1.94113 1.11220
0.02095 2.64794 1.51720
0.00591 0.74494 0.42682
0.04002 5.13774 2.94403
0.02356 2.96948 1.70145
0.01203 1.55353 0.89012
0.03323 4.17523 2.39241
0.01132 1.42756 0.81794
0.00777 0.99992 0.57291
0.00450 0.56473 0.32357
0.02219 2.78420 1.59528
0.00829 1.05533 0.60466
0.00675 0.83964 0.48108
0.01408 1.77973 1.01972
0.00835 1.03052 0.59045
0.00762 0.93408 0.53519
0.00272 0.33840 0.19389
0.00601 0.73063 0.41862
0.00188 0.23170 0.13275
0.01124 1.35411 0.77585
0.01535 1.83441 1.05105
0.02324 2.80590 1.60772
0.00997 1.18382 0.67828
0.01534 1.81246 1.03848
0.01536 1.82330 1.04469
0.01003 1.17268 0.67190
0.02835 3.32166 1.90326
0.01303 1.50781 0.86392
0.00792 0.91561 0.52461
0.01034 1.20557 0.69075
0.01327 1.52895 0.87603
0.00935 1.07111 0.61371
0.01318 1.52689 0.87485
0.00775 0.88142 0.50502
0.01311 1.48940 0.85337
0.01228 1.39891 0.80152
0.03026 3.41402 1.95618
0.01686 1.93381 1.10801
0.03428 3.88248 2.22464
0.01842 2.08508 1.19468
0.00967 1.11812 0.64064
0.03292 3.76449 2.15702
0.02137 2.45342 1.40574
0.01638 1.92115 1.10076
0.02233 2.57273 1.47411
0.01071 1.24686 0.71440
0.00341 0.39055 0.22377
0.01884 2.15229 1.23319
0.01584 1.82176 1.04381
0.01544 1.76110 1.00905
0.00695 0.78662 0.45070
0.02156 2.43797 1.39689
0.01173 1.30711 0.74892
0.01263 1.42291 0.81527
0.01110 1.23252 0.70619
0.01454 1.61050 0.92276
0.01807 2.01885 1.15674
0.01742 1.91444 1.09691
0.01287 1.40724 0.80629
0.00566 0.62166 0.35618
0.01549 1.67288 0.95850
0.00461 0.49982 0.28637
0.03472 3.70760 2.12442
0.02488 2.64442 1.51519
0.01375 1.46055 0.83684
0.00904 0.94835 0.54337
0.01208 1.25697 0.72020
0.01502 1.57020 0.89967
0.02788 2.86828 1.64346
0.01168 1.20270 0.68910
0.02321 2.36066 1.35259
0.01951 1.97210 1.12995
0.01176 1.19326 0.68369
0.01525 1.52517 0.87387
0.01688 1.67905 0.96203
0.02064 2.04094 1.16939
0.04292 4.19585 2.40422
0.03039 2.96768 1.70042
0.02207 2.14592 1.22955
0.02940 2.83771 1.62594
0.00613 0.59105 0.33865
0.01671 1.59345 0.91299
0.02151 2.05148 1.17543
0.00412 0.38772 0.22215
0.00411 0.38625 0.22130
0.01212 1.13743 0.65170
0.02580 2.40584 1.37848
0.03675 3.40026 1.94830
0.02111 1.93476 1.10856
0.02706 2.48799 1.42555
0.02834 2.58863 1.48322
0.01076 0.97715 0.55987
0.02179 1.96921 1.12829
0.01096 0.98545 0.56462
0.00903 0.80770 0.46278
0.00172 0.15377 0.08811
0.01131 1.00669 0.57679
0.00599 0.52972 0.30351
0.01021 0.89860 0.51486
0.01207 1.05643 0.60529
0.01385 1.20744 0.69182
0.02566 2.22326 1.27386
0.01851 1.59359 0.91307
0.00888 0.75884 0.43478
0.02174 1.85345 1.06196
0.01788 1.50651 0.86318
0.00862 0.73274 0.41983
0.04364 3.67517 2.10583
0.01519 1.20609 0.69104
0.02372 2.08657 1.19554
0.01834 1.51907 0.87037
0.02562 2.10571 1.20650
0.02721 2.21988 1.27192
0.01766 1.43580 0.82266
0.00987 0.79981 0.45826
0.00987 0.79624 0.45621
0.01705 1.36772 0.78365
0.02798 2.23877 1.28275
0.01810 1.44306 0.82682
0.01207 0.95385 0.54652
0.01672 1.30989 0.75052
0.02825 2.21304 1.26801
0.01943 1.51343 0.86714
0.01495 1.15826 0.66364
0.01830 1.41094 0.80842
0.01804 1.37501 0.78783
0.01611 1.21421 0.69569
0.00979 0.73879 0.42330
0.01635 1.22830 0.70377
0.01191 0.88957 0.50969
0.02670 1.98284 1.13610
0.01423 1.04899 0.60103
0.01349 0.99068 0.56762
0.02032 1.48491 0.85080
0.02862 2.08148 1.19262
0.00823 0.59594 0.34145
0.01506 1.08402 0.62110
0.02789 2.00025 1.14608
0.02273 1.62628 0.93180
0.02625 1.87241 1.07283
0.01696 1.20869 0.69253
0.01589 1.12653 0.64546
0.01127 0.80089 0.45888
0.01055 0.74682 0.42790
0.01428 1.01275 0.58026
0.02998 2.12300 1.21641
0.00930 0.65842 0.37725
0.00895 0.63401 0.36326
0.00472 0.33431 0.19154
0.00852 0.60519 0.34675
0.00736 0.52126 0.29866
0.01344 0.95191 0.54541
0.02283 1.62229 0.92951
0.00995 0.70409 0.40342
0.01013 0.71524 0.40980
0.00663 0.47139 0.27009
0.01548 1.10392 0.63250
0.01136 0.81278 0.46569
0.01781 1.27728 0.73183
0.01762 1.26735 0.72615
0.00894 0.64094 0.36723
0.00843 0.60495 0.34661
0.01647 1.18585 0.67944
0.01317 0.94959 0.54408
0.02259 1.63441 0.93646
0.01578 1.13798 0.65202
0.01507 1.09498 0.62738
0.02636 1.91632 1.09798
0.01675 1.22344 0.70098
0.02320 1.69732 0.97250
0.02162 1.58280 0.90689
0.02450 1.80787 1.03585
0.02083 1.54117 0.88304
0.01535 1.13826 0.65218
0.02319 1.72402 0.98780
0.02622 1.95742 1.12154
0.01247 0.93494 0.53568
0.03888 2.94184 1.68561
0.03350 2.57448 1.47511
0.02961 2.29767 1.31650
0.01556 1.22500 0.70188
0.01507 1.20783 0.69204
0.01537 1.25346 0.71819
0.01119 0.92815 0.53179
0.00747 0.62637 0.35888
0.00583 0.49907 0.28595
0.02162 1.88411 1.07953
0.00550 0.48953 0.28048
0.00514 0.46615 0.26708
0.00724 0.66667 0.38198
0.01243 1.16238 0.66600
0.01144 1.07665 0.61688
0.02233 2.12667 1.21851
0.01525 1.46738 0.84075
0.02333 2.25732 1.29338
0.01415 1.38795 0.79524
0.03031 2.99015 1.71329
0.01294 1.28528 0.73642
0.02413 2.38750 1.36797
0.01244 1.23142 0.70556
0.02242 2.21081 1.26673
0.01251 1.23921 0.71002
0.01632 1.61168 0.92343
0.00449 0.44384 0.25430
0.03072 3.06660 1.75710
0.02023 2.02146 1.15823
0.02209 2.20119 1.26121
0.03131 3.11665 1.78578
0.04412 4.36121 2.49899
0.03419 3.40886 1.95323
0.02939 2.90490 1.66445
0.01821 1.78070 1.02028
0.03899 3.82919 2.19410
0.01643 1.58850 0.91015
0.00893 0.85687 0.49095
0.03454 3.32497 1.90516
0.00344 0.32536 0.18642
0.02090 1.97031 1.12893
0.02998 2.86264 1.64023
0.00815 0.76435 0.43794
0.02354 2.22779 1.27646
0.01249 1.15954 0.66437
0.01734 1.60246 0.91815
0.00809 0.74717 0.42810
0.01069 0.97208 0.55696
0.01634 1.48031 0.84816
0.03564 3.26817 1.87260
0.02198 1.98518 1.13745
0.01221 1.10509 0.63317
0.03739 3.32488 1.90511
0.03951 3.49380 2.00190
0.01020 0.91189 0.52247
0.00741 0.64921 0.37197
0.00900 0.79036 0.45284
0.01720 1.51866 0.87014
0.00375 0.32722 0.18748
0.01620 1.42285 0.81524
0.01585 1.36904 0.78441
0.00849 0.73280 0.41987
0.00301 0.26047 0.14924
0.01652 1.41711 0.81195
0.01372 1.17905 0.67555
0.01160 0.99027 0.56739
0.00867 0.73757 0.42260
0.01036 0.87719 0.50260
0.01820 1.53640 0.88030
0.01046 0.88997 0.50992
0.01349 1.14893 0.65829
0.01809 1.54638 0.88602
0.01086 0.92664 0.53093
0.01411 1.20761 0.69191
0.02173 1.86799 1.07029
0.00223 0.19175 0.10986
0.01062 0.91951 0.52684
0.02968 2.58021 1.47839
0.02981 2.62812 1.50585
0.01880 1.67067 0.95724
0.02325 2.09085 1.19799
0.02448 2.21852 1.27115
0.03138 2.90562 1.66485
0.03378 3.18805 1.82670
0.02539 2.42516 1.38955
0.02488 2.43230 1.39364
0.03275 3.23326 1.85260
0.02846 2.86278 1.64031
0.02707 2.79660 1.60238
0.02628 2.74076 1.57039
0.04020 4.29507 2.46108
0.01791 1.96611 1.12652
0.02278 2.56036 1.46702
0.00552 0.64958 0.37218
0.00781 0.92583 0.53046
0.01180 1.44506 0.82796
0.02430 2.97479 1.70449
0.02119 2.61332 1.49736
0.01066 1.37406 0.78728
0.01275 1.62077 0.92865
0.01468 1.96623 1.12659
0.00539 0.71376 0.40896
0.01047 1.37997 0.79067
0.02246 3.13149 1.79428
0.01342 1.77956 1.01963
0.02314 3.23251 1.85217
0.01850 2.43698 1.39632
0.00793 1.04266 0.59740
0.02990 4.11361 2.35709
0.03069 4.11452 2.35761
0.03026 4.24354 2.43155
0.02267 3.09531 1.77355
0.00918 1.26220 0.72319
0.05365 7.52048 4.30993
0.02464 3.36153 1.92610
0.05501 7.64442 4.38100
0.03916 5.36090 3.07194
0.02512 3.42705 1.96365
0.04533 6.21955 3.56411
0.03693 5.03321 2.88412
0.03615 4.90399 2.81006
0.05212 7.04555 4.03764
0.05024 6.75523 3.87120
0.05395 7.19908 4.12566
0.02678 3.57214 2.04679
0.01711 2.27676 1.30452
0.02845 3.78794 2.17046
0.02154 2.86001 1.63872
0.02799 3.74734 2.14720
0.01091 1.45522 0.83379
0.01782 2.36795 1.35677
0.03648 4.81885 2.76127
0.01762 2.33526 1.33804
0.03421 4.52461 2.59263
0.00827 1.11021 0.63610
0.00646 0.87755 0.50280
0.01955 2.62357 1.50324
0.05529 7.64859 4.38339
0.05814 7.95344 4.55819
0.04297 6.13182 3.51382
0.01596 2.31234 1.32490
0.02902 4.16336 2.38560
0.00540 0.79007 0.45268
0.01445 2.10531 1.20628
0.01941 2.78267 1.59440
0.01624 2.35232 1.34781
0.01736 2.47320 1.41707
0.03421 4.93256 2.82643
0.04774 6.91165 3.96087
0.00931 1.31151 0.75145
0.02643 3.79848 2.17650
0.02535 3.66248 2.09856
0.01180 1.65329 0.94728
0.01672 2.42048 1.38687
0.02057 2.82145 1.61663
0.00530 0.74881 0.42904
0.01128 1.59907 0.91621
0.02036 2.78034 1.59307
0.00933 1.31253 0.75203
0.01360 1.88071 1.07758
0.02326 3.08318 1.76660
0.00704 0.95504 0.54720
0.00296 0.38814 0.22239
0.01693 2.25037 1.28939
0.03103 4.07005 2.33213
0.02207 2.82877 1.62082
0.01528 1.95042 1.11753
0.02062 2.59554 1.48718
0.02060 2.55394 1.46334
0.01646 2.02531 1.16044
0.01901 2.29684 1.31602
0.02875 3.43099 1.96591
0.00852 1.00645 0.57666
0.00250 0.29164 0.16710
0.01019 1.17800 0.67495
0.02628 3.02116 1.73106
0.01919 2.15449 1.23446
0.01776 1.97650 1.13247
0.01317 1.45162 0.83172
0.01549 1.69332 0.97021
0.02193 2.37655 1.36169
0.01877 2.00684 1.14986
0.01491 1.57820 0.90425
0.01969 2.05769 1.17899
0.00651 0.67953 0.38935
0.01237 1.27276 0.72925
0.02168 2.21282 1.26788
0.01027 1.04123 0.59659
0.01106 1.11184 0.63704
0.01812 1.80819 1.03603
0.01255 1.25190 0.71729
0.01121 1.11347 0.63797
0.01258 1.24690 0.71443
0.01533 1.51269 0.86671
0.02431 2.39954 1.37487
0.05182 5.10835 2.92719
0.01816 1.77676 1.01802
0.03291 3.21755 1.84360
0.03119 3.06533 1.75637
0.03324 3.26596 1.87134
0.04713 4.62208 2.64850
0.01728 1.69392 0.97055
0.02096 2.05420 1.17699
0.01587 1.55641 0.89177
0.02061 2.02911 1.16261
0.00700 0.68726 0.39377
0.01738 1.71177 0.98079
0.02215 2.16952 1.24307
0.02980 2.93044 1.67908
0.02351 2.31556 1.32675
0.02212 2.16681 1.24152
0.01376 1.36146 0.78006
0.01067 1.05942 0.60700
0.00450 0.44569 0.25536
0.01724 1.71214 0.98100
0.02891 2.87249 1.64587
0.02458 2.43254 1.39378
0.02378 2.36026 1.35236
0.00335 0.33402 0.19138
0.01404 1.39143 0.79724
0.01630 1.62551 0.93136
0.02064 2.04581 1.17218
0.01268 1.26303 0.72367
0.01540 1.54001 0.88237
0.01714 1.70420 0.97645
0.00800 0.79977 0.45824
0.01139 1.13112 0.64809
0.00437 0.43403 0.24868
0.01518 1.49833 0.85849
0.00463 0.46446 0.26611
0.01176 1.17562 0.67359
0.00739 0.73922 0.42354
0.01739 1.73336 0.99316
0.01203 1.20056 0.68787
0.02489 2.47321 1.41708
0.01382 1.37174 0.78596
0.02287 2.27779 1.30511
0.02172 2.16729 1.24179
0.01642 1.63885 0.93900
0.01878 1.87376 1.07360
0.00545 0.54565 0.31264
0.00560 0.56287 0.32250
0.01281 1.29010 0.73918
0.01130 1.14215 0.65441
0.00743 0.75353 0.43174
0.01107 1.12390 0.64395
0.01007 1.02522 0.58741
0.04191 4.29765 2.46256
0.01957 1.99978 1.14581
0.01170 1.20024 0.68769
0.02175 2.24612 1.28696
0.03439 3.51458 2.01381
0.01492 1.60158 0.91765
0.02128 2.25596 1.29260
0.01536 1.65070 0.94579
0.02867 3.11490 1.78478
0.01790 1.98021 1.13459
0.02117 2.39530 1.37244
0.01108 1.28155 0.73428
0.00733 0.87886 0.50355
0.02695 3.33785 1.91254
0.05661 7.15036 4.09773
0.04596 6.02350 3.45174
0.02117 2.86356 1.64075
0.03456 4.81514 2.75914
0.01796 2.56489 1.46961
0.02554 3.67579 2.10619
0.01925 2.76205 1.58259
0.02003 2.88539 1.65326
0.01891 2.76672 1.58527
0.03004 4.46294 2.55729
0.04015 5.98917 3.43205
0.03816 5.75958 3.30045
0.00684 1.04334 0.59779
0.00684 1.02727 0.58859
0.01043 1.62975 0.93379
0.03780 5.77117 3.30709
0.00871 1.39150 0.79728
0.04865 7.39523 4.23812
0.01012 1.62358 0.93025
0.00907 1.47094 0.84279
0.04816 7.32463 4.19764
0.01647 2.66533 1.52716
0.03891 5.84191 3.34764
0.01344 2.12407 1.21703
0.00894 1.39538 0.79950
0.02157 3.15336 1.80682
0.01771 2.74070 1.57035
0.02289 3.30197 1.89198
0.02236 3.39227 1.94372
0.01749 2.66123 1.52482
0.01262 1.79753 1.02992
0.01908 2.84197 1.62838
0.01249 1.76687 1.01235
0.02477 3.56277 2.04143
0.01891 2.67184 1.53089
0.01599 2.16430 1.24007
0.01163 1.57888 0.90464
0.00801 1.06067 0.60772
0.00532 0.69116 0.39600
0.00984 1.26609 0.72542
0.01111 1.37831 0.78972
0.01370 1.69742 0.97256
0.00595 0.71687 0.41074
0.01144 1.35768 0.77790
0.00603 0.70061 0.40142
0.02172 2.47809 1.41988
0.01398 1.56636 0.89747
0.02278 2.50308 1.43420
0.02620 2.84206 1.62844
0.01729 1.84681 1.05816
0.02485 2.64040 1.51288
0.02786 2.90638 1.66529
0.03104 3.19957 1.83330
0.02109 2.16014 1.23769
0.03031 3.05374 1.74973
0.00834 0.83533 0.47861
0.01304 1.29547 0.74226
0.01155 1.13438 0.64996
0.02924 2.84310 1.62903
0.00485 0.46926 0.26887
0.01218 1.16977 0.67023
0.00402 0.38681 0.22163
0.01163 1.10617 0.63379
0.00574 0.54801 0.31399
0.00785 0.74557 0.42718
0.01133 1.07333 0.61497
0.00345 0.32499 0.18621
0.01822 1.71917 0.98502
0.02618 2.47015 1.41533
0.01175 1.10127 0.63098
0.03529 3.29916 1.89036
0.02842 2.65945 1.52380
0.01202 1.12972 0.64729
0.00878 0.81836 0.46889
0.02471 2.33352 1.33704
0.00789 0.73856 0.42316
0.02390 2.22762 1.27636
0.01307 1.22427 0.70146
0.02275 2.12254 1.21615
0.01110 1.03953 0.59561
0.03143 2.95430 1.69275
0.00873 0.81207 0.46528
0.02224 2.07010 1.18610
0.01811 1.67846 0.96170
0.00923 0.84930 0.48661
0.02083 1.91880 1.09941
0.01183 1.07959 0.61856
0.00213 0.19370 0.11098
0.01297 1.17009 0.67041
0.00769 0.69196 0.39646
0.01691 1.51599 0.86861
0.02769 2.47536 1.41831
0.01712 1.52670 0.87474
0.03354 2.98309 1.70925
0.03197 2.82542 1.61890
0.02537 2.23251 1.27916
0.03111 2.72505 1.56138
0.01620 1.41291 0.80954
0.01454 1.25422 0.71862
0.01623 1.40326 0.80402
0.01874 1.61062 0.92283
0.00794 0.67923 0.38917
0.00985 0.83557 0.47875
0.00264 0.22289 0.12771
0.00725 0.60691 0.34774
0.02048 1.70483 0.97681
0.02431 2.02532 1.16045
0.02448 2.02133 1.15816
0.02067 1.69818 0.97299
0.01163 0.94831 0.54334
0.01862 1.51632 0.86879
0.01620 1.31161 0.75150
0.01183 0.94925 0.54388
0.02036 1.62145 0.92903
0.01610 1.28167 0.73435
0.01964 1.56134 0.89459
0.00667 0.52892 0.30305
0.01083 0.85305 0.48876
0.02443 1.91882 1.09942
0.02680 2.09262 1.19901
0.01854 1.44129 0.82581
0.01217 0.94900 0.54374
0.01074 0.83361 0.47763
0.01339 1.03115 0.59081
0.00244 0.18707 0.10718
0.01362 1.04504 0.59877
0.02020 1.54798 0.88694
0.03106 2.39880 1.37444
0.01572 1.20911 0.69277
0.01414 1.08491 0.62161
0.01169 0.89176 0.51094
0.01036 0.78436 0.44941
0.01060 0.80115 0.45903
0.00674 0.50748 0.29077
0.00997 0.74868 0.42896
0.01088 0.81867 0.46907
0.00277 0.20761 0.11895
0.00975 0.72464 0.41519
0.01189 0.88090 0.50472
0.00671 0.49495 0.28359
0.01733 1.27257 0.72914
0.01685 1.23385 0.70695
0.01527 1.12038 0.64194
0.02560 1.87289 1.07310
0.01111 0.81154 0.46498
0.00919 0.67259 0.38537
0.00727 0.52887 0.30302
0.00994 0.72347 0.41452
0.00568 0.41163 0.23585
0.02235 1.61958 0.92796
0.00531 0.38393 0.21998
0.00612 0.43807 0.25100
0.00578 0.41406 0.23724
0.02124 1.51437 0.86768
0.00510 0.36193 0.20737
0.01541 1.08605 0.62226
0.00290 0.20394 0.11685
0.01850 1.28871 0.73838
0.01833 1.27789 0.73218
0.03070 2.13339 1.22237
0.01884 1.30329 0.74674
0.03401 2.35194 1.34759
0.01581 1.09481 0.62728
0.02108 1.44960 0.83056
0.01834 1.25791 0.72073
0.01085 0.74217 0.42523
0.00159 0.10795 0.06185
0.01468 0.99869 0.57221
0.01721 1.16285 0.66627
0.00291 0.19833 0.11363
0.02175 1.47391 0.84450
0.02009 1.36344 0.78120
0.01183 0.80026 0.45852
0.01933 1.30712 0.74893
0.00861 0.58526 0.33533
0.02269 1.53452 0.87922
0.00700 0.47542 0.27240
0.00899 0.60755 0.34810
0.00801 0.54176 0.31041
0.00497 0.33729 0.19326
0.00918 0.61888 0.35459
0.01368 0.92834 0.53190
0.01325 0.90337 0.51759
0.00741 0.50396 0.28875
0.00577 0.39338 0.22539
0.01226 0.83323 0.47741
0.01490 1.01406 0.58102
0.00749 0.51259 0.29369
0.01909 1.30372 0.74698
0.02019 1.37762 0.78932
0.00811 0.55270 0.31667
0.03479 2.36746 1.35649
0.02359 1.60862 0.92168
0.02828 1.92655 1.10385
0.02566 1.75157 1.00359
0.02944 2.01512 1.15460
0.01654 1.13583 0.65079
0.00839 0.57443 0.32912
0.01037 0.71219 0.40806
0.02884 1.98156 1.13537
0.00235 0.16125 0.09239
0.02769 1.89890 1.08800
0.02274 1.55969 0.89364
0.01015 0.69697 0.39933
0.02495 1.70649 0.97776
0.01522 1.05163 0.60255
0.02191 1.51174 0.86617
0.01910 1.31149 0.75143
0.01380 0.94698 0.54258
0.01314 0.90186 0.51673
0.01716 1.19113 0.68247
0.02175 1.50875 0.86446
0.01768 1.22626 0.70260
0.02283 1.57802 0.90415
0.00954 0.66116 0.37882
0.00747 0.51615 0.29573
0.01938 1.34423 0.77019
0.00164 0.11359 0.06508
0.00766 0.53297 0.30537
0.02114 1.46410 0.83887
0.00493 0.34085 0.19529
0.01073 0.74027 0.42415
0.01314 0.90700 0.51967
0.03512 2.42434 1.38908
0.00840 0.57699 0.33059
0.00933 0.64224 0.36798
0.02148 1.47725 0.84641
0.01565 1.07671 0.61691
0.01955 1.34324 0.76962
0.01323 0.91072 0.52181
0.01292 0.89021 0.51006
0.01073 0.73810 0.42290
0.01189 0.82035 0.47003
0.01046 0.71658 0.41057
0.01658 1.14392 0.65542
0.02168 1.49740 0.85796
0.02076 1.43822 0.82405
0.00756 0.52143 0.29876
0.01575 1.08862 0.62374
0.01429 0.98575 0.56480
0.02259 1.54818 0.88705
0.02628 1.80541 1.03444
0.01844 1.26221 0.72320
0.01826 1.26130 0.72268
0.03635 2.52050 1.44418
0.02774 1.92630 1.10371
0.02863 1.98326 1.13634
0.03998 2.77573 1.59043
0.02824 1.96648 1.12673
0.02028 1.41732 0.81207
0.02358 1.64498 0.94251
0.01151 0.80672 0.46222
0.01185 0.82589 0.47320
0.01502 1.05112 0.60225
0.01630 1.14326 0.65505
0.02493 1.74477 0.99969
0.01640 1.14728 0.65735
0.02139 1.49678 0.85760
0.01479 1.03817 0.59483
0.02923 2.04532 1.17190
0.02200 1.53261 0.87813
0.02790 1.95092 1.11781
0.02479 1.72975 0.99108
0.02931 2.05236 1.17594
0.03480 2.44261 1.39955
0.03192 2.24871 1.28844
0.04074 2.87265 1.64597
0.02159 1.52381 0.87309
0.03035 2.13249 1.22185
0.02690 1.89540 1.08600
0.02054 1.44797 0.82963
0.01350 0.94764 0.54296
0.01780 1.24667 0.71430
0.00467 0.32617 0.18688
0.04152 2.89678 1.65979
0.00422 0.29513 0.16909
0.01558 1.09047 0.62479
0.01514 1.05632 0.60523
0.00803 0.55806 0.31974
0.01758 1.22637 0.70267
0.00822 0.57388 0.32881
0.01602 1.11510 0.63891
0.01646 1.15226 0.66020
0.02124 1.47783 0.84674
0.02057 1.43072 0.81975
0.01772 1.23170 0.70572
0.01006 0.69521 0.39833
0.01030 0.71233 0.40814
0.03741 2.58950 1.48371
0.01738 1.19787 0.68633
0.03849 2.64236 1.51401
0.02171 1.48625 0.85156
0.03014 2.06877 1.18534
0.01276 0.87270 0.50002
0.00884 0.60615 0.34730
0.01346 0.91810 0.52604
0.01444 0.98435 0.56399
0.01593 1.08893 0.62392
0.00454 0.31147 0.17846
0.01182 0.80875 0.46338
0.01054 0.71756 0.41114
0.00991 0.67458 0.38651
0.00426 0.28915 0.16567
0.00111 0.07518 0.04308
0.00936 0.63730 0.36514
0.01123 0.76151 0.43632
0.01919 1.30200 0.74599
0.01500 1.01530 0.58172
0.01376 0.93039 0.53307
0.00607 0.41114 0.23556
0.01165 0.78600 0.45035
0.01311 0.87930 0.50380
0.01620 1.08486 0.62158
0.01372 0.91613 0.52491
0.01948 1.29301 0.74085
0.01244 0.83030 0.47573
0.02035 1.36250 0.78066
0.02280 1.52454 0.87350
0.02756 1.83186 1.04959
0.03894 2.56972 1.47238
0.01752 1.16290 0.66630
0.01952 1.31012 0.75065
0.01271 0.85709 0.49108
0.01846 1.23633 0.70837
0.00654 0.43535 0.24944
0.01345 0.89962 0.51545
0.00638 0.42669 0.24448
0.01139 0.76444 0.43799
0.00567 0.37781 0.21647
0.01443 0.95662 0.54810
0.02289 1.51702 0.86920
0.00387 0.25784 0.14773
0.00493 0.32900 0.18850
0.01281 0.85994 0.49271
0.01154 0.77462 0.44382
0.02232 1.49642 0.85739
0.01911 1.27883 0.73272
0.02582 1.72946 0.99092
0.02680 1.80291 1.03301
0.02209 1.47898 0.84740
0.02033 1.36797 0.78380
0.01050 0.70608 0.40456
0.01538 1.03427 0.59260
0.01975 1.32887 0.76139
0.02646 1.78044 1.02013
0.03393 2.28092 1.30690
0.03597 2.42267 1.38812
0.02519 1.70206 0.97522
0.01399 0.94309 0.54035
0.00924 0.62048 0.35551
0.00774 0.52128 0.29867
0.01138 0.76824 0.44017
0.01749 1.16870 0.66962
0.00940 0.62968 0.36078
0.01136 0.75774 0.43415
0.01384 0.92859 0.53205
0.02391 1.58551 0.90844
0.01012 0.67701 0.38790
0.01062 0.70502 0.40395
0.01117 0.74710 0.42806
0.01479 0.98846 0.56635
0.01656 1.11160 0.63690
0.01623 1.09223 0.62580
0.01985 1.33535 0.76510
0.04773 3.19104 1.82841
0.02842 1.89638 1.08656
0.03293 2.20914 1.26577
0.03717 2.49345 1.42868
0.02724 1.83638 1.05218
0.03897 2.63428 1.50937
0.02421 1.63975 0.93952
0.03747 2.53460 1.45226
0.02602 1.77477 1.01688
0.02930 1.99985 1.14585
0.02833 1.93439 1.10834
0.02543 1.72954 0.99097
0.02872 1.93446 1.10838
0.02703 1.84028 1.05442
0.03149 2.15784 1.23638
0.02495 1.73907 0.99643
0.01361 0.95595 0.54772
0.01389 0.98190 0.56259
0.01468 1.04591 0.59927
0.01381 0.99870 0.57222
0.01754 1.28783 0.73788
0.02685 1.99063 1.14056
0.02171 1.62961 0.93371
0.02815 2.13844 1.22526
0.03169 2.45497 1.40663
0.02698 2.11388 1.21119
0.00815 0.64185 0.36775
0.03322 2.69957 1.54678
0.03828 3.15606 1.80836
0.03185 2.64401 1.51495
0.01435 1.21493 0.69611
0.01374 1.19804 0.68643
0.02988 2.70592 1.55043
0.03299 3.05951 1.75304
0.04060 3.85908 2.21123
0.04438 4.33475 2.48382
0.04567 4.64989 2.66443
0.05623 5.93845 3.40298
0.02949 3.24531 1.85951
0.01714 1.93963 1.11135
0.01009 1.19123 0.68253
0.02351 2.87978 1.65005
0.02109 2.67162 1.53077
0.03547 4.66332 2.67213
0.03897 5.30568 3.04029
0.02093 2.95779 1.69475
0.03802 5.62099 3.22101
0.01756 2.70834 1.55181
0.03196 5.14598 2.94876
0.02268 3.76588 2.15782
0.01308 2.18414 1.25145
0.01304 2.21811 1.27091
0.01933 3.31965 1.90211
0.02766 4.85050 2.77940
0.01673 2.95859 1.69521
0.03246 5.92544 3.39552
0.03353 6.18117 3.54212
0.02327 4.35399 2.49485
0.01418 2.69742 1.54555
0.02991 5.90030 3.38111
0.01224 2.40886 1.38021
0.00309 0.60771 0.34819
0.02354 4.66932 2.67557
0.01439 2.83067 1.62191
0.00647 1.28098 0.73395
0.01134 2.23566 1.28096
0.01191 2.28978 1.31198
0.00655 1.25865 0.72116
0.01223 2.30446 1.32039
0.00587 1.09252 0.62597
0.03419 6.27782 3.59752
0.02141 3.86832 2.21652
0.04615 8.25486 4.73103
0.04874 8.62970 4.94599
0.03777 6.53691 3.74604
0.02395 4.10382 2.35148
0.03226 5.43611 3.11505
0.03859 6.33992 3.63312
0.01663 2.71114 1.55342
0.02579 4.10462 2.35194
0.00259 0.40825 0.23391
0.00763 1.16647 0.66834
0.01215 1.83982 1.05415
0.01643 2.44152 1.39892
0.03106 4.56152 2.61379
0.03140 4.51910 2.58947
0.03073 4.35039 2.49279
0.02918 4.06629 2.32997
0.01931 2.64894 1.51777
0.01465 1.99354 1.14223
0.02068 2.76170 1.58239
0.01811 2.39221 1.37067
0.03035 3.95009 2.26338
0.02188 2.83626 1.62511
0.01919 2.44952 1.40350
0.01055 1.32852 0.76119
0.02489 3.09364 1.77259
0.02279 2.79825 1.60333
0.02075 2.52214 1.44512
0.02383 2.86715 1.64281
0.00935 1.10655 0.63401
0.01879 2.20043 1.26078
0.01591 1.85260 1.06148
0.02500 2.89075 1.65634
0.02879 3.35469 1.92219
0.04322 5.07441 2.90774
0.02607 3.09643 1.77419
0.02553 3.04442 1.74439
0.03311 3.99425 2.28869
0.01637 1.99241 1.14159
0.02479 3.05676 1.75146
0.03244 4.05423 2.32306
0.00332 0.42045 0.24090
0.00715 0.91760 0.52575
0.00216 0.28023 0.16056
0.00495 0.64654 0.37044
0.00854 1.11947 0.64141
0.00521 0.69258 0.39682
0.01055 1.42931 0.81894
0.01853 2.54730 1.45953
0.01756 2.42061 1.38694
0.00566 0.78419 0.44931
0.00701 0.98163 0.56244
0.00310 0.43721 0.25050
0.01400 2.00002 1.14594
0.03609 5.15642 2.95474
0.02488 3.52240 2.01829
0.02922 4.09940 2.34895
0.03088 4.30094 2.46445
0.02921 4.04486 2.31769
0.03251 4.51519 2.58723
0.05239 7.26220 4.16185
0.03375 4.68701 2.68570
