0.00298 -0.00729 0.28888
0.00710 -0.00291 0.29316
-0.00479 -0.00124 0.29890
-0.00077 -0.00204 0.30620
-0.01645 -0.00251 0.31528
-0.00220 -0.00187 0.32351
-0.04866 0.00793 0.33437
0.00032 0.00132 0.35568
-0.02162 0.00726 0.35951
-0.03094 0.00529 0.37197
0.00121 0.00839 0.38565
0.01287 0.00812 0.39439
0.02238 0.00418 0.40207
0.00569 0.00120 0.41743
0.00795 -0.00425 0.42875
0.01937 -0.00844 0.44229
0.01751 -0.00273 0.45282
-0.00939 -0.01332 0.46858
0.00860 -0.00596 0.48206
0.01637 -0.00425 0.50238
0.00927 -0.01353 0.50460
0.01168 -0.01261 0.52514
0.01464 -0.02082 0.53543
-0.00062 -0.00700 0.54996
0.02288 -0.01003 0.56004
-0.05999 -0.00861 0.56567
-0.00484 -0.01854 0.58058
-0.05600 -0.01536 0.58676
-0.03451 -0.02607 0.60536
-0.00505 -0.01955 0.61573
-0.01036 -0.02637 0.62965
-0.02106 -0.01979 0.64206
-0.02366 -0.01963 0.65567
-0.02242 -0.01359 0.66863
-0.02581 -0.01655 0.68271
-0.02053 -0.01390 0.71224
-0.02077 -0.01723 0.68966
-0.02514 -0.02185 0.71933
-0.02922 -0.01608 0.73608
-0.02042 -0.01079 0.74737
-0.02749 0.00362 0.76172
-0.02348 0.00412 0.77063
-0.00538 0.00687 0.78818
-0.01216 0.00699 0.79423
-0.01750 0.01018 0.82193
-0.01705 0.00709 0.80789
0.00070 0.00430 0.82851
-0.01788 -0.00071 0.83202
-0.01987 0.01118 0.84318
-0.04903 -0.01094 0.84947
-0.02621 -0.00956 0.86383
-0.01851 0.00077 0.87115
-0.04053 -0.01072 0.88736
-0.03500 -0.00913 0.89821
-0.01284 -0.00037 0.90842
-0.02132 -0.00888 0.91817
-0.01106 -0.00815 0.92865
-0.01228 -0.01007 0.94192
-0.02353 -0.00943 0.95456
-0.01993 -0.01001 0.96904
-0.01475 -0.00157 0.97447
-0.02196 -0.00010 1.00715
-0.02134 -0.00335 1.02440
-0.02658 -0.00751 1.03014
-0.01299 -0.01166 1.04323
-0.04141 -0.01316 1.05370
-0.02490 -0.00800 1.06377
-0.02853 -0.01058 1.06925
-0.03130 -0.01861 1.07088
-0.02099 -0.00901 1.06880
-0.03103 -0.01788 1.06722
-0.02748 -0.02474 1.06431
-0.04500 -0.01931 1.07522
-0.01841 -0.00806 1.07601
-0.01021 -0.00683 1.07916
-0.01169 -0.01228 1.07478
-0.01326 -0.02291 1.06580
-0.00533 -0.02064 1.06152
-0.00936 -0.02599 1.05847
0.00216 -0.03450 1.06702
0.00158 0.00280 1.07114
-0.00589 -0.02099 1.07646
0.00447 -0.00415 1.07583
-0.03448 -0.01437 1.07516
-0.01784 -0.02041 1.07848
-0.02004 -0.01797 1.07324
-0.01643 -0.01180 1.08519
-0.00288 -0.00996 1.07349
-0.00978 -0.00906 1.08207
-0.00438 -0.00466 1.08491
-0.00591 -0.01709 1.09065
-0.00598 -0.02120 1.09229
0.00082 -0.01558 1.09528
-0.00572 -0.03487 1.11192
-0.01649 -0.01813 1.10855
0.00330 -0.01269 1.09567
-0.03547 -0.02479 1.11300
-0.03401 -0.02894 1.11530
-0.02759 -0.02466 1.12551
-0.02531 -0.02165 1.12960
-0.02713 -0.01982 1.14035
-0.02831 -0.02847 1.13902
-0.01563 -0.02301 1.14309
-0.02295 -0.03023 1.14576
-0.02534 -0.03265 1.15088
-0.02762 -0.01661 1.15824
-0.02955 -0.01693 1.16392
-0.03495 -0.02370 1.16858
-0.02368 -0.02230 1.16982
-0.02770 -0.01985 1.16997
-0.02835 -0.02103 1.18399
-0.01999 -0.01175 1.19014
-0.00985 -0.02707 1.19102
-0.00742 -0.02437 1.19373
-0.00225 -0.00776 1.20429
-0.00579 -0.01259 1.20174
-0.00102 -0.01101 1.20883
-0.00888 -0.00639 1.21713
-0.02290 -0.00802 1.22239
-0.00021 -0.01367 1.22483
-0.01028 -0.00139 1.22646
-0.00960 -0.00834 1.23015
-0.00981 -0.00599 1.23498
0.00824 0.00173 1.23755
0.00961 -0.01271 1.24363
-0.00880 -0.01964 1.24533
-0.00584 -0.01039 1.24798
-0.00702 -0.01434 1.25556
-0.01467 -0.02345 1.25014
0.00388 -0.01422 1.26591
0.00913 -0.00696 1.26831
-0.03400 -0.01841 1.27136
0.00011 -0.01817 1.27286
-0.00985 -0.03067 1.27075
-0.01505 -0.03415 1.27446
0.00214 -0.02123 1.27397
-0.04553 -0.01540 1.27654
0.02269 -0.01975 1.26624
-0.01068 -0.00055 1.27257
-0.00067 -0.00981 1.31209
-0.01336 -0.01409 1.21810
-0.01286 -0.02462 1.25447
-0.01609 -0.01351 1.24987
-0.01132 -0.01171 1.24737
-0.01119 -0.01690 1.23613
-0.00123 -0.01849 1.21373
0.00181 -0.02908 1.20265
-0.00387 -0.02316 1.19905
0.00721 -0.02837 1.18818
-0.00240 -0.01557 1.17683
0.00272 -0.02485 1.16310
0.01912 -0.03379 1.15185
0.01937 -0.00227 1.13973
0.00965 -0.01639 1.13364
0.01803 -0.01317 1.12720
0.00657 -0.01598 1.12576
0.00755 -0.00530 1.12118
-0.00019 -0.01557 1.11600
0.00648 -0.01280 1.11295
0.00580 -0.00912 1.10897
0.02967 -0.01064 1.10074
0.02566 -0.00821 1.09663
0.01168 -0.00877 1.09331
0.00199 -0.00229 1.09696
0.00674 0.00548 1.09653
-0.00552 0.00914 1.09263
-0.00952 0.00673 1.08672
-0.01810 0.01445 1.08252
-0.00173 0.00686 1.06493
0.01285 0.00319 1.05670
-0.02373 0.00947 1.05006
-0.00122 0.00755 1.04244
-0.02239 0.00793 1.03519
0.00411 0.00507 1.02110
-0.01371 -0.00804 1.01386
0.01506 -0.00131 1.00350
0.01054 -0.00082 0.99461
0.00797 0.00887 0.98839
-0.01091 0.01671 0.97975
-0.02078 0.01065 0.97048
-0.01839 0.02098 0.96120
0.00137 0.02520 0.95279
-0.00098 0.03448 0.94325
-0.01974 0.02719 0.91893
0.01276 0.02245 0.91325
0.01604 0.02967 0.88965
0.00028 0.03199 0.88564
-0.00145 0.02943 0.87528
-0.00218 0.02944 0.87556
-0.01139 0.03004 0.86857
-0.01371 0.02672 0.84210
-0.01046 0.01901 0.84645
-0.00787 0.03149 0.84148
-0.02332 0.02431 0.84434
-0.01263 0.02677 0.83821
-0.03676 0.02141 0.83969
-0.01841 0.02376 0.84043
-0.02658 0.01164 0.83758
-0.01770 0.01424 0.83543
0.03964 -0.00779 0.83741
-0.03062 0.01366 0.85238
0.03067 0.00039 0.82556
0.02051 -0.00514 0.84473
0.02220 -0.00529 0.84750
0.02680 -0.00374 0.85604
-0.01412 0.01068 0.85636
-0.01583 0.01765 0.87151
0.00489 0.01415 0.88302
0.02826 -0.00747 0.89715
0.03351 -0.00834 0.89811
0.03997 -0.00302 0.91031
-0.00025 0.00936 0.92640
0.00645 0.00937 0.93865
0.01417 -0.00244 0.95002
0.02413 0.00370 0.96142
0.03497 -0.00041 0.97168
0.03376 -0.00391 0.98316
0.03366 -0.00730 0.99456
0.05136 -0.00319 1.02386
0.05981 0.00083 0.99828
0.02016 0.01457 1.03336
0.03371 0.00349 1.04478
-0.00678 0.01978 1.05999
0.05473 -0.02157 1.06002
0.06648 -0.00725 1.07630
0.06364 -0.00368 1.09113
0.04808 -0.00022 1.09787
0.05438 0.00331 1.11623
0.04491 -0.00970 1.12939
0.05742 -0.01501 1.13665
0.04566 -0.02161 1.15159
0.01934 -0.01913 1.16321
0.05075 -0.00390 1.17944
0.05104 -0.01077 1.19775
0.02662 -0.01815 1.20353
0.05665 -0.01781 1.22763
0.04664 -0.01561 1.22256
0.03137 -0.01686 1.23997
0.01616 -0.02946 1.24609
0.02129 -0.03195 1.25363
0.01220 -0.02894 1.27343
-0.01099 -0.04110 1.28335
0.02600 -0.04130 1.28695
0.05440 -0.04412 1.29686
-0.04655 -0.05309 1.31110
0.00421 -0.02368 1.32343
0.03178 -0.02210 1.33832
-0.06652 -0.04604 1.34180
0.03234 -0.02651 1.36678
0.02992 -0.03825 1.37709
0.01579 -0.04987 1.37727
0.04847 -0.03586 1.38608
0.04669 -0.03269 1.39897
0.05111 -0.04486 1.40652
-0.01055 -0.04752 1.42101
-0.03092 -0.06455 1.42334
0.08704 -0.04234 1.43578
-0.05477 -0.08071 1.44581
0.04178 -0.03529 1.44511
0.05383 -0.03296 1.46973
0.03803 -0.04483 1.46686
0.01417 -0.03742 1.48709
0.02051 -0.04983 1.48597
0.00637 -0.03991 1.48916
0.02852 -0.04321 1.50300
0.03937 -0.04618 1.50017
-0.00859 -0.05268 1.50611
0.01328 -0.04954 1.50753
-0.01800 -0.03068 1.51433
-0.00850 -0.05376 1.51853
-0.01653 -0.04773 1.52746
-0.01447 -0.04990 1.52633
0.00752 -0.04978 1.52645
0.03881 -0.04564 1.52911
-0.02069 -0.05203 1.53795
-0.03212 -0.04937 1.53634
0.00199 -0.04141 1.54458
0.03396 -0.02603 1.54027
-0.08187 -0.05219 1.53718
0.01701 -0.03023 1.52672
-0.00085 -0.03901 1.51414
-0.00394 -0.03549 1.49849
-0.00715 -0.03402 1.48124
-0.00066 -0.03549 1.48349
0.03188 -0.03071 1.46680
0.02222 -0.03247 1.45530
0.04394 -0.02438 1.43953
0.04515 -0.02944 1.42411
0.03705 -0.02887 1.41543
0.02137 -0.03586 1.39548
0.01269 -0.03345 1.38834
0.01203 -0.04069 1.37148
0.02220 -0.02996 1.35818
0.01660 -0.04497 1.34795
0.01348 -0.04625 1.33111
0.02956 -0.03361 1.30542
0.01996 -0.02976 1.29608
0.01342 -0.03470 1.28907
0.00610 -0.03609 1.27882
0.01009 -0.01713 1.26464
-0.00034 -0.03009 1.25507
0.00920 -0.01627 1.24699
0.00348 -0.03003 1.23813
0.00510 -0.02205 1.22597
0.00126 -0.02808 1.21351
-0.01460 -0.03128 1.20273
0.00123 -0.01926 1.19438
0.00607 -0.02330 1.18859
0.00036 -0.02420 1.19297
0.00699 -0.02276 1.13930
0.01391 -0.03430 1.14015
-0.00628 -0.02644 1.12494
0.01493 -0.03753 1.11583
0.01085 -0.04995 1.09939
0.01738 -0.03320 1.08210
0.01138 -0.00708 1.07947
0.00886 -0.00728 1.08073
-0.00013 -0.02936 1.07500
0.01270 -0.01995 1.05672
0.00193 -0.03486 1.04367
-0.00192 -0.02968 1.03493
-0.01486 -0.02223 1.02665
-0.01023 -0.02351 1.02457
-0.01421 -0.02982 1.01530
-0.02259 -0.02415 1.01077
-0.02341 -0.01084 1.00379
-0.02127 -0.00967 1.00800
-0.01570 -0.01909 1.00545
-0.01309 -0.00710 0.98906
-0.03174 -0.01970 0.98941
-0.02372 -0.00879 0.99068
-0.01441 -0.01036 0.98967
-0.01736 -0.00901 0.98736
-0.01695 -0.02314 0.98395
-0.01362 -0.01744 0.97565
-0.01642 -0.03672 0.97226
-0.00027 -0.02305 0.97219
-0.01112 -0.03821 0.97100
-0.02787 -0.00734 0.96758
-0.01506 -0.01737 0.96795
-0.03541 -0.00926 0.96584
-0.03371 -0.02056 0.96655
-0.02630 -0.01584 0.96223
-0.03865 -0.02539 0.95784
-0.03408 -0.01829 0.95640
-0.03829 -0.02197 0.95266
-0.05055 -0.02216 0.94857
-0.01429 -0.01452 0.94470
-0.02534 -0.01257 0.94220
-0.02792 -0.01589 0.94415
-0.02772 -0.02341 0.94799
-0.02705 -0.01360 0.95131
-0.02518 -0.01964 0.95752
-0.03068 -0.01381 0.96397
-0.02665 -0.01922 0.96933
-0.02046 -0.00839 0.97380
-0.03331 -0.01229 0.97802
-0.02743 -0.00234 0.98178
-0.01506 -0.00924 0.98726
-0.03494 -0.01683 0.98651
-0.02997 -0.00351 0.98874
-0.00307 -0.01028 0.98994
-0.01253 0.00249 0.99243
-0.01552 -0.00963 0.99743
-0.00829 -0.01027 1.00058
-0.01957 -0.02480 0.98168
-0.03276 -0.00763 0.98906
-0.02644 -0.02172 0.99020
-0.03020 -0.00955 0.99190
-0.03857 -0.02116 0.98719
-0.02230 -0.02200 0.99086
-0.02442 -0.01907 0.98933
-0.03019 -0.01492 0.98545
-0.00733 -0.01568 0.98955
-0.01494 -0.01660 0.98680
-0.01291 -0.01556 0.98905
-0.01885 -0.02362 0.98703
-0.02219 -0.02399 0.98527
-0.01522 -0.03128 0.98073
-0.01897 -0.03230 0.97992
-0.00025 -0.01494 0.97622
-0.00925 -0.02133 0.97162
0.00452 -0.01396 0.96817
0.00473 -0.00645 0.96057
-0.00241 -0.01182 0.96350
-0.00158 -0.01545 0.96553
-0.01092 -0.01548 0.94316
-0.01784 -0.00682 0.94880
-0.00933 -0.02353 0.94381
-0.01549 -0.01923 0.94856
-0.01370 -0.01917 0.93791
-0.00961 -0.01686 0.93853
-0.01152 -0.02228 0.93275
-0.02008 -0.01023 0.93612
-0.00687 -0.01145 0.93789
-0.00750 -0.01599 0.94109
-0.01384 -0.01829 0.94025
-0.01830 -0.01670 0.94431
-0.01155 -0.01189 0.95183
-0.01336 -0.00309 0.95895
-0.01101 -0.01246 0.95455
-0.01189 -0.01853 0.95462
-0.00917 -0.01548 0.95315
-0.01795 -0.01131 0.95596
-0.02276 -0.00506 0.96291
0.00239 -0.00397 0.96168
-0.01687 -0.00227 0.96418
-0.01077 -0.01109 0.96469
0.00301 -0.00225 0.97061
-0.01076 -0.01678 0.97181
-0.00203 -0.00167 0.96401
0.00210 -0.01566 0.97401
-0.01572 -0.01057 0.97913
-0.00692 0.00172 0.98605
-0.00783 -0.01282 0.98709
-0.02256 -0.01753 0.98562
-0.01082 -0.00731 0.98617
-0.01928 -0.00794 0.98402
-0.02715 -0.01658 0.98538
-0.01997 -0.01162 0.98365
-0.02957 -0.01057 0.97913
-0.02132 -0.01339 0.97917
-0.01269 -0.01021 0.97847
-0.03307 -0.02340 0.98413
-0.02886 -0.02609 0.97669
-0.02962 -0.01986 0.97666
-0.02730 -0.01681 0.97135
-0.03184 -0.01663 0.98576
-0.03317 -0.00755 0.96100
-0.02698 -0.02215 0.97883
-0.01170 -0.00933 0.97522
-0.02907 -0.01262 0.97229
-0.02976 -0.01781 0.98644
-0.02875 -0.01516 0.96978
-0.03228 -0.00175 0.99989
-0.03988 -0.01270 0.97158
-0.04955 -0.01335 0.99284
-0.03470 -0.01083 0.99653
-0.03815 -0.01252 1.00578
-0.04219 -0.01484 1.00951
-0.02809 -0.02118 1.01840
-0.01917 -0.02555 1.01592
-0.01062 -0.02370 1.02636
-0.02248 -0.01750 1.03221
-0.02114 -0.02202 1.03193
-0.01559 -0.02681 1.04000
-0.02185 -0.01899 1.04264
-0.02796 -0.03124 1.04891
-0.01192 -0.02131 1.05331
-0.01135 -0.02934 1.05864
-0.00347 -0.01811 1.05905
-0.01389 -0.02724 1.06665
-0.02314 -0.02178 1.06914
-0.01923 -0.03383 1.07353
-0.01649 -0.03170 1.07862
-0.01194 -0.01510 1.08327
-0.01994 -0.03526 1.09125
-0.01940 -0.02023 1.09160
-0.02825 -0.02880 1.09728
-0.02228 -0.01869 1.10102
-0.01250 -0.02681 1.10535
-0.01988 -0.03009 1.10563
-0.02101 -0.03031 1.10676
-0.03051 -0.03506 1.11224
-0.01362 -0.03188 1.12094
-0.01620 -0.02572 1.12835
-0.01510 -0.02471 1.12658
-0.01872 -0.03293 1.13118
-0.02191 -0.03350 1.13307
-0.01835 -0.02688 1.13637
-0.01389 -0.03552 1.13918
-0.02611 -0.03316 1.14334
-0.02893 -0.04582 1.14386
-0.02458 -0.02510 1.14083
-0.03169 -0.02557 1.14121
-0.02907 -0.02188 1.14042
-0.02265 -0.03594 1.14359
-0.01868 -0.02994 1.13799
-0.01029 -0.02551 1.13595
-0.01171 -0.01871 1.13406
-0.00894 -0.03076 1.13198
-0.00369 -0.03516 1.12523
-0.00938 -0.03346 1.12407
-0.00945 -0.03623 1.12432
-0.01939 -0.02913 1.11805
-0.01725 -0.02838 1.11637
-0.01483 -0.03235 1.11376
-0.01113 -0.03330 1.11212
-0.02840 -0.02814 1.11028
0.00032 -0.02468 1.10921
-0.00111 -0.01891 1.10920
-0.00532 -0.01560 1.10795
-0.01610 -0.01727 1.10622
-0.01566 -0.01434 1.10350
-0.02297 -0.01759 1.10002
-0.02452 -0.01756 1.10350
-0.02148 -0.02133 1.09979
-0.01677 -0.01619 1.10146
-0.02163 -0.02348 1.10203
-0.02691 -0.01978 1.09788
-0.01680 -0.01540 1.08956
-0.00579 -0.02996 1.08690
0.00505 -0.01598 1.08231
-0.01909 -0.03245 1.08108
-0.00061 -0.01660 1.07052
0.00930 -0.01932 1.06079
0.00310 -0.03339 1.04535
0.00949 -0.01865 1.03202
-0.00099 -0.03264 1.01332
-0.00596 -0.03551 1.00358
-0.00253 -0.03308 0.98489
-0.00536 -0.02181 0.96788
-0.03100 -0.04433 0.95375
-0.04809 -0.04526 0.94668
-0.00936 -0.01756 0.94923
-0.03651 -0.01776 0.94589
-0.02008 -0.02776 0.93977
-0.00783 -0.01004 0.94068
-0.01114 -0.00733 0.93677
-0.01520 -0.01066 0.93178
-0.01704 -0.01304 0.93047
-0.05838 -0.02767 0.91689
-0.04339 -0.02700 0.92472
-0.04905 -0.02356 0.92016
-0.06722 -0.02760 0.90554
-0.06212 -0.03668 0.91769
-0.03551 -0.02601 0.92316
-0.03255 -0.02470 0.91001
-0.03563 -0.02173 0.92432
-0.04246 -0.02722 0.90813
-0.03803 -0.02442 0.92452
-0.03674 -0.01505 0.92680
-0.03879 -0.02363 0.91694
-0.01084 -0.01124 0.93280
-0.02556 -0.00144 0.94290
-0.01284 -0.01285 0.94716
-0.01406 -0.01640 0.94931
0.00054 -0.01353 0.95019
0.01360 -0.01463 0.96252
0.00102 -0.00872 0.97400
0.01286 -0.01722 0.98512
0.01955 -0.02100 0.99105
0.01634 -0.02742 0.99737
0.01398 -0.02338 1.00817
0.00873 -0.02262 1.01940
0.00652 -0.01244 1.03216
0.01558 -0.00924 1.04959
0.00714 -0.00927 1.06073
0.00500 -0.00332 1.07169
0.00325 -0.00795 1.08108
-0.00760 -0.00565 1.09030
-0.01091 -0.00809 1.09625
-0.00866 -0.01459 1.10223
-0.02161 -0.01205 1.11115
-0.01540 -0.01754 1.11523
-0.01799 -0.01097 1.12259
-0.01993 -0.02333 1.12378
-0.01783 -0.01291 1.12126
-0.01835 -0.02140 1.12295
-0.02638 -0.02389 1.12105
-0.01923 -0.02694 1.12012
-0.01064 -0.02034 1.12297
-0.01346 -0.01531 1.12392
-0.00481 -0.01589 1.12020
-0.01380 -0.02627 1.11608
-0.01804 -0.02504 1.11074
-0.01525 -0.02586 1.10522
-0.00842 -0.02128 1.10632
-0.02090 -0.02117 1.10100
-0.02148 -0.02320 1.09650
-0.01075 -0.01916 1.09657
-0.02820 -0.03702 1.09167
-0.02684 -0.01342 1.09342
0.00562 -0.01163 1.09764
-0.01291 -0.00915 1.10128
-0.00997 -0.01259 1.10153
-0.00460 -0.02279 1.10280
-0.01385 -0.00457 1.10585
-0.02468 -0.01853 1.10790
-0.01799 -0.02419 1.11090
-0.01574 0.00028 1.10824
0.01062 -0.01751 1.10795
0.00043 -0.00932 1.11518
-0.00114 -0.02691 1.11609
0.00834 -0.00571 1.11827
0.00909 -0.01529 1.11839
0.00046 -0.01164 1.12246
0.00559 -0.01192 1.12497
0.00090 -0.01180 1.12228
-0.01098 -0.00967 1.12067
-0.01310 -0.00876 1.11867
-0.00636 -0.00293 1.11406
0.01358 -0.00671 1.11335
0.00993 -0.00448 1.11439
-0.00134 -0.00521 1.10982
-0.00198 -0.01051 1.10781
-0.00471 -0.00226 1.10914
0.01083 -0.01517 1.10514
-0.00110 -0.01678 1.09904
-0.01268 -0.01375 1.09215
0.00031 -0.00469 1.08779
0.01013 -0.00580 1.09190
0.01511 -0.00971 1.08279
0.01416 -0.01306 1.07908
0.01204 -0.01797 1.07091
0.01624 -0.00339 1.06282
0.01202 -0.01491 1.06571
0.01386 -0.00534 1.05544
0.01095 -0.01460 1.04820
0.00625 -0.00250 1.04512
0.01714 -0.02711 1.04122
0.01379 0.00349 1.03637
0.00477 -0.02661 1.02682
0.00809 -0.00979 1.01989
-0.00735 -0.02012 1.01124
-0.01211 -0.00570 1.01248
-0.00102 -0.01192 1.00694
-0.00201 -0.01130 0.99885
0.00349 -0.01288 0.99209
-0.00689 -0.01247 0.98822
0.00243 -0.01667 0.98660
0.01264 -0.00782 0.98187
0.00589 -0.01315 0.97519
0.00101 -0.01970 0.97138
0.00393 -0.00649 0.96412
-0.00602 -0.00839 0.96514
0.00795 -0.01497 0.95945
-0.00485 -0.01497 0.96059
0.00911 -0.02130 0.95355
0.00686 -0.01459 0.94242
0.01101 -0.01190 0.94509
0.00730 -0.00588 0.93880
0.00465 -0.01447 0.93360
0.00508 -0.01042 0.92572
0.00743 -0.02172 0.91502
0.00001 -0.02007 0.90850
0.01439 -0.02627 0.89716
0.00862 -0.01487 0.88615
0.00106 -0.02089 0.87717
-0.00177 -0.01901 0.85949
-0.00126 -0.02354 0.84595
-0.00591 -0.02079 0.83088
-0.00290 -0.01776 0.81922
-0.01262 -0.02318 0.81137
-0.00941 -0.01839 0.80594
0.00292 -0.02565 0.80118
0.01422 -0.01294 0.79807
0.01699 -0.02265 0.79555
0.00952 -0.01536 0.79366
0.01071 -0.02012 0.79570
0.00196 -0.00620 0.79407
0.00255 0.00347 0.79239
0.01474 0.00699 0.80095
0.00087 -0.00903 0.78477
0.01086 -0.00180 0.79120
0.02331 -0.01202 0.79278
0.05547 0.00037 0.77692
0.05206 -0.01339 0.79144
0.02338 -0.00970 0.77394
0.01941 -0.04693 0.79426
0.02338 -0.02544 0.79198
0.02685 -0.02464 0.77573
0.03135 -0.01479 0.79585
0.05424 -0.01509 0.79504
0.03882 -0.01905 0.78479
0.03987 -0.02099 0.80276
0.04158 -0.02625 0.78945
0.04168 -0.01864 0.80885
0.02750 -0.02466 0.81493
0.03498 -0.01971 0.80372
0.02472 -0.02222 0.82169
0.02875 -0.01537 0.81039
0.01425 -0.01992 0.82950
0.00765 -0.02214 0.83635
-0.00218 -0.02048 0.82785
0.00973 -0.01889 0.84180
0.00730 -0.01138 0.84640
0.00958 -0.02596 0.84183
0.01237 -0.01826 0.85517
0.00102 -0.02525 0.85315
0.01363 -0.02003 0.86408
0.01289 -0.02610 0.86447
0.01608 -0.01934 0.85773
0.02564 -0.00677 0.86780
0.02023 -0.02724 0.87245
0.01636 -0.00830 0.86327
0.01801 -0.00890 0.87916
0.01564 -0.01085 0.88018
0.03693 -0.01155 0.87699
0.05805 -0.01714 0.88440
0.05259 -0.01571 0.86999
0.06736 -0.02157 0.87998
0.04978 -0.01594 0.88207
0.05352 -0.01988 0.86285
0.06645 -0.01810 0.87189
0.05552 -0.01975 0.86883
0.05550 -0.01696 0.85071
0.04979 -0.01762 0.86648
0.03003 -0.01374 0.85797
0.02465 -0.02280 0.87188
0.00446 -0.01624 0.87501
0.01019 -0.02467 0.86882
0.00438 -0.02759 0.87613
0.01603 -0.02105 0.88253
0.00694 -0.01829 0.88411
0.01300 -0.03252 0.89671
0.02738 -0.01111 0.88693
0.01545 -0.03341 0.89976
0.03729 -0.02866 0.90187
0.02879 -0.03605 0.89393
0.02504 -0.03807 0.90902
0.03405 -0.03664 0.91319
0.03677 -0.02283 0.90880
0.04017 -0.01530 0.92476
0.03539 -0.02675 0.92153
0.05840 -0.02409 0.93424
0.04527 -0.03222 0.93927
0.02789 -0.03569 0.94021
0.02729 -0.03120 0.95223
0.01855 -0.01347 0.96047
0.03265 -0.03710 0.95541
0.04895 -0.03885 0.96987
0.03611 -0.02994 0.97015
0.04937 -0.02154 0.98153
0.04482 -0.02048 0.98825
0.03056 -0.02958 0.98463
0.03711 -0.01595 0.99879
0.03738 -0.02896 1.00427
0.05462 -0.01314 1.00978
0.05996 -0.00834 1.02119
-0.00754 -0.03519 1.02335
0.05171 -0.01634 1.02712
0.04494 -0.01669 1.03507
0.03788 -0.02686 1.03645
0.03571 -0.02110 1.04777
0.04318 -0.02691 1.04736
0.02729 -0.02201 1.06224
0.02137 -0.02204 1.06349
0.02935 -0.02479 1.06470
0.04218 -0.00406 1.07145
0.04824 -0.04270 1.07901
0.03406 -0.04986 1.08945
0.01699 -0.05500 1.08593
0.03472 -0.00928 1.09403
0.02523 -0.01439 1.10127
0.03445 -0.02291 1.10598
0.02448 -0.02268 1.11159
0.01245 -0.01685 1.11810
0.01151 -0.02295 1.12053
0.00035 -0.03035 1.12294
0.00764 -0.02069 1.13033
0.01551 -0.01372 1.13639
0.02171 -0.01655 1.14196
0.01677 -0.01263 1.14667
0.02863 -0.01534 1.15367
0.01714 -0.02020 1.16106
-0.00183 -0.01632 1.17006
0.01334 -0.01469 1.17300
0.00625 -0.01387 1.18691
0.00608 -0.02482 1.17598
0.04003 -0.02798 1.18647
0.01479 -0.02875 1.25894
0.02293 -0.02791 1.13625
0.01288 -0.01826 1.20697
0.01749 -0.01395 1.21656
0.02417 -0.02806 1.22497
0.01291 -0.02511 1.22941
-0.00970 -0.02066 1.23344
-0.00003 -0.02003 1.23970
0.01331 -0.03383 1.24574
0.02652 -0.02553 1.24925
0.01658 -0.02225 1.25404
0.00505 -0.02127 1.26553
0.00920 -0.03504 1.27563
0.01355 -0.01961 1.27648
0.00201 -0.04707 1.28273
0.00702 -0.02964 1.29027
0.00872 -0.01812 1.29689
0.01115 -0.02243 1.31183
0.00159 -0.01775 1.32637
0.00258 -0.03113 1.32489
0.00438 -0.04027 1.33016
0.00309 -0.02884 1.33907
0.01770 -0.02684 1.34641
0.00506 -0.03539 1.35633
0.00739 -0.03130 1.36092
0.01259 -0.02672 1.36779
0.02055 -0.02616 1.37470
0.00055 -0.02618 1.38048
0.00392 -0.02779 1.38888
0.01502 -0.02603 1.39401
0.00360 -0.03440 1.39702
0.00660 -0.03602 1.40167
-0.00400 -0.03374 1.40235
-0.00228 -0.04162 1.40996
0.00019 -0.03589 1.40718
0.00242 -0.02408 1.41185
0.00572 -0.02307 1.40947
0.02356 -0.03441 1.41173
0.00040 -0.03028 1.41233
-0.00002 -0.03044 1.41137
-0.01237 -0.03959 1.40998
0.00077 -0.03172 1.40799
0.00050 -0.02855 1.41103
0.00724 -0.03380 1.41119
0.01231 -0.02241 1.40701
-0.01060 -0.02244 1.41231
-0.00751 -0.03695 1.41597
-0.01023 -0.03822 1.40600
0.00457 -0.03373 1.40192
0.00340 -0.04252 1.39736
0.00976 -0.04882 1.39317
0.01014 -0.04107 1.38988
0.00218 -0.03406 1.39490
0.00195 -0.03624 1.39255
0.01141 -0.02804 1.38869
0.00475 -0.03693 1.38668
0.01596 -0.04376 1.38148
0.01261 -0.02743 1.38637
0.01305 -0.03373 1.37599
0.01978 -0.01892 1.37552
0.01294 -0.02654 1.36893
0.01343 -0.02036 1.36636
0.01835 -0.03068 1.36532
0.01982 -0.02956 1.35481
0.01700 -0.04499 1.35095
0.01100 -0.02603 1.34789
0.01650 -0.02686 1.34503
0.02271 -0.02904 1.33883
0.00470 -0.03740 1.33276
0.03023 -0.01803 1.32125
0.02800 -0.03624 1.30057
0.02225 -0.02410 1.28835
0.00991 -0.04067 1.26950
0.00897 -0.03965 1.24662
0.00843 -0.03726 1.22576
0.00081 -0.03444 1.20547
-0.00218 -0.03506 1.19140
-0.00554 -0.03846 1.16691
0.01009 -0.02823 1.14689
-0.01518 -0.03892 1.12211
-0.01111 -0.03728 1.10215
-0.00958 -0.03333 1.08491
-0.00761 -0.03543 1.06852
-0.00669 -0.03484 1.06157
-0.00460 -0.03998 1.04946
-0.00360 -0.03700 1.03864
-0.01200 -0.03426 1.03268
-0.02309 -0.03716 1.01864
0.00213 -0.04789 1.01247
-0.02317 -0.01644 1.00635
-0.02926 -0.04435 1.00921
-0.02879 -0.02957 1.00898
-0.03588 -0.04000 1.01268
-0.03318 -0.02335 1.00865
-0.02713 -0.03705 1.01144
-0.03077 -0.02254 1.01194
-0.03741 -0.04754 1.00005
-0.03541 -0.04196 0.99931
-0.04974 -0.04341 1.00137
-0.04839 -0.04313 1.00247
-0.07573 -0.05264 1.00735
-0.04440 -0.04623 1.00090
-0.02170 -0.04686 1.01056
-0.04498 -0.04231 1.02070
-0.06219 -0.04066 1.01553
-0.05236 -0.04094 1.03191
-0.05087 -0.03531 1.04065
-0.06682 -0.02628 1.03638
-0.05948 -0.02449 1.05424
-0.07581 -0.02375 1.05771
-0.06421 -0.03642 1.04452
-0.05231 -0.01830 1.06461
-0.05282 -0.03509 1.05495
-0.04576 -0.02284 1.07587
-0.04149 -0.02126 1.08098
-0.03395 -0.01906 1.08140
-0.04301 -0.03261 1.09866
-0.03251 -0.02561 1.10292
-0.07095 -0.04449 1.08740
-0.06284 -0.03546 1.10470
-0.03375 -0.04016 1.10380
-0.07783 -0.01531 1.12172
-0.08061 -0.03170 1.12754
-0.03361 -0.03508 1.11771
-0.03574 -0.03697 1.14027
-0.02712 -0.03431 1.13772
-0.03960 -0.03248 1.13132
-0.03378 -0.03030 1.14476
-0.02715 -0.03833 1.13739
-0.02137 -0.03855 1.15669
-0.02330 -0.03019 1.15727
-0.02267 -0.02298 1.15416
-0.00494 -0.02451 1.16570
-0.02581 -0.03542 1.16286
-0.01610 -0.03842 1.17113
-0.02350 -0.02720 1.17445
-0.00150 -0.02696 1.18021
-0.00066 -0.01940 1.18413
0.00165 -0.02834 1.17476
-0.02000 -0.02935 1.17382
0.01080 -0.03806 1.16924
0.00386 -0.02779 1.17122
-0.01990 -0.03005 1.16751
-0.02537 -0.04332 1.16216
-0.00336 -0.02935 1.16103
-0.00084 -0.04058 1.15403
0.01258 -0.04924 1.14930
0.02399 -0.03889 1.13344
0.01213 -0.03645 1.12437
0.01835 -0.04146 1.11103
0.02194 -0.03886 1.10268
0.02365 -0.04881 1.07863
0.02112 -0.06196 1.05741
0.01970 -0.05611 1.04509
0.00991 -0.05076 1.02175
0.00239 -0.06153 1.01089
0.00080 -0.05621 0.99249
0.01556 -0.05496 0.96621
0.00207 -0.05296 0.95735
-0.00629 -0.05741 0.93419
0.02714 -0.04886 0.90930
0.02549 -0.05125 0.88778
0.02826 -0.03412 0.84937
0.02358 -0.02512 0.84340
0.02644 -0.01942 0.81561
0.03761 -0.02564 0.81551
0.01370 -0.04039 0.80968
0.03308 -0.02696 0.77467
0.04045 -0.01396 0.78544
0.04660 -0.03099 0.74443
0.04033 -0.01684 0.75339
0.05546 -0.02330 0.75622
0.05958 -0.00631 0.71473
0.04469 -0.00524 0.75304
0.04671 -0.01797 0.71401
0.01977 -0.01457 0.75883
0.03976 -0.00825 0.75947
0.03818 -0.01397 0.72571
0.00036 -0.02569 0.74540
0.05217 -0.01095 0.71111
0.04663 -0.02479 0.73049
0.03076 -0.01130 0.72651
0.02677 -0.02029 0.71259
0.02443 -0.00507 0.73255
0.01613 -0.00268 0.71946
-0.00541 -0.01796 0.73025
0.01516 -0.02471 0.73244
0.00896 -0.02496 0.72832
0.01532 -0.03442 0.73274
0.00809 -0.02550 0.73668
-0.00039 -0.02735 0.73923
-0.00435 -0.02734 0.74317
-0.00418 -0.03486 0.74855
0.01556 -0.02204 0.74907
0.04239 -0.01298 0.75031
0.02479 -0.02461 0.75016
0.05001 -0.01908 0.75113
0.05191 -0.03673 0.74412
0.04877 -0.00338 0.74820
0.05081 -0.00737 0.75062
0.05035 -0.00378 0.75526
0.05432 -0.02602 0.75230
0.05854 -0.01735 0.75355
0.04186 -0.01755 0.74309
0.04977 -0.01034 0.73412
0.07508 -0.00626 0.74153
-0.00109 -0.01726 0.72273
0.03711 -0.01513 0.72987
0.01405 -0.02458 0.70019
0.03252 -0.01490 0.68944
0.04170 -0.02139 0.69556
0.03196 -0.01340 0.68309
0.04223 -0.02152 0.68475
0.05758 -0.01656 0.69508
0.02865 -0.00931 0.68986
0.04781 -0.00768 0.70040
0.05723 -0.00699 0.69124
0.06428 -0.00965 0.68771
0.05358 -0.00884 0.70801
0.05871 -0.01934 0.69311
0.05574 -0.01767 0.68979
0.05215 -0.00865 0.71193
0.04383 0.00300 0.68957
0.03993 -0.00670 0.72791
0.03221 -0.01938 0.70622
0.01636 -0.01936 0.70481
0.03117 -0.02418 0.73130
0.03304 -0.02568 0.70988
0.03764 -0.02480 0.72163
0.03729 -0.02861 0.75293
0.03600 -0.01023 0.73600
0.04744 -0.01668 0.76040
0.04330 -0.00596 0.75116
0.06325 -0.01389 0.75962
0.01289 -0.00558 0.78020
0.01199 -0.00622 0.78323
0.00514 -0.00512 0.79440
0.01878 0.00247 0.80643
0.02258 -0.00256 0.81218
0.01080 -0.00654 0.82754
0.00177 0.00542 0.83792
0.02068 -0.00763 0.84620
0.01506 -0.02274 0.85748
0.02036 -0.02138 0.86450
0.03273 0.00079 0.86923
0.03042 -0.01369 0.89005
0.02565 -0.00378 0.89838
0.01485 -0.01645 0.90686
0.01841 -0.01234 0.91426
0.02544 -0.01558 0.92209
0.00904 -0.02421 0.93483
0.01174 -0.01756 0.94443
0.01048 -0.01947 0.95686
0.01066 -0.01362 0.95809
0.01556 -0.01194 0.97138
0.02156 -0.00817 0.97964
-0.00578 -0.02533 0.98554
0.01528 -0.01544 0.99443
0.01901 -0.01138 1.00212
0.01393 -0.01880 1.00249
0.00615 -0.01432 1.00625
0.00923 -0.02665 1.00834
-0.01481 -0.02694 1.01282
0.01014 -0.03878 1.01226
0.03863 0.01874 1.01361
-0.00368 -0.03067 1.02164
0.02370 0.00701 1.02263
0.02849 -0.01451 1.01690
-0.03715 -0.02010 1.01688
0.03399 -0.00510 1.01908
-0.00113 -0.01178 1.02021
-0.01706 -0.03954 1.01953
-0.02319 -0.03421 1.01889
-0.03271 -0.03370 1.01483
-0.01556 -0.03329 1.01817
-0.03192 -0.01575 1.01487
-0.00126 -0.02209 1.02069
-0.04377 -0.01258 1.01583
-0.00551 -0.02074 1.01526
-0.01074 -0.01084 1.02095
-0.01379 -0.02633 1.01010
-0.01091 -0.02838 1.00641
-0.02224 -0.03450 1.00782
-0.03606 -0.01391 1.00644
-0.04999 -0.02467 1.00490
-0.02855 -0.00574 1.01024
-0.02986 -0.00688 1.00708
-0.01851 -0.02689 1.00169
-0.00489 -0.01588 1.00890
-0.02255 -0.01045 1.00241
-0.04093 -0.02404 1.00793
-0.01385 -0.01839 1.00357
-0.03362 -0.02180 0.99948
-0.01542 -0.01502 1.00546
-0.02918 -0.02971 0.99969
-0.00808 -0.01261 1.00643
-0.01762 -0.01550 1.00546
-0.00795 -0.01876 1.01304
-0.02200 -0.02542 0.99536
-0.02792 -0.02738 0.99951
-0.01802 -0.03266 0.99955
-0.00824 -0.03613 1.00235
-0.01899 -0.02726 1.00118
-0.02632 -0.03499 1.00553
-0.01819 -0.02644 1.00696
-0.03694 -0.02290 1.00302
-0.03052 -0.02817 1.00116
-0.02909 -0.01466 1.00134
-0.02843 -0.00849 1.00156
-0.01677 -0.01965 0.99781
-0.01852 -0.02071 0.99399
-0.02329 -0.01414 0.99248
-0.00284 -0.02354 0.98944
-0.00826 -0.01897 0.98623
-0.01772 -0.01448 0.98447
-0.02600 -0.02307 0.98140
-0.05641 -0.01573 0.97346
-0.02733 -0.01370 0.97799
-0.01560 -0.01319 0.97429
0.00806 -0.02194 0.96813
0.02557 -0.02802 0.97771
-0.00660 -0.03031 0.93088
0.00278 -0.03004 0.94296
-0.01132 -0.02564 0.93005
-0.02130 -0.03171 0.91958
-0.01577 -0.03012 0.90346
-0.02073 -0.03296 0.88289
-0.01477 -0.03420 0.86349
-0.01292 -0.03425 0.83291
-0.03011 -0.03090 0.80629
-0.05773 -0.02143 0.78934
-0.04310 -0.02550 0.76141
-0.02517 -0.02117 0.73842
-0.03499 -0.02393 0.71648
-0.01656 -0.01496 0.69974
-0.01095 -0.00598 0.69474
0.01069 -0.00961 0.69688
0.01285 -0.00378 0.69403
0.01460 -0.01534 0.68324
0.01437 -0.01691 0.67281
0.00050 -0.00909 0.67026
0.01439 -0.00923 0.66226
0.04626 -0.00397 0.65415
0.05324 -0.00542 0.66344
0.05021 -0.00998 0.63775
0.03266 -0.01084 0.65404
0.03867 -0.01274 0.62460
0.03571 -0.00665 0.65684
0.04657 -0.00932 0.62131
0.05829 -0.00435 0.61387
0.03773 -0.00943 0.65637
0.03338 -0.00276 0.61698
0.04793 0.01185 0.66414
0.04911 0.00115 0.63088
0.06360 -0.01065 0.63716
0.05800 -0.00959 0.68166
0.05172 -0.01042 0.64385
0.05960 -0.01572 0.69039
0.05794 -0.01623 0.65648
0.06189 -0.01529 0.65407
0.07398 -0.01512 0.69774
0.04356 -0.02379 0.66950
0.05597 -0.02030 0.70415
0.06321 -0.02075 0.69196
0.06347 -0.01335 0.70492
0.06104 -0.01691 0.73596
0.03654 -0.01770 0.73527
0.03230 -0.01281 0.75411
0.02145 -0.01245 0.76886
0.01697 -0.01546 0.77704
0.02077 -0.01424 0.80567
0.02525 -0.01903 0.80638
0.01781 -0.01444 0.82900
0.02761 -0.01514 0.84234
0.01026 -0.01343 0.86098
-0.01577 -0.01316 0.87638
-0.00516 -0.01523 0.89266
-0.00798 -0.02335 0.90958
-0.00777 -0.02112 0.92145
-0.00114 -0.01654 0.93607
-0.00003 -0.02479 0.94088
-0.00286 -0.02772 0.95810
-0.00086 -0.02736 0.96971
-0.00772 -0.02267 0.97608
-0.01349 -0.02966 0.99200
-0.00362 -0.02151 0.99790
0.00146 -0.02886 1.00591
0.00748 -0.02056 1.01833
-0.00211 -0.03743 1.02785
0.00146 -0.01479 1.03246
-0.01132 -0.02052 1.04130
-0.01005 -0.01660 1.03988
0.00396 -0.02125 1.05146
-0.00354 -0.01963 1.04811
-0.00170 -0.01839 1.05309
-0.01722 -0.01365 1.05500
-0.01309 -0.02947 1.06101
-0.03074 -0.02138 1.05926
-0.03949 -0.03004 1.05873
-0.01708 -0.03225 1.06637
-0.04564 -0.02309 1.06844
-0.04068 -0.02677 1.06752
-0.02804 -0.02146 1.06303
-0.02368 -0.01764 1.07234
-0.00726 -0.01341 1.05883
-0.01870 -0.02798 1.06760
-0.00251 -0.01076 1.07282
-0.01634 -0.01638 1.06766
-0.02203 -0.00436 1.07139
-0.02571 -0.02301 1.06736
-0.00503 -0.01063 1.06380
-0.01605 -0.02119 1.07465
-0.01898 -0.01053 1.07420
-0.01265 -0.01927 1.07854
-0.02283 -0.02054 1.08626
0.00300 -0.02276 1.08556
-0.00595 -0.01118 1.09540
-0.00742 -0.01575 1.09770
-0.02131 -0.01702 1.10817
-0.01007 -0.01511 1.11121
-0.02437 -0.02156 1.11473
-0.03766 -0.01808 1.11781
-0.02395 -0.02099 1.12064
-0.03726 -0.02443 1.12358
-0.03196 -0.03542 1.13068
-0.02786 -0.02728 1.13561
-0.02946 -0.02906 1.14089
-0.01459 -0.02270 1.14599
-0.00797 -0.02789 1.15931
-0.00020 -0.03615 1.15623
-0.00517 -0.02986 1.16321
0.00662 -0.00895 1.16826
0.00854 -0.00663 1.17866
0.00786 -0.01224 1.18628
0.00943 -0.01489 1.19407
0.01051 -0.02593 1.20116
0.00952 -0.02968 1.19979
0.01923 -0.03234 1.21073
0.00605 -0.03371 1.21653
0.02222 -0.01815 1.22613
0.01940 -0.02808 1.22733
0.02025 -0.01911 1.23477
0.01283 -0.02207 1.24552
0.01048 -0.02654 1.25541
0.01365 -0.02973 1.25569
0.02512 -0.02518 1.25761
0.00703 -0.02106 1.26142
0.01304 -0.02357 1.26913
0.03867 -0.01017 1.27276
0.01889 -0.03809 1.28001
0.00862 -0.02764 1.28596
0.00923 -0.02697 1.28261
0.00865 -0.01288 1.28875
0.00429 -0.00307 1.29862
0.00753 -0.01444 1.30547
0.02216 -0.00422 1.30353
0.02797 -0.03391 1.30438
0.03329 -0.01024 1.29423
0.02185 -0.01713 1.29965
0.00330 -0.02012 1.30337
0.00825 -0.02144 1.31017
-0.00227 -0.01713 1.32013
-0.00782 -0.01793 1.32232
0.00218 -0.00724 1.32865
0.00984 -0.01232 1.33092
0.01008 -0.02179 1.32829
0.00416 -0.02535 1.33229
0.00693 -0.01534 1.34559
0.00766 -0.01040 1.34934
0.00140 -0.02021 1.35653
0.00276 -0.02581 1.36121
0.00535 -0.02819 1.36518
0.00175 -0.02799 1.36303
-0.02019 -0.02460 1.36643
-0.01230 -0.01751 1.36860
-0.01072 -0.02049 1.36614
-0.01083 -0.02603 1.37491
-0.01237 -0.02757 1.37420
-0.00524 -0.03957 1.37975
-0.02353 -0.02505 1.37935
-0.01095 -0.03591 1.38125
0.00221 -0.02626 1.39703
-0.00265 -0.02967 1.39575
-0.01454 -0.03512 1.40195
0.00626 -0.02625 1.40751
-0.00355 -0.03221 1.41818
0.01008 -0.02356 1.42415
0.00630 -0.02643 1.43536
0.02961 -0.01729 1.43372
0.03569 -0.02786 1.43830
0.03050 -0.01935 1.44477
0.02264 -0.04310 1.44518
0.02966 -0.02633 1.44396
0.01539 -0.02843 1.45386
0.02386 -0.01785 1.45758
0.01391 -0.00124 1.46244
0.01517 -0.00612 1.47362
0.01316 -0.02519 1.46982
0.00559 -0.02014 1.47988
0.01408 -0.01654 1.46483
-0.01025 -0.01789 1.47586
-0.01048 -0.02007 1.47365
0.01299 -0.02843 1.47771
-0.00386 -0.03485 1.47813
0.00527 -0.02667 1.47077
-0.00732 -0.03172 1.47804
0.01824 -0.02545 1.47255
0.00331 -0.02164 1.47911
0.01101 -0.03428 1.47733
0.00643 -0.03102 1.47289
-0.00107 -0.03218 1.48277
0.01027 -0.03250 1.47317
-0.00189 -0.02698 1.46657
0.00491 -0.03289 1.46948
-0.00162 -0.03424 1.46658
-0.00470 -0.04170 1.47085
-0.00507 -0.04448 1.46909
0.00509 -0.04467 1.46111
-0.01917 -0.04339 1.46328
-0.02343 -0.02858 1.46520
0.00421 -0.02708 1.46751
-0.03112 -0.03373 1.46873
-0.02277 -0.03157 1.46593
-0.02652 -0.03419 1.46718
-0.01280 -0.04696 1.46388
-0.02889 -0.04399 1.46005
-0.01291 -0.03998 1.45545
-0.00707 -0.03871 1.46070
-0.00220 -0.04163 1.45575
-0.02089 -0.05152 1.45421
-0.01164 -0.02489 1.45551
-0.03360 -0.03240 1.45753
-0.01825 -0.01552 1.45779
-0.00496 -0.02407 1.45579
-0.02262 -0.02436 1.46156
-0.01829 -0.04564 1.44680
-0.00904 -0.01322 1.44908
-0.00711 -0.03737 1.45612
-0.00527 -0.02370 1.45723
-0.00277 -0.02573 1.45652
-0.00875 -0.03046 1.44016
-0.01251 -0.02970 1.44153
-0.00592 -0.02415 1.44163
-0.02113 -0.02756 1.44625
-0.01845 -0.02941 1.44284
-0.00174 -0.03479 1.44624
-0.03328 -0.03557 1.44068
-0.00812 -0.04002 1.44346
-0.01472 -0.03836 1.43599
-0.02273 -0.02446 1.44330
0.00146 -0.03575 1.44660
-0.01226 -0.02977 1.44915
-0.01629 -0.02448 1.44817
-0.02251 -0.00161 1.44842
-0.00751 -0.01907 1.45534
-0.01396 -0.01548 1.45229
-0.02575 -0.03629 1.45369
-0.01832 -0.03886 1.45318
0.00588 -0.04638 1.45493
-0.00966 -0.04464 1.45245
-0.00678 -0.04376 1.45058
-0.00278 -0.04034 1.45375
0.00201 -0.03825 1.44828
0.00748 -0.02937 1.45881
-0.02269 -0.02982 1.44900
0.01534 -0.03188 1.44744
0.00289 -0.02222 1.44334
-0.00341 -0.02727 1.44894
0.00051 -0.02650 1.44666
0.00646 -0.03446 1.44886
0.01749 -0.01868 1.45884
0.02446 -0.03303 1.45507
0.02058 -0.03037 1.46018
0.01422 -0.02516 1.44756
0.02813 -0.03319 1.44137
0.01308 -0.02920 1.43984
0.02196 -0.03310 1.44278
0.02536 -0.02920 1.43975
0.01576 -0.02951 1.43590
0.01106 -0.04207 1.43003
0.02113 -0.03147 1.43267
-0.00169 -0.03456 1.42643
0.01039 -0.03338 1.43422
0.00973 -0.03951 1.42866
0.02182 -0.02929 1.42516
-0.00176 -0.04009 1.42805
0.01435 -0.03331 1.42918
0.01137 -0.03803 1.42880
0.01743 -0.03569 1.42367
0.01779 -0.04557 1.42832
0.02035 -0.03096 1.43470
0.00896 -0.04198 1.42944
0.01475 -0.03281 1.43250
0.01837 -0.04341 1.42753
0.03927 -0.03537 1.42368
0.03028 -0.03982 1.41881
0.04230 -0.03952 1.41685
0.02511 -0.03681 1.41622
0.00820 -0.05432 1.42219
0.02248 -0.04145 1.41852
0.01835 -0.02886 1.41794
-0.00299 -0.04336 1.42439
-0.01037 -0.03263 1.42746
0.00164 -0.01728 1.43256
0.04277 -0.02977 1.43223
0.00006 -0.03478 1.43090
0.01531 -0.03771 1.42808
0.00737 -0.02006 1.43347
0.00475 -0.02606 1.43846
0.01589 -0.02297 1.43358
0.01811 -0.02919 1.43260
0.00341 -0.02151 1.43672
-0.00754 -0.05214 1.42715
0.00956 -0.01859 1.43685
0.00400 -0.01692 1.43778
-0.00653 -0.01663 1.43881
-0.00721 -0.02326 1.44640
-0.00317 -0.02188 1.44526
0.01992 -0.01516 1.44456
-0.00507 -0.02207 1.45087
-0.04248 -0.04801 1.45530
-0.02989 -0.04305 1.45959
-0.01531 0.00283 1.45686
-0.00323 -0.03220 1.46137
0.00673 -0.01785 1.45753
0.01429 -0.01591 1.46560
0.01667 -0.02445 1.46654
0.02006 -0.03043 1.46218
0.00846 -0.02826 1.45877
0.01576 -0.03568 1.46116
0.01213 -0.02430 1.46847
0.01303 -0.02451 1.46806
0.00188 -0.02975 1.47252
0.00061 -0.02866 1.47178
0.01108 -0.03061 1.46773
0.00976 -0.03201 1.47416
0.01634 -0.02289 1.47365
0.01106 -0.01986 1.47741
0.00959 -0.02307 1.47851
0.00089 -0.03086 1.47613
-0.00122 -0.02322 1.48181
0.00704 -0.03672 1.48999
0.01373 -0.03695 1.49233
0.01483 -0.03022 1.49722
0.01864 -0.02973 1.50624
0.00940 -0.03023 1.49821
0.01370 -0.03611 1.49330
0.00974 -0.03599 1.49500
0.01068 -0.04237 1.50388
0.02145 -0.03696 1.51482
0.00804 -0.04198 1.50623
0.01304 -0.04826 1.48890
0.00670 -0.02654 1.48262
0.00643 -0.02159 1.49284
-0.00798 -0.01991 1.50101
0.00081 -0.01770 1.49479
0.00220 -0.03168 1.49391
0.00378 -0.02004 1.49035
-0.00302 -0.02589 1.50086
-0.01179 -0.02399 1.50786
-0.02061 -0.01438 1.50861
-0.00364 -0.01985 1.50035
-0.00441 -0.02904 1.49811
-0.02200 -0.03131 1.48875
-0.00636 -0.03809 1.48986
-0.01563 -0.04289 1.49078
0.00304 -0.03540 1.49400
-0.00920 -0.04300 1.49226
0.00951 -0.04026 1.48590
0.01857 -0.02585 1.49340
0.00926 -0.03420 1.48607
0.00519 -0.02543 1.48648
0.00152 -0.03364 1.48694
0.00789 -0.03613 1.48596
0.01098 -0.04362 1.48560
0.01853 -0.04966 1.48639
0.02338 -0.04011 1.48404
0.01694 -0.03663 1.47916
0.00053 -0.02601 1.48313
-0.00331 -0.02644 1.48835
-0.00024 -0.02954 1.48449
0.00699 -0.02996 1.48059
0.00432 -0.02943 1.49665
-0.00044 -0.03098 1.49265
-0.00433 -0.02903 1.49943
-0.00591 -0.03632 1.48983
0.01156 -0.03614 1.50774
0.01439 -0.02950 1.49451
0.00804 -0.02573 1.50681
0.00603 -0.03310 1.49459
0.00507 -0.03730 1.49531
0.00505 -0.03796 1.48959
0.01587 -0.03191 1.48594
0.01738 -0.02580 1.48639
0.02099 -0.05709 1.49446
0.01964 -0.02417 1.49852
0.01788 -0.04124 1.49011
0.01068 -0.05057 1.48999
0.00973 -0.04494 1.48289
0.01249 -0.05474 1.47827
0.00927 -0.04203 1.47612
0.00278 -0.06113 1.47700
0.00264 -0.05229 1.46513
0.00717 -0.04819 1.46455
0.00619 -0.04140 1.46383
-0.00256 -0.04762 1.46933
-0.00377 -0.04146 1.48396
-0.00056 -0.03581 1.46862
0.01455 -0.03347 1.45910
0.00410 -0.04833 1.43359
0.01751 -0.02863 1.42280
0.00091 -0.03625 1.41464
0.01127 -0.03525 1.40299
0.01268 -0.02720 1.38276
0.00334 -0.03549 1.36145
0.00610 -0.02959 1.34830
-0.00039 -0.02756 1.33223
0.01085 -0.03595 1.31581
0.01941 -0.05089 1.28967
0.01318 -0.01416 1.27633
-0.01210 -0.01534 1.26994
-0.00214 -0.02224 1.23032
0.00586 -0.02022 1.21271
0.00214 -0.01382 1.20446
-0.01579 -0.01345 1.18120
-0.00637 -0.02773 1.14630
0.00399 -0.02819 1.10387
0.00144 -0.02500 1.07794
-0.00066 -0.02495 1.05185
0.00504 -0.01208 1.02366
0.01810 -0.03375 0.98149
0.00760 -0.00206 0.94689
0.01570 -0.02487 0.90821
0.00660 -0.01218 0.88374
-0.01004 -0.01988 0.84642
-0.01555 -0.01011 0.81627
-0.00936 -0.00603 0.78939
-0.02110 -0.00113 0.76035
-0.01025 -0.00983 0.73432
0.01671 -0.00134 0.70756
-0.00074 -0.01357 0.67626
0.02792 -0.00338 0.64786
0.01036 -0.00671 0.62090
0.03570 0.00352 0.60128
0.06055 0.00761 0.59561
0.06795 0.00386 0.58405
0.05307 0.00188 0.57983
0.04788 0.00428 0.56828
0.07663 0.00457 0.56023
0.05708 0.00103 0.54477
0.05372 -0.00364 0.53973
0.05041 -0.00070 0.53215
0.06656 0.00715 0.52159
0.07006 0.00827 0.50198
0.06945 0.00535 0.50317
0.07366 0.00119 0.50344
0.04295 -0.00589 0.50224
0.05069 -0.00355 0.50588
0.05784 -0.00688 0.50196
0.04639 -0.00199 0.50502
0.05611 0.00188 0.51705
0.06239 0.00103 0.51637
0.06656 0.00149 0.52670
0.05744 0.00082 0.53449
0.09018 -0.00248 0.53715
0.06937 0.00233 0.54901
0.08449 0.00051 0.55263
0.08741 -0.00713 0.55794
0.08447 -0.00606 0.57163
0.07317 -0.00420 0.57895
0.08199 -0.00463 0.58771
0.08936 -0.00033 0.60210
0.06576 0.00702 0.61000
0.07338 0.00557 0.62391
0.04583 0.00743 0.63232
0.05244 0.00594 0.65234
0.05360 0.00089 0.65819
0.05286 -0.00330 0.67084
0.05932 0.00105 0.67822
0.03832 0.00737 0.69377
0.04493 0.00672 0.70497
0.03411 0.00934 0.71680
0.02774 0.00447 0.72854
0.02140 0.00032 0.73479
0.01947 0.00852 0.74864
0.01992 0.00427 0.75689
0.00657 0.00499 0.76833
0.00598 0.00430 0.77150
0.01256 0.00199 0.78346
0.01200 -0.00030 0.79377
0.00118 -0.00093 0.80467
-0.00094 0.00413 0.81454
-0.00910 -0.00210 0.82275
-0.00565 0.00047 0.83122
0.00674 -0.00325 0.84508
0.00266 0.00329 0.85401
-0.00413 -0.00176 0.85890
0.00715 -0.00326 0.86466
0.02103 0.00053 0.85803
-0.00897 -0.00545 0.85172
0.01014 -0.00085 0.84203
-0.00036 -0.00641 0.83861
-0.01398 -0.00265 0.82891
0.00831 -0.01122 0.82155
-0.01244 -0.00108 0.81087
-0.02427 -0.00638 0.79969
-0.00293 -0.00867 0.79038
-0.00983 -0.00020 0.77861
-0.02990 0.00469 0.76904
-0.01444 0.00493 0.76562
-0.00765 0.00072 0.76282
-0.00987 -0.00966 0.75257
-0.02119 -0.00873 0.73791
-0.00631 -0.01566 0.72737
-0.00811 0.00124 0.72526
-0.01473 0.00129 0.72223
-0.01863 -0.01578 0.71387
-0.01618 -0.01780 0.70944
-0.01315 -0.01033 0.69996
-0.00376 -0.01144 0.69980
-0.01236 -0.01521 0.70594
-0.00428 -0.00592 0.71282
0.00593 -0.00295 0.71797
-0.00583 -0.00206 0.72211
0.00026 -0.01330 0.71984
0.00900 -0.02719 0.72085
-0.00036 -0.02533 0.71955
