0.03223 2.68690 1.53953
0.02214 1.86711 1.06979
0.02294 1.92448 1.10266
0.01377 1.15524 0.66191
0.00475 0.39760 0.22781
0.02207 1.85305 1.06174
0.01705 1.42890 0.81870
0.01810 1.51871 0.87016
0.02608 2.18837 1.25387
0.02388 2.00335 1.14786
0.03102 2.60148 1.49058
0.00776 0.65118 0.37310
0.01907 1.59779 0.91548
0.00399 0.33512 0.19201
0.00796 0.66684 0.38207
0.00464 0.38818 0.22241
0.01255 1.05088 0.60211
0.01369 1.14615 0.65670
0.00579 0.48503 0.27790
0.02815 2.35655 1.35024
0.02752 2.30451 1.32042
0.02310 1.93055 1.10614
0.00956 0.79720 0.45676
0.03662 3.06197 1.75445
0.05626 4.72150 2.70547
0.02318 1.93128 1.10656
0.02344 1.94590 1.11494
0.03629 3.05214 1.74881
0.00789 0.66026 0.37830
0.02347 1.95881 1.12234
0.02797 2.33612 1.33853
0.00662 0.55260 0.31662
0.03030 2.52684 1.44781
0.02674 2.23301 1.27944
0.00476 0.39749 0.22774
0.01325 1.10583 0.63360
0.00566 0.47186 0.27035
0.01944 1.61910 0.92769
0.00748 0.62264 0.35675
0.02480 2.05742 1.17884
0.00617 0.51249 0.29364
0.02068 1.72445 0.98805
0.00756 0.62894 0.36036
0.00539 0.44844 0.25694
0.02293 1.90234 1.08998
0.00711 0.59059 0.33838
0.02582 2.14179 1.22718
0.01203 0.99610 0.57073
0.00977 0.81069 0.46449
0.01288 1.06768 0.61174
0.00782 0.64986 0.37234
0.00482 0.40018 0.22929
0.02897 2.41015 1.38095
0.01280 1.06624 0.61092
0.00723 0.60114 0.34443
0.01230 1.02737 0.58864
0.01570 1.31537 0.75366
0.01787 1.49595 0.85712
0.01868 1.56782 0.89830
0.01834 1.54117 0.88303
0.01853 1.56156 0.89472
0.02772 2.33779 1.33948
0.01598 1.35650 0.77722
0.00593 0.50427 0.28893
0.01377 1.17092 0.67089
0.00303 0.25706 0.14729
0.00927 0.78970 0.45247
0.01404 1.20382 0.68974
0.01908 1.63816 0.93861
0.01881 1.62315 0.93001
0.02557 2.20514 1.26348
0.00386 0.33264 0.19059
0.02168 1.87794 1.07599
0.00898 0.77822 0.44589
0.01083 0.94153 0.53946
0.01160 1.00756 0.57729
0.01075 0.93146 0.53369
0.01466 1.26864 0.72688
0.00644 0.55699 0.31913
0.02760 2.38605 1.36714
0.03950 3.42262 1.96111
0.07108 6.13053 3.51309
0.03922 3.37916 1.93621
0.01110 0.94909 0.54379
0.01424 1.21062 0.69364
0.01556 1.31622 0.75414
0.02608 2.19883 1.25986
0.01415 1.18654 0.67984
0.02801 2.33525 1.33803
0.02983 2.48445 1.42352
0.01638 1.35864 0.77845
0.02697 2.23305 1.27947
0.03805 3.13482 1.79619
0.02786 2.29011 1.31217
0.03212 2.63971 1.51249
0.02470 2.02597 1.16081
0.02913 2.38652 1.36741
0.03127 2.55558 1.46428
0.02733 2.22892 1.27711
0.02366 1.92570 1.10336
0.02276 1.84724 1.05840
0.00944 0.76764 0.43983
0.00721 0.58079 0.33277
0.01616 1.30231 0.74617
0.01818 1.46436 0.83902
0.04008 3.21551 1.84243
0.02621 2.09608 1.20099
0.01935 1.54804 0.88697
0.00702 0.56163 0.32179
0.01482 1.18037 0.67631
0.01903 1.51270 0.86672
0.02682 2.12404 1.21701
0.01354 1.07149 0.61392
0.00792 0.62673 0.35909
0.01276 1.00689 0.57691
0.00391 0.30885 0.17696
0.00584 0.45801 0.26242
0.01628 1.27644 0.73135
0.01135 0.89076 0.51037
0.01306 1.02600 0.58786
0.01553 1.22160 0.69993
0.01575 1.24014 0.71055
0.01901 1.49967 0.85925
0.01585 1.25181 0.71724
0.00353 0.27921 0.15998
0.00262 0.20756 0.11892
0.00489 0.38535 0.22079
0.00979 0.77452 0.44377
0.00609 0.48106 0.27563
0.01433 1.13346 0.64943
0.04064 3.22177 1.84602
0.01554 1.22892 0.70412
0.01341 1.06242 0.60872
0.01151 0.91256 0.52286
0.02452 1.94186 1.11262
0.01229 0.97210 0.55697
0.02859 2.26507 1.29782
0.01689 1.33705 0.76608
0.01243 0.98432 0.56398
0.01267 1.00096 0.57351
0.02039 1.61336 0.92440
0.01964 1.55049 0.88837
0.01794 1.41898 0.81302
0.00778 0.61529 0.35253
0.01414 1.12068 0.64210
0.00449 0.35400 0.20283
0.02072 1.63967 0.93947
0.01236 0.98011 0.56156
0.01688 1.33769 0.76644
0.01817 1.43990 0.82501
0.01648 1.30235 0.74620
0.00245 0.19471 0.11156
0.00719 0.57537 0.32966
0.01744 1.39520 0.79940
0.00802 0.64292 0.36837
0.00795 0.63700 0.36497
0.01027 0.82397 0.47210
0.02017 1.62742 0.93245
0.02189 1.77329 1.01603
0.00426 0.34575 0.19810
0.01660 1.35247 0.77492
0.01533 1.25499 0.71906
0.00876 0.71936 0.41216
0.01304 1.07502 0.61594
0.02478 2.05127 1.17531
0.01411 1.17415 0.67274
0.02399 2.00731 1.15012
0.01003 0.84393 0.48354
0.02708 2.29621 1.31566
0.00640 0.54653 0.31314
0.00992 0.85693 0.49099
0.01974 1.72683 0.98941
0.01644 1.45449 0.83337
0.00726 0.65270 0.37397
0.00341 0.31108 0.17823
0.01406 1.29684 0.74304
0.00645 0.60269 0.34532
0.00138 0.13039 0.07471
0.02030 1.94482 1.11432
0.02301 2.21759 1.27061
0.01467 1.43394 0.82159
0.01951 1.94277 1.11314
0.01085 1.10212 0.63147
0.01525 1.57706 0.90360
0.03446 3.65839 2.09622
0.02556 2.77565 1.59038
0.02112 2.35402 1.34879
0.05997 6.85571 3.92880
0.01056 1.23600 0.70818
0.02340 2.81747 1.61435
0.00874 1.07416 0.61545
0.01975 2.48567 1.42422
0.01559 2.00403 1.14825
0.01986 2.61864 1.50041
0.02518 3.39376 1.94457
0.01153 1.57639 0.90321
0.01744 2.39514 1.37234
0.01343 1.85658 1.06376
0.00988 1.36682 0.78314
0.00495 0.68940 0.39500
0.01316 1.84189 1.05534
0.01418 1.99429 1.14266
0.01092 1.54482 0.88512
0.00120 0.17106 0.09801
0.04266 6.09226 3.49115
0.00521 0.74730 0.42818
0.00145 0.20986 0.12024
0.02884 4.19116 2.40153
0.01226 1.78295 1.02157
0.01599 2.32189 1.33038
0.00058 0.08355 0.04787
0.02331 3.34754 1.91809
0.01051 1.49589 0.85709
0.01706 2.42635 1.39023
0.00687 0.97477 0.55850
0.00630 0.88957 0.50969
0.02110 2.95189 1.69137
0.01969 2.72668 1.56232
0.01525 2.09398 1.19978
0.00564 0.76852 0.44033
0.00988 1.33100 0.76261
0.01367 1.83158 1.04943
0.01276 1.69405 0.97063
0.02439 3.20413 1.83591
0.02409 3.11035 1.78217
0.02735 3.48725 1.99815
0.00411 0.52230 0.29926
0.02217 2.78950 1.59832
0.02214 2.78503 1.59576
0.05039 6.24754 3.58016
0.02337 2.85668 1.63681
0.00817 0.98542 0.56461
0.02100 2.51271 1.43971
0.01180 1.40976 0.80774
0.01774 2.11294 1.21065
0.01161 1.39019 0.79652
0.00683 0.81513 0.46704
0.01733 2.06383 1.18251
0.02383 2.82549 1.61894
0.01943 2.30468 1.32051
0.00682 0.81180 0.46513
0.00848 1.00426 0.57540
0.01302 1.54182 0.88340
0.00758 0.89486 0.51272
0.01121 1.31927 0.75589
0.01695 1.99636 1.14385
0.00560 0.65619 0.37597
0.00928 1.08702 0.62282
0.02094 2.44430 1.40051
0.02555 2.98622 1.71104
0.02108 2.46998 1.41523
0.03469 4.04791 2.31944
0.03932 4.60672 2.63969
0.04847 5.68902 3.26001
0.04325 5.08583 2.91428
0.04100 4.83040 2.76788
0.02895 3.42236 1.96096
0.02173 2.58839 1.48308
0.01686 2.02253 1.15884
0.01881 2.29022 1.31223
0.01083 1.33152 0.76291
0.02308 2.88218 1.65142
0.00902 1.15004 0.65893
0.00849 1.10610 0.63375
0.01419 1.89237 1.08426
0.01488 2.03539 1.16621
0.00910 1.28500 0.73625
0.01207 1.75019 1.00280
0.00468 0.70111 0.40171
0.00114 0.17549 0.10055
0.01003 1.57021 0.89968
0.01158 1.83819 1.05322
0.01891 3.08426 1.76722
0.00952 1.57103 0.90014
0.01222 2.10099 1.20380
0.03266 5.62826 3.22518
0.00389 0.68394 0.39187
0.04494 8.24477 4.72525
0.01787 3.25658 1.86596
0.02415 4.48848 2.57193
0.02321 4.57522 2.62164
0.01836 3.54724 2.03252
0.01307 2.70518 1.55000
0.00819 1.62779 0.93267
0.02375 4.75816 2.72648
0.03373 7.29265 4.17931
0.05320 10.88723 6.24101
0.02839 5.86204 3.35918
0.06396 14.23127 8.16081
0.04663 9.77935 5.60539
0.05912 13.43592 7.70401
0.04277 9.07601 5.20196
0.03584 7.73788 4.43459
0.07583 17.72907 10.17136
0.02373 5.27974 3.02542
0.03705 8.39026 4.80867
0.04212 10.19740 5.84522
0.03706 8.73179 5.00454
0.08473 20.61787 11.83419
0.03553 8.47737 4.85863
0.03514 8.31138 4.76344
0.09952 23.22315 13.33597
0.04750 10.78942 6.18489
0.02751 6.14605 3.52198
0.02523 5.37277 3.07874
0.03848 8.20862 4.70451
0.02343 4.72034 2.70481
0.31776 64.94393 37.89718
0.03242 6.49403 3.72146
0.03803 7.07390 4.05389
0.12015 22.77928 13.07995
0.01245 2.17562 1.24656
0.24869 43.91001 25.36522
0.02246 3.79357 2.17369
0.05269 8.31159 4.76356
0.03169 4.98374 2.85577
0.01757 2.56753 1.47113
0.01080 1.58302 0.90701
0.02715 3.73614 2.14078
0.02896 3.98737 2.28474
0.03281 4.36659 2.50207
0.04513 5.66854 3.24827
0.02850 3.54860 2.03331
0.03406 4.02308 2.30521
0.02120 2.49804 1.43131
0.01309 1.46407 0.83886
0.00969 1.08039 0.61902
0.02626 2.84880 1.63230
0.04371 4.52663 2.59379
0.02264 2.33819 1.33972
0.02429 2.42220 1.38785
0.04326 4.27200 2.44786
0.09456 9.06703 5.19681
0.02229 2.07219 1.18730
0.05177 4.74617 2.71961
0.03564 3.18020 1.82220
0.02127 1.86833 1.07049
0.01987 1.70329 0.97593
0.01862 1.57882 0.90461
0.01585 1.32824 0.76103
0.02295 1.89433 1.08539
0.02339 1.90327 1.09051
0.02373 1.89872 1.08790
0.00974 0.77130 0.44192
0.00457 0.35636 0.20418
0.01129 0.87069 0.49887
0.01065 0.81328 0.46598
0.00817 0.61691 0.35346
0.04786 3.58797 2.05586
0.00680 0.50980 0.29210
0.02109 1.58107 0.90589
0.00653 0.49096 0.28130
0.01515 1.12847 0.64657
0.02018 1.50541 0.86255
0.01020 0.76010 0.43550
0.00639 0.47408 0.27163
0.02718 2.01287 1.15331
0.01039 0.76867 0.44041
0.02322 1.71880 0.98481
0.00860 0.63375 0.36312
0.00816 0.60310 0.34555
0.00902 0.66357 0.38020
0.02203 1.61042 0.92271
0.02589 1.89169 1.08387
0.00874 0.63563 0.36419
0.01416 1.03049 0.59043
0.02059 1.48772 0.85241
0.02728 1.97528 1.13177
0.01208 0.87216 0.49971
0.02726 1.96163 1.12395
0.02456 1.76301 1.01014
0.01973 1.41062 0.80823
0.01874 1.33740 0.76628
0.00206 0.14668 0.08404
0.02412 1.71787 0.98428
0.00767 0.54606 0.31287
0.01106 0.78257 0.44838
0.02637 1.86073 1.06614
0.02895 2.03784 1.16762
0.02179 1.53064 0.87700
0.03373 2.36711 1.35628
0.02742 1.91692 1.09833
0.01220 0.85357 0.48906
0.01916 1.33313 0.76383
0.03497 2.42845 1.39143
0.01782 1.23561 0.70795
0.02527 1.75293 1.00437
0.01206 0.83326 0.47742
0.03730 2.56847 1.47167
0.01645 1.13091 0.64796
0.01397 0.95615 0.54784
0.05364 3.66396 2.09941
0.02663 1.81910 1.04228
0.01908 1.30356 0.74689
0.01272 0.87102 0.49906
0.01993 1.35651 0.77723
0.02403 1.64006 0.93970
0.04037 2.76219 1.58267
0.01126 0.77083 0.44166
0.02612 1.79348 1.02760
0.02079 1.42706 0.81765
0.01257 0.86507 0.49565
0.01173 0.80980 0.46398
0.01749 1.20721 0.69168
0.01604 1.11193 0.63709
0.03349 2.31853 1.32845
0.01944 1.34971 0.77333
0.00746 0.51868 0.29718
0.00900 0.62872 0.36023
0.04700 3.29587 1.88848
0.03496 2.45329 1.40567
0.02178 1.54078 0.88281
0.02695 1.91396 1.09663
0.02109 1.51423 0.86760
0.01275 0.92244 0.52852
0.02271 1.66429 0.95358
0.01649 1.22574 0.70230
0.01980 1.49889 0.85881
0.01226 0.93901 0.53801
0.03957 3.08335 1.76670
0.03361 2.66683 1.52803
0.04001 3.24587 1.85983
0.02379 1.96535 1.12608
0.02933 2.47666 1.41906
0.02422 2.08711 1.19585
0.02856 2.51985 1.44381
0.02029 1.82777 1.04725
0.02316 2.14110 1.22678
0.01717 1.63188 0.93501
0.01942 1.88574 1.08046
0.01369 1.36742 0.78348
0.00345 0.35342 0.20249
0.00553 0.58249 0.33375
0.01049 1.13732 0.65164
0.00629 0.69831 0.40010
0.01706 1.94218 1.11281
0.03315 3.84292 2.20197
0.02241 2.65028 1.51854
0.03920 4.71235 2.70023
0.01881 2.29679 1.31599
0.02553 3.18544 1.82520
0.02391 3.05401 1.74989
0.01600 2.08354 1.19380
0.01875 2.46889 1.41461
0.00508 0.67656 0.38764
0.00986 1.32694 0.76029
0.01494 2.03561 1.16634
0.01498 2.07619 1.18959
0.01251 1.75142 1.00350
0.00636 0.89783 0.51442
0.05629 7.98974 4.57900
0.01721 2.45440 1.40630
0.02078 2.97120 1.70244
0.01255 1.79908 1.03081
0.01783 2.56123 1.46752
0.01359 1.95372 1.11942
0.00166 0.24154 0.13839
0.02415 3.55033 2.03429
0.02802 4.10505 2.35218
0.01094 1.59618 0.91455
0.03923 5.62475 3.22317
0.00940 1.32686 0.76024
0.02142 2.96337 1.69795
0.02174 2.96925 1.70132
0.01816 2.44969 1.40360
0.02758 3.66760 2.10150
0.01614 2.11458 1.21159
0.02297 2.93490 1.68163
0.02208 2.75380 1.57786
0.03878 4.73575 2.71364
0.03745 4.48236 2.56842
0.03294 3.88144 2.22404
0.03623 4.17893 2.39452
0.03515 3.98402 2.28283
0.02968 3.29853 1.89000
0.01246 1.35351 0.77551
0.02172 2.31746 1.32783
0.01211 1.26409 0.72428
0.04036 4.15556 2.38113
0.02418 2.45162 1.40471
0.01420 1.41563 0.81111
0.00432 0.42250 0.24207
0.00468 0.44933 0.25745
0.00292 0.27607 0.15818
0.01276 1.18980 0.68171
0.01645 1.50880 0.86449
0.00851 0.76965 0.44098
0.02926 2.58319 1.48010
0.04233 3.67047 2.10314
0.02145 1.83781 1.05300
0.00831 0.70694 0.40505
0.00318 0.26610 0.15246
0.01620 1.33596 0.76545
0.01543 1.25794 0.72075
0.02608 2.10085 1.20372
0.01445 1.14902 0.65835
0.00402 0.31491 0.18043
0.01401 1.08928 0.62411
0.02984 2.28657 1.31014
0.04031 3.06005 1.75335
0.01867 1.41212 0.80909
0.00227 0.16861 0.09661
0.00778 0.56659 0.32463
0.01844 1.32994 0.76200
0.01280 0.91665 0.52520
0.05013 3.57001 2.04558
0.02071 1.45063 0.83116
0.01616 1.11963 0.64151
0.01950 1.33887 0.76712
0.04529 3.07922 1.76433
0.01281 0.86914 0.49798
0.02212 1.49828 0.85846
0.01443 0.97850 0.56064
0.01520 1.03179 0.59117
0.00321 0.21877 0.12534
0.02280 1.55085 0.88858
0.02126 1.44785 0.82956
0.00820 0.55769 0.31953
0.02905 1.98242 1.13586
0.01636 1.11775 0.64043
0.15154 10.30066 5.90446
0.02929 1.99178 1.14123
0.06571 4.47542 2.56444
0.03465 2.36849 1.35708
0.01515 1.04190 0.59697
0.03175 2.17699 1.24735
0.03524 2.41901 1.38602
0.03099 2.13095 1.22097
0.03470 2.38321 1.36551
0.01576 1.08622 0.62236
0.04718 3.25872 1.86719
0.00924 0.64234 0.36803
0.01040 0.72288 0.41418
0.03715 2.58065 1.47865
0.03764 2.62006 1.50123
0.00463 0.32235 0.18470
0.01298 0.90844 0.52050
0.01629 1.14137 0.65396
0.01256 0.88071 0.50461
0.01296 0.91288 0.52304
0.02561 1.80681 1.03524
0.01692 1.18850 0.68096
0.02576 1.81758 1.04141
0.02886 2.04558 1.17205
0.02118 1.50437 0.86195
0.00891 0.63469 0.36365
0.02587 1.85065 1.06036
0.02130 1.52973 0.87648
0.01890 1.36522 0.78222
0.01936 1.39833 0.80119
0.01593 1.15363 0.66099
0.00175 0.12708 0.07281
0.05547 4.04555 2.31809
0.02153 1.57427 0.90200
0.00582 0.42384 0.24284
0.00186 0.13599 0.07792
0.01096 0.80207 0.45955
0.00638 0.46762 0.26793
0.00484 0.35577 0.20384
0.00683 0.50068 0.28687
0.01595 1.17095 0.67091
0.02115 1.55113 0.88874
0.00629 0.45964 0.26335
0.02049 1.49263 0.85522
0.01310 0.95375 0.54646
0.02137 1.55151 0.88896
0.01129 0.81851 0.46897
0.00994 0.71815 0.41147
0.00357 0.25666 0.14706
0.02394 1.72044 0.98575
0.01504 1.07573 0.61635
0.02878 2.06298 1.18202
0.02230 1.59546 0.91414
0.01403 0.99900 0.57239
0.02541 1.80433 1.03382
0.02130 1.51558 0.86837
0.01510 1.07108 0.61369
0.02584 1.83138 1.04932
0.02760 1.94360 1.11362
0.01983 1.39603 0.79987
0.02340 1.64662 0.94346
0.02763 1.94184 1.11261
0.00904 0.63632 0.36458
0.03917 2.74369 1.57207
0.01503 1.04875 0.60089
0.02690 1.88719 1.08129
0.04363 3.06513 1.75626
0.02631 1.84724 1.05840
0.03869 2.71579 1.55608
0.03895 2.74056 1.57028
0.02948 2.08062 1.19213
0.02608 1.84018 1.05436
0.04898 3.46105 1.98314
0.03414 2.42282 1.38821
0.02762 1.96959 1.12851
0.02503 1.78000 1.01988
0.02222 1.57855 0.90445
0.02139 1.52111 0.87154
0.01758 1.25311 0.71798
0.03918 2.79412 1.60096
0.01912 1.36097 0.77979
0.03012 2.15822 1.23659
0.01030 0.73447 0.42082
0.01168 0.83223 0.47683
0.00376 0.26851 0.15384
0.01356 0.96913 0.55527
0.02097 1.49929 0.85904
0.01048 0.74733 0.42819
0.03074 2.19622 1.25836
0.01033 0.73786 0.42276
0.02235 1.60127 0.91747
0.01355 0.97344 0.55774
0.02803 2.00792 1.15047
0.02068 1.48908 0.85319
0.02703 1.95101 1.11787
0.02861 2.06283 1.18194
0.05020 3.63470 2.08265
0.01670 1.21015 0.69337
0.03701 2.70090 1.54755
0.02540 1.85823 1.06470
0.05185 3.81075 2.18353
0.02230 1.63526 0.93695
0.01319 0.96707 0.55409
0.01152 0.85076 0.48745
0.02291 1.69791 0.97284
0.01217 0.90658 0.51943
0.01461 1.08681 0.62270
0.01888 1.41162 0.80881
0.02535 1.90139 1.08943
0.01996 1.49410 0.85606
0.02072 1.56486 0.89661
0.02339 1.76664 1.01222
0.00903 0.68346 0.39159
0.03163 2.40006 1.37517
0.01105 0.84097 0.48184
0.01891 1.44662 0.82886
0.01065 0.81473 0.46681
0.00693 0.53228 0.30497
0.00467 0.35918 0.20580
0.00157 0.12123 0.06946
0.00598 0.46441 0.26609
0.01116 0.86477 0.49548
0.04820 3.75620 2.15227
0.01950 1.51977 0.87077
0.01707 1.33747 0.76632
0.01365 1.07325 0.61493
0.02921 2.29892 1.31721
0.02214 1.75248 1.00411
0.02587 2.05617 1.17812
0.02349 1.87196 1.07257
0.01989 1.59129 0.91175
0.02308 1.85978 1.06559
0.02160 1.75510 1.00561
0.02303 1.88393 1.07943
0.01864 1.53471 0.87933
0.02179 1.80762 1.03570
0.02122 1.77078 1.01460
0.01370 1.15549 0.66205
0.02177 1.85262 1.06149
0.01052 0.90358 0.51772
0.01543 1.33814 0.76670
0.01906 1.67539 0.95994
0.00537 0.48034 0.27522
0.02593 2.36440 1.35473
0.02342 2.16757 1.24195
0.02701 2.54761 1.45971
0.00971 0.94053 0.53888
0.00773 0.76607 0.43893
0.00703 0.71648 0.41052
0.02421 2.53531 1.45266
0.01680 1.81547 1.04020
0.02275 2.53865 1.45458
0.02140 2.46220 1.41077
0.03366 4.03536 2.31225
0.00245 0.30343 0.17385
0.00366 0.46870 0.26855
0.01066 1.41079 0.80833
0.01233 1.69262 0.96981
0.01350 1.90947 1.09406
0.00248 0.36560 0.20947
0.01905 2.96169 1.69698
0.01546 2.46560 1.41272
0.00941 1.54542 0.88547
0.02771 4.84808 2.77802
0.06856 11.97359 6.86446
0.04494 8.40600 4.81770
0.01610 2.92920 1.67837
0.03711 6.82032 3.90851
0.05385 10.48005 6.00738
0.02265 4.24642 2.43320
0.05357 10.18355 5.83727
0.03358 6.74169 3.86344
0.01275 2.48173 1.42196
0.02367 4.82020 2.76204
0.05027 10.04497 5.75777
0.09252 18.71605 10.73922
0.13035 27.20264 15.63442
0.04753 9.82515 5.63166
0.04647 9.71251 5.56705
0.05553 11.64226 6.67430
0.05749 11.98100 6.86872
0.02142 4.37559 2.50723
0.07193 14.59822 8.37161
0.04686 9.41151 5.39439
0.01629 3.17778 1.82081
0.04224 8.34527 4.78288
0.01678 3.21252 1.84071
0.03785 7.34991 4.21214
0.09224 17.46873 10.02162
0.05497 9.77554 5.60321
0.04038 7.31867 4.19423
0.03899 6.64631 3.80876
0.00840 1.46973 0.84210
0.07919 13.54894 7.76892
0.10097 16.24637 9.31875
0.63525 103.16685 62.10647
0.03692 5.61165 3.21566
0.06450 9.99803 5.73084
0.04812 7.31259 4.19074
0.07274 10.36810 5.94315
0.11111 15.98193 9.16675
0.05652 7.73696 4.43406
0.05102 6.91214 3.96115
0.02859 3.69948 2.11977
0.03589 4.55410 2.60954
0.01874 2.31189 1.32465
0.00813 0.97226 0.55706
0.01952 2.28626 1.30996
0.01260 1.43739 0.82357
0.01781 1.99094 1.14074
0.10428 11.37706 6.52210
0.02131 2.27713 1.30473
0.01932 2.01519 1.15464
0.06089 6.23191 3.57120
0.01584 1.58810 0.90993
0.01271 1.25385 0.71841
0.01271 1.23294 0.70643
0.01952 1.85591 1.06338
0.01562 1.45992 0.83648
0.01861 1.71183 0.98082
0.01889 1.71040 0.98000
0.00892 0.79579 0.45595
0.02107 1.84895 1.05938
0.01377 1.19105 0.68242
0.00399 0.34129 0.19555
0.00354 0.29830 0.17091
0.01367 1.13618 0.65099
0.00469 0.38475 0.22045
0.01072 0.87094 0.49902
0.00943 0.75835 0.43451
0.01006 0.79798 0.45721
0.00750 0.58583 0.33566
0.01305 1.00852 0.57784
0.00425 0.32432 0.18582
0.01245 0.94311 0.54037
0.02560 1.91853 1.09925
0.02680 1.97770 1.13316
0.02738 2.00102 1.14652
0.01314 0.95204 0.54548
0.01315 0.94393 0.54084
0.02389 1.69478 0.97105
0.00367 0.25797 0.14781
0.01558 1.08442 0.62133
0.06687 4.59902 2.63528
0.02584 1.75563 1.00592
0.01394 0.94252 0.54002
0.00961 0.63915 0.36621
0.01559 1.03226 0.59145
0.03003 1.98399 1.13676
0.02191 1.44959 0.83056
0.02099 1.39053 0.79672
0.01850 1.22830 0.70377
0.04950 3.29318 1.88694
0.01164 0.77265 0.44270
0.04128 2.75203 1.57684
0.03506 2.31713 1.32765
0.01459 0.96921 0.55532
0.01048 0.69669 0.39917
0.02377 1.58140 0.90608
0.02315 1.54036 0.88257
0.02062 1.36964 0.78475
0.01543 1.02719 0.58854
0.02810 1.87864 1.07640
0.01490 0.99765 0.57161
0.00368 0.24748 0.14179
0.01615 1.08137 0.61958
0.03124 2.09443 1.20004
0.00483 0.32554 0.18652
0.01139 0.76756 0.43978
0.00963 0.65099 0.37299
0.02843 1.92067 1.10048
0.01246 0.84738 0.48551
0.01936 1.31450 0.75316
0.01904 1.29003 0.73914
0.01088 0.74152 0.42486
0.01551 1.05996 0.60732
0.01870 1.27951 0.73311
0.00921 0.63166 0.36192
0.02666 1.83119 1.04921
0.01452 0.99899 0.57238
0.00560 0.38595 0.22113
0.00417 0.28727 0.16460
0.01889 1.30877 0.74988
0.03027 2.09207 1.19869
0.01469 1.01828 0.58343
0.00577 0.40091 0.22970
0.01843 1.28458 0.73602
0.01010 0.70414 0.40344
0.01025 0.71487 0.40959
0.00392 0.27380 0.15688
0.00858 0.60069 0.34417
0.02629 1.84848 1.05911
0.02179 1.53436 0.87913
0.02183 1.54102 0.88295
0.01630 1.14644 0.65687
0.01468 1.04222 0.59715
0.02023 1.44005 0.82509
0.02434 1.73361 0.99330
0.01032 0.73613 0.42177
0.01291 0.92327 0.52900
0.01726 1.23537 0.70782
0.02149 1.54187 0.88343
0.01875 1.35399 0.77578
0.01648 1.19086 0.68232
0.00556 0.40329 0.23107
0.00461 0.33518 0.19204
0.02601 1.89453 1.08550
0.01696 1.23786 0.70925
0.01292 0.94222 0.53986
0.02835 2.07501 1.18892
0.02215 1.62276 0.92978
0.02358 1.72688 0.98944
0.02747 2.01586 1.15502
0.00372 0.27259 0.15618
0.01183 0.86955 0.49822
0.01329 0.97690 0.55973
0.00480 0.35326 0.20241
0.03089 2.27730 1.30482
0.00627 0.46049 0.26384
0.00972 0.71692 0.41077
0.03344 2.46536 1.41258
0.07957 5.86901 3.36318
0.02212 1.63570 0.93719
0.01002 0.73977 0.42386
0.00965 0.71278 0.40839
0.02248 1.66358 0.95317
0.00753 0.55634 0.31876
0.01222 0.90502 0.51854
0.01174 0.86893 0.49786
0.01753 1.30109 0.74547
0.02186 1.62322 0.93005
0.03148 2.33674 1.33888
0.03309 2.46794 1.41406
0.03554 2.64829 1.51740
0.03880 2.89834 1.66069
0.01116 0.83833 0.48033
0.02663 2.00605 1.14940
0.01829 1.37274 0.78653
0.02988 2.25600 1.29262
0.01163 0.88063 0.50457
0.00406 0.30854 0.17678
0.02022 1.54106 0.88297
0.01750 1.33390 0.76427
0.03043 2.32713 1.33338
0.01212 0.92718 0.53124
0.00612 0.47116 0.26996
0.01498 1.15411 0.66126
0.02343 1.80603 1.03479
0.01344 1.03596 0.59356
0.03208 2.48409 1.42332
0.02324 1.80319 1.03317
0.04766 3.72792 2.13606
0.00718 0.55927 0.32044
0.01899 1.48674 0.85185
0.00986 0.77414 0.44355
0.01641 1.29277 0.74071
0.00579 0.45472 0.26053
0.01522 1.19858 0.68674
0.01076 0.85137 0.48780
0.02841 2.25267 1.29071
0.00374 0.29770 0.17057
0.01589 1.26270 0.72348
0.00538 0.42951 0.24609
0.01211 0.96662 0.55383
0.00954 0.76704 0.43948
0.01577 1.27331 0.72956
0.01754 1.41163 0.80881
0.03062 2.47637 1.41889
0.01313 1.06582 0.61067
0.01378 1.12296 0.64341
0.02981 2.45465 1.40645
0.03538 2.94112 1.68520
0.00560 0.47521 0.27228
0.03599 3.09035 1.77071
0.00763 0.66335 0.38007
0.01331 1.18577 0.67940
0.01791 1.61628 0.92607
0.01083 0.98498 0.56435
0.01898 1.73297 0.99293
0.02893 2.64009 1.51270
0.01616 1.47221 0.84352
0.01919 1.75058 1.00302
0.01134 1.04423 0.59830
0.00785 0.72484 0.41530
0.01714 1.58795 0.90984
0.01049 0.97299 0.55748
0.02083 1.93864 1.11078
0.00897 0.83887 0.48064
0.00637 0.59844 0.34288
0.01760 1.65639 0.94905
0.11267 10.68932 6.12745
0.12563 11.92178 6.83473
0.03691 3.49382 2.00191
0.05073 4.77485 2.73605
0.01600 1.49927 0.85903
0.01792 1.66748 0.95541
0.02726 2.52829 1.44864
0.02434 2.24968 1.28900
0.01037 0.95123 0.54501
0.03815 3.48244 1.99539
0.01430 1.30041 0.74508
0.01223 1.10583 0.63360
0.00925 0.83156 0.47645
0.01702 1.51669 0.86901
0.01634 1.44947 0.83049
0.01966 1.73061 0.99158
0.00927 0.81423 0.46652
0.01754 1.53153 0.87751
0.00739 0.64072 0.36711
0.02439 2.09729 1.20168
0.00249 0.21359 0.12238
0.01179 1.00172 0.57395
0.02146 1.81384 1.03927
0.02518 2.11295 1.21065
0.01987 1.65098 0.94596
0.04557 3.76770 2.15886
0.01417 1.16154 0.66552
0.01512 1.23132 0.70550
0.01778 1.43905 0.82452
0.02535 2.03383 1.16532
0.01201 0.95514 0.54726
0.01075 0.84530 0.48432
0.03362 2.62468 1.50387
0.02152 1.66272 0.95268
0.04268 3.27884 1.87872
0.01041 0.79489 0.45544
0.02166 1.63328 0.93581
0.03476 2.60249 1.49116
0.01676 1.24861 0.71540
0.01864 1.37036 0.78517
0.00821 0.60091 0.34430
0.02953 2.15022 1.23201
0.02081 1.50414 0.86182
0.02239 1.61256 0.92394
0.01617 1.15155 0.65979
0.02504 1.77145 1.01498
0.02556 1.79594 1.02901
0.01691 1.18389 0.67832
0.02478 1.72504 0.98839
0.01480 1.02553 0.58759
0.03336 2.31428 1.32602
0.01912 1.32495 0.75915
0.01976 1.37131 0.78571
0.02027 1.40691 0.80611
0.06644 4.61949 2.64701
0.04771 3.32083 1.90278
0.01480 1.02966 0.58996
0.02473 1.72413 0.98787
0.01132 0.78538 0.44999
0.00559 0.38950 0.22317
0.01157 0.80751 0.46267
0.01824 1.27707 0.73171
0.01080 0.75877 0.43475
0.00935 0.65643 0.37611
0.01935 1.36323 0.78108
0.00565 0.39969 0.22900
0.01135 0.80276 0.45995
0.01891 1.33913 0.76727
0.02100 1.48848 0.85284
0.01237 0.88285 0.50584
0.00530 0.38013 0.21780
0.00292 0.20929 0.11991
0.00839 0.60191 0.34487
0.01653 1.18627 0.67969
0.02443 1.76203 1.00958
0.01463 1.05997 0.60732
0.01073 0.77984 0.44682
0.01222 0.88874 0.50921
0.02927 2.13240 1.22180
0.01953 1.42854 0.81850
0.01566 1.14642 0.65685
0.02940 2.16673 1.24147
0.03063 2.25351 1.29119
0.04859 3.59080 2.05749
0.01200 0.89133 0.51069
0.02908 2.16441 1.24014
0.00382 0.28520 0.16341
0.01279 0.95377 0.54647
0.01636 1.22573 0.70230
0.02548 1.92172 1.10108
0.02355 1.78814 1.02454
0.05870 4.51449 2.58683
0.03516 2.74360 1.57202
0.02900 2.30215 1.31906
0.01403 1.13505 0.65034
0.02405 1.98975 1.14006
0.02051 1.74059 0.99730
0.01992 1.72194 0.98661
0.01327 1.17817 0.67505
0.01405 1.28321 0.73523
0.01449 1.36294 0.78092
0.02133 2.05633 1.17821
0.01323 1.32145 0.75714
0.02990 3.07729 1.76323
0.00432 0.46038 0.26378
0.02586 2.86397 1.64099
0.02238 2.56321 1.46865
0.04924 5.85871 3.35728
0.03497 4.32715 2.47947
0.01408 1.79012 1.02568
0.00825 1.06580 0.61066
0.01399 1.80715 1.03543
0.00967 1.25208 0.71740
0.01657 2.14918 1.23142
0.03454 4.49151 2.57366
0.01575 2.06559 1.18352
0.03626 4.74537 2.71915
0.03052 4.02859 2.30837
0.00556 0.73699 0.42227
0.01367 1.81824 1.04179
0.00940 1.25607 0.71968
0.01457 1.95397 1.11956
0.00801 1.07778 0.61753
0.00502 0.68102 0.39020
0.01023 1.38730 0.79487
0.02765 3.73003 2.13727
0.00807 1.08209 0.62000
0.03446 4.57251 2.62008
0.01496 1.97694 1.13272
0.00478 0.62825 0.35996
0.00190 0.24805 0.14212
0.01019 1.32742 0.76056
0.01175 1.51909 0.87038
0.01742 2.22735 1.27620
0.00982 1.24317 0.71229
0.00328 0.41141 0.23572
0.01360 1.71052 0.98007
0.02413 3.03381 1.73831
0.02530 3.15733 1.80909
0.01719 2.13004 1.22044
0.03411 4.16249 2.38510
0.00250 0.30372 0.17402
0.01293 1.56053 0.89413
0.01330 1.59897 0.91615
0.04544 5.43023 3.11168
0.01238 1.46593 0.83992
0.00608 0.71248 0.40822
0.02005 2.31093 1.32409
0.00652 0.74444 0.42653
0.00839 0.94799 0.54316
0.03251 3.64023 2.08582
0.02230 2.47191 1.41633
0.01211 1.33060 0.76238
0.01884 2.05012 1.17465
0.01601 1.73002 0.99124
0.01454 1.55906 0.89329
0.01483 1.58597 0.90870
0.01456 1.55162 0.88902
0.02830 3.02255 1.73186
0.04007 4.27902 2.45188
0.04564 4.87703 2.79461
0.01299 1.39071 0.79682
0.01295 1.38634 0.79432
0.02649 2.84034 1.62745
0.01540 1.64952 0.94512
0.01957 2.10980 1.20885
0.06117 6.61408 3.79028
0.03491 3.78660 2.16969
0.00832 0.90492 0.51848
0.00627 0.68455 0.39222
0.01784 1.95701 1.12130
0.01749 1.94430 1.11402
0.01408 1.59382 0.91320
0.01338 1.55444 0.89064
0.01152 1.36537 0.78231
0.01311 1.57848 0.90441
0.00365 0.44176 0.25311
0.01349 1.63461 0.93658
0.00464 0.56250 0.32229
0.02784 3.39387 1.94464
0.00726 0.89071 0.51034
0.01761 2.16849 1.24248
0.01587 1.96324 1.12487
0.00888 1.09828 0.62927
0.02102 2.61495 1.49830
0.01416 1.77143 1.01497
0.01695 2.12439 1.21721
0.02189 2.74911 1.57518
