0.01798 -0.03202 1.19885
0.00752 -0.01948 1.18541
0.00767 -0.01640 1.19175
0.00095 -0.02156 1.19188
-0.00821 -0.03161 1.19492
0.01059 -0.03582 1.19027
0.00734 -0.02210 1.19282
-0.02506 -0.02068 1.19129
-0.03309 -0.03048 1.19107
-0.03025 -0.02503 1.19127
-0.03660 -0.02545 1.19167
-0.00441 -0.01848 1.19185
-0.02275 -0.02118 1.19312
-0.00392 -0.02127 1.19116
0.00243 -0.01764 1.19372
-0.00044 -0.01969 1.19578
-0.01259 -0.03238 1.19346
-0.01487 -0.02888 1.19440
-0.00693 -0.02789 1.19429
-0.03083 -0.02583 1.19389
-0.02964 -0.02585 1.19373
-0.02568 -0.02622 1.19615
-0.00766 -0.01538 1.19889
-0.03670 -0.03282 1.19481
-0.04488 -0.06099 1.18926
-0.01173 -0.04471 1.19925
-0.01978 -0.03915 1.20374
-0.02732 -0.04943 1.18751
-0.00835 -0.02903 1.19480
0.02091 -0.01462 1.19808
-0.02784 -0.01612 1.19694
-0.00466 -0.02111 1.19798
-0.01582 0.00133 1.19906
0.00074 -0.00022 1.19760
-0.00531 -0.02373 1.19667
-0.01596 -0.02823 1.19733
-0.00437 -0.01818 1.20020
0.00300 -0.00375 1.20050
-0.00247 -0.01580 1.20082
0.00180 0.00135 1.20562
-0.00312 -0.03220 1.20285
-0.01827 -0.03383 1.19846
-0.00538 -0.03227 1.20082
-0.00987 -0.02463 1.20116
-0.02483 -0.02189 1.20511
-0.00803 -0.03134 1.20374
-0.03023 -0.02414 1.20474
-0.00863 -0.01559 1.20768
-0.01439 -0.02759 1.20479
0.00642 -0.03058 1.20590
-0.00573 -0.01901 1.20374
0.00151 -0.02845 1.20357
-0.00982 -0.05442 1.20093
0.00511 -0.01370 1.20035
-0.00512 -0.01918 1.20302
-0.01633 -0.02771 1.19718
-0.01537 -0.03646 1.19320
0.00701 -0.01323 1.19458
0.01106 -0.01634 1.19121
-0.02243 -0.03082 1.18966
0.01424 -0.03386 1.18603
-0.00674 0.00025 1.18560
-0.01247 -0.03846 1.17761
0.00019 -0.03027 1.17507
0.00695 -0.01124 1.17567
0.00372 -0.02716 1.17823
0.01281 -0.02605 1.17365
0.01465 -0.03087 1.16570
-0.00218 -0.04467 1.16396
0.02456 -0.02638 1.15859
0.03005 -0.02151 1.15917
0.00237 -0.01910 1.15977
0.02247 -0.01755 1.15421
0.00303 -0.01771 1.15317
0.01389 -0.02826 1.14982
0.01485 -0.01946 1.15066
0.01521 -0.02144 1.15382
0.00950 -0.00812 1.15575
0.01030 -0.01892 1.15683
0.02964 -0.01038 1.15645
-0.02857 -0.04597 1.15293
-0.04978 -0.06716 1.15646
-0.02496 -0.04797 1.15945
-0.00687 -0.02348 1.16904
-0.01286 -0.02087 1.17603
-0.01162 -0.01017 1.18229
-0.02469 -0.03060 1.18527
-0.01073 -0.01636 1.19279
-0.02690 -0.01216 1.19907
-0.03125 -0.03011 1.19987
-0.02115 -0.02619 1.20529
-0.02713 -0.01247 1.20738
-0.04062 -0.02255 1.21299
-0.03037 -0.01947 1.21585
-0.03436 -0.02023 1.21633
-0.02904 -0.02456 1.21869
-0.03434 -0.02664 1.21994
-0.03500 -0.03220 1.22262
-0.03043 -0.02394 1.22537
-0.02638 -0.02058 1.22820
-0.02692 -0.02857 1.23131
-0.00953 -0.03380 1.22982
-0.00103 -0.01925 1.24132
0.00529 -0.01223 1.24080
-0.00967 -0.01131 1.24152
0.02340 0.00269 1.24621
0.00384 0.00028 1.25034
-0.01886 -0.03474 1.24931
-0.00883 -0.02446 1.25015
-0.00470 -0.00910 1.25566
-0.00753 -0.00858 1.25808
-0.02329 -0.01703 1.26230
-0.01109 -0.02178 1.26331
-0.00066 -0.02072 1.26331
0.01818 -0.02301 1.26674
0.00018 -0.02361 1.26733
-0.00406 -0.02156 1.27387
0.00767 -0.01112 1.27557
0.00580 -0.03186 1.27407
-0.00166 -0.04118 1.27234
-0.01751 -0.02912 1.27085
-0.00466 -0.04348 1.26946
-0.01201 -0.04487 1.26660
-0.00466 -0.04185 1.26557
0.00102 -0.02800 1.26557
-0.00298 -0.03031 1.26395
0.00074 -0.02446 1.26884
-0.00736 -0.03483 1.26347
-0.01090 -0.02725 1.26511
-0.01033 -0.03769 1.26345
-0.03497 -0.05059 1.25984
0.00298 -0.01074 1.26481
-0.01678 -0.02415 1.26166
-0.01318 -0.03276 1.26041
-0.02322 -0.04037 1.26170
0.00112 -0.03687 1.26414
-0.02376 -0.04688 1.26111
-0.01965 -0.02950 1.26249
-0.01362 -0.03027 1.26231
-0.01526 -0.02280 1.26528
-0.02267 -0.02317 1.26348
-0.02177 -0.02150 1.26631
-0.01988 -0.03250 1.26370
-0.00846 -0.03305 1.26424
-0.01647 -0.02524 1.26102
-0.00025 -0.03142 1.26770
-0.02137 -0.02773 1.26294
-0.00732 -0.03570 1.26028
-0.01161 -0.01630 1.26199
-0.00997 -0.00984 1.26205
-0.00428 -0.00964 1.26511
-0.00168 -0.02652 1.25705
-0.00534 -0.03500 1.24983
-0.01505 -0.03890 1.24921
-0.00663 -0.02419 1.24694
-0.00376 -0.01933 1.24732
0.00361 -0.01837 1.24578
-0.01153 -0.01546 1.23942
0.02081 -0.01900 1.23409
0.00100 -0.03290 1.23095
-0.00212 -0.04713 1.22631
-0.00274 -0.04399 1.22041
-0.00074 -0.03724 1.21709
-0.00603 -0.02059 1.21307
-0.02116 -0.03916 1.20738
-0.01111 -0.03214 1.20140
-0.02001 -0.03666 1.19443
-0.00624 -0.03192 1.18776
-0.02354 -0.02205 1.17871
0.00617 -0.02356 1.17050
0.01239 -0.02433 1.15694
-0.01292 -0.01592 1.14297
-0.01453 -0.02910 1.12951
-0.00130 -0.03582 1.11169
0.00041 -0.03153 1.09693
-0.01484 -0.03395 1.08392
0.00451 -0.02462 1.07044
-0.00313 -0.02700 1.05929
-0.02135 -0.02275 1.04357
-0.02314 -0.02443 1.03698
-0.01672 -0.02292 1.02233
-0.02060 -0.01891 1.00379
-0.01335 -0.01874 0.98379
-0.01615 -0.01720 0.96642
-0.03151 -0.00590 0.94148
-0.02319 -0.01075 0.92054
-0.02392 -0.02465 0.89648
-0.05618 -0.05078 0.87153
-0.00373 -0.01415 0.85388
-0.02587 -0.01915 0.83006
-0.00889 -0.01421 0.81372
-0.00322 -0.00168 0.79460
0.00698 -0.00724 0.77796
0.00965 -0.00419 0.75848
-0.01620 -0.03983 0.74077
0.00224 -0.00861 0.73135
-0.01074 -0.03099 0.72751
-0.00820 -0.02677 0.72299
0.00768 -0.00964 0.72240
0.00028 -0.01361 0.71816
-0.00161 -0.00502 0.71452
0.01466 -0.00989 0.71102
-0.00776 -0.01665 0.70671
0.00209 -0.01373 0.70345
0.04619 -0.00399 0.69863
0.01063 -0.01818 0.69624
0.00373 -0.01756 0.69241
0.02802 -0.00116 0.68764
0.01706 -0.01632 0.68733
0.01357 -0.00399 0.68869
0.00360 -0.01628 0.69344
-0.01488 -0.00037 0.69624
0.00753 -0.00779 0.70252
-0.00164 0.00097 0.70329
0.00234 -0.00895 0.70452
-0.00577 -0.01374 0.70809
-0.01969 -0.01853 0.71444
-0.01131 -0.02880 0.72134
-0.01211 -0.02353 0.72757
-0.00540 -0.00995 0.73377
-0.00808 -0.00744 0.74211
-0.01042 -0.02468 0.74571
0.00475 -0.02657 0.75254
-0.02008 -0.01715 0.76060
-0.00084 0.01613 0.77423
-0.03558 -0.01644 0.78316
-0.00149 -0.01045 0.78723
0.00919 -0.03842 0.79393
0.01805 -0.02412 0.79445
-0.00910 -0.06061 0.80417
0.02274 -0.01486 0.81757
0.00564 -0.00384 0.82867
0.02277 -0.00113 0.83532
0.01393 -0.00631 0.83715
0.01689 -0.00923 0.83938
-0.00687 -0.02965 0.83440
-0.00489 -0.01343 0.83766
0.01736 -0.00646 0.83958
0.00562 0.00646 0.84343
0.01751 -0.01539 0.84259
0.00566 -0.01516 0.84049
0.01081 -0.01626 0.84412
0.01463 -0.00701 0.84450
0.00743 -0.00775 0.84752
-0.00394 -0.02329 0.84903
-0.01616 -0.02045 0.84842
-0.00505 -0.01661 0.85379
-0.00430 -0.00853 0.85406
-0.02235 -0.02579 0.85588
0.02355 -0.01972 0.85510
0.00989 -0.03186 0.85284
-0.02686 -0.04387 0.85536
-0.03630 -0.03817 0.85198
-0.04832 -0.03854 0.84980
-0.04502 -0.03084 0.84863
-0.04488 -0.02399 0.84736
-0.03261 -0.01070 0.84529
-0.02344 -0.00694 0.83906
-0.00868 -0.00202 0.83378
-0.02466 -0.01369 0.82090
-0.01457 -0.01288 0.81349
-0.02372 -0.00644 0.80040
-0.01472 -0.01611 0.78419
-0.01709 -0.01538 0.76718
-0.02195 -0.00921 0.74965
-0.02008 -0.02358 0.73021
-0.01520 -0.01730 0.70793
-0.02186 -0.01548 0.68889
-0.00832 -0.01587 0.66761
-0.01448 -0.01367 0.65089
-0.00923 -0.00610 0.63867
-0.00703 -0.01256 0.62960
-0.00427 -0.01024 0.61307
-0.02059 -0.01054 0.60545
-0.01731 -0.01100 0.58115
-0.00132 -0.00058 0.58033
-0.03870 -0.01295 0.56752
0.00099 0.00808 0.54507
-0.03426 0.00669 0.54774
-0.03122 0.00705 0.53706
-0.03138 -0.00024 0.50635
-0.04303 0.00127 0.51572
-0.05189 -0.00294 0.48028
-0.05325 -0.00861 0.49997
-0.02890 0.00143 0.49824
-0.03491 0.00614 0.46120
-0.09824 -0.00143 0.47867
-0.02838 0.00636 0.48343
-0.01259 0.00236 0.44924
-0.01162 0.00447 0.47670
-0.02657 0.00885 0.43913
-0.01233 0.01342 0.47093
-0.03116 0.01863 0.46176
-0.02958 0.00846 0.42663
-0.06560 0.00960 0.44447
-0.03910 0.01586 0.43962
-0.06909 0.00571 0.40719
-0.03140 0.02184 0.42265
-0.02535 0.02188 0.40959
-0.04698 0.02480 0.41576
-0.03638 0.02046 0.42071
-0.02190 0.02515 0.42722
-0.09740 0.01482 0.42912
-0.07363 0.01434 0.44124
-0.09823 0.00945 0.45904
-0.09119 0.00762 0.45974
-0.09603 -0.00555 0.48699
-0.33988 0.03110 0.35059
-0.04904 0.01934 0.49640
-0.07707 0.00383 0.53209
-0.17367 -0.00047 0.49804
-0.08715 -0.00281 0.56542
-0.29085 -0.01266 0.48580
-0.07488 -0.00089 0.58738
-0.02626 0.01781 0.63313
-0.05898 0.01735 0.63290
-0.05850 0.00779 0.68184
-0.05350 0.00106 0.67990
-0.09461 0.00471 0.72045
-0.07936 0.00143 0.72197
-0.08023 0.01162 0.74696
-0.01678 0.00430 0.79598
-0.07639 0.00210 0.79955
-0.03296 -0.00302 0.84597
-0.03093 0.00153 0.84802
-0.05983 0.00372 0.89182
-0.04370 -0.00321 0.89591
-0.04657 0.01560 0.92045
-0.00610 0.01016 0.96552
-0.02460 0.00134 0.96778
-0.01915 -0.01373 1.00267
0.00674 -0.00928 1.01264
0.05329 0.02023 1.04132
-0.03090 0.00854 1.07543
-0.08464 -0.01037 1.08745
-0.06218 0.00224 1.11882
-0.05205 -0.00813 1.13698
-0.04438 -0.00217 1.16566
-0.00612 -0.01895 1.17938
-0.01183 -0.00712 1.19349
0.00195 -0.01091 1.21153
-0.03750 -0.00463 1.22833
-0.03260 -0.00776 1.24952
-0.00757 -0.01664 1.26273
-0.00082 -0.02001 1.28195
-0.00738 -0.00702 1.29684
-0.00031 -0.00657 1.30999
0.01265 -0.01269 1.32491
-0.02009 0.01812 1.33361
-0.00402 -0.02515 1.33442
-0.00968 -0.01157 1.33362
0.00453 -0.02375 1.32933
-0.00706 -0.01834 1.34228
-0.01692 -0.03586 1.33984
-0.00302 -0.01943 1.34245
0.00365 -0.02021 1.34731
-0.01294 -0.00704 1.35011
-0.00454 -0.02566 1.35195
-0.01673 -0.03085 1.35031
0.00188 -0.03523 1.35702
-0.00527 -0.03269 1.35191
-0.00662 -0.01958 1.35866
-0.01149 -0.00345 1.36812
-0.02269 -0.01735 1.36851
-0.00636 -0.02014 1.37442
-0.01435 -0.02583 1.37346
-0.01924 -0.02548 1.38395
-0.02427 -0.03415 1.38054
-0.01122 -0.02103 1.38470
-0.01108 0.00383 1.38971
-0.01742 -0.00253 1.39314
-0.01976 -0.01057 1.39877
-0.02408 -0.02596 1.40078
-0.00727 -0.02629 1.40112
-0.02244 -0.01252 1.40399
-0.00277 -0.03616 1.40452
-0.01222 -0.02589 1.41248
-0.01703 -0.00792 1.41714
-0.02774 -0.01716 1.42030
-0.02233 -0.02133 1.42344
-0.03231 -0.01174 1.42448
-0.02711 -0.01994 1.42999
-0.01490 -0.02442 1.42858
-0.01965 -0.01930 1.43712
-0.02002 0.00329 1.43971
-0.02124 -0.03347 1.44175
-0.03053 -0.03236 1.44071
-0.01880 -0.01728 1.44734
-0.03670 -0.04451 1.45092
-0.02258 -0.02328 1.45401
-0.00822 -0.00419 1.46121
0.03308 0.01191 1.46368
-0.02969 -0.03888 1.46300
-0.02253 -0.02187 1.46371
-0.00273 -0.01423 1.45988
-0.02353 -0.03042 1.46892
-0.02754 -0.01817 1.46451
-0.04476 -0.01712 1.46083
-0.01128 -0.01967 1.46023
-0.03133 -0.02148 1.45566
-0.01816 -0.04761 1.45575
-0.01537 -0.03682 1.45262
-0.01523 -0.03267 1.44862
-0.01592 -0.04540 1.44800
-0.01968 -0.02896 1.44207
-0.03805 -0.03237 1.44362
0.01524 -0.02738 1.43993
-0.00473 -0.02704 1.43725
-0.00931 -0.02875 1.43078
-0.04834 -0.02252 1.42508
-0.03670 -0.03112 1.42422
-0.01934 -0.02109 1.41358
-0.02574 -0.02624 1.40764
-0.01554 -0.01874 1.39230
-0.01273 -0.03078 1.38131
0.00509 -0.01217 1.36476
-0.01426 -0.02794 1.34500
-0.02024 -0.03846 1.32040
-0.00958 -0.02684 1.30494
-0.04139 -0.04201 1.28200
-0.03476 -0.04203 1.25919
-0.03173 -0.06560 1.23043
-0.02666 -0.02891 1.20980
-0.03024 -0.03301 1.18352
-0.02626 -0.03842 1.15974
-0.02402 -0.01559 1.13318
-0.01567 -0.01865 1.10966
-0.01841 -0.02045 1.08139
-0.02039 -0.03644 1.05116
-0.01844 -0.02617 1.02912
-0.01286 -0.02637 1.00079
-0.00275 -0.03392 0.97593
-0.00442 -0.02489 0.94899
-0.01054 -0.03575 0.92193
-0.00313 -0.02202 0.90046
-0.00116 -0.00913 0.87840
-0.03604 -0.02871 0.86134
-0.02358 -0.02863 0.84458
-0.03660 -0.01698 0.83090
-0.01632 -0.02822 0.81830
-0.01811 0.00030 0.80133
-0.01954 -0.03861 0.78162
-0.00698 -0.03280 0.76716
-0.01645 -0.02739 0.75887
0.00105 -0.02349 0.75051
0.00203 -0.01180 0.74287
-0.01276 -0.03090 0.73341
0.00048 -0.03405 0.72083
-0.00967 -0.02470 0.71396
-0.00477 -0.02122 0.70826
-0.05462 -0.01147 0.70232
-0.01372 -0.02988 0.70026
-0.00518 -0.03476 0.69848
-0.00279 -0.02505 0.69688
-0.01615 -0.00151 0.69587
-0.00473 0.00046 0.69548
-0.00751 -0.01879 0.68819
-0.03594 -0.02057 0.67907
-0.03178 -0.02809 0.68127
0.00642 -0.02083 0.68475
0.03040 0.00267 0.69681
-0.02034 -0.00881 0.70819
-0.01675 0.01045 0.72260
-0.00655 0.01189 0.73218
-0.01525 0.00201 0.74123
-0.03196 -0.00493 0.75121
-0.02343 -0.01041 0.76298
-0.03183 -0.00231 0.78216
-0.02359 0.00783 0.80151
-0.03844 0.01206 0.81794
-0.04076 -0.00429 0.83449
-0.03578 -0.00488 0.84788
-0.03599 -0.02602 0.86590
-0.03537 -0.02662 0.88129
-0.03101 -0.01880 0.89918
-0.01404 -0.00124 0.92072
-0.02389 -0.00555 0.93702
-0.00206 -0.00139 0.95765
0.03805 -0.00930 0.97054
-0.02155 -0.03215 0.98572
-0.01885 -0.01774 1.00287
-0.00481 -0.01567 1.02204
-0.00870 -0.00898 1.04171
-0.00855 -0.01550 1.05776
-0.00203 -0.02687 1.07197
0.01108 -0.02156 1.09023
-0.00565 -0.00460 1.10573
0.01218 0.02023 1.13257
0.02807 0.01961 1.15284
-0.01358 0.00339 1.16700
-0.00445 -0.02456 1.17465
-0.00625 -0.01304 1.19471
-0.01990 -0.00851 1.21231
0.00726 -0.02862 1.22597
-0.02633 -0.00776 1.24128
0.00122 0.00059 1.25798
0.00077 -0.02056 1.27735
-0.01360 -0.01290 1.28630
-0.02952 -0.01862 1.30444
-0.04263 -0.02981 1.31635
-0.00202 -0.00269 1.32216
0.00213 -0.01702 1.34558
0.00038 -0.02063 1.37321
0.00870 -0.00008 1.38687
0.00295 -0.03163 1.39607
-0.03341 -0.05854 1.40272
-0.01522 -0.00535 1.42764
0.00114 -0.00370 1.44343
-0.01789 -0.02084 1.45649
-0.04492 -0.02638 1.47002
-0.01421 -0.02011 1.47367
-0.02262 -0.01491 1.47608
0.00029 -0.01648 1.47473
-0.01434 -0.02501 1.47289
-0.00266 -0.03041 1.46807
-0.02062 -0.04597 1.46901
-0.02417 -0.03535 1.46753
-0.01067 -0.02692 1.46988
-0.02929 -0.04782 1.46411
-0.01721 -0.02298 1.46339
-0.15324 -0.04945 1.46237
-0.02318 -0.00684 1.47020
-0.06955 -0.01580 1.46640
-0.03436 -0.05432 1.46169
-0.02305 -0.03211 1.45348
-0.03631 -0.05015 1.45732
-0.03549 -0.00936 1.45631
-0.03833 -0.02691 1.45360
-0.04036 -0.03725 1.45491
-0.02092 -0.02246 1.45053
-0.05513 -0.04523 1.44620
-0.00240 -0.04476 1.43800
-0.01794 -0.03467 1.43879
-0.04242 -0.02986 1.43863
-0.03482 -0.00885 1.43609
-0.00866 -0.03061 1.43708
-0.01889 -0.02722 1.42815
-0.00215 -0.01903 1.42720
-0.01035 -0.04544 1.42535
-0.01981 -0.03107 1.41970
-0.02950 -0.02582 1.41672
-0.01985 -0.03140 1.42305
-0.00382 -0.00705 1.41746
-0.03160 -0.04422 1.40964
-0.01449 -0.01061 1.40753
-0.00389 -0.03863 1.40394
-0.01443 -0.00530 1.39807
-0.01029 -0.01048 1.39209
-0.01883 -0.01937 1.38422
-0.01692 -0.01728 1.38434
-0.01831 -0.02555 1.38011
-0.00336 -0.03323 1.37541
-0.06263 -0.03331 1.36925
-0.02811 -0.04489 1.36657
-0.01568 -0.02540 1.37352
-0.00839 -0.02581 1.36864
0.00429 -0.02278 1.36582
0.00276 -0.02379 1.36471
-0.00037 -0.02744 1.35909
-0.00715 -0.03138 1.36358
-0.01806 -0.03303 1.36132
-0.02280 -0.01606 1.36303
-0.01497 -0.02887 1.36730
-0.02748 -0.01998 1.37209
-0.02014 -0.02484 1.37335
-0.02546 -0.03998 1.37663
0.00065 -0.03681 1.37860
-0.01593 -0.02744 1.38412
-0.00786 -0.03104 1.38963
-0.03235 -0.02720 1.39083
-0.02142 -0.03482 1.39797
-0.02885 -0.05121 1.39392
-0.02949 -0.03701 1.39713
-0.02331 -0.02833 1.40350
-0.02922 -0.01467 1.40803
-0.02951 -0.03158 1.40481
-0.02230 -0.03880 1.40871
-0.02984 -0.01300 1.41050
-0.03087 -0.01697 1.41954
-0.02295 -0.02542 1.42027
-0.02326 -0.01800 1.42058
-0.03195 -0.02118 1.42250
-0.01402 -0.02604 1.42004
-0.02966 0.00546 1.42737
-0.02059 -0.02097 1.43244
-0.03019 -0.02362 1.42505
-0.04006 -0.01124 1.42273
-0.02482 -0.01979 1.42377
-0.04050 -0.02675 1.42391
-0.03889 -0.02459 1.42062
-0.02768 -0.01791 1.41647
-0.02741 -0.03256 1.41656
-0.04896 -0.04102 1.41379
-0.02418 -0.05779 1.40770
-0.02742 -0.04002 1.40152
-0.02531 -0.01934 1.40561
-0.00704 -0.00384 1.40781
-0.01509 -0.00847 1.40625
-0.02020 -0.03001 1.40249
-0.04207 -0.02945 1.40137
-0.01817 -0.03569 1.40404
-0.03181 -0.03281 1.39480
-0.01377 -0.02037 1.40167
-0.01209 -0.03134 1.40250
-0.00569 -0.02725 1.39926
-0.01536 -0.02930 1.39917
0.00651 -0.00640 1.39890
-0.01169 -0.01803 1.40219
-0.02651 -0.05023 1.39833
-0.00766 -0.01786 1.40007
-0.02703 -0.03527 1.39528
-0.01789 -0.03072 1.39194
-0.03090 -0.03792 1.39509
-0.02434 -0.03671 1.38808
-0.03164 -0.03451 1.38442
-0.03008 -0.01479 1.38661
-0.05038 -0.05286 1.37914
-0.01665 -0.01935 1.38004
-0.04103 -0.04495 1.36887
-0.03357 -0.03779 1.36609
-0.05820 -0.04766 1.35844
-0.01752 -0.01023 1.36372
-0.00170 -0.01690 1.36332
-0.01677 -0.03081 1.35420
-0.02471 -0.02183 1.34893
-0.00966 -0.02259 1.34271
-0.01221 -0.02196 1.34366
-0.02691 -0.03270 1.33714
-0.01092 -0.00581 1.33324
-0.02602 -0.03946 1.33494
-0.02661 -0.02557 1.32334
-0.01999 -0.05048 1.32306
-0.01567 -0.02983 1.32091
-0.03834 -0.03939 1.31685
-0.01674 -0.03510 1.31280
-0.02275 -0.01812 1.30702
-0.01431 -0.02363 1.30630
-0.01544 -0.02855 1.30206
-0.00434 -0.02599 1.29930
-0.00770 -0.02807 1.29364
-0.01233 -0.03288 1.28659
-0.01463 -0.03778 1.28952
-0.05398 -0.02511 1.28171
-0.01770 -0.01165 1.28315
-0.02204 -0.03610 1.27576
-0.02186 -0.02542 1.27139
-0.03460 -0.01893 1.27011
-0.02530 -0.01642 1.26318
-0.02883 -0.01589 1.25772
-0.02960 -0.03681 1.25389
-0.02617 -0.02517 1.24925
-0.02787 -0.01702 1.24042
-0.02742 -0.02513 1.23033
-0.01483 -0.00854 1.22216
-0.01294 -0.01202 1.21434
-0.02247 -0.01414 1.20537
-0.02829 -0.02652 1.19755
-0.01206 -0.01803 1.18511
-0.02613 -0.03597 1.17414
-0.01356 -0.02085 1.16347
-0.00719 -0.01141 1.15324
-0.02490 -0.02501 1.13703
-0.00720 -0.03337 1.11738
-0.02391 -0.04477 1.09557
-0.03104 -0.02141 1.07969
-0.02967 -0.01714 1.05955
-0.01465 -0.02951 1.03239
-0.00799 -0.01997 1.00876
-0.00585 -0.02105 0.98051
-0.01562 -0.00736 0.95481
-0.01794 -0.02047 0.92488
-0.02029 -0.01075 0.89587
-0.02557 -0.03304 0.86804
-0.04106 -0.02555 0.83260
-0.01247 -0.02552 0.80789
-0.01647 -0.02314 0.78103
-0.02091 -0.01432 0.75553
-0.04636 -0.01270 0.72678
-0.04285 -0.00558 0.70582
-0.04356 -0.02545 0.67537
-0.02931 -0.03007 0.64176
-0.03554 -0.02094 0.62561
-0.05305 -0.02241 0.60616
-0.04175 0.00036 0.56998
0.00250 0.00640 0.57256
-0.03338 0.00294 0.53358
-0.05627 -0.00592 0.54659
-0.03732 0.00189 0.54289
-0.03806 0.00632 0.51238
-0.04904 -0.01500 0.53104
-0.02734 0.00855 0.52530
-0.07388 0.00997 0.49252
-0.07750 0.00385 0.50776
-0.10888 0.01439 0.47870
-0.12287 0.01080 0.48499
-0.16161 0.01387 0.46698
-0.22215 0.02267 0.42396
-0.10519 0.01669 0.47190
-0.10263 0.01960 0.46693
-0.05973 0.02157 0.47270
-0.02313 0.01742 0.47894
-0.11678 0.01894 0.47502
-0.00061 0.02207 0.49225
-0.03907 0.02529 0.49577
-0.11863 -0.02134 0.49812
-0.12045 -0.01729 0.49129
-0.10322 0.00453 0.51191
-0.10708 0.01230 0.50357
-0.16138 0.01452 0.50253
-0.16385 0.00831 0.53783
-0.11368 -0.00441 0.53986
-0.14623 -0.01888 0.56782
-0.06937 -0.00863 0.56750
-0.15356 -0.01121 0.56386
-0.18758 -0.01353 0.59233
-0.57434 0.00245 0.22198
-0.05482 -0.01788 0.65534
-0.01935 0.01439 0.64471
-0.02859 0.00304 0.65741
-0.01944 0.01604 0.70116
0.03505 0.01320 0.69422
-0.12963 -0.02906 0.71836
-0.11273 -0.03164 0.72871
-0.03456 -0.00716 0.77206
-0.01200 -0.01414 0.78795
-0.02138 -0.00747 0.81047
-0.04161 -0.00280 0.83485
-0.04771 0.00533 0.85245
-0.02434 -0.02000 0.87585
-0.01411 -0.02151 0.89424
-0.11429 -0.05990 0.90748
-0.02930 -0.00257 0.93546
-0.01498 0.00012 0.95866
0.06014 0.00283 0.97519
-0.01281 -0.00708 0.99733
-0.00623 -0.02349 1.01338
-0.01693 -0.01486 1.03084
-0.01248 0.00452 1.05160
-0.00507 0.00054 1.07019
-0.01763 -0.00921 1.08694
-0.01839 -0.02162 1.10431
-0.01050 -0.01746 1.12124
-0.02350 -0.01745 1.13914
-0.01077 -0.02869 1.15532
-0.00265 -0.02212 1.16773
-0.00433 -0.01795 1.18818
0.00683 -0.00639 1.20349
-0.00518 -0.01712 1.21972
0.00990 -0.02561 1.23088
0.00562 -0.03071 1.24261
-0.00827 -0.02208 1.26033
-0.00620 -0.01271 1.28085
0.00203 -0.00529 1.29401
-0.00056 -0.01745 1.30916
-0.01212 -0.03006 1.31917
-0.03318 -0.01443 1.33403
-0.03477 -0.01531 1.35448
-0.03334 -0.02121 1.36785
-0.01219 -0.03182 1.37994
-0.01766 -0.01452 1.39283
-0.02168 -0.03281 1.40925
-0.00765 -0.01668 1.42369
-0.01875 -0.02707 1.43614
-0.05577 -0.05731 1.45189
-0.00695 0.00942 1.47176
-0.01208 -0.00815 1.47905
0.00410 -0.00910 1.50356
0.00356 -0.00363 1.51070
-0.01989 -0.04668 1.51291
-0.02206 -0.01501 1.51090
-0.01900 -0.01297 1.50929
-0.01977 -0.03286 1.50593
-0.04411 -0.05632 1.50138
-0.00674 -0.04079 1.50600
-0.03877 -0.02489 1.49921
-0.02933 -0.01244 1.51272
-0.00942 -0.03640 1.50455
0.00593 -0.04189 1.50354
-0.01484 -0.01519 1.50318
-0.01878 -0.03409 1.50247
-0.01642 -0.02675 1.50494
-0.00380 -0.04205 1.50188
-0.02138 -0.04651 1.49486
-0.00562 -0.04654 1.49243
-0.00308 -0.02667 1.48737
-0.01223 -0.03777 1.49311
-0.02597 -0.04770 1.49050
0.00013 -0.03072 1.48203
0.00136 -0.01611 1.48407
-0.00189 -0.02033 1.47972
-0.00528 -0.05735 1.47919
-0.00931 -0.03838 1.46954
-0.01703 -0.02434 1.47215
-0.01413 -0.01203 1.47610
-0.00840 -0.03312 1.46695
-0.01273 -0.03698 1.46243
-0.00372 -0.04501 1.46114
-0.01017 -0.03418 1.45816
-0.02642 -0.03589 1.45544
-0.00411 -0.04498 1.45315
-0.00041 -0.03519 1.45138
-0.00077 -0.03158 1.44957
-0.01405 -0.03441 1.44264
-0.02525 -0.02044 1.44644
-0.01146 -0.02787 1.44255
-0.00232 -0.02762 1.43949
-0.01622 -0.03846 1.43437
-0.00317 -0.02100 1.43477
0.00092 -0.02033 1.43308
-0.00161 -0.03450 1.43115
-0.00628 -0.03490 1.42753
-0.02262 -0.03364 1.42171
-0.01634 -0.03509 1.41964
-0.00760 -0.00996 1.41654
-0.01367 -0.02789 1.42140
-0.00462 -0.04635 1.40765
-0.01737 -0.04176 1.40377
-0.01923 -0.04352 1.40303
-0.00834 -0.03086 1.40154
-0.01019 -0.03481 1.39777
-0.01438 -0.02299 1.39716
-0.01409 -0.01532 1.39366
-0.01680 -0.03088 1.38401
-0.01372 -0.02815 1.38354
0.00076 -0.03514 1.37867
0.00003 -0.02546 1.37658
0.01613 -0.01147 1.37291
-0.01937 -0.02751 1.36951
-0.01332 -0.03011 1.37093
-0.01391 -0.05710 1.36522
-0.02108 -0.02816 1.36465
-0.02305 -0.03908 1.36449
-0.02842 -0.02987 1.36210
0.00165 -0.03020 1.36583
-0.01000 -0.03876 1.36004
-0.00931 -0.02019 1.35996
-0.00411 -0.02529 1.35925
-0.03091 -0.02995 1.35586
0.00056 -0.03773 1.36034
-0.00870 -0.03360 1.35550
-0.03029 -0.04206 1.35550
-0.00248 -0.10898 1.35133
-0.02262 -0.03518 1.35194
-0.00978 -0.02854 1.35432
-0.00353 -0.02520 1.35326
-0.02044 -0.03496 1.35046
-0.00182 -0.02685 1.35281
-0.00894 -0.02882 1.34968
-0.00969 -0.03039 1.35034
-0.01319 -0.04084 1.34671
-0.02123 -0.02440 1.34645
-0.03054 -0.02927 1.34642
-0.03225 -0.02561 1.34033
-0.03139 -0.01500 1.34141
-0.03631 -0.02711 1.33788
-0.00808 -0.03868 1.33068
-0.01264 -0.05344 1.32634
-0.01590 -0.03996 1.33134
-0.01483 -0.05531 1.32322
0.01271 -0.02707 1.32053
0.00530 -0.02931 1.31655
-0.00924 -0.01466 1.31195
-0.01281 -0.02197 1.31171
-0.01710 -0.00511 1.30752
-0.01261 -0.02947 1.30638
0.00124 -0.03679 1.29815
-0.01230 -0.01583 1.29790
-0.01703 -0.00848 1.29736
0.00064 -0.01535 1.29721
-0.02999 -0.01089 1.29092
-0.01622 -0.04946 1.28751
-0.03604 -0.06132 1.27644
-0.01227 -0.03176 1.28267
-0.02358 -0.02548 1.27673
-0.01420 -0.02796 1.27373
-0.01966 -0.03562 1.26836
0.00120 -0.02760 1.27227
-0.01806 -0.03320 1.26925
0.00077 -0.01825 1.26359
-0.02075 -0.05078 1.25992
-0.00515 -0.02911 1.25486
-0.01610 -0.03398 1.25804
-0.00624 -0.02536 1.25131
0.00054 -0.01602 1.25221
-0.01158 -0.03160 1.24373
-0.01039 -0.04339 1.23765
0.01083 -0.02137 1.24221
0.02383 -0.01656 1.23610
-0.00283 -0.01440 1.23213
0.00530 -0.01502 1.22741
-0.01250 -0.00145 1.21438
-0.02494 -0.05174 1.20155
0.00320 -0.02887 1.17911
0.01512 0.00747 1.16437
0.00735 -0.03354 1.15022
0.00158 -0.01741 1.12259
0.01462 -0.04422 1.10694
0.00215 -0.04045 1.09858
0.02183 -0.03990 1.09433
0.03624 -0.02096 1.09505
-0.00809 -0.01221 1.09790
0.01912 -0.01126 1.09586
-0.00962 -0.02795 1.08523
-0.00378 -0.01710 1.08269
-0.01523 -0.01639 1.07900
-0.00674 -0.01789 1.07778
-0.01218 -0.00857 1.07415
0.00204 -0.01287 1.06914
-0.00102 -0.02910 1.06336
-0.01562 -0.02022 1.06247
-0.09652 -0.08093 1.04653
-0.10993 -0.08678 1.04440
-0.03339 -0.04317 1.05488
-0.05383 -0.03754 1.06047
-0.02283 -0.01709 1.06648
-0.01799 -0.00368 1.07443
-0.03543 -0.01846 1.07729
-0.03325 -0.02092 1.08133
-0.01323 -0.01048 1.08990
-0.04682 -0.02964 1.09413
-0.02006 -0.02945 1.09878
-0.00376 -0.03348 1.10540
0.00861 -0.02101 1.11167
0.00608 -0.00224 1.12184
0.01368 -0.00413 1.12717
0.02296 -0.00748 1.13556
0.00641 -0.02894 1.13753
-0.00099 -0.00553 1.14539
0.00473 -0.01489 1.15260
-0.00726 -0.03324 1.16247
0.01302 -0.02200 1.16646
0.00695 -0.00842 1.17707
-0.00608 -0.00293 1.18306
0.02279 0.00036 1.19129
0.02169 -0.00826 1.20345
0.03135 0.01363 1.20900
0.01124 -0.01109 1.21946
0.01192 -0.00512 1.22827
0.00030 -0.03988 1.23506
-0.01825 -0.03595 1.24568
-0.00121 -0.00741 1.25761
-0.00553 -0.01297 1.27206
-0.02836 -0.00826 1.28050
-0.01996 -0.01645 1.29396
-0.03920 -0.03794 1.30057
-0.00594 -0.01396 1.30921
-0.01995 -0.03274 1.32570
-0.03860 -0.02658 1.33495
-0.01835 -0.01369 1.34231
-0.02700 -0.01974 1.35989
-0.01105 -0.03258 1.36592
-0.03260 -0.03917 1.37256
-0.02142 -0.03854 1.38281
-0.02035 -0.04173 1.38739
-0.00658 -0.03957 1.40403
-0.02764 -0.02692 1.41276
0.02310 -0.02191 1.42284
-0.01588 -0.01678 1.42843
-0.02640 -0.02095 1.43602
-0.01515 -0.02472 1.44305
-0.03385 -0.03597 1.44061
-0.01746 -0.02186 1.44312
-0.02160 -0.03290 1.44016
-0.02089 -0.02997 1.44000
-0.05972 -0.06448 1.43555
-0.03131 -0.06913 1.43475
-0.01635 -0.03137 1.43651
-0.02501 -0.03498 1.43376
-0.00999 -0.02419 1.44095
-0.00527 -0.02784 1.43375
-0.01095 -0.03107 1.43229
-0.00947 -0.04913 1.42731
0.00005 -0.04514 1.42220
0.00170 -0.02400 1.42468
-0.01799 -0.03502 1.41857
-0.00323 -0.03247 1.41418
0.01306 -0.02465 1.41386
0.00549 -0.01159 1.41217
0.01139 -0.01205 1.41104
-0.00509 -0.04321 1.40058
-0.00119 -0.03584 1.39398
-0.00231 -0.03525 1.39283
-0.00761 -0.02808 1.39367
-0.01589 -0.02415 1.39274
-0.02162 -0.02159 1.38632
-0.01438 -0.03118 1.38018
-0.01034 -0.03100 1.37558
-0.00728 -0.04233 1.37430
-0.02053 -0.05298 1.37128
-0.01582 -0.01874 1.36704
-0.01118 -0.01963 1.36537
-0.02849 -0.04165 1.35583
-0.02930 -0.03665 1.35837
-0.03935 -0.06101 1.35127
-0.00824 -0.03904 1.34611
-0.02662 -0.03731 1.34292
0.00547 -0.02977 1.33848
-0.00888 -0.02356 1.34041
-0.01226 -0.04095 1.33410
-0.02413 -0.03264 1.32516
-0.02274 -0.02831 1.31625
-0.05375 -0.04385 1.29843
-0.03012 -0.04591 1.28035
-0.02327 -0.04160 1.25887
-0.01137 -0.03901 1.23515
-0.01430 -0.02049 1.20844
-0.01798 -0.03649 1.17762
-0.01326 -0.02862 1.15658
-0.00516 -0.02636 1.12591
-0.00419 -0.02268 1.09462
-0.00029 -0.01960 1.06267
-0.01506 -0.01999 1.03688
-0.00819 -0.02230 1.00067
-0.01791 -0.00912 0.97138
0.00151 -0.02818 0.93874
-0.01709 -0.01438 0.90274
-0.01618 -0.01606 0.87284
-0.04463 -0.04243 0.83814
-0.03020 -0.04487 0.80623
0.00660 -0.01561 0.78656
-0.00595 -0.02870 0.77372
-0.00038 -0.03603 0.77341
0.00543 -0.00965 0.77242
0.00438 -0.00159 0.77075
0.04167 -0.00223 0.76794
0.01823 -0.00602 0.76232
0.03640 -0.00589 0.76321
0.03080 -0.00329 0.75687
0.00751 -0.02055 0.75442
-0.00873 -0.00669 0.75153
0.00879 -0.01455 0.74778
0.00038 0.00025 0.74564
0.00030 -0.02308 0.74247
-0.01023 -0.01715 0.73696
-0.00838 -0.00770 0.73696
-0.03232 -0.02554 0.74019
-0.01128 -0.01617 0.74580
0.02869 -0.00952 0.75299
0.00967 -0.01875 0.75653
-0.01152 -0.01318 0.76059
-0.00655 -0.01571 0.76625
-0.00465 -0.02384 0.76727
-0.00756 -0.00331 0.77320
-0.00610 0.00953 0.78219
-0.00849 0.00130 0.79014
-0.00471 -0.01732 0.79720
0.00997 -0.02786 0.79452
0.02375 -0.02083 0.79484
0.01697 -0.02709 0.80052
0.01120 -0.02251 0.80670
0.02679 0.00696 0.81907
0.00464 -0.01231 0.82261
0.00935 -0.00105 0.82827
0.00735 -0.02724 0.83130
-0.03595 -0.04729 0.83476
-0.00834 -0.02403 0.84436
-0.00434 -0.00837 0.85357
0.00590 0.00768 0.86764
0.00512 -0.01450 0.87552
0.00450 -0.00944 0.88506
0.03063 -0.00462 0.89263
-0.01722 -0.00719 0.90195
-0.00601 -0.00871 0.90991
0.01973 -0.00850 0.91880
0.00687 -0.00378 0.92546
-0.01568 -0.01587 0.93245
-0.00822 -0.00437 0.93531
0.00134 -0.00841 0.93846
-0.02395 -0.04266 0.93502
-0.03710 -0.04628 0.93447
-0.04668 -0.04579 0.93347
-0.00851 -0.03325 0.93349
-0.02300 -0.01918 0.93378
-0.03615 -0.02396 0.93172
-0.01184 -0.00576 0.93350
-0.01626 -0.00408 0.92751
-0.06676 -0.04018 0.92150
-0.04242 -0.02157 0.92073
-0.01236 -0.01567 0.91884
-0.00936 -0.02660 0.91524
-0.01776 -0.00645 0.91126
-0.01302 -0.00371 0.89924
-0.01218 -0.00876 0.88314
0.00583 -0.02503 0.86053
0.00180 -0.02490 0.84367
-0.01984 -0.02553 0.83000
-0.00864 -0.01906 0.82648
-0.01559 -0.01076 0.82487
-0.00629 -0.01331 0.82431
0.02306 -0.00791 0.81999
0.00424 -0.02172 0.81484
0.01333 -0.01116 0.81211
0.00926 -0.00728 0.80807
-0.00849 -0.01555 0.80878
-0.01420 -0.00334 0.80360
0.00047 -0.00595 0.79956
0.00023 -0.00323 0.79771
-0.02237 -0.00987 0.79589
