-0.04904 -0.00501 1.30980
-0.05364 -0.05311 1.31268
-0.00373 -0.02863 1.31629
0.00876 -0.03858 1.31890
-0.00771 -0.02218 1.32051
-0.02495 -0.02161 1.32681
0.02438 -0.05460 1.32890
-0.02985 -0.06570 1.32882
-0.00376 -0.03914 1.33412
0.03459 -0.03062 1.33706
-0.01170 -0.03269 1.33806
-0.01665 -0.00274 1.35024
-0.02038 0.00234 1.35156
-0.00107 -0.03411 1.35212
-0.03801 -0.05242 1.35053
0.02609 -0.04917 1.35360
-0.05009 -0.05124 1.36292
-0.09034 -0.00152 1.36360
-0.00733 -0.05103 1.37580
-0.10066 0.01086 1.36800
-0.00706 -0.13332 1.36814
-0.00878 -0.06807 1.37388
0.00147 -0.07518 1.37793
-0.00804 -0.04763 1.38488
-0.01934 -0.06195 1.38121
-0.04295 -0.01869 1.39256
-0.03289 -0.01849 1.39693
-0.01931 -0.02724 1.39779
-0.09588 0.00177 1.39261
-0.04333 -0.05943 1.40100
-0.03266 -0.03153 1.40612
0.00322 -0.03739 1.40729
-0.03614 -0.02114 1.40918
-0.03489 -0.04588 1.41208
-0.00545 -0.02854 1.41566
-0.05199 -0.01340 1.42177
-0.03602 -0.05952 1.42098
-0.05019 0.00516 1.42538
-0.02809 -0.02063 1.42851
-0.04600 -0.03429 1.42645
-0.02091 -0.02933 1.43165
-0.00015 -0.04159 1.42841
0.00196 -0.03524 1.42783
0.03482 -0.03589 1.42883
-0.02990 -0.03601 1.42416
0.03809 -0.04011 1.42312
0.00843 -0.05703 1.41887
-0.01334 -0.05698 1.41652
-0.00985 -0.05788 1.41268
-0.00993 -0.05998 1.41180
0.23801 0.06920 1.39237
-0.03676 -0.03490 1.40907
0.01381 0.03993 1.39961
0.01744 -0.00254 1.40261
-0.05160 -0.03513 1.40086
-0.01642 -0.03647 1.39589
0.00595 -0.02639 1.39409
0.01244 -0.06060 1.38925
-0.03584 -0.02728 1.38493
-0.06302 -0.06812 1.38332
-0.01520 -0.04112 1.38598
-0.02697 -0.04083 1.38129
-0.04618 -0.02363 1.38380
-0.06842 -0.00252 1.37736
-0.02368 -0.04470 1.37648
-0.02383 -0.03773 1.36834
-0.01825 -0.04677 1.36540
-0.03719 -0.03932 1.36121
-0.01072 -0.04184 1.35701
-0.01581 -0.04670 1.35245
0.01435 -0.04507 1.35110
0.00362 -0.02930 1.34973
-0.02607 0.01259 1.34500
0.02729 -0.00451 1.34509
-0.03541 -0.07570 1.33814
-0.04691 -0.06506 1.33646
-0.01843 -0.06315 1.33485
-0.01386 -0.01691 1.34467
0.01971 -0.00433 1.34126
-0.04127 -0.05428 1.33688
-0.02569 -0.05121 1.33114
-0.02392 -0.05453 1.32741
-0.06561 -0.09483 1.31877
-0.01840 -0.03356 1.33113
0.01928 -0.01620 1.33280
-0.02859 -0.00535 1.33423
-0.02113 -0.03634 1.33328
-0.04973 -0.04524 1.34171
-0.00546 -0.03806 1.36382
-0.03301 -0.04279 1.35507
-0.01680 -0.06195 1.35813
-0.04689 -0.05997 1.35174
-0.00846 -0.05265 1.35495
-0.02712 -0.01795 1.35713
-0.00669 -0.03893 1.35728
-0.01378 -0.03424 1.34842
-0.01459 -0.03238 1.35380
0.01339 -0.03190 1.35167
-0.00599 -0.03683 1.35315
-0.02903 -0.04396 1.34527
-0.01607 -0.02287 1.35182
0.00229 -0.09069 1.34743
-0.04622 -0.04943 1.34899
-0.05638 -0.05845 1.34715
-0.03038 -0.02663 1.34734
-0.02577 -0.04365 1.34721
-0.03503 -0.03663 1.34272
-0.01562 -0.02990 1.35272
-0.00572 -0.01874 1.34932
-0.07734 -0.10227 1.33926
-0.02163 -0.02818 1.34339
-0.00577 -0.04966 1.34529
-0.00906 -0.04795 1.34648
-0.01570 0.00700 1.34882
-0.02287 -0.02006 1.34988
-0.00912 -0.01364 1.34918
-0.03686 -0.01292 1.34631
0.24675 0.03840 1.32736
0.00946 -0.06965 1.34820
-0.02977 -0.06668 1.34900
-0.04014 -0.05459 1.34974
-0.03488 -0.04600 1.35732
-0.02126 -0.05434 1.36006
-0.01353 -0.08737 1.35760
-0.03186 -0.07035 1.35768
0.00418 -0.03988 1.36412
-0.01875 -0.05785 1.36780
-0.03067 -0.05438 1.37513
-0.05848 0.00975 1.37851
-0.02490 -0.02787 1.37624
-0.03798 -0.02882 1.37487
-0.14064 -0.12062 1.36897
-0.05221 -0.08497 1.37600
-0.04095 -0.01268 1.38795
-0.00931 -0.03211 1.39399
-0.01265 0.06190 1.39425
-0.02993 -0.00788 1.39934
0.01459 -0.01660 1.40160
-0.05257 -0.04602 1.40303
-0.03747 -0.03395 1.40740
-0.02200 -0.03723 1.40819
-0.01305 -0.02335 1.41856
-0.01634 -0.00827 1.41966
-0.02681 -0.03335 1.42158
-0.04320 -0.10314 1.41627
-0.02420 -0.04471 1.42323
-0.00464 0.00648 1.43386
-0.03644 -0.04942 1.43689
-0.02265 -0.03291 1.43734
-0.00335 -0.02422 1.43789
-0.01536 -0.05023 1.44716
0.02134 -0.06860 1.44799
-0.00168 -0.06002 1.45426
-0.00973 -0.02283 1.46189
-0.00502 -0.02372 1.46057
0.01326 -0.05198 1.46839
-0.00241 -0.03589 1.47211
0.02156 -0.03773 1.47467
-0.00454 -0.04492 1.48000
0.07821 0.01112 1.47552
0.04092 -0.03880 1.48546
-0.03449 -0.04520 1.48334
0.03224 -0.01127 1.48943
0.07416 -0.01722 1.48853
0.02257 -0.04460 1.49062
-0.03119 -0.03522 1.49045
-0.01172 -0.02859 1.49421
-0.05350 -0.00127 1.49601
-0.04097 -0.03401 1.49498
-0.01243 -0.03991 1.50094
-0.01245 -0.02971 1.50559
-0.02294 -0.01881 1.50539
-0.06859 -0.02383 1.50904
-0.06956 -0.02026 1.50947
0.04551 -0.05723 1.51471
-0.00715 -0.07710 1.51301
-0.03830 -0.03856 1.52042
-0.03183 -0.03646 1.52404
-0.05267 -0.02574 1.51958
-0.01133 -0.04502 1.52777
-0.04075 -0.05496 1.52637
-0.01779 -0.03524 1.53260
-0.03472 -0.03868 1.53080
-0.02930 -0.04840 1.53370
-0.02223 -0.04767 1.53756
-0.02936 -0.04106 1.53854
-0.03013 -0.03797 1.53431
-0.00128 -0.05261 1.53725
-0.01440 -0.00586 1.53842
-0.01343 -0.04217 1.54560
-0.07265 -0.05989 1.53857
0.01480 -0.03384 1.53954
-0.04669 -0.03576 1.53885
-0.01215 -0.03835 1.54142
0.00131 -0.02558 1.54685
-0.00086 -0.03212 1.54243
-0.07269 -0.08244 1.54324
-0.01892 -0.02598 1.54196
0.06623 -0.06548 1.54795
-0.00264 -0.03804 1.55073
0.00823 -0.03676 1.55405
-0.02581 -0.05128 1.55004
-0.01593 -0.07730 1.54341
-0.02584 -0.06283 1.55352
-0.09499 -0.03550 1.55090
0.01826 -0.04214 1.55645
-0.06729 -0.04239 1.55729
-0.04037 -0.06450 1.56102
-0.03740 -0.05038 1.56835
-0.02664 -0.03129 1.57161
-0.03975 0.00692 1.57773
-0.05852 -0.01219 1.58577
0.01591 -0.02840 1.58441
0.00690 -0.02059 1.59220
-0.01392 -0.02399 1.59657
-0.02147 -0.06677 1.59806
-0.03893 -0.08761 1.60059
0.00424 -0.07392 1.60623
-0.02210 -0.06105 1.61342
-0.02343 0.01864 1.61170
-0.04347 0.03033 1.62344
-0.01818 0.01519 1.62736
-0.01825 -0.03972 1.62876
-0.01141 -0.07099 1.62723
-0.01046 -0.05940 1.62911
0.05256 -0.05525 1.63020
0.00188 -0.06134 1.62519
-0.01256 -0.07502 1.62718
-0.04106 -0.05413 1.62858
-0.03146 -0.01347 1.62668
0.00993 -0.03591 1.62658
0.06869 -0.06961 1.61594
-0.04510 -0.03403 1.61944
-0.02088 -0.04810 1.61268
-0.00427 -0.05686 1.60688
-0.04504 -0.07443 1.60952
0.03701 -0.00465 1.60767
-0.10706 -0.00763 1.61426
-0.02412 -0.07379 1.60499
-0.00736 -0.08433 1.59762
-0.09787 -0.01139 1.60009
0.09400 -0.06635 1.59583
-0.03628 -0.06187 1.59676
0.02367 -0.05756 1.59379
0.02213 -0.04721 1.59815
-0.01608 -0.04968 1.59117
-0.01889 -0.03229 1.59301
-0.01411 -0.04141 1.59093
-0.04088 -0.03828 1.59016
-0.03178 -0.05373 1.59045
-0.01317 -0.10068 1.58249
-0.04861 -0.01260 1.59742
-0.00992 -0.03867 1.59711
-0.00658 -0.09675 1.59477
-0.02735 -0.02601 1.60566
-0.01619 -0.01372 1.58911
-0.06824 -0.04244 1.63882
-0.03191 -0.06960 1.60861
0.00221 -0.04537 1.55568
-0.01530 -0.04341 1.60593
0.00625 -0.03780 1.60553
-0.02476 -0.00833 1.61435
-0.01360 -0.02542 1.61327
-0.03293 -0.04671 1.62005
-0.00354 -0.11390 1.60680
-0.02134 -0.04328 1.61632
-0.04897 -0.00291 1.61752
-0.02128 -0.05244 1.61956
