0.01081 3.74132 2.14374
0.01259 4.29333 2.46008
0.00864 2.89036 1.65611
0.01237 4.03916 2.31443
0.01086 3.43999 1.97107
0.00517 1.59949 0.91645
0.00852 2.52157 1.44479
0.01528 4.29670 2.46202
0.01228 3.40931 1.95348
0.01073 2.87422 1.64686
0.00988 2.56205 1.46799
0.00348 0.88237 0.50556
0.00576 1.42955 0.81908
0.00184 0.44167 0.25306
0.00318 0.74208 0.42518
0.00639 1.44358 0.82711
0.00168 0.37081 0.21246
0.00622 1.32579 0.75963
0.00883 1.83206 1.04971
0.00975 1.93927 1.11113
0.01091 2.16016 1.23771
0.01083 2.06123 1.18102
0.01997 3.72604 2.13499
0.01793 3.25919 1.86746
0.01777 3.16957 1.81611
0.01905 3.34808 1.91840
0.01521 2.61792 1.50000
0.02192 3.71719 2.12992
0.02230 3.67460 2.10551
0.01703 2.76375 1.58356
0.02288 3.63053 2.08025
0.02167 3.37213 1.93218
0.02138 3.25785 1.86669
0.02164 3.23412 1.85310
0.01840 2.69183 1.54235
0.01407 1.97489 1.13155
0.00465 0.67349 0.38588
0.00778 1.07984 0.61871
0.00983 1.33462 0.76469
0.01433 1.91600 1.09780
0.01129 1.48090 0.84850
0.01221 1.58348 0.90727
0.01495 1.89642 1.08658
0.01399 1.76094 1.00896
0.00606 0.73729 0.42244
0.00795 0.98437 0.56401
0.00512 0.61820 0.35420
0.01047 1.25868 0.72118
0.00345 0.40855 0.23408
0.01191 1.39975 0.80201
0.00682 0.78915 0.45215
0.01182 1.35651 0.77723
0.01080 1.21555 0.69646
0.01069 1.18877 0.68112
0.01524 1.67770 0.96126
0.01006 1.09508 0.62744
0.01474 1.58722 0.90942
0.01399 1.48501 0.85085
0.01957 2.04905 1.17404
0.01569 1.61837 0.92727
0.00998 1.02442 0.58695
0.02406 2.38800 1.36825
0.03065 2.99120 1.71390
0.03439 3.33690 1.91199
0.03360 3.22038 1.84522
0.02298 2.17869 1.24832
0.01737 1.63249 0.93536
0.01334 1.24685 0.71440
0.01843 1.72020 0.98561
0.01746 1.63348 0.93592
0.02041 1.91105 1.09497
0.01525 1.43155 0.82023
0.01266 1.17595 0.67377
0.00349 0.32414 0.18572
0.01313 1.21640 0.69695
0.02278 2.11941 1.21436
0.01631 1.52952 0.87636
0.01107 1.04259 0.59736
0.00629 0.59379 0.34022
0.02146 2.01053 1.15197
0.01677 1.56523 0.89682
0.01834 1.70306 0.97579
0.01162 1.08034 0.61899
0.01965 1.82622 1.04636
0.02008 1.86106 1.06632
0.01573 1.46500 0.83939
0.00922 0.84967 0.48683
0.00842 0.78407 0.44924
0.00374 0.34600 0.19824
0.00333 0.30682 0.17580
0.00408 0.37429 0.21445
0.00774 0.70823 0.40579
0.00871 0.79533 0.45569
0.00546 0.49113 0.28140
0.01247 1.12440 0.64424
0.01205 1.09985 0.63017
0.00460 0.41325 0.23678
0.00495 0.44333 0.25401
0.01475 1.31020 0.75070
0.00997 0.88265 0.50572
0.01156 1.01298 0.58040
0.01359 1.19273 0.68339
0.01076 0.94146 0.53942
0.01019 0.88928 0.50952
0.01028 0.89255 0.51140
0.00862 0.74396 0.42626
0.00279 0.23993 0.13747
0.01208 1.03292 0.59182
0.01331 1.13748 0.65173
0.01219 1.04107 0.59649
0.01167 0.98520 0.56448
0.01524 1.28022 0.73352
0.02115 1.77515 1.01710
0.00746 0.62461 0.35787
0.01972 1.63729 0.93811
0.01706 1.41978 0.81348
0.01269 1.04962 0.60139
0.01423 1.16939 0.67001
0.01419 1.16024 0.66477
0.01201 0.98032 0.56168
0.01615 1.31707 0.75463
0.01731 1.40666 0.80597
0.01495 1.21069 0.69368
0.01748 1.41240 0.80925
0.01187 0.95444 0.54685
0.01415 1.13593 0.65084
0.01465 1.17413 0.67273
0.01559 1.24154 0.71135
0.01776 1.42039 0.81383
0.01310 1.03513 0.59309
0.01640 1.29318 0.74094
0.01700 1.33672 0.76589
0.01474 1.15798 0.66348
0.01321 1.03934 0.59550
0.01591 1.24783 0.71496
0.01849 1.45141 0.83160
0.02167 1.69615 0.97183
0.01865 1.47235 0.84360
0.01452 1.14064 0.65354
0.01168 0.89024 0.51007
0.01369 1.12365 0.64381
0.01570 1.25143 0.71702
0.01261 1.00867 0.57793
0.01801 1.44388 0.82729
0.02154 1.74210 0.99816
0.01017 0.83786 0.48006
0.01012 0.84116 0.48195
0.00826 0.68856 0.39452
0.01162 0.97787 0.56028
0.00556 0.47283 0.27091
0.00857 0.73635 0.42190
0.01314 1.14040 0.65340
0.01243 1.09004 0.62455
0.00538 0.47443 0.27183
0.00824 0.73054 0.41857
0.01055 0.93694 0.53683
0.01045 0.93230 0.53417
0.01624 1.45531 0.83384
0.01332 1.19688 0.68577
0.01415 1.27623 0.73123
0.01245 1.13104 0.64804
0.01326 1.20907 0.69275
0.02405 2.19954 1.26027
0.02437 2.22150 1.27285
0.03098 2.82486 1.61858
0.02850 2.60850 1.49460
0.03134 2.88387 1.65239
0.02915 2.69238 1.54267
0.03633 3.41125 1.95459
0.02643 2.50143 1.43325
0.01582 1.50646 0.86315
0.01641 1.57425 0.90199
0.01798 1.73605 0.99470
0.00669 0.65503 0.37530
0.01567 1.54560 0.88557
0.00840 0.83733 0.47976
0.01117 1.12268 0.64325
0.01008 1.01927 0.58400
0.00704 0.71798 0.41137
0.01335 1.37560 0.78817
0.00494 0.51335 0.29413
0.00870 0.91296 0.52309
0.00211 0.22354 0.12808
0.02145 2.33315 1.33683
0.01562 1.71000 0.97977
0.00822 0.92284 0.52875
0.00536 0.60475 0.34649
0.01399 1.59769 0.91542
0.00866 0.98815 0.56617
0.00860 0.98990 0.56718
0.01113 1.32125 0.75703
0.01853 2.18844 1.25391
0.00568 0.67445 0.38643
0.01902 2.25137 1.28997
0.00444 0.52941 0.30333
0.00425 0.50580 0.28980
0.00341 0.40561 0.23240
0.00703 0.83861 0.48049
0.01187 1.42050 0.81390
0.00788 0.93944 0.53826
0.01139 1.33471 0.76474
0.00364 0.44059 0.25244
0.00807 0.95465 0.54698
0.00710 0.83775 0.48000
0.01782 2.08016 1.19187
0.01801 2.10295 1.20492
0.00781 0.89556 0.51312
0.01749 1.98030 1.13465
0.01840 2.04980 1.17447
0.01849 2.05722 1.17872
0.00134 0.14729 0.08439
0.01511 1.63057 0.93426
0.00778 0.82849 0.47469
0.01487 1.56513 0.89676
0.00383 0.39838 0.22826
0.00759 0.78043 0.44716
0.01112 1.13024 0.64758
0.01534 1.54182 0.88340
0.01188 1.15925 0.66420
0.00284 0.28430 0.16289
0.01772 1.71382 0.98196
0.02013 1.92527 1.10312
0.02300 2.16922 1.24289
0.02047 1.92819 1.10479
0.02667 2.47359 1.41730
0.02143 1.96052 1.12331
0.02287 2.08127 1.19250
0.01492 1.33477 0.76478
0.02653 2.34735 1.34496
0.01966 1.72699 0.98951
0.01942 1.68490 0.96539
0.02571 2.20943 1.26594
0.01743 1.47642 0.84593
0.02944 2.45574 1.40707
0.02154 1.78873 1.02488
0.02541 2.06719 1.18443
0.02414 1.97330 1.13064
0.01422 1.14599 0.65661
0.02317 1.85864 1.06494
0.01856 1.47986 0.84790
0.02323 1.82381 1.04498
0.02195 1.70916 0.97929
0.02052 1.59349 0.91301
0.01876 1.44482 0.82783
0.02164 1.64841 0.94448
0.01877 1.41835 0.81266
0.01950 1.45678 0.83468
0.01582 1.17680 0.67426
0.01747 1.27755 0.73198
0.01989 1.44320 0.82690
0.01544 1.12015 0.64180
0.01611 1.16116 0.66530
0.00950 0.67845 0.38872
0.01579 1.12140 0.64252
0.00614 0.43203 0.24754
0.01917 1.34515 0.77072
0.00445 0.30933 0.17723
0.02628 1.81368 1.03917
0.00401 0.27734 0.15891
0.00399 0.27151 0.15556
0.01432 0.97575 0.55907
0.00460 0.30947 0.17732
0.01324 0.89066 0.51031
0.00806 0.54119 0.31008
0.01374 0.91373 0.52353
0.02007 1.33652 0.76578
0.00715 0.47420 0.27170
0.00637 0.42253 0.24209
0.01325 0.87466 0.50115
0.01649 1.08525 0.62181
0.00872 0.57033 0.32678
0.01864 1.22055 0.69933
0.00978 0.64028 0.36685
0.01595 1.04237 0.59723
0.01173 0.76212 0.43666
0.01478 0.96145 0.55088
0.01747 1.13076 0.64788
0.01469 0.95365 0.54640
0.01386 0.90016 0.51575
0.01861 1.21857 0.69819
0.02100 1.38625 0.79427
0.01196 0.79800 0.45722
0.01215 0.81971 0.46966
0.01426 0.96092 0.55057
0.01167 0.79531 0.45568
0.01226 0.84245 0.48269
0.00667 0.46303 0.26530
0.02127 1.49243 0.85511
0.00971 0.68581 0.39294
0.01103 0.79003 0.45266
0.01661 1.19634 0.68546
0.01235 0.89989 0.51560
0.01434 1.05542 0.60471
0.02084 1.54529 0.88539
0.01158 0.86972 0.49831
0.01589 1.21678 0.69717
0.01279 0.98643 0.56518
0.02295 1.77982 1.01977
0.01958 1.53043 0.87688
0.01334 1.05488 0.60440
0.01910 1.52107 0.87152
0.01518 1.21721 0.69741
0.01384 1.11724 0.64014
0.01386 1.13051 0.64774
0.01569 1.29220 0.74038
0.01587 1.31892 0.75569
0.00955 0.79961 0.45814
0.01278 1.07488 0.61586
0.01393 1.16744 0.66890
0.00987 0.86599 0.49618
0.01404 1.23075 0.70517
0.01102 0.97901 0.56093
0.01370 1.22682 0.70292
0.01791 1.62742 0.93245
0.00944 0.87148 0.49932
0.02591 2.40019 1.37524
0.01583 1.46454 0.83913
0.02888 2.68568 1.53883
0.00647 0.61172 0.35049
0.01623 1.55452 0.89068
0.00723 0.69788 0.39986
0.01225 1.19280 0.68343
0.01190 1.16138 0.66542
0.01128 1.11012 0.63606
0.01276 1.26126 0.72265
0.01243 1.23820 0.70944
0.01136 1.12648 0.64543
0.02871 2.85483 1.63575
0.00957 0.96706 0.55409
0.00824 0.83190 0.47664
0.00532 0.53698 0.30767
0.00872 0.88086 0.50470
0.01259 1.27509 0.73058
0.01976 2.00769 1.15034
0.01006 1.03118 0.59083
0.01256 1.29121 0.73981
0.00642 0.66001 0.37816
0.01594 1.64059 0.94000
0.01553 1.60462 0.91939
0.00819 0.84569 0.48454
0.00948 0.98044 0.56175
0.01068 1.10438 0.63277
0.00466 0.48367 0.27712
0.01222 1.27386 0.72987
0.00687 0.71765 0.41118
0.00153 0.16030 0.09184
0.00409 0.43073 0.24679
0.01164 1.23189 0.70583
0.00153 0.16184 0.09273
0.00340 0.35974 0.20612
0.01702 1.79370 1.02773
0.00531 0.55755 0.31946
0.01002 1.04543 0.59899
0.00570 0.59093 0.33858
0.01793 1.84879 1.05930
0.00434 0.44599 0.25553
0.01106 1.12981 0.64734
0.01004 1.02248 0.58584
0.00796 0.80565 0.46161
0.00850 0.86130 0.49349
0.01604 1.62129 0.92894
0.01933 1.95229 1.11860
0.01886 1.89992 1.08859
0.01780 1.78423 1.02230
0.01129 1.12835 0.64650
0.02195 2.23431 1.28019
0.01933 1.95331 1.11918
0.01863 1.88021 1.07730
0.00719 0.72432 0.41501
0.01749 1.77041 1.01438
0.00659 0.66508 0.38106
0.01015 1.02532 0.58747
0.01412 1.43170 0.82031
0.00956 0.96578 0.55335
0.01083 1.09704 0.62856
0.00953 0.96298 0.55175
0.00843 0.85411 0.48937
0.00864 0.87680 0.50237
0.00977 0.99558 0.57043
0.00936 0.95414 0.54668
0.00917 0.93954 0.53832
0.00859 0.88420 0.50661
0.00790 0.81552 0.46726
0.01305 1.35836 0.77829
0.01339 1.38918 0.79595
0.00999 1.03409 0.59249
0.00195 0.20653 0.11833
0.01565 1.64929 0.94499
0.02120 2.24568 1.28670
0.00707 0.74542 0.42710
0.00375 0.40007 0.22922
0.00961 1.02334 0.58634
0.01016 1.08841 0.62361
0.00504 0.53790 0.30820
0.00364 0.38777 0.22218
0.00735 0.78118 0.44758
0.00403 0.42867 0.24561
0.00812 0.85937 0.49238
0.01693 1.77831 1.01891
0.04198 4.37742 2.50827
0.01788 1.87258 1.07293
0.01882 1.97083 1.12922
0.01190 1.24856 0.71538
0.02016 2.10841 1.20805
0.00609 0.63216 0.36220
0.00566 0.58882 0.33737
0.01521 1.57777 0.90400
0.01193 1.23636 0.70838
0.00286 0.29440 0.16868
0.00733 0.75458 0.43235
0.01628 1.68853 0.96747
0.01169 1.19989 0.68749
0.00747 0.76305 0.43720
0.00983 0.99714 0.57132
0.01242 1.25762 0.72057
0.01158 1.17399 0.67265
0.01242 1.25899 0.72135
0.01411 1.43370 0.82146
0.01852 1.87803 1.07605
0.01115 1.13358 0.64950
0.01305 1.33186 0.76310
0.01459 1.48920 0.85325
0.01588 1.62261 0.92970
0.02348 2.38361 1.36574
0.02156 2.20613 1.26404
0.01306 1.33588 0.76541
0.01795 1.84708 1.05832
0.02354 2.38673 1.36753
0.01687 1.75462 1.00534
0.02439 2.48979 1.42658
0.01408 1.44343 0.82703
0.02170 2.23115 1.27838
0.01865 1.88996 1.08288
0.02411 2.48482 1.42373
0.01606 1.60503 0.91962
0.02390 2.45805 1.40839
0.02378 2.39190 1.37049
0.01642 1.64704 0.94369
0.01836 1.82362 1.04487
0.02095 2.07298 1.18775
0.02017 1.97958 1.13423
0.01850 1.82052 1.04310
0.01685 1.64145 0.94049
0.01165 1.12823 0.64643
0.01436 1.39050 0.79670
0.02219 2.13238 1.22179
0.01219 1.16888 0.66972
0.02236 2.12968 1.22024
0.00998 0.94678 0.54247
0.01752 1.65467 0.94807
0.01585 1.49653 0.85745
0.01643 1.53939 0.88201
0.01862 1.74100 0.99753
0.01902 1.77098 1.01471
0.01395 1.29287 0.74076
0.01340 1.23706 0.70879
0.02409 2.20582 1.26387
0.01295 1.18569 0.67936
0.01930 1.75771 1.00710
0.01390 1.26240 0.72331
0.01625 1.46941 0.84192
0.00846 0.76513 0.43839
0.01773 1.60147 0.91758
0.01993 1.79031 1.02578
0.01977 1.76261 1.00991
0.01673 1.48229 0.84930
0.02580 2.28979 1.31198
0.02109 1.86350 1.06772
0.01973 1.74055 0.99728
0.01957 1.72109 0.98612
0.02106 1.84736 1.05847
0.02073 1.81150 1.03793
0.01763 1.53915 0.88188
0.02419 2.11903 1.21414
0.01715 1.50179 0.86047
0.01892 1.65833 0.95016
0.02559 2.23632 1.28134
0.01960 1.72185 0.98656
0.01683 1.48084 0.84847
0.02174 1.91682 1.09827
0.01982 1.75013 1.00276
0.01819 1.61593 0.92587
0.01581 1.40548 0.80528
0.01717 1.52665 0.87471
0.02298 2.05393 1.17684
0.01731 1.55031 0.88827
0.01288 1.15595 0.66232
0.01493 1.34152 0.76864
0.01812 1.63101 0.93451
0.01553 1.39965 0.80195
0.02345 2.11363 1.21104
0.01656 1.49489 0.85652
0.02023 1.82861 1.04773
0.01709 1.54867 0.88733
0.02075 1.88555 1.08036
0.02126 1.92598 1.10352
0.02153 1.95676 1.12116
0.01874 1.70125 0.97476
0.02299 2.08551 1.19493
0.02703 2.46122 1.41021
0.01526 1.39994 0.80211
0.02199 2.02212 1.15861
0.01886 1.74271 0.99851
0.03421 3.16273 1.81219
0.01194 1.11565 0.63922
0.01122 1.05714 0.60570
0.02178 2.08199 1.19291
0.01634 1.58297 0.90698
0.01596 1.57443 0.90209
0.01654 1.64675 0.94353
0.01877 1.90465 1.09130
0.01600 1.65271 0.94694
0.01652 1.72920 0.99077
0.01754 1.84822 1.05897
0.01248 1.31447 0.75314
0.01615 1.70574 0.97733
0.01502 1.59683 0.91493
0.01176 1.25033 0.71639
0.01427 1.52366 0.87300
0.01611 1.72819 0.99019
0.01132 1.21673 0.69714
0.01146 1.24706 0.71452
0.01378 1.48758 0.85233
0.00811 0.87933 0.50382
0.01537 1.69231 0.96963
0.01351 1.46725 0.84068
0.00761 0.82320 0.47166
0.01329 1.45914 0.83603
0.00821 0.88706 0.50825
0.01280 1.40720 0.80627
0.00916 0.98974 0.56708
0.00775 0.83533 0.47861
0.00967 1.05306 0.60336
0.00311 0.33355 0.19111
0.00239 0.25324 0.14509
0.01397 1.47470 0.84495
0.01098 1.15632 0.66253
0.00660 0.69456 0.39795
0.01023 1.06255 0.60880
0.00968 0.99422 0.56965
0.01182 1.19989 0.68749
0.01037 1.04551 0.59903
0.01532 1.53510 0.87956
0.01136 1.12604 0.64517
0.01418 1.39073 0.79684
0.00987 0.95592 0.54771
0.00846 0.80583 0.46171
0.01590 1.49850 0.85859
0.01172 1.09369 0.62664
0.01283 1.18667 0.67992
0.01313 1.20429 0.69001
0.01286 1.17262 0.67187
0.01321 1.19812 0.68648
0.01458 1.31217 0.75182
0.01476 1.32289 0.75797
0.01736 1.54573 0.88564
0.01595 1.41855 0.81277
0.01276 1.13804 0.65206
0.01345 1.19707 0.68587
0.01396 1.24467 0.71315
0.01105 0.98624 0.56508
0.01479 1.31688 0.75452
0.01197 1.06524 0.61034
0.01410 1.25825 0.72093
0.01394 1.24887 0.71556
0.01371 1.23406 0.70707
0.01209 1.09365 0.62662
0.01833 1.65651 0.94912
0.01948 1.76899 1.01357
0.01932 1.76155 1.00931
0.01375 1.25398 0.71848
0.02983 2.72997 1.56421
0.01074 0.98218 0.56275
0.01225 1.11610 0.63948
0.01884 1.71079 0.98022
0.00202 0.18365 0.10523
0.01559 1.41349 0.80988
0.01781 1.61006 0.92250
0.02642 2.38419 1.36607
0.02805 2.52408 1.44623
0.02338 2.10967 1.20877
0.00999 0.90124 0.51637
0.01746 1.56537 0.89690
0.02402 2.15145 1.23271
0.01534 1.37148 0.78581
0.01911 1.70882 0.97909
0.01408 1.25388 0.71843
0.01373 1.21999 0.69900
0.01855 1.65257 0.94686
0.01465 1.30758 0.74919
0.01538 1.37456 0.78757
0.01462 1.31241 0.75196
0.01434 1.28792 0.73793
0.01590 1.42636 0.81725
0.01701 1.53248 0.87806
0.01592 1.43666 0.82315
0.01588 1.43185 0.82040
0.02056 1.86014 1.06580
0.01633 1.48554 0.85116
0.02117 1.93777 1.11028
0.01549 1.42440 0.81613
0.02082 1.90636 1.09228
0.01291 1.19180 0.68285
0.01705 1.57975 0.90514
0.01786 1.66718 0.95523
0.01600 1.50545 0.86257
0.02340 2.19558 1.25800
0.01582 1.49850 0.85858
0.02033 1.93902 1.11099
0.02340 2.23891 1.28283
0.03114 2.98936 1.71284
0.02584 2.49331 1.42860
0.02802 2.72738 1.56272
0.01918 1.88065 1.07755
0.02256 2.23011 1.27779
0.02158 2.13134 1.22119
0.02458 2.44100 1.39863
0.01927 1.92934 1.10545
0.01995 2.01070 1.15207
0.01685 1.70459 0.97667
0.02029 2.05672 1.17843
0.01961 1.99684 1.14413
0.01784 1.82947 1.04822
0.01298 1.33643 0.76572
0.01094 1.13486 0.65023
0.01731 1.79376 1.02776
0.01575 1.64166 0.94061
0.01873 1.94997 1.11727
0.01524 1.59789 0.91553
0.01366 1.44872 0.83006
0.01239 1.31126 0.75130
0.01350 1.43784 0.82383
0.01282 1.37247 0.78637
0.01050 1.13462 0.65009
0.00921 1.00583 0.57630
0.00928 1.02143 0.58524
0.01104 1.22934 0.70437
0.00674 0.76053 0.43575
0.00873 0.99465 0.56989
0.00422 0.49103 0.28134
0.00957 1.13101 0.64803
0.00883 1.06227 0.60864
0.00949 1.15805 0.66352
0.01199 1.47749 0.84655
0.01135 1.40763 0.80652
0.01099 1.37102 0.78554
0.00619 0.77498 0.44403
0.01328 1.66886 0.95620
0.01058 1.33242 0.76343
0.00984 1.23637 0.70839
0.00796 1.00272 0.57452
0.00469 0.59150 0.33890
0.01645 2.05371 1.17671
0.02005 2.55428 1.46354
0.00971 1.22763 0.70339
0.01209 1.52446 0.87346
0.00992 1.27295 0.72935
0.01140 1.43683 0.82325
0.01026 1.32528 0.75934
0.02367 2.97428 1.70420
0.01170 1.47614 0.84577
0.00992 1.27783 0.73215
0.01029 1.29116 0.73978
0.01323 1.66020 0.95124
0.01064 1.35334 0.77541
0.01091 1.35637 0.77715
0.01140 1.44124 0.82578
0.01119 1.38110 0.79132
0.01469 1.80117 1.03201
0.01364 1.69462 0.97096
0.01391 1.69131 0.96906
0.01339 1.65140 0.94619
0.01702 2.05111 1.17522
0.01291 1.54252 0.88381
0.01340 1.61866 0.92744
0.01124 1.33440 0.76456
0.00957 1.13093 0.64798
0.01245 1.47841 0.84708
0.01363 1.59346 0.91299
0.01705 1.99817 1.14489
0.01284 1.48561 0.85120
0.01436 1.65968 0.95094
0.01652 1.92482 1.10286
0.01707 1.96632 1.12664
0.02803 3.21094 1.83981
0.02024 2.34385 1.34296
0.01367 1.55486 0.89088
0.01781 2.02349 1.15939
0.01590 1.81089 1.03758
0.01414 1.59456 0.91363
0.01965 2.25387 1.29140
0.01378 1.56062 0.89418
0.01755 1.98591 1.13786
0.02380 2.75256 1.57715
0.01085 1.24069 0.71087
0.01389 1.59484 0.91379
0.02338 2.74202 1.57111
0.01679 1.93427 1.10827
0.02321 2.70271 1.54859
0.01056 1.21026 0.69343
0.00980 1.11985 0.64163
0.02116 2.43465 1.39499
0.00954 1.08790 0.62332
0.00729 0.82565 0.47306
0.01628 1.84126 1.05498
0.01569 1.74792 1.00150
0.01633 1.83993 1.05422
0.00835 0.92729 0.53130
0.01276 1.41256 0.80934
0.01621 1.81085 1.03755
0.00755 0.82926 0.47513
0.00670 0.73224 0.41955
0.01804 1.98329 1.13636
0.00673 0.72723 0.41667
0.02304 2.49708 1.43076
0.01061 1.13334 0.64936
0.00447 0.47530 0.27233
0.02614 2.77708 1.59120
0.00926 0.97196 0.55690
0.01225 1.27460 0.73030
0.02547 2.66283 1.52574
0.01128 1.16105 0.66523
0.02328 2.39702 1.37342
0.01209 1.22990 0.70468
0.01396 1.41114 0.80853
0.02559 2.59702 1.48803
0.00836 0.83584 0.47890
0.01365 1.35776 0.77794
0.01915 1.89352 1.08492
0.00777 0.75956 0.43520
0.00603 0.58935 0.33767
0.02516 2.44584 1.40140
0.00461 0.44457 0.25472
0.02495 2.40487 1.37792
0.00708 0.67546 0.38701
0.01292 1.23175 0.70575
0.01685 1.58528 0.90831
0.01581 1.48617 0.85152
0.00631 0.59201 0.33920
0.02020 1.88422 1.07960
0.01231 1.13857 0.65235
0.02017 1.84855 1.05916
0.00937 0.86139 0.49354
0.01748 1.59693 0.91499
0.02454 2.22757 1.27633
0.01238 1.11814 0.64065
0.01261 1.13365 0.64953
0.01772 1.58411 0.90764
0.01754 1.56534 0.89688
0.01788 1.59165 0.91196
0.01607 1.42158 0.81451
0.01119 0.98473 0.56421
0.02547 2.22995 1.27769
0.01538 1.34128 0.76850
0.01364 1.18170 0.67707
0.01477 1.27174 0.72866
0.01287 1.10020 0.63037
0.01190 1.01434 0.58118
0.01689 1.42279 0.81520
0.00768 0.65310 0.37420
0.01197 1.00834 0.57774
0.01503 1.19312 0.68361
0.01514 1.33207 0.76322
0.01010 0.83700 0.47957
0.01400 1.15061 0.65926
0.01291 1.05378 0.60377
0.01279 1.03976 0.59574
0.00944 0.76510 0.43837
0.01369 1.10433 0.63274
0.01359 1.09076 0.62496
0.01603 1.28251 0.73483
0.00787 0.62733 0.35943
0.01386 1.09478 0.62727
0.02322 1.81934 1.04242
0.01448 1.13407 0.64978
0.02721 2.12020 1.21481
0.01280 0.99181 0.56826
0.01098 0.84651 0.48502
0.01453 1.10757 0.63459
0.01460 1.10053 0.63056
0.01233 0.93027 0.53301
0.01106 0.83093 0.47609
0.01206 0.90071 0.51607
0.01194 0.88648 0.50792
0.01953 1.43945 0.82475
0.01572 1.15501 0.66178
0.00992 0.72526 0.41555
0.01235 0.89823 0.51465
0.01432 1.03716 0.59425
0.01140 0.82069 0.47022
0.01140 0.81769 0.46850
0.01434 1.02587 0.58778
0.01207 0.86114 0.49340
0.00638 0.45462 0.26048
0.02019 1.43103 0.81993
0.01598 1.13515 0.65040
0.01394 0.98695 0.56548
0.00904 0.64114 0.36735
0.01846 1.30738 0.74908
0.01336 0.94606 0.54205
0.01570 1.11188 0.63706
0.01764 1.25056 0.71652
0.01691 1.20091 0.68807
0.01431 1.01379 0.58086
0.01990 1.40982 0.80778
0.01066 0.75776 0.43417
0.01181 0.83633 0.47918
0.02467 1.74168 0.99792
0.01327 0.94351 0.54059
0.01187 0.84624 0.48486
0.02243 1.60475 0.91947
0.01721 1.23441 0.70727
0.01746 1.25543 0.71931
0.01746 1.25098 0.71677
0.02259 1.62185 0.92926
0.01481 1.06647 0.61104
0.02036 1.46795 0.84108
0.01905 1.37801 0.78955
0.01444 1.04120 0.59656
0.02332 1.69445 0.97086
0.01082 0.78624 0.45049
0.01727 1.26128 0.72266
0.01578 1.15441 0.66143
0.02289 1.67572 0.96013
0.01333 0.98393 0.56375
0.02041 1.50947 0.86487
0.01183 0.87770 0.50289
0.01855 1.37853 0.78985
0.01523 1.13722 0.65158
0.02526 1.89489 1.08571
0.01788 1.35251 0.77494
0.01665 1.27943 0.73307
0.01594 1.23649 0.70846
0.02748 2.16308 1.23938
0.01307 1.04777 0.60033
0.02014 1.64218 0.94091
0.01674 1.38772 0.79511
0.01279 1.07280 0.61467
0.01956 1.67570 0.96012
0.01409 1.22811 0.70366
0.01291 1.14987 0.65883
0.01878 1.70299 0.97575
0.01344 1.23772 0.70917
0.01108 1.03619 0.59370
0.02029 1.91052 1.09466
0.00872 0.82989 0.47549
0.02503 2.40874 1.38014
0.00881 0.85264 0.48853
0.01130 1.10853 0.63515
0.02421 2.38855 1.36857
0.01523 1.51294 0.86686
0.02534 2.50755 1.43676
0.01777 1.76019 1.00853
0.02449 2.41542 1.38396
0.02503 2.47909 1.42045
0.02270 2.24163 1.28439
0.00866 0.85550 0.49017
0.03104 3.09779 1.77497
0.00596 0.59586 0.34140
0.00610 0.60755 0.34810
0.02295 2.28482 1.30913
0.01395 1.37930 0.79029
0.02138 2.13192 1.22152
0.00730 0.72136 0.41331
0.00076 0.07433 0.04259
0.02092 2.05451 1.17717
0.00363 0.35079 0.20099
0.00666 0.63841 0.36578
0.02281 2.19533 1.25786
0.00593 0.56156 0.32175
0.00225 0.21229 0.12163
0.03435 3.27998 1.87937
0.01398 1.31162 0.75151
0.03434 3.24894 1.86159
0.00888 0.82481 0.47258
0.00401 0.37085 0.21248
0.01772 1.63787 0.93844
0.01503 1.36594 0.78263
0.00713 0.64636 0.37034
0.02283 2.09329 1.19939
0.00819 0.73936 0.42362
0.02045 1.85105 1.06059
0.01986 1.76640 1.01208
0.01513 1.33825 0.76676
0.02078 1.85763 1.06436
0.01071 0.93789 0.53737
0.01255 1.10191 0.63135
0.02127 1.87805 1.07606
0.00671 0.58540 0.33541
0.01891 1.66101 0.95170
0.01297 1.12025 0.64186
0.01654 1.42815 0.81828
0.02324 2.01288 1.15332
0.01436 1.23176 0.70575
0.01951 1.67628 0.96045
0.01728 1.47455 0.84486
0.01489 1.26749 0.72622
0.01467 1.24310 0.71225
0.02301 1.94268 1.11309
0.01851 1.57548 0.90269
0.01458 1.24128 0.71121
0.01657 1.41668 0.81171
0.01441 1.23002 0.70476
0.01752 1.49964 0.85924
0.01949 1.67518 0.95982
0.01729 1.48846 0.85283
0.01350 1.16941 0.67003
0.01288 1.11934 0.64134
0.01159 1.02149 0.58527
0.00611 0.54272 0.31096
0.01309 1.17765 0.67475
0.01171 1.06149 0.60819
0.01156 1.07016 0.61316
0.01689 1.59409 0.91336
0.01704 1.62782 0.93268
0.00966 0.94448 0.54115
0.01458 1.43932 0.82467
0.01145 1.15226 0.66020
0.01940 2.00481 1.14869
0.01295 1.35103 0.77409
0.02108 2.25209 1.29038
0.01604 1.76096 1.00897
0.02208 2.48182 1.42202
0.01445 1.69949 0.97375
0.01349 1.59794 0.91556
0.01668 2.04381 1.17104
0.01323 1.62036 0.92841
0.02713 3.34555 1.91695
0.01508 1.94332 1.11346
0.00726 0.92298 0.52883
0.03351 4.48859 2.57199
0.00395 0.52388 0.30016
0.01182 1.55795 0.89265
0.03012 4.19922 2.40615
0.00666 0.88244 0.50560
0.03752 5.24231 3.00397
0.00293 0.38650 0.22145
0.00347 0.45620 0.26138
0.03502 4.81796 2.76075
0.02601 3.48707 1.99804
0.04061 5.69540 3.26366
0.03081 4.20704 2.41063
0.00692 0.95099 0.54488
0.05357 7.50902 4.30336
0.00812 1.10728 0.63443
0.03742 5.19909 2.97920
0.02158 2.95466 1.69296
0.02546 3.47402 1.99056
0.03638 4.99226 2.86065
0.02910 3.96618 2.27260
0.02982 4.04591 2.31829
0.03482 4.70683 2.69706
0.02629 3.53561 2.02586
0.03613 4.82145 2.76275
0.02791 3.72338 2.13346
0.01334 1.77470 1.01684
0.04180 5.56588 3.18943
0.01083 1.43843 0.82417
0.03905 5.22830 2.99594
0.01144 1.52579 0.87422
0.02656 3.53054 2.02296
0.04946 6.53436 3.74458
0.02623 3.47585 1.99162
0.04613 6.10118 3.49626
0.01518 2.03883 1.16818
0.01809 2.45795 1.40834
0.05526 7.41372 4.24872
0.02165 2.99466 1.71588
0.05541 7.58033 4.34425
0.02325 3.31805 1.90119
0.01867 2.70395 1.54930
0.03796 5.44464 3.11994
0.00657 0.96057 0.55037
0.00783 1.14112 0.65381
0.01060 1.51938 0.87055
0.00911 1.31961 0.75608
0.01405 2.00166 1.14688
0.00875 1.26170 0.72291
0.01430 2.07016 1.18614
0.01739 2.44890 1.40315
0.01124 1.61513 0.92541
0.00553 0.79911 0.45786
0.01947 2.72727 1.56266
0.00929 1.34428 0.77022
0.02471 3.38922 1.94197
0.01090 1.54157 0.88326
0.00605 0.85745 0.49129
0.02343 3.19898 1.83296
0.00747 1.05037 0.60182
0.01036 1.43259 0.82082
0.03593 4.76225 2.72883
0.00572 0.77582 0.44452
0.01950 2.55861 1.46602
0.01115 1.48218 0.84923
0.01309 1.71675 0.98364
0.03196 4.09535 2.34663
0.01582 2.02002 1.15741
0.01756 2.20990 1.26621
0.01782 2.20856 1.26544
0.01745 2.14803 1.23075
0.01957 2.36490 1.35502
0.01824 2.17635 1.24698
0.02033 2.40128 1.37587
0.02624 3.05831 1.75235
0.02163 2.50017 1.43253
0.01817 2.08837 1.19657
0.02581 2.89798 1.66048
0.01312 1.45991 0.83647
0.02321 2.55873 1.46609
0.02107 2.30374 1.31998
0.01096 1.18804 0.68070
0.02084 2.22864 1.27694
0.02519 2.66693 1.52808
0.03424 3.57707 2.04962
0.01423 1.48504 0.85087
0.01063 1.09393 0.62678
0.01634 1.66728 0.95529
0.01163 1.18005 0.67612
0.01535 1.54341 0.88432
0.01475 1.47136 0.84303
0.00965 0.96194 0.55115
0.01256 1.24768 0.71487
0.00805 0.79783 0.45712
0.00984 0.97135 0.55654
0.04164 4.11026 2.35517
0.02952 2.90933 1.66698
0.04680 4.57907 2.62384
0.01926 1.88320 1.07901
0.02503 2.45991 1.40946
0.01806 1.77455 1.01676
0.01748 1.71425 0.98220
0.01532 1.50109 0.86007
0.01896 1.85843 1.06482
0.01649 1.61704 0.92651
0.01747 1.71949 0.98521
0.01588 1.55865 0.89305
0.01561 1.53755 0.88096
0.02132 2.08798 1.19635
0.02050 2.01629 1.15527
0.00875 0.86161 0.49367
0.01701 1.66630 0.95473
0.00783 0.77474 0.44389
0.01058 1.05055 0.60192
0.01578 1.56441 0.89635
0.01372 1.36228 0.78053
0.02038 2.02543 1.16050
0.02078 2.05645 1.17828
0.01619 1.60668 0.92057
0.01811 1.80653 1.03508
0.01370 1.35811 0.77815
0.01495 1.49095 0.85426
0.02214 2.19424 1.25723
0.01372 1.36633 0.78285
0.02008 2.00762 1.15030
0.01959 1.94802 1.11615
0.02125 2.12393 1.21694
0.01569 1.55868 0.89307
0.01953 1.94235 1.11290
0.02296 2.26640 1.29858
0.02387 2.39684 1.37332
0.01351 1.35065 0.77387
0.01763 1.76208 1.00961
0.01940 1.93447 1.10839
0.01750 1.74684 1.00088
0.02654 2.63645 1.51062
0.02297 2.28027 1.30653
0.02035 2.02724 1.16155
0.02040 2.03553 1.16629
0.01330 1.32753 0.76062
0.02039 2.03452 1.16571
0.01245 1.24715 0.71457
0.01219 1.22619 0.70256
0.01618 1.63001 0.93394
0.01500 1.51585 0.86853
0.01430 1.44935 0.83042
0.01625 1.65068 0.94578
0.01860 1.89444 1.08545
0.01301 1.33357 0.76409
0.01463 1.49506 0.85662
0.01849 1.89733 1.08711
0.01550 1.60040 0.91697
0.02103 2.14936 1.23152
0.02152 2.31008 1.32361
0.03610 3.82657 2.19260
0.02403 2.58268 1.47981
0.03980 4.32432 2.47784
0.02867 3.17078 1.81680
0.03228 3.65251 2.09285
0.01669 1.93114 1.10648
0.01296 1.55500 0.89096
0.02569 3.18174 1.82308
0.01636 2.06600 1.18375
0.03303 4.32902 2.48054
0.02132 2.88376 1.65233
0.02529 3.52353 2.01894
0.01929 2.75504 1.57857
0.02732 3.93133 2.25263
0.02828 4.05781 2.32512
0.03876 5.58398 3.19980
0.03037 4.44263 2.54565
0.04190 6.22424 3.56680
0.02946 4.39430 2.51795
0.03153 4.75972 2.72737
0.02051 3.12701 1.79172
0.02771 4.16247 2.38509
0.01478 2.31002 1.32357
0.03442 5.25503 3.01126
0.01335 2.13327 1.22230
0.04065 6.17960 3.54121
0.01684 2.70227 1.54833
0.01211 1.96457 1.12563
0.04311 6.55597 3.75697
0.01923 3.11289 1.78362
0.03980 5.97591 3.42446
0.02644 4.17896 2.39454
0.03265 5.09748 2.92096
0.04090 5.97767 3.42546
0.03560 5.51122 3.15809
0.03659 5.27954 3.02531
0.03604 5.46742 3.13299
0.02451 3.73005 2.13729
0.02597 3.70072 2.12048
0.02690 4.00747 2.29627
0.02988 4.22825 2.42279
0.03441 4.94986 2.83635
0.02768 3.90955 2.24015
0.02793 3.78082 2.16638
0.02574 3.49502 2.00260
0.02236 2.96148 1.69687
0.01892 2.46012 1.40958
0.01834 2.35874 1.35149
0.02493 3.09251 1.77195
0.02317 2.87159 1.64536
0.02146 2.58734 1.48248
0.03091 3.66655 2.10090
0.02306 2.67772 1.53427
0.01998 2.27916 1.30589
0.02399 2.68707 1.53962
0.02787 3.06272 1.75488
0.03497 3.79343 2.17361
0.02620 2.79862 1.60355
0.03290 3.49568 2.00298
0.03533 3.68611 2.11210
0.03882 4.00194 2.29309
0.02143 2.19443 1.25734
0.03589 3.61579 2.07181
0.02199 2.20305 1.26228
0.02113 2.09965 1.20303
0.01825 1.79221 1.02687
0.03770 3.66564 2.10037
0.01603 1.55213 0.88931
0.02517 2.41672 1.38471
0.01416 1.36178 0.78025
0.01924 1.82991 1.04848
0.01012 0.96542 0.55315
0.01137 1.07953 0.61853
0.01383 1.31093 0.75112
0.02069 1.94948 1.11699
0.01014 0.95697 0.54830
0.01554 1.46603 0.83998
0.01605 1.50453 0.86204
0.01662 1.55388 0.89032
0.02418 2.26284 1.29654
0.00947 0.89069 0.51033
0.01948 1.81608 1.04055
0.01374 1.29768 0.74352
0.02080 1.94765 1.11594
0.00771 0.71836 0.41159
0.00734 0.68754 0.39393
0.01247 1.16360 0.66670
0.01462 1.36899 0.78438
0.02238 2.10354 1.20526
0.01105 1.02760 0.58877
0.01211 1.12753 0.64603
0.01169 1.08388 0.62102
0.01419 1.30555 0.74803
0.01471 1.35519 0.77647
0.01347 1.22964 0.70454
0.01583 1.44194 0.82618
0.01834 1.65483 0.94816
0.01419 1.27704 0.73170
0.01111 0.99611 0.57073
0.00965 0.86268 0.49428
0.01461 1.30318 0.74667
0.01853 1.64761 0.94402
0.02179 1.92538 1.10318
0.02281 2.00703 1.14996
0.01708 1.49627 0.85731
0.01617 1.41080 0.80834
0.02330 2.00902 1.15110
0.01870 1.61653 0.92621
0.02291 1.96866 1.12798
0.01994 1.70642 0.97772
0.02531 2.14720 1.23028
0.03429 2.89057 1.65623
0.02439 2.04266 1.17038
0.03896 3.24271 1.85802
0.03596 2.99635 1.71685
0.03367 2.77984 1.59278
0.03343 2.74709 1.57402
0.02263 1.84550 1.05741
0.03511 2.85920 1.63826
0.02791 2.26008 1.29496
0.03361 2.69827 1.54604
0.03969 3.16037 1.81083
0.03615 2.87765 1.64883
0.02947 2.34215 1.34198
0.02566 2.03416 1.16551
0.03940 3.10366 1.77834
0.01408 1.10566 0.63350
0.04009 3.13024 1.79357
0.02749 2.13726 1.22458
0.02518 1.96255 1.12448
0.01110 0.86147 0.49359
0.02733 2.10487 1.20603
0.03431 2.62818 1.50588
0.01901 1.45783 0.83528
0.04914 3.76502 2.15732
0.01867 1.44226 0.82636
0.01272 0.97831 0.56053
0.02061 1.58093 0.90582
0.02196 1.67624 0.96042
0.02216 1.67839 0.96166
0.03030 2.29083 1.31258
0.02196 1.65260 0.94688
0.03117 2.34162 1.34168
0.02178 1.63926 0.93924
0.02713 2.03565 1.16636
0.02704 2.00965 1.15147
0.02091 1.54936 0.88773
0.02803 2.06576 1.18362
0.03561 2.61547 1.49860
0.03680 2.69469 1.54399
0.02620 1.92209 1.10129
0.03331 2.43744 1.39658
0.02210 1.61444 0.92502
0.01825 1.33542 0.76515
0.01925 1.40001 0.80215
0.01959 1.42529 0.81664
0.01899 1.37597 0.78838
0.02176 1.57688 0.90350
0.01740 1.25962 0.72171
0.01992 1.42536 0.81668
0.02428 1.73913 0.99646
0.02820 2.01083 1.15214
0.02558 1.81685 1.04099
0.03377 2.38057 1.36400
0.03278 2.30133 1.31859
0.04328 3.01505 1.72756
0.03526 2.45891 1.40889
0.04480 3.11321 1.78381
0.04903 3.39246 1.94383
0.05485 3.79345 2.17361
0.03275 2.26728 1.29908
0.04731 3.25349 1.86419
0.05843 4.00809 2.29662
0.02752 1.88152 1.07805
0.04993 3.38807 1.94132
0.05149 3.50242 2.00684
0.04837 3.26823 1.87264
0.02928 1.99847 1.14506
0.03910 2.64881 1.51770
0.04186 2.84027 1.62741
0.03630 2.45619 1.40733
0.03798 2.56851 1.47169
0.02400 1.63147 0.93478
0.03561 2.40840 1.37994
0.03073 2.08624 1.19535
0.02737 1.85022 1.06012
0.03887 2.63037 1.50713
0.02809 1.90648 1.09235
0.03270 2.20483 1.26330
0.03129 2.12339 1.21663
0.03168 2.15980 1.23750
0.02945 2.00328 1.14781
0.03089 2.10562 1.20645
0.03235 2.19863 1.25975
0.03622 2.46415 1.41189
0.02495 1.70670 0.97788
0.03042 2.07808 1.19067
0.02445 1.66828 0.95587
0.03612 2.46114 1.41016
0.02991 2.03575 1.16642
0.03091 2.10795 1.20779
0.02740 1.86676 1.06959
0.01950 1.33156 0.76294
0.03466 2.37209 1.35914
0.01893 1.30040 0.74508
0.02089 1.42988 0.81927
0.02349 1.61283 0.92409
0.04036 2.77354 1.58917
0.02312 1.58807 0.90991
0.04004 2.74584 1.57330
0.02558 1.75458 1.00531
0.02921 2.00614 1.14945
0.02984 2.04143 1.16967
0.03220 2.22452 1.27458
0.02535 1.74926 1.00226
0.04874 3.34586 1.91712
0.03142 2.15568 1.23513
0.02705 1.85662 1.06378
0.03081 2.13888 1.22551
0.03219 2.23252 1.27917
0.02089 1.44856 0.82997
0.02378 1.64347 0.94165
0.01555 1.07766 0.61745
0.01530 1.05769 0.60601
0.01102 0.76422 0.43787
0.01620 1.12212 0.64293
0.01033 0.71875 0.41182
0.01266 0.87683 0.50239
0.01986 1.37265 0.78648
0.02433 1.67827 0.96159
0.02155 1.48803 0.85259
0.01620 1.11865 0.64095
0.02904 1.99554 1.14338
0.02075 1.42832 0.81838
0.02285 1.57109 0.90018
0.02447 1.68302 0.96431
0.02293 1.57515 0.90250
0.02915 2.00621 1.14949
0.02023 1.39384 0.79862
0.02131 1.46544 0.83964
0.02622 1.80978 1.03694
0.02225 1.52488 0.87370
0.02852 1.96730 1.12720
0.01594 1.10063 0.63062
0.01135 0.78658 0.45068
0.01505 1.03824 0.59487
0.01619 1.11886 0.64106
0.01096 0.75608 0.43320
0.02382 1.63279 0.93553
0.01775 1.21955 0.69876
0.02295 1.57111 0.90019
0.01858 1.28348 0.73538
0.01686 1.16908 0.66984
0.02862 1.98713 1.13856
0.01285 0.89065 0.51031
0.02209 1.53405 0.87896
0.02023 1.40883 0.80721
0.02301 1.60848 0.92160
0.02199 1.53407 0.87896
0.01755 1.23017 0.70484
0.01680 1.17077 0.67080
0.02486 1.73904 0.99641
0.01862 1.30630 0.74846
0.03984 2.78879 1.59791
0.02754 1.92642 1.10378
0.03666 2.56480 1.46956
0.01954 1.37187 0.78603
0.03526 2.46733 1.41371
0.02317 1.61477 0.92521
0.03662 2.56078 1.46726
0.02709 1.89073 1.08332
0.04563 3.19475 1.83054
0.01695 1.18988 0.68175
0.02880 2.02857 1.16231
0.01899 1.33888 0.76713
0.01327 0.93627 0.53644
0.02297 1.61424 0.92490
0.01163 0.81929 0.46942
0.00983 0.69300 0.39706
0.01983 1.39151 0.79728
0.02370 1.65982 0.95102
0.02170 1.51464 0.86784
0.03755 2.62011 1.50126
0.01935 1.35189 0.77458
0.01940 1.35805 0.77811
0.02388 1.66582 0.95445
0.02937 2.04124 1.16957
0.02136 1.48989 0.85365
0.02385 1.66447 0.95368
0.02357 1.64058 0.93999
0.01608 1.12620 0.64527
0.01506 1.04802 0.60047
0.01599 1.11209 0.63719
0.01479 1.02769 0.58882
0.01293 0.89370 0.51205
0.01630 1.12787 0.64622
0.01071 0.74154 0.42487
0.01287 0.88723 0.50835
0.01696 1.16413 0.66700
0.02750 1.88320 1.07901
0.01303 0.89454 0.51254
0.03916 2.67875 1.53485
0.02160 1.48149 0.84884
0.01797 1.22621 0.70257
0.02684 1.82993 1.04849
0.02113 1.44439 0.82758
0.03009 2.06230 1.18163
0.02882 1.97163 1.12968
0.02261 1.53910 0.88185
0.02659 1.81119 1.03775
0.02239 1.52019 0.87101
0.02288 1.55403 0.89040
0.02352 1.60221 0.91801
0.02152 1.45930 0.83613
0.02082 1.41241 0.80926
0.01732 1.17236 0.67172
0.01943 1.31395 0.75284
0.01711 1.15912 0.66413
0.01354 0.91390 0.52363
0.01432 0.96093 0.55058
0.02246 1.50442 0.86198
0.01918 1.28040 0.73362
0.02337 1.55140 0.88890
0.01834 1.22377 0.70117
0.01897 1.26986 0.72758
0.01125 0.75201 0.43087
0.00747 0.49658 0.28452
0.00436 0.28784 0.16492
0.03118 2.06900 1.18547
0.02090 1.40311 0.80393
0.00846 0.57075 0.32702
0.01390 0.93078 0.53330
0.02644 1.76102 1.00900
0.01564 1.04644 0.59957
0.02288 1.53111 0.87727
0.02000 1.34175 0.76877
0.01938 1.29093 0.73966
0.03219 2.13463 1.22308
0.03770 2.49845 1.43155
0.02476 1.64999 0.94539
0.02313 1.54348 0.88436
0.01998 1.34152 0.76864
0.02203 1.47803 0.84685
0.03215 2.15544 1.23500
0.02832 1.89504 1.08579
0.03088 2.06861 1.18525
0.03433 2.30973 1.32341
0.04354 2.91466 1.67004
0.04000 2.69077 1.54174
0.02880 1.93689 1.10978
0.03271 2.19918 1.26006
0.02837 1.90855 1.09353
0.02907 1.95622 1.12085
0.03503 2.35547 1.34962
0.02679 1.80446 1.03389
0.01831 1.23714 0.70883
0.02018 1.36044 0.77948
0.02744 1.84308 1.05602
0.03338 2.24821 1.28815
0.02016 1.36125 0.77995
0.03251 2.17179 1.24437
0.03471 2.32475 1.33201
0.03338 2.22605 1.27546
0.02709 1.81756 1.04140
0.05216 3.45835 1.98159
0.03407 2.27916 1.30589
0.04293 2.84885 1.63232
0.02984 1.99607 1.14368
0.03539 2.36629 1.35582
0.03600 2.41584 1.38421
0.03230 2.17323 1.24519
0.02795 1.87969 1.07700
0.04471 2.98945 1.71289
0.03149 2.10078 1.20368
0.03393 2.27600 1.30408
0.04614 3.09476 1.77324
0.02282 1.53802 0.88123
0.03168 2.14140 1.22696
0.01584 1.07229 0.61438
0.03659 2.47553 1.41841
0.01357 0.92552 0.53028
0.01664 1.13525 0.65045
0.01239 0.84578 0.48460
0.01935 1.31644 0.75427
0.01322 0.89083 0.51041
0.04173 2.84067 1.62764
0.03306 2.26513 1.29785
0.04567 3.18368 1.82419
0.02057 1.44521 0.82805
0.03226 2.27981 1.30626
0.02272 1.61880 0.92752
0.01363 0.98563 0.56473
0.00713 0.52335 0.29986
0.01297 0.96200 0.55119
0.01311 0.98394 0.56376
0.01629 1.23718 0.70885
0.01709 1.32364 0.75839
0.00741 0.58017 0.33242
0.03075 2.42112 1.38724
0.00848 0.68896 0.39475
0.01380 1.13809 0.65208
0.00717 0.59546 0.34117
0.02703 2.28768 1.31077
0.02731 2.38176 1.36468
0.00822 0.74466 0.42666
0.00887 0.82280 0.47143
0.01038 0.98699 0.56551
0.00924 0.90265 0.51718
0.00280 0.28475 0.16315
0.01472 1.55447 0.89065
0.00876 0.96357 0.55208
0.01723 1.94984 1.11719
0.01655 1.95521 1.12027
0.01169 1.43176 0.82034
0.01773 2.24610 1.28695
0.01481 1.94744 1.11582
0.02904 3.95341 2.26529
0.01777 2.51087 1.43866
0.02986 4.41488 2.52975
0.01126 1.73690 0.99518
0.01128 1.81659 1.04084
0.01423 2.36273 1.35378
0.01085 1.81204 1.03824
0.00973 1.65550 0.94854
0.01112 1.90955 1.09411
0.01424 2.49604 1.43016
0.00995 1.75931 1.00803
0.01965 3.58651 2.05503
0.01718 3.16773 1.81505
0.01606 3.00498 1.72179
0.01625 3.08951 1.77023
0.01974 3.89349 2.23095
0.01171 2.30512 1.32076
0.01792 3.52261 2.01841
0.01422 2.82125 1.61651
0.02133 4.19610 2.40437
0.01613 3.19273 1.82937
0.01291 2.54538 1.45843
0.01689 3.24722 1.86060
0.01438 2.76521 1.58440
0.02562 4.82653 2.76566
0.02553 4.74974 2.72165
0.03217 5.90571 3.38421
0.02818 5.09275 2.91825
0.03535 6.32336 3.62362
0.03364 5.95634 3.41324
0.02661 4.60513 2.63878
0.01923 3.29576 1.88842
0.01708 2.87878 1.64947
0.02273 3.73439 2.13977
0.02063 3.36244 1.92663
0.02996 4.76882 2.73259
0.01836 2.89547 1.65904
0.02527 3.86191 2.21285
0.01650 2.49858 1.43162
0.01060 1.57544 0.90267
0.01227 1.80188 1.03242
0.02570 3.69800 2.11892
0.02917 4.12936 2.36612
0.02454 3.41944 1.95929
0.01833 2.51393 1.44041
0.01497 2.03672 1.16698
0.01333 1.77934 1.01950
0.00902 1.19169 0.68279
0.01791 2.33098 1.33558
0.01248 1.61799 0.92705
0.01704 2.17512 1.24628
0.02076 2.61564 1.49870
0.02476 3.07660 1.76283
0.02083 2.55780 1.46555
0.02035 2.47329 1.41713
0.02198 2.64447 1.51521
0.01869 2.21110 1.26690
0.02146 2.51335 1.44008
0.01330 1.54867 0.88733
0.02377 2.74841 1.57477
0.02137 2.49014 1.42678
0.03214 3.77335 2.16210
0.02375 2.82008 1.61584
0.02301 2.74386 1.57217
0.01865 2.25013 1.28926
0.01995 2.42830 1.39135
0.01958 2.41383 1.38306
0.01910 2.38670 1.36751
0.02210 2.79546 1.60173
0.01459 1.87360 1.07351
0.02138 2.77819 1.59184
0.00748 0.97662 0.55956
0.01367 1.79128 1.02634
0.02328 3.09265 1.77203
0.01017 1.37799 0.78954
0.01381 1.89809 1.08754
0.00866 1.19407 0.68416
0.01185 1.64093 0.94020
0.01300 1.82041 1.04303
0.01624 2.28786 1.31088
0.01273 1.81886 1.04214
0.02452 3.50346 2.00744
0.02554 3.61698 2.07249
0.01525 2.13962 1.22594
0.00954 1.32815 0.76098
0.01700 2.35360 1.34855
0.01703 2.36564 1.35544
0.02654 3.67837 2.10767
0.00849 1.17851 0.67524
