0.01071 -0.01006 0.28861
0.00177 -0.01022 0.29307
0.00127 -0.00666 0.29886
-0.00755 -0.00246 0.30611
-0.01056 -0.00799 0.31544
-0.01002 -0.00512 0.32332
-0.02067 -0.00765 0.33726
-0.03265 -0.01036 0.35403
-0.03138 -0.00688 0.35880
-0.02435 -0.00219 0.37250
-0.02132 -0.00091 0.38515
-0.01705 -0.00289 0.39430
-0.01975 -0.00340 0.40221
-0.02167 -0.00855 0.41682
-0.01770 -0.00653 0.42843
-0.01767 -0.01252 0.44227
-0.00686 -0.00797 0.45305
-0.01443 -0.00540 0.46861
-0.02078 -0.00578 0.48169
-0.01627 -0.00951 0.50231
-0.01238 -0.00942 0.50463
-0.00711 -0.00150 0.52537
-0.01182 -0.02452 0.53535
-0.02870 -0.00033 0.54926
-0.02349 -0.00123 0.56010
-0.01643 -0.01411 0.56849
-0.01010 -0.00915 0.58074
-0.02158 -0.01021 0.58914
-0.02609 -0.01160 0.60623
-0.01668 -0.01178 0.61572
-0.01783 -0.01811 0.62977
-0.01728 -0.00873 0.64242
-0.01879 -0.01167 0.65602
-0.02149 -0.00680 0.66877
-0.01878 -0.00854 0.68308
-0.01985 -0.01515 0.71224
-0.01817 -0.00792 0.68990
-0.02060 -0.01202 0.71970
-0.02493 -0.00363 0.73640
-0.02414 -0.01227 0.74724
-0.01881 -0.00494 0.76197
-0.01937 -0.00812 0.77071
-0.02269 -0.00768 0.78786
-0.02021 -0.00100 0.79409
-0.01916 -0.00990 0.82189
-0.02641 -0.01747 0.80748
-0.02627 -0.01401 0.82798
-0.02626 -0.00949 0.83175
-0.02010 -0.01161 0.84317
-0.02164 -0.00163 0.85068
-0.02310 -0.00934 0.86392
-0.02160 -0.00823 0.87104
-0.02127 -0.00811 0.88806
-0.02225 -0.00868 0.89862
-0.02198 -0.02140 0.90799
-0.01769 -0.01514 0.91816
-0.02157 -0.00740 0.92847
-0.02233 -0.00531 0.94178
-0.02291 -0.01824 0.95445
-0.01993 -0.01613 0.96895
-0.01338 -0.01375 0.97439
-0.01997 -0.01268 1.00711
-0.02025 -0.01329 1.02434
-0.01999 -0.01036 1.03027
-0.02207 -0.01586 1.04302
-0.01832 -0.02267 1.05420
-0.01688 -0.01124 1.06390
-0.01395 -0.00915 1.06955
-0.01773 -0.02560 1.07105
-0.01915 -0.02010 1.06868
-0.02512 -0.02637 1.06720
-0.02236 -0.02015 1.06453
-0.02379 -0.01789 1.07592
-0.02648 -0.01065 1.07582
-0.02380 -0.01864 1.07881
-0.02711 -0.03605 1.07396
-0.02364 -0.03090 1.06542
-0.02056 -0.01060 1.06148
-0.02814 -0.02313 1.05820
-0.02202 -0.03268 1.06686
-0.01951 0.00144 1.07096
-0.02315 -0.02974 1.07602
-0.02181 -0.01996 1.07544
-0.02237 -0.02565 1.07527
-0.02680 -0.02430 1.07822
-0.02337 -0.02283 1.07308
-0.02125 -0.01722 1.08503
-0.02452 -0.02127 1.07305
-0.02285 -0.02129 1.08170
-0.02417 -0.02321 1.08441
-0.02260 -0.01888 1.09041
-0.02406 -0.02352 1.09199
-0.02510 -0.02276 1.09487
-0.02274 -0.01473 1.11215
-0.02688 -0.02195 1.10828
-0.02298 -0.00728 1.09548
-0.02511 -0.02243 1.11333
-0.02280 -0.02180 1.11574
-0.02210 -0.02143 1.12569
-0.02619 -0.01343 1.12970
-0.02305 -0.01863 1.14046
-0.02751 -0.01873 1.13925
-0.02536 -0.02290 1.14292
-0.02646 -0.02236 1.14587
-0.02283 -0.01811 1.15126
-0.02520 -0.01493 1.15832
-0.02633 -0.02058 1.16393
-0.02505 -0.02105 1.16888
-0.02632 -0.02486 1.16972
-0.02579 -0.02050 1.17000
-0.02226 -0.01620 1.18420
-0.02401 -0.02147 1.18993
-0.02113 -0.03425 1.19069
-0.01826 -0.02535 1.19360
-0.01596 -0.00786 1.20419
-0.02055 -0.01574 1.20154
-0.02269 -0.02769 1.20835
-0.02212 -0.01221 1.21691
-0.03051 -0.02795 1.22193
-0.03117 -0.02757 1.22420
-0.03266 -0.01188 1.22601
-0.02971 -0.03411 1.22939
-0.03177 -0.01888 1.23449
-0.02697 -0.01521 1.23719
-0.02399 -0.02353 1.24328
-0.02799 -0.03021 1.24484
-0.02961 -0.02169 1.24750
-0.03312 -0.02042 1.25506
-0.03325 -0.03030 1.24963
-0.02987 -0.02102 1.26547
-0.02927 -0.01305 1.26796
-0.02743 -0.03008 1.27130
-0.02680 -0.02570 1.27245
-0.02267 -0.02184 1.27077
-0.02174 -0.02825 1.27450
-0.02633 -0.02253 1.27368
-0.02747 -0.02446 1.27692
-0.02274 -0.02380 1.26617
-0.01884 -0.02479 1.27223
-0.01226 -0.02978 1.31173
-0.01633 -0.02487 1.21789
-0.01664 -0.01809 1.25454
-0.01461 -0.02699 1.24967
-0.02100 -0.02478 1.24706
-0.01801 -0.02824 1.23584
-0.01042 -0.02186 1.21363
-0.00777 -0.02258 1.20276
-0.01490 -0.02570 1.19891
-0.01388 -0.03692 1.18788
-0.01384 -0.02645 1.17656
-0.01383 -0.03523 1.16275
-0.01134 -0.03408 1.15195
-0.01062 -0.02880 1.13948
-0.01387 -0.03137 1.13328
-0.01197 -0.03240 1.12689
-0.00542 -0.02457 1.12561
-0.00826 -0.02297 1.12095
-0.01074 -0.02786 1.11571
-0.00931 -0.02395 1.11275
-0.00863 -0.02457 1.10872
-0.00086 -0.03251 1.10071
-0.00543 -0.02088 1.09674
-0.00151 -0.02771 1.09306
-0.00265 -0.01837 1.09681
-0.00318 -0.02721 1.09622
-0.00475 -0.02212 1.09245
-0.00456 -0.02416 1.08650
-0.00249 -0.02707 1.08242
-0.00222 -0.03381 1.06442
-0.00300 -0.02802 1.05640
0.00177 -0.01644 1.05024
-0.00550 -0.02104 1.04225
0.00151 -0.02427 1.03518
0.00135 -0.02057 1.02092
-0.00053 -0.02762 1.01361
-0.00279 -0.02079 1.00339
-0.00559 -0.01781 0.99449
-0.00190 -0.02190 0.98822
-0.00273 -0.02107 0.97972
-0.00206 -0.02751 0.97037
-0.00369 -0.02021 0.96138
-0.00596 -0.02216 0.95285
-0.00463 -0.01287 0.94378
-0.00722 -0.02665 0.91913
-0.00731 -0.02756 0.91317
-0.00313 -0.01732 0.89012
-0.00515 -0.01676 0.88604
-0.00225 -0.02489 0.87541
0.00210 -0.02082 0.87581
-0.00501 -0.01629 0.86900
-0.00007 -0.02368 0.84230
0.00181 -0.02927 0.84622
0.00558 -0.00493 0.84207
0.00311 -0.02854 0.84452
0.00560 -0.01508 0.83858
0.00483 -0.01587 0.84061
0.00610 -0.01601 0.84079
0.00090 -0.01433 0.83796
0.00566 -0.01860 0.83552
0.00348 -0.01779 0.83819
-0.00064 -0.02209 0.85275
0.00283 -0.01390 0.82601
-0.00100 -0.01932 0.84478
0.00170 -0.01540 0.84767
0.00031 -0.02350 0.85614
-0.00347 -0.01600 0.85639
-0.00412 -0.00917 0.87178
-0.00204 -0.01666 0.88299
-0.00546 -0.02279 0.89732
-0.00595 -0.02302 0.89845
-0.00607 -0.00545 0.91115
-0.00742 -0.01765 0.92625
-0.00287 -0.01365 0.93862
-0.00177 -0.02103 0.94990
-0.00362 -0.01042 0.96167
-0.00475 -0.01360 0.97220
0.00028 -0.01750 0.98359
-0.00183 -0.02298 0.99489
0.00111 -0.02136 1.02493
0.00545 -0.00899 1.00002
-0.00038 -0.01671 1.03353
-0.00188 -0.02041 1.04513
0.00092 -0.01348 1.06011
0.00096 -0.02370 1.06138
0.00474 -0.00909 1.07833
0.00735 -0.01041 1.09292
0.00546 -0.02544 1.09861
0.00828 -0.02133 1.11732
0.00408 -0.03132 1.12988
0.00371 -0.02605 1.13790
0.00448 -0.02088 1.15250
0.00103 -0.01761 1.16339
0.00444 -0.01375 1.18045
0.00360 -0.03267 1.19843
0.00551 -0.02237 1.20374
-0.00037 -0.02451 1.22882
-0.00298 -0.02974 1.22318
0.00326 -0.01565 1.24037
-0.00607 -0.03187 1.24612
-0.00032 -0.02370 1.25399
-0.00483 -0.03058 1.27344
-0.00353 -0.03144 1.28366
-0.00031 -0.02510 1.28763
-0.00397 -0.02663 1.29847
-0.00269 -0.03328 1.31257
-0.00534 -0.01582 1.32355
-0.00372 -0.03432 1.33844
-0.00484 -0.01872 1.34409
-0.00462 -0.02486 1.36719
-0.00262 -0.03977 1.37736
0.00076 -0.02871 1.37796
0.00361 -0.01192 1.38734
-0.00424 -0.02490 1.39990
-0.00244 -0.03666 1.40768
-0.00532 -0.02130 1.42167
-0.00269 -0.03570 1.42469
0.00108 -0.01983 1.43890
-0.00297 -0.04809 1.44829
0.01126 -0.02158 1.44594
0.00458 -0.01920 1.47095
0.00172 -0.03456 1.46763
-0.00077 -0.02958 1.48733
-0.00178 -0.03818 1.48645
0.00316 -0.02289 1.48953
0.00117 -0.03543 1.50348
0.00070 -0.04365 1.50076
0.00388 -0.03166 1.50671
0.00450 -0.02602 1.50817
0.00374 -0.02251 1.51458
-0.00065 -0.04233 1.51892
-0.00109 -0.03124 1.52797
-0.00432 -0.03361 1.52684
-0.00064 -0.03079 1.52697
-0.00135 -0.03229 1.52995
-0.00091 -0.03479 1.53857
-0.00480 -0.02216 1.53730
-0.00668 -0.03010 1.54483
-0.00718 -0.03227 1.54051
-0.01015 -0.03353 1.53984
-0.01358 -0.03528 1.52665
-0.01015 -0.05110 1.51375
-0.00485 -0.04103 1.49835
-0.00968 -0.03339 1.48124
-0.00395 -0.04219 1.48331
0.00003 -0.03245 1.46711
-0.00060 -0.04114 1.45525
0.00040 -0.03399 1.44000
-0.00551 -0.04441 1.42443
-0.00023 -0.03299 1.41583
0.00097 -0.03797 1.39559
0.00104 -0.03704 1.38831
0.00363 -0.03752 1.37161
0.00369 -0.03270 1.35829
-0.00124 -0.04913 1.34791
-0.00303 -0.03740 1.33146
-0.00450 -0.03536 1.30570
-0.00475 -0.02379 1.29635
-0.01056 -0.04445 1.28880
-0.01083 -0.03744 1.27875
-0.00930 -0.02854 1.26444
-0.00897 -0.03862 1.25481
-0.00347 -0.01751 1.24700
-0.00432 -0.03513 1.23800
-0.00058 -0.02956 1.22582
-0.00967 -0.03613 1.21326
-0.00976 -0.02858 1.20284
-0.00313 -0.02207 1.19433
-0.00360 -0.03161 1.18840
-0.00600 -0.03072 1.19280
-0.00168 -0.03432 1.13903
-0.00646 -0.03876 1.14008
-0.00923 -0.02294 1.12500
-0.00995 -0.03587 1.11594
-0.01049 -0.04519 1.09960
-0.01164 -0.03384 1.08216
-0.01243 0.00720 1.07946
-0.01696 -0.02155 1.08044
-0.01399 -0.04123 1.07452
-0.01005 -0.02268 1.05669
-0.01754 -0.03469 1.04353
-0.01673 -0.02089 1.03501
-0.02266 -0.02816 1.02636
-0.02364 -0.02712 1.02426
-0.01913 -0.02718 1.01529
-0.02411 -0.02879 1.01061
-0.02316 -0.00768 1.00383
-0.02777 -0.01376 1.00780
-0.02430 -0.04436 1.00448
-0.01770 -0.01293 0.98893
-0.01961 -0.02511 0.98960
-0.01966 -0.02102 0.99058
-0.02544 -0.02114 0.98928
-0.02432 -0.01045 0.98720
-0.02406 -0.03761 0.98335
-0.01943 -0.01510 0.97559
-0.02310 -0.02946 0.97237
-0.02004 -0.01458 0.97214
-0.02559 -0.03339 0.97091
-0.02704 -0.00662 0.96761
-0.02467 -0.02149 0.96767
-0.02514 -0.01442 0.96610
-0.02678 -0.02536 0.96666
-0.02186 -0.01609 0.96234
-0.02435 -0.02731 0.95825
-0.02329 -0.01752 0.95673
-0.01858 -0.01986 0.95329
-0.02145 -0.01911 0.94974
-0.02072 -0.02299 0.94441
-0.02058 -0.01139 0.94233
-0.02175 -0.01561 0.94431
-0.02115 -0.03038 0.94796
-0.01893 -0.00993 0.95156
-0.01723 -0.01830 0.95772
-0.01645 -0.01196 0.96434
-0.01575 -0.02736 0.96938
-0.01289 -0.01654 0.97383
-0.01795 -0.01926 0.97831
-0.01280 -0.00829 0.98205
-0.01646 -0.02161 0.98704
-0.01638 -0.02454 0.98683
-0.02183 -0.01245 0.98888
-0.01908 -0.02910 0.98939
-0.02104 -0.00688 0.99226
-0.02382 -0.02679 0.99695
-0.01900 -0.01048 1.00043
-0.02289 -0.03761 0.98120
-0.01594 0.00110 0.98951
-0.02506 -0.02790 0.99008
-0.02338 -0.01100 0.99207
-0.02883 -0.03249 0.98722
-0.02528 -0.01965 0.99084
-0.02764 -0.02508 0.98911
-0.03011 -0.01223 0.98549
-0.02744 -0.01586 0.98919
-0.02469 -0.01422 0.98664
-0.02348 -0.01510 0.98886
-0.02216 -0.01468 0.98714
-0.02465 -0.01547 0.98538
-0.02573 -0.02395 0.98072
-0.02436 -0.02839 0.97992
-0.02372 -0.01771 0.97589
-0.02563 -0.01651 0.97142
-0.02295 -0.02431 0.96770
-0.02297 -0.00801 0.96030
-0.01932 -0.02993 0.96291
-0.02614 -0.02491 0.96498
-0.02255 -0.02021 0.94287
-0.02319 -0.00401 0.94870
-0.02719 -0.03497 0.94311
-0.02656 -0.02244 0.94824
-0.02008 -0.02198 0.93774
-0.02075 -0.02371 0.93820
-0.02044 -0.02537 0.93252
-0.02245 -0.01181 0.93605
-0.02012 -0.01546 0.93764
-0.02386 -0.01915 0.94076
-0.01881 -0.01801 0.94017
-0.02367 -0.01465 0.94423
-0.02059 -0.02837 0.95133
-0.01616 -0.00657 0.95889
-0.01791 -0.02423 0.95422
-0.01939 -0.02767 0.95427
-0.01943 -0.01773 0.95295
-0.01412 -0.01223 0.95602
-0.01998 -0.01622 0.96285
-0.01190 -0.02229 0.96135
-0.01055 -0.00784 0.96424
-0.02020 -0.03133 0.96409
-0.01596 -0.01684 0.97034
-0.01848 -0.02845 0.97142
-0.01152 -0.00350 0.96394
-0.01964 -0.02849 0.97352
-0.01624 -0.01860 0.97900
-0.01323 -0.01317 0.98590
-0.01776 -0.02549 0.98672
-0.01559 -0.02482 0.98560
-0.01586 -0.01544 0.98601
-0.01750 -0.01425 0.98398
-0.02120 -0.02700 0.98529
-0.01554 -0.01968 0.98360
-0.01850 -0.02040 0.97925
-0.01976 -0.01777 0.97913
-0.01960 -0.01671 0.97826
-0.02306 -0.03262 0.98415
-0.02428 -0.02980 0.97671
-0.01793 -0.01681 0.97700
-0.02774 -0.01837 0.97131
-0.03224 -0.02692 0.98552
-0.02155 -0.00595 0.96134
-0.02490 -0.03442 0.97853
-0.01895 -0.01297 0.97507
-0.02666 -0.01842 0.97226
-0.02378 -0.02715 0.98639
-0.03155 -0.02445 0.96950
-0.02759 -0.00823 1.00000
-0.03246 -0.02770 0.97155
-0.03659 -0.02244 0.99324
-0.02923 -0.02088 0.99655
-0.03095 -0.01806 1.00595
-0.03287 -0.02072 1.00976
-0.02867 -0.02844 1.01821
-0.02651 -0.02569 1.01575
-0.02423 -0.02689 1.02605
-0.02161 -0.00950 1.03233
-0.02705 -0.01665 1.03190
-0.02974 -0.03456 1.03947
-0.02817 -0.01390 1.04257
-0.03069 -0.03278 1.04879
-0.02342 -0.01451 1.05324
-0.03170 -0.02937 1.05823
-0.03042 -0.01442 1.05867
-0.02924 -0.02899 1.06630
-0.03279 -0.03023 1.06869
-0.03013 -0.03428 1.07327
-0.03001 -0.02322 1.07854
-0.02743 -0.01027 1.08305
-0.03078 -0.03757 1.09092
-0.03310 -0.02243 1.09123
-0.03280 -0.03180 1.09707
-0.03244 -0.01920 1.10076
-0.02677 -0.03439 1.10488
-0.01966 -0.02509 1.10576
-0.02638 -0.03108 1.10662
-0.02739 -0.01830 1.11272
-0.02515 -0.02950 1.12081
-0.01988 -0.02001 1.12841
-0.02428 -0.03501 1.12615
-0.02076 -0.03121 1.13120
-0.02010 -0.02927 1.13322
-0.02143 -0.02840 1.13627
-0.01957 -0.02993 1.13926
-0.02173 -0.02623 1.14361
-0.02149 -0.02632 1.14464
-0.02950 -0.03470 1.14046
-0.02519 -0.02909 1.14129
-0.02686 -0.02304 1.14045
-0.03656 -0.03648 1.14321
-0.03341 -0.03204 1.13759
-0.03230 -0.02561 1.13554
-0.03692 -0.02738 1.13334
-0.03428 -0.03564 1.13135
-0.03090 -0.03123 1.12493
-0.03069 -0.02909 1.12381
-0.03420 -0.02803 1.12407
-0.03848 -0.04019 1.11721
-0.03957 -0.03091 1.11574
-0.03596 -0.02803 1.11339
-0.03568 -0.02721 1.11177
-0.03136 -0.03549 1.10999
-0.02373 -0.02808 1.10888
-0.02459 -0.03496 1.10854
-0.01811 -0.02241 1.10770
-0.02104 -0.03086 1.10585
-0.01929 -0.03047 1.10312
-0.02285 -0.03295 1.09967
-0.02487 -0.03467 1.10309
-0.03039 -0.02783 1.09943
-0.02412 -0.02015 1.10126
-0.03063 -0.03355 1.10156
-0.03417 -0.04100 1.09709
-0.02172 -0.02326 1.08934
-0.02198 -0.04198 1.08630
-0.00939 -0.01148 1.08234
-0.02070 -0.04906 1.08042
-0.01015 -0.01884 1.07044
-0.01287 -0.02305 1.06068
-0.01502 -0.04030 1.04501
-0.00855 -0.02371 1.03192
-0.00713 -0.02933 1.01340
-0.00588 -0.02242 1.00396
-0.00603 -0.03873 0.98467
-0.00990 -0.03093 0.96759
-0.01381 -0.03107 0.95468
-0.01616 -0.02332 0.94855
-0.01739 -0.02676 0.94890
-0.02343 -0.02909 0.94602
-0.02412 -0.02924 0.93963
-0.02609 -0.02438 0.94009
-0.03063 -0.02839 0.93593
-0.03592 -0.02806 0.93085
-0.03155 -0.02727 0.92978
-0.03528 -0.02485 0.91815
-0.04170 -0.02703 0.92480
-0.04354 -0.02228 0.92047
-0.04418 -0.03088 0.90685
-0.05122 -0.02529 0.91875
-0.04981 -0.01859 0.92268
-0.05115 -0.02495 0.90914
-0.04864 -0.01821 0.92381
-0.05074 -0.02677 0.90772
-0.05013 -0.02421 0.92395
-0.04732 -0.01936 0.92624
-0.04523 -0.02803 0.91652
-0.03852 -0.01624 0.93200
-0.03665 -0.01042 0.94248
-0.03348 -0.02846 0.94631
-0.02535 -0.02776 0.94881
-0.02345 -0.01339 0.94990
-0.01964 -0.01578 0.96240
-0.01606 -0.01777 0.97374
-0.01401 -0.02094 0.98503
-0.00939 -0.01908 0.99124
-0.00782 -0.02764 0.99746
-0.00870 -0.01829 1.00833
-0.00923 -0.02134 1.01942
-0.00870 -0.00948 1.03218
-0.00960 -0.01321 1.04962
-0.02031 -0.01999 1.06041
-0.01777 -0.01840 1.07140
-0.01588 -0.02335 1.08074
-0.02211 -0.02041 1.08993
-0.02042 -0.02163 1.09593
-0.01900 -0.02538 1.10190
-0.01983 -0.01689 1.11112
-0.01939 -0.01967 1.11514
-0.02078 -0.01584 1.12248
-0.01782 -0.03056 1.12365
-0.02210 -0.02364 1.12101
-0.02137 -0.02702 1.12278
-0.02402 -0.02957 1.12096
-0.02345 -0.02426 1.12010
-0.02654 -0.02871 1.12252
-0.02463 -0.02591 1.12354
-0.02420 -0.03188 1.11961
-0.02585 -0.03212 1.11571
-0.02985 -0.02625 1.11046
-0.02437 -0.02962 1.10497
-0.02880 -0.03014 1.10577
-0.02648 -0.02900 1.10070
-0.02477 -0.02822 1.09631
-0.01583 -0.02379 1.09642
-0.02755 -0.04403 1.09142
-0.01439 -0.01845 1.09358
-0.01838 -0.01608 1.09745
-0.02701 -0.02328 1.10082
-0.00826 -0.01484 1.10152
-0.01777 -0.02857 1.10254
-0.02156 -0.01175 1.10567
-0.02372 -0.03378 1.10756
-0.01818 -0.03943 1.11046
-0.02079 -0.00752 1.10813
-0.00756 -0.02111 1.10791
-0.01340 -0.01347 1.11506
-0.01303 -0.03487 1.11580
-0.01464 -0.01855 1.11806
-0.01524 -0.03011 1.11802
-0.01662 -0.01773 1.12226
-0.01732 -0.02489 1.12464
-0.02237 -0.02498 1.12185
-0.01942 -0.02103 1.12040
-0.01964 -0.02673 1.11829
-0.01816 -0.02515 1.11365
-0.01184 -0.02702 1.11306
-0.01405 -0.02343 1.11411
-0.01310 -0.02369 1.10951
-0.01252 -0.02927 1.10741
-0.01635 -0.02653 1.10871
-0.01996 -0.03153 1.10467
-0.01313 -0.03196 1.09863
-0.01534 -0.02773 1.09186
-0.01138 -0.02220 1.08751
-0.01301 -0.03180 1.09142
-0.00597 -0.02921 1.08253
-0.01128 -0.02834 1.07882
-0.01315 -0.03325 1.07054
-0.00693 -0.01985 1.06275
-0.01513 -0.03877 1.06507
-0.00456 -0.01661 1.05541
-0.01263 -0.03338 1.04775
-0.01412 -0.01556 1.04494
-0.01528 -0.04608 1.04059
-0.01081 -0.00628 1.03639
-0.01699 -0.04494 1.02605
-0.01324 -0.01769 1.01972
-0.01530 -0.03665 1.01069
-0.01600 -0.01525 1.01233
-0.01407 -0.03509 1.00630
-0.01427 -0.02227 0.99857
-0.01586 -0.02902 0.99163
-0.01275 -0.02522 0.98792
-0.01465 -0.02878 0.98622
-0.01608 -0.02353 0.98157
-0.01284 -0.02684 0.97484
-0.01487 -0.02576 0.97113
-0.01441 -0.02142 0.96381
-0.01496 -0.02993 0.96462
-0.01481 -0.02764 0.95909
-0.01787 -0.03115 0.96005
-0.01383 -0.02836 0.95331
-0.01450 -0.02522 0.94211
-0.01344 -0.02670 0.94475
-0.01608 -0.02785 0.93830
-0.01371 -0.02691 0.93323
-0.01135 -0.01931 0.92552
-0.01240 -0.02903 0.91477
-0.00877 -0.02908 0.90821
-0.00390 -0.02798 0.89721
-0.00448 -0.02172 0.88604
-0.00940 -0.02567 0.87699
-0.00537 -0.02309 0.85938
-0.00846 -0.02840 0.84576
-0.00687 -0.02610 0.83072
-0.00973 -0.02539 0.81897
-0.00998 -0.02778 0.81126
-0.00747 -0.02784 0.80569
-0.00391 -0.02663 0.80115
-0.00230 -0.02188 0.79799
-0.01076 -0.02663 0.79553
-0.00337 -0.02438 0.79348
0.00054 -0.02640 0.79559
-0.00112 -0.01378 0.79398
0.00131 -0.01413 0.79227
0.00091 -0.02579 0.80070
0.01027 -0.03861 0.78381
0.01077 -0.02031 0.79094
0.00740 -0.01944 0.79294
0.01579 -0.00645 0.77871
0.01990 -0.02491 0.79262
0.01994 -0.01628 0.77392
0.02212 -0.03736 0.79470
0.02205 -0.01858 0.79221
0.02068 -0.02354 0.77595
0.01989 -0.01654 0.79619
0.01965 -0.02259 0.79647
0.02139 -0.02249 0.78537
0.02341 -0.02158 0.80339
0.02021 -0.02391 0.79036
0.02229 -0.01821 0.80962
0.02128 -0.02809 0.81500
0.01899 -0.01867 0.80428
0.02061 -0.02983 0.82156
0.01693 -0.01350 0.81076
0.01535 -0.02983 0.82918
0.00959 -0.01869 0.83642
0.00958 -0.02468 0.82768
0.01158 -0.02415 0.84165
0.01267 -0.01971 0.84619
0.01265 -0.02533 0.84181
0.00878 -0.01939 0.85519
0.01208 -0.02257 0.85314
0.01396 -0.01927 0.86409
0.00893 -0.03305 0.86428
0.01161 -0.02926 0.85752
0.01271 -0.00713 0.86808
0.00663 -0.04297 0.87202
0.00148 -0.01057 0.86340
0.00654 -0.01828 0.87918
0.01242 -0.03047 0.87977
0.01760 -0.02767 0.87723
0.01441 -0.02499 0.88600
0.01857 -0.01898 0.87132
0.01972 -0.02616 0.88221
0.01780 -0.03237 0.88285
0.02034 -0.02336 0.86418
0.02343 -0.01997 0.87406
0.02126 -0.02791 0.87012
0.01727 -0.02462 0.85216
0.01447 -0.03407 0.86730
0.01162 -0.02058 0.85828
0.01796 -0.01926 0.87213
0.01250 -0.02376 0.87476
0.00726 -0.03818 0.86836
0.01068 -0.01928 0.87630
0.01525 -0.01582 0.88265
0.01384 -0.01005 0.88416
0.00850 -0.03430 0.89670
0.01263 -0.02245 0.88705
0.01451 -0.02558 0.90003
0.01663 -0.03337 0.90233
0.02068 -0.02245 0.89460
0.01796 -0.02252 0.90971
0.02398 -0.02750 0.91383
0.02431 -0.02457 0.90917
0.01986 -0.02128 0.92530
0.01696 -0.03245 0.92187
0.01553 -0.03096 0.93573
0.01766 -0.02612 0.94039
0.01064 -0.02581 0.94088
0.01479 -0.03084 0.95252
0.01550 -0.01496 0.96050
0.01712 -0.03653 0.95583
0.01398 -0.02890 0.97135
0.02170 -0.01695 0.97089
0.01469 -0.02575 0.98256
0.01701 -0.03065 0.98885
0.01667 -0.03400 0.98482
0.01547 -0.01735 0.99934
0.01357 -0.03296 1.00475
0.01647 -0.02210 1.01097
0.01528 -0.03034 1.02242
0.01488 -0.02182 1.02364
0.00814 -0.03400 1.02795
0.01254 -0.02622 1.03577
0.01118 -0.03814 1.03673
0.01329 -0.02238 1.04827
0.01521 -0.03446 1.04792
0.01452 -0.02644 1.06239
0.01191 -0.03885 1.06316
0.01125 -0.02611 1.06501
0.00574 -0.02262 1.07203
0.00438 -0.03228 1.08044
0.00667 -0.03870 1.09042
0.00615 -0.02329 1.08719
0.00196 -0.04102 1.09385
0.00043 -0.01939 1.10148
0.00130 -0.03104 1.10632
0.00192 -0.02950 1.11170
0.00124 -0.02130 1.11810
-0.00138 -0.03306 1.12033
-0.00077 -0.03954 1.12265
-0.00475 -0.02574 1.13024
-0.00001 -0.02514 1.13630
-0.01043 -0.03594 1.14167
-0.00668 -0.02794 1.14651
-0.00598 -0.03194 1.15367
-0.01427 -0.03086 1.16087
-0.01717 -0.02796 1.16971
-0.01630 -0.03050 1.17266
-0.01996 -0.03667 1.18627
-0.00688 -0.03446 1.17573
-0.01398 -0.03548 1.18686
-0.01418 -0.03568 1.25877
-0.01162 -0.03764 1.13614
-0.01117 -0.02948 1.20677
-0.01595 -0.02527 1.21640
-0.01358 -0.03559 1.22493
-0.01382 -0.03706 1.22910
-0.01382 -0.02791 1.23326
-0.01513 -0.03321 1.23932
-0.01584 -0.03542 1.24566
-0.01345 -0.04118 1.24904
-0.00787 -0.02862 1.25399
-0.01861 -0.03003 1.26523
-0.01825 -0.04897 1.27508
-0.01951 -0.02306 1.27635
-0.02290 -0.05391 1.28226
-0.02033 -0.03419 1.29002
-0.01503 -0.02350 1.29674
-0.01498 -0.03781 1.31144
-0.01824 -0.02308 1.32617
-0.01688 -0.03758 1.32462
-0.01853 -0.03514 1.33018
-0.02074 -0.03088 1.33886
-0.02048 -0.03279 1.34624
-0.01989 -0.04778 1.35581
-0.01861 -0.04203 1.36053
-0.01659 -0.03434 1.36758
-0.01973 -0.03281 1.37457
-0.01843 -0.03802 1.38008
-0.02005 -0.03685 1.38853
-0.02173 -0.03869 1.39363
-0.02427 -0.04311 1.39657
-0.02518 -0.04018 1.40134
-0.02678 -0.02893 1.40221
-0.02127 -0.04814 1.40959
-0.01747 -0.04289 1.40687
-0.01582 -0.04036 1.41140
-0.01371 -0.03554 1.40916
-0.01546 -0.04666 1.41149
-0.02089 -0.03666 1.41202
-0.02157 -0.03520 1.41110
-0.02198 -0.04827 1.40959
-0.01956 -0.03517 1.40778
-0.01789 -0.03790 1.41070
-0.01838 -0.04947 1.41063
-0.01738 -0.03248 1.40676
-0.02822 -0.03117 1.41190
-0.02810 -0.05432 1.41515
-0.02960 -0.03729 1.40575
-0.02219 -0.02962 1.40185
-0.02542 -0.04958 1.39690
-0.02245 -0.03939 1.39332
-0.02322 -0.04417 1.38963
-0.02402 -0.03568 1.39465
-0.02264 -0.04892 1.39198
-0.01859 -0.03602 1.38843
-0.01803 -0.04888 1.38620
-0.01378 -0.04733 1.38139
-0.01647 -0.03292 1.38621
-0.01102 -0.05294 1.37540
-0.01213 -0.03800 1.37521
-0.01635 -0.04214 1.36851
-0.02279 -0.03203 1.36601
-0.01936 -0.04875 1.36478
-0.01660 -0.03745 1.35466
-0.01117 -0.05001 1.35083
-0.01408 -0.02748 1.34783
-0.02031 -0.04409 1.34452
-0.01760 -0.03541 1.33875
-0.02383 -0.04990 1.33214
-0.02328 -0.03636 1.32101
-0.01974 -0.04330 1.30050
-0.02001 -0.02738 1.28832
-0.01665 -0.05947 1.26868
-0.01891 -0.03970 1.24651
-0.02034 -0.05139 1.22511
-0.02446 -0.04423 1.20490
-0.02198 -0.03676 1.19115
-0.02520 -0.04707 1.16634
-0.02424 -0.03781 1.14640
-0.02417 -0.03935 1.12194
-0.02741 -0.04291 1.10166
-0.02904 -0.03564 1.08449
-0.03019 -0.03367 1.06818
-0.03418 -0.04096 1.06082
-0.03181 -0.03554 1.04915
-0.03751 -0.04090 1.03782
-0.04295 -0.02658 1.03208
-0.04546 -0.03073 1.01810
-0.03930 -0.03881 1.01210
-0.03852 -0.01051 1.00596
-0.04536 -0.04186 1.00872
-0.03527 -0.01733 1.00906
-0.04139 -0.04089 1.01244
-0.04414 -0.01364 1.00840
-0.04156 -0.04095 1.01080
-0.04390 -0.02195 1.01147
-0.04828 -0.03872 0.99996
-0.04393 -0.02488 0.99955
-0.04665 -0.02771 1.00208
-0.04463 -0.03420 1.00299
-0.04710 -0.03773 1.00976
-0.04032 -0.02467 1.00184
-0.03965 -0.03127 1.01062
-0.04431 -0.02349 1.02133
-0.04694 -0.02993 1.01673
-0.04973 -0.02842 1.03246
-0.05172 -0.03264 1.04069
-0.05489 -0.02416 1.03714
-0.05957 -0.03027 1.05409
-0.05785 -0.02876 1.05872
-0.05959 -0.04920 1.04427
-0.05857 -0.01229 1.06437
-0.06025 -0.04332 1.05425
-0.05261 -0.02040 1.07560
-0.05735 -0.03148 1.08001
-0.05186 -0.02207 1.08063
-0.05534 -0.03994 1.09786
-0.04930 -0.02558 1.10229
-0.05865 -0.04080 1.08827
-0.04162 -0.01957 1.10610
-0.04805 -0.04161 1.10321
-0.05620 -0.01444 1.12302
-0.04959 -0.03894 1.12911
-0.04447 -0.03874 1.11721
-0.04530 -0.03368 1.14004
-0.04575 -0.03226 1.13718
-0.04284 -0.03553 1.13111
-0.03550 -0.02253 1.14489
-0.04770 -0.03235 1.13690
-0.03965 -0.03207 1.15640
-0.04008 -0.03547 1.15666
-0.03693 -0.03896 1.15336
-0.03458 -0.03094 1.16504
-0.03508 -0.03246 1.16271
-0.03329 -0.03673 1.17082
-0.02858 -0.03243 1.17420
-0.02515 -0.03485 1.17974
-0.02757 -0.03298 1.18351
-0.02569 -0.03676 1.17424
-0.02122 -0.03401 1.17367
-0.02270 -0.03828 1.16906
-0.02052 -0.03214 1.17093
-0.02342 -0.03059 1.16743
-0.02403 -0.04127 1.16226
-0.01876 -0.03035 1.16085
-0.01772 -0.03872 1.15396
-0.01629 -0.04071 1.14959
-0.01449 -0.02525 1.13399
-0.01078 -0.03400 1.12446
-0.01537 -0.03550 1.11129
-0.01323 -0.03481 1.10295
-0.01135 -0.03382 1.07940
-0.00678 -0.04723 1.05836
-0.00988 -0.03261 1.04623
-0.00433 -0.03097 1.02258
0.00233 -0.03981 1.01198
0.00284 -0.03415 0.99349
0.00496 -0.04195 0.96697
0.00610 -0.02313 0.95852
0.00570 -0.04243 0.93499
0.00956 -0.03651 0.91023
0.01011 -0.04419 0.88847
0.01222 -0.02707 0.85001
0.00346 -0.01834 0.84390
0.00357 -0.00271 0.81626
0.01631 -0.02169 0.81633
0.00366 -0.04318 0.80965
0.01701 -0.02148 0.77536
0.02700 -0.01129 0.78606
0.03456 -0.04579 0.74432
0.03920 -0.02016 0.75337
0.04595 -0.03612 0.75636
0.04622 -0.01818 0.71551
0.03850 -0.02319 0.75304
0.03218 -0.00908 0.71498
0.04010 -0.01113 0.75809
0.04168 -0.01423 0.75927
0.03456 -0.02174 0.72570
0.03416 -0.03946 0.74402
0.04219 -0.00504 0.71183
0.04360 -0.03264 0.73037
0.03675 -0.01656 0.72613
0.02956 -0.03012 0.71213
0.04189 -0.01447 0.73164
0.03483 -0.01190 0.71871
0.01580 -0.02073 0.73003
0.01524 -0.02524 0.73242
0.01406 -0.01488 0.72852
0.01474 -0.02389 0.73317
0.00995 -0.01808 0.73687
0.01287 -0.01611 0.73945
0.01490 -0.01308 0.74342
0.01416 -0.02903 0.74867
0.01337 -0.02156 0.74913
0.01578 -0.01121 0.75137
0.01339 -0.03158 0.75019
0.01847 -0.02074 0.75252
0.03185 -0.03458 0.74535
0.02715 0.00101 0.74930
0.03045 -0.03167 0.75109
0.03703 -0.00963 0.75598
0.04130 -0.03856 0.75259
0.04659 -0.01467 0.75444
0.03687 -0.02617 0.74310
0.03468 -0.02279 0.73471
0.04033 -0.01746 0.74405
0.04203 -0.02049 0.72142
0.04259 -0.02580 0.72928
0.04076 -0.02663 0.69907
0.03173 -0.02046 0.68933
0.03305 -0.02470 0.69592
0.03105 -0.01260 0.68314
0.02981 -0.02532 0.68528
0.03186 -0.01411 0.69678
0.02592 -0.01776 0.68981
0.02813 -0.01476 0.70135
0.03047 -0.02009 0.69268
0.03080 -0.01101 0.69000
0.03070 -0.02257 0.70906
0.03147 -0.03029 0.69449
0.03001 -0.02727 0.69108
0.03237 -0.01682 0.71296
0.03211 0.00119 0.69022
0.03564 -0.00678 0.72814
0.03306 -0.03126 0.70575
0.02701 -0.02888 0.70416
0.02904 -0.01725 0.73158
0.02817 -0.01927 0.71029
0.02906 -0.01289 0.72234
0.02211 -0.02903 0.75352
0.03373 -0.01392 0.73604
0.02771 -0.02534 0.76114
0.01814 -0.01822 0.75199
0.02140 -0.01503 0.76192
0.01043 -0.02976 0.77969
0.00996 -0.01386 0.78316
0.00597 -0.02132 0.79413
0.00837 -0.00555 0.80659
-0.00168 -0.02431 0.81213
-0.00459 -0.02119 0.82736
-0.00282 -0.01801 0.83774
-0.00195 -0.00669 0.84646
-0.00467 -0.03767 0.85707
-0.00703 -0.03136 0.86441
-0.00781 -0.00857 0.86977
-0.00963 -0.02167 0.89036
-0.00420 -0.00731 0.89871
-0.00899 -0.02828 0.90665
-0.01067 -0.02982 0.91398
-0.00664 -0.01834 0.92236
-0.00474 -0.02279 0.93489
-0.01153 -0.02453 0.94428
-0.01423 -0.03120 0.95650
-0.00889 -0.01641 0.95807
-0.00583 -0.01840 0.97139
-0.01219 -0.02549 0.97950
-0.00803 -0.02452 0.98554
-0.00905 -0.01760 0.99447
-0.00839 -0.02832 1.00193
-0.00747 -0.02420 1.00245
-0.01305 -0.02150 1.00605
-0.01069 -0.02894 1.00826
-0.01108 -0.01754 1.01308
-0.02831 -0.04950 1.01145
0.00718 0.00907 1.01445
-0.02208 -0.05297 1.02050
-0.00332 -0.00403 1.02292
-0.01700 -0.04404 1.01631
-0.02003 -0.01721 1.01741
-0.02141 -0.03739 1.01875
-0.02808 -0.02576 1.01956
-0.02276 -0.03331 1.01964
-0.02858 -0.02472 1.01903
-0.02909 -0.03399 1.01493
-0.02874 -0.02833 1.01804
-0.02990 -0.01604 1.01492
-0.03964 -0.04057 1.01935
-0.03366 -0.01520 1.01618
-0.03301 -0.03449 1.01437
-0.03238 -0.01897 1.02038
-0.02921 -0.03746 1.00942
-0.02816 -0.02667 1.00612
-0.03316 -0.03805 1.00739
-0.03263 -0.01477 1.00654
-0.03925 -0.03471 1.00508
-0.02441 -0.00778 1.01034
-0.02536 -0.01300 1.00714
-0.02893 -0.04497 1.00080
-0.02746 -0.03115 1.00818
-0.03491 -0.01787 1.00195
-0.04190 -0.03124 1.00769
-0.03561 -0.02860 1.00280
-0.03695 -0.03419 0.99902
-0.03306 -0.01761 1.00499
-0.03994 -0.03805 0.99903
-0.03106 -0.01464 1.00595
-0.03304 -0.02417 1.00490
-0.03853 -0.03029 1.01206
-0.03769 -0.03658 0.99454
-0.02568 -0.01830 0.99977
-0.02976 -0.03812 0.99908
-0.03015 -0.02016 1.00238
-0.02957 -0.02462 1.00099
-0.03121 -0.03296 1.00545
-0.02837 -0.02999 1.00662
-0.03063 -0.03042 1.00304
-0.02610 -0.03192 1.00117
-0.02546 -0.02435 1.00125
-0.02648 -0.03596 1.00100
-0.02350 -0.01728 0.99772
-0.02516 -0.02120 0.99384
-0.03282 -0.03546 0.99167
-0.02639 -0.03430 0.98877
-0.02432 -0.02575 0.98581
-0.02678 -0.02351 0.98409
-0.03123 -0.03725 0.98081
-0.02726 -0.01920 0.97465
-0.02518 -0.02148 0.97791
-0.02769 -0.02900 0.97368
-0.02643 -0.03455 0.96743
-0.02501 -0.03237 0.97759
-0.02679 -0.02217 0.93075
-0.02830 -0.03250 0.94246
-0.02388 -0.02384 0.92986
-0.02875 -0.03997 0.91906
-0.03020 -0.02934 0.90312
-0.02971 -0.03958 0.88236
-0.02584 -0.02903 0.86342
-0.02672 -0.03226 0.83266
-0.02974 -0.02929 0.80637
-0.01905 -0.01027 0.79144
-0.02712 -0.02598 0.76213
-0.01910 -0.02971 0.73831
-0.01453 -0.03491 0.71674
-0.01787 -0.01520 0.69970
-0.01332 -0.00245 0.69472
-0.00127 -0.01026 0.69695
-0.00137 -0.01650 0.69396
0.01169 -0.02864 0.68287
0.00522 -0.02448 0.67271
0.01178 -0.00846 0.67017
0.01762 -0.00155 0.66224
0.03349 -0.01574 0.65475
0.03384 -0.01551 0.66455
0.03419 -0.02164 0.63852
0.03986 -0.02501 0.65326
0.03891 -0.02112 0.62436
0.04422 -0.01140 0.65626
0.04674 -0.02006 0.62104
0.04502 -0.02070 0.61466
0.04716 -0.02418 0.65538
0.03246 -0.00986 0.61696
0.04639 -0.00199 0.66435
0.04716 -0.02103 0.63068
0.04391 -0.02588 0.63839
0.04068 -0.01812 0.68274
0.03340 -0.01654 0.64493
0.04478 -0.01757 0.69147
0.03907 -0.01808 0.65782
0.04761 -0.01607 0.65525
0.04387 -0.00682 0.70040
0.03730 -0.02876 0.66968
0.02850 -0.01600 0.70591
0.03086 -0.02106 0.69415
0.02932 -0.01170 0.70719
0.02717 -0.01414 0.73804
0.02007 -0.02018 0.73583
0.01571 -0.01462 0.75461
0.00814 -0.01531 0.76906
0.00872 -0.01775 0.77713
0.00328 -0.01745 0.80587
0.00449 -0.01804 0.80679
0.00013 -0.00958 0.82926
-0.00980 -0.02366 0.84254
-0.01036 -0.01265 0.86100
-0.01269 -0.01521 0.87640
-0.01974 -0.01731 0.89242
-0.02045 -0.02197 0.90942
-0.02264 -0.02181 0.92119
-0.01764 -0.01432 0.93594
-0.02027 -0.01983 0.94078
-0.01908 -0.02788 0.95791
-0.01967 -0.02352 0.96962
-0.01493 -0.01472 0.97615
-0.02366 -0.02762 0.99187
-0.01910 -0.02273 0.99770
-0.01643 -0.02819 1.00580
-0.01804 -0.00991 1.01836
-0.02365 -0.03946 1.02751
-0.01581 -0.00330 1.03244
-0.02555 -0.02486 1.04095
-0.02010 -0.01516 1.03976
-0.02035 -0.03212 1.05099
-0.01759 -0.02243 1.04791
-0.02012 -0.01832 1.05290
-0.02382 -0.01690 1.05482
-0.02790 -0.04067 1.06036
-0.02337 -0.02534 1.05936
-0.02840 -0.03039 1.05907
-0.02373 -0.03143 1.06626
-0.02682 -0.02392 1.06906
-0.03199 -0.03310 1.06763
-0.02299 -0.02685 1.06303
-0.03153 -0.03403 1.07175
-0.02815 -0.01681 1.05843
-0.03557 -0.04047 1.06677
-0.03157 -0.01878 1.07225
-0.03355 -0.02559 1.06708
-0.03486 -0.01925 1.07089
-0.03684 -0.04586 1.06630
-0.02352 -0.01190 1.06354
-0.02939 -0.03492 1.07401
-0.03137 -0.02521 1.07366
-0.03259 -0.03483 1.07773
-0.03123 -0.02516 1.08596
-0.02891 -0.03708 1.08479
-0.02465 -0.01862 1.09504
-0.02120 -0.02542 1.09734
-0.01852 -0.03479 1.10780
-0.02061 -0.02865 1.11079
-0.01662 -0.02619 1.11477
-0.02004 -0.02206 1.11820
-0.02168 -0.03496 1.12034
-0.02249 -0.02173 1.12403
-0.02291 -0.03076 1.13103
-0.02274 -0.03225 1.13559
-0.01638 -0.02400 1.14127
-0.01615 -0.01636 1.14608
-0.01145 -0.03699 1.15902
-0.00946 -0.03277 1.15629
-0.01607 -0.02219 1.16328
-0.01666 -0.01916 1.16804
-0.01837 -0.02740 1.17824
-0.02178 -0.03307 1.18571
-0.01080 -0.01407 1.19407
-0.01026 -0.03247 1.20100
-0.00941 -0.02831 1.19982
-0.00846 -0.02345 1.21106
-0.01207 -0.03365 1.21648
-0.01201 -0.01737 1.22629
-0.01872 -0.03789 1.22707
-0.02296 -0.01594 1.23477
-0.02240 -0.03094 1.24519
-0.02221 -0.03509 1.25504
-0.01863 -0.03783 1.25541
-0.01496 -0.03082 1.25764
-0.01586 -0.02174 1.26133
-0.01090 -0.04589 1.26854
0.00090 -0.01594 1.27329
-0.00396 -0.04310 1.27998
-0.00183 -0.02819 1.28598
-0.00265 -0.03229 1.28252
-0.00267 -0.01967 1.28869
-0.00845 -0.03357 1.29817
-0.01306 -0.04149 1.30485
-0.00661 -0.01719 1.30359
-0.01122 -0.06238 1.30358
-0.00361 -0.01765 1.29457
-0.00467 -0.02665 1.29967
-0.02619 -0.03839 1.30270
-0.02093 -0.03428 1.30976
-0.02272 -0.02361 1.31984
-0.02109 -0.03327 1.32188
-0.01747 -0.02566 1.32831
-0.01955 -0.03510 1.33041
-0.01971 -0.03296 1.32796
-0.02250 -0.03794 1.33181
-0.02042 -0.03591 1.34506
-0.02146 -0.02547 1.34899
-0.01777 -0.03168 1.35619
-0.01809 -0.03354 1.36092
-0.01679 -0.03754 1.36487
-0.01158 -0.03026 1.36293
-0.02018 -0.03910 1.36609
-0.02266 -0.02909 1.36827
-0.02109 -0.02364 1.36597
-0.02065 -0.03299 1.37465
-0.01841 -0.03702 1.37391
-0.02100 -0.04522 1.37943
-0.02402 -0.02734 1.37930
-0.02239 -0.03044 1.38125
-0.02334 -0.03125 1.39673
-0.02156 -0.03166 1.39554
-0.02109 -0.04042 1.40173
-0.01720 -0.03789 1.40715
-0.02053 -0.03929 1.41786
-0.02219 -0.03390 1.42381
-0.01983 -0.03565 1.43504
-0.01827 -0.03466 1.43359
-0.01628 -0.03229 1.43856
-0.01789 -0.03847 1.44460
-0.01846 -0.04598 1.44515
-0.01001 -0.02950 1.44416
-0.01984 -0.03712 1.45361
-0.01663 -0.04962 1.45695
-0.01476 -0.01535 1.46235
-0.02510 -0.03449 1.47309
-0.01783 -0.04679 1.46924
-0.01648 -0.04370 1.47929
-0.01533 -0.02598 1.46468
-0.02087 -0.03585 1.47542
-0.01926 -0.04727 1.47294
-0.01646 -0.03871 1.47745
-0.01813 -0.04695 1.47769
-0.01007 -0.02533 1.47077
-0.01582 -0.04433 1.47765
-0.01619 -0.04038 1.47224
-0.01611 -0.02996 1.47888
-0.02086 -0.05046 1.47676
-0.01694 -0.03037 1.47282
-0.02216 -0.04719 1.48220
-0.02544 -0.03108 1.47302
-0.02630 -0.04818 1.46579
-0.02602 -0.03980 1.46908
-0.02776 -0.03637 1.46627
-0.02637 -0.03598 1.47077
-0.02672 -0.05172 1.46862
-0.02358 -0.03423 1.46121
-0.03031 -0.03492 1.46332
-0.02643 -0.03563 1.46500
-0.03343 -0.04853 1.46658
-0.02747 -0.02934 1.46890
-0.02577 -0.04033 1.46567
-0.02487 -0.03602 1.46716
-0.01866 -0.03511 1.46415
-0.02409 -0.05720 1.45968
-0.01603 -0.04030 1.45541
-0.02486 -0.02877 1.46074
-0.02660 -0.03673 1.45564
-0.02995 -0.05913 1.45376
-0.03256 -0.02342 1.45521
-0.04038 -0.05313 1.45675
-0.02923 -0.02923 1.45740
-0.03230 -0.03367 1.45525
-0.02677 -0.04115 1.46111
-0.03389 -0.05235 1.44629
-0.01649 -0.01432 1.44900
-0.02919 -0.05712 1.45520
-0.02287 -0.02282 1.45707
-0.01644 -0.02879 1.45638
-0.02157 -0.04169 1.43975
-0.02226 -0.04785 1.44093
-0.01830 -0.03987 1.44118
-0.02391 -0.03561 1.44603
-0.02542 -0.03946 1.44250
-0.02450 -0.03496 1.44602
-0.02336 -0.03498 1.44089
-0.02444 -0.03640 1.44337
-0.02242 -0.04313 1.43576
-0.01983 -0.03441 1.44314
-0.01792 -0.04258 1.44631
-0.01855 -0.04704 1.44862
-0.02513 -0.04108 1.44766
-0.02369 -0.02292 1.44823
-0.02956 -0.04928 1.45435
-0.02759 -0.03550 1.45174
-0.02850 -0.03238 1.45373
-0.02519 -0.04441 1.45292
-0.02201 -0.03963 1.45497
-0.02605 -0.05229 1.45199
-0.02089 -0.03843 1.45059
-0.02407 -0.03930 1.45358
-0.02597 -0.04400 1.44789
-0.02240 -0.03446 1.45854
-0.03065 -0.04270 1.44853
-0.02087 -0.03885 1.44720
-0.02347 -0.03538 1.44289
-0.02186 -0.03908 1.44851
-0.02258 -0.04836 1.44592
-0.01858 -0.03704 1.44870
-0.01868 -0.04586 1.45823
-0.01564 -0.03731 1.45509
-0.01606 -0.04533 1.45985
-0.01892 -0.03385 1.44733
-0.01960 -0.04750 1.44111
-0.01930 -0.02619 1.43983
-0.01563 -0.04100 1.44266
-0.01064 -0.03750 1.43974
-0.01574 -0.04134 1.43561
-0.01715 -0.04197 1.42997
-0.01838 -0.03374 1.43266
-0.01880 -0.04151 1.42612
-0.01701 -0.04152 1.43395
-0.01599 -0.04212 1.42853
-0.01234 -0.02680 1.42532
-0.01061 -0.05244 1.42762
-0.01046 -0.03536 1.42917
-0.00500 -0.04883 1.42851
-0.00547 -0.03008 1.42389
-0.00257 -0.04838 1.42834
-0.00073 -0.03412 1.43477
-0.00310 -0.04921 1.42924
-0.00281 -0.03382 1.43255
-0.00918 -0.05837 1.42709
-0.00486 -0.03040 1.42433
-0.01286 -0.04723 1.41885
-0.00671 -0.04119 1.41742
-0.00396 -0.03043 1.41659
-0.01960 -0.04253 1.42248
-0.00157 -0.03478 1.41887
-0.01189 -0.02719 1.41804
-0.02326 -0.04314 1.42421
-0.01307 -0.03841 1.42729
-0.01811 -0.01574 1.43247
-0.01195 -0.05744 1.43198
-0.02015 -0.03176 1.43082
-0.01958 -0.03760 1.42803
-0.01551 -0.02059 1.43339
-0.01736 -0.05423 1.43758
-0.00483 -0.03178 1.43349
-0.00978 -0.04207 1.43236
-0.01357 -0.03926 1.43629
-0.01040 -0.03869 1.42756
-0.01449 -0.03645 1.43646
-0.01403 -0.03884 1.43729
-0.01997 -0.03450 1.43837
-0.02015 -0.03765 1.44597
-0.02474 -0.03701 1.44475
-0.02243 -0.03459 1.44419
-0.02607 -0.03914 1.45028
-0.02462 -0.03580 1.45606
-0.02842 -0.05134 1.45935
-0.01750 -0.02004 1.45670
-0.02322 -0.05239 1.46061
-0.02132 -0.02963 1.45720
-0.01137 -0.02990 1.46541
-0.01449 -0.04719 1.46601
-0.01660 -0.03486 1.46212
-0.01794 -0.04831 1.45816
-0.02018 -0.03656 1.46108
-0.01932 -0.03385 1.46820
-0.01769 -0.04197 1.46762
-0.01877 -0.03574 1.47227
-0.01926 -0.03953 1.47140
-0.01717 -0.04307 1.46736
-0.02045 -0.04189 1.47381
-0.02154 -0.03500 1.47335
-0.01771 -0.03317 1.47710
-0.01892 -0.03994 1.47806
-0.02120 -0.03757 1.47582
-0.02019 -0.03256 1.48150
-0.01745 -0.04003 1.48982
-0.01431 -0.05113 1.49191
-0.01599 -0.03848 1.49702
-0.01576 -0.03721 1.50611
-0.01838 -0.04174 1.49785
-0.02256 -0.03805 1.49315
-0.02408 -0.03793 1.49479
-0.02391 -0.04169 1.50375
-0.01959 -0.03610 1.51487
-0.01815 -0.05249 1.50581
-0.01529 -0.05222 1.48874
-0.01122 -0.02829 1.48256
-0.02184 -0.03684 1.49240
-0.02498 -0.04812 1.50018
-0.02207 -0.02638 1.49450
-0.01486 -0.04583 1.49347
-0.01776 -0.04249 1.48978
-0.01384 -0.04119 1.50046
-0.01470 -0.05150 1.50715
-0.01873 -0.05050 1.50786
-0.02572 -0.03190 1.49993
-0.02204 -0.03929 1.49772
-0.02570 -0.04694 1.48828
-0.02785 -0.03476 1.48969
-0.02804 -0.04717 1.49047
-0.02684 -0.03620 1.49374
-0.01941 -0.04434 1.49213
-0.02010 -0.04348 1.48571
-0.02314 -0.04445 1.49290
-0.02087 -0.05160 1.48545
-0.02570 -0.03349 1.48610
-0.02672 -0.04183 1.48650
-0.02644 -0.03115 1.48585
-0.02647 -0.04288 1.48543
-0.02130 -0.04654 1.48646
-0.02839 -0.04538 1.48380
-0.01912 -0.03642 1.47914
-0.03241 -0.03087 1.48268
-0.02636 -0.04362 1.48772
-0.01673 -0.05410 1.48371
-0.02312 -0.03715 1.48026
-0.00997 -0.03678 1.49646
-0.02523 -0.05017 1.49192
-0.02812 -0.03538 1.49904
-0.02424 -0.03805 1.48960
-0.01728 -0.05423 1.50714
-0.01905 -0.04063 1.49420
-0.01817 -0.04568 1.50625
-0.02349 -0.03726 1.49432
-0.02215 -0.04365 1.49498
-0.03124 -0.04535 1.48907
-0.02834 -0.04331 1.48546
-0.02886 -0.03435 1.48604
-0.02717 -0.05437 1.49446
-0.02826 -0.03198 1.49824
-0.02505 -0.04141 1.49000
-0.02576 -0.05557 1.48963
-0.02438 -0.03841 1.48291
-0.02479 -0.05255 1.47819
-0.02173 -0.03465 1.47618
-0.02402 -0.05982 1.47686
-0.02520 -0.03092 1.46552
-0.02528 -0.04159 1.46455
-0.03195 -0.02964 1.46378
-0.02961 -0.04945 1.46898
-0.02999 -0.03277 1.48388
-0.02902 -0.04611 1.46805
-0.02965 -0.03489 1.45884
-0.03003 -0.06107 1.43279
-0.01529 -0.02375 1.42291
-0.01942 -0.04350 1.41430
-0.01248 -0.03498 1.40299
-0.01346 -0.03372 1.38261
-0.02102 -0.03688 1.36126
-0.02961 -0.04706 1.34749
-0.03139 -0.03669 1.33164
-0.02493 -0.04393 1.31538
-0.01675 -0.04552 1.28990
-0.01398 -0.02444 1.27617
-0.02584 -0.05171 1.26878
-0.03283 -0.03102 1.22969
-0.03408 -0.03920 1.21178
-0.03447 -0.02607 1.20376
-0.03965 -0.04575 1.17983
-0.03394 -0.05782 1.14469
-0.02662 -0.03091 1.10348
-0.03699 -0.02647 1.07727
-0.03616 -0.03313 1.05100
-0.03074 -0.03397 1.02272
-0.02492 -0.04526 0.98088
-0.02390 -0.03660 0.94592
-0.02034 -0.03110 0.90792
-0.01860 -0.03492 0.88296
-0.01212 -0.02975 0.84610
-0.00028 -0.02821 0.81599
0.00424 -0.03373 0.78873
-0.00234 -0.01891 0.76041
0.01458 -0.02767 0.73379
0.02938 -0.02331 0.70676
0.02822 -0.03915 0.67467
0.02797 -0.01379 0.64772
0.02999 -0.01836 0.62003
0.04007 -0.00790 0.60096
0.04650 -0.01103 0.59682
0.05902 -0.01695 0.58479
0.04938 -0.02027 0.57981
0.05242 -0.01327 0.56774
0.06073 -0.01260 0.56206
0.05953 -0.01832 0.54420
0.06588 -0.02399 0.53786
0.05910 -0.01967 0.53089
0.05375 -0.01792 0.52281
0.05428 -0.01032 0.50389
0.05647 -0.01468 0.50460
0.05722 -0.01160 0.50544
0.05354 -0.01680 0.50097
0.05290 -0.01460 0.50545
0.04754 -0.01453 0.50288
0.05223 -0.00646 0.50441
0.05371 -0.00262 0.51730
0.05416 -0.00470 0.51727
0.05507 -0.01227 0.52788
0.04989 -0.01743 0.53497
0.05157 -0.01889 0.54189
0.04895 -0.01442 0.55103
0.04929 -0.00936 0.55680
0.04913 -0.01126 0.56254
0.04978 -0.00966 0.57563
0.04931 -0.00622 0.58145
0.04787 -0.00595 0.59145
0.04749 -0.01031 0.60675
0.04810 -0.00997 0.61161
0.04066 -0.01636 0.62670
0.03565 -0.01070 0.63293
0.02763 -0.01513 0.65371
0.02671 -0.00726 0.65979
0.03183 -0.01565 0.67199
0.02057 -0.01706 0.68029
0.01205 -0.00249 0.69476
0.01053 -0.00787 0.70631
0.00660 -0.01132 0.71755
0.00574 -0.01217 0.72896
0.00054 -0.01294 0.73499
0.00605 -0.00298 0.74891
0.00151 -0.01362 0.75704
-0.00526 -0.01346 0.76823
-0.01261 -0.01661 0.77125
-0.00975 -0.01312 0.78339
-0.00536 -0.00291 0.79384
-0.00641 -0.01148 0.80456
-0.01339 -0.01153 0.81436
-0.01208 -0.01833 0.82251
-0.00618 -0.00364 0.83120
-0.00742 -0.01642 0.84492
-0.00942 -0.01010 0.85391
-0.00285 -0.01506 0.85877
-0.00781 -0.02303 0.86435
-0.00777 -0.02497 0.85789
-0.00531 -0.01825 0.85157
-0.00408 -0.01323 0.84197
-0.00698 -0.01928 0.83838
-0.00694 -0.02387 0.82866
-0.00891 -0.02636 0.82120
-0.01245 -0.02845 0.81037
-0.01291 -0.01809 0.79978
-0.01076 -0.03010 0.78979
-0.01720 -0.02016 0.77822
-0.01736 -0.01270 0.76933
-0.01678 -0.00669 0.76556
-0.00892 -0.01438 0.76268
-0.00973 -0.03281 0.75192
-0.01219 -0.02575 0.73772
-0.01762 -0.02084 0.72706
-0.01709 0.00057 0.72510
-0.01472 -0.01610 0.72205
-0.01520 -0.02632 0.71364
-0.02223 -0.03225 0.70877
-0.01579 -0.01168 0.69989
-0.01511 -0.00717 0.69971
-0.01654 -0.01900 0.70576
-0.01982 -0.00727 0.71255
-0.01818 -0.00967 0.71770
-0.02291 -0.02029 0.72149
-0.01933 -0.01729 0.71950
-0.02391 -0.02239 0.72068
-0.02269 -0.01103 0.71956
