0.07300 5.56957 3.19154
0.07423 5.64587 3.23528
0.12147 9.22582 5.28788
0.11763 8.91462 5.10940
0.12370 9.36589 5.36822
0.10455 7.87730 4.51453
0.04758 3.57669 2.04940
0.15914 11.95807 6.85556
0.17838 13.36445 7.66297
0.14455 10.80482 6.19372
0.26362 19.69477 11.30259
0.20059 14.85475 8.51899
0.20088 14.86097 8.52256
0.18412 13.61289 7.80564
0.12394 9.16672 5.25399
0.22168 16.36356 9.38612
0.08411 6.16287 3.53163
0.10494 7.67924 4.40096
0.20728 15.05566 8.63443
0.21899 15.96405 9.15647
0.13184 9.59076 5.49721
0.21430 15.57882 8.93506
0.07728 5.59993 3.20894
0.05990 4.32274 2.47694
0.05333 3.85659 2.20980
0.14292 10.25708 5.87945
0.15469 11.06926 6.34546
0.02279 1.62963 0.93372
0.12940 9.27026 5.31337
0.14244 10.15322 5.81987
0.23805 16.92091 9.70657
0.17727 12.59191 7.21941
0.17452 12.37881 7.09707
0.24260 17.16598 9.84750
0.09801 6.92152 3.96653
0.31044 21.81909 12.52635
0.06411 4.50653 2.58227
0.22125 15.51276 8.89709
0.10225 7.15535 4.10059
0.01740 1.21895 0.69841
0.02472 1.72624 0.98908
0.17172 12.01667 6.88920
0.09269 6.48972 3.71899
0.06456 4.51528 2.58729
0.05587 3.92063 2.24650
0.04049 2.84305 1.62900
0.19212 13.52942 7.75771
0.18456 13.01779 7.46392
0.15482 10.95000 6.27702
0.08633 6.10918 3.50085
0.18723 13.23855 7.59068
0.17539 12.43918 7.13173
0.18399 13.13996 7.53407
0.16362 11.66459 6.68711
0.23251 16.58141 9.51137
0.18886 13.52396 7.75458
0.20162 14.45947 8.29190
0.21960 15.79124 9.05714
0.31808 22.95544 13.18155
0.22252 16.04989 9.20581
0.24658 17.78247 10.20208
0.18342 13.27092 7.60927
0.15455 11.16045 6.39779
0.13359 9.68682 5.55231
0.12241 8.88692 5.09351
0.12164 8.88510 5.09246
0.11830 8.65823 4.96235
0.12288 9.02025 5.16998
0.09543 7.02907 4.02819
0.11245 8.30924 4.76221
0.09765 7.22335 4.13957
0.08721 6.45989 3.70189
0.08506 6.32304 3.62344
0.08918 6.62899 3.79883
0.12642 9.42932 5.40461
0.14299 10.67996 6.12208
0.15971 11.95041 6.85116
0.07600 5.65094 3.23818
0.11872 8.85064 5.07270
0.09602 7.17306 4.11074
0.10138 7.60915 4.36077
0.08400 6.32197 3.62283
0.12508 9.44860 5.41567
0.16557 12.43339 7.12840
0.10993 8.24636 4.72616
0.03725 2.79151 1.59947
0.07590 5.69016 3.26066
0.22066 16.42585 9.42193
0.15649 11.46991 6.57538
0.19121 14.09980 8.08530
0.15006 11.03635 6.32658
0.13861 10.23822 5.86863
0.20671 15.24390 8.74259
0.13661 10.06290 5.76805
0.10528 7.75366 4.44363
0.12117 8.98272 5.14845
0.21566 15.92429 9.13362
0.21555 15.94190 9.14374
0.04425 3.26926 1.87323
0.07109 5.28040 3.02580
0.10422 7.70830 4.41762
0.08894 6.58560 3.77395
0.19044 14.09953 8.08514
0.11477 8.50404 4.87393
0.16015 11.88106 6.81136
0.24570 18.22452 10.45638
0.13017 9.68785 5.55290
0.25387 18.76148 10.76536
0.17612 13.05113 7.48306
0.12214 9.07821 5.20322
0.13451 10.00907 5.73717
0.11587 8.60682 4.93287
0.20409 15.14748 8.68719
0.19882 14.73943 8.45273
0.10085 7.46886 4.28034
0.04827 3.57739 2.04980
0.16476 12.23250 7.01308
0.13661 10.11473 5.79779
0.09630 7.13314 4.08786
0.16994 12.57886 7.21192
0.16576 12.26563 7.03210
0.08770 6.45526 3.69924
0.13253 9.73532 5.58013
0.26731 19.64826 11.27581
0.17349 12.75772 7.31460
0.11378 8.33735 4.77834
0.26087 19.05364 10.93351
0.15931 11.57344 6.63480
0.27617 20.01584 11.48746
0.31769 23.07539 13.25073
0.15202 11.05017 6.33451
0.20298 14.69304 8.42608
0.07715 5.59234 3.20459
0.11785 8.48719 4.86426
0.13018 9.33563 5.35087
0.05190 3.71884 2.13086
0.10306 7.36337 4.21985
0.08955 6.38863 3.66104
0.13275 9.45000 5.41647
0.12351 8.77044 5.02670
0.16526 11.73001 6.72466
0.10427 7.34928 4.21178
0.08467 5.96337 3.41726
0.13610 9.56918 5.48483
0.23833 16.77556 9.62300
0.07829 5.49713 3.15002
0.11931 8.32075 4.76881
0.08143 5.66216 3.24461
0.06855 4.76741 2.73178
0.13279 9.23386 5.29249
0.13154 9.08377 5.20641
0.10474 7.22462 4.14030
0.10399 7.14450 4.09437
0.16507 11.29012 6.47220
0.21021 14.39068 8.25238
0.53311 36.28115 20.90330
0.07798 5.29569 3.03456
0.09584 6.49636 3.72279
0.04977 3.36123 1.92593
0.16829 11.38924 6.52909
0.03854 2.59254 1.48546
0.01585 1.06776 0.61179
0.04570 3.06734 1.75753
0.11204 7.51679 4.30782
0.03394 2.27557 1.30383
0.15046 10.08977 5.78346
0.04447 2.97565 1.70498
0.05767 3.85265 2.20754
0.08807 5.88712 3.37356
0.09792 6.52136 3.73713
0.02641 1.75348 1.00468
0.00990 0.65748 0.37671
0.05215 3.45155 1.97769
0.05786 3.82889 2.19392
0.10887 7.17933 4.11434
0.11809 7.79452 4.46706
0.12384 8.14011 4.66523
0.15309 10.03972 5.75475
0.18224 11.98385 6.87036
0.30129 19.71153 11.31224
0.10832 7.08946 4.06281
0.13900 9.06671 5.19662
0.17763 11.59688 6.64825
0.28466 18.54785 10.64243
0.21715 14.11459 8.09379
0.72357 47.00441 27.18585
0.04313 2.80992 1.61002
0.21287 13.83907 7.93554
0.19054 12.38451 7.10034
0.29420 19.02704 10.91820
0.27662 17.94552 10.29588
0.19813 12.86574 7.37662
0.19534 12.68488 7.27278
0.09522 6.17510 3.53863
0.06716 4.34087 2.48733
0.27968 18.12858 10.40119
0.26443 17.09132 9.80456
0.14044 9.10602 5.21917
0.02027 1.30722 0.74899
0.07269 4.68597 2.68511
0.35809 23.03580 13.22790
0.11198 7.21969 4.13747
0.15922 10.30251 5.90552
0.29952 19.26179 11.05333
0.21283 13.69379 7.85210
0.50174 32.22241 18.54290
0.49549 31.77571 18.28362
0.16921 10.82682 6.20634
0.57906 36.89216 21.25940
0.29702 18.89257 10.84081
0.40603 25.72674 14.78129
0.09516 5.99639 3.43619
0.14942 9.42858 5.40418
0.23497 14.75594 8.46222
0.14283 8.94469 5.12664
0.17763 11.10487 6.36589
0.13766 8.58536 4.92056
0.19299 12.00222 6.88090
0.15097 9.34968 5.35892
0.14811 9.18805 5.26622
0.10873 6.69419 3.83621
0.12446 7.64694 4.38244
0.10642 6.53132 3.74284
0.05331 3.27290 1.87532
0.09547 5.85616 3.35581
0.07588 4.64930 2.66409
0.04670 2.87132 1.64520
0.07076 4.34401 2.48913
0.04324 2.65303 1.52012
0.05324 3.27236 1.87501
0.03362 2.06621 1.18387
0.01797 1.10984 0.63590
0.17710 10.92896 6.26495
0.28348 17.56864 10.07908
0.02441 1.51819 0.86987
0.05116 3.17365 1.81845
0.13263 8.24744 4.72677
0.03312 2.04729 1.17303
0.08927 5.55576 3.18363
0.07344 4.59054 2.63041
0.22871 14.26687 8.18126
0.09081 5.67572 3.25239
0.16002 10.01144 5.73853
0.10703 6.71019 3.84537
0.17958 11.23080 6.43816
0.44040 27.66265 15.90051
0.42395 26.60606 15.28948
0.40029 25.15131 14.44889
0.11989 7.53456 4.31801
0.21521 13.52117 7.75298
0.09840 6.20528 3.55593
0.12670 7.92779 4.54348
0.02909 1.82088 1.04330
0.05775 3.61425 2.07093
0.03310 2.06077 1.18076
0.15641 9.84142 5.64100
0.33017 20.12273 11.54901
0.30974 19.23313 11.03683
0.10289 6.61075 3.78837
0.11472 7.14044 4.09204
0.38429 23.92892 13.74318
0.17987 11.14047 6.38632
0.24583 15.23523 8.73761
0.08231 5.07756 2.90954
0.26918 16.71072 9.58571
0.11169 6.90678 3.95808
0.07706 4.76215 2.72877
0.11234 6.93250 3.97283
