-0.06922 -0.03700 1.30838
-0.06345 -0.06494 1.31171
-0.11527 -0.05345 1.31047
-0.11508 -0.03619 1.31397
-0.11892 -0.04231 1.31468
-0.10001 -0.02682 1.32317
0.04281 -0.04284 1.32887
-0.15487 -0.05651 1.32053
-0.16946 -0.07003 1.32204
-0.14223 -0.04673 1.32945
-0.26370 -0.05593 1.31109
-0.20233 -0.03812 1.33456
-0.19736 -0.03507 1.33677
-0.17474 -0.05870 1.33993
-0.10830 -0.07329 1.34574
-0.22077 -0.04707 1.33581
-0.08059 -0.06448 1.36089
-0.11078 -0.03819 1.36156
-0.20850 -0.05073 1.35994
-0.21132 0.02074 1.35521
-0.12761 -0.03993 1.36812
-0.20925 -0.06870 1.35785
-0.03854 -0.09507 1.37617
-0.03983 -0.07290 1.38323
-0.03340 -0.06906 1.38061
-0.14542 -0.01457 1.38566
-0.15412 -0.05747 1.38773
-0.01069 -0.00198 1.39815
-0.12964 -0.04601 1.38911
-0.13832 -0.05865 1.39487
-0.24017 0.00045 1.38620
-0.17750 -0.04565 1.39581
-0.17265 -0.01107 1.39915
-0.23988 -0.00569 1.39274
-0.09350 -0.04686 1.41209
-0.30999 -0.02393 1.38840
-0.04671 -0.06805 1.42029
-0.21768 0.01800 1.40945
-0.09968 -0.04181 1.42484
-0.01493 -0.01668 1.42743
-0.02208 -0.02075 1.43179
-0.16755 -0.03210 1.41879
-0.08335 -0.04912 1.42498
-0.05765 -0.04054 1.42797
-0.03763 -0.06257 1.42305
-0.03724 -0.03434 1.42330
-0.18701 -0.02562 1.40744
-0.18116 -0.03962 1.40555
-0.15017 -0.05789 1.40471
-0.09209 -0.02704 1.40985
-0.19146 -0.03179 1.40088
-0.17947 -0.05186 1.39755
-0.18708 -0.05581 1.38657
-0.16650 -0.00337 1.39280
-0.23616 -0.06535 1.38067
-0.19005 -0.04931 1.38259
-0.19681 -0.06951 1.37864
-0.21694 -0.04667 1.37281
-0.31749 -0.03286 1.34840
-0.22061 -0.05959 1.36747
-0.25117 -0.03828 1.36320
-0.19186 -0.02081 1.36861
-0.16542 0.00234 1.37485
-0.14122 -0.02693 1.37154
-0.13296 -0.03333 1.37058
-0.12833 -0.04532 1.36229
-0.12213 -0.06975 1.35906
-0.13187 -0.04826 1.35503
-0.11336 -0.02497 1.35272
-0.12628 -0.04343 1.34674
-0.11203 -0.02375 1.34707
-0.10253 -0.01199 1.34610
-0.08944 0.00479 1.34233
-0.10418 -0.03846 1.34079
-0.13446 -0.06029 1.33263
-0.15114 -0.06625 1.32865
-0.14820 -0.09137 1.32508
-0.08909 -0.03930 1.34132
-0.12762 -0.00003 1.33533
-0.11479 -0.04115 1.33305
-0.10824 -0.07681 1.32575
-0.09427 -0.06419 1.32384
-0.12308 -0.06993 1.31622
-0.17149 -0.04700 1.31976
-0.11065 -0.05322 1.32737
-0.00601 -0.05654 1.33334
-0.00609 -0.09484 1.33055
-0.22611 -0.06559 1.32261
-0.16882 -0.09338 1.35065
-0.20814 -0.05523 1.33894
-0.16236 -0.07292 1.34795
-0.14643 -0.07147 1.34404
-0.22228 -0.08456 1.33498
-0.15288 -0.04087 1.34827
-0.12290 -0.05493 1.35116
-0.13162 -0.05804 1.34123
-0.22616 -0.06591 1.33362
-0.23212 -0.05108 1.33106
-0.06087 -0.05558 1.35115
-0.08528 -0.04733 1.34276
-0.11972 -0.03996 1.34621
-0.09860 -0.06019 1.34553
-0.20480 -0.06115 1.33367
-0.12679 -0.05538 1.34249
-0.17100 -0.05994 1.33571
-0.25676 -0.03836 1.32293
-0.13933 -0.03603 1.33595
-0.25754 0.00634 1.32840
-0.17861 -0.03925 1.33702
-0.11594 -0.09194 1.33722
-0.14437 -0.02675 1.33582
-0.12520 -0.07493 1.33829
-0.21156 -0.03778 1.33011
-0.19927 -0.04126 1.33349
-0.08900 -0.06236 1.34584
-0.02591 -0.06317 1.34755
-0.15900 -0.05116 1.33648
-0.13397 -0.05138 1.34301
-0.06680 -0.10302 1.34443
-0.16520 -0.07368 1.33881
-0.16131 -0.06525 1.34019
-0.06752 -0.08272 1.35434
-0.11674 -0.09129 1.35322
-0.25910 -0.09788 1.33198
-0.17362 -0.06877 1.34699
-0.08953 -0.04629 1.36098
-0.24311 -0.05221 1.34638
-0.15595 -0.04071 1.36708
-0.26437 -0.00063 1.35422
-0.30548 0.02161 1.34225
-0.13342 -0.05857 1.36795
-0.19542 -0.06613 1.36596
-0.02309 -0.09068 1.37644
-0.11961 -0.04752 1.38263
-0.12940 -0.05214 1.38740
-0.04680 -0.00707 1.39488
-0.09587 -0.04210 1.39576
-0.09040 -0.03146 1.39850
-0.12937 -0.05143 1.39785
-0.12026 -0.02872 1.40287
-0.16328 -0.02045 1.39921
-0.10277 -0.03996 1.41452
-0.08054 -0.05429 1.41645
-0.13950 -0.05462 1.41431
-0.24491 -0.04822 1.39858
-0.09699 -0.05498 1.41977
-0.13823 -0.01220 1.42715
-0.09270 -0.07073 1.43346
-0.07798 -0.03371 1.43538
-0.13686 -0.03471 1.43115
-0.13277 -0.04741 1.44123
-0.10508 -0.05104 1.44506
-0.10772 -0.00537 1.45149
-0.17138 -0.05923 1.45081
-0.21744 -0.05235 1.44354
-0.53097 -0.01377 1.37001
-0.08032 -0.04145 1.46977
-0.09659 -0.03178 1.47180
-0.05136 -0.05032 1.47894
-0.17187 -0.06692 1.46608
-0.04096 -0.04558 1.48527
-0.01659 -0.03649 1.48389
0.04376 -0.02427 1.48899
-0.09525 -0.08401 1.48506
-0.02182 -0.05287 1.49036
-0.14944 -0.03148 1.48335
0.03936 -0.04481 1.49334
-0.05367 -0.03608 1.49557
-0.08416 -0.04994 1.49272
-0.09823 -0.05116 1.49743
-0.01844 -0.01131 1.50578
-0.00592 -0.03869 1.50518
0.02549 -0.07338 1.50879
-0.05812 -0.04038 1.50955
-0.11109 -0.03965 1.51188
-0.10807 -0.07945 1.50904
-0.12548 -0.02452 1.51601
-0.15048 0.00125 1.51736
-0.17026 -0.09196 1.50835
-0.30159 -0.03537 1.49801
-0.10911 -0.03291 1.52365
-0.13262 -0.06946 1.52578
-0.17823 -0.03032 1.52098
-0.28286 -0.01823 1.50834
-0.21273 0.01192 1.52363
-0.69636 0.05556 1.37174
-0.04082 -0.03555 1.53412
-0.20963 -0.04853 1.52302
-0.18690 0.00350 1.52710
-0.29646 -0.02249 1.51738
-0.27628 -0.05892 1.51534
-0.19913 -0.02716 1.52682
-0.19877 -0.06682 1.52563
-0.09172 -0.08511 1.53686
-0.06656 -0.07870 1.54362
-0.28340 -0.00638 1.51649
-0.27257 -0.02077 1.52281
-0.14625 -0.06454 1.53399
-0.00234 -0.03419 1.55037
-0.07421 -0.02077 1.54929
-0.35867 -0.05382 1.51160
-0.09754 0.02186 1.54788
-0.15958 -0.06822 1.53565
-0.29971 -0.07569 1.52396
-0.21476 -0.06751 1.53782
-0.49797 -0.06408 1.47396
-0.49282 -0.03706 1.47893
-0.16792 -0.07576 1.55198
-0.57447 -0.02317 1.46052
-0.30067 -0.03173 1.54280
-0.40141 0.00423 1.52633
0.06808 0.03359 1.58508
-0.15151 -0.03365 1.57713
-0.23569 -0.01958 1.57469
-0.14207 -0.03266 1.59015
-0.17495 -0.01813 1.58990
-0.10408 -0.12583 1.59513
-0.19528 -0.08611 1.59371
-0.14631 -0.09901 1.60503
-0.15692 -0.06940 1.60282
-0.12431 -0.04178 1.61900
-0.13085 -0.04080 1.62175
-0.10989 -0.07089 1.62409
-0.03336 -0.08503 1.62625
-0.08111 -0.09878 1.62521
-0.07938 -0.05096 1.62925
-0.04339 -0.07296 1.62413
-0.06741 -0.07750 1.62571
-0.02373 -0.08679 1.62751
-0.05142 -0.01993 1.62610
-0.03297 -0.05172 1.62585
-0.01932 -0.03226 1.61846
-0.17937 -0.07792 1.60858
-0.28823 -0.06834 1.58611
-0.02807 -0.03197 1.60733
-0.05146 -0.05731 1.61003
-0.13667 -0.05445 1.60136
0.00272 -0.06459 1.61653
0.04551 -0.10899 1.60252
-0.06568 -0.06469 1.59720
-0.22684 -0.04900 1.58623
0.08338 -0.07052 1.59624
-0.15799 -0.06101 1.58938
-0.10269 -0.08601 1.58937
-0.17866 -0.07981 1.58698
-0.44269 -0.01979 1.52911
-0.42447 -0.07080 1.53424
-0.40111 0.00402 1.54015
-0.12591 -0.04735 1.58545
-0.21872 -0.07906 1.57459
-0.09541 -0.07583 1.58106
-0.13082 -0.02273 1.59269
0.01785 -0.05119 1.59669
0.04132 -0.06788 1.59574
-0.04398 -0.05649 1.60451
-0.16879 -0.04511 1.57962
-0.34409 -0.02265 1.60415
-0.31955 -0.01846 1.57830
-0.11070 -0.06834 1.55089
-0.10790 -0.09181 1.60033
-0.38784 -0.03893 1.55796
-0.17731 -0.08998 1.60227
-0.25147 -0.00080 1.59381
-0.03314 -0.11610 1.61656
-0.26495 -0.11336 1.58484
-0.11376 -0.07193 1.61143
-0.07211 -0.07452 1.61494
-0.10981 -0.07565 1.61506
