0.21908 18.26520 10.47979
0.06632 5.59401 3.20555
0.04558 3.82460 2.19147
0.80061 67.16067 39.24279
0.02011 1.68269 0.96412
0.06662 5.59418 3.20565
1.05155 88.14016 52.29721
0.96838 81.25842 47.94424
0.60433 50.70197 29.37061
0.71371 59.87906 34.84257
0.87189 73.11356 42.88506
1.21698 102.09551 61.39129
0.01788 1.49815 0.85839
1.24673 104.64767 63.09945
0.12813 10.73272 6.15235
1.07892 90.21470 53.62516
0.86063 72.08126 42.25030
0.97378 81.49867 48.09493
0.46035 38.53454 22.21760
0.43662 36.55049 21.06024
1.30154 108.97155 66.02989
0.63685 53.21711 30.86293
0.91702 76.48105 44.96550
0.95557 79.90878 47.09934
0.93102 78.12700 45.98803
0.03844 3.20254 1.83500
0.82339 68.35712 39.97140
0.18383 15.46300 8.86850
1.08929 91.13981 54.21984
0.31746 26.49096 15.22294
0.97481 81.41270 48.04100
1.11563 93.11023 55.49179
1.30397 108.73994 65.87170
1.08888 90.92187 54.07960
0.69551 58.10815 33.78067
1.13822 95.02865 56.73736
1.21117 100.90180 60.59753
1.26858 105.66992 63.78802
1.19657 99.63733 59.76020
0.07857 6.51686 3.73454
0.36193 30.07831 17.29924
0.23148 19.30492 11.07815
0.35231 29.32853 16.86483
1.30305 108.45625 65.67814
0.16845 13.97269 8.01229
0.27685 22.99046 13.20175
0.35659 29.58380 17.01270
0.23285 19.27860 11.06300
0.06525 5.41400 3.10237
0.66932 55.48514 32.21324
0.18351 15.24327 8.74223
0.12669 10.52335 6.03222
0.06779 5.63859 3.23110
0.18950 15.78615 9.05421
0.02592 2.15421 1.23430
0.66721 55.71131 32.34815
0.54147 45.35436 26.21418
0.33389 27.94822 16.06573
0.90741 76.16516 44.76969
0.81770 68.69925 40.18006
0.08855 7.46262 4.27676
0.15361 12.95584 7.42835
0.13148 11.15859 6.39672
0.62170 52.89041 30.66879
0.12139 10.32477 5.91829
0.10683 9.06470 5.19547
0.33813 28.80131 16.55951
0.03023 2.59179 1.48503
0.26351 22.62268 12.98964
0.05925 5.11121 2.92883
0.06131 5.28623 3.02914
0.14503 12.50291 7.16832
0.12134 10.50975 6.02442
0.12379 10.73317 6.15261
0.14707 12.78592 7.33079
0.22408 19.46984 11.17309
0.73429 63.62304 37.09796
0.06606 5.71506 3.27493
0.66191 57.20792 33.24200
0.48195 41.65933 24.04510
0.34030 29.48336 16.95451
0.04502 3.88282 2.22483
1.22138 105.22673 63.48918
0.08721 7.45801 4.27412
0.22261 18.92476 10.85933
0.06551 5.54031 3.17477
0.14162 11.94150 6.84605
1.21530 101.87292 61.24303
1.08892 90.78595 53.99219
1.13873 94.84180 56.61572
0.18556 15.38976 8.82641
0.80677 66.79904 39.02289
0.21770 17.93402 10.28925
1.30211 107.04744 64.72000
1.09727 90.16340 53.59223
0.71637 58.75312 34.16706
1.23623 101.27065 60.84245
1.41135 115.34910 70.44392
1.26646 103.30219 62.19700
0.83392 67.87288 39.67631
1.39847 113.51760 69.16440
0.87721 71.29970 41.77063
0.26830 21.61173 12.40683
0.16123 12.99343 7.44994
0.43263 34.84392 20.06649
1.37886 110.62397 67.16263
0.08119 6.49318 3.72097
0.91918 73.53799 43.14644
1.19597 95.64521 57.13921
0.10452 8.32332 4.77029
1.23525 98.18154 58.80052
0.80381 63.66173 37.12134
0.13607 10.76868 6.17299
0.12923 10.22839 5.86299
0.11453 9.03861 5.18051
0.11321 8.93145 5.11904
0.04236 3.32504 1.90520
0.11710 9.17958 5.26136
0.08496 6.66660 3.82039
0.17568 13.80036 7.91331
0.70837 55.72049 32.35362
1.34511 105.89687 63.94124
1.01889 80.38893 47.39961
1.05684 83.46040 49.32874
1.46598 115.80691 70.76533
1.30742 103.40880 62.26835
0.04482 3.53133 2.02341
0.06228 4.92766 2.82363
0.07486 5.91533 3.38973
0.11014 8.71303 4.99378
0.03232 2.56205 1.46799
1.40951 111.43636 67.72225
0.15186 12.03299 6.89856
0.43769 34.71253 19.99005
1.23631 97.92077 58.62909
1.46963 116.20591 71.04598
0.35729 28.30679 16.27324
0.36878 29.19930 16.78998
0.82432 65.27987 38.10075
0.13706 10.82975 6.20803
0.72311 57.21303 33.24506
0.89249 70.45861 41.25526
0.23054 18.23524 10.46256
0.15995 12.64710 7.25109
0.04369 3.46336 1.98446
1.24922 98.51211 59.01804
0.93621 74.10126 43.49369
0.97082 76.99967 45.28728
0.20002 15.84742 9.08943
0.40474 32.06813 18.45334
0.08526 6.73897 3.86188
0.05960 4.74002 2.71609
0.10387 8.30774 4.76135
0.13606 10.88592 6.24026
0.09109 7.30332 4.18543
0.75252 60.32368 35.10967
1.13113 90.78689 53.99279
0.03905 3.14990 1.80484
0.19685 15.94719 9.14677
1.34990 109.62371 66.47607
0.20123 16.39737 9.40556
0.16973 13.89825 7.96953
0.04481 3.67980 2.10849
0.04936 4.06863 2.33131
0.55083 45.59123 26.35355
0.15748 13.10296 7.51283
1.02621 85.86385 50.84873
1.10542 93.03249 55.44147
0.83074 70.45222 41.25135
1.04057 88.88074 52.77039
1.15062 99.42585 59.62051
0.97729 85.49042 50.61195
0.47038 41.62724 24.02630
0.11355 10.20909 5.85192
0.56762 51.72540 29.97722
0.26662 24.58365 14.12111
0.68702 64.16284 37.42435
0.04491 4.23856 2.42870
0.64063 61.36151 35.73389
0.53575 51.63742 29.92504
0.09158 8.95448 5.13226
0.57479 57.23943 33.26084
0.77275 78.52617 46.23659
0.05468 5.65602 3.24109
0.81980 87.02574 51.58696
0.81115 88.08307 52.26077
0.64053 71.39646 41.82997
0.55684 63.65212 37.11553
0.75768 88.72044 52.66788
0.26091 31.40861 18.07061
0.82473 101.33125 60.88272
0.69274 87.17976 51.68500
0.02431 3.12489 1.79050
0.63941 84.29367 49.85465
0.06569 8.85309 5.07411
0.05660 7.73798 4.43464
0.17347 23.82088 13.68084
0.44108 60.96266 35.49387
0.07282 10.07906 5.77732
0.17268 24.04031 13.80747
0.12457 17.43376 10.00150
0.12924 18.17031 10.42520
0.05910 8.36016 4.79142
0.36023 51.19866 29.66490
0.17960 25.65057 14.73728
0.05855 8.40607 4.81774
0.32237 46.54191 26.91330
0.44655 64.88594 37.86205
0.45741 66.50920 38.84676
0.46448 67.42946 39.40633
0.21193 30.55313 17.57447
0.59887 85.99480 50.93182
0.13008 18.51358 10.62271
0.05724 8.13873 4.66444
0.04992 7.08436 4.05989
0.00919 1.29727 0.74328
0.01451 2.02999 1.16312
0.02286 3.16631 1.81424
0.12619 17.33232 9.94316
0.20694 28.19922 16.21098
0.23442 31.58490 18.17289
0.11318 15.16716 8.69849
0.46609 61.89594 36.05575
0.69102 90.79700 53.99930
0.07180 9.27216 5.31446
0.29156 37.18142 21.42805
0.47564 60.41431 35.16413
0.71336 89.74122 53.32139
0.45382 57.08226 33.16687
0.03915 4.85481 2.78187
0.56316 68.84425 40.26853
0.01612 1.94476 1.11428
0.06437 7.70319 4.41470
0.09191 10.97718 6.29262
0.01782 2.12231 1.21601
0.42524 50.93011 29.50576
0.13139 15.68337 8.99514
0.10470 12.46692 7.14765
0.81532 96.66220 57.80375
0.77479 91.91844 54.72159
0.04462 5.30782 3.04151
0.21402 25.34681 14.56181
0.18629 22.05479 12.66221
0.85542 100.92450 60.61259
0.87653 103.20011 62.12871
0.33353 39.29278 22.66051
0.94450 110.60200 67.14751
0.05472 6.40672 3.67141
0.94428 110.24057 66.89914
0.11859 13.86007 7.94761
0.02003 2.34637 1.34440
0.48696 56.82758 33.01464
0.07527 8.81792 5.05394
0.09034 10.60323 6.07805
0.52346 61.55541 35.85063
0.60801 71.62377 41.96942
0.28213 33.34878 19.19711
0.01572 1.87329 1.07333
0.05629 6.75065 3.86857
0.04662 5.67632 3.25273
0.06199 7.61754 4.36558
0.20680 25.82542 14.83831
0.03102 3.95468 2.26601
0.41875 54.55874 31.66115
0.04034 5.37830 3.08191
0.05855 8.01160 4.59154
0.02052 2.89683 1.65982
0.66284 96.14681 57.46671
0.66708 99.88560 59.92433
0.73440 112.77897 68.65116
0.67916 106.32382 64.22983
0.67302 106.86777 64.59817
0.50606 82.53245 48.74437
0.64382 106.26004 64.18669
0.04165 7.16249 4.10468
0.06615 11.39931 6.53486
0.07752 13.62480 7.81248
0.14332 26.29133 15.10755
0.56338 102.64733 61.75933
0.56933 105.82097 63.88999
0.45216 89.12656 52.92766
0.32532 62.86244 36.63860
0.51091 105.75972 63.84863
0.01169 2.32516 1.33225
0.61448 123.12275 75.99306
0.46040 99.53219 59.69074
0.14724 30.13121 17.32990
0.52416 108.22889 65.52316
0.55519 123.53511 76.29318
0.41566 87.16622 51.67638
0.56529 128.46932 79.93405
0.58158 123.40496 76.19839
0.49244 106.31613 64.22463
0.47754 111.64360 67.86530
0.55573 123.66495 76.38780
0.52134 118.04580 72.34652
0.46807 113.32237 69.02859
0.48630 114.59114 69.91319
0.50182 122.11194 75.25997
0.43530 103.85355 62.56630
0.40998 96.97498 58.00856
0.55613 129.77884 80.91656
0.50350 114.35972 69.75149
0.56148 125.45022 77.69521
0.64224 136.78343 86.30101
0.46841 99.92446 59.95003
0.43438 87.50518 51.89226
0.51176 104.59269 63.06249
0.51446 103.05927 62.03453
0.52629 97.88485 58.60549
0.56227 106.60017 64.41687
0.54554 95.35694 56.95123
0.49595 87.56879 51.93279
0.47751 80.64318 47.55875
0.27451 43.30243 25.00851
0.61290 96.38624 57.62321
0.65518 95.73194 57.19580
0.53326 78.19025 46.02741
0.64417 88.65036 52.62308
0.66647 91.75934 54.61897
0.17564 23.37687 13.42465
0.43069 54.09578 31.38553
0.17139 21.33926 12.24981
0.32793 38.73440 22.33431
0.49726 58.59864 34.07448
0.56930 63.69242 37.13989
0.55595 61.97974 36.10625
0.53726 58.28602 33.88719
1.09483 113.38446 69.07177
1.18299 122.19781 75.32210
0.24458 24.38658 14.00734
0.02658 2.62475 1.50391
0.03041 2.91557 1.67056
0.04558 4.23614 2.42731
0.03417 3.13218 1.79468
0.07766 6.93058 3.97172
0.99639 87.54132 51.91529
0.21810 18.69714 10.72834
0.60048 50.90730 29.49224
0.08367 7.01046 4.01752
0.26046 21.49768 12.34110
0.07935 6.45665 3.70003
1.21626 97.30363 58.22397
1.38760 109.87765 66.65011
1.44884 113.00433 68.80759
1.31228 101.18792 60.78749
0.31925 24.37005 13.99779
0.07569 5.71262 3.27353
1.39768 104.78245 63.19009
1.19915 89.84668 53.38902
1.36534 102.37170 61.57540
0.94800 71.30245 41.77231
0.04623 3.44394 1.97333
1.50207 112.05899 68.15239
1.05651 78.69139 46.33955
0.27971 20.75787 11.91484
0.17184 12.72719 7.29708
0.42126 31.15332 17.92252
0.14302 10.58800 6.06931
0.06222 4.58324 2.62623
0.20299 15.01057 8.60852
0.11751 8.64812 4.95656
0.19683 14.38612 8.24976
0.10230 7.47347 4.28298
0.18797 13.67448 7.84102
1.41918 103.30494 62.19885
1.49413 107.93268 65.32146
0.04851 3.51230 2.01250
1.63145 117.80224 72.17374
1.39087 100.07981 60.05281
0.17121 12.28848 7.04522
0.54712 39.10961 22.55348
0.33553 23.94569 13.75286
0.12075 8.61658 4.93846
1.58052 112.55467 68.49562
1.14554 81.53339 48.11672
0.22320 15.79875 9.06146
0.42400 29.91696 17.20573
0.90610 63.77983 37.19272
0.16001 11.23840 6.44252
0.52870 37.10468 21.38330
0.08241 5.76130 3.30144
0.94847 66.37900 38.76767
0.01826 1.27020 0.72778
0.16179 11.23665 6.44152
0.28718 19.91101 11.42710
1.02735 71.27418 41.75497
1.61232 111.38125 67.68422
0.13959 9.61285 5.50988
1.18227 81.29117 47.96478
0.32131 21.98903 12.62431
0.62695 42.82178 24.72651
0.53899 36.82063 21.21770
1.58589 108.32267 65.58707
1.21173 82.99820 49.03750
1.22648 83.46654 49.33261
0.08985 6.13333 3.51469
0.35990 24.62367 14.14421
0.34882 23.88476 13.71770
0.11557 7.93639 4.54841
0.03270 2.24475 1.28618
1.60266 110.28754 66.93140
1.43617 99.10926 59.41156
0.05403 3.72932 2.13686
0.28359 19.65945 11.28225
0.86945 60.19119 35.03006
0.32572 22.61519 12.98532
0.01009 0.70204 0.40224
0.26335 18.40167 10.55831
1.52906 107.22151 64.83811
1.65782 116.33564 71.13733
0.22599 15.98356 9.16768
1.06763 75.81955 44.55561
1.49041 107.02979 64.70803
1.53065 110.77914 67.26937
1.25547 91.98772 54.76629
0.20374 15.14406 8.68522
0.14795 11.19912 6.41998
0.04411 3.37972 1.93653
0.41757 32.53737 18.72577
1.21793 96.63283 57.78453
0.28005 22.72035 13.04596
0.23759 19.62837 11.26436
0.18982 16.02725 9.19279
0.21013 18.10396 10.38702
0.08803 7.76601 4.45072
0.17436 15.70902 9.00989
0.13467 12.44907 7.13740
0.05626 5.34800 3.06454
0.01311 1.27369 0.72978
0.32565 32.52563 18.71896
0.87045 89.13811 52.93506
0.87842 92.53068 55.11692
0.93698 101.54856 61.02719
0.78669 87.33886 51.78631
0.97850 111.38967 67.69004
0.94830 109.93895 66.69215
0.80319 95.00744 56.72354
0.79081 95.06291 56.75967
0.58206 71.07347 41.63192
0.05436 6.78246 3.88681
0.05859 7.48440 4.28925
0.06150 8.00855 4.58979
0.45322 59.66958 34.71680
0.07705 10.26123 5.88184
0.81203 109.29594 66.25168
0.06569 8.94697 5.12795
0.06097 8.44864 4.84215
0.06334 8.86619 5.08162
0.06446 9.09722 5.21412
0.76965 109.24304 66.21549
0.13658 19.48220 11.18021
0.07695 11.00336 6.30764
0.73993 106.10800 64.08389
0.72858 104.67195 63.11578
0.04187 6.01983 3.44963
0.07792 11.31811 6.48827
0.68148 100.16910 60.11191
0.16190 23.71920 13.62216
0.14883 21.72371 12.47138
0.72955 104.59887 63.06664
0.83307 117.57664 72.01387
0.36005 49.80779 28.84130
0.58963 80.51793 47.48034
0.83954 113.23889 68.97056
0.76534 101.78726 61.18601
0.06842 8.96220 5.13668
0.84948 108.51730 65.71978
0.77065 96.10459 57.43912
0.67226 82.08997 48.46620
0.91257 109.22504 66.20318
0.15092 17.78309 10.20243
0.97725 112.71186 68.60462
0.67121 76.06643 44.70851
0.67881 75.43096 44.31511
0.15937 17.30780 9.92906
0.13152 14.03117 8.04588
0.23339 24.37124 13.99848
0.20569 21.17585 12.15565
0.57214 57.99754 33.71444
0.06496 6.47531 3.71073
0.69823 68.30850 39.94176
1.03913 99.74481 59.83124
1.02953 97.31762 58.23315
0.66687 62.18968 36.23279
0.24172 22.16631 12.72650
0.05481 4.95701 2.84045
0.26265 23.18506 13.31399
0.13032 11.29948 6.47757
0.01205 1.03211 0.59136
0.26242 22.33550 12.82405
0.57875 48.43937 28.03247
0.68852 56.78548 32.98949
0.40368 32.91818 18.94694
0.53740 43.28382 24.99759
1.34364 106.80991 64.55895
1.09585 85.77935 50.79513
1.17109 91.03354 54.15145
0.52033 39.87479 23.00071
0.05350 4.06106 2.32698
1.29153 97.68237 58.47250
0.02458 1.82645 1.04649
0.08708 6.34079 3.63361
0.22917 16.52381 9.47825
0.14620 10.46942 6.00128
0.14640 10.42510 5.97585
0.05386 3.77253 2.16163
0.07096 4.91577 2.81681
0.08825 6.05834 3.47171
0.11510 7.82515 4.48462
0.29279 19.86532 11.40079
1.69271 114.65706 69.95928
0.43735 29.65447 17.05364
0.06623 4.49590 2.57618
0.18071 12.30654 7.05558
0.19839 13.49689 7.73903
0.11279 7.68250 4.40283
0.04361 2.96602 1.69946
0.10499 7.16570 4.10652
0.15738 10.75226 6.16356
1.67243 113.67734 69.27560
0.17158 11.66912 6.68971
0.10409 7.09010 4.06318
1.50472 102.84444 61.89096
1.21575 83.61324 49.42512
0.33529 22.98630 13.19935
1.15418 79.22806 46.67422
1.57169 108.06786 65.41348
0.13362 9.17721 5.26000
1.61842 111.54881 67.79986
1.60855 111.09096 67.48409
1.51883 105.56924 63.72009
0.17341 12.04809 6.90723
1.05771 73.47467 43.10743
0.38151 26.55760 15.26146
0.89265 62.10041 36.17898
1.20182 84.12960 49.75101
0.04072 2.85277 1.63457
0.21849 15.32081 8.78679
0.25396 17.88200 10.25933
0.36475 25.73598 14.78663
1.58761 111.52607 67.78416
1.24252 87.65693 51.98897
1.61041 114.15760 69.61039
1.51118 107.35477 64.92858
1.31381 93.54456 55.77316
1.56973 112.27191 68.29974
1.51324 108.69607 65.84175
0.25316 18.28584 10.49167
0.09147 6.60617 3.78574
0.27807 20.14346 11.56096
0.62044 45.09586 26.06213
1.40116 102.19285 61.45616
0.78340 57.28321 33.28702
1.13723 82.77734 48.89845
1.26198 92.18921 54.89634
1.57598 115.37015 70.45869
1.36622 100.09515 60.06296
0.12107 8.90630 5.10462
0.27837 20.40909 11.71394
0.27020 19.84077 11.38666
0.64573 47.36428 27.39803
0.25007 18.28426 10.49076
0.55230 40.24007 23.21432
0.33418 24.32671 13.97278
0.35441 25.72913 14.78267
1.21268 87.93328 52.16520
0.19876 14.35649 8.23274
0.77079 55.45253 32.19380
0.80223 57.65344 33.50849
0.90256 64.53467 37.64935
0.13480 9.66215 5.53816
0.20615 14.74655 8.45682
0.14251 10.15066 5.81840
1.45711 103.45845 62.30159
0.35876 25.52628 14.66548
0.47932 34.00814 19.58037
1.56593 110.99028 67.41473
0.27303 19.22773 11.03372
0.45326 31.90465 18.35845
1.20172 84.57547 50.03276
1.35831 95.45240 57.01346
0.12525 8.81823 5.05411
1.39772 97.90053 58.61579
0.74414 51.93827 30.10349
0.16656 11.68381 6.69814
0.05261 3.69607 2.11781
1.47302 103.43294 62.28451
1.46666 102.94237 61.95639
0.17978 12.64815 7.25170
0.28521 20.12958 11.55296
0.20602 14.53728 8.33660
1.60333 113.29079 69.00663
0.26156 18.56262 10.65093
1.14585 81.70899 48.22692
0.14997 10.66639 6.11429
0.35720 25.37257 14.57669
0.13137 9.34137 5.35416
1.48272 105.68502 63.79821
1.38529 98.78618 59.19855
0.23334 16.61265 9.52932
0.55929 40.07676 23.11881
0.07765 5.53913 3.17409
1.54006 109.77689 66.58103
1.53676 109.80462 66.60004
1.46947 104.99511 63.33320
0.02991 2.13788 1.22494
0.28208 20.11458 11.54432
1.29576 92.58879 55.15448
0.32647 23.31584 13.38944
0.25530 18.28802 10.49292
1.53281 110.08450 66.79200
1.50991 108.16410 65.47902
0.49092 35.34892 20.36040
0.17092 12.33870 7.07405
1.49842 108.03149 65.38872
1.14478 82.89094 48.96996
0.81195 58.82511 34.21022
0.17257 12.59446 7.22087
0.03655 2.67356 1.53188
0.34172 25.11702 14.42909
0.44899 32.92001 18.94800
1.42791 104.72924 63.15430
1.13149 83.52623 49.37024
0.71241 52.79695 30.61327
1.31138 97.64987 58.45116
0.10471 7.79129 4.46521
0.02464 1.84154 1.05514
1.37274 102.95857 61.96722
0.05173 3.87268 2.21902
0.29735 22.46110 12.89647
0.61248 46.25390 26.74365
1.31695 99.66755 59.78018
1.01196 76.77990 45.15087
0.02817 2.14475 1.22888
0.68654 52.51442 30.44548
1.21811 93.22818 55.56817
1.47405 113.17413 68.92555
0.06162 4.74157 2.71697
1.04471 80.73737 47.61773
0.20029 15.56187 8.92532
0.36780 28.50771 16.38953
1.46681 114.31879 69.72290
1.39797 108.93290 66.00348
0.21782 17.06425 9.78900
1.34111 105.44695 63.63762
1.27978 100.71249 60.47194
1.36327 107.89288 65.29437
0.10863 8.63381 4.94835
0.86841 69.20810 40.49065
0.79856 63.89648 37.26325
0.08374 6.74879 3.86751
1.00393 81.56086 48.13396
0.53909 44.10533 25.47993
0.62490 51.45423 29.81640
0.11965 9.92381 5.68826
1.31847 110.03954 66.76115
0.80106 67.58264 39.49957
0.37523 31.93520 18.37618
0.06007 5.16200 2.95794
1.28335 111.27390 67.61019
0.07447 6.54612 3.75132
0.06254 5.59468 3.20593
0.44347 40.43515 23.32844
1.14951 106.40234 64.28295
0.74988 70.73611 41.42520
0.10068 9.74716 5.58692
0.72240 71.59602 41.95240
1.10608 112.77868 68.65097
0.92203 96.55051 57.73066
0.08200 8.86221 5.07934
0.08385 9.35694 5.36309
0.06550 7.53747 4.31967
0.89581 107.41122 64.96692
0.06040 7.47217 4.28223
0.91137 116.61013 71.33080
0.11901 15.74317 9.02951
0.67405 92.54258 55.12461
0.03846 5.43950 3.11699
0.05670 8.37269 4.79860
0.01409 2.19144 1.25562
0.05262 8.39349 4.81053
0.65081 106.88595 64.61049
0.65445 114.51212 69.85796
0.71382 124.66232 77.11674
0.64246 120.16712 73.85953
0.62459 113.66283 69.26550
0.48832 89.73515 53.31751
0.47605 92.64828 55.19293
0.66977 125.54070 77.76178
0.54761 104.09235 62.72646
0.59666 119.78063 73.58276
0.58653 114.18614 69.63030
0.65309 132.97559 83.34592
0.64828 129.54556 80.74101
0.62104 125.62768 77.82582
0.58000 121.04161 74.48763
0.59522 123.03774 75.93126
0.60279 125.97917 78.08488
0.42665 89.45429 53.13751
0.42514 88.60427 52.59363
0.41484 84.74188 50.13800
0.52237 106.01162 64.01876
0.51774 103.97405 62.64710
0.67847 132.38360 82.89263
0.52045 102.82805 61.88001
0.64115 122.77121 75.73769
0.49914 96.92483 57.97570
0.44942 85.11630 50.37495
0.56023 99.63087 59.75593
0.25381 46.00452 26.59680
0.42552 72.53434 42.52873
0.50416 88.17333 52.31838
0.68440 117.09103 71.67030
0.65958 106.13119 64.09957
0.78347 127.23889 79.01727
0.71911 109.30895 66.26058
0.85264 132.15962 82.72154
0.66464 101.00379 60.66522
0.73924 105.36303 63.58103
0.76525 110.07242 66.78372
0.95115 130.19701 81.23182
0.64973 88.03357 52.22918
0.57068 73.84008 43.33263
0.84241 106.88303 64.60852
0.45894 56.60382 32.88095
0.84467 101.05106 60.69660
0.02217 2.59647 1.48771
0.61507 70.17974 41.08459
0.27511 30.75217 17.68987
0.44325 48.35754 27.98415
0.41984 44.85831 25.92244
0.65742 68.56860 40.10036
0.43052 44.06373 25.45550
0.97767 98.01828 58.69318
0.20386 20.11139 11.54249
0.30148 29.23870 16.81279
0.17205 16.35929 9.38367
0.81839 76.47021 44.95878
0.03560 3.27475 1.87638
0.15292 13.84335 7.93800
0.08069 7.19523 4.12345
0.06981 6.12667 3.51087
0.17985 15.56204 8.92541
0.16849 14.42650 8.27296
0.46517 39.14508 22.57420
0.31629 26.28003 15.10102
0.22422 18.38054 10.54615
0.21727 17.64725 10.12429
0.14096 11.34037 6.50104
0.19138 15.18197 8.70700
0.35640 27.82363 15.99364
0.05511 4.25916 2.44050
0.45488 34.74312 20.00785
0.42902 32.51189 18.71097
0.93120 69.77752 40.83858
0.36606 27.01534 15.52611
0.92599 67.66853 39.55186
1.16308 84.25944 49.83303
1.19577 85.84025 50.83376
0.08544 6.06039 3.47288
0.05897 4.14144 2.37304
0.34037 23.69384 13.60753
1.41936 97.61162 58.42605
0.78980 53.66160 31.12722
0.31340 21.18806 12.16269
0.95271 63.36205 36.94026
0.93254 61.72840 35.95482
0.36080 23.83466 13.68879
1.41417 93.58347 55.79838
0.18954 12.55704 7.19939
0.12105 8.03567 4.60534
0.04001 2.66178 1.52513
0.96795 64.24871 37.47629
1.58184 105.46202 63.64778
0.49319 32.59591 18.75977
1.27182 84.50499 49.98820
1.34321 89.30113 53.03942
0.16186 10.76699 6.17201
0.03927 2.61253 1.49691
1.12187 74.52922 43.75780
0.05651 3.76118 2.15512
1.09228 73.02581 42.83105
1.01196 67.77279 39.61535
1.16882 78.57048 46.26420
0.07247 4.85163 2.78005
1.44636 96.97441 58.00818
1.29545 87.39153 51.81986
0.96621 65.10203 37.99297
0.73532 49.68820 28.77055
0.23527 15.89352 9.11593
0.37337 25.39769 14.59120
0.67317 45.71772 26.42798
1.52684 103.42941 62.28215
0.49644 33.83215 19.47805
0.99590 68.07442 39.79909
1.15921 79.29825 46.71803
1.57395 107.90869 65.30513
0.33911 23.28860 13.37372
0.68094 46.83684 27.08708
0.16687 11.49368 6.58902
0.91767 63.29147 36.89763
0.45061 31.22474 17.96395
0.57695 39.87713 23.00207
0.80750 55.96493 32.49948
0.56645 39.34311 22.68992
1.55155 108.12365 65.45147
0.73962 51.54405 29.86967
0.48828 34.06866 19.61556
0.34546 24.13189 13.86033
0.27521 19.27252 11.05950
0.87675 61.64366 35.90378
1.47723 104.01756 62.67628
0.28500 20.11852 11.54659
1.44641 101.73535 61.15146
0.26955 19.13825 10.98221
0.35544 25.30756 14.53914
1.42151 101.25872 60.83452
0.10560 7.53237 4.31675
0.14094 10.07956 5.77761
0.13001 9.30361 5.33250
1.52000 109.05289 66.08547
0.21249 15.34806 8.80244
0.86097 62.21349 36.24715
0.00070 0.05072 0.02906
1.02866 74.71322 43.87143
0.07828 5.70128 3.26703
0.63711 46.50703 26.89274
0.04359 3.17859 1.82127
0.16136 11.80872 6.76983
0.31389 22.99354 13.20353
0.09666 7.07996 4.05736
1.05826 77.65786 45.69620
0.59922 43.86163 25.33680
0.16215 11.91756 6.83230
0.83912 61.69333 35.93370
1.32562 97.50804 58.35807
0.93721 69.08804 40.41734
0.15110 11.10343 6.36507
1.45798 107.52509 65.04428
0.80800 59.56591 34.65457
0.63495 46.83475 27.08585
1.10669 81.82028 48.29680
0.83844 61.89322 36.05412
0.03918 2.89486 1.65869
0.04972 3.68035 2.10880
0.13883 10.26022 5.88125
1.49177 110.50037 67.07764
0.73293 54.26238 31.48469
0.82906 61.53044 35.83559
0.25980 19.28980 11.06945
1.02146 75.82757 44.56058
1.36559 101.83656 61.21883
0.93172 69.43499 40.62924
0.95942 71.67077 41.99827
0.78071 58.64415 34.10175
0.12313 9.27561 5.31644
0.72815 54.66412 31.72392
0.81555 61.57577 35.86289
0.25256 19.12108 10.97233
0.23837 18.10121 10.38544
1.07035 81.57792 48.14466
0.51065 38.92241 22.44412
0.32853 25.12367 14.43293
0.29688 22.71892 13.04514
0.21322 16.41828 9.41758
0.63191 48.68172 28.17561
0.12452 9.59681 5.50068
0.08167 6.29517 3.60746
0.11984 9.28025 5.31910
0.13846 10.74536 6.15960
0.20452 15.99788 9.17592
0.70470 54.92055 31.87668
0.26278 20.57452 11.80923
0.87100 68.36101 39.97377
0.33897 26.71100 15.35014
0.12746 10.01555 5.74089
1.06374 83.77167 49.52506
0.07912 6.26095 3.58785
0.19820 15.71648 9.01417
0.12491 9.95148 5.70413
0.11084 8.80688 5.04760
0.25206 20.13898 11.55838
0.02837 2.26544 1.29803
1.35285 108.73420 65.86778
0.43414 35.05547 20.18960
0.40598 32.67616 18.80637
0.59631 48.22779 27.90754
0.98223 79.71295 46.97697
0.10195 8.30541 4.76002
0.16876 13.89636 7.96845
0.14202 11.80622 6.76840
0.01728 1.46467 0.83920
0.39937 34.29550 19.74747
0.20678 17.96938 10.30960
0.21230 18.90936 10.85047
0.18847 17.01114 9.75846
0.22380 20.35804 11.68454
0.01646 1.50281 0.86106
0.05369 4.89900 2.80720
0.31528 28.71360 16.50873
0.04347 3.96618 2.27260
0.22296 20.53737 11.78783
0.03168 2.92561 1.67631
0.11037 10.22682 5.86209
0.03807 3.53176 2.02366
1.13961 106.08359 64.06740
0.10462 9.78443 5.60831
0.71169 66.90396 39.08668
1.09772 103.28792 62.18746
0.36528 34.65394 19.95596
0.37033 35.14421 20.24124
0.28396 26.88256 15.44933
0.13724 12.91691 7.40600
0.35359 33.14295 19.07752
0.43088 40.09749 23.13093
0.48428 44.92242 25.96014
0.40146 37.10190 21.38168
0.67537 61.95901 36.09376
1.14740 104.73410 63.15757
1.24599 113.33775 69.03929
0.65955 59.63810 34.69790
1.19252 107.25107 64.85817
0.04152 3.70098 2.12063
0.04588 4.07024 2.33224
0.21342 18.79032 10.78196
0.87878 77.22754 45.42878
1.27145 111.00478 67.42472
1.29900 112.69184 68.59073
1.17526 101.05678 60.70040
0.43024 36.87511 21.24946
1.33727 113.60562 69.22567
1.06163 89.73496 53.31739
0.57389 48.16528 27.87064
0.80816 67.14086 39.23074
1.20743 99.83007 59.88761
0.21392 17.54036 10.06281
0.19355 15.75713 9.03753
1.13252 91.64993 54.54843
0.75483 60.56387 35.25404
0.05198 4.13342 2.36844
0.05447 4.28148 2.45330
1.04619 81.68021 48.20886
0.02643 2.04203 1.17002
0.21353 16.40344 9.40905
0.28970 22.12623 12.70340
0.15106 11.39020 6.52964
0.04253 3.18364 1.82417
0.37144 27.66741 15.90326
0.15729 11.56267 6.62862
0.26676 19.52371 11.20410
1.51048 109.97225 66.71499
1.53051 110.62459 67.16305
1.09460 78.85231 46.43985
0.49764 35.42916 20.40711
1.23995 87.73522 52.03888
1.49205 104.83791 63.22740
0.05540 3.87808 2.22211
0.03654 2.54388 1.45758
0.07829 5.42387 3.10803
0.09618 6.67249 3.82376
1.35561 93.91832 56.01558
0.26136 18.14132 10.40852
0.21833 15.15709 8.69271
0.80840 56.20743 32.64423
0.53881 37.50189 21.61495
0.27871 19.39632 11.13077
0.21606 15.06266 8.63845
0.07348 5.09860 2.92160
0.98517 68.69942 40.18016
0.31935 22.29058 12.79815
0.19901 13.93441 7.99030
1.04978 73.77669 43.29355
1.12969 79.28299 46.70850
0.17937 12.63967 7.24683
0.56178 39.71447 22.90697
0.24268 17.16130 9.84480
0.58457 41.39371 23.88952
0.10399 7.36901 4.22309
0.10708 7.64194 4.37957
0.11644 8.35043 4.78584
0.01494 1.07195 0.61418
1.28831 92.42035 55.04563
0.23657 16.98245 9.74196
1.42752 102.94682 61.95937
0.18600 13.47263 7.72510
1.43934 104.60556 63.07114
0.26592 19.34031 11.09852
1.02374 74.59132 43.79615
0.87159 63.74684 37.17279
0.03276 2.39915 1.37464
0.20029 14.76246 8.46596
0.29113 21.41929 12.29593
1.21990 90.14769 53.58215
0.87686 65.11166 37.99881
1.34144 99.83163 59.88864
0.49703 37.12456 21.39489
0.37333 27.84718 16.00727
0.90308 67.65732 39.54504
0.78194 58.97915 34.30257
1.00301 76.17289 44.77448
0.21875 16.82364 9.65064
0.95645 74.63387 43.82242
0.98039 77.82308 45.79893
0.20810 16.83934 9.65967
0.26296 21.75545 12.48967
0.04957 4.20715 2.41070
0.09752 8.42890 4.83084
1.29816 115.26594 70.38561
0.30719 28.05723 16.12881
0.37145 34.94838 20.12727
0.25830 24.90366 14.30588
0.90733 90.64646 53.90251
0.09403 9.67776 5.54711
0.77599 82.62559 48.80296
0.65796 72.86239 42.73049
0.03311 3.79162 2.17257
0.29950 35.63742 20.52836
0.15180 18.78551 10.77920
0.19453 24.72630 14.20347
0.06289 8.12186 4.65476
0.12812 16.54712 9.49165
0.10892 14.09958 8.08517
0.64071 83.12563 49.11776
0.54818 71.27789 41.75725
0.70945 93.03521 55.44323
0.45626 59.71245 34.74254
0.58636 77.40679 45.54014
0.09558 12.66436 7.26100
0.55130 73.34880 43.02990
0.70907 94.79859 56.58760
0.17879 23.97842 13.77175
0.29174 39.27352 22.64925
0.02741 3.71851 2.13067
0.08284 11.23896 6.44284
0.03748 5.05622 2.89731
0.03051 4.08928 2.34315
0.29778 39.51428 22.78995
0.06481 8.56295 4.90771
0.25407 33.39557 19.22430
0.22865 29.83249 17.15679
0.76337 99.44187 59.63109
0.72977 94.37845 56.31439
0.14707 18.80008 10.78758
0.24912 31.52661 18.13907
0.92938 116.55073 71.28891
0.81549 102.56845 61.70667
0.33553 42.18096 24.35076
0.00600 0.74904 0.42917
0.34414 42.63908 24.61936
0.88288 107.72930 65.18310
0.58999 71.71212 42.02364
0.16803 20.28551 11.64276
0.33953 40.82057 23.55397
0.06076 7.26000 4.16059
0.09030 10.69002 6.12785
0.23734 27.80435 15.98249
0.88859 102.40809 61.59968
0.81679 93.27821 55.60057
0.02621 2.96129 1.69676
0.88705 99.31499 59.54732
0.63348 70.21876 41.10846
1.04314 114.63400 69.94315
0.83767 91.14523 54.22333
1.06617 115.20017 70.33950
1.07964 115.75165 70.72651
0.03407 3.64296 2.08738
0.03902 4.15724 2.38210
1.02096 109.04146 66.07766
0.50270 53.68753 31.14264
0.12980 13.87068 7.95370
0.31578 33.80492 19.46222
0.61903 66.25876 38.69465
0.58835 63.07822 36.76885
0.28155 30.15789 17.34536
0.08491 9.15322 5.24624
0.53617 57.97698 33.70213
0.13828 14.99809 8.60135
0.67370 73.30307 43.00174
0.03995 4.36339 2.50024
0.53151 58.31489 33.90448
0.01944 2.16158 1.23852
0.03541 4.00950 2.29743
0.10283 11.94456 6.84780
0.01763 2.08897 1.19691
0.83972 101.09455 60.72548
0.01186 1.43473 0.82205
0.89130 108.02455 65.38399
0.04668 5.66226 3.24467
0.87192 106.28701 64.20493
0.02588 3.17522 1.81934
0.00791 0.97391 0.55801
0.02832 3.50404 2.00777
0.31698 39.18311 22.59642
0.85643 106.55664 64.38740
0.04415 5.52125 3.16384
0.91702 114.95590 70.16839
0.86071 108.09331 65.43081
