0.02732 2.27806 1.30526
0.02967 2.50274 1.43400
0.01386 1.16295 0.66633
0.02255 1.89182 1.08395
0.02271 1.89967 1.08845
0.01203 1.01032 0.57888
0.00488 0.40864 0.23413
0.04662 3.91234 2.24175
0.02008 1.68477 0.96532
0.04258 3.57228 2.04688
0.03513 2.94553 1.68772
0.01493 1.25282 0.71782
0.00867 0.72609 0.41602
0.01435 1.20434 0.69004
0.02290 1.91834 1.09915
0.00244 0.20444 0.11713
0.02597 2.17548 1.24648
0.01420 1.18829 0.68084
0.00927 0.77608 0.44466
0.00656 0.54889 0.31449
0.07184 6.01503 3.44688
0.02585 2.15975 1.23747
0.02424 2.02184 1.15845
0.02376 1.98658 1.13824
0.04100 3.44086 1.97156
0.04477 3.73031 2.13744
0.03220 2.67312 1.53163
0.02186 1.83863 1.05347
0.01290 1.07963 0.61859
0.00776 0.64739 0.37093
0.02703 2.25726 1.29334
0.02405 2.00727 1.15010
0.02350 1.95946 1.12271
0.00952 0.79459 0.45527
0.01641 1.37085 0.78544
0.00471 0.39332 0.22536
0.01068 0.89003 0.50995
0.00766 0.63807 0.36559
0.03722 3.09924 1.77580
0.03506 2.90836 1.66643
0.00453 0.37634 0.21563
0.01050 0.87583 0.50181
0.01211 1.00849 0.57782
0.01645 1.36944 0.78464
0.01277 1.05936 0.60697
0.03332 2.76729 1.58559
0.04400 3.65039 2.09164
0.01373 1.13699 0.65145
0.00828 0.68672 0.39347
0.00453 0.37575 0.21529
0.07305 6.06775 3.47710
0.01339 1.11246 0.63740
0.02334 1.94184 1.11261
0.00949 0.79092 0.45316
0.00881 0.73208 0.41945
0.02236 1.86744 1.06998
0.02773 2.32302 1.33102
0.03729 3.12121 1.78840
0.00275 0.23079 0.13223
0.01736 1.45838 0.83560
0.01139 0.95999 0.55004
0.03576 3.01641 1.72834
0.01719 1.45887 0.83588
0.01233 1.04853 0.60077
0.01549 1.31715 0.75468
0.02637 2.23762 1.28209
0.01682 1.43253 0.82079
0.03019 2.58857 1.48318
0.02249 1.93086 1.10632
0.04935 4.25784 2.43975
0.01326 1.14365 0.65527
0.02996 2.58276 1.47985
0.03486 3.01949 1.73011
0.01282 1.11149 0.63684
0.00994 0.86442 0.49528
0.00851 0.73917 0.42351
0.02492 2.15891 1.23699
0.01252 1.08340 0.62075
0.00209 0.18039 0.10336
0.01659 1.43447 0.82190
0.02147 1.86031 1.06590
0.02554 2.20300 1.26225
0.04734 4.07856 2.33700
0.03418 2.92298 1.67480
0.03006 2.55579 1.46440
0.03613 3.05573 1.75087
0.01860 1.56812 0.89847
0.01290 1.08176 0.61981
0.03277 2.73180 1.56525
0.06058 5.04595 2.89142
0.04330 3.59110 2.05766
0.02732 2.26209 1.29611
0.01855 1.52832 0.87567
0.04850 3.98714 2.28462
0.04346 3.57098 2.04613
0.04473 3.66865 2.10210
0.02348 1.92382 1.10229
0.02664 2.17689 1.24729
0.02711 2.21143 1.26708
0.06282 5.11267 2.92967
0.02664 2.16215 1.23885
0.01752 1.42440 0.81613
0.01435 1.15610 0.66240
0.02692 2.16969 1.24317
0.01904 1.53372 0.87877
0.01916 1.53715 0.88073
0.02995 2.39562 1.37262
0.01598 1.27833 0.73243
0.00701 0.56023 0.32099
0.03452 2.74908 1.57516
0.03436 2.73111 1.56486
0.02570 2.03544 1.16624
0.01935 1.53156 0.87753
0.03852 3.04834 1.74664
0.01675 1.32199 0.75745
0.00840 0.66273 0.37972
0.01403 1.10135 0.63103
0.02741 2.14890 1.23126
0.01440 1.13005 0.64747
0.04405 3.46003 1.98255
0.01995 1.56957 0.89931
0.01684 1.32593 0.75971
0.03469 2.73718 1.56834
0.02369 1.87080 1.07191
0.01635 1.29183 0.74017
0.00921 0.72867 0.41750
0.03223 2.53989 1.45529
0.00552 0.43634 0.25001
0.00974 0.76985 0.44110
0.00976 0.77212 0.44240
0.03301 2.61702 1.49948
0.01820 1.43891 0.82444
0.01468 1.16329 0.66652
0.03107 2.46429 1.41197
0.02078 1.64618 0.94320
0.00342 0.27007 0.15474
0.03886 3.07863 1.76399
0.02251 1.78226 1.02118
0.03113 2.46496 1.41235
0.01074 0.84824 0.48601
0.01692 1.33851 0.76692
0.03145 2.48262 1.42247
0.01879 1.48636 0.85163
0.03271 2.58647 1.48198
0.01536 1.21742 0.69754
0.00253 0.19987 0.11451
0.01430 1.13158 0.64835
0.01369 1.08581 0.62213
0.00930 0.73714 0.42235
0.03316 2.62761 1.50555
0.02299 1.81708 1.04112
0.00984 0.78263 0.44842
0.01240 0.99183 0.56828
0.02362 1.88966 1.08271
0.03284 2.63278 1.50851
0.01688 1.35336 0.77542
0.01216 0.97637 0.55942
0.02149 1.73390 0.99347
0.01291 1.04594 0.59928
0.01330 1.07997 0.61878
0.00402 0.32768 0.18775
0.01162 0.95152 0.54518
0.01955 1.60582 0.92008
0.00881 0.72646 0.41623
0.00866 0.71692 0.41077
0.01270 1.05679 0.60550
0.00715 0.59816 0.34272
0.01240 1.04376 0.59803
0.00153 0.13014 0.07457
0.01813 1.54855 0.88726
0.01444 1.24807 0.71509
0.01811 1.58431 0.90775
0.00939 0.83105 0.47616
0.01684 1.51408 0.86751
0.01578 1.43787 0.82385
0.00459 0.42365 0.24273
0.01169 1.09191 0.62562
0.00788 0.74386 0.42620
0.02105 2.01599 1.15510
0.02294 2.21061 1.26661
0.01943 1.89986 1.08856
0.01280 1.27456 0.73028
0.00613 0.62303 0.35697
0.01339 1.38482 0.79345
0.05929 6.29370 3.60662
0.02019 2.19267 1.25633
0.01067 1.18935 0.68145
0.00667 0.76238 0.43681
0.02308 2.70207 1.54822
0.02249 2.70758 1.55138
0.00325 0.39946 0.22887
0.00885 1.11410 0.63834
0.02801 3.59985 2.06268
0.01707 2.25070 1.28958
0.00272 0.36659 0.21004
0.01376 1.88156 1.07807
0.00020 0.02758 0.01580
0.01195 1.65188 0.94647
0.00113 0.15661 0.08973
0.01731 2.40982 1.38076
0.00528 0.73909 0.42347
0.00140 0.19668 0.11269
0.00746 1.05453 0.60420
0.02392 3.40041 1.94839
0.00980 1.40000 0.80215
0.00325 0.46713 0.26764
0.00773 1.11636 0.63963
0.01951 2.83459 1.62415
0.00412 0.59959 0.34354
0.01816 2.63562 1.51014
0.00913 1.31628 0.75418
0.01052 1.51001 0.86518
0.03139 4.46733 2.55980
0.00342 0.48681 0.27892
0.01580 2.24200 1.28460
0.00783 1.10546 0.63338
0.01792 2.50631 1.43605
0.00112 0.15472 0.08865
0.00876 1.20270 0.68910
0.01574 2.14448 1.22872
0.01256 1.69180 0.96934
0.01393 1.86685 1.06964
0.04415 5.86238 3.35938
0.00652 0.85701 0.49103
0.01841 2.37781 1.36241
0.02500 3.18794 1.82663
0.01517 1.92711 1.10417
0.02173 2.73390 1.56646
0.01440 1.81182 1.03811
0.01564 1.93883 1.11089
0.02619 3.20184 1.83460
0.03116 3.75974 2.15430
0.02656 3.17804 1.82096
0.03001 3.58461 2.05394
0.02827 3.36718 1.92935
0.02586 3.09772 1.77493
0.01190 1.42008 0.81365
0.01553 1.84903 1.05943
0.03494 4.14262 2.37371
0.01748 2.07367 1.18814
0.00593 0.70530 0.40411
0.01661 1.96761 1.12737
0.00488 0.57747 0.33087
0.02079 2.45305 1.40553
0.00600 0.70646 0.40477
0.03000 3.53457 2.02526
0.01123 1.31449 0.75315
0.02453 2.87189 1.64553
0.01428 1.66704 0.95515
0.03450 4.03212 2.31039
0.04956 5.80673 3.32748
0.01821 2.12534 1.21775
0.02205 2.58328 1.48015
0.08252 9.68522 5.55139
0.01862 2.18906 1.25427
0.03078 3.62601 2.07766
0.04245 5.01811 2.87547
0.01656 1.97315 1.13055
0.02333 2.79779 1.60307
0.01765 2.14912 1.23138
0.03359 4.12741 2.36500
0.03725 4.65208 2.66569
0.03043 3.87959 2.22298
0.03526 4.59367 2.63221
0.01159 1.54515 0.88531
0.00866 1.18470 0.67879
0.02440 3.44475 1.97380
0.01647 2.38913 1.36890
0.01571 2.35219 1.34774
0.00724 1.11235 0.63733
0.02699 4.22564 2.42129
0.02914 4.62770 2.65172
0.02751 4.48671 2.57091
0.01622 2.67774 1.53428
0.02164 3.72108 2.13214
0.02656 4.57706 2.62269
0.05536 9.73006 5.57712
0.02719 4.98804 2.85823
0.04717 8.59414 4.92560
0.04754 8.83586 5.06422
0.06183 12.18723 6.98710
0.04672 9.02801 5.17443
0.03372 6.98120 4.00074
0.01858 3.69550 2.11748
0.07918 15.86502 9.09955
0.02721 5.88150 3.37034
0.09261 18.95153 10.87474
0.04220 8.71437 4.99455
0.07826 17.41452 9.99043
0.04981 10.44623 5.98797
0.09972 22.66368 13.01328
0.01373 2.91437 1.66987
0.04357 9.40712 5.39187
0.05639 13.18360 7.55913
0.02863 6.37171 3.65134
0.05062 11.46109 6.57032
0.05832 14.11900 8.09633
0.04228 9.96200 5.71017
0.10319 25.11040 14.42527
0.06225 14.85115 8.51692
0.03207 7.58532 4.34711
0.07835 18.28452 10.49090
0.08605 19.54500 11.21636
0.06610 14.76849 8.46943
0.16975 36.15261 20.82842
0.05847 12.47242 7.15081
0.03689 7.43187 4.25913
0.04421 9.03480 5.17832
0.05426 10.86890 6.23049
0.01393 2.59060 1.48435
0.08647 16.39423 9.40375
0.03703 6.47320 3.70952
0.01034 1.82578 1.04611
0.07831 13.22508 7.58294
0.07136 11.25661 6.45297
0.05878 9.24363 5.29810
0.05112 7.46923 4.28055
0.03655 5.35928 3.07101
0.06358 8.74989 5.01492
0.00281 0.38697 0.22172
0.03882 5.16660 2.96057
0.00730 0.91686 0.52533
0.06372 7.93280 4.54635
0.01223 1.44450 0.82764
0.03199 3.77001 2.16019
0.01359 1.52003 0.87092
0.08338 9.29580 5.32802
0.04253 4.61434 2.64406
0.05683 5.88584 3.37283
0.03235 3.34147 1.91461
0.00357 0.35578 0.20384
0.01079 1.06589 0.61071
0.02195 2.10471 1.20593
0.04152 3.85878 2.21106
0.03320 3.04324 1.74371
0.01161 1.03616 0.59368
0.01757 1.54409 0.88471
0.03456 2.96258 1.69749
0.02152 1.82482 1.04556
0.02105 1.76392 1.01067
0.05447 4.49590 2.57618
0.03005 2.44486 1.40084
0.00859 0.68753 0.39393
0.03543 2.80560 1.60754
0.02237 1.74483 0.99973
0.01152 0.88850 0.50907
0.01210 0.92401 0.52942
0.01511 1.14048 0.65345
0.01045 0.78315 0.44871
0.03036 2.27462 1.30329
0.02589 1.94098 1.11212
0.01566 1.17770 0.67477
0.01068 0.79594 0.45604
0.01613 1.20346 0.68953
0.01470 1.09457 0.62715
0.01363 1.01119 0.57937
0.03376 2.50003 1.43245
0.01345 0.99466 0.56990
0.01075 0.79558 0.45584
0.00559 0.41181 0.23595
0.00891 0.65889 0.37752
0.01531 1.12648 0.64543
0.02649 1.93600 1.10927
0.03398 2.48239 1.42234
0.01282 0.93249 0.53428
0.03228 2.34966 1.34628
0.02089 1.50915 0.86469
0.03395 2.45833 1.40855
0.02745 1.98230 1.13579
0.02771 1.99393 1.14246
0.03191 2.29063 1.31246
0.02450 1.75107 1.00330
0.04242 3.02745 1.73467
0.00252 0.17969 0.10296
0.00670 0.47709 0.27336
0.00387 0.27560 0.15791
0.00603 0.42680 0.24454
0.02915 2.05677 1.17846
0.01106 0.77839 0.44598
0.02414 1.69563 0.97153
0.03215 2.25651 1.29291
0.02590 1.81044 1.03732
0.02996 2.09690 1.20146
0.02243 1.56022 0.89395
0.02007 1.39356 0.79846
0.03134 2.17278 1.24494
0.00805 0.55865 0.32008
0.01509 1.04214 0.59710
0.03648 2.51194 1.43927
0.03138 2.15777 1.23633
0.01108 0.75800 0.43430
0.04971 3.39544 1.94554
0.04176 2.85295 1.63468
0.00975 0.66569 0.38141
0.02771 1.89827 1.08765
0.07017 4.77529 2.73630
0.01594 1.08810 0.62344
0.01566 1.07116 0.61373
0.03081 2.11001 1.20897
0.02382 1.63569 0.93719
0.05098 3.49963 2.00524
0.01820 1.25276 0.71778
0.02813 1.94103 1.11214
0.01623 1.12023 0.64185
0.02597 1.80058 1.03167
0.03812 2.63876 1.51194
0.00605 0.41983 0.24055
0.07917 5.50762 3.15603
0.02737 1.91283 1.09599
0.02866 2.00975 1.15152
0.07310 5.12957 2.93935
0.05679 4.01648 2.30143
0.01461 1.03780 0.59462
0.08769 6.29692 3.60846
0.02296 1.66178 0.95214
0.01979 1.44975 0.83066
0.02046 1.52098 0.87146
0.03493 2.64413 1.51502
0.01050 0.80409 0.46071
0.01961 1.52799 0.87548
0.03537 2.80625 1.60791
0.01820 1.47678 0.84614
0.03036 2.50822 1.43714
0.04672 3.94430 2.26007
0.03125 2.69245 1.54271
0.02587 2.28227 1.30767
0.00373 0.33613 0.19259
0.00575 0.53184 0.30472
0.00401 0.38078 0.21817
0.01359 1.32027 0.75646
0.01698 1.69554 0.97148
0.01289 1.31948 0.75601
0.00466 0.49053 0.28105
0.00354 0.38336 0.21965
0.02549 2.83043 1.62177
0.00729 0.83029 0.47572
0.01933 2.24152 1.28432
0.01270 1.50275 0.86102
0.02018 2.42526 1.38960
0.02634 3.21634 1.84290
0.00803 1.00187 0.57403
0.00609 0.77818 0.44587
0.01431 1.86357 1.06776
0.01324 1.74358 0.99901
0.03236 4.30924 2.46920
0.01446 1.94588 1.11492
0.01188 1.61785 0.92697
0.01733 2.40206 1.37631
0.04407 6.16774 3.53442
0.01429 2.01708 1.15572
0.01089 1.54566 0.88561
0.02587 3.69026 2.11448
0.01664 2.37898 1.36309
0.01162 1.66626 0.95471
0.01510 2.16876 1.24263
0.00815 1.17213 0.67159
0.01019 1.47964 0.84778
0.01551 2.27946 1.30606
0.02814 4.12254 2.36221
0.01271 1.85510 1.06291
0.01922 2.75521 1.57867
0.01253 1.76863 1.01336
0.01750 2.42083 1.38707
0.03716 5.07378 2.90737
0.02909 3.92394 2.24840
0.05109 6.79411 3.89349
0.01590 2.08214 1.19300
0.00934 1.19253 0.68328
0.04447 5.54587 3.17796
0.04975 6.07544 3.48151
0.03826 4.57982 2.62427
0.02446 2.88218 1.65143
0.04566 5.26614 3.01762
0.04125 4.67437 2.67846
0.01557 1.73050 0.99152
0.03258 3.53828 2.02739
0.03716 3.96423 2.27148
0.02801 2.92439 1.67561
0.01279 1.31705 0.75462
0.01625 1.64701 0.94368
0.02382 2.37467 1.36062
0.00750 0.73406 0.42058
0.01338 1.28406 0.73572
0.01021 0.96555 0.55322
0.04365 4.07027 2.33225
0.01853 1.69941 0.97370
0.01974 1.78542 1.02298
0.03124 2.75739 1.57992
0.02184 1.89394 1.08517
0.02688 2.30334 1.31975
0.02550 2.17058 1.24367
0.01853 1.55054 0.88840
0.01085 0.89466 0.51260
0.03064 2.49823 1.43142
0.10610 8.54564 4.89778
0.03193 2.53798 1.45419
0.04177 3.26924 1.87322
0.01296 1.00751 0.57726
0.02198 1.68445 0.96513
0.03528 2.67775 1.53428
0.01612 1.21950 0.69873
0.01691 1.25648 0.71992
0.00774 0.56328 0.32274
0.04131 2.97824 1.70647
0.02508 1.79635 1.02925
0.02048 1.45859 0.83572
0.02194 1.53651 0.88036
0.02787 1.93059 1.10616
0.07072 4.85444 2.78166
0.02297 1.56188 0.89490
0.11032 7.48499 4.28959
0.02244 1.52006 0.87094
0.03997 2.71015 1.55285
0.00639 0.43348 0.24836
0.01936 1.31838 0.75538
0.01309 0.89070 0.51033
0.00570 0.38846 0.22257
0.03704 2.51940 1.44355
0.04438 3.02911 1.73562
0.26195 17.89700 10.26796
0.01249 0.84913 0.48652
0.03658 2.48785 1.42547
0.08398 5.72001 3.27777
0.04234 2.89389 1.65813
0.01925 1.32400 0.75860
0.01887 1.29397 0.74140
0.00151 0.10350 0.05930
0.01088 0.74831 0.42875
0.03624 2.48923 1.42626
0.03609 2.48739 1.42520
0.01242 0.85799 0.49159
0.01919 1.33379 0.76421
0.05842 4.05851 2.32552
0.01492 1.03649 0.59387
0.06006 4.18077 2.39558
0.02703 1.88011 1.07724
0.02156 1.50915 0.86469
0.04122 2.88800 1.65476
0.01754 1.22990 0.70468
0.02121 1.49357 0.85576
0.02753 1.94246 1.11297
0.02567 1.80334 1.03325
0.04114 2.90244 1.66304
0.01231 0.87238 0.49984
0.03611 2.56503 1.46969
0.01192 0.84853 0.48617
0.03050 2.18150 1.24993
0.02167 1.55671 0.89194
0.04020 2.90384 1.66383
0.00858 0.61970 0.35507
0.01079 0.78169 0.44788
0.01478 1.07458 0.61569
0.02754 2.00873 1.15094
0.01823 1.33296 0.76373
0.01852 1.34827 0.77251
0.00820 0.59925 0.34335
0.02578 1.88703 1.08120
0.04326 3.16914 1.81586
0.01945 1.43109 0.81996
0.01396 1.02339 0.58636
0.08276 6.07743 3.48265
0.02866 2.10257 1.20471
0.01519 1.11056 0.63630
0.01498 1.09179 0.62555
0.00569 0.41385 0.23712
0.03341 2.42544 1.38971
0.02239 1.62320 0.93004
0.04647 3.35639 1.92316
0.01996 1.43631 0.82295
0.02487 1.78717 1.02399
0.01151 0.82302 0.47156
0.05711 4.09368 2.34567
0.04880 3.49088 2.00023
0.00121 0.08584 0.04918
0.00473 0.33565 0.19231
0.01588 1.13003 0.64746
0.00547 0.38833 0.22250
0.01760 1.24747 0.71475
0.02615 1.84142 1.05507
0.02526 1.77811 1.01880
0.01857 1.30688 0.74879
0.02899 2.03709 1.16719
0.08173 5.75419 3.29736
0.01211 0.84846 0.48613
0.03352 2.33976 1.34061
0.04030 2.82678 1.61968
0.05243 3.68360 2.11067
0.03835 2.69291 1.54297
0.04294 3.01373 1.72681
0.03565 2.50824 1.43716
0.02980 2.10296 1.20493
0.03091 2.18106 1.24968
0.02763 1.95210 1.11849
0.04104 2.91235 1.66871
0.03527 2.51476 1.44089
0.02910 2.07008 1.18609
0.01311 0.93120 0.53354
0.04634 3.29506 1.88802
0.01187 0.84610 0.48478
0.02018 1.43924 0.82463
0.01110 0.79007 0.45268
0.01641 1.17613 0.67388
0.00829 0.59161 0.33897
0.01756 1.25136 0.71698
0.10069 7.19472 4.12316
0.02647 1.89163 1.08384
0.00500 0.35715 0.20463
0.02926 2.08633 1.19540
0.04917 3.51310 2.01296
0.01629 1.16310 0.66641
0.00439 0.31427 0.18006
0.02320 1.66644 0.95481
0.02690 1.92670 1.10393
0.02108 1.51818 0.86986
0.00899 0.64904 0.37187
0.02413 1.73950 0.99667
0.02486 1.79994 1.03130
0.03189 2.31023 1.32370
0.04616 3.36883 1.93029
0.06398 4.67994 2.68165
0.03470 2.55068 1.46147
0.02026 1.48539 0.85107
0.00384 0.28180 0.16146
0.01883 1.38981 0.79631
0.01910 1.41535 0.81094
0.00373 0.27787 0.15921
0.01528 1.13721 0.65158
0.04088 3.05585 1.75094
0.01544 1.15784 0.66340
0.01463 1.09528 0.62755
0.01310 0.98930 0.56683
0.03701 2.79459 1.60124
0.01482 1.12140 0.64252
0.00239 0.18099 0.10370
0.02357 1.79430 1.02807
0.02237 1.71110 0.98040
0.01638 1.25358 0.71825
0.00626 0.48083 0.27549
0.01076 0.82834 0.47461
0.00232 0.17947 0.10283
0.01106 0.85946 0.49243
0.01459 1.13117 0.64812
0.02503 1.95095 1.11783
0.00893 0.69574 0.39863
0.05257 4.11864 2.35997
0.02136 1.67953 0.96231
0.03683 2.89831 1.66067
0.02431 1.92420 1.10250
0.02709 2.15297 1.23358
0.01684 1.34204 0.76894
0.06133 4.90713 2.81186
0.03924 3.16239 1.81199
0.02085 1.69354 0.97034
0.02285 1.86918 1.07098
0.06544 5.38794 3.08744
0.02561 2.12389 1.21692
0.01235 1.03036 0.59035
0.01556 1.31315 0.75239
0.04058 3.45398 1.97908
0.00467 0.40121 0.22987
0.01629 1.41234 0.80922
0.03069 2.69743 1.54556
0.00718 0.64207 0.36788
0.02141 1.95175 1.11829
0.01706 1.57895 0.90468
0.03166 2.98604 1.71094
0.00323 0.31259 0.17910
0.01267 1.25577 0.71951
0.00294 0.30021 0.17201
0.02394 2.50671 1.43628
0.01751 1.89226 1.08420
0.02121 2.36680 1.35611
0.06002 6.90649 3.95791
0.03708 4.44542 2.54725
0.01961 2.42547 1.38972
0.01511 1.93333 1.10773
0.02227 2.94581 1.68789
0.02326 3.19365 1.82991
0.02084 2.94700 1.68857
0.02282 3.36954 1.93070
0.04828 7.50693 4.30217
0.02721 4.33953 2.48656
0.03297 5.41438 3.10259
0.05000 8.74829 5.01400
0.11409 19.92458 11.43491
0.03644 6.81503 3.90548
0.09793 17.82169 10.22464
0.06769 12.43969 7.13202
0.07484 14.56480 8.35241
0.09309 17.44849 10.00998
0.10427 19.81972 11.37453
0.10481 21.04133 12.07814
0.12472 24.28071 13.94623
0.09875 20.10720 11.54008
0.10132 20.24673 11.62043
0.05744 11.61898 6.66093
0.06266 13.07712 7.49798
0.01933 3.99570 2.28952
0.02692 5.62554 3.22362
0.03598 7.54489 4.32393
0.02594 5.40726 3.09851
0.07324 14.96144 8.58029
0.08615 17.48437 10.03061
0.02633 5.28859 3.03049
0.14480 28.25420 16.24280
0.01129 2.23082 1.27819
0.13769 26.36463 15.14992
0.03497 6.79144 3.89196
0.03868 7.32634 4.19862
0.05197 9.24293 5.29769
0.04029 7.30330 4.18542
0.04868 8.29833 4.75596
0.02747 4.80395 2.75272
0.05259 8.99774 5.15706
0.02147 3.45504 1.97969
0.12353 20.06235 11.51424
0.01765 2.68298 1.53728
0.04869 7.54655 4.32488
0.03819 5.80316 3.32543
0.10724 15.28547 8.76648
0.01832 2.63575 1.51022
0.07495 10.26007 5.88117
0.06598 8.94011 5.12402
0.03061 3.96068 2.26945
0.05370 6.81374 3.90474
0.01549 1.91057 1.09469
0.10751 12.86201 7.37448
0.01835 2.14951 1.23160
0.02772 3.16325 1.81248
0.02612 2.91952 1.67282
0.02716 2.96344 1.69799
0.03123 3.33647 1.91174
0.03060 3.19131 1.82856
0.03258 3.33482 1.91080
0.01559 1.56265 0.89534
0.01975 1.94800 1.11614
0.01033 1.00163 0.57389
0.02146 2.04057 1.16918
0.03274 3.05891 1.75269
0.02808 2.58326 1.48014
0.02717 2.45994 1.40948
0.03852 3.43523 1.96834
0.01661 1.45732 0.83499
0.04665 4.03650 2.31290
0.03001 2.56966 1.47235
0.04105 3.45457 1.97942
0.01991 1.65392 0.94764
0.00762 0.62452 0.35782
0.01723 1.39905 0.80161
0.02119 1.70479 0.97678
0.00864 0.68531 0.39265
0.00587 0.45846 0.26268
0.02459 1.90034 1.08883
0.03159 2.41294 1.38255
0.02980 2.25866 1.29415
0.01710 1.28137 0.73418
0.02569 1.89608 1.08639
0.02186 1.59728 0.91518
0.03531 2.55814 1.46575
0.00940 0.67458 0.38651
0.01211 0.85902 0.49218
0.03696 2.59581 1.48733
0.00791 0.55065 0.31550
0.00911 0.62631 0.35885
0.04171 2.83388 1.62375
0.00631 0.42669 0.24447
0.05284 3.51433 2.01367
0.02271 1.50331 0.86134
0.02269 1.49903 0.85889
0.02504 1.65712 0.94947
0.03392 2.24744 1.28772
0.01856 1.23188 0.70582
0.02391 1.59050 0.91130
0.02519 1.67179 0.95788
0.04939 3.29260 1.88660
0.04046 2.67424 1.53227
0.01103 0.73269 0.41980
0.02841 1.88877 1.08220
0.02728 1.81486 1.03985
0.09564 6.36331 3.64652
0.01822 1.21056 0.69360
0.05423 3.60936 2.06813
0.03167 2.11759 1.21331
0.02772 1.85654 1.06373
0.02300 1.54622 0.88593
0.02208 1.47851 0.84713
0.03505 2.35032 1.34667
0.01095 0.73868 0.42323
0.00651 0.43857 0.25128
0.02617 1.76869 1.01340
0.02414 1.63107 0.93454
0.01416 0.96304 0.55179
0.01716 1.16543 0.66775
0.04592 3.11038 1.78219
0.02414 1.64481 0.94242
0.00805 0.54993 0.31509
0.01338 0.91524 0.52440
0.02093 1.43499 0.82220
0.01961 1.34682 0.77168
0.04973 3.42057 1.95994
0.01373 0.94582 0.54192
0.03074 2.11999 1.21469
0.02525 1.75003 1.00271
0.01876 1.29657 0.74289
0.03472 2.40646 1.37883
0.02795 1.94143 1.11237
0.01592 1.10954 0.63572
0.02969 2.06911 1.18553
0.04646 3.24133 1.85723
0.00526 0.36770 0.21068
0.01942 1.36019 0.77934
0.02379 1.67278 0.95844
0.03697 2.60319 1.49156
0.01210 0.85420 0.48942
0.01494 1.05071 0.60201
0.03076 2.18435 1.25156
0.02424 1.72620 0.98905
0.01295 0.92256 0.52859
0.01895 1.35194 0.77461
0.03271 2.33931 1.34036
0.02151 1.53900 0.88179
0.01878 1.34711 0.77184
0.00614 0.44323 0.25395
0.07501 5.42010 3.10587
0.01179 0.85520 0.48999
0.02133 1.54953 0.88782
0.04219 3.07252 1.76049
0.01417 1.03413 0.59252
0.01913 1.39483 0.79918
0.03466 2.53678 1.45350
0.02631 1.92721 1.10422
0.01321 0.96757 0.55438
0.02244 1.64662 0.94345
0.01923 1.40769 0.80655
0.02088 1.53484 0.87941
0.01876 1.37902 0.79013
0.00918 0.67529 0.38691
0.01031 0.76000 0.43545
0.00437 0.32141 0.18415
0.01379 1.01716 0.58279
0.05947 4.38432 2.51223
0.00872 0.64285 0.36833
0.03167 2.34144 1.34158
0.02281 1.68373 0.96472
0.02095 1.54777 0.88682
0.05542 4.10200 2.35044
0.01192 0.88076 0.50464
0.01401 1.03791 0.59468
0.01541 1.14072 0.65359
0.01319 0.97893 0.56089
0.01242 0.92219 0.52838
0.01907 1.41592 0.81127
0.04234 3.15745 1.80916
0.00999 0.74434 0.42647
0.02966 2.21539 1.26935
0.00726 0.54523 0.31239
0.04396 3.31125 1.89729
0.03242 2.43417 1.39471
0.04141 3.12663 1.79150
0.01540 1.16584 0.66798
0.01569 1.19111 0.68246
0.02991 2.27924 1.30594
0.02330 1.77570 1.01742
0.02103 1.60854 0.92164
0.02608 1.99604 1.14366
0.02527 1.94558 1.11475
0.06819 5.25301 3.01010
0.02325 1.79215 1.02684
0.01994 1.53715 0.88073
0.03147 2.43741 1.39657
0.01830 1.41987 0.81353
0.02539 1.98576 1.13778
0.01872 1.45901 0.83596
0.01139 0.89190 0.51102
0.02730 2.14252 1.22760
0.03710 2.92385 1.67530
0.02537 1.99325 1.14207
0.01515 1.19306 0.68357
0.02906 2.29942 1.31750
0.03649 2.89346 1.65789
0.01164 0.92703 0.53115
0.00696 0.55281 0.31674
0.04137 3.30534 1.89391
0.01936 1.54626 0.88595
0.01409 1.13207 0.64863
0.03370 2.72106 1.55910
0.02405 1.93581 1.10916
0.01885 1.52442 0.87344
0.02456 1.99296 1.14190
0.03667 2.98731 1.71167
0.04014 3.30527 1.89387
0.02113 1.75625 1.00627
0.01055 0.89409 0.51228
0.03588 3.08138 1.76557
0.02884 2.50589 1.43581
0.00777 0.69223 0.39662
0.02539 2.29145 1.31294
0.00807 0.73414 0.42063
0.01528 1.39523 0.79941
0.01032 0.94132 0.53934
0.01856 1.69078 0.96876
0.01472 1.34286 0.76941
0.02976 2.74129 1.57069
0.02593 2.39498 1.37226
0.01490 1.38032 0.79087
0.02939 2.72642 1.56217
0.02638 2.45565 1.40702
0.01157 1.08198 0.61993
0.02778 2.61128 1.49619
0.03558 3.34758 1.91811
0.04398 4.17280 2.39101
0.02652 2.51665 1.44197
0.04150 3.92871 2.25113
0.05727 5.39038 3.08883
0.02743 2.57072 1.47295
0.03396 3.16061 1.81097
0.06237 5.78547 3.31529
0.05875 5.42967 3.11135
0.01676 1.53730 0.88082
0.02176 1.98644 1.13817
0.01619 1.47256 0.84372
0.01554 1.40545 0.80527
0.02213 1.99011 1.14027
0.02265 2.01929 1.15699
0.01042 0.92437 0.52963
0.02327 2.04871 1.17384
0.00975 0.85653 0.49076
0.01733 1.51328 0.86706
0.01751 1.51904 0.87035
0.02034 1.74874 1.00197
0.01286 1.10216 0.63149
0.01324 1.12437 0.64422
0.02267 1.91640 1.09803
0.02598 2.18080 1.24953
0.04295 3.56800 2.04442
0.05778 4.77706 2.73731
0.02243 1.83882 1.05358
0.01377 1.12092 0.64225
0.02557 2.06961 1.18582
0.02795 2.24246 1.28486
0.03001 2.38636 1.36732
0.02564 2.01517 1.15463
0.04144 3.23562 1.85395
0.03604 2.78490 1.59568
0.04256 3.26930 1.87326
0.01999 1.52648 0.87462
0.01400 1.05595 0.60502
0.03867 2.89460 1.65854
0.01681 1.25219 0.71746
0.02003 1.47249 0.84368
0.03130 2.29111 1.31274
0.03637 2.64800 1.51724
0.01619 1.17038 0.67058
0.02978 2.14499 1.22901
0.04271 3.04073 1.74228
0.04027 2.84937 1.63262
0.03507 2.46383 1.41171
0.02404 1.68267 0.96411
0.02120 1.47611 0.84576
0.02230 1.54504 0.88525
0.02384 1.65370 0.94751
0.02282 1.58070 0.90569
0.01976 1.37187 0.78603
0.03188 2.21296 1.26796
0.03161 2.19772 1.25923
0.03098 2.15593 1.23528
0.01890 1.31515 0.75353
0.02304 1.60649 0.92046
0.02095 1.45389 0.83302
0.01434 1.00015 0.57305
0.00982 0.68544 0.39273
0.03682 2.57789 1.47706
0.02822 1.98318 1.13630
0.00591 0.41511 0.23784
0.02017 1.42165 0.81455
0.01189 0.84037 0.48150
0.02262 1.59926 0.91632
0.01934 1.36949 0.78466
0.03228 2.28782 1.31086
0.00450 0.32111 0.18398
0.02007 1.43925 0.82464
0.03189 2.28907 1.31157
0.01521 1.09078 0.62497
0.02632 1.88941 1.08257
0.02934 2.11596 1.21238
0.03420 2.47727 1.41941
0.01932 1.40414 0.80452
0.02315 1.68398 0.96486
0.01064 0.77529 0.44421
0.01062 0.77701 0.44519
0.01896 1.38855 0.79559
0.00469 0.34547 0.19794
0.04224 3.10767 1.78064
0.01147 0.84793 0.48583
0.03400 2.52468 1.44657
0.04137 3.07884 1.76412
0.01577 1.17789 0.67489
0.00940 0.70115 0.40173
0.01068 0.79994 0.45833
0.01664 1.25542 0.71930
0.16199 12.30206 7.05301
0.02999 2.30626 1.32142
0.02334 1.82160 1.04371
0.01686 1.33867 0.76701
0.02454 1.98588 1.13784
0.04156 3.43845 1.97018
0.02418 2.05185 1.17565
0.08680 7.50199 4.29933
0.11364 10.09061 5.78395
0.01897 1.73256 0.99270
0.02600 2.44585 1.40140
0.01004 0.96816 0.55472
0.03373 3.36965 1.93076
0.03441 3.54212 2.02959
0.02563 2.72923 1.56378
0.00682 0.75505 0.43261
0.02228 2.55218 1.46233
0.03124 3.71712 2.12988
0.01658 2.05141 1.17539
0.03135 3.98428 2.28297
0.01394 1.80101 1.03192
0.02716 3.50814 2.01012
0.01379 1.78447 1.02244
0.02255 2.92537 1.67617
0.03737 4.85892 2.78423
0.00840 1.10139 0.63105
0.02276 2.97836 1.70654
0.00474 0.62571 0.35851
0.01512 2.00395 1.14820
0.02588 3.44350 1.97308
0.01377 1.84149 1.05511
0.01952 2.61735 1.49967
0.01233 1.66002 0.95113
0.00931 1.26272 0.72349
0.01776 2.41013 1.38094
0.02259 3.04752 1.74617
0.00908 1.21661 0.69707
0.00329 0.43599 0.24981
0.01102 1.45553 0.83396
0.00745 0.97860 0.56070
0.00143 0.18627 0.10672
0.01275 1.66102 0.95171
0.02431 3.14378 1.80133
0.01656 2.11690 1.21291
0.02397 3.03325 1.73799
0.01110 1.39189 0.79750
0.01846 2.32140 1.33009
0.02209 2.77729 1.59132
0.02503 3.12373 1.78984
0.02171 2.68983 1.54120
0.03916 4.77820 2.73797
0.01792 2.17825 1.24807
0.00859 1.03745 0.59442
0.00618 0.74268 0.42553
0.04611 5.50954 3.15713
0.08048 9.52719 5.46074
0.02014 2.35982 1.35211
0.02427 2.79707 1.60265
0.01313 1.49894 0.85884
0.01826 2.06353 1.18234
0.01183 1.32427 0.75876
0.02600 2.88174 1.65117
0.00863 0.94872 0.54358
0.02810 3.05704 1.75162
0.01073 1.15947 0.66433
0.02948 3.16086 1.81111
0.01718 1.83712 1.05261
0.01472 1.56847 0.89867
0.01666 1.77934 1.01950
0.02735 2.92137 1.67388
0.01320 1.41107 0.80849
0.05257 5.62825 3.22517
0.00905 0.96887 0.55512
0.01346 1.44296 0.82676
0.01856 1.98846 1.13932
0.02318 2.49849 1.43157
0.01734 1.87477 1.07418
0.01219 1.32239 0.75768
0.02134 2.32212 1.33051
0.04881 5.33005 3.05425
0.01366 1.49878 0.85874
0.01504 1.67262 0.95835
0.00633 0.71700 0.41081
0.01059 1.23044 0.70499
0.00736 0.87152 0.49935
0.02764 3.32802 1.90690
0.00701 0.84748 0.48557
0.02252 2.72968 1.56404
0.01114 1.35111 0.77414
0.00343 0.41792 0.23945
0.01012 1.24136 0.71125
0.01240 1.52647 0.87461
0.03276 4.05319 2.32247
0.01379 1.70437 0.97654
0.02557 3.18171 1.82306
0.02882 3.60392 2.06501
0.03047 3.81998 2.18882
0.02346 2.94676 1.68843
