0.00928 -0.04247 1.19863
0.01256 -0.01270 1.18546
-0.00472 -0.01611 1.19177
0.00459 -0.01172 1.19201
0.00923 -0.01652 1.19521
-0.00603 -0.03871 1.19021
-0.01283 -0.03010 1.19259
0.03622 -0.01251 1.19112
-0.02620 -0.03353 1.19116
-0.04897 -0.02823 1.19058
-0.04055 -0.03006 1.19144
-0.00425 -0.04116 1.19128
-0.01311 -0.02945 1.19309
-0.01237 -0.03492 1.19079
-0.01247 -0.04466 1.19295
-0.00365 -0.02299 1.19572
-0.02801 -0.02889 1.19329
-0.01629 -0.02436 1.19448
-0.00594 -0.01452 1.19453
-0.00599 -0.03080 1.19416
-0.06590 -0.05874 1.19111
-0.02855 -0.02561 1.19609
-0.02428 -0.01427 1.19869
-0.02512 -0.02484 1.19530
-0.03914 -0.04123 1.19032
-0.03478 -0.05343 1.19845
-0.03189 -0.03580 1.20358
-0.02267 -0.02600 1.18836
-0.01161 -0.03344 1.19466
0.00550 -0.01951 1.19818
-0.02814 -0.02089 1.19686
-0.02374 -0.02915 1.19759
-0.01519 -0.00630 1.19906
-0.00816 -0.03366 1.19710
-0.01629 -0.03630 1.19626
-0.00354 -0.02995 1.19739
-0.01297 -0.01501 1.20018
-0.00514 -0.01525 1.20040
0.01445 0.00993 1.20080
-0.00753 0.01122 1.20555
-0.00455 -0.02940 1.20292
-0.00945 -0.02302 1.19882
0.00422 -0.03552 1.20074
-0.01993 -0.02983 1.20091
-0.01368 -0.03076 1.20510
-0.02643 -0.05006 1.20285
-0.04404 -0.04388 1.20376
-0.01277 -0.01577 1.20764
-0.00223 -0.03416 1.20471
-0.00994 -0.02818 1.20593
-0.07263 -0.05380 1.20051
-0.01643 -0.02587 1.20352
-0.02446 -0.02418 1.20171
-0.00029 -0.03274 1.19999
-0.00688 -0.03364 1.20269
-0.01362 -0.04734 1.19660
-0.01818 -0.04888 1.19272
-0.02587 -0.05674 1.19305
-0.00303 -0.02379 1.19113
-0.01735 -0.01231 1.19008
-0.00739 -0.01623 1.18647
0.01762 0.00207 1.18548
0.00200 -0.04784 1.17733
0.00035 -0.03942 1.17480
0.01038 -0.01105 1.17565
0.02059 -0.00459 1.17836
0.02038 -0.02670 1.17353
0.03061 -0.03374 1.16531
0.00635 -0.04927 1.16376
-0.03947 -0.04738 1.15751
0.01369 -0.03392 1.15919
-0.02677 -0.01643 1.15950
0.02767 -0.00101 1.15423
-0.00225 -0.03801 1.15269
0.01210 -0.02962 1.14981
0.00843 -0.01540 1.15079
-0.00144 0.00200 1.15412
0.01703 -0.01916 1.15554
0.00294 -0.02177 1.15682
-0.00830 -0.01586 1.15673
-0.00768 -0.04286 1.15338
-0.00490 -0.04691 1.15851
-0.03270 -0.05138 1.15911
-0.02977 -0.02668 1.16861
-0.02744 -0.01206 1.17590
-0.03608 -0.01481 1.18174
-0.01247 -0.00931 1.18582
-0.01128 -0.02008 1.19273
-0.03344 -0.01692 1.19885
-0.06069 -0.03932 1.19848
-0.04758 -0.03157 1.20441
-0.02996 -0.02000 1.20722
-0.02036 -0.02017 1.21354
-0.05147 -0.02026 1.21513
-0.04586 -0.03194 1.21570
-0.04858 -0.03295 1.21787
-0.02614 -0.03797 1.21985
-0.03019 -0.03312 1.22272
-0.02768 -0.04300 1.22491
-0.06294 -0.05161 1.22595
-0.02829 -0.01725 1.23149
-0.01549 -0.03926 1.22959
-0.01599 -0.03420 1.24090
0.01863 -0.01053 1.24069
-0.01936 -0.02025 1.24129
-0.02366 -0.01310 1.24614
-0.00402 0.00573 1.25033
-0.01773 -0.02951 1.24946
-0.00498 -0.02984 1.25006
-0.02919 -0.00750 1.25534
-0.02488 -0.00504 1.25787
-0.00577 0.00012 1.26262
-0.00648 -0.00745 1.26351
0.04285 -0.01882 1.26261
0.02195 -0.02161 1.26670
-0.00368 -0.02123 1.26737
0.00993 -0.01593 1.27392
0.01305 -0.00137 1.27558
0.00917 -0.02119 1.27427
-0.01667 -0.06956 1.27100
-0.00293 -0.04744 1.27041
-0.00785 -0.04389 1.26943
-0.02506 -0.05423 1.26604
-0.01841 -0.04360 1.26539
-0.01000 -0.04096 1.26518
-0.01039 -0.02937 1.26393
-0.03540 -0.01941 1.26843
-0.00550 -0.03097 1.26358
-0.01166 -0.03224 1.26499
-0.01178 -0.03020 1.26364
-0.03573 -0.03323 1.26040
-0.01859 -0.03325 1.26428
-0.01581 -0.03549 1.26140
-0.03089 -0.04106 1.25986
-0.01994 -0.03851 1.26182
-0.00453 -0.02933 1.26433
-0.03565 -0.04808 1.26079
-0.02218 -0.03844 1.26221
-0.02926 -0.00944 1.26238
-0.01377 -0.02585 1.26523
-0.01674 -0.01790 1.26366
-0.03418 -0.02461 1.26598
-0.02180 -0.02764 1.26379
-0.03412 -0.03732 1.26369
-0.01767 -0.02801 1.26095
-0.00339 -0.02637 1.26781
-0.01295 -0.02124 1.26318
-0.00986 -0.03436 1.26030
-0.00371 -0.01843 1.26201
-0.01883 0.00226 1.26199
-0.02108 -0.01757 1.26486
0.00022 -0.01913 1.25719
-0.00634 -0.04022 1.24966
-0.02523 -0.02870 1.24933
-0.02969 -0.03924 1.24622
0.00673 -0.01052 1.24741
-0.00864 -0.02024 1.24572
-0.01921 -0.03051 1.23904
0.00781 -0.04368 1.23361
-0.00862 -0.02981 1.23100
0.00151 -0.02838 1.22689
0.00677 -0.01943 1.22103
0.01412 -0.04599 1.21671
0.00237 -0.02040 1.21308
0.00916 -0.03624 1.20762
-0.00983 -0.02897 1.20149
-0.00235 -0.02402 1.19491
0.01280 -0.03928 1.18749
0.00416 -0.02804 1.17881
-0.01085 -0.01602 1.17059
-0.01092 -0.02833 1.15686
-0.01246 -0.01803 1.14294
-0.00705 -0.03192 1.12950
0.00504 -0.04430 1.11137
-0.01584 -0.02197 1.09704
-0.00570 -0.03058 1.08410
0.00300 -0.03758 1.07007
-0.00883 -0.02318 1.05935
-0.01735 -0.01259 1.04381
-0.01874 -0.01235 1.03728
-0.01911 -0.01598 1.02242
-0.01543 -0.02407 1.00378
-0.00915 -0.02851 0.98360
-0.01366 -0.01670 0.96646
-0.06217 -0.01794 0.93980
-0.02272 -0.02162 0.92036
-0.01183 -0.01957 0.89685
-0.00638 -0.01904 0.87458
-0.02736 -0.02395 0.85323
-0.02259 -0.03655 0.82957
-0.00543 -0.01870 0.81366
-0.00628 -0.01389 0.79446
-0.01719 -0.00008 0.77784
0.00149 -0.00537 0.75853
-0.00075 -0.02111 0.74171
-0.00540 -0.03239 0.73067
0.00196 -0.01932 0.72799
-0.00813 -0.02445 0.72307
0.00114 -0.01848 0.72227
-0.00751 -0.00399 0.71824
-0.00120 -0.01561 0.71437
0.00097 -0.01732 0.71103
0.00959 -0.01245 0.70678
0.02237 -0.00078 0.70323
0.01318 -0.01992 0.69976
0.00875 -0.01719 0.69629
0.01101 -0.02303 0.69217
-0.00235 -0.00015 0.68821
0.00284 -0.01987 0.68745
0.00842 0.00118 0.68879
-0.00212 -0.00906 0.69358
-0.00211 -0.00597 0.69637
0.02980 -0.00474 0.70195
0.00102 -0.01242 0.70318
-0.01164 -0.00570 0.70446
-0.00698 -0.01092 0.70813
-0.01285 -0.02353 0.71444
-0.00073 -0.01346 0.72188
-0.00712 -0.00887 0.72796
0.01378 -0.01658 0.73354
-0.00825 -0.00440 0.74214
-0.01118 -0.02429 0.74571
-0.04109 -0.01408 0.75177
0.00068 -0.00404 0.76105
0.01359 -0.00089 0.77428
-0.01399 0.01277 0.78392
-0.00095 0.00060 0.78730
0.02517 -0.02172 0.79421
0.00754 -0.02402 0.79462
0.01328 -0.00649 0.80637
0.02603 -0.00681 0.81758
0.01980 0.01486 0.82833
0.03177 -0.00790 0.83499
0.03385 -0.00756 0.83657
0.02447 -0.00128 0.83924
0.01310 -0.04044 0.83387
0.01203 -0.01141 0.83762
-0.00776 -0.02654 0.83933
0.02508 0.00779 0.84307
0.00141 -0.00171 0.84291
0.00575 -0.01775 0.84043
-0.00229 -0.03355 0.84368
0.00758 -0.01213 0.84454
-0.01253 -0.00341 0.84748
-0.00173 -0.01612 0.84920
-0.02830 -0.00918 0.84830
-0.01004 -0.01373 0.85380
-0.02235 -0.00601 0.85380
-0.01542 -0.01355 0.85632
-0.03563 -0.02739 0.85447
-0.05022 -0.03688 0.85121
0.01096 -0.02425 0.85649
-0.02558 -0.02068 0.85297
-0.07820 -0.05464 0.84668
-0.02051 -0.00654 0.85011
-0.03154 -0.00142 0.84830
-0.03996 0.00618 0.84502
-0.01659 -0.00650 0.83923
-0.02659 -0.00741 0.83338
-0.01951 -0.00646 0.82113
-0.03808 -0.01233 0.81274
-0.04053 -0.01109 0.79967
-0.03550 -0.02506 0.78329
0.02664 -0.01451 0.76692
-0.01637 -0.00647 0.74982
-0.00370 -0.00891 0.73081
-0.02740 -0.02976 0.70715
-0.02596 -0.02159 0.68858
-0.02834 -0.01328 0.66712
-0.02077 -0.01357 0.65072
0.01238 -0.00934 0.63858
0.00875 -0.00437 0.62969
0.00423 -0.00897 0.61309
-0.01364 -0.01224 0.60561
-0.01203 -0.02492 0.58085
-0.00683 -0.00322 0.58028
0.01997 -0.00496 0.56862
-0.02322 0.01088 0.54453
0.00545 0.00384 0.54881
0.00629 -0.00848 0.53791
0.01078 0.00393 0.50719
-0.00224 -0.00230 0.51750
-0.01965 -0.01263 0.48252
-0.02867 -0.00975 0.50195
-0.11548 0.02295 0.48499
-0.03455 -0.00829 0.46120
-0.13710 -0.02553 0.46833
-0.08572 0.00449 0.47664
0.00096 0.00731 0.44936
-0.00657 0.00097 0.47682
0.01448 0.01469 0.43954
-0.03959 0.00158 0.46961
-0.02139 0.02001 0.46225
-0.04790 -0.00192 0.42504
-0.05198 0.00935 0.44627
-0.01948 0.01221 0.44104
-0.05557 0.01593 0.40898
-0.02622 0.02423 0.42287
-0.00642 0.02349 0.41023
0.00051 0.01958 0.41869
-0.03953 0.01875 0.42050
-0.05046 0.03607 0.42401
0.01949 0.02854 0.43892
-0.00159 0.02557 0.44684
0.04658 0.03137 0.46616
-0.10247 0.02572 0.45670
-0.09344 0.01902 0.48715
-0.08274 0.02235 0.48172
-0.00648 0.00931 0.49906
-0.09817 -0.00830 0.52856
-0.14038 0.00703 0.50838
-0.06418 0.00594 0.56846
-0.05712 -0.01464 0.56328
-0.13136 -0.01077 0.57728
-0.14325 -0.00859 0.61747
-0.09579 0.01307 0.62848
-0.11766 0.01130 0.67410
-0.08624 -0.01567 0.67635
-0.13540 -0.01569 0.71375
-0.05082 -0.01037 0.72446
-0.08643 -0.01830 0.74613
-0.05881 -0.01089 0.79392
-0.11125 0.00626 0.79542
-0.07191 0.00143 0.84356
-0.07896 0.00487 0.84488
-0.05477 0.00627 0.89213
-0.11757 0.02005 0.88902
-0.07292 0.02101 0.91863
-0.09543 0.00849 0.96082
-0.06721 -0.00070 0.96576
-0.04320 -0.01809 1.00185
-0.02813 -0.00249 1.01231
-0.02598 0.00868 1.04252
-0.03979 0.02844 1.07479
-0.06171 0.00302 1.08904
-0.01787 -0.01127 1.12035
-0.03463 0.00484 1.13766
-0.02314 0.02101 1.16609
-0.00390 -0.00883 1.17951
-0.00358 -0.01909 1.19341
0.03268 -0.00390 1.21113
-0.04365 -0.00207 1.22813
-0.00272 -0.01449 1.24988
-0.03359 -0.01564 1.26232
-0.01119 -0.03451 1.28160
0.01159 -0.01946 1.29668
-0.00530 -0.00746 1.30998
0.01975 -0.01113 1.32484
0.00693 -0.01088 1.33383
0.02625 -0.00701 1.33438
0.02257 -0.01136 1.33347
0.01252 -0.01734 1.32938
-0.00339 -0.02105 1.34225
0.00231 -0.04579 1.33965
-0.00911 -0.01906 1.34243
-0.00850 -0.01961 1.34730
-0.00683 0.00399 1.35017
0.01865 -0.03119 1.35171
0.01600 -0.02992 1.35034
0.00763 -0.03130 1.35709
0.00490 -0.02062 1.35215
-0.01032 -0.03459 1.35834
-0.02348 -0.01149 1.36792
-0.03137 -0.02009 1.36830
-0.00694 -0.01324 1.37450
-0.03290 -0.02173 1.37322
-0.01830 -0.01718 1.38409
-0.03155 -0.02321 1.38062
-0.02636 -0.01831 1.38453
-0.02321 -0.00558 1.38956
-0.02793 -0.00367 1.39297
-0.02510 -0.01060 1.39869
-0.04296 -0.04452 1.39986
-0.00748 -0.02586 1.40113
-0.00433 -0.03614 1.40375
-0.00419 -0.03166 1.40463
0.00389 -0.03060 1.41243
-0.01969 -0.00662 1.41711
-0.01175 -0.02622 1.42038
-0.02569 -0.02803 1.42327
-0.03368 -0.01857 1.42437
-0.02519 -0.01913 1.43004
-0.03303 -0.02742 1.42822
-0.02316 -0.02481 1.43698
-0.02176 -0.03133 1.43935
-0.03393 -0.03885 1.44137
-0.00541 -0.01515 1.44131
-0.02198 -0.01747 1.44730
-0.04140 -0.03531 1.45105
-0.02507 -0.04641 1.45341
-0.01914 -0.01638 1.46102
-0.05409 -0.04053 1.46254
-0.04033 -0.04995 1.46241
-0.01086 -0.01953 1.46387
-0.02795 -0.01210 1.45964
-0.06825 0.00366 1.46783
0.00823 -0.02065 1.46472
-0.02149 -0.03359 1.46107
-0.00918 0.00108 1.46038
-0.03094 -0.02920 1.45554
-0.05367 -0.04798 1.45486
-0.01965 -0.02382 1.45284
-0.03162 -0.03263 1.44836
-0.01822 -0.03841 1.44818
-0.02707 -0.02098 1.44209
-0.03972 -0.01813 1.44382
0.00156 -0.03606 1.43982
-0.07993 -0.01709 1.43518
-0.02929 -0.03548 1.43036
0.00971 -0.05872 1.42484
-0.07378 -0.04290 1.42247
-0.03141 0.01541 1.41344
-0.01282 -0.02727 1.40780
-0.07697 0.00977 1.39035
-0.00383 -0.01110 1.38166
-0.00774 -0.01542 1.36472
-0.01765 -0.02586 1.34500
-0.03480 -0.04357 1.31994
-0.00544 -0.02541 1.30499
-0.02126 -0.02798 1.28287
-0.03669 -0.04023 1.25919
-0.02112 -0.03960 1.23177
-0.03426 -0.03756 1.20937
-0.04714 -0.02859 1.18308
-0.03312 -0.04037 1.15950
-0.02391 -0.01971 1.13312
-0.00306 -0.03037 1.10951
-0.00429 -0.03169 1.08127
-0.00300 -0.03909 1.05126
-0.01372 -0.03257 1.02901
-0.01744 -0.03257 1.00054
-0.01137 -0.02177 0.97621
0.00358 -0.03005 0.94885
0.00193 -0.02942 0.92222
0.01348 -0.00716 0.90061
-0.00585 -0.02081 0.87818
-0.02192 -0.02421 0.86195
-0.00945 -0.03616 0.84457
-0.01259 -0.03561 0.83103
-0.02597 -0.01761 0.81835
-0.00183 -0.01333 0.80142
-0.00834 -0.02236 0.78245
-0.01220 -0.02199 0.76748
0.00428 -0.00622 0.75951
0.02921 -0.01361 0.75019
0.00683 -0.00922 0.74288
0.00468 -0.03271 0.73343
0.00526 -0.03567 0.72073
0.04481 -0.02180 0.71271
-0.00310 -0.03367 0.70779
0.01142 -0.02356 0.70405
-0.00749 -0.04451 0.69958
-0.01427 -0.02702 0.69869
-0.01557 -0.01870 0.69692
-0.00982 0.00054 0.69599
-0.00226 -0.00447 0.69548
-0.00849 -0.02762 0.68788
-0.00950 -0.00600 0.68023
-0.03075 -0.03023 0.68122
0.01521 -0.01674 0.68472
0.00867 0.00270 0.69741
-0.01979 -0.00015 0.70826
-0.00627 0.00873 0.72279
-0.03105 0.01761 0.73143
-0.03217 -0.00265 0.74069
-0.05650 -0.01148 0.74969
-0.02199 -0.01368 0.76297
-0.01645 -0.01213 0.78254
-0.03143 0.02991 0.80072
-0.03691 0.02962 0.81756
-0.03591 0.00962 0.83467
-0.02734 -0.00623 0.84818
-0.04772 -0.01864 0.86552
-0.04398 -0.01935 0.88109
-0.01063 0.00129 0.89985
-0.03742 -0.00640 0.92004
0.02626 0.00966 0.93692
-0.01006 0.01405 0.95750
-0.01424 -0.01296 0.97114
-0.01958 -0.01915 0.98610
-0.02335 -0.02904 1.00251
-0.00893 -0.01764 1.02198
-0.01658 -0.00486 1.04165
-0.00086 -0.02307 1.05766
-0.00811 -0.05805 1.07071
-0.00273 -0.03298 1.09000
0.01590 -0.02281 1.10540
0.01431 0.02145 1.13253
-0.02275 -0.01416 1.15304
-0.02567 -0.00336 1.16680
-0.02222 -0.03362 1.17423
0.01388 -0.02103 1.19453
-0.01187 -0.00634 1.21242
-0.00042 -0.04761 1.22540
-0.10653 -0.02456 1.23676
0.01583 0.01430 1.25780
0.04003 -0.01618 1.27679
0.00706 -0.02896 1.28609
-0.00651 0.00430 1.30488
-0.02132 -0.05172 1.31619
0.01386 -0.03132 1.32172
-0.01513 -0.02214 1.34542
0.00780 -0.00823 1.37332
0.01796 0.02082 1.38663
-0.01299 -0.04143 1.39576
-0.00320 -0.03989 1.40377
-0.02081 -0.02540 1.42735
0.00475 0.00771 1.44341
-0.06898 -0.01670 1.45502
0.01982 -0.00878 1.47078
-0.10931 0.00114 1.46982
0.00184 -0.00372 1.47632
0.02034 0.00165 1.47468
0.00473 -0.03435 1.47277
0.00558 -0.01627 1.46829
-0.00443 -0.04602 1.46915
-0.00885 -0.03122 1.46779
-0.01695 0.00253 1.47006
-0.04813 -0.03963 1.46385
-0.26137 -0.07453 1.43821
-0.01218 -0.02109 1.47100
0.01640 0.00098 1.47030
-0.08713 -0.01083 1.46551
-0.04595 -0.04925 1.46155
0.00305 -0.01799 1.45390
-0.02168 -0.04822 1.45768
-0.00703 -0.03183 1.45641
-0.01533 -0.02357 1.45408
-0.03932 -0.01665 1.45532
-0.02515 0.00038 1.45064
-0.02084 -0.03911 1.44728
-0.00175 -0.05542 1.43763
-0.06018 -0.05923 1.43684
-0.00060 -0.01771 1.43945
-0.05372 0.00324 1.43553
-0.03325 -0.03575 1.43660
-0.02342 -0.04915 1.42749
-0.04436 -0.01180 1.42659
-0.01973 -0.01990 1.42583
-0.02391 -0.01931 1.41984
-0.03197 -0.03384 1.41649
-0.02474 -0.01693 1.42321
-0.03278 -0.00325 1.41710
-0.01715 -0.03052 1.41026
-0.03450 -0.00681 1.40721
-0.00591 -0.04280 1.40381
-0.02855 -0.05267 1.39687
-0.01110 -0.01025 1.39209
0.01543 -0.06679 1.38278
-0.00972 -0.02538 1.38428
-0.01438 -0.03113 1.38004
-0.01263 -0.04632 1.37498
-0.03098 -0.04574 1.36998
-0.02905 -0.02444 1.36707
-0.02895 -0.02485 1.37331
-0.01118 -0.01980 1.36872
-0.00808 -0.00356 1.36599
0.00759 0.01310 1.36483
-0.01495 -0.02205 1.35911
-0.00996 -0.04120 1.36330
-0.06636 -0.08258 1.35771
-0.03455 -0.03134 1.36252
-0.02051 -0.03658 1.36704
-0.02253 -0.02242 1.37214
-0.01304 -0.03055 1.37332
-0.03462 -0.04818 1.37617
-0.02516 -0.03959 1.37830
-0.04882 -0.04533 1.38288
0.01156 -0.02381 1.38974
-0.03271 -0.02069 1.39093
-0.01790 -0.03347 1.39805
-0.06324 -0.04901 1.39286
-0.01985 -0.07674 1.39568
-0.00984 -0.02754 1.40368
-0.00803 -0.02353 1.40819
-0.02369 -0.02769 1.40500
-0.01115 -0.03799 1.40886
-0.02550 -0.02819 1.41036
-0.03142 -0.02520 1.41941
-0.02312 -0.01231 1.42044
-0.02053 -0.02464 1.42053
-0.03436 -0.02573 1.42237
-0.07298 -0.07796 1.41633
-0.01496 -0.01726 1.42751
-0.02980 -0.00162 1.43243
-0.04368 -0.02368 1.42470
-0.05340 -0.03645 1.42187
-0.03577 -0.01477 1.42360
-0.04408 -0.02219 1.42388
-0.03631 -0.03396 1.42050
-0.02820 -0.01823 1.41645
-0.03190 -0.03502 1.41641
-0.02531 -0.01748 1.41490
-0.03360 -0.05748 1.40752
-0.01837 -0.06237 1.40085
-0.01902 -0.00428 1.40584
-0.00169 -0.01245 1.40778
0.02545 0.00951 1.40609
-0.01440 -0.02984 1.40257
-0.02273 -0.02947 1.40182
-0.01345 -0.02800 1.40426
-0.01884 -0.02461 1.39520
-0.00987 -0.02818 1.40157
-0.01510 -0.01032 1.40278
-0.10013 -0.04893 1.39510
-0.02381 -0.04197 1.39873
0.00040 -0.02124 1.39877
0.01268 -0.00283 1.40229
-0.04717 -0.05406 1.39764
-0.02363 -0.02698 1.39974
-0.01030 -0.02842 1.39566
-0.02523 -0.03881 1.39163
-0.02688 -0.04455 1.39497
-0.02326 -0.02327 1.38839
-0.00582 -0.03772 1.38468
-0.02161 -0.01136 1.38680
-0.02972 -0.03332 1.38035
-0.02616 -0.00750 1.38001
-0.05165 -0.03903 1.36869
-0.05958 -0.07165 1.36385
-0.04058 -0.04615 1.35913
-0.02894 -0.02958 1.36325
-0.00869 -0.02557 1.36316
-0.02404 -0.02964 1.35412
-0.02418 -0.03581 1.34864
-0.00433 -0.03029 1.34259
-0.02269 -0.03742 1.34318
-0.03549 -0.06241 1.33588
-0.01514 -0.01684 1.33310
-0.01395 -0.04419 1.33498
-0.02075 -0.03338 1.32327
-0.03714 -0.05302 1.32259
-0.00656 -0.01438 1.32124
-0.00601 -0.03303 1.31757
-0.02126 -0.01235 1.31315
-0.02956 -0.02668 1.30674
0.00475 -0.01949 1.30643
-0.01105 -0.03539 1.30194
-0.00436 -0.01964 1.29941
-0.00961 -0.03124 1.29355
-0.01803 -0.02873 1.28662
-0.02060 -0.03480 1.28953
-0.02671 -0.01281 1.28275
-0.01617 -0.02804 1.28292
-0.05179 -0.05587 1.27419
-0.02980 -0.02822 1.27117
-0.04347 -0.03149 1.26959
-0.02920 -0.01922 1.26305
-0.02584 -0.01005 1.25785
-0.02201 -0.02203 1.25439
-0.06817 -0.02889 1.24758
-0.03860 -0.00411 1.24024
-0.02630 -0.03682 1.23006
-0.02500 -0.01675 1.22191
-0.06808 -0.05083 1.21150
-0.02774 -0.01465 1.20526
0.00476 -0.02655 1.19788
0.00164 -0.01697 1.18518
-0.02580 -0.06444 1.17293
-0.00756 -0.02333 1.16348
-0.00021 -0.01137 1.15327
-0.03353 -0.01469 1.13699
0.00126 -0.03540 1.11734
-0.02035 -0.04192 1.09575
-0.02466 -0.02201 1.07984
-0.02647 -0.00527 1.05976
-0.00438 -0.02578 1.03259
-0.01816 -0.02402 1.00854
-0.00627 -0.02539 0.98040
-0.00490 -0.00443 0.95494
-0.01642 -0.01679 0.92499
-0.02424 -0.01922 0.89563
-0.06504 -0.03106 0.86605
-0.04432 -0.02143 0.83255
0.00343 -0.01112 0.80831
-0.00548 -0.01618 0.78136
-0.01354 -0.00534 0.75581
-0.05368 -0.00419 0.72638
-0.02519 -0.00576 0.70667
-0.03559 -0.00147 0.67632
0.00069 -0.02771 0.64254
-0.02716 -0.03165 0.62558
-0.04879 -0.04556 0.60522
-0.01591 -0.01133 0.57118
0.04933 0.00852 0.57041
-0.03750 -0.00903 0.53324
0.02769 -0.00109 0.54881
-0.00557 0.00317 0.54414
-0.01574 0.00433 0.51357
0.02147 -0.01595 0.53284
0.02811 -0.00095 0.52532
0.00137 0.01190 0.49798
0.04295 0.02092 0.51143
-0.01089 -0.00346 0.49100
0.01936 -0.00004 0.50005
-0.02313 0.00790 0.49375
-0.04755 0.01368 0.47661
-0.05225 -0.00133 0.48094
-0.09544 -0.00441 0.46885
-0.07036 -0.00214 0.47172
-0.05412 0.00744 0.47670
-0.04237 0.03299 0.48658
-0.13055 0.05484 0.47197
-0.04840 0.00298 0.49559
0.02576 0.02612 0.51119
-0.09013 -0.01195 0.49791
0.02194 0.01657 0.52151
-0.08063 0.02843 0.50783
-0.10511 0.01792 0.51713
-0.07914 0.04115 0.55518
-0.10128 0.02225 0.54188
-0.15268 0.00691 0.56639
-0.10395 -0.01015 0.56217
-0.12732 -0.01462 0.57028
-0.07379 -0.01853 0.61680
-0.19268 -0.01425 0.58465
-0.07445 0.00363 0.65363
-0.12467 0.01384 0.63285
-0.10402 0.01760 0.64953
0.01831 0.00819 0.70132
-0.08755 -0.02079 0.68938
-0.00300 0.00079 0.73054
-0.00569 -0.02216 0.73770
-0.03581 0.00780 0.77199
0.00660 -0.00280 0.78813
-0.02902 0.00234 0.81026
0.06747 -0.00926 0.83311
-0.05525 -0.00526 0.85199
-0.00933 -0.00320 0.87636
-0.00291 -0.01513 0.89448
-0.02223 0.01532 0.91621
-0.04035 -0.00448 0.93504
-0.02802 0.00066 0.95836
-0.02434 0.00893 0.97670
-0.01212 -0.00585 0.99735
-0.01849 -0.02121 1.01328
-0.01439 -0.01034 1.03094
-0.01882 0.00223 1.05151
-0.02797 0.00486 1.06983
-0.02096 0.00301 1.08691
-0.00887 -0.04528 1.10371
-0.02670 -0.04607 1.12016
-0.01568 -0.02623 1.13911
-0.03626 -0.05039 1.15406
-0.00885 -0.04743 1.16695
-0.03026 -0.04601 1.18705
0.01788 -0.02371 1.20316
-0.00426 -0.01236 1.21978
0.00804 -0.03687 1.23061
-0.00070 -0.04320 1.24225
-0.00632 -0.02334 1.26032
-0.00301 -0.02340 1.28071
-0.02304 -0.00755 1.29380
-0.02861 -0.00420 1.30896
-0.02884 -0.03680 1.31874
-0.02110 -0.02702 1.33408
-0.02149 0.00663 1.35482
-0.02776 -0.01343 1.36808
-0.02968 -0.04640 1.37926
-0.01405 -0.01555 1.39286
-0.00525 -0.02860 1.40950
-0.03390 -0.03921 1.42287
-0.01281 -0.01232 1.43641
-0.01013 -0.02189 1.45389
0.01499 0.01899 1.47161
-0.00810 -0.01491 1.47903
-0.03162 0.02754 1.50301
-0.02077 -0.00498 1.51056
-0.00523 0.00065 1.51375
-0.00964 -0.00224 1.51110
-0.02439 -0.00065 1.50927
-0.01903 -0.02508 1.50609
-0.01055 -0.05545 1.50203
-0.02297 -0.03137 1.50607
-0.04724 -0.03239 1.49882
-0.03823 -0.02887 1.51230
-0.00636 -0.03440 1.50462
-0.02405 -0.03749 1.50348
-0.01708 -0.01244 1.50318
-0.09105 -0.04146 1.49964
-0.01214 -0.02005 1.50509
-0.04617 -0.05002 1.50093
-0.01547 -0.05785 1.49454
-0.01117 -0.05809 1.49200
-0.01580 -0.04992 1.48669
-0.01963 -0.01538 1.49343
-0.03343 -0.04206 1.49052
-0.00321 -0.03921 1.48183
0.00951 -0.02388 1.48393
-0.01346 -0.00849 1.47978
-0.00706 -0.05205 1.47938
-0.01052 -0.03978 1.46950
-0.01499 -0.02677 1.47213
-0.04532 -0.01621 1.47543
-0.02221 -0.03477 1.46677
0.00470 -0.03323 1.46257
0.00717 -0.03573 1.46139
-0.00975 -0.04888 1.45774
-0.01427 -0.04451 1.45538
-0.04785 -0.03212 1.45271
-0.01130 -0.03429 1.45136
0.00461 -0.06064 1.44864
-0.01828 -0.04118 1.44241
-0.01517 -0.02955 1.44643
-0.02676 -0.05101 1.44172
-0.01999 -0.05045 1.43874
-0.00910 -0.04476 1.43425
-0.02561 -0.01562 1.43461
-0.04637 -0.03541 1.43204
0.00319 -0.02726 1.43130
-0.00723 -0.04962 1.42709
-0.02005 -0.03099 1.42181
-0.02963 -0.04434 1.41917
-0.00523 -0.02021 1.41645
0.01724 -0.03168 1.42128
0.01792 -0.06164 1.40696
-0.01690 -0.04977 1.40352
-0.00357 -0.04258 1.40318
-0.01714 -0.03598 1.40133
-0.02215 -0.05276 1.39707
-0.01087 -0.01221 1.39732
-0.00947 -0.01472 1.39371
-0.00407 -0.03018 1.38412
-0.06752 -0.06121 1.38089
-0.00733 -0.03777 1.37858
-0.02371 -0.02934 1.37630
-0.04238 -0.03917 1.37184
0.00720 -0.01918 1.36977
-0.01704 -0.02063 1.37107
-0.03088 -0.04858 1.36527
-0.02113 -0.01452 1.36486
0.00415 -0.04282 1.36457
-0.01821 -0.01524 1.36251
-0.00636 -0.01271 1.36609
-0.01573 -0.04577 1.35977
-0.01883 -0.02505 1.35978
-0.00588 -0.02098 1.35932
-0.00804 -0.02385 1.35631
-0.00380 -0.03179 1.36049
-0.01274 -0.03436 1.35544
0.05925 -0.03333 1.35478
-0.01116 -0.03074 1.35533
-0.03212 -0.03614 1.35173
-0.02284 -0.03235 1.35408
-0.01682 -0.04149 1.35276
-0.04990 -0.05153 1.34916
0.01172 -0.04071 1.35241
-0.00656 -0.02260 1.34981
-0.01218 -0.02666 1.35040
-0.01039 -0.02854 1.34705
0.00344 -0.01824 1.34671
-0.01803 -0.02906 1.34665
-0.03877 -0.04736 1.33957
-0.00805 -0.02556 1.34159
-0.02536 -0.01998 1.33826
-0.00699 -0.03215 1.33086
-0.03514 -0.05451 1.32589
-0.03197 -0.02196 1.33147
0.03661 -0.05388 1.32286
0.01574 -0.02453 1.32054
0.01418 -0.04152 1.31615
-0.02166 -0.01396 1.31181
-0.02082 -0.02963 1.31146
-0.01402 -0.01470 1.30749
-0.02666 -0.03287 1.30609
-0.02540 -0.03699 1.29790
-0.07435 -0.02395 1.29570
-0.02200 -0.01354 1.29724
-0.00162 -0.00789 1.29728
-0.02069 -0.00214 1.29114
0.00426 -0.04679 1.28770
-0.01807 -0.04774 1.27740
-0.02326 -0.03562 1.28241
-0.01242 -0.03582 1.27664
-0.02585 -0.04495 1.27306
-0.03095 -0.05451 1.26747
-0.02703 -0.01458 1.27220
-0.01708 -0.02061 1.26953
-0.03122 -0.02181 1.26315
-0.03454 -0.04810 1.25972
0.00626 -0.01940 1.25505
-0.00741 -0.03133 1.25819
-0.04212 -0.02193 1.25068
-0.01425 -0.04259 1.25151
0.01091 -0.03626 1.24361
-0.01919 -0.05901 1.23689
0.00825 -0.04859 1.24146
0.01456 -0.02976 1.23600
-0.02010 -0.00915 1.23201
-0.01512 0.00612 1.22740
0.01265 0.00882 1.21435
-0.01697 -0.03327 1.20234
0.00829 -0.04276 1.17866
0.00343 0.00989 1.16444
0.03107 -0.03276 1.14985
0.00288 -0.02285 1.12249
0.02402 -0.04507 1.10674
0.01164 -0.03556 1.09869
0.00612 -0.04293 1.09442
0.01654 -0.02661 1.09540
0.01801 -0.00591 1.09784
0.01586 -0.01504 1.09586
0.00369 -0.05182 1.08438
-0.01684 -0.03994 1.08196
-0.00874 -0.03397 1.07866
-0.01672 -0.00082 1.07782
-0.02331 -0.01768 1.07386
-0.00844 -0.01611 1.06907
-0.02533 -0.01637 1.06333
-0.03016 -0.00803 1.06232
-0.04245 -0.03274 1.05272
-0.02492 -0.03646 1.05282
-0.04053 -0.04100 1.05472
-0.06296 -0.02820 1.06026
-0.03152 -0.00555 1.06639
-0.03135 0.00613 1.07412
-0.07013 -0.02849 1.07537
-0.06477 -0.03941 1.07939
-0.02635 -0.02372 1.08946
-0.01998 -0.00132 1.09535
-0.01566 -0.03673 1.09864
-0.00492 -0.03680 1.10529
0.00885 -0.00101 1.11186
0.01804 -0.00216 1.12172
-0.00112 -0.00970 1.12721
0.02151 -0.00140 1.13561
0.00249 -0.01313 1.13784
-0.00714 -0.01833 1.14523
0.02357 -0.00617 1.15245
-0.00602 -0.01665 1.16284
0.01249 -0.00677 1.16666
0.01149 -0.00567 1.17705
0.01558 0.00315 1.18297
0.02001 0.00291 1.19133
0.03941 0.00655 1.20302
0.05228 0.00699 1.20833
0.01854 -0.03313 1.21897
0.00356 -0.00445 1.22833
0.00037 -0.04770 1.23478
-0.01867 -0.04016 1.24555
-0.02390 -0.01598 1.25730
-0.00136 0.00701 1.27211
0.02404 0.01745 1.28050
-0.03303 -0.00735 1.29378
-0.04165 -0.02389 1.30082
-0.01533 -0.00954 1.30917
-0.01409 -0.02772 1.32589
-0.04239 -0.02758 1.33482
-0.01646 -0.01123 1.34235
-0.02022 -0.00574 1.36014
-0.01669 -0.05496 1.36514
-0.02717 -0.05353 1.37220
-0.02279 -0.02831 1.38304
-0.02348 -0.04902 1.38710
-0.03447 -0.05337 1.40317
-0.03029 -0.05214 1.41200
-0.03739 -0.02580 1.42247
-0.02498 -0.02345 1.42820
-0.02180 -0.01748 1.43615
-0.02225 -0.02179 1.44301
0.00312 -0.00383 1.44145
-0.02212 -0.03335 1.44284
-0.02152 -0.03334 1.44015
-0.03207 -0.03838 1.43960
-0.03018 -0.04603 1.43718
-0.02478 -0.05230 1.43559
-0.01689 -0.04245 1.43622
-0.02288 -0.03643 1.43376
-0.01309 -0.01275 1.44107
-0.00078 -0.01646 1.43394
-0.00491 -0.04049 1.43208
-0.03416 -0.04872 1.42694
-0.01544 -0.05772 1.42166
-0.00094 -0.02732 1.42462
-0.01800 -0.02848 1.41871
-0.00767 -0.03812 1.41402
-0.01869 -0.03558 1.41356
-0.00467 -0.01220 1.41217
-0.02245 -0.00923 1.41093
-0.00313 -0.03549 1.40080
0.01589 -0.04007 1.39377
-0.02234 -0.05651 1.39195
-0.00647 -0.04608 1.39319
-0.02697 -0.03159 1.39242
-0.02848 -0.03389 1.38595
-0.02977 -0.04997 1.37938
-0.01726 -0.02400 1.37565
-0.01916 -0.04613 1.37406
-0.00488 -0.04125 1.37183
-0.01110 -0.02816 1.36693
-0.01706 -0.02155 1.36528
-0.00512 -0.03359 1.35635
-0.04096 -0.02718 1.35829
0.00282 -0.04496 1.35247
-0.03101 -0.04110 1.34571
-0.03806 -0.04263 1.34249
0.00626 -0.04881 1.33791
-0.00592 -0.02523 1.34040
-0.00122 -0.04244 1.33411
-0.01468 -0.03639 1.32520
-0.14158 -0.10688 1.30475
-0.01674 -0.00927 1.30014
-0.02005 -0.03872 1.28079
-0.01210 -0.03511 1.25922
-0.02141 -0.02904 1.23529
-0.03575 -0.05495 1.20692
-0.01468 -0.05217 1.17708
-0.08196 -0.04066 1.15339
-0.10489 -0.07595 1.11876
-0.01608 -0.03882 1.09406
-0.02571 -0.02918 1.06213
-0.00948 -0.03318 1.03660
-0.03365 -0.04066 0.99956
-0.02852 -0.01583 0.97104
-0.00556 -0.00799 0.93912
0.00789 -0.03539 0.90228
-0.01992 -0.02332 0.87260
-0.02865 -0.02358 0.83958
-0.01514 -0.03375 0.80720
-0.02814 -0.04138 0.78515
-0.01003 -0.03314 0.77350
0.03092 -0.02279 0.77330
0.01954 -0.01327 0.77214
0.01442 0.00511 0.77062
0.03848 0.00779 0.76807
-0.00082 -0.02017 0.76229
0.02269 -0.00807 0.76372
0.00602 -0.01399 0.75735
0.01690 -0.00965 0.75448
-0.02463 -0.01476 0.75106
0.01138 -0.00837 0.74784
-0.02112 -0.00464 0.74532
0.00700 -0.00795 0.74275
-0.00124 -0.02377 0.73685
-0.02100 -0.01699 0.73656
-0.02598 -0.02614 0.74042
-0.00402 -0.02126 0.74575
-0.00851 -0.01372 0.75342
-0.00050 -0.02341 0.75646
-0.00033 -0.00843 0.76075
-0.00565 -0.01564 0.76626
-0.00503 -0.02638 0.76718
-0.02003 -0.02322 0.77263
0.00617 0.00824 0.78220
-0.00921 0.01544 0.78998
-0.00630 -0.00412 0.79736
0.02089 -0.01236 0.79470
0.01053 -0.03561 0.79460
0.02143 -0.00628 0.80085
0.01515 -0.02479 0.80657
0.03337 0.00639 0.81883
-0.00103 0.00277 0.82271
0.00501 -0.00478 0.82830
0.00266 -0.00941 0.83172
0.03990 -0.03447 0.83520
-0.07349 -0.04846 0.84014
0.01625 -0.02440 0.85312
-0.02262 -0.01973 0.86718
-0.01251 -0.00763 0.87553
-0.00028 0.00231 0.88512
-0.00097 -0.00354 0.89316
-0.01960 -0.00361 0.90193
0.00014 -0.00832 0.90993
-0.02360 -0.01357 0.91865
0.00463 -0.00856 0.92544
-0.03016 -0.01190 0.93216
0.01008 -0.00650 0.93528
-0.01760 -0.02514 0.93800
-0.02118 -0.02026 0.93584
-0.03347 -0.02607 0.93539
-0.01933 -0.02832 0.93513
-0.05387 -0.04907 0.93128
-0.01557 -0.01238 0.93405
-0.00550 -0.00730 0.93268
-0.01529 -0.00337 0.93346
-0.02046 -0.00229 0.92743
-0.02419 -0.02905 0.92402
-0.01941 -0.01845 0.92157
-0.02544 -0.01224 0.91863
-0.04867 -0.04437 0.91330
-0.01805 -0.01261 0.91119
-0.00497 -0.00557 0.89931
-0.01218 -0.01873 0.88299
0.00097 -0.01743 0.86073
-0.01371 -0.01753 0.84374
-0.02579 -0.04221 0.82915
-0.00713 -0.01332 0.82661
-0.02657 -0.01208 0.82457
-0.01520 -0.01373 0.82419
-0.00617 -0.01892 0.82011
0.00691 -0.02274 0.81480
0.00958 -0.01520 0.81210
0.02597 -0.00138 0.80774
-0.00645 -0.00715 0.80892
-0.01981 -0.00220 0.80349
-0.00875 0.00798 0.79949
-0.03073 -0.00637 0.79710
-0.02592 -0.01622 0.79567
