-0.05213 -0.02857 1.30938
0.00520 -0.03574 1.31435
-0.01277 -0.04760 1.31569
-0.02237 -0.02826 1.31900
0.02828 -0.02998 1.32008
-0.00630 -0.01693 1.32710
-0.01523 -0.02170 1.32998
0.00883 -0.03626 1.33025
-0.00488 -0.05521 1.33355
0.06143 -0.03294 1.33604
-0.03049 -0.02012 1.33802
0.05111 -0.00359 1.34938
-0.03753 0.02454 1.35097
-0.04938 -0.01629 1.35155
-0.03601 -0.03262 1.35121
-0.04169 -0.03221 1.35372
-0.01880 -0.02864 1.36437
0.02431 -0.01021 1.36634
-0.02853 -0.03215 1.37609
-0.02061 -0.00768 1.37157
-0.03348 -0.04796 1.37339
-0.00715 -0.01611 1.37548
-0.04866 -0.03478 1.37869
0.02714 -0.03616 1.38499
-0.03458 -0.04285 1.38164
-0.02420 -0.02184 1.39296
-0.02718 0.00303 1.39718
0.01761 -0.01616 1.39799
-0.01743 -0.01485 1.39572
-0.00721 -0.03818 1.40240
-0.03510 -0.02591 1.40618
-0.00477 -0.02633 1.40754
-0.06302 -0.01949 1.40826
-0.04910 -0.01804 1.41229
-0.03989 -0.00313 1.41539
-0.03399 -0.00120 1.42238
-0.02624 -0.01938 1.42231
-0.03678 -0.02451 1.42559
-0.07840 -0.00130 1.42678
-0.03631 -0.02542 1.42692
-0.03338 -0.02273 1.43154
-0.03577 -0.04831 1.42775
-0.04165 -0.01349 1.42759
-0.02707 -0.04031 1.42888
-0.03543 -0.03820 1.42397
-0.02485 -0.03031 1.42366
-0.02448 -0.05007 1.41894
-0.02775 -0.03465 1.41704
-0.01588 -0.04415 1.41312
-0.07240 -0.00790 1.41123
-0.03213 -0.01120 1.41385
-0.09262 0.01045 1.40690
-0.02451 -0.02032 1.39988
0.00178 -0.03461 1.40229
-0.03173 -0.02558 1.40166
-0.03863 -0.00104 1.39593
-0.04809 -0.03514 1.39308
-0.00682 -0.04382 1.38992
-0.00213 -0.04137 1.38504
-0.05712 -0.02272 1.38507
-0.03659 -0.02170 1.38602
-0.03117 -0.02402 1.38159
-0.01266 0.02052 1.38456
-0.06573 -0.00615 1.37748
-0.05526 -0.02606 1.37606
-0.03389 -0.02269 1.36846
-0.03251 -0.04138 1.36531
-0.03265 -0.02447 1.36168
-0.02986 -0.03573 1.35690
-0.02111 -0.02444 1.35296
-0.02911 -0.02470 1.35139
-0.02386 -0.02238 1.34965
-0.05136 -0.00552 1.34432
-0.03921 -0.00930 1.34477
-0.04173 -0.03111 1.33974
-0.02544 -0.04658 1.33781
0.04802 -0.04155 1.33496
-0.04334 -0.00891 1.34412
-0.01470 -0.01837 1.34121
-0.01495 -0.02621 1.33828
-0.02813 -0.03527 1.33161
0.01269 -0.04684 1.32786
-0.00734 -0.04232 1.32311
-0.02096 -0.02086 1.33135
-0.01629 -0.01138 1.33289
-0.00726 -0.01066 1.33449
-0.00796 -0.03564 1.33344
-0.00665 -0.04238 1.34271
-0.01919 -0.04270 1.36356
-0.03764 -0.02289 1.35543
-0.00999 -0.02696 1.35935
-0.02107 -0.03208 1.35334
-0.03592 -0.01938 1.35539
-0.01993 -0.02090 1.35721
-0.00364 -0.02225 1.35766
-0.02722 -0.02596 1.34840
-0.03052 -0.04607 1.35314
-0.02737 -0.00833 1.35181
-0.03084 -0.02901 1.35300
-0.01768 -0.01603 1.34609
-0.02886 -0.00788 1.35178
-0.03775 -0.01946 1.34982
-0.00416 -0.00898 1.35065
-0.05440 -0.02544 1.34826
-0.02459 -0.02782 1.34743
-0.03452 -0.04985 1.34680
-0.05220 -0.04235 1.34199
-0.03113 -0.01515 1.35270
-0.01315 -0.02627 1.34915
-0.01628 -0.06496 1.34372
0.00136 -0.03358 1.34344
0.02264 -0.03830 1.34549
-0.01101 -0.02686 1.34705
-0.03548 -0.00561 1.34845
-0.02794 -0.00732 1.34991
-0.02764 -0.02431 1.34878
-0.02246 -0.03484 1.34624
-0.01810 -0.02655 1.35027
-0.02005 -0.02891 1.34957
-0.00914 -0.04267 1.35027
-0.00333 -0.01709 1.35133
-0.03344 -0.01423 1.35806
-0.00406 -0.04198 1.36066
-0.03103 -0.04575 1.35935
-0.04182 -0.02316 1.35904
-0.01842 -0.02945 1.36427
-0.02807 -0.01265 1.36881
-0.01692 -0.00989 1.37641
-0.00734 -0.02721 1.37949
-0.00971 -0.02578 1.37647
-0.01397 -0.03397 1.37520
-0.04560 -0.06119 1.37934
-0.02548 -0.03509 1.37893
-0.02060 -0.03045 1.38812
-0.00215 -0.03099 1.39405
-0.12267 0.03243 1.38990
-0.06819 0.00809 1.39800
0.00626 -0.01459 1.40169
-0.05225 -0.00744 1.40377
-0.03884 -0.00865 1.40774
-0.03874 -0.01999 1.40818
-0.01727 -0.01413 1.41864
-0.02994 -0.01174 1.41941
-0.01535 -0.01770 1.42203
-0.02606 -0.05990 1.41918
-0.02301 -0.01969 1.42381
-0.02874 0.01006 1.43355
-0.03697 -0.01855 1.43760
-0.03389 -0.00340 1.43749
-0.03452 -0.02471 1.43748
-0.02940 -0.02926 1.44752
-0.04417 -0.02839 1.44882
-0.04616 -0.02918 1.45447
-0.02577 -0.01676 1.46178
-0.01449 -0.01271 1.46064
-0.03417 -0.03509 1.46856
-0.03632 -0.02709 1.47185
-0.03284 -0.02702 1.47470
-0.04130 -0.02962 1.47981
-0.03964 -0.01926 1.47698
-0.03533 -0.01980 1.48598
-0.03780 -0.00678 1.48393
-0.04307 -0.01132 1.48916
-0.04053 -0.02246 1.48976
-0.03989 -0.02017 1.49079
-0.01383 -0.02779 1.49087
-0.01722 -0.03767 1.49396
-0.01064 -0.03206 1.49659
0.01491 -0.03089 1.49554
0.02189 -0.02424 1.50116
0.01797 -0.02813 1.50557
0.00994 -0.03929 1.50514
-0.02781 -0.00309 1.51053
-0.03350 -0.01328 1.51078
-0.02290 -0.04362 1.51567
-0.00391 -0.03262 1.51463
-0.01536 -0.01866 1.52120
0.03229 -0.02567 1.52425
-0.03839 -0.01572 1.52015
-0.04017 -0.02374 1.52777
-0.01553 -0.02799 1.52757
-0.04494 -0.01840 1.53234
0.04793 -0.01969 1.53081
-0.02413 -0.01301 1.53450
-0.03369 -0.02517 1.53788
0.00446 -0.01886 1.53925
0.01823 -0.02477 1.53477
-0.02548 -0.02258 1.53777
-0.00715 -0.00122 1.53848
-0.02907 -0.01737 1.54586
-0.04619 -0.04680 1.54004
-0.02363 -0.03906 1.53931
-0.02985 -0.03423 1.53930
0.02409 -0.04479 1.54111
0.00828 0.00239 1.54703
-0.00852 -0.02702 1.54250
-0.01203 -0.02160 1.54695
-0.00616 -0.02819 1.54203
-0.00016 -0.03494 1.55035
0.01860 -0.02764 1.55084
0.01336 -0.00857 1.55443
-0.02109 -0.02776 1.55071
-0.00211 -0.06936 1.54387
0.01330 -0.03446 1.55456
0.05008 0.00304 1.55340
-0.03178 -0.03420 1.55642
-0.02850 -0.02523 1.55886
-0.03608 -0.02673 1.56223
-0.00142 -0.00977 1.56958
-0.00826 -0.01871 1.57201
-0.02484 0.00342 1.57804
-0.03235 0.00212 1.58657
-0.00530 -0.00667 1.58473
-0.04466 -0.01164 1.59168
-0.01717 -0.03310 1.59638
-0.02101 -0.04921 1.59870
-0.00510 -0.05794 1.60241
-0.00637 -0.04020 1.60742
0.01165 -0.04267 1.61412
0.00906 -0.03066 1.61166
-0.03906 0.00315 1.62383
-0.02268 -0.01885 1.62726
-0.02368 -0.03544 1.62879
-0.02247 -0.05233 1.62782
-0.03915 -0.04415 1.62916
0.00380 -0.04915 1.63124
-0.01257 -0.03017 1.62602
0.03918 -0.06472 1.62720
-0.02663 -0.04921 1.62903
-0.02548 -0.03213 1.62652
-0.01164 -0.03937 1.62649
-0.02725 -0.05842 1.61761
-0.02078 -0.02626 1.62008
-0.03364 -0.05654 1.61219
-0.02259 -0.05535 1.60678
-0.03976 -0.01901 1.61127
0.01649 -0.01222 1.60797
-0.01908 -0.02302 1.61755
-0.01622 -0.04466 1.60616
-0.04178 -0.05671 1.59831
-0.05251 -0.01936 1.60214
-0.04092 -0.02605 1.59924
-0.03229 -0.03915 1.59757
-0.03908 -0.03764 1.59409
-0.01743 -0.03161 1.59859
-0.02164 -0.02876 1.59162
-0.05137 -0.04556 1.59197
-0.02402 -0.03612 1.59094
-0.02965 -0.03876 1.59040
-0.02780 -0.03335 1.59108
-0.01802 -0.04461 1.58502
-0.02850 -0.01406 1.59790
0.00495 -0.05050 1.59680
-0.00342 -0.04992 1.59694
0.00934 -0.04013 1.60558
-0.00178 -0.03400 1.58889
0.06812 -0.03248 1.63906
0.02476 -0.03248 1.60991
-0.01789 -0.03930 1.55574
0.04694 -0.04661 1.60523
-0.02234 -0.04174 1.60529
0.00422 -0.03263 1.61422
-0.04003 -0.02502 1.61284
-0.01129 -0.04049 1.62052
0.00294 -0.04387 1.61023
-0.01534 -0.02949 1.61670
-0.01354 -0.01792 1.61811
-0.00918 -0.03918 1.62005
