0.06701 52.63452 30.51679
0.00067 0.47017 0.26939
0.15382 93.44442 55.70825
0.00209 1.17125 0.67108
0.02062 10.67502 6.11924
0.02791 13.40541 7.68650
0.19187 87.20211 51.69923
0.01730 7.38801 4.23398
0.20864 83.90614 49.60992
0.11303 42.60595 24.59993
0.11757 43.47949 25.11244
0.00671 2.40664 1.37894
0.00114 0.38679 0.22162
0.02616 8.55384 4.90248
0.03460 10.88255 6.23832
0.01974 5.93124 3.39885
0.04644 13.39797 7.68223
0.02887 7.87981 4.51597
0.01661 4.33434 2.48359
0.03134 7.73574 4.43336
0.02601 6.09369 3.49197
0.27175 60.52814 35.23256
0.04370 9.23579 5.29360
0.05308 10.73165 6.15174
0.10055 19.44144 11.15674
0.04107 7.57025 4.33847
0.05461 9.59195 5.49789
0.07524 12.66448 7.26107
0.06651 10.68486 6.12489
0.06801 10.51940 6.02996
0.02930 4.36403 2.50060
0.01996 2.86494 1.64155
0.05539 7.73425 4.43251
0.10993 14.88199 8.53464
0.03499 4.62187 2.64837
0.02498 3.22806 1.84962
0.04031 5.09026 2.91682
0.04241 5.30493 3.03986
0.01289 1.60059 0.91708
0.03130 3.86560 2.21496
0.03106 3.83339 2.19651
0.03827 4.68827 2.68643
0.05102 6.22114 3.56503
0.03990 4.85040 2.77934
0.02739 3.30880 1.89589
0.01655 1.99583 1.14355
0.02168 2.59512 1.48694
0.02880 3.43953 1.97081
0.02913 3.47248 1.98969
0.01663 1.97703 1.13277
0.01294 1.53771 0.88105
0.01630 1.93419 1.10822
0.04462 5.28463 3.02822
0.01526 1.81385 1.03927
0.04664 5.52309 3.16490
0.03716 4.36389 2.50052
0.27908 33.04288 19.01938
0.03481 4.16612 2.38718
0.07689 9.26334 5.30940
0.05431 6.57446 3.76757
0.03397 4.07765 2.33648
0.05657 6.78509 3.88831
0.04750 5.69291 3.26224
0.07120 8.53219 4.89007
0.06257 7.54629 4.32473
0.08755 10.64397 6.10143
0.05225 6.43347 3.68674
0.04519 5.61927 3.22003
0.08609 10.75283 6.16389
0.06931 8.62650 4.94416
0.04916 6.11012 3.50138
0.02427 2.99532 1.71626
0.02905 3.53084 2.02313
0.05376 6.40876 3.67258
0.07536 8.78144 5.03301
0.17426 19.88587 11.41262
0.08126 9.11098 5.22201
0.03739 4.11569 2.35828
0.02821 3.05052 1.74789
0.02535 2.68937 1.54094
0.01997 2.07731 1.19023
0.02417 2.47472 1.41794
0.04514 4.55696 2.61117
0.04063 4.05818 2.32532
0.04538 4.46073 2.55602
0.11697 11.36812 6.51696
0.04922 4.75615 2.72533
0.46640 44.79268 25.88386
0.05933 5.71122 3.27273
0.02881 2.77827 1.59188
0.01497 1.44708 0.82913
0.03355 3.24315 1.85827
0.03725 3.61040 2.06872
0.04610 4.48883 2.57213
0.03245 3.16409 1.81297
0.06237 6.09361 3.49192
0.03790 3.73215 2.13849
0.05997 5.92852 3.39729
0.03939 3.91553 2.24358
0.00915 0.90793 0.52021
0.01498 1.49348 0.85571
0.01828 1.83631 1.05214
0.03975 4.02224 2.30473
0.00415 0.42208 0.24183
0.04709 4.79709 2.74879
0.03433 3.51569 2.01445
0.02965 3.04357 1.74390
0.04280 4.37256 2.50549
0.01953 2.00108 1.14655
0.06414 6.61989 3.79361
0.03663 3.84357 2.20234
0.02312 2.43741 1.39657
0.02043 2.14702 1.23018
0.03163 3.32277 1.90390
0.01348 1.41817 0.81256
0.02508 2.64231 1.51397
0.02269 2.38958 1.36916
0.03077 3.26901 1.87309
0.01940 2.06218 1.18156
0.13103 13.96999 8.01074
0.04686 5.01578 2.87413
0.04582 4.92324 2.82109
0.02556 2.74298 1.57166
0.06558 7.01806 4.02188
0.08655 9.32314 5.34370
0.10310 11.07727 6.35006
0.08867 9.53876 5.46738
0.07318 7.92968 4.54456
0.09874 10.65292 6.10656
0.02034 2.20961 1.26604
0.13975 15.24751 8.74466
0.03711 4.08564 2.34106
0.05076 5.57421 3.19420
0.03784 4.12657 2.36452
0.03804 4.15030 2.37812
0.13430 14.78571 8.47932
0.09397 10.41971 5.97276
0.01805 2.00039 1.14616
0.40909 45.18672 26.11557
0.02372 2.61699 1.49947
0.04296 4.75857 2.72671
0.09159 10.10328 5.79122
0.01590 1.74845 1.00180
0.01601 1.77262 1.01565
0.04131 4.59163 2.63104
0.06632 7.39569 4.23839
0.06350 7.11332 4.07649
0.01302 1.45522 0.83379
0.02366 2.63388 1.50915
0.03537 3.92215 2.24737
0.03519 3.89758 2.23329
0.08475 9.48298 5.43539
0.05738 6.40962 3.67307
0.07379 8.24105 4.72311
0.16344 18.17422 10.42744
0.03166 3.52780 2.02138
0.08302 9.26165 5.30843
0.00732 0.81728 0.46827
0.01401 1.56451 0.89641
0.03446 3.84379 2.20246
0.03130 3.49180 2.00076
0.05726 6.39446 3.66438
0.01057 1.18397 0.67837
0.03655 4.06626 2.32995
0.03731 4.16330 2.38556
0.03763 4.21436 2.41483
0.02505 2.80779 1.60880
0.05405 6.08939 3.48951
0.02517 2.82618 1.61934
0.00578 0.64967 0.37224
0.05647 6.35403 3.64120
0.02893 3.23734 1.85494
0.01131 1.27913 0.73289
0.06787 7.76642 4.45095
0.14312 16.41670 9.41667
0.09385 10.74626 6.16012
0.06959 7.97004 4.56771
0.20175 23.19805 13.32149
0.03630 4.20890 2.41170
0.72707 84.70173 50.11260
0.05154 6.04480 3.46394
0.03096 3.64234 2.08702
0.12426 14.69894 8.42947
0.03666 4.38029 2.50992
0.04897 5.81630 3.33296
0.02897 3.47739 1.99250
0.58223 69.50471 40.67184
0.04954 6.01262 3.44550
0.07852 9.62967 5.51953
0.88385 109.00270 66.05117
0.02105 2.60357 1.49178
0.01784 2.20000 1.26053
0.20993 26.06819 14.97859
0.03235 4.06232 2.32770
0.09621 12.11612 6.94628
0.02896 3.65051 2.09170
0.02685 3.43352 1.96736
0.09935 12.82281 7.35197
0.03396 4.44111 2.54478
0.09561 12.55511 7.19828
0.02299 2.99248 1.71463
0.05111 6.62484 3.79645
0.06057 7.93721 4.54888
0.04277 5.70327 3.26818
0.06293 8.45067 4.84332
0.31139 41.54716 23.97939
0.08008 10.54300 6.04349
0.06540 8.63402 4.94847
0.05869 7.76104 4.44786
0.11225 14.97095 8.58575
0.41831 55.99175 32.51549
0.01805 2.39426 1.37184
0.10080 13.46438 7.72036
0.05677 7.58840 4.34888
0.13083 17.52182 10.05215
0.09460 12.85686 7.37152
0.05431 7.41238 4.24796
0.07821 10.73709 6.15486
0.06896 9.54827 5.47283
0.01808 2.52445 1.44644
0.01602 2.22205 1.27317
0.11907 16.57176 9.50582
0.04429 6.23440 3.57263
0.04757 6.78203 3.88656
0.04240 6.07968 3.48394
0.11803 17.02403 9.76587
0.11024 16.02669 9.19247
0.15628 22.77870 13.07961
0.01756 2.57769 1.47695
0.37478 55.52144 32.23490
0.00792 1.18517 0.67906
0.01693 2.57663 1.47634
0.04880 7.44189 4.26487
0.07976 12.48452 7.15776
0.72063 112.32463 68.33625
0.00820 1.28972 0.73896
0.07379 11.59664 6.64811
0.03270 5.18305 2.97000
0.10820 17.40032 9.98227
0.02062 3.35590 1.92288
0.06533 10.75675 6.16614
0.03299 5.40467 3.09703
0.01541 2.50396 1.43470
0.05276 8.39174 4.80953
0.03705 5.86742 3.36227
0.02981 4.71658 2.70265
0.02413 3.87757 2.22182
0.02453 3.96019 2.26917
0.03148 5.07437 2.90771
0.01356 2.17078 1.24379
0.03009 4.78994 2.74469
0.01963 3.06893 1.75844
0.04183 6.50883 3.72994
0.01550 2.39877 1.37443
0.04536 6.99773 4.01022
0.09680 14.97113 8.58586
0.06293 9.72731 5.57554
0.04038 6.22354 3.56640
0.02474 3.77340 2.16213
0.02104 3.15469 1.80758
0.02298 3.39788 1.94693
0.03049 4.52228 2.59129
0.05456 8.09035 4.63669
0.02921 4.25085 2.43574
0.03257 4.72408 2.70695
0.07144 10.13540 5.80965
0.09469 13.24928 7.59684
0.10517 14.82098 8.49959
0.11749 16.32278 9.36268
0.10899 14.91405 8.55306
0.09053 12.13865 6.95921
0.07221 9.65769 5.53560
0.04985 6.63735 3.80362
0.12752 16.98080 9.74101
0.04897 6.50256 3.72635
0.02014 2.67921 1.53512
0.08215 10.99117 6.30065
0.08260 11.04655 6.33243
0.02182 2.93228 1.68013
0.04929 6.61194 3.78906
0.02161 2.88109 1.65080
0.02173 2.90583 1.66498
0.02882 3.85307 2.20778
0.04012 5.36368 3.07353
0.02175 2.92473 1.67581
0.07698 10.32953 5.92102
0.03748 5.07528 2.90824
0.10805 14.53839 8.33724
0.04046 5.44171 3.11826
0.15347 20.51910 11.77730
0.02101 2.81069 1.61046
0.02884 3.88574 2.22651
0.02674 3.59291 2.05869
0.02484 3.33979 1.91365
0.02056 2.73224 1.56551
0.04753 6.34537 3.63624
0.18442 24.43091 14.03293
0.01384 1.82194 1.04391
0.09600 12.61302 7.23153
0.07231 9.47367 5.43005
0.15345 20.01862 11.48906
0.03079 3.97370 2.27691
0.05536 7.13276 4.08764
0.09255 11.80428 6.76729
0.00617 0.78853 0.45180
0.02949 3.75011 2.14878
0.13480 17.10975 9.81516
0.05927 7.51056 4.30425
0.14961 18.89179 10.84036
0.19489 24.44843 14.04304
0.06889 8.67290 4.97076
0.02171 2.71294 1.55445
0.04016 5.01001 2.87083
0.05175 6.47111 3.70832
0.02980 3.75110 2.14935
0.05008 6.34721 3.63729
0.09810 12.40775 7.11369
0.07543 9.48306 5.43543
0.02431 3.07285 1.76068
0.03118 3.99720 2.29038
0.16642 21.33719 12.24862
0.02547 3.24667 1.86029
0.04503 5.66711 3.24745
0.02219 2.77198 1.58828
0.05471 6.80673 3.90072
0.02942 3.65713 2.09550
0.05041 6.29562 3.60772
0.04787 6.05715 3.47102
0.03533 4.46608 2.55909
0.03466 4.37161 2.50495
0.11236 14.16507 8.12279
0.04878 6.15915 3.52949
0.05361 6.71639 3.84893
0.09721 12.07332 6.92171
0.03935 4.87712 2.79466
0.03868 4.76962 2.73305
0.04014 4.94342 2.83266
0.03767 4.60819 2.64053
0.02943 3.62366 2.07632
0.04597 5.75513 3.29790
0.03648 4.57030 2.61882
0.07199 9.04352 5.18332
0.03879 4.78065 2.73937
0.05006 6.12967 3.51259
0.04471 5.50683 3.15558
0.04031 4.96891 2.84727
0.04253 5.20071 2.98012
0.08451 10.28912 5.89783
0.05612 6.86640 3.93493
0.05891 7.21491 4.13474
0.05754 7.06776 4.05037
0.07951 9.77192 5.60113
0.09424 11.53831 6.61464
0.02940 3.59483 2.05979
0.03118 3.80494 2.18020
0.05171 6.32711 3.62577
0.03368 4.13290 2.36815
0.05344 6.56331 3.76117
0.04891 6.02995 3.45543
0.05398 6.60815 3.78688
0.01705 2.08457 1.19439
0.05566 6.79165 3.89208
0.03170 3.88994 2.22891
0.03086 3.75549 2.15186
0.04437 5.37586 3.08051
0.03720 4.51674 2.58812
0.02975 3.62248 2.07564
0.04987 6.10966 3.50112
0.03323 4.07349 2.33410
0.06261 7.63391 4.37497
0.05321 6.50156 3.72577
0.07499 9.20227 5.27438
0.07987 9.83613 5.63796
0.02533 3.11791 1.78650
0.03758 4.58199 2.62551
0.02969 3.63762 2.08432
0.07153 8.76268 5.02226
0.05004 6.15855 3.52915
0.04523 5.57370 3.19391
0.06449 7.87525 4.51335
0.03631 4.43637 2.54206
0.03363 4.07741 2.33635
0.00954 1.15413 0.66127
0.03288 3.96512 2.27200
0.05981 7.26274 4.16216
0.07421 9.04943 5.18671
0.05480 6.71768 3.84967
0.06220 7.55026 4.32701
0.05143 6.17087 3.53621
0.06000 7.11780 4.07906
0.06262 7.44175 4.26480
0.07683 9.04811 5.18595
0.03757 4.39626 2.51907
0.05531 6.44576 3.69379
0.07661 8.89846 5.10013
0.05409 6.25221 3.58284
0.05028 5.78409 3.31450
0.05828 6.74207 3.86365
0.06693 7.68445 4.40395
0.07221 8.29382 4.75337
0.10049 11.43605 6.55595
0.03883 4.37954 2.50949
0.01321 1.48014 0.84806
0.00722 0.80085 0.45885
0.01325 1.45716 0.83490
0.03602 3.97335 2.27671
0.13976 15.48393 8.88052
0.03301 3.68315 2.11041
0.04453 5.00430 2.86755
0.10108 11.32307 6.49111
0.08979 10.02211 5.74465
0.16374 18.07931 10.37284
0.02040 2.22100 1.27257
0.05706 6.17030 3.53588
0.05406 5.83789 3.34534
0.05557 6.00461 3.44090
0.03073 3.12065 1.78807
0.09918 9.83516 5.63740
0.12121 11.99817 6.87858
0.07847 7.95326 4.55809
0.12632 12.88059 7.38515
0.09432 9.60734 5.50672
0.01804 1.84169 1.05523
0.11974 12.14774 6.96443
0.02289 2.32479 1.33204
0.02528 2.57473 1.47525
0.01639 1.69973 0.97388
0.12883 13.19942 7.56821
0.08245 8.50990 4.87729
0.05077 5.21402 2.98775
0.03533 3.66142 2.09795
0.05083 5.24474 3.00536
0.08908 9.25184 5.30281
0.01093 1.13580 0.65077
0.36705 38.20032 22.02249
0.04304 4.52522 2.59298
0.03254 3.39776 1.94687
0.03520 3.69917 2.11959
0.03842 4.03655 2.31293
0.04089 4.32549 2.47852
0.00742 0.78278 0.44850
0.01496 1.57318 0.90137
0.01714 1.80415 1.03372
0.05976 6.30344 3.61221
0.04423 4.66307 2.67199
0.07460 7.92582 4.54235
0.10046 10.67649 6.12008
0.05022 5.37530 3.08019
0.00870 0.92503 0.53001
0.02711 2.86649 1.64243
0.01182 1.24415 0.71285
0.08634 9.04643 5.18499
0.08954 9.40878 5.39283
0.07420 7.80217 4.47145
0.07064 7.41691 4.25055
0.04562 4.76004 2.72756
0.05188 5.38607 3.08636
0.07512 7.77949 4.45844
0.05861 6.04521 3.46418
0.03502 3.57861 2.05050
0.04425 4.51421 2.58667
0.04680 4.82151 2.76279
0.02143 2.21022 1.26639
0.04576 4.69966 2.69295
0.03591 3.65668 2.09524
0.05495 5.55822 3.18503
0.12001 12.12854 6.95341
0.03669 3.69326 2.11620
0.04308 4.32778 2.47983
0.04919 4.91783 2.81799
0.02873 2.87592 1.64783
0.04563 4.54699 2.60546
0.04393 4.36829 2.50304
0.00423 0.41868 0.23989
0.01171 1.16122 0.66533
0.05934 5.83585 3.34417
0.01738 1.71477 0.98250
0.04423 4.36214 2.49952
0.01837 1.80964 1.03686
0.02586 2.56059 1.46715
0.01551 1.53569 0.87989
0.09965 9.85236 5.64727
0.03925 3.85927 2.21134
0.10900 10.69213 6.12906
0.04113 4.03063 2.30954
0.04985 4.92494 2.82207
0.03307 3.28623 1.88295
0.02384 2.36757 1.35655
0.01755 1.73937 0.99660
0.03838 3.77004 2.16020
0.03729 3.66986 2.10280
0.13961 13.73514 7.87585
0.14834 14.57949 8.36085
0.02544 2.51458 1.44079
0.02652 2.61606 1.49894
0.13536 13.41170 7.69011
0.02163 2.12912 1.21992
0.02097 2.06267 1.18184
0.03953 3.90373 2.23681
0.02941 2.90026 1.66179
0.05431 5.36780 3.07589
0.02411 2.37742 1.36219
0.05876 5.79305 3.31964
0.01865 1.84245 1.05566
0.01162 1.15061 0.65926
0.03227 3.20406 1.83587
0.02652 2.64622 1.51621
0.01197 1.19763 0.68619
0.01532 1.53911 0.88185
0.03570 3.59842 2.06185
0.02710 2.75809 1.58032
0.03764 3.87061 2.21783
0.01614 1.67772 0.96128
0.02202 2.31670 1.32740
0.01203 1.28327 0.73527
0.03316 3.58533 2.05436
0.01312 1.43769 0.82374
0.02475 2.76652 1.58515
0.06389 7.27656 4.17008
0.01420 1.65360 0.94746
0.00448 0.53270 0.30522
0.00893 1.08375 0.62095
0.02930 3.63281 2.08156
0.01292 1.62618 0.93175
0.02938 3.74822 2.14770
0.04307 5.58276 3.19910
0.01034 1.36224 0.78051
0.03480 4.66470 2.67292
0.00859 1.16458 0.66726
0.01120 1.54743 0.88662
0.02713 3.82994 2.19453
0.02640 3.76510 2.15737
0.04269 6.10031 3.49576
0.01615 2.29858 1.31702
0.02520 3.52642 2.02060
0.06255 8.68983 4.98047
0.03692 5.09343 2.91863
0.02383 3.26155 1.86881
0.01866 2.56136 1.46759
0.03146 4.29367 2.46028
0.04552 6.21511 3.56157
0.02379 3.22491 1.84782
0.03607 4.82640 2.76559
0.03231 4.27302 2.44845
0.00863 1.11132 0.63674
0.18515 23.50867 13.50069
0.14873 18.85041 10.81654
0.05473 6.95039 3.98308
0.10054 12.72360 7.29501
0.02708 3.41284 1.95551
0.06275 7.79087 4.46497
0.21558 26.74699 15.37095
0.04877 6.02966 3.45527
0.05242 6.55567 3.75680
0.07091 8.95226 5.13098
0.45369 57.47897 33.40411
0.14733 18.76802 10.76913
0.12120 15.59873 8.94650
0.04262 5.52841 3.16795
0.04752 6.25348 3.58356
0.02003 2.65297 1.52008
0.01382 1.85789 1.06451
0.01423 1.95076 1.11772
0.12726 17.66521 10.13463
0.16077 22.49775 12.91760
0.07238 10.21254 5.85390
0.18350 25.54324 14.67528
0.04720 6.71076 3.84571
0.04248 5.97219 3.42232
0.01506 2.10539 1.20632
0.01748 2.46760 1.41387
0.03819 5.22412 2.99354
0.01409 1.93459 1.10846
0.00676 0.90315 0.51747
0.04602 6.08915 3.48937
0.03045 4.04058 2.31524
0.02631 3.45754 1.98112
0.04456 5.83338 3.34275
0.02880 3.74970 2.14854
0.01253 1.61835 0.92726
0.01524 1.98390 1.13671
0.02998 3.95544 2.26645
0.02400 3.18456 1.82469
0.02711 3.58674 2.05516
0.02160 2.77178 1.58817
0.06579 8.28879 4.75049
0.04988 6.32847 3.62655
0.02949 3.84869 2.20527
0.03673 4.94995 2.83640
0.02973 3.95132 2.26409
0.01096 1.43151 0.82020
0.07057 9.16550 5.25328
0.02346 3.11059 1.78231
0.02049 2.80030 1.60451
0.01355 1.89157 1.08381
0.02293 3.21241 1.84065
0.04529 6.37571 3.65363
0.03612 5.16042 2.95703
0.01843 2.68467 1.53825
0.02580 3.81193 2.18421
0.03359 5.03822 2.88699
0.02567 3.87485 2.22027
0.02353 3.59769 2.06143
0.02330 3.58670 2.05514
0.06087 9.60008 5.50256
0.05308 8.45472 4.84564
0.04101 6.84545 3.92292
0.04446 7.73000 4.43007
0.02110 3.77926 2.16549
0.01773 3.32325 1.90417
0.10500 20.27522 11.63684
0.03581 7.28569 4.17532
0.04557 9.99333 5.72814
0.01690 3.92435 2.24863
0.00953 2.34786 1.34526
0.04150 10.96810 6.28741
0.02514 6.84382 3.92199
0.03489 9.91858 5.68526
0.01188 3.52490 2.01972
0.01945 6.03859 3.46038
0.02628 8.62241 4.94181
0.02989 10.42550 5.97608
0.12633 47.59440 27.53375
0.01508 6.09755 3.49418
0.01857 8.23121 4.71747
0.04114 20.37674 11.69530
0.02759 15.55753 8.92282
0.01917 12.01338 6.88731
0.03554 23.47532 13.48145
0.03582 23.79436 13.66553
0.01146 7.50285 4.29983
0.00944 6.00052 3.43856
0.01958 12.78585 7.33075
0.03088 20.88890 11.99032
0.14356 97.69175 58.47866
0.02807 19.07384 10.94514
0.09865 65.80918 38.42175
0.02913 17.91379 10.27762
0.04802 27.07023 15.55785
0.04734 24.16787 13.88109
0.01531 7.12421 4.08274
0.00556 2.45779 1.40825
0.29618 126.25714 78.29008
0.19634 79.18749 46.64891
0.07354 29.20396 16.79268
0.27357 103.45933 62.30218
0.32687 120.57274 74.15054
0.34382 126.32848 78.34280
0.37563 129.43421 80.65730
0.31101 103.11101 62.06913
0.38974 129.08255 80.39326
0.04662 14.25092 8.17210
0.02234 6.59399 3.77876
0.01286 3.81866 2.18807
0.01275 3.47985 1.99391
0.02434 6.70824 3.84426
0.02519 6.39386 3.66404
0.52430 128.15647 79.70036
0.06769 16.51792 9.47486
0.04224 9.57689 5.48925
0.02875 6.25939 3.58695
0.04010 8.54906 4.89974
0.04231 8.52042 4.88332
0.03347 6.60676 3.78608
0.03927 7.36689 4.22187
0.03646 6.60560 3.78542
0.05183 9.29096 5.32525
0.04343 7.54874 4.32614
0.17992 30.26782 17.40907
0.11283 18.69380 10.72642
0.04469 7.11937 4.07996
0.05914 9.25687 5.30569
0.18721 27.91609 16.04714
0.05165 7.51611 4.30743
0.06372 9.04981 5.18693
0.03042 4.23699 2.42780
0.10779 14.73651 8.45105
0.03326 4.45895 2.55500
0.04660 6.12013 3.50713
0.03563 4.59737 2.63433
0.03173 4.01339 2.29966
0.04524 5.62472 3.22315
0.04398 5.36128 3.07216
0.05256 6.31189 3.61705
0.03128 3.70052 2.12036
0.01482 1.73334 0.99314
0.04844 5.61654 3.21846
0.13340 15.17926 8.70545
0.04017 4.53874 2.60073
0.02521 2.80565 1.60757
0.04774 5.24713 3.00673
0.09465 10.23182 5.86496
0.03963 4.22131 2.41881
0.02658 2.80248 1.60575
0.03255 3.39553 1.94559
0.03428 3.54269 2.02992
0.07973 8.12028 4.65386
0.03192 3.21607 1.84275
0.06176 6.14122 3.51921
0.05090 5.01295 2.87251
0.08791 8.57459 4.91438
0.10147 9.76016 5.59438
0.08505 8.10751 4.64653
0.08259 7.84837 4.49794
0.06173 5.89228 3.37652
0.09932 9.38734 5.38053
0.02955 2.77984 1.59278
0.05725 5.32266 3.05002
0.06983 6.49110 3.71978
0.20282 18.75460 10.76140
0.42084 38.91399 22.43921
0.51177 47.37475 27.40420
0.34025 31.10905 17.89684
0.25957 23.76879 13.65078
0.81280 74.76160 43.90132
0.37050 33.88879 19.51098
0.35383 32.40010 18.64607
0.11620 10.46121 5.99657
0.09889 8.90029 5.10118
0.18991 17.39407 9.97868
1.03665 93.60859 55.81467
0.07034 6.45103 3.69681
1.15617 104.29893 62.86513
0.68095 61.37084 35.73950
0.75625 69.60717 40.73445
0.05278 4.74193 2.71718
0.14728 13.48325 7.73120
0.09803 8.80641 5.04733
0.23899 21.42060 12.29668
0.25023 22.53174 12.93720
0.27224 24.09666 13.83999
0.05083 4.51083 2.58473
0.03622 3.23452 1.85333
0.06468 5.69365 3.26266
0.02086 1.84081 1.05472
0.07318 6.41102 3.67387
0.05567 4.87546 2.79371
0.11586 10.10664 5.79315
0.03661 3.19192 1.82891
0.09155 7.94955 4.55596
0.03319 2.86655 1.64247
0.07788 6.65901 3.81604
0.03819 3.23420 1.85314
0.06322 5.29724 3.03545
0.03203 2.66890 1.52921
0.14122 11.71638 6.71683
0.07734 6.40994 3.67325
0.10100 8.27048 4.73999
0.42236 34.37586 19.79421
0.13206 10.64422 6.10157
0.15917 12.76052 7.31621
0.16102 12.87140 7.37987
0.21310 16.88256 9.68452
0.27918 21.93056 12.59061
0.00688 0.54027 0.30955
0.26691 20.76252 11.91752
0.05109 3.95318 2.26515
0.08181 6.28686 3.60270
0.02854 2.18118 1.24975
0.47376 35.47342 20.43288
0.06209 4.62186 2.64837
0.04769 3.53026 2.02280
0.04101 3.03027 1.73628
0.07326 5.37185 3.07821
0.05895 4.30379 2.46608
0.06352 4.61448 2.64414
0.04500 3.25588 1.86557
0.04554 3.27565 1.87689
0.03729 2.67107 1.53046
0.01944 1.38398 0.79297
0.07365 5.21530 2.98849
0.05737 4.05121 2.32133
0.05981 4.18436 2.39763
0.07615 5.32019 3.04861
0.05125 3.54825 2.03310
0.05158 3.56016 2.03993
0.03443 2.36243 1.35360
0.05454 3.72981 2.13715
0.04518 3.06296 1.75501
0.03639 2.46515 1.41246
0.07225 4.86233 2.78619
0.04847 3.24895 1.86159
0.08091 5.37045 3.07741
0.05122 3.41076 1.95431
0.12598 8.40971 4.81983
0.07047 4.68751 2.68599
0.07522 4.99793 2.86390
0.09298 6.15136 3.52503
0.08775 5.78471 3.31485
0.08757 5.77609 3.30991
0.02402 1.58264 0.90680
0.08374 5.51045 3.15765
0.02166 1.42646 0.81731
0.04438 2.90930 1.66696
0.07560 4.97503 2.85078
0.07188 4.73403 2.71266
0.08957 5.90696 3.38493
0.05723 3.77006 2.16021
0.05317 3.50701 2.00947
0.08175 5.40767 3.09874
0.06222 4.12935 2.36611
0.06129 4.06282 2.32798
0.03304 2.19030 1.25497
0.06052 4.01730 2.30190
0.08188 5.44923 3.12257
0.30419 20.29819 11.65007
0.07193 4.77461 2.73591
0.05751 3.82153 2.18971
0.03367 2.24023 1.28359
0.03642 2.42305 1.38834
0.04956 3.29693 1.88909
0.11231 7.48303 4.28846
0.06645 4.41949 2.53239
0.14593 9.74487 5.58561
0.13243 8.84335 5.06852
0.07389 4.94284 2.83233
0.07229 4.83150 2.76851
0.01962 1.32000 0.75631
0.07185 4.86998 2.79057
0.05503 3.73291 2.13892
0.06953 4.75030 2.72198
0.07853 5.39912 3.09385
0.07291 5.05313 2.89554
0.03459 2.40669 1.37897
0.11188 7.83095 4.48795
0.10628 7.49488 4.29526
0.10942 7.75560 4.44475
0.06137 4.39493 2.51831
0.05075 3.67668 2.10670
0.06945 5.12458 2.93649
0.03369 2.52184 1.44495
0.02342 1.78978 1.02548
0.06504 5.07722 2.90935
0.05976 4.79210 2.74594
0.03327 2.71541 1.55586
0.08237 6.84716 3.92390
0.02230 1.91371 1.09649
0.04852 4.28635 2.45609
0.02265 2.06378 1.18248
0.03750 3.52514 2.01986
0.07707 7.52755 4.31399
0.05605 5.66496 3.24622
0.07586 8.05299 4.61527
0.07808 8.66282 4.96498
0.04735 5.48880 3.14524
0.04086 5.00283 2.86671
0.02962 3.80974 2.18295
0.07725 10.46207 5.99706
0.03393 4.88598 2.79974
0.03012 4.50579 2.58185
0.12109 18.78646 10.77974
0.06961 11.74535 6.73346
0.08890 14.19214 8.13834
0.04559 8.16323 4.67849
0.03938 6.40149 3.66841
0.03086 5.00486 2.86787
0.07658 14.56186 8.35072
0.05934 9.95596 5.70670
0.09163 18.61755 10.68254
0.02997 5.23617 3.00045
0.09725 20.26707 11.63214
0.04623 8.58125 4.91821
0.04533 8.42476 4.82846
0.07829 16.33332 9.36874
0.02016 3.81578 2.18641
0.10295 20.86558 11.97689
0.04863 9.23123 5.29099
0.08563 16.24587 9.31847
0.08043 15.55240 8.91987
0.05141 9.72628 5.57494
0.02365 4.35266 2.49409
0.02384 4.36092 2.49882
0.03851 6.95336 3.98479
0.08505 14.43059 8.27531
0.06283 11.24186 6.44451
0.07817 12.66579 7.26182
0.22017 38.64187 22.28027
0.06246 10.61301 6.08366
0.09990 14.99144 8.59752
0.02523 4.08680 2.34173
0.03625 5.67987 3.25476
0.09594 13.67356 7.84049
0.06915 10.35415 5.93514
0.06368 9.25360 5.30382
0.05262 7.19976 4.12605
0.02106 2.90781 1.66611
0.05208 7.01551 4.02042
0.04290 5.65750 3.24194
0.03518 4.65161 2.66542
0.04116 5.20933 2.98506
0.02827 3.58392 2.05355
0.03000 3.79968 2.17719
0.01023 1.25998 0.72192
0.03602 4.45556 2.55306
0.03638 4.46435 2.55810
0.13646 16.41457 9.41545
0.03764 4.61698 2.64557
0.11939 14.25083 8.17205
0.05297 6.43759 3.68911
0.02159 2.56821 1.47152
0.01332 1.55941 0.89348
0.08353 9.86405 5.65398
0.10703 12.51737 7.17662
0.04964 5.66446 3.24593
0.04587 5.18585 2.97161
0.02303 2.58235 1.47962
0.12286 13.69798 7.85451
0.05580 6.22620 3.56793
0.12615 13.84280 7.93769
0.05666 6.19335 3.54910
0.04906 5.25589 3.01175
0.03658 3.88397 2.22549
0.02036 2.14613 1.22966
0.04611 4.84030 2.77356
0.03705 3.86235 2.21310
0.05153 5.27198 3.02097
0.05513 5.58582 3.20085
0.05018 5.02058 2.87688
0.03747 3.70546 2.12319
0.02253 2.21448 1.26883
0.04106 4.03386 2.31139
0.04665 4.60153 2.63672
0.04056 3.99829 2.29100
0.03416 3.37257 1.93243
0.29908 29.43347 16.92561
0.04686 4.63125 2.65375
0.02277 2.26895 1.30004
0.02127 2.11665 1.21278
0.04234 4.23830 2.42855
0.54777 55.53601 32.24358
0.09138 9.32415 5.34428
0.01875 1.93717 1.10994
0.05550 5.71681 3.27594
0.06952 7.20373 4.12833
0.05949 6.21725 3.56280
0.05763 6.07159 3.47930
0.04698 5.01910 2.87604
0.04146 4.47165 2.56228
0.06965 7.60614 4.35905
0.04717 5.16696 2.96078
0.06241 6.95485 3.98564
0.11006 12.42627 7.12432
0.06346 7.32270 4.19654
0.08081 9.50859 5.45007
0.08022 9.60119 5.50319
0.05788 7.11479 4.07733
0.05495 6.96019 3.98870
0.03543 4.61655 2.64533
0.03592 4.82984 2.76757
0.01399 1.94645 1.11525
0.03774 5.44078 3.11772
0.03518 5.30460 3.03967
0.02585 4.07337 2.33403
0.01394 2.30816 1.32251
0.03444 6.01958 3.44949
0.00610 1.14473 0.65589
0.02123 4.23304 2.42554
0.01148 2.44309 1.39982
0.01695 3.88756 2.22755
0.02704 6.59290 3.77814
0.02401 6.42131 3.67977
0.02739 7.91001 4.53329
0.02939 9.29678 5.32858
0.01911 6.62863 3.79862
0.02592 9.83884 5.63952
0.01270 5.17909 2.96773
0.01493 6.68062 3.82842
0.02081 9.59336 5.49870
0.03187 15.09941 8.65956
0.03334 16.08026 9.22327
0.04484 21.59420 12.39673
0.03864 18.50885 10.61998
0.02449 12.02818 6.89580
0.02987 14.76540 8.46766
0.05866 28.79758 16.55735
0.05810 28.76244 16.53700
0.06047 29.34020 16.87159
0.05633 28.52980 16.40233
0.05419 27.90100 16.03840
0.04644 25.14332 14.44428
0.05622 30.84597 17.74426
0.02843 15.59660 8.94528
0.04007 22.58502 12.96793
0.03597 20.89435 11.99346
0.02870 17.46742 10.02086
0.01976 12.78300 7.32912
0.03066 20.83960 11.96193
0.04596 31.94266 18.38051
0.02268 16.07234 9.21872
0.09238 64.99793 37.92990
0.02464 17.66693 10.13562
0.00467 3.17383 1.81855
0.08989 62.15358 36.21103
0.02709 20.05689 11.51110
0.05072 39.09449 22.54465
0.05055 38.89370 22.42735
0.11707 89.35494 53.07388
0.09008 66.99435 39.14164
0.09174 65.45067 38.20430
0.16521 109.90206 66.66684
0.12926 81.18129 47.89588
0.16740 94.22537 56.21494
0.01669 8.17909 4.68758
0.07243 31.17782 17.93673
0.02200 8.43851 4.83635
0.02535 8.72540 5.00087
0.08683 27.15853 15.60892
0.07312 21.09909 12.11143
0.04020 10.66204 6.11179
0.03349 8.46077 4.84911
0.06274 14.63371 8.39200
0.03058 6.80427 3.89931
0.02796 5.90899 3.38609
0.06241 12.76232 7.31724
0.06113 11.86938 6.80465
0.04075 7.50193 4.29930
0.06131 10.86276 6.22697
0.06824 11.81956 6.77606
0.04301 7.17766 4.11338
0.04919 7.90590 4.53093
0.03107 4.91708 2.81756
0.06432 9.79963 5.61703
0.03453 5.12818 2.93855
0.02824 4.07787 2.33661
0.02706 3.80402 2.17967
0.06747 9.25129 5.30249
0.06287 8.48692 4.86411
0.02229 2.93308 1.68059
0.05325 6.86580 3.93459
0.03076 3.84274 2.20186
0.04361 5.31865 3.04772
0.02204 2.65066 1.51876
0.02891 3.40749 1.95244
0.05540 6.45547 3.69935
0.04140 4.67233 2.67729
0.05932 6.63025 3.79955
0.10333 11.40869 6.54025
0.01121 1.22368 0.70112
0.04031 4.36834 2.50307
0.02587 2.80735 1.60854
0.03078 3.34437 1.91627
0.03912 4.25942 2.44065
0.01002 1.09496 0.62737
0.04392 4.77759 2.73762
0.01980 2.15729 1.23606
0.04902 5.33696 3.05821
0.09434 10.26216 5.88237
0.06223 6.70818 3.84423
0.04709 5.04233 2.88935
0.06125 6.55606 3.75702
0.05149 5.50876 3.15669
0.08106 8.62403 4.94274
0.04468 4.74395 2.71834
0.20896 22.06813 12.66991
0.07866 8.28151 4.74631
0.04390 4.63347 2.65502
0.05020 5.27423 3.02226
0.02738 2.86048 1.63899
0.03485 3.63915 2.08519
0.05291 5.47598 3.13790
0.02405 2.48734 1.42518
0.03806 3.92820 2.25084
0.02157 2.21943 1.27166
0.03733 3.81472 2.18580
0.03941 4.01648 2.30143
0.05205 5.33235 3.05558
0.05205 5.33602 3.05768
0.08557 8.80091 5.04418
0.12094 12.38051 7.09805
0.01725 1.77406 1.01648
0.05256 5.39980 3.09423
0.08983 9.30872 5.33543
0.04785 4.96218 2.84341
0.05988 6.24006 3.57587
0.10635 11.13711 6.38440
0.02196 2.31737 1.32779
0.05477 5.80925 3.32892
0.06306 6.69134 3.83457
0.02071 2.20047 1.26080
0.03007 3.20229 1.83486
0.01128 1.21302 0.69502
0.02091 2.28015 1.30646
0.02798 3.04602 1.74531
0.03781 4.13458 2.36911
0.06899 7.57559 4.34153
0.03064 3.40020 1.94826
0.08700 9.79584 5.61485
0.01463 1.65813 0.95005
0.05867 6.76933 3.87928
0.04676 5.46766 3.13313
0.03208 3.88019 2.22332
0.05227 6.47828 3.71243
0.25175 31.81190 18.30462
0.02966 3.83065 2.19494
0.01631 2.16549 1.24076
0.03000 4.18438 2.39765
0.09235 13.41891 7.69425
0.05213 7.95702 4.56024
0.03018 4.81673 2.76005
0.02318 3.82411 2.19119
0.03517 6.04755 3.46552
0.02523 4.52079 2.59044
0.02445 4.56107 2.61353
0.01978 3.82198 2.18997
0.01164 2.29369 1.31422
0.00108 0.21789 0.12484
0.00516 1.05874 0.60662
0.01483 3.10127 1.77697
0.01540 3.31932 1.90192
0.02616 5.77836 3.31122
0.02172 4.89562 2.80527
0.01111 2.55643 1.46476
0.01289 3.03527 1.73915
0.03134 7.53448 4.31796
0.02542 6.31967 3.62151
0.00999 2.58039 1.47850
0.00111 0.29745 0.17042
0.03119 8.67740 4.97335
0.01304 3.73154 2.13814
0.00691 2.06538 1.18340
0.01267 3.91453 2.24301
0.01822 5.82341 3.33704
0.01523 4.98287 2.85527
0.00906 3.08115 1.76544
0.02199 7.87741 4.51459
0.00657 2.48239 1.42234
0.02530 10.10471 5.79204
0.01116 4.82954 2.76739
0.08424 38.47117 22.18060
0.01440 6.99017 4.00589
0.00551 2.80276 1.60591
0.01137 6.28710 3.60284
0.01040 6.09307 3.49161
0.01196 7.51485 4.30671
0.00880 5.88599 3.37291
0.01176 8.27848 4.74457
0.01901 14.45403 8.28878
0.01178 9.45310 5.41825
0.01556 13.35478 7.65743
0.00481 4.53321 2.59756
0.00828 8.25995 4.73395
0.00237 2.49447 1.42927
0.02743 30.04619 17.28062
0.02817 33.04656 19.02151
0.00726 9.43081 5.40546
0.02256 31.19854 17.94875
0.06067 87.76112 52.05540
0.00346 5.53625 3.17244
0.01089 18.54517 10.64088
0.00363 6.51574 3.73390
0.00726 13.87399 7.95560
0.00172 3.60757 2.06710
0.00674 15.40118 8.83297
0.00804 20.88279 11.98681
0.02557 71.08067 41.63633
0.02028 65.72177 38.36872
0.02996 112.73964 68.62388
0.01622 77.33097 45.49303
0.01666 97.01851 58.03707
0.01168 80.68406 47.58435
0.00635 50.84369 29.45456
0.01281 103.30862 62.20131
0.00702 57.80851 33.60129
0.02246 102.35796 61.56624
0.01178 54.87350 31.84865
0.01306 40.42550 23.32279
0.03258 99.65264 59.77032
0.01813 51.97516 30.12539
0.03505 105.67571 63.79193
0.04024 117.30849 71.82407
0.00857 21.91858 12.58370
0.04168 96.28576 57.55752
0.01121 23.39694 13.43623
0.01009 19.69886 11.30495
0.00932 16.04792 9.20467
0.00845 13.83720 7.93447
0.00921 13.33389 7.64543
0.00915 12.73205 7.29987
0.01226 15.79190 9.05752
0.01487 18.11913 10.39575
0.01029 11.70326 6.70931
0.02603 28.46033 16.36211
0.01362 14.26611 8.18083
0.02037 19.96945 11.46075
0.07614 73.45177 43.09332
0.00299 2.82817 1.62048
0.02799 26.04292 14.96399
0.01301 11.45870 6.56895
0.00821 7.13624 4.08963
0.02169 18.55992 10.64938
0.02084 17.76622 10.19273
0.01640 14.08918 8.07920
0.01431 12.78651 7.33113
0.00365 3.43732 1.96954
0.00817 8.01985 4.59627
0.00780 8.02921 4.60163
0.00391 4.21369 2.41444
0.02152 25.12699 14.43485
