-0.04073 -0.03881 0.11420
0.01652 0.00038 0.14209
-0.11955 0.02209 0.11099
0.03216 0.00115 0.17581
0.03116 -0.01564 0.19003
0.02797 -0.01750 0.20558
0.19360 -0.03350 0.09904
0.06270 -0.00243 0.22560
0.21612 -0.03568 0.11770
0.16550 -0.03302 0.20468
0.16432 -0.04217 0.21056
0.05363 -0.00439 0.27364
0.06281 -0.00400 0.28773
0.08742 -0.02281 0.29216
0.03964 -0.01332 0.31514
0.07710 -0.02513 0.32274
0.02528 0.00541 0.34568
0.04075 -0.01457 0.36386
0.04835 -0.01736 0.37986
0.02819 -0.01907 0.40374
0.04789 0.01749 0.42378
0.29974 0.00507 0.33422
0.01099 -0.03305 0.47186
-0.00551 -0.02286 0.49405
0.14274 -0.02541 0.49646
0.00639 -0.02599 0.54188
-0.01984 0.00375 0.56892
-0.04903 0.00316 0.59205
-0.04519 -0.01570 0.62063
-0.05217 -0.01612 0.64418
-0.01264 -0.02625 0.67075
-0.00312 -0.02474 0.69622
0.05878 -0.03098 0.71312
0.11443 -0.03928 0.72871
0.03868 -0.02896 0.75549
0.02548 -0.02777 0.77291
-0.02617 -0.02914 0.79088
0.04793 -0.01936 0.79783
-0.00364 -0.01311 0.80530
-0.00311 -0.04279 0.80856
-0.01185 -0.03717 0.80923
-0.01555 -0.04286 0.81495
-0.02562 -0.04706 0.81834
-0.01290 -0.04338 0.82139
0.00941 -0.04170 0.82681
0.02166 -0.03173 0.82823
0.00928 -0.02384 0.83516
0.01949 -0.04353 0.83585
0.01607 -0.04090 0.83760
0.02790 -0.03450 0.83990
0.02308 -0.02896 0.84070
0.01862 -0.01898 0.84221
0.02916 -0.05950 0.84165
0.02744 -0.02734 0.84053
0.05442 -0.06088 0.84058
0.01488 -0.04231 0.85039
-0.22322 -0.11134 0.80691
0.00228 -0.02295 0.83523
-0.04613 -0.02807 0.82833
-0.02659 -0.00398 0.82568
0.00374 -0.03713 0.83213
-0.02233 -0.03535 0.83264
-0.00301 -0.04979 0.83288
-0.03918 -0.04001 0.83258
0.05015 -0.07812 0.82392
-0.06107 -0.04514 0.81901
-0.02490 -0.05157 0.81007
-0.02490 -0.04064 0.80278
-0.07882 -0.04336 0.79553
-0.05853 -0.04869 0.79988
-0.03273 -0.02731 0.80342
0.00289 -0.04013 0.80927
-0.02204 -0.02810 0.82204
-0.03621 -0.05086 0.83647
-0.07868 -0.01469 0.85440
-0.17256 -0.07725 0.85565
-0.09406 -0.04072 0.88598
-0.04679 -0.03558 0.90669
-0.02406 -0.03960 0.92371
-0.04098 -0.02596 0.94143
-0.02651 -0.03411 0.96024
-0.02507 -0.03778 0.97561
-0.00340 -0.06207 0.98851
-0.03563 -0.04653 0.99955
0.01014 -0.05592 1.01575
-0.12394 0.00494 1.02146
-0.01431 -0.06629 1.03256
-0.45258 0.08817 0.93359
0.00060 -0.07945 1.03572
-0.02499 -0.04925 1.03547
-0.01532 -0.00836 1.03466
-0.04297 -0.03375 1.03298
-0.03334 -0.05481 1.02986
-0.01627 -0.07090 1.02449
-0.02591 -0.05358 1.02384
0.02592 -0.07724 1.02021
-0.04644 -0.02387 1.01406
0.03519 -0.06782 1.00867
0.02032 -0.05389 1.00444
-0.01028 -0.02061 1.00727
0.00250 -0.04143 1.00211
-0.01937 -0.02123 0.99530
-0.03714 -0.03265 0.98708
0.00554 -0.02757 0.98199
0.02585 -0.06365 0.97918
-0.03463 -0.03245 0.97524
-0.02166 -0.04109 0.97308
-0.04130 -0.02298 0.97779
-0.00453 -0.04185 0.97514
-0.02915 -0.08352 0.96491
-0.02412 -0.00042 0.95259
-0.01871 -0.03503 0.94781
0.02038 -0.03212 0.95056
0.02386 -0.04796 0.95055
-0.01097 -0.03485 0.95006
-0.02829 -0.00996 0.94882
0.01348 -0.02050 0.94902
0.00463 -0.04662 0.94008
-0.03682 -0.01599 0.93983
0.10118 -0.09852 0.92723
-0.03362 -0.05883 0.93170
-0.05181 -0.02416 0.92892
-0.01929 -0.03600 0.93078
-0.04934 -0.06605 0.93079
-0.09500 -0.04891 0.92215
-0.11945 -0.04420 0.92199
0.04502 -0.07612 0.92535
0.04209 -0.05842 0.92006
-0.11486 -0.03072 0.91926
-0.01248 -0.03837 0.91957
-0.14680 -0.07748 0.90137
-0.04894 -0.02912 0.90652
-0.06264 -0.02764 0.90810
-0.05204 -0.03464 0.91484
-0.03848 -0.05077 0.91445
0.11655 -0.03269 0.90020
0.07560 -0.01773 0.89847
-0.03450 -0.02693 0.90131
0.33141 -0.21806 0.81379
0.00706 -0.03218 0.90574
0.01732 -0.04881 0.90141
-0.10291 -0.00234 0.90070
-0.02877 -0.02561 0.90849
-0.03092 -0.02240 0.90229
-0.06232 -0.04011 0.89668
-0.08919 -0.04420 0.89122
-0.06451 -0.06127 0.88827
-0.01523 -0.02949 0.89435
0.00386 -0.02679 0.89785
0.01809 -0.03670 0.90093
0.01845 -0.03622 0.90190
-0.09742 -0.03651 0.88765
-0.07084 -0.03739 0.89158
-0.08790 -0.03285 0.89050
-0.17732 0.00111 0.88163
-0.03864 -0.00780 0.89670
0.07408 -0.04041 0.89244
-0.01411 -0.02596 0.89536
-0.02248 -0.03406 0.89474
-0.01943 -0.05326 0.89477
-0.01168 -0.05045 0.89484
-0.06364 -0.03331 0.89259
-0.00538 -0.03282 0.89196
-0.02288 -0.04403 0.89738
-0.02044 -0.04536 0.89488
0.02381 -0.04883 0.89113
0.00574 -0.04014 0.89117
-0.05052 -0.05109 0.88476
-0.02666 -0.03853 0.88923
-0.01108 -0.02152 0.88937
-0.05369 -0.00002 0.88704
0.00202 -0.04876 0.89234
-0.01233 -0.02609 0.88390
-0.06736 -0.02239 0.87097
-0.14092 -0.02856 0.85983
-0.09647 -0.02272 0.86765
-0.07225 -0.01999 0.86992
-0.19626 -0.02498 0.84689
-0.03523 -0.01659 0.86154
-0.66961 -0.05105 0.53465
0.01903 -0.05839 0.85043
-0.03660 -0.01797 0.84900
0.11338 -0.06070 0.83556
-0.04239 -0.01228 0.83580
-0.04584 -0.01267 0.84061
-0.02079 -0.00063 0.83277
0.53956 0.06865 0.63707
0.04077 -0.03583 0.82210
-0.07461 -0.06251 0.80956
0.73366 0.06359 0.33939
-0.03254 -0.02022 0.80758
-0.03135 -0.02671 0.80978
0.18882 -0.06923 0.77980
-0.02269 0.01074 0.79592
-0.11152 -0.03918 0.78523
-0.02476 0.01203 0.79276
-0.02015 0.00626 0.78168
-0.11537 -0.03145 0.76551
-0.04630 0.00627 0.76314
-0.11671 -0.01033 0.75242
0.00076 -0.02400 0.76802
-0.07003 0.00196 0.76830
-0.08347 -0.03690 0.75765
-0.05527 -0.05194 0.74607
-0.07647 -0.04380 0.73945
-0.30432 -0.11262 0.67559
0.05854 0.02868 0.75675
0.05400 -0.03664 0.75463
0.05112 -0.01516 0.75436
-0.11511 -0.03934 0.73988
0.39908 0.00048 0.63157
-0.00530 0.00008 0.75378
-0.10456 -0.01049 0.74126
-0.06014 -0.03072 0.74512
-0.13389 -0.02078 0.73429
-0.10006 -0.01134 0.72886
-0.06093 -0.02697 0.72961
-0.08006 -0.05020 0.72225
-0.07416 -0.00234 0.71837
-0.01124 -0.02788 0.71560
-0.02296 -0.01260 0.72053
-0.12681 -0.00255 0.70721
-0.06029 -0.02676 0.70736
-0.06146 -0.00895 0.69861
0.01160 -0.04186 0.69607
-0.14109 0.00600 0.67876
0.06378 -0.06234 0.68206
-0.17517 0.03057 0.66263
-0.01805 -0.03239 0.68003
-0.38074 -0.03059 0.55655
-0.02110 -0.01557 0.66738
-0.00931 -0.02278 0.65652
-0.06983 -0.02321 0.65159
0.05467 -0.01591 0.63637
0.58451 -0.03836 0.26169
-0.03019 -0.00849 0.63509
0.05666 0.01295 0.63362
0.01972 -0.00424 0.63053
0.07907 -0.04808 0.61488
-0.02865 -0.03581 0.61268
-0.06292 -0.05187 0.60185
0.01252 -0.03246 0.60934
-0.02037 -0.00291 0.61520
-0.05056 -0.04507 0.62504
-0.03326 -0.04108 0.62923
-0.01457 -0.04774 0.63003
0.00081 -0.04076 0.62087
0.01285 -0.03349 0.61836
-0.01333 -0.03169 0.61945
-0.01739 -0.00990 0.62435
-0.02213 -0.03537 0.62676
-0.00911 -0.03503 0.63859
-0.04096 -0.04617 0.63969
-0.01115 -0.03027 0.64539
-0.05089 -0.03892 0.64510
-0.09479 -0.06561 0.63624
-0.07955 -0.03446 0.64107
-0.03765 -0.05455 0.64543
-0.04071 -0.02982 0.65382
-0.04199 -0.02340 0.66533
-0.04086 -0.02731 0.67457
-0.04167 -0.04412 0.67151
-0.07877 -0.03012 0.66908
-0.02157 -0.04184 0.68564
-0.04698 -0.03024 0.68727
-0.07532 -0.04610 0.69935
-0.08830 -0.04266 0.70791
-0.09694 -0.04701 0.70135
-0.10142 -0.06901 0.70925
-0.10089 -0.03818 0.72280
-0.07690 -0.02172 0.74151
-0.05749 -0.03526 0.74470
-0.03259 -0.04330 0.74908
-0.10990 -0.07303 0.73925
-0.04427 -0.02732 0.75132
0.00431 -0.03338 0.75102
-0.07569 -0.04597 0.74216
-0.07767 -0.03974 0.74262
-0.01522 0.00323 0.74408
-0.04663 -0.02634 0.74351
-0.01938 -0.01991 0.74971
0.00778 -0.02517 0.74745
-0.02842 -0.03239 0.74670
-0.04108 -0.02690 0.74645
-0.01717 -0.01246 0.74347
-0.06632 -0.03337 0.74150
0.04822 -0.00853 0.73679
-0.09313 -0.05588 0.73520
-0.03464 -0.01071 0.74255
-0.13720 -0.03727 0.73430
0.01045 -0.03384 0.74667
0.00420 -0.04078 0.74119
-0.02809 -0.02623 0.74323
0.00158 -0.03932 0.74279
-0.01382 -0.03034 0.75166
-0.03265 -0.04952 0.74672
0.17007 -0.04800 0.73390
-0.01806 -0.01806 0.75906
0.08949 -0.05773 0.75364
0.07413 -0.03073 0.75905
0.14580 -0.08216 0.74803
0.02530 -0.03136 0.77385
0.03781 -0.05051 0.77362
0.06095 -0.06851 0.77869
-0.00911 -0.01950 0.78194
-0.01294 -0.05022 0.78473
0.09410 -0.09575 0.77631
-0.07746 -0.02895 0.78478
0.11824 -0.07536 0.77940
0.15739 -0.10586 0.77424
-0.06890 -0.06424 0.78875
-0.02570 -0.03972 0.79886
0.02493 -0.03782 0.80034
0.02571 -0.05462 0.79744
-0.03241 -0.02904 0.79323
-0.05070 -0.03096 0.78682
-0.10896 -0.01666 0.78292
-0.08531 -0.04102 0.78980
-0.00905 -0.02318 0.79066
-0.01190 -0.04039 0.77887
0.15335 -0.02497 0.76433
-0.00762 -0.02428 0.78413
0.01569 -0.03025 0.79387
-0.01120 -0.02702 0.79991
-0.03736 -0.04846 0.80146
-0.02138 -0.04074 0.80325
-0.04405 -0.06085 0.79720
-0.05239 -0.03765 0.78761
-0.03724 -0.03283 0.78951
-0.03979 -0.03226 0.79109
-0.11873 -0.04294 0.78314
-0.04720 -0.03866 0.78960
-0.05968 -0.02616 0.79556
-0.08870 -0.06749 0.79745
-0.04010 -0.03904 0.80491
-0.03274 -0.04572 0.80896
-0.04681 -0.01879 0.81049
-0.04317 -0.01513 0.81624
-0.00869 -0.04717 0.81073
-0.05143 -0.05978 0.79490
-0.01760 -0.04951 0.79643
-0.07384 0.02323 0.79223
0.01989 -0.02809 0.81075
-0.03755 -0.05156 0.81418
0.01361 -0.05223 0.81004
-0.02605 -0.04629 0.80959
-0.04104 -0.02893 0.81618
0.07227 -0.05275 0.81650
-0.05223 -0.04541 0.81433
-0.06146 -0.03809 0.81327
-0.05651 -0.04503 0.81092
-0.08808 -0.02044 0.80861
-0.09675 -0.02237 0.81071
-0.03806 -0.00069 0.81691
-0.04263 -0.00427 0.81846
-0.02914 -0.04857 0.81536
-0.03892 -0.02298 0.81359
-0.02792 -0.05255 0.81201
0.00521 -0.05290 0.80940
0.00490 -0.05532 0.81504
-0.00777 -0.02316 0.81775
0.00477 -0.05864 0.81744
-0.00903 -0.03315 0.81413
-0.01262 -0.03184 0.82113
0.01585 -0.02679 0.82469
-0.03221 -0.04414 0.82174
-0.03566 -0.03775 0.81964
-0.06971 -0.02927 0.81269
-0.05368 -0.00896 0.81383
-0.06333 -0.04763 0.81627
-0.06055 -0.04186 0.81513
-0.07071 -0.04898 0.81032
0.06216 -0.06068 0.80733
-0.01100 -0.00762 0.81239
0.01282 -0.03899 0.81914
-0.01315 -0.03662 0.81539
0.06140 -0.05401 0.81216
-0.01706 -0.04492 0.81103
-0.01807 -0.04514 0.81000
-0.03556 -0.06239 0.81571
-0.01296 -0.03857 0.81735
-0.00715 -0.03582 0.82392
-0.01081 -0.01297 0.82637
-0.02055 -0.03196 0.82830
-0.02284 -0.06752 0.82046
-0.08229 -0.02987 0.81533
-0.06213 -0.00554 0.81332
-0.04908 -0.03687 0.82150
0.01136 -0.03842 0.83243
-0.03438 -0.05668 0.84034
-0.05911 -0.03064 0.83881
-0.07324 -0.02985 0.84545
-0.03876 -0.03466 0.85307
-0.04327 -0.05751 0.85510
-0.08215 -0.03996 0.85611
-0.05906 -0.04080 0.86209
-0.06638 -0.03121 0.86626
-0.06673 -0.04114 0.86093
-0.07068 -0.02740 0.86762
-0.06948 -0.05261 0.86625
-0.10327 -0.04808 0.87134
-0.03578 -0.04505 0.88483
-0.03140 -0.01544 0.89153
-0.02287 -0.02226 0.90114
-0.02420 -0.03021 0.90854
-0.05358 -0.02776 0.90452
-0.14855 -0.06502 0.88794
-0.03231 -0.04625 0.89434
-0.04196 -0.03644 0.88815
-0.10459 -0.01322 0.88645
-0.08777 -0.02831 0.89114
-0.16010 -0.01746 0.89123
0.02956 -0.03374 0.91752
0.04352 -0.06336 0.92148
-0.03582 -0.02718 0.92490
-0.04087 -0.04987 0.92323
0.05238 -0.06149 0.98134
-0.03614 -0.02541 1.00740
-0.03511 -0.01304 1.00958
-0.03586 -0.03678 0.98534
-0.09752 -0.06524 0.97362
0.11287 -0.02815 0.97485
0.00098 -0.04844 0.97841
0.12988 -0.04267 0.97621
-0.01866 -0.05104 0.98316
-0.01685 -0.05522 0.98034
-0.01603 -0.05083 0.96255
0.10987 -0.10854 0.96373
0.09036 -0.02643 0.96428
-0.04088 -0.04958 0.97159
-0.03018 -0.04241 0.96353
-0.04754 -0.03684 0.96728
-0.08273 -0.03325 0.95873
-0.00273 -0.02005 0.96185
-0.36609 0.01789 0.88820
-0.04789 -0.03393 0.94940
-0.03979 -0.00998 0.95668
-0.01600 -0.05186 0.94988
0.02845 -0.02265 0.95116
0.01174 -0.06232 0.94312
0.00615 -0.02237 0.94780
-0.00658 -0.03868 0.94999
-0.02330 -0.04446 0.94855
0.05158 -0.03236 0.94614
-0.04074 -0.00386 0.94770
-0.07965 -0.03701 0.93710
-0.09299 0.00544 0.93634
-0.04461 -0.03020 0.93267
0.01113 -0.02218 0.93967
-0.01831 -0.04092 0.94458
0.01342 -0.02395 0.94993
-0.08031 -0.04042 0.95018
-0.08358 -0.03600 0.94734
-0.04020 -0.08545 0.94632
-0.04029 -0.07572 0.94857
-0.02627 -0.04962 0.95673
-0.03644 -0.04962 0.96129
-0.06118 -0.04866 0.96245
-0.05282 -0.03192 0.96753
0.01034 -0.05121 0.97718
0.01819 -0.06381 0.97795
0.00233 -0.07213 0.96791
-0.01308 -0.03361 0.96870
0.01598 -0.06374 0.97144
0.03435 -0.04474 0.98029
0.04434 -0.06130 0.98564
-0.11480 -0.01612 0.98267
0.03494 -0.04435 0.99171
-0.03774 -0.03807 0.99396
-0.04933 -0.04022 0.99831
-0.02201 -0.04087 0.99802
0.02677 -0.05953 1.00145
0.00830 -0.06518 1.00360
-0.00555 -0.01698 1.00944
0.00889 -0.02969 1.00812
0.05855 -0.01838 1.01503
-0.01615 -0.02627 1.01299
-0.03970 0.00348 1.01314
-0.00536 -0.04132 1.01451
0.00480 -0.05072 1.00846
-0.00692 -0.03972 1.00903
0.09670 -0.03990 1.00599
0.02684 -0.05233 1.01535
0.10808 -0.05621 1.01214
0.02764 -0.05700 1.01851
0.00587 -0.07936 1.00911
-0.02183 -0.04813 1.00496
-0.01191 -0.04397 1.00595
0.02543 -0.01988 1.00832
-0.02723 -0.03700 1.01701
-0.01754 -0.04958 1.01481
0.14969 -0.03655 1.00469
0.15553 -0.00788 1.00544
-0.01355 -0.04475 1.01070
0.00442 -0.05812 1.01213
-0.12808 -0.03177 1.00057
-0.00088 -0.04560 1.01479
-0.00252 -0.04441 1.01591
-0.02876 -0.04582 1.01106
0.03319 -0.04623 1.01242
0.05627 -0.04554 1.00916
-0.01062 -0.04264 1.01309
-0.03732 -0.06810 1.01137
0.02304 -0.02102 1.01156
-0.00648 -0.02558 1.00939
-0.02435 -0.03718 1.00604
0.02668 -0.04308 1.00075
0.00857 -0.01245 0.99950
-0.00402 -0.03695 0.99495
-0.02412 -0.04617 0.99069
-0.02616 -0.03295 0.98164
-0.00069 -0.06286 0.97050
0.00049 -0.04174 0.96093
-0.01267 -0.04460 0.94920
-0.01324 -0.02832 0.93686
-0.03558 -0.02308 0.92387
-0.00134 -0.03598 0.91202
0.01157 -0.03718 0.89371
0.05163 -0.02144 0.87626
-0.02547 -0.02954 0.85802
-0.01222 -0.03082 0.84083
-0.01422 -0.03142 0.82307
-0.02243 -0.04931 0.80473
-0.01096 -0.02961 0.79387
-0.02058 -0.04400 0.78232
0.04399 -0.03973 0.76915
-0.00890 -0.02692 0.75864
-0.01525 -0.05498 0.74392
0.00786 -0.02029 0.73688
0.01922 -0.03237 0.72282
-0.00289 -0.05595 0.70626
-0.01681 -0.04179 0.69968
0.05159 -0.02439 0.69740
0.02802 -0.02450 0.70151
-0.00901 -0.01971 0.71414
0.06766 0.00289 0.71667
0.05105 -0.02113 0.72277
0.03862 -0.03000 0.72896
0.03191 -0.02685 0.72732
0.04005 -0.04059 0.73058
0.05396 -0.04533 0.72903
0.04056 -0.01897 0.73625
0.04984 -0.00397 0.74560
0.04274 -0.00225 0.75494
0.00201 -0.00747 0.77631
0.18195 0.00003 0.76630
0.14203 -0.05677 0.77406
0.05502 -0.04123 0.78448
0.08950 0.02039 0.78484
0.02394 -0.03536 0.79240
-0.05528 -0.02320 0.80319
0.21915 -0.03490 0.77484
-0.03484 -0.03135 0.80753
-0.03939 -0.04288 0.79748
0.06896 -0.04838 0.78757
-0.42853 -0.06782 0.65938
0.13342 -0.07988 0.76944
0.09900 -0.09186 0.76518
0.04885 -0.01534 0.76927
-0.03585 -0.01427 0.75894
-0.01162 -0.01601 0.75487
-0.00660 -0.02793 0.74319
0.00361 -0.03555 0.72868
0.12218 -0.07848 0.70562
0.15866 -0.05346 0.69473
0.06889 -0.03323 0.70461
0.19033 -0.03439 0.69185
0.06282 -0.03562 0.69967
0.05815 -0.04598 0.70745
0.01566 -0.02570 0.71446
0.03503 -0.03766 0.70655
-0.00141 -0.03448 0.73020
0.04052 -0.02249 0.72690
0.03006 -0.01693 0.74818
-0.02988 -0.02236 0.75486
0.00561 -0.04236 0.75247
-0.01375 -0.03134 0.76030
-0.03929 -0.04441 0.76150
-0.02980 -0.01815 0.76737
-0.00254 -0.03144 0.77360
-0.01141 -0.03894 0.76696
-0.03351 -0.06564 0.75425
0.00661 -0.04396 0.75245
-0.00729 0.01585 0.75570
-0.03614 -0.00042 0.77840
0.03135 -0.04922 0.79157
-0.01695 -0.07355 0.78451
-0.02840 -0.06969 0.76265
0.01686 -0.04273 0.74057
-0.04251 -0.00154 0.75132
-0.00491 -0.00832 0.76552
-0.04587 -0.07765 0.76465
-0.01998 -0.04979 0.75214
-0.01903 -0.04346 0.73026
-0.00931 -0.03491 0.71562
0.00628 -0.03777 0.71268
-0.04777 -0.03994 0.70757
-0.01312 -0.05196 0.69782
-0.01278 -0.03475 0.68561
-0.01865 -0.04151 0.67529
0.01264 -0.03243 0.66577
-0.03772 -0.02172 0.66103
-0.02205 -0.03863 0.65240
-0.01611 -0.03193 0.64870
-0.04557 -0.03436 0.63149
-0.03828 -0.02043 0.62635
-0.02499 -0.04146 0.59716
-0.02370 -0.04603 0.57278
0.01084 -0.03468 0.55719
0.00114 -0.03012 0.53280
0.10415 -0.02965 0.50642
0.04246 -0.03114 0.48874
-0.02273 -0.05037 0.45267
0.01426 -0.03704 0.42873
0.00570 -0.02058 0.40531
-0.03245 -0.02781 0.37596
-0.01918 -0.01630 0.36648
0.03112 -0.02419 0.34954
0.01827 -0.01203 0.33622
0.02759 -0.01991 0.32032
0.03841 -0.01452 0.30201
-0.01404 -0.03181 0.28457
-0.12421 -0.05382 0.22832
-0.01008 -0.02049 0.24621
0.00128 -0.01853 0.22488
0.03181 -0.02884 0.19728
0.02910 -0.01289 0.17443
0.02003 -0.00527 0.15821
0.01830 -0.02150 0.14873
0.01851 -0.01230 0.14889
-0.00247 -0.00260 0.15267
-0.00802 0.01039 0.15678
0.01382 -0.00206 0.15250
0.01559 -0.01453 0.14630
-0.13482 -0.00598 0.05815
-0.00505 -0.02387 0.14515
-0.10866 0.00597 0.10310
0.00840 -0.01269 0.16189
0.02762 -0.01036 0.17493
-0.06481 -0.02105 0.18363
-0.05067 -0.00184 0.20888
-0.03646 0.00199 0.22336
0.21989 -0.05262 0.06253
-0.17456 0.06384 0.16410
-0.07687 0.03212 0.23762
0.22155 0.01939 0.14304
0.25331 -0.00518 0.09645
0.25899 -0.01214 0.08276
0.27859 0.00844 0.08084
-0.28146 0.00169 0.10842
0.28929 0.00308 0.08641
-0.01146 -0.02836 0.32571
-0.04271 -0.02023 0.33550
-0.03311 -0.01334 0.33487
-0.02372 -0.00649 0.36551
-0.01810 -0.02328 0.36167
-0.01765 0.00040 0.39362
0.38832 -0.05583 0.11604
0.02418 -0.00423 0.40903
-0.01310 -0.01182 0.44073
-0.05773 -0.02805 0.45485
-0.04467 -0.03036 0.46592
-0.02347 -0.01061 0.49596
-0.03383 -0.00051 0.50552
-0.09257 -0.02528 0.52433
-0.08871 -0.02438 0.54427
-0.08865 -0.01329 0.55057
-0.05712 -0.00199 0.57252
-0.19729 0.00015 0.56073
-0.13540 0.00667 0.58814
-0.00853 -0.04458 0.62605
-0.07592 -0.03793 0.63324
-0.19876 -0.01384 0.64032
-0.05778 -0.01571 0.68454
0.04871 -0.06064 0.69983
-0.00301 -0.05119 0.71612
-0.11068 -0.02500 0.72261
-0.04033 -0.02916 0.74431
-0.04642 0.00244 0.75995
-0.04176 -0.00052 0.77379
-0.02148 -0.04300 0.78907
-0.03258 -0.05053 0.80212
-0.04255 -0.04014 0.81825
-0.05960 -0.03176 0.83000
-0.03828 -0.02417 0.84408
-0.01672 -0.02405 0.85438
0.00611 -0.06083 0.86024
0.08974 -0.10598 0.86778
-0.02526 -0.05469 0.88302
-0.01657 -0.03797 0.89749
0.02001 -0.04780 0.90832
0.07146 -0.05219 0.92081
0.00531 -0.04797 0.93758
-0.01863 -0.04089 0.94726
-0.02618 -0.03727 0.95763
-0.00788 -0.04677 0.96657
-0.04731 -0.08098 0.97736
-0.02688 -0.03715 0.99144
-0.05882 -0.04568 1.00294
-0.03203 -0.05985 1.01317
-0.08666 -0.05243 1.02021
-0.09767 -0.06465 1.03302
-0.09192 -0.02521 1.04468
-0.08864 -0.03414 1.04806
-0.06321 -0.06710 1.04362
-0.11654 -0.03906 1.05086
-0.04482 -0.00579 1.06191
-0.04162 -0.06850 1.07257
-0.08491 -0.03600 1.07186
-0.21060 -0.03747 1.06007
-0.41909 -0.06524 0.99483
-0.50223 -0.06450 0.95423
-0.34036 0.00022 1.03944
-0.26159 -0.02681 1.05993
-0.74595 -0.12416 0.78110
-0.36549 0.00223 1.03037
-0.35127 -0.00946 1.03399
0.10494 -0.04183 1.10501
0.06199 -0.10798 1.10412
0.17229 -0.10606 1.07293
-0.91584 -0.01517 0.62242
0.07153 -0.02400 1.08777
0.98932 0.00139 0.50006
-0.62780 0.06966 0.91221
-0.69579 0.05215 0.83279
0.06975 -0.02307 1.11061
0.16717 -0.01844 1.07931
0.10330 -0.07013 1.10616
0.25328 -0.01597 1.08645
0.26496 -0.05532 1.07708
-0.24369 -0.10469 1.09820
-0.03423 -0.04501 1.12552
0.03503 -0.05029 1.11820
0.07690 -0.02189 1.13321
0.03091 -0.02644 1.13223
0.03871 -0.07973 1.13806
0.04660 -0.03608 1.14037
0.10107 -0.03463 1.14139
0.01528 -0.03753 1.14612
0.07159 -0.04963 1.14839
-0.00335 -0.04804 1.15675
0.01017 -0.08686 1.16631
0.00045 -0.04710 1.17975
0.04439 -0.03600 1.19214
-0.04429 -0.00370 1.19931
0.10022 -0.09113 1.19768
-0.09348 -0.02413 1.20274
-0.11385 -0.03515 1.21536
-0.42902 -0.01075 1.15127
-0.14117 -0.05634 1.23135
-0.17580 -0.03297 1.23445
-0.17225 -0.06295 1.23751
-0.22640 0.00267 1.24178
-0.28707 -0.07300 1.23806
-0.01711 -0.01516 1.27332
0.23649 -0.11068 1.25873
0.01466 -0.05697 1.29091
-0.01138 -0.09767 1.29752
-0.01839 -0.04351 1.30761
0.44623 -0.11029 1.25393
0.03450 -0.04116 1.34236
-0.02423 -0.03872 1.35026
-0.02353 -0.04077 1.35251
-0.01284 -0.07135 1.36188
-0.03866 -0.05490 1.36808
0.01212 -0.06801 1.37480
-0.00585 -0.06521 1.38041
-0.01628 -0.06479 1.38856
-0.01529 -0.05318 1.39512
0.01364 -0.02061 1.40432
0.01693 -0.08929 1.40930
-0.02080 -0.07458 1.41402
-0.01336 -0.07688 1.42719
-0.05987 -0.07097 1.42840
-0.03233 -0.06122 1.44266
-0.03691 -0.06034 1.44710
-0.03112 -0.04131 1.45661
0.04641 -0.03405 1.46117
-0.04810 -0.02858 1.47403
-0.00503 -0.05354 1.47534
0.06176 -0.03259 1.48437
0.03783 -0.01027 1.49122
0.00970 0.05668 1.50549
0.03277 -0.05219 1.50032
0.09142 -0.09408 1.49222
-0.05895 -0.07077 1.50064
-0.02694 -0.09557 1.50174
0.07326 -0.03804 1.50923
-0.09567 -0.08870 1.51128
-0.08380 -0.10293 1.51019
0.00548 -0.04335 1.51738
0.06526 -0.04496 1.51758
-0.00657 -0.05192 1.51732
0.01974 -0.05890 1.52434
0.05407 -0.05697 1.51763
-0.04324 -0.09446 1.51488
0.06990 -0.05439 1.51370
0.02314 -0.07355 1.51614
-0.00208 -0.07821 1.51396
-0.07474 -0.08262 1.50771
-0.07450 -0.01513 1.50474
-0.06365 -0.00608 1.50715
-0.03395 -0.02392 1.50772
-0.04660 -0.04745 1.50508
-0.06949 -0.05891 1.49976
0.30230 -0.05346 1.46683
-0.03493 -0.09004 1.50341
-0.06011 -0.04543 1.50301
0.01388 -0.04869 1.50215
-0.02822 -0.04899 1.50209
-0.02567 -0.06620 1.50168
-0.09707 -0.07264 1.49602
-0.06417 -0.04956 1.50139
-0.11924 -0.10202 1.48931
0.10372 -0.10342 1.49029
-0.00572 -0.09513 1.49192
-0.01373 -0.09436 1.49326
0.00994 -0.04515 1.48535
-0.05841 -0.07297 1.47244
-0.03423 -0.07492 1.47177
-0.06941 -0.05345 1.46110
-0.06933 0.00907 1.45279
-0.06493 -0.02570 1.44116
-0.02741 -0.02037 1.43680
-0.10213 -0.06711 1.42343
-0.09323 -0.07308 1.41310
-0.09661 -0.07634 1.40546
-0.03366 -0.08115 1.39372
-0.02483 -0.07581 1.37808
-0.05924 -0.06048 1.35256
-0.01073 -0.06107 1.33438
-0.00571 -0.05089 1.30772
0.00624 -0.09450 1.27755
0.02341 -0.08973 1.24369
-0.01951 -0.05471 1.22393
-0.04725 -0.09372 1.19839
-0.01297 -0.04342 1.16437
0.00870 -0.07627 1.12935
-0.00368 -0.04778 1.09655
-0.01827 -0.05603 1.06211
-0.06216 0.00421 1.02190
-0.05981 -0.04108 0.98675
-0.06428 -0.06844 0.93738
-0.07477 -0.03906 0.89741
-0.01679 -0.07231 0.85943
-0.03206 -0.01348 0.81591
-0.02038 -0.04062 0.77605
-0.06479 -0.04245 0.73429
-0.01119 -0.02956 0.69372
-0.00530 -0.03434 0.66758
-0.08529 -0.04459 0.63733
-0.01232 -0.04066 0.59116
-0.05080 -0.02654 0.62377
0.01652 -0.00819 0.55818
0.00805 -0.04196 0.61366
-0.00217 -0.02037 0.61628
0.01013 -0.04139 0.52417
0.05222 -0.06660 0.58998
0.02323 -0.04965 0.48908
0.03778 -0.03140 0.57031
0.04058 -0.03718 0.47666
0.07534 -0.02080 0.53299
0.06928 -0.03689 0.53229
0.06207 -0.01843 0.47490
0.03865 -0.00519 0.52678
0.04203 -0.02681 0.49085
0.07714 -0.02847 0.52036
0.11054 -0.02497 0.51474
0.08236 -0.00721 0.51050
0.06768 -0.00190 0.52424
0.12919 -0.00896 0.52766
0.02143 -0.02667 0.54551
0.03557 -0.03146 0.55184
0.07453 -0.04320 0.58304
0.07588 -0.01905 0.55335
0.07870 -0.02269 0.61173
0.22280 -0.04386 0.52256
0.08735 -0.02599 0.58138
0.20726 -0.08040 0.62822
0.03586 -0.03012 0.61552
0.03826 -0.03852 0.63585
0.01134 -0.03187 0.70082
-0.02080 -0.03354 0.66665
-0.02193 -0.02181 0.68742
0.01257 -0.03261 0.73002
0.02500 -0.01992 0.72342
-0.03141 -0.00805 0.74158
-0.00247 -0.03422 0.75747
-0.01588 -0.00342 0.75615
-0.00781 -0.00915 0.78997
0.01553 -0.03005 0.78802
0.00073 -0.03684 0.78874
0.03377 0.00207 0.81086
0.03168 -0.03436 0.80700
0.04152 -0.02929 0.81321
0.14960 -0.04577 0.81645
-0.01215 0.00343 0.81507
0.15177 -0.02038 0.82367
-0.02573 -0.01970 0.82218
0.01344 -0.02108 0.84030
0.01471 -0.01891 0.85405
-0.05284 -0.05046 0.84364
-0.09954 -0.04120 0.84821
-0.04130 -0.03962 0.87450
-0.04584 -0.04608 0.88216
-0.04825 -0.02366 0.89025
-0.11777 -0.10087 0.88345
-0.06256 -0.05377 0.89249
-0.12994 -0.06485 0.89962
-0.06736 -0.03417 0.91178
-0.05613 -0.03665 0.93105
-0.04772 -0.03359 0.94009
-0.00688 -0.03724 0.94774
-0.06546 -0.04055 0.94952
-0.04177 -0.03836 0.95765
-0.06153 -0.00973 0.97537
-0.06444 -0.00821 0.98486
-0.05737 -0.01864 0.99765
0.02813 -0.00308 1.01076
0.01078 -0.02212 1.01696
-0.04241 -0.03088 1.01665
-0.04053 -0.05285 1.01165
-0.04555 -0.03091 1.01294
-0.03262 -0.04289 1.01139
-0.30951 -0.03251 0.96729
-0.00478 -0.06664 1.00966
0.00246 -0.04276 1.00263
-0.03120 -0.03977 1.00361
-0.05124 -0.00945 0.99759
-0.52523 -0.09683 0.82922
-0.09488 -0.04547 0.97433
-0.02386 -0.01246 0.96769
-0.05316 -0.06023 0.96756
-0.07017 -0.05979 0.96058
-0.04246 -0.06093 0.95393
-0.03994 -0.06002 0.94640
-0.04979 -0.04593 0.93357
-0.03623 -0.05668 0.92480
-0.07510 -0.04657 0.91145
-0.04447 -0.04849 0.91056
-0.05437 -0.05753 0.89389
-0.05770 -0.11336 0.87653
-0.07579 -0.03724 0.86251
-0.08520 -0.04924 0.84418
-0.07021 -0.06057 0.83034
-0.04726 -0.05208 0.81053
-0.03138 -0.05043 0.78720
-0.03398 -0.04075 0.76554
-0.01867 -0.04493 0.74206
-0.00781 -0.02419 0.71826
-0.01874 -0.05055 0.69156
-0.03457 -0.04976 0.66048
-0.02460 -0.03881 0.63304
-0.02943 -0.02779 0.60267
-0.01563 -0.04912 0.56985
-0.00934 -0.02166 0.53253
-0.02411 -0.02624 0.50014
-0.01524 -0.01744 0.46930
-0.01560 -0.02076 0.43533
-0.02262 -0.01894 0.40914
-0.01257 -0.01246 0.37353
-0.00250 -0.03045 0.34492
-0.00710 -0.02664 0.31494
0.00491 -0.01865 0.28762
0.00218 -0.02095 0.26258
0.01132 -0.01416 0.24456
0.01026 -0.00832 0.22306
-0.00665 -0.01500 0.21629
0.00403 -0.02332 0.20972
-0.00514 -0.03095 0.20495
-0.01432 -0.03208 0.20465
-0.00813 -0.02993 0.20644
-0.00414 -0.02191 0.20236
0.01030 -0.02075 0.20094
0.05154 -0.00850 0.19688
0.05037 -0.00919 0.19540
0.05784 -0.00152 0.19782
0.05671 -0.00171 0.18911
0.05440 -0.00623 0.18633
0.04546 -0.00692 0.17890
0.05069 -0.00621 0.17495
0.02352 -0.00366 0.18075
0.03902 -0.00233 0.17305
0.03720 -0.00548 0.16801
0.02840 -0.00757 0.16167
-0.00117 -0.01683 0.15366
0.02351 -0.00920 0.14495
0.04229 -0.01070 0.13712
0.02414 -0.00547 0.13890
0.08666 -0.02244 0.11039
0.01832 -0.00894 0.13797
-0.00724 0.00265 0.14686
0.07764 -0.00026 0.12201
0.01911 0.00218 0.13367
0.04479 -0.00050 0.12177
0.04458 0.00364 0.12203
0.10191 -0.00100 0.08233
0.08025 -0.00628 0.10770
0.08310 -0.00674 0.11268
0.13659 0.00035 0.06277
0.11593 0.00716 0.10890
0.14367 -0.02183 0.10221
-0.00245 -0.01542 0.20341
-0.06925 -0.03749 0.21854
-0.02514 -0.01781 0.25894
-0.03010 -0.00728 0.28886
-0.08806 -0.00884 0.30722
-0.07865 -0.00676 0.33744
-0.04131 -0.01885 0.37432
-0.03269 -0.02046 0.39397
-0.05808 -0.01158 0.42460
-0.02565 -0.00743 0.44857
-0.02505 -0.01392 0.47237
-0.06828 -0.02229 0.48374
-0.06755 -0.00881 0.51050
-0.02715 -0.01867 0.54216
-0.03279 -0.03517 0.56240
-0.06839 -0.02073 0.57294
-0.05049 -0.01538 0.59690
-0.04612 -0.02541 0.61998
-0.03899 -0.01715 0.63035
-0.06210 -0.03493 0.65249
0.00929 -0.02273 0.67281
-0.01260 -0.02269 0.69194
-0.01282 -0.02568 0.71080
0.04279 -0.04968 0.72640
0.01649 -0.05821 0.73830
-0.03907 -0.01528 0.75895
0.04662 -0.01143 0.77416
-0.03142 -0.00823 0.79979
-0.05446 -0.02741 0.81761
-0.03916 -0.02370 0.83037
-0.04369 -0.02518 0.84680
0.04018 0.00239 0.85721
-0.03858 -0.05155 0.88369
-0.06018 -0.04555 0.89157
-0.12268 -0.02557 0.89696
-0.01880 -0.02251 0.91539
-0.04533 -0.04721 0.92042
-0.02874 -0.03955 0.92014
-0.00236 -0.05117 0.91890
-0.00034 -0.05919 0.91653
-0.00524 -0.03226 0.91409
0.02583 -0.05046 0.91758
-0.01637 -0.02593 0.91738
-0.01726 -0.05683 0.91663
0.09246 -0.03893 0.91383
0.05206 -0.04818 0.92495
0.02833 -0.05355 0.93187
0.05507 -0.02451 0.93234
-0.00985 -0.06438 0.93249
0.07787 -0.01865 0.93653
-0.00064 -0.05740 0.94004
0.20397 -0.02164 0.92439
0.07312 -0.03607 0.94637
0.03423 -0.03694 0.94612
0.04554 -0.02361 0.95048
-0.01785 -0.03085 0.95666
-0.03613 -0.03012 0.95639
-0.05443 -0.03932 0.96395
-0.02309 -0.03824 0.96600
-0.00801 -0.05237 0.96739
-0.02102 -0.02834 0.97140
-0.04243 -0.00080 0.97764
-0.04537 -0.01430 0.98010
-0.05431 0.00643 0.97456
-0.04510 -0.05346 0.97301
-0.06906 0.03941 0.96901
0.08076 -0.09486 0.96887
0.00529 -0.02326 0.97210
-0.02450 -0.06979 0.97055
-0.09393 -0.00597 0.96042
-0.03129 -0.05589 0.96218
-0.06775 -0.01276 0.95710
-0.09934 -0.06821 0.94731
-0.02376 -0.02517 0.94688
-0.06005 -0.03904 0.94004
-0.06819 -0.03726 0.93917
-0.02980 -0.01357 0.94056
-0.02635 -0.03883 0.93799
-0.02058 -0.02340 0.92914
-0.02843 -0.03525 0.91578
-0.02331 -0.04234 0.91723
-0.01982 -0.04412 0.91315
-0.05232 -0.05040 0.90776
-0.02528 -0.01296 0.90077
-0.08378 -0.04539 0.88303
-0.01153 -0.02959 0.88180
-0.05606 -0.05154 0.86340
-0.04700 -0.04850 0.85259
-0.02511 -0.04779 0.82491
-0.05542 -0.04039 0.80398
0.23272 -0.06371 0.75370
-0.02638 -0.01862 0.77367
0.00951 -0.02221 0.75280
-0.02510 -0.02180 0.71612
-0.06556 -0.08827 0.67934
-0.00771 -0.06904 0.65139
-0.02869 -0.02784 0.62524
-0.02837 -0.02034 0.60503
0.00339 -0.04849 0.57953
-0.00522 -0.04547 0.55631
-0.00492 -0.05206 0.53344
-0.02402 -0.03673 0.51574
-0.00466 -0.02450 0.50707
-0.00889 -0.01002 0.49698
-0.00144 -0.01196 0.48703
-0.01233 -0.02497 0.47736
-0.00429 -0.02848 0.46318
-0.01313 -0.03292 0.45129
-0.00879 -0.02752 0.44265
0.00379 -0.01682 0.43411
-0.00566 -0.01628 0.42434
0.00776 -0.03578 0.41437
-0.00211 -0.02936 0.40110
-0.00688 -0.01961 0.38675
-0.00149 -0.01347 0.37399
-0.03134 -0.03143 0.35666
-0.00869 -0.02887 0.34818
-0.01139 -0.02396 0.33354
-0.00883 -0.02587 0.32244
-0.01486 -0.01406 0.31215
-0.00890 -0.01909 0.30493
-0.01078 -0.01399 0.29343
-0.02106 -0.02351 0.27735
-0.01428 -0.01038 0.26401
-0.02980 -0.02414 0.24745
-0.01589 -0.01492 0.23004
-0.08190 -0.01543 0.20250
-0.01216 -0.01613 0.20502
-0.00287 -0.01373 0.19595
-0.00831 -0.02143 0.17937
0.00159 -0.01333 0.17018
0.00468 -0.01095 0.15874
-0.00256 -0.01017 0.14918
0.00045 -0.01151 0.14161
0.00807 -0.01393 0.13053
0.00503 -0.00629 0.12439
0.01069 -0.00820 0.11577
-0.00206 -0.00838 0.10574
-0.00196 -0.00910 0.09985
-0.00592 -0.00584 0.09481
-0.02683 -0.01144 0.08649
-0.02429 -0.01031 0.08104
-0.00882 -0.00333 0.07636
-0.02110 -0.01032 0.06839
-0.04848 -0.01934 0.04534
0.00025 -0.00400 0.06228
0.00992 0.00040 0.05789
-0.00146 0.00043 0.05570
0.00495 0.00010 0.05211
0.00002 -0.00017 0.04766
0.00551 -0.00063 0.04344
0.00717 -0.00245 0.03773
-0.02425 0.00226 0.02648
-0.02101 -0.00129 0.02257
0.02300 0.00446 0.01254
-0.01663 0.00051 0.01277
0.01221 0.00407 0.01136
0.00839 0.00223 0.01158
0.00340 -0.00184 0.01189
-0.01146 0.00040 0.00472
0.00529 0.00236 0.01068
-0.01700 0.00257 0.01363
0.00612 -0.00300 0.02035
0.00930 0.00049 0.03093
-0.02538 -0.00018 0.02061
0.02127 0.00702 0.02673
-0.02878 -0.00007 0.01648
0.03248 -0.00106 0.01098
0.00418 -0.00396 0.03867
-0.03686 -0.00016 0.02270
0.00721 -0.00351 0.04724
0.00567 -0.00383 0.05079
0.00605 -0.00544 0.05752
0.00103 -0.00970 0.06031
0.00723 -0.00024 0.06868
0.00627 0.00177 0.07156
0.00936 -0.00111 0.07709
0.01073 0.00165 0.08136
0.00382 -0.00026 0.08787
-0.02607 -0.01487 0.08639
0.00711 0.00371 0.09515
0.00933 0.00684 0.10136
-0.07009 -0.02726 0.07135
-0.00641 -0.01255 0.10484
0.02658 -0.00637 0.10396
0.01345 -0.00652 0.11259
0.00623 -0.00241 0.11491
0.02210 -0.00707 0.11456
0.02405 -0.00428 0.11471
0.01885 -0.00857 0.11457
0.00954 -0.00548 0.11135
-0.00677 -0.01404 0.10508
0.00018 -0.00404 0.10176
0.00234 0.00055 0.09717
-0.00601 -0.00593 0.09229
0.01680 0.00101 0.08397
