0.02169 1.80846 1.03618
0.01838 1.55028 0.88825
0.01117 0.93692 0.53682
0.00741 0.62182 0.35627
0.00584 0.48815 0.27969
0.00891 0.74854 0.42888
0.00293 0.24565 0.14074
0.01974 1.65643 0.94907
0.02184 1.83229 1.04984
0.03239 2.71707 1.55681
0.03106 2.60495 1.49257
0.02257 1.89343 1.08487
0.01527 1.27949 0.73310
0.01891 1.58689 0.90923
0.01430 1.19761 0.68619
0.01827 1.52733 0.87510
0.01915 1.60354 0.91877
0.01661 1.39001 0.79642
0.01523 1.27501 0.73053
0.02084 1.74497 0.99981
0.01622 1.35827 0.77824
0.01386 1.15812 0.66355
0.02084 1.73768 0.99563
0.01784 1.49215 0.85495
0.01335 1.11995 0.64169
0.02171 1.80900 1.03650
0.01805 1.49830 0.85847
0.01570 1.32080 0.75677
0.01658 1.38719 0.79481
0.02002 1.67054 0.95716
0.02007 1.67633 0.96048
0.01324 1.10534 0.63332
0.01239 1.03303 0.59189
0.01454 1.21413 0.69565
0.01670 1.39514 0.79936
0.01040 0.86788 0.49726
0.00782 0.65189 0.37351
0.01380 1.14939 0.65855
0.01000 0.83273 0.47712
0.01579 1.30956 0.75033
0.01982 1.64701 0.94368
0.01136 0.94768 0.54299
0.00836 0.69598 0.39877
0.01551 1.29064 0.73949
0.01456 1.20800 0.69214
0.02076 1.72398 0.98778
0.01393 1.15607 0.66238
0.01114 0.92239 0.52849
0.01481 1.22877 0.70404
0.01505 1.24799 0.71505
0.01412 1.17315 0.67217
0.01669 1.38643 0.79437
0.01543 1.28332 0.73529
0.01330 1.10820 0.63496
0.02162 1.79714 1.02970
0.01853 1.54726 0.88652
0.01171 0.98109 0.56213
0.01217 1.01904 0.58387
0.01372 1.15189 0.65999
0.01028 0.86379 0.49492
0.00912 0.76825 0.44017
0.01068 0.90112 0.51631
0.02365 2.00679 1.14982
0.00931 0.79212 0.45385
0.01912 1.62656 0.93196
0.01998 1.69531 0.97135
0.01834 1.56258 0.89530
0.01417 1.21522 0.69627
0.02223 1.90833 1.09341
0.01633 1.40837 0.80694
0.01604 1.38340 0.79263
0.01613 1.39091 0.79694
0.01874 1.62302 0.92993
0.01551 1.34495 0.77060
0.01506 1.30926 0.75015
0.01942 1.68704 0.96662
0.01472 1.27505 0.73055
0.01525 1.31903 0.75576
0.01778 1.53658 0.88040
0.01811 1.56509 0.89674
0.02081 1.80332 1.03324
0.01819 1.56843 0.89865
0.01474 1.26978 0.72754
0.01991 1.70255 0.97550
0.01749 1.48667 0.85180
0.01865 1.57725 0.90371
0.01986 1.67424 0.95928
0.01824 1.52875 0.87592
0.01782 1.48601 0.85143
0.01830 1.52441 0.87343
0.01847 1.53221 0.87790
0.01482 1.22697 0.70301
0.01576 1.29819 0.74381
0.01490 1.22497 0.70186
0.01894 1.55653 0.89184
0.01582 1.29742 0.74337
0.01687 1.38189 0.79177
0.01772 1.44828 0.82981
0.01741 1.41971 0.81344
0.01403 1.14226 0.65447
0.01839 1.49255 0.85518
0.02085 1.69458 0.97093
0.01875 1.51048 0.86545
0.01971 1.58835 0.91007
0.01856 1.49494 0.85654
0.01423 1.14163 0.65411
0.01891 1.51230 0.86649
0.02635 2.10784 1.20773
0.01577 1.26148 0.72278
0.01833 1.45950 0.83624
0.01915 1.52246 0.87231
0.01708 1.35243 0.77489
0.02604 2.06088 1.18082
0.01413 1.11845 0.64083
0.01490 1.17595 0.67377
0.01961 1.54742 0.88661
0.01305 1.02438 0.58693
0.01340 1.05013 0.60168
0.01622 1.27253 0.72911
0.02707 2.12624 1.21827
0.01352 1.06354 0.60937
0.02122 1.67077 0.95729
0.01201 0.94786 0.54309
0.01316 1.03920 0.59542
0.01392 1.09953 0.62999
0.01578 1.24774 0.71491
0.01412 1.11259 0.63747
0.01336 1.05686 0.60554
0.01523 1.20338 0.68949
0.02027 1.60378 0.91891
0.01556 1.23377 0.70690
0.01503 1.18846 0.68094
0.01741 1.37947 0.79038
0.01964 1.55737 0.89231
0.02036 1.61260 0.92396
0.01777 1.40539 0.80524
0.02192 1.73700 0.99524
0.01651 1.30687 0.74879
0.01715 1.35797 0.77807
0.01645 1.29984 0.74476
0.01612 1.27507 0.73056
0.01821 1.43727 0.82350
0.01696 1.34130 0.76851
0.02137 1.68945 0.96799
0.02021 1.60217 0.91799
0.01733 1.36645 0.78292
0.02160 1.70946 0.97946
0.01949 1.54582 0.88570
0.02144 1.69859 0.97323
0.01524 1.20726 0.69171
0.02486 1.96482 1.12578
0.01521 1.20950 0.69300
0.01753 1.40230 0.80346
0.01576 1.26106 0.72254
0.01733 1.38983 0.79632
0.02238 1.79414 1.02798
0.01643 1.31888 0.75567
0.01455 1.17348 0.67236
0.01864 1.50995 0.86514
0.01538 1.24866 0.71544
0.01801 1.46717 0.84063
0.01553 1.27145 0.72849
0.01458 1.19705 0.68586
0.01663 1.37083 0.78544
0.01475 1.22123 0.69972
0.01495 1.24358 0.71252
0.01654 1.38431 0.79316
0.01730 1.45619 0.83434
0.01429 1.21195 0.69440
0.01586 1.35511 0.77643
0.01635 1.41265 0.80939
0.01592 1.39290 0.79808
0.01982 1.75421 1.00510
0.01713 1.53995 0.88234
0.01563 1.42403 0.81591
0.01546 1.42526 0.81662
0.01586 1.48093 0.84852
0.01785 1.68433 0.96506
0.01504 1.44045 0.82533
0.01300 1.25252 0.71764
0.01802 1.76208 1.00961
0.01360 1.35472 0.77620
0.01239 1.25911 0.72142
0.01182 1.22246 0.70042
0.01257 1.33393 0.76429
0.01307 1.41932 0.81321
0.01131 1.26019 0.72204
0.01297 1.48307 0.84974
0.01117 1.30770 0.74926
0.00997 1.20073 0.68797
0.01295 1.59076 0.91145
0.01231 1.54970 0.88792
0.01071 1.37681 0.78886
0.01059 1.39629 0.80002
0.01198 1.61428 0.92492
0.01030 1.40763 0.80652
0.00983 1.34961 0.77328
0.00825 1.14068 0.65357
0.01234 1.70777 0.97849
0.00867 1.20745 0.69182
0.01055 1.47674 0.84612
0.01288 1.81100 1.03764
0.01054 1.49097 0.85427
0.00934 1.32681 0.76021
0.01098 1.56804 0.89843
0.01126 1.61622 0.92604
0.01283 1.85292 1.06166
0.01107 1.60807 0.92137
0.00993 1.44411 0.82742
0.01210 1.75596 1.00611
0.00780 1.12392 0.64396
0.00864 1.24040 0.71070
0.00829 1.18006 0.67613
0.00765 1.08815 0.62347
0.01007 1.42987 0.81926
0.00853 1.20434 0.69004
0.00865 1.21053 0.69359
0.00749 1.03738 0.59438
0.01165 1.60045 0.91700
0.00682 0.92976 0.53272
0.00691 0.93109 0.53348
0.00863 1.15680 0.66280
0.01176 1.56126 0.89454
0.00745 0.97836 0.56056
0.00546 0.70569 0.40433
0.00790 1.00762 0.57733
0.02191 2.78277 1.59446
0.00947 1.19085 0.68231
0.01067 1.34217 0.76901
0.01298 1.60892 0.92185
0.01211 1.48000 0.84798
0.01386 1.67228 0.95816
0.01024 1.22555 0.70219
0.01122 1.34059 0.76811
0.01104 1.31483 0.75335
0.01303 1.56099 0.89439
0.00957 1.14256 0.65464
0.01157 1.37824 0.78968
0.00980 1.16180 0.66566
0.01368 1.62345 0.93018
0.01178 1.40189 0.80323
0.01221 1.44665 0.82887
0.01378 1.63154 0.93482
0.00844 0.99546 0.57036
0.01235 1.45411 0.83315
0.00918 1.08202 0.61996
0.01028 1.20371 0.68968
0.00994 1.16374 0.66678
0.01297 1.51361 0.86725
0.01560 1.82269 1.04434
0.01456 1.70630 0.97765
0.01061 1.23818 0.70943
0.01741 2.03945 1.16854
0.01322 1.55199 0.88923
0.01044 1.22756 0.70335
0.00949 1.11839 0.64079
0.00946 1.11860 0.64091
0.01151 1.37103 0.78555
0.00760 0.91093 0.52193
0.00572 0.69674 0.39920
0.01151 1.41474 0.81059
0.00767 0.95840 0.54913
0.00981 1.25002 0.71621
0.00845 1.10123 0.63096
0.00814 1.08565 0.62203
0.00813 1.11205 0.63716
0.00864 1.22009 0.69907
0.01064 1.54367 0.88447
0.01174 1.75731 1.00688
0.01079 1.65756 0.94972
0.01104 1.72849 0.99036
0.00566 0.89868 0.51491
0.00944 1.53925 0.88194
0.00772 1.27335 0.72958
0.00920 1.58214 0.90651
0.00749 1.29130 0.73986
0.00841 1.47873 0.84726
0.00737 1.35231 0.77482
0.00922 1.67999 0.96257
0.00791 1.46934 0.84188
0.00432 0.85097 0.48757
0.01069 2.06508 1.18323
0.00334 0.69162 0.39627
0.00959 1.90703 1.09266
0.01041 2.08531 1.19481
0.00430 0.92956 0.53260
0.01308 2.67595 1.53325
0.01412 2.91611 1.67087
0.00936 2.08222 1.19304
0.01558 3.26646 1.87163
0.01687 3.83436 2.19706
0.01654 3.51040 2.01141
0.01923 4.15264 2.37946
0.02985 6.97863 3.99927
0.02317 5.15544 2.95418
0.02647 5.99414 3.43490
0.03174 7.68341 4.40335
0.02468 5.81651 3.33308
0.03423 8.32859 4.77331
0.02275 5.42767 3.11021
0.02393 5.66095 3.24392
0.03531 8.24050 4.72280
0.02340 5.31457 3.04538
0.02799 6.25459 3.58420
0.03884 8.27123 4.74042
0.02252 4.80427 2.75291
0.03403 6.85520 3.92851
0.02343 4.78826 2.74373
0.02666 5.34055 3.06027
0.03353 6.23594 3.57351
0.02106 3.99368 2.28836
0.02708 4.73340 2.71229
0.01299 2.29324 1.31396
0.00886 1.49694 0.85769
0.01104 1.74141 0.99776
0.01231 1.93583 1.10916
0.01730 2.52736 1.44811
0.01006 1.47526 0.84527
0.01217 1.67472 0.95955
0.00681 0.93726 0.53701
0.01329 1.76837 1.01322
0.00434 0.54513 0.31233
0.01440 1.79338 1.02755
0.01064 1.25662 0.71999
0.00721 0.84910 0.48650
0.00446 0.49860 0.28568
0.01251 1.39488 0.79921
0.00992 1.07639 0.61673
0.01280 1.32598 0.75974
0.01956 2.02024 1.15753
0.01459 1.45500 0.83366
0.01524 1.50504 0.86233
0.01686 1.61639 0.92614
0.01520 1.41277 0.80946
0.02064 1.89246 1.08431
0.00752 0.67129 0.38462
0.01979 1.73852 0.99611
0.01678 1.43808 0.82397
0.01929 1.63507 0.93684
0.01560 1.30740 0.74909
0.01573 1.29816 0.74380
0.01633 1.32879 0.76135
0.02217 1.77356 1.01619
0.02436 1.92915 1.10534
0.02468 1.92470 1.10279
0.01990 1.53424 0.87906
0.01770 1.35086 0.77399
0.02154 1.62575 0.93150
0.02253 1.68887 0.96766
0.01636 1.22614 0.70253
0.01687 1.26453 0.72453
0.02346 1.76467 1.01109
0.02123 1.58176 0.90629
0.02051 1.52989 0.87657
0.01793 1.33546 0.76517
0.01809 1.34239 0.76914
0.02193 1.62450 0.93078
0.02653 1.96169 1.12398
0.02345 1.73600 0.99467
0.02544 1.87439 1.07396
0.02038 1.50736 0.86366
0.01699 1.25010 0.71626
0.02423 1.77080 1.01461
0.01898 1.38697 0.79468
0.01710 1.24389 0.71270
0.01850 1.34699 0.77177
0.02580 1.86354 1.06775
0.02474 1.79107 1.02622
0.02558 1.84737 1.05848
0.01992 1.43309 0.82111
0.02859 2.05202 1.17574
0.02100 1.50140 0.86025
0.02068 1.47581 0.84558
0.02217 1.58185 0.90634
0.01860 1.32455 0.75892
0.02190 1.55860 0.89302
0.02080 1.47205 0.84343
0.02024 1.42789 0.81813
0.01894 1.33288 0.76369
0.01766 1.24020 0.71059
0.02000 1.40390 0.80438
0.02315 1.61830 0.92723
0.01776 1.24263 0.71198
0.02543 1.76928 1.01373
0.01930 1.34073 0.76819
0.02785 1.93122 1.10652
0.01717 1.19087 0.68232
0.01160 0.80125 0.45908
0.03272 2.25326 1.29105
0.01093 0.75139 0.43051
0.01449 0.99148 0.56808
0.02701 1.84491 1.05707
0.00982 0.67094 0.38442
0.02578 1.76072 1.00883
0.01160 0.79451 0.45522
0.01905 1.29627 0.74271
0.01612 1.10067 0.63064
0.01520 1.03992 0.59583
0.01529 1.04701 0.59989
0.01181 0.81103 0.46469
0.02054 1.41036 0.80809
0.01881 1.29450 0.74170
0.01310 0.90383 0.51786
0.02261 1.56053 0.89413
0.01264 0.87605 0.50194
0.01539 1.06540 0.61043
0.01104 0.76668 0.43927
0.01726 1.20037 0.68776
0.01295 0.90510 0.51859
0.01888 1.32407 0.75864
0.01665 1.16842 0.66946
0.01330 0.94045 0.53884
0.01476 1.04832 0.60065
0.01168 0.83890 0.48066
0.01864 1.34882 0.77282
0.01309 0.95935 0.54967
0.02048 1.52263 0.87241
0.01231 0.93183 0.53390
0.01377 1.05496 0.60445
0.02426 1.89010 1.08296
0.01445 1.14645 0.65687
0.01553 1.25988 0.72186
0.01528 1.26239 0.72330
0.02002 1.69065 0.96868
0.01827 1.57405 0.90188
0.01499 1.32242 0.75770
0.01292 1.16365 0.66672
0.01566 1.44755 0.82939
0.01604 1.52486 0.87369
0.01510 1.46624 0.84010
0.01523 1.52110 0.87153
0.01368 1.40109 0.80277
0.01230 1.29583 0.74246
0.01310 1.41951 0.81332
0.01512 1.67917 0.96211
0.01286 1.46421 0.83894
0.01328 1.54004 0.88239
0.01574 1.86243 1.06711
0.01319 1.58554 0.90846
0.00927 1.13176 0.64845
0.01061 1.32403 0.75862
0.01955 2.49705 1.43074
0.00954 1.24301 0.71220
0.00983 1.29356 0.74116
0.00818 1.08976 0.62439
0.00798 1.07445 0.61562
0.01291 1.75795 1.00724
0.00922 1.27759 0.73201
0.01091 1.52658 0.87468
0.00939 1.32538 0.75939
0.01446 2.05283 1.17621
0.00692 0.98692 0.56546
0.01063 1.51993 0.87086
0.00799 1.14613 0.65669
0.01092 1.56953 0.89929
0.01187 1.70649 0.97776
0.01588 2.30660 1.32161
0.00784 1.15212 0.66012
0.01590 2.32902 1.33446
0.00670 0.97763 0.56014
0.00877 1.25669 0.72003
0.01989 2.80758 1.60868
0.01510 2.08857 1.19668
0.01701 2.32241 1.33068
0.01225 1.65227 0.94669
0.01711 2.27498 1.30350
0.00694 0.90957 0.52115
0.00668 0.85374 0.48916
0.01444 1.80023 1.03147
0.01380 1.68561 0.96580
0.01370 1.63972 0.93950
0.01309 1.54251 0.88380
0.01106 1.27528 0.73069
0.01142 1.29422 0.74154
0.01027 1.14154 0.65406
0.00599 0.65073 0.37284
0.01339 1.42798 0.81818
0.01244 1.29886 0.74419
0.01271 1.30882 0.74990
0.01595 1.61637 0.92612
0.00999 0.99573 0.57051
0.00873 0.85454 0.48962
0.01062 1.01945 0.58411
0.01606 1.51844 0.87001
0.01285 1.19857 0.68674
0.02103 1.92889 1.10519
0.01183 1.07004 0.61309
0.00973 0.85923 0.49230
0.02081 1.80455 1.03394
0.01695 1.45194 0.83191
0.00948 0.80680 0.46226
0.01310 1.09608 0.62801
0.01247 1.02880 0.58946
0.02297 1.87270 1.07299
0.01058 0.85222 0.48829
0.01531 1.21715 0.69738
0.02266 1.77386 1.01636
0.01052 0.81764 0.46848
0.01672 1.28105 0.73399
0.03048 2.31383 1.32576
0.01283 0.97072 0.55618
0.02244 1.66738 0.95535
0.02360 1.71840 0.98458
0.01975 1.42391 0.81585
0.01881 1.34672 0.77162
0.01397 0.99509 0.57015
0.02542 1.78044 1.02013
0.01750 1.21251 0.69472
0.01575 1.08131 0.61955
0.01658 1.12735 0.64593
0.02062 1.39869 0.80140
0.01884 1.27609 0.73115
0.01936 1.31262 0.75208
0.01775 1.20505 0.69045
0.01936 1.31855 0.75548
0.01680 1.14323 0.65502
0.01844 1.25588 0.71957
0.01854 1.26128 0.72267
0.02436 1.66255 0.95258
0.01370 0.93619 0.53640
0.01303 0.88555 0.50739
0.02090 1.42111 0.81424
0.02085 1.41991 0.81356
0.02348 1.60472 0.91945
0.01429 0.98252 0.56295
0.01899 1.30168 0.74581
0.01571 1.07807 0.61769
0.01810 1.24427 0.71292
0.01434 0.98475 0.56422
0.02039 1.40532 0.80519
0.01785 1.23298 0.70645
0.01128 0.78371 0.44903
0.01383 0.96105 0.55064
0.01745 1.21212 0.69450
0.01261 0.87747 0.50276
0.01572 1.09369 0.62664
0.01377 0.96425 0.55248
0.01575 1.10315 0.63206
0.01909 1.33829 0.76679
0.01420 0.99986 0.57288
0.01734 1.22334 0.70092
0.01953 1.37180 0.78599
0.01776 1.25301 0.71792
0.01423 1.00884 0.57802
0.01327 0.94239 0.53995
0.01294 0.92117 0.52779
0.01226 0.87717 0.50258
0.01219 0.87544 0.50159
0.01487 1.07420 0.61548
0.01217 0.87918 0.50373
0.01802 1.30537 0.74793
0.01682 1.22241 0.70039
0.01289 0.94032 0.53876
0.01227 0.89691 0.51389
0.01492 1.08580 0.62212
0.02532 1.84967 1.05980
0.01575 1.15289 0.66056
0.01472 1.07821 0.61777
0.01585 1.16563 0.66786
0.02020 1.48131 0.84873
0.01913 1.40451 0.80473
0.01351 0.99112 0.56787
0.01604 1.17292 0.67204
0.01004 0.73153 0.41914
0.01437 1.04629 0.59948
0.01237 0.89801 0.51452
0.01191 0.86360 0.49481
0.00992 0.71635 0.41044
0.01550 1.11536 0.63906
0.00856 0.61483 0.35227
0.01499 1.07192 0.61417
0.01877 1.34503 0.77065
0.01440 1.03021 0.59027
0.00905 0.64476 0.36942
0.01574 1.11744 0.64025
0.02031 1.44490 0.82788
0.01712 1.21496 0.69612
0.01570 1.11272 0.63754
0.02054 1.44638 0.82872
0.01426 1.00354 0.57499
0.01662 1.16976 0.67023
0.01798 1.26376 0.72409
0.01721 1.21198 0.69442
0.01858 1.30131 0.74560
0.03121 2.17824 1.24806
0.01790 1.25544 0.71932
0.01724 1.21100 0.69385
0.01689 1.18609 0.67958
0.02219 1.55735 0.89230
0.01962 1.38011 0.79075
0.01646 1.16148 0.66548
0.01946 1.37296 0.78665
0.01783 1.25999 0.72193
0.02548 1.80841 1.03616
0.01819 1.29700 0.74313
0.02010 1.42982 0.81923
0.02010 1.42772 0.81803
0.01727 1.22815 0.70368
0.02103 1.49928 0.85903
0.01290 0.91990 0.52707
0.02754 1.96043 1.12326
0.01627 1.16608 0.66812
0.01334 0.95189 0.54540
0.02075 1.47875 0.84727
0.01879 1.34258 0.76925
0.01757 1.25562 0.71942
0.01645 1.17568 0.67362
0.01390 0.99154 0.56811
0.01186 0.84718 0.48540
0.01106 0.78996 0.45261
0.01323 0.94784 0.54308
0.01041 0.74791 0.42852
0.02589 1.85437 1.06249
0.01545 1.11246 0.63740
0.01788 1.29083 0.73959
0.01691 1.21925 0.69858
0.01354 0.98056 0.56182
0.01727 1.25150 0.71706
0.01863 1.35998 0.77922
0.01460 1.06791 0.61187
0.01429 1.05021 0.60173
0.01381 1.01292 0.58036
0.01917 1.40618 0.80569
0.01649 1.21708 0.69734
0.00925 0.68563 0.39284
0.01762 1.31219 0.75183
0.00849 0.63152 0.36183
0.01484 1.10920 0.63553
0.00896 0.67223 0.38516
0.00983 0.73561 0.42147
0.01112 0.84011 0.48135
0.01059 0.80001 0.45837
0.01062 0.80401 0.46066
0.01366 1.03672 0.59400
0.01252 0.95341 0.54627
0.01256 0.96090 0.55055
0.01084 0.82937 0.47519
0.00826 0.63417 0.36336
0.01265 0.97305 0.55752
0.01220 0.94254 0.54004
0.01552 1.20561 0.69077
0.01290 0.99981 0.57285
0.01074 0.83674 0.47942
0.02049 1.59640 0.91468
0.01183 0.92663 0.53092
0.00950 0.74734 0.42820
0.01506 1.18504 0.67898
0.01483 1.17390 0.67260
0.01240 0.98552 0.56466
0.01529 1.21836 0.69807
0.01305 1.04423 0.59830
0.01192 0.96063 0.55040
0.01352 1.09850 0.62939
0.00840 0.68685 0.39354
0.01099 0.90517 0.51863
0.00876 0.72654 0.41628
0.01290 1.07632 0.61669
0.00921 0.77736 0.44539
0.01190 1.01271 0.58024
0.00712 0.61177 0.35052
0.00907 0.78661 0.45070
0.01330 1.16926 0.66994
0.01196 1.07021 0.61319
0.00942 0.85869 0.49200
0.01090 1.00923 0.57825
0.01576 1.48660 0.85177
0.00791 0.76572 0.43873
0.00877 0.86903 0.49792
0.00811 0.82737 0.47405
0.00664 0.69518 0.39831
0.00894 0.96590 0.55342
0.01252 1.39673 0.80027
0.01419 1.63238 0.93530
0.01239 1.48546 0.85111
0.01547 1.91349 1.09637
0.00905 1.15832 0.66367
0.00491 0.65002 0.37244
0.00813 1.11658 0.63976
0.00903 1.27674 0.73152
0.01160 1.71284 0.98139
0.01169 1.81698 1.04107
0.00632 1.00811 0.57761
0.00491 0.80665 0.46218
0.00456 0.79778 0.45709
0.00781 1.36433 0.78171
0.00296 0.55355 0.31716
0.00564 1.02586 0.58778
0.00894 1.64348 0.94165
0.00891 1.73418 0.99363
0.00998 1.87152 1.07232
0.01751 3.32903 1.90748
0.01698 3.40975 1.95374
0.01053 2.04993 1.17454
0.01826 3.71813 2.13045
0.01442 2.88215 1.65141
0.01509 3.05282 1.74920
0.01793 3.74249 2.14441
0.01343 2.77672 1.59099
0.01276 2.66682 1.52802
0.02040 4.27656 2.45048
0.01591 3.31540 1.89967
0.01803 3.68325 2.11047
0.00845 1.71469 0.98246
0.00974 1.95626 1.12087
0.03030 5.91200 3.38782
0.01521 3.00554 1.72211
0.02388 4.57179 2.61967
0.01217 2.36288 1.35386
0.00932 1.76580 1.01174
0.02798 4.97581 2.85122
0.00803 1.45637 0.83444
0.02097 3.57525 2.04857
0.01501 2.62487 1.50398
0.00676 1.15588 0.66227
0.00927 1.49140 0.85452
0.00250 0.40595 0.23259
0.00620 0.94179 0.53961
0.01313 2.03511 1.16605
0.00225 0.34130 0.19555
0.01264 1.80172 1.03232
0.00694 0.99771 0.57165
0.00510 0.69762 0.39971
0.00521 0.70570 0.40434
0.00651 0.84231 0.48261
0.00660 0.83729 0.47973
0.01448 1.78568 1.02313
0.00282 0.33687 0.19301
0.00642 0.75173 0.43071
0.00168 0.19179 0.10989
0.00557 0.62300 0.35695
0.00259 0.28220 0.16169
0.01693 1.80940 1.03673
0.02121 2.21171 1.26724
0.01599 1.63690 0.93788
0.02188 2.19315 1.25661
0.01712 1.68930 0.96791
0.01046 1.01490 0.58150
0.01467 1.39456 0.79903
0.01795 1.67704 0.96088
0.01678 1.54310 0.88414
0.01905 1.72405 0.98782
0.01510 1.34641 0.77144
0.01065 0.93453 0.53545
0.01974 1.70785 0.97854
0.01637 1.40143 0.80296
0.01077 0.90618 0.51920
0.01121 0.93115 0.53351
0.01205 0.98803 0.56610
0.01616 1.31294 0.75226
0.01438 1.15658 0.66267
0.01454 1.15329 0.66079
0.01548 1.20839 0.69236
0.01521 1.17505 0.67326
0.02077 1.58619 0.90883
0.01662 1.25959 0.72169
0.01786 1.33848 0.76690
0.01611 1.18917 0.68135
0.00907 0.66256 0.37962
0.02337 1.69327 0.97019
0.01540 1.10545 0.63338
0.02686 1.90510 1.09156
0.01653 1.16079 0.66509
0.01599 1.11332 0.63789
0.02264 1.55724 0.89224
0.01221 0.82978 0.47543
0.02313 1.56386 0.89604
0.01351 0.89835 0.51472
0.01699 1.12493 0.64454
0.01845 1.21870 0.69827
0.01674 1.10803 0.63486
0.02337 1.54842 0.88719
0.02000 1.32795 0.76087
0.02249 1.49638 0.85737
0.01552 1.02994 0.59011
0.01629 1.08582 0.62213
0.02744 1.81381 1.03925
0.01962 1.30378 0.74701
0.02160 1.43607 0.82282
0.01786 1.18834 0.68087
0.02744 1.82567 1.04605
0.02241 1.48900 0.85314
0.02398 1.59592 0.91440
0.03263 2.18185 1.25013
0.02142 1.43437 0.82184
0.01871 1.25742 0.72045
0.02795 1.87115 1.07210
0.02765 1.85365 1.06208
0.02102 1.41779 0.81234
0.02319 1.56245 0.89523
0.03394 2.29362 1.31418
0.03065 2.07028 1.18621
0.02295 1.56118 0.89450
0.02728 1.85255 1.06145
0.02902 1.96616 1.12655
0.02671 1.82038 1.04301
0.02163 1.47832 0.84702
0.03067 2.09789 1.20203
0.01888 1.29439 0.74164
0.02645 1.81657 1.04083
0.02048 1.40884 0.80721
0.01849 1.27324 0.72952
0.02142 1.47739 0.84649
0.02015 1.39614 0.79994
0.01757 1.21424 0.69571
0.02086 1.44554 0.82824
0.02058 1.42974 0.81919
0.02004 1.39679 0.80031
0.01591 1.10843 0.63509
0.02417 1.68650 0.96631
0.01995 1.39387 0.79864
0.01885 1.31973 0.75615
0.02669 1.87668 1.07527
0.02353 1.65704 0.94942
0.01575 1.11204 0.63716
0.02882 2.02740 1.16164
0.01825 1.29588 0.74249
0.01586 1.12930 0.64704
0.02311 1.64587 0.94302
0.01632 1.16415 0.66701
0.02074 1.48329 0.84987
0.01544 1.10492 0.63308
0.01845 1.32363 0.75839
0.02426 1.75208 1.00388
0.01869 1.35046 0.77377
0.02533 1.83639 1.05219
0.01944 1.41224 0.80916
0.02439 1.77658 1.01792
0.01901 1.38785 0.79518
0.02626 1.91498 1.09722
0.01963 1.43621 0.82289
0.02042 1.49607 0.85719
0.02195 1.60744 0.92101
0.01851 1.35845 0.77834
0.01501 1.09896 0.62966
0.02091 1.53653 0.88038
0.01430 1.05149 0.60246
0.02583 1.90018 1.08874
0.01679 1.23791 0.70927
0.02339 1.71847 0.98462
0.01998 1.47365 0.84435
0.01664 1.22641 0.70268
0.01875 1.38272 0.79225
0.02144 1.58534 0.90834
0.01783 1.31610 0.75407
0.01944 1.43607 0.82282
0.01996 1.47723 0.84640
0.02049 1.51435 0.86766
0.01876 1.38945 0.79610
0.01920 1.42116 0.81427
0.02031 1.50756 0.86378
0.01983 1.47206 0.84343
0.02355 1.74845 1.00180
0.02227 1.66095 0.95166
0.01807 1.34675 0.77164
0.02120 1.58357 0.90733
0.01620 1.21719 0.69741
0.01707 1.28590 0.73677
0.01891 1.41998 0.81359
0.01739 1.31314 0.75238
0.01552 1.17470 0.67306
0.01814 1.37751 0.78926
0.01967 1.49892 0.85883
0.02007 1.52973 0.87648
0.01983 1.51625 0.86876
0.02316 1.77229 1.01546
0.01717 1.32236 0.75766
0.01720 1.32502 0.75919
0.01978 1.52437 0.87341
0.01982 1.52809 0.87554
0.01731 1.34033 0.76796
0.02732 2.11989 1.21463
0.00948 0.74186 0.42505
0.01431 1.11499 0.63885
0.01741 1.36345 0.78121
0.02597 2.03830 1.16788
0.01520 1.19814 0.68649
0.01603 1.25954 0.72167
0.01671 1.31597 0.75400
0.01650 1.30600 0.74829
0.01885 1.49456 0.85633
0.01993 1.58747 0.90956
0.02235 1.77547 1.01728
0.01634 1.30527 0.74787
0.01812 1.44695 0.82905
0.02271 1.82503 1.04568
0.01482 1.19668 0.68565
0.01389 1.11833 0.64076
0.01389 1.12347 0.64370
0.00906 0.73507 0.42117
0.01227 0.99943 0.57263
0.01168 0.96202 0.55120
0.02562 2.13022 1.22055
0.01329 1.12657 0.64548
0.01444 1.23969 0.71029
0.02984 2.59274 1.48557
0.01319 1.17521 0.67335
0.02019 1.82215 1.04403
0.01724 1.56800 0.89841
0.01486 1.35673 0.77735
0.01542 1.40722 0.80628
0.01450 1.32033 0.75650
0.02234 2.03859 1.16805
0.01422 1.31015 0.75067
0.01566 1.44606 0.82854
0.01241 1.14992 0.65886
0.01992 1.84754 1.05858
0.01322 1.23053 0.70504
0.01385 1.29496 0.74196
0.01835 1.72533 0.98855
0.01743 1.63976 0.93952
0.01886 1.78886 1.02496
0.01315 1.24801 0.71506
0.01266 1.19843 0.68665
0.02038 1.91841 1.09919
0.01760 1.64988 0.94532
0.01556 1.44800 0.82965
0.02061 1.91223 1.09564
0.01135 1.04932 0.60122
0.01419 1.30207 0.74604
0.01034 0.94398 0.54086
0.01407 1.28012 0.73346
0.01481 1.33919 0.76731
0.01548 1.39187 0.79749
0.01635 1.45751 0.83510
0.01530 1.35688 0.77744
0.01562 1.37480 0.78771
0.02224 1.95429 1.11975
0.02634 2.29990 1.31777
0.01971 1.70990 0.97971
0.02409 2.07121 1.18674
0.02249 1.92718 1.10421
0.02020 1.71580 0.98310
0.01761 1.48871 0.85298
0.01959 1.64386 0.94188
0.02047 1.70074 0.97446
0.01894 1.56573 0.89710
0.02221 1.82115 1.04346
0.02031 1.65337 0.94732
0.02512 2.03305 1.16487
0.02091 1.67734 0.96105
0.01977 1.57205 0.90073
0.02229 1.75229 1.00400
0.01595 1.24516 0.71343
0.01869 1.44387 0.82728
0.02495 1.91708 1.09842
0.01529 1.16815 0.66930
0.01858 1.40126 0.80287
0.02283 1.70890 0.97914
0.01705 1.27017 0.72776
0.02239 1.64616 0.94319
0.01549 1.13379 0.64962
0.02003 1.45796 0.83536
0.02200 1.58981 0.91090
0.01519 1.09402 0.62683
0.02052 1.46123 0.83723
0.01822 1.28928 0.73871
0.02451 1.72188 0.98657
0.02124 1.48698 0.85198
0.02293 1.59601 0.91446
0.01986 1.37626 0.78855
0.02178 1.51109 0.86580
0.02020 1.39946 0.80184
0.02373 1.64694 0.94364
0.02160 1.49954 0.85918
0.02322 1.61476 0.92520
0.03069 2.13614 1.22394
0.01877 1.30659 0.74862
0.01729 1.20521 0.69054
0.01881 1.30543 0.74796
0.01721 1.20042 0.68779
0.01782 1.24417 0.71286
0.01823 1.27676 0.73154
0.02519 1.77037 1.01436
0.01620 1.13718 0.65156
0.01822 1.28375 0.73554
0.01960 1.38571 0.79396
0.02321 1.64128 0.94040
0.01039 0.73560 0.42147
0.01406 0.99641 0.57091
0.02322 1.65735 0.94960
0.01766 1.26678 0.72581
0.01684 1.20891 0.69266
0.01823 1.30748 0.74914
0.01681 1.20649 0.69127
0.01923 1.38652 0.79442
0.01581 1.14484 0.65595
0.02054 1.49285 0.85535
0.02062 1.49997 0.85943
0.01746 1.27247 0.72907
0.01760 1.28724 0.73754
0.01730 1.26686 0.72586
0.01903 1.40295 0.80384
0.02024 1.48909 0.85319
0.02313 1.70932 0.97938
0.01798 1.33531 0.76508
0.02300 1.71156 0.98066
0.01970 1.47134 0.84302
0.01834 1.36810 0.78387
0.02164 1.62142 0.92901
0.02084 1.57209 0.90075
0.02197 1.66860 0.95605
0.02308 1.77485 1.01693
0.01992 1.55429 0.89055
0.02235 1.77452 1.01674
0.02341 1.89468 1.08559
0.02189 1.81084 1.03755
0.02143 1.81898 1.04221
0.02450 2.11754 1.21328
0.01913 1.69815 0.97298
0.01923 1.75624 1.00626
0.01616 1.52006 0.87094
0.01547 1.49163 0.85465
0.01915 1.91289 1.09602
0.01903 1.95903 1.12246
0.02048 2.18053 1.24938
0.01743 1.92969 1.10565
0.01903 2.17900 1.24850
0.01855 2.20721 1.26467
0.01631 2.01841 1.15648
0.01454 1.84837 1.05905
0.01301 1.68053 0.96288
0.01396 1.80262 1.03284
0.01848 2.39226 1.37069
0.01720 2.23185 1.27878
0.01591 2.06912 1.18554
0.01387 1.81900 1.04222
0.01110 1.45235 0.83214
0.01473 1.94397 1.11383
0.01119 1.48202 0.84914
0.00853 1.13482 0.65021
0.00978 1.30753 0.74917
0.00799 1.07215 0.61430
0.00881 1.18667 0.67992
0.00993 1.34683 0.77168
0.00737 0.99933 0.57258
0.00283 0.38232 0.21905
0.00676 0.90645 0.51936
0.00842 1.11732 0.64018
0.01107 1.46314 0.83833
0.01065 1.39978 0.80202
0.00922 1.20348 0.68955
0.01113 1.44940 0.83045
0.00408 0.52763 0.30231
0.00706 0.90252 0.51711
0.00432 0.54677 0.31327
0.01867 2.34187 1.34182
0.01215 1.52810 0.87555
0.01029 1.29313 0.74091
0.00972 1.21326 0.69515
0.01228 1.52131 0.87166
0.00762 0.92953 0.53258
0.01348 1.63787 0.93844
0.00781 0.94344 0.54056
0.01284 1.54424 0.88479
0.01471 1.75791 1.00722
0.00908 1.07475 0.61579
0.00869 1.01842 0.58351
0.01098 1.26528 0.72496
0.01391 1.58906 0.91048
0.01189 1.34327 0.76965
0.01158 1.29690 0.74307
0.01498 1.66002 0.95113
0.01394 1.53159 0.87754
0.01526 1.66061 0.95147
0.01014 1.09600 0.62797
0.01012 1.08544 0.62192
0.01172 1.25289 0.71786
0.01127 1.20133 0.68831
0.01408 1.50424 0.86187
0.00973 1.03898 0.59529
0.00844 0.90238 0.51703
0.01164 1.24560 0.71368
0.00518 0.55479 0.31787
0.00675 0.72390 0.41477
0.00537 0.57523 0.32958
0.00808 0.87070 0.49887
0.00614 0.66440 0.38068
0.00782 0.84845 0.48613
0.00901 0.97999 0.56150
0.01139 1.24375 0.71262
0.00866 0.94973 0.54416
0.00876 0.97361 0.55784
0.00885 1.00234 0.57430
0.01139 1.32272 0.75787
0.00820 0.97115 0.55643
0.01114 1.34173 0.76876
0.01062 1.28465 0.73606
0.01139 1.38006 0.79072
0.01031 1.25027 0.71635
0.01013 1.23524 0.70775
0.00966 1.18555 0.67927
0.01024 1.26048 0.72221
0.00904 1.11820 0.64068
0.00737 0.91133 0.52215
0.01045 1.30006 0.74488
0.00926 1.15843 0.66373
0.00934 1.17087 0.67086
0.01034 1.29874 0.74413
