0.00355 -0.04092 1.19871
0.00352 -0.01973 1.18543
-0.00244 -0.02243 1.19167
-0.00456 -0.02482 1.19181
-0.00518 -0.02543 1.19508
-0.00601 -0.03536 1.19031
-0.00762 -0.02979 1.19265
-0.01243 -0.00773 1.19164
-0.02664 -0.01676 1.19151
-0.03840 -0.03186 1.19087
-0.03471 -0.03737 1.19142
-0.02601 -0.03361 1.19124
-0.01987 -0.02914 1.19300
-0.02023 -0.03037 1.19080
-0.01574 -0.02516 1.19349
-0.01780 -0.03250 1.19537
-0.01881 -0.03489 1.19331
-0.01785 -0.02920 1.19435
-0.01728 -0.02937 1.19415
-0.02074 -0.03555 1.19386
-0.01683 -0.03263 1.19382
-0.01680 -0.02210 1.19639
-0.01796 -0.03557 1.19835
-0.01603 -0.03325 1.19525
-0.01460 -0.02653 1.19129
-0.01621 -0.03959 1.19938
-0.01872 -0.03064 1.20400
-0.01593 -0.02901 1.18839
-0.01763 -0.02638 1.19476
-0.01852 -0.03296 1.19776
-0.02094 -0.03067 1.19680
-0.01312 -0.02697 1.19780
-0.01372 -0.02647 1.19880
-0.01573 -0.02985 1.19713
-0.01722 -0.03529 1.19627
-0.01218 -0.03022 1.19733
-0.01422 -0.02277 1.20005
-0.01250 -0.03183 1.20002
-0.01068 -0.02881 1.20053
-0.01516 -0.03068 1.20514
-0.01137 -0.04335 1.20245
-0.00926 -0.03110 1.19864
-0.01070 -0.02478 1.20097
-0.01619 -0.03429 1.20085
-0.01390 -0.03386 1.20501
-0.01882 -0.03994 1.20337
-0.01830 -0.02356 1.20499
-0.01496 -0.03179 1.20730
-0.01915 -0.02957 1.20468
-0.01973 -0.03204 1.20572
-0.01746 -0.03309 1.20333
-0.01754 -0.03536 1.20326
-0.01518 -0.03339 1.20164
-0.01626 -0.02376 1.20009
-0.01713 -0.04195 1.20233
-0.01548 -0.04171 1.19679
-0.01660 -0.02809 1.19341
-0.01685 -0.03134 1.19415
-0.01555 -0.03425 1.19078
-0.01412 -0.02969 1.18981
-0.01189 -0.02774 1.18622
-0.01350 -0.02869 1.18519
-0.01530 -0.04732 1.17725
-0.00339 -0.02692 1.17514
-0.01304 -0.01238 1.17561
-0.01129 -0.03820 1.17788
-0.00968 -0.03946 1.17331
-0.01284 -0.02762 1.16581
-0.01175 -0.04185 1.16401
-0.00968 -0.02259 1.15889
-0.00965 -0.03157 1.15929
-0.01261 -0.02872 1.15951
-0.01453 -0.03347 1.15399
-0.01129 -0.03060 1.15285
-0.01068 -0.02732 1.14988
-0.01451 -0.02933 1.15046
-0.00973 -0.02600 1.15379
-0.01034 -0.02060 1.15559
-0.01185 -0.02838 1.15662
-0.01169 -0.02874 1.15646
-0.01051 -0.03925 1.15349
-0.01033 -0.03031 1.15903
-0.01042 -0.02048 1.16049
-0.01431 -0.02884 1.16885
-0.01566 -0.02453 1.17592
-0.01769 -0.02828 1.18192
-0.01884 -0.02844 1.18543
-0.01678 -0.01981 1.19267
-0.01913 -0.02557 1.19901
-0.01988 -0.02825 1.20016
-0.02156 -0.03259 1.20513
-0.01700 -0.01964 1.20747
-0.01845 -0.02678 1.21344
-0.01824 -0.02566 1.21598
-0.02125 -0.03046 1.21642
-0.01937 -0.03122 1.21873
-0.02089 -0.03356 1.22008
-0.02118 -0.03277 1.22292
-0.02062 -0.03467 1.22531
-0.01767 -0.02480 1.22828
-0.02229 -0.03158 1.23133
-0.02193 -0.03447 1.22964
-0.02225 -0.03170 1.24087
-0.02201 -0.03275 1.24024
-0.01939 -0.02169 1.24127
-0.02141 -0.02124 1.24607
-0.02432 -0.02172 1.24992
-0.01821 -0.04540 1.24898
-0.01745 -0.02602 1.25003
-0.01635 -0.02238 1.25539
-0.01360 -0.03150 1.25766
-0.01389 -0.02879 1.26223
-0.01555 -0.04392 1.26269
-0.00845 -0.03036 1.26309
-0.00806 -0.02010 1.26689
-0.01279 -0.03524 1.26700
-0.01274 -0.02883 1.27367
-0.01410 -0.02394 1.27534
-0.01881 -0.03358 1.27390
-0.01806 -0.04978 1.27191
-0.01371 -0.02065 1.27106
-0.01718 -0.04339 1.26935
-0.01251 -0.03029 1.26703
-0.01493 -0.03010 1.26583
-0.01507 -0.03191 1.26539
-0.01673 -0.03130 1.26382
-0.01791 -0.02763 1.26865
-0.01589 -0.03105 1.26349
-0.01963 -0.03001 1.26495
-0.01959 -0.03738 1.26335
-0.01867 -0.02937 1.26086
-0.01709 -0.02726 1.26445
-0.02034 -0.03233 1.26142
-0.01957 -0.03793 1.26018
-0.01940 -0.03850 1.26183
-0.02088 -0.03270 1.26408
-0.01995 -0.04106 1.26138
-0.01819 -0.03313 1.26242
-0.01921 -0.02813 1.26229
-0.01929 -0.02867 1.26510
-0.01820 -0.03176 1.26337
-0.02056 -0.03048 1.26615
-0.01928 -0.03121 1.26374
-0.02171 -0.03773 1.26396
-0.02212 -0.03084 1.26081
-0.01769 -0.03140 1.26758
-0.01805 -0.04138 1.26262
-0.01726 -0.02991 1.26033
-0.01578 -0.03564 1.26155
-0.01374 -0.02492 1.26181
-0.01565 -0.04426 1.26428
-0.01463 -0.03571 1.25674
-0.01929 -0.03228 1.24976
-0.01739 -0.02779 1.24948
-0.01647 -0.02595 1.24682
-0.01798 -0.03900 1.24673
-0.01585 -0.02855 1.24549
-0.01205 -0.03265 1.23908
-0.01397 -0.03945 1.23370
-0.01060 -0.03265 1.23091
-0.01266 -0.03885 1.22653
-0.01019 -0.03019 1.22079
-0.01097 -0.03128 1.21721
-0.01261 -0.03132 1.21279
-0.01229 -0.03355 1.20767
-0.01206 -0.02865 1.20147
-0.01294 -0.03432 1.19459
-0.01299 -0.03530 1.18761
-0.01144 -0.03046 1.17870
-0.01331 -0.03189 1.17024
-0.01233 -0.03276 1.15673
-0.01323 -0.02545 1.14279
-0.01582 -0.03796 1.12923
-0.01735 -0.03350 1.11163
-0.01485 -0.03706 1.09665
-0.01671 -0.03323 1.08391
-0.01705 -0.03018 1.07018
-0.01910 -0.03099 1.05901
-0.01639 -0.02621 1.04357
-0.01266 -0.02221 1.03721
-0.01747 -0.03554 1.02196
-0.01649 -0.03003 1.00360
-0.01632 -0.02781 0.98353
-0.01453 -0.02534 0.96626
-0.01561 -0.02906 0.94144
-0.01492 -0.03233 0.92020
-0.01411 -0.02565 0.89666
-0.01405 -0.03010 0.87418
-0.01496 -0.02801 0.85342
-0.01311 -0.02653 0.83016
-0.01650 -0.02709 0.81328
-0.01344 -0.01828 0.79428
-0.00972 -0.02354 0.77761
-0.00878 -0.02257 0.75817
-0.01001 -0.02451 0.74154
-0.00865 -0.02452 0.73094
-0.00738 -0.02185 0.72788
-0.00448 -0.02315 0.72315
-0.00981 -0.02158 0.72212
-0.00463 -0.01909 0.71802
-0.00650 -0.01879 0.71427
-0.00958 -0.02192 0.71084
-0.00620 -0.02107 0.70661
-0.00645 -0.01508 0.70340
-0.00607 -0.01492 0.69999
-0.00526 -0.02065 0.69623
-0.00754 -0.02027 0.69231
-0.00590 -0.02106 0.68786
-0.00510 -0.01547 0.68755
-0.00850 -0.01902 0.68852
-0.00453 -0.01821 0.69339
-0.00530 -0.01390 0.69624
-0.00776 -0.01742 0.70234
-0.00568 -0.01888 0.70301
-0.00684 -0.02234 0.70420
-0.00716 -0.01697 0.70800
-0.00708 -0.01599 0.71473
-0.00708 -0.01466 0.72182
-0.00898 -0.02168 0.72767
-0.00616 -0.01952 0.73358
-0.00928 -0.01586 0.74197
-0.00864 -0.01884 0.74590
-0.00333 -0.02381 0.75264
-0.00159 -0.01570 0.76090
-0.00587 -0.00290 0.77437
-0.01446 -0.01703 0.78383
-0.00467 -0.03623 0.78645
0.00362 -0.02633 0.79446
-0.00936 -0.01810 0.79476
-0.01212 -0.00303 0.80641
-0.01055 -0.01552 0.81781
-0.00526 -0.02242 0.82838
-0.00175 -0.02041 0.83538
-0.00058 -0.02332 0.83696
-0.00864 -0.02245 0.83925
-0.01228 -0.02688 0.83443
-0.00642 -0.02217 0.83746
-0.00915 -0.01764 0.83955
-0.00954 -0.01570 0.84328
-0.01289 -0.02664 0.84239
-0.01093 -0.02345 0.84024
-0.00969 -0.01901 0.84408
-0.00634 -0.02292 0.84432
-0.00263 -0.01883 0.84737
-0.00557 -0.02313 0.84902
-0.00750 -0.02194 0.84850
-0.00971 -0.01949 0.85369
-0.01028 -0.01798 0.85387
-0.01482 -0.02317 0.85612
-0.01617 -0.02623 0.85509
-0.01675 -0.02537 0.85295
-0.01525 -0.02082 0.85652
-0.01747 -0.02678 0.85300
-0.01635 -0.02368 0.85156
-0.01476 -0.01754 0.85007
-0.01399 -0.01780 0.84859
-0.01343 -0.01952 0.84566
-0.01266 -0.02659 0.83890
-0.01339 -0.02106 0.83346
-0.01199 -0.01698 0.82113
-0.01421 -0.02475 0.81322
-0.01138 -0.02069 0.80043
-0.01261 -0.02519 0.78398
-0.01248 -0.02294 0.76708
-0.01327 -0.02276 0.74957
-0.01157 -0.02355 0.73040
-0.01204 -0.02415 0.70779
-0.01483 -0.02706 0.68872
-0.02223 -0.02366 0.66706
-0.02203 -0.02104 0.65048
-0.02213 -0.02239 0.63799
-0.02350 -0.01742 0.62909
-0.03017 -0.01904 0.61213
-0.03653 -0.01654 0.60456
-0.03655 -0.01795 0.58009
-0.03810 -0.01655 0.57884
-0.04251 -0.01561 0.56719
-0.04678 -0.01307 0.54296
-0.04786 -0.01421 0.54658
-0.04837 -0.01308 0.53567
-0.05097 -0.01470 0.50454
-0.05693 -0.01410 0.51418
-0.05320 -0.01260 0.47998
-0.05628 -0.01259 0.49955
-0.05603 -0.01000 0.49582
-0.05719 -0.01298 0.45883
-0.05921 -0.00913 0.48496
-0.06161 -0.01009 0.48027
-0.06523 -0.01277 0.44448
-0.06748 -0.01153 0.47192
-0.06562 -0.00684 0.43504
-0.06550 -0.00964 0.46661
-0.07262 -0.00905 0.45736
-0.07442 -0.00938 0.42111
-0.09107 -0.01680 0.43974
-0.08989 -0.01482 0.43214
-0.07781 -0.00355 0.40564
-0.07926 -0.00389 0.41689
-0.07146 -0.00856 0.40460
-0.07663 -0.00938 0.41197
-0.07853 -0.01092 0.41527
-0.08070 -0.00445 0.42083
-0.07900 -0.00131 0.43313
-0.08577 -0.00583 0.43924
-0.08107 -0.00524 0.46245
-0.08057 -0.01033 0.46167
-0.08600 -0.01296 0.48872
-0.07885 -0.01383 0.48269
-0.08255 -0.01193 0.49217
-0.07860 -0.01187 0.53175
-0.07748 -0.00593 0.52170
-0.07252 -0.00445 0.56747
-0.06753 -0.00678 0.56228
-0.06283 -0.00973 0.58871
-0.06266 -0.01007 0.63074
-0.05395 -0.00817 0.63353
-0.05475 -0.01388 0.68205
-0.05651 -0.01729 0.67944
-0.06164 -0.01616 0.72385
-0.05737 -0.01204 0.72395
-0.06279 -0.00890 0.74866
-0.05723 -0.00202 0.79411
-0.06253 -0.00908 0.80070
-0.05843 -0.01655 0.84444
-0.05698 -0.00834 0.84662
-0.05697 -0.00742 0.89199
-0.05244 -0.01788 0.89527
-0.05430 -0.00904 0.92011
-0.05581 -0.01352 0.96388
-0.05448 -0.02796 0.96616
-0.05469 -0.00527 1.00144
-0.05161 -0.01129 1.01132
-0.05135 -0.01781 1.04146
-0.05127 -0.00843 1.07465
-0.05255 -0.02040 1.08933
-0.03678 -0.01008 1.11990
-0.05065 -0.01615 1.13695
-0.04454 -0.01132 1.16560
-0.04084 -0.02546 1.17857
-0.03979 -0.01967 1.19274
-0.03615 -0.01652 1.21093
-0.03299 -0.01576 1.22836
-0.02840 -0.03081 1.24926
-0.02278 -0.01961 1.26250
-0.02241 -0.01596 1.28181
-0.01722 -0.02132 1.29659
-0.01484 -0.02146 1.30975
-0.01526 -0.02065 1.32478
-0.01519 -0.01747 1.33369
-0.01366 -0.02587 1.33434
-0.01344 -0.02486 1.33341
-0.01720 -0.04105 1.32880
-0.01601 -0.03786 1.34179
-0.01712 -0.03628 1.33983
-0.01517 -0.03056 1.34216
-0.01488 -0.02647 1.34712
-0.01369 -0.03979 1.34954
-0.01727 -0.04149 1.35145
-0.01668 -0.03208 1.35028
-0.01898 -0.03753 1.35682
-0.01792 -0.03320 1.35179
-0.01579 -0.02201 1.35855
-0.02034 -0.03306 1.36762
-0.01465 -0.03192 1.36836
-0.01492 -0.02397 1.37429
-0.01846 -0.02733 1.37339
-0.02239 -0.03450 1.38370
-0.01960 -0.03912 1.38048
-0.02404 -0.03096 1.38435
-0.02008 -0.01855 1.38949
-0.02228 -0.03987 1.39251
-0.02297 -0.02590 1.39852
-0.02583 -0.02792 1.40071
-0.02544 -0.03823 1.40064
-0.02374 -0.03205 1.40365
-0.02016 -0.04060 1.40426
-0.02137 -0.03291 1.41222
-0.01924 -0.02493 1.41691
-0.01783 -0.03600 1.42010
-0.01920 -0.02821 1.42336
-0.02298 -0.02592 1.42447
-0.01818 -0.04442 1.42958
-0.02075 -0.02578 1.42848
-0.02273 -0.03576 1.43676
-0.02132 -0.02956 1.43939
-0.02446 -0.04435 1.44140
-0.02073 -0.03340 1.44087
-0.01846 -0.02377 1.44725
-0.02290 -0.04986 1.45103
-0.01707 -0.02286 1.45409
-0.02224 -0.02179 1.46090
-0.02345 -0.04495 1.46322
-0.01662 -0.02783 1.46346
-0.01963 -0.04696 1.46316
-0.01602 -0.02792 1.45960
-0.01750 -0.03891 1.46880
-0.02164 -0.03106 1.46440
-0.01758 -0.03983 1.46096
-0.02114 -0.02839 1.45998
-0.01759 -0.03726 1.45558
-0.02064 -0.04505 1.45580
-0.01715 -0.04544 1.45235
-0.01636 -0.03024 1.44867
-0.01967 -0.04889 1.44785
-0.01669 -0.03108 1.44206
-0.01823 -0.03991 1.44381
-0.01449 -0.03212 1.43984
-0.01212 -0.04862 1.43664
-0.01324 -0.04031 1.43047
-0.01325 -0.04829 1.42520
-0.01833 -0.03214 1.42455
-0.01244 -0.03856 1.41329
-0.01415 -0.03869 1.40752
-0.01257 -0.03589 1.39200
-0.01656 -0.04298 1.38095
-0.01392 -0.03646 1.36427
-0.01729 -0.04582 1.34448
-0.01245 -0.03995 1.32046
-0.01355 -0.03289 1.30477
-0.01852 -0.05241 1.28215
-0.01538 -0.04159 1.25959
-0.01791 -0.04214 1.23173
-0.01911 -0.03790 1.20970
-0.02065 -0.04110 1.18347
-0.02024 -0.03879 1.15985
-0.01753 -0.03133 1.13297
-0.01531 -0.03270 1.10934
-0.01796 -0.03716 1.08095
-0.01800 -0.04146 1.05102
-0.01454 -0.03713 1.02884
-0.01325 -0.04044 1.00031
-0.01520 -0.02713 0.97603
-0.01312 -0.03132 0.94872
-0.01451 -0.03067 0.92206
-0.01556 -0.02325 0.90030
-0.01360 -0.02836 0.87789
-0.01540 -0.03229 0.86183
-0.01353 -0.03633 0.84451
-0.01069 -0.02440 0.83146
-0.00880 -0.02113 0.81863
-0.01385 -0.02520 0.80102
-0.01609 -0.03591 0.78183
-0.00738 -0.02175 0.76755
-0.00951 -0.02008 0.75922
-0.01070 -0.02044 0.75052
-0.00954 -0.02190 0.74258
-0.00839 -0.03245 0.73341
-0.00754 -0.02398 0.72119
-0.00736 -0.02514 0.71397
-0.00745 -0.02296 0.70819
-0.00967 -0.03210 0.70373
-0.00609 -0.02259 0.70064
-0.01253 -0.02020 0.69896
-0.00961 -0.01970 0.69700
-0.01274 -0.01460 0.69579
0.00156 -0.02257 0.69513
-0.00934 -0.03325 0.68762
-0.01837 -0.01703 0.67987
-0.02128 -0.02194 0.68190
0.00245 -0.00368 0.68508
-0.01571 -0.01060 0.69722
-0.02169 -0.02574 0.70773
-0.02090 -0.00232 0.72256
-0.01833 -0.02159 0.73175
-0.01463 -0.02050 0.74096
-0.01689 -0.02529 0.75129
-0.01421 -0.00918 0.76322
-0.01583 -0.00539 0.78263
-0.01966 -0.01670 0.80148
-0.01435 -0.02073 0.81854
-0.01409 -0.02081 0.83512
-0.01304 -0.02307 0.84823
-0.01361 -0.01231 0.86684
-0.01328 -0.01776 0.88212
-0.01214 -0.01428 0.89971
-0.01102 -0.00985 0.92071
-0.01653 -0.01525 0.93707
-0.01592 -0.01723 0.95736
-0.01308 -0.02166 0.97100
-0.01502 -0.02707 0.98600
-0.01523 -0.01241 1.00301
-0.01252 -0.01550 1.02198
-0.01615 -0.01357 1.04158
-0.01630 -0.02648 1.05746
-0.01790 -0.01680 1.07203
-0.01843 -0.02957 1.08995
-0.00801 -0.00227 1.10572
-0.00868 -0.00558 1.13277
-0.01527 -0.02630 1.15295
-0.01313 -0.02574 1.16673
-0.01296 -0.01588 1.17474
-0.01660 -0.01547 1.19458
-0.01429 -0.02291 1.21220
-0.01532 -0.03646 1.22568
-0.01147 -0.01596 1.24143
-0.01369 -0.01885 1.25776
-0.01766 -0.03349 1.27696
-0.01118 -0.01675 1.28628
-0.01559 -0.01128 1.30476
-0.02131 -0.04597 1.31640
-0.01101 -0.01795 1.32200
-0.01346 0.00210 1.34562
-0.01612 -0.02845 1.37297
-0.01577 -0.02757 1.38654
-0.01912 -0.02422 1.39609
-0.01604 -0.01927 1.40411
-0.02383 -0.02739 1.42727
-0.01645 -0.02351 1.44315
-0.01380 -0.02388 1.45649
-0.01651 -0.02229 1.47068
-0.02035 -0.03184 1.47340
-0.02208 -0.02524 1.47594
-0.02023 -0.04021 1.47413
-0.01869 -0.03789 1.47257
-0.02107 -0.04066 1.46767
-0.01780 -0.03813 1.46927
-0.02064 -0.03786 1.46752
-0.02283 -0.02927 1.46969
-0.02045 -0.05130 1.46414
-0.01716 -0.03647 1.46311
-0.01620 -0.02871 1.47084
-0.01994 -0.04302 1.46963
-0.02176 -0.04400 1.46731
-0.02321 -0.05017 1.46206
-0.02104 -0.02796 1.45359
-0.02736 -0.03786 1.45789
-0.02257 -0.03906 1.45608
-0.02529 -0.03528 1.45371
-0.02036 -0.03347 1.45542
-0.02392 -0.04391 1.45000
-0.02209 -0.04745 1.44701
-0.01875 -0.03494 1.43815
-0.02013 -0.02817 1.43890
-0.02078 -0.03997 1.43886
-0.01678 -0.03239 1.43607
-0.01671 -0.04630 1.43659
-0.02162 -0.03258 1.42800
-0.02244 -0.04243 1.42652
-0.02376 -0.04406 1.42523
-0.01754 -0.04132 1.41947
-0.02185 -0.03259 1.41672
-0.01976 -0.04044 1.42282
-0.02040 -0.03999 1.41677
-0.01894 -0.03608 1.41010
-0.01801 -0.03828 1.40701
-0.02100 -0.03589 1.40386
-0.01794 -0.03724 1.39754
-0.01863 -0.02923 1.39174
-0.01807 -0.03900 1.38381
-0.01526 -0.03097 1.38412
-0.01646 -0.04429 1.37966
-0.01706 -0.04541 1.37497
-0.02009 -0.03155 1.37058
-0.02389 -0.02798 1.36710
-0.02519 -0.02463 1.37339
-0.02358 -0.04815 1.36786
-0.01877 -0.02211 1.36571
-0.01285 -0.03697 1.36436
-0.01346 -0.03536 1.35884
-0.01872 -0.03946 1.36326
-0.01475 -0.04480 1.36102
-0.01787 -0.02244 1.36302
-0.01856 -0.03948 1.36699
-0.01840 -0.02931 1.37207
-0.01787 -0.03886 1.37306
-0.01856 -0.03247 1.37694
-0.01690 -0.03289 1.37860
-0.01538 -0.03055 1.38406
-0.01973 -0.03769 1.38934
-0.01699 -0.02627 1.39112
-0.02208 -0.03383 1.39798
-0.02160 -0.04426 1.39428
-0.02247 -0.03306 1.39736
-0.01797 -0.02936 1.40356
-0.01984 -0.03830 1.40774
-0.02604 -0.04098 1.40463
-0.02439 -0.02773 1.40894
-0.02144 -0.03477 1.41028
-0.02412 -0.03597 1.41932
-0.01672 -0.03273 1.42020
-0.01878 -0.03114 1.42042
-0.02271 -0.03520 1.42240
-0.02218 -0.03751 1.41968
-0.01698 -0.01099 1.42755
-0.02790 -0.04794 1.43167
-0.01931 -0.03594 1.42498
-0.01748 -0.02538 1.42301
-0.01768 -0.03002 1.42370
-0.02104 -0.04228 1.42395
-0.01949 -0.03793 1.42073
-0.01794 -0.03134 1.41639
-0.01907 -0.03770 1.41657
-0.01858 -0.03416 1.41470
-0.01905 -0.05068 1.40805
-0.01595 -0.02114 1.40211
-0.01971 -0.03661 1.40536
-0.01584 -0.04036 1.40717
-0.02086 -0.02810 1.40592
-0.01985 -0.03935 1.40227
-0.01591 -0.02667 1.40197
-0.02136 -0.04451 1.40374
-0.01653 -0.03416 1.39503
-0.01702 -0.02147 1.40162
-0.02013 -0.03583 1.40230
-0.01598 -0.03859 1.39892
-0.01889 -0.03184 1.39907
-0.01520 -0.03566 1.39840
-0.01862 -0.02903 1.40193
-0.01537 -0.03453 1.39897
-0.01824 -0.03028 1.39976
-0.01469 -0.03777 1.39540
-0.01483 -0.03003 1.39199
-0.01904 -0.05164 1.39486
-0.01758 -0.02454 1.38845
-0.02047 -0.03811 1.38453
-0.02062 -0.03651 1.38638
-0.01842 -0.03056 1.38061
-0.02075 -0.03989 1.37954
-0.02093 -0.04449 1.36934
-0.02223 -0.03832 1.36631
-0.02244 -0.02954 1.36002
-0.01969 -0.02232 1.36355
-0.01865 -0.04417 1.36258
-0.01878 -0.04003 1.35393
-0.01438 -0.03275 1.34886
-0.01691 -0.04708 1.34201
-0.01558 -0.03319 1.34340
-0.01813 -0.04302 1.33700
-0.01687 -0.02641 1.33293
-0.01468 -0.03805 1.33516
-0.01755 -0.03908 1.32316
-0.01753 -0.03464 1.32361
-0.01716 -0.02756 1.32094
-0.01883 -0.03937 1.31727
-0.01903 -0.02949 1.31291
-0.01554 -0.03854 1.30668
-0.01747 -0.03280 1.30606
-0.01414 -0.03575 1.30190
-0.01535 -0.03905 1.29889
-0.01732 -0.03742 1.29331
-0.01685 -0.04210 1.28627
-0.01470 -0.04000 1.28946
-0.01500 -0.02104 1.28283
-0.01696 -0.04613 1.28239
-0.01714 -0.03424 1.27589
-0.01741 -0.03114 1.27134
-0.02000 -0.03522 1.27008
-0.01983 -0.03536 1.26289
-0.01898 -0.02990 1.25766
-0.02027 -0.03777 1.25405
-0.01983 -0.03154 1.24922
-0.01878 -0.03317 1.24027
-0.01637 -0.03962 1.23015
-0.01469 -0.03089 1.22180
-0.01728 -0.02893 1.21401
-0.01514 -0.03075 1.20518
-0.01561 -0.03917 1.19744
-0.01388 -0.03549 1.18469
-0.01496 -0.03645 1.17432
-0.01230 -0.02579 1.16339
-0.01431 -0.02908 1.15287
-0.01579 -0.03781 1.13684
-0.01462 -0.03336 1.11731
-0.01119 -0.03230 1.09621
-0.01835 -0.02238 1.07996
-0.01211 -0.04304 1.05916
-0.01143 -0.03348 1.03231
-0.01419 -0.03040 1.00843
-0.01101 -0.03338 0.98012
-0.00834 -0.02376 0.95463
-0.00909 -0.03425 0.92461
-0.01502 -0.03417 0.89539
-0.01816 -0.03223 0.86826
-0.01981 -0.02526 0.83339
-0.02652 -0.02863 0.80745
-0.02719 -0.02640 0.78063
-0.03287 -0.02014 0.75497
-0.04332 -0.02208 0.72674
-0.04576 -0.02680 0.70515
-0.05117 -0.03119 0.67460
-0.05456 -0.03352 0.63994
-0.05685 -0.01932 0.62409
-0.05978 -0.01478 0.60576
-0.06516 -0.00878 0.56771
-0.06950 -0.01833 0.56808
-0.06998 -0.01734 0.52975
-0.07430 -0.01343 0.54430
-0.07995 -0.01224 0.53813
-0.08004 -0.00907 0.50748
-0.08112 -0.01858 0.52697
-0.09194 -0.01899 0.51763
-0.08411 -0.00780 0.49091
-0.08676 -0.00304 0.50627
-0.09127 -0.01334 0.48240
-0.09454 -0.01787 0.49109
-0.08947 -0.00755 0.48613
-0.08700 -0.01545 0.47096
-0.08115 -0.00981 0.47681
-0.08263 -0.01021 0.47118
-0.08491 -0.00962 0.46922
-0.08729 -0.00101 0.47181
-0.08953 -0.00123 0.48127
-0.07629 -0.00046 0.48681
-0.08186 -0.00595 0.49114
-0.08976 -0.02151 0.50412
-0.09074 -0.02368 0.49738
-0.09149 -0.01901 0.51381
-0.08643 -0.00490 0.50765
-0.08173 -0.00657 0.52160
-0.08386 -0.00361 0.55600
-0.08092 -0.01087 0.54564
-0.09605 -0.02833 0.57804
-0.09041 -0.01838 0.56429
-0.07994 -0.01316 0.57886
-0.08047 -0.00476 0.61622
-0.07498 -0.00440 0.61115
-0.08746 -0.01140 0.65193
-0.08649 -0.01711 0.63911
-0.07679 -0.00559 0.65352
-0.07714 -0.01712 0.69715
-0.07203 -0.01550 0.69131
-0.07283 -0.01268 0.72679
-0.06942 -0.01056 0.73470
-0.05661 -0.00664 0.77076
-0.05288 -0.00909 0.78634
-0.05151 -0.01736 0.80896
-0.04099 -0.00812 0.83484
-0.04285 -0.01590 0.85257
-0.03619 -0.01469 0.87554
-0.03297 -0.01501 0.89388
-0.02436 -0.01050 0.91622
-0.02664 -0.01405 0.93544
-0.02162 -0.01140 0.95846
-0.01499 -0.01187 0.97686
-0.01945 -0.01298 0.99717
-0.01471 -0.02225 1.01332
-0.01481 -0.01213 1.03091
-0.01767 -0.00893 1.05150
-0.01956 -0.01678 1.06989
-0.01452 -0.02495 1.08673
-0.01851 -0.02185 1.10431
-0.01645 -0.01414 1.12122
-0.01313 -0.01608 1.13933
-0.02029 -0.02789 1.15521
-0.01538 -0.02799 1.16751
-0.01153 -0.01861 1.18813
-0.01218 -0.01629 1.20336
-0.01275 -0.02190 1.21959
-0.01287 -0.03156 1.23072
-0.01183 -0.01723 1.24282
-0.01295 -0.01797 1.26036
-0.01225 -0.02840 1.28055
-0.01528 -0.01340 1.29387
-0.01849 -0.03417 1.30870
-0.01971 -0.01712 1.31931
-0.02076 -0.02859 1.33406
-0.01985 -0.02611 1.35461
-0.01510 -0.01924 1.36820
-0.02389 -0.03525 1.37970
-0.01910 -0.01174 1.39284
-0.02118 -0.03734 1.40915
-0.01934 -0.02371 1.42348
-0.02255 -0.01888 1.43622
-0.01943 -0.03174 1.45361
-0.01925 -0.01636 1.47159
-0.02039 -0.03442 1.47858
-0.01554 -0.01419 1.50344
-0.01523 -0.02906 1.51035
-0.01546 -0.03543 1.51327
-0.01743 -0.03565 1.51061
-0.02347 -0.04160 1.50871
-0.01915 -0.04002 1.50576
-0.01599 -0.04978 1.50218
-0.01331 -0.03468 1.50611
-0.01389 -0.03362 1.49947
-0.01631 -0.04799 1.51221
-0.01176 -0.04250 1.50438
-0.01483 -0.04266 1.50346
-0.01525 -0.03046 1.50294
-0.01617 -0.04725 1.50214
-0.01693 -0.03585 1.50475
-0.01906 -0.03636 1.50191
-0.02113 -0.05425 1.49461
-0.01991 -0.03781 1.49256
-0.02255 -0.02930 1.48715
-0.02151 -0.04510 1.49280
-0.02440 -0.04362 1.49065
-0.01617 -0.03157 1.48192
-0.01916 -0.02486 1.48382
-0.01823 -0.05297 1.47880
-0.02033 -0.04975 1.47934
-0.01774 -0.02145 1.46981
-0.02205 -0.03937 1.47175
-0.02435 -0.04132 1.47543
-0.02030 -0.04365 1.46656
-0.01960 -0.03768 1.46234
-0.02230 -0.04966 1.46083
-0.01931 -0.03760 1.45798
-0.02175 -0.04621 1.45523
-0.01820 -0.03581 1.45329
-0.01512 -0.03759 1.45125
-0.01459 -0.04209 1.44923
-0.01424 -0.03777 1.44255
-0.01267 -0.03630 1.44630
-0.01281 -0.04650 1.44206
-0.01474 -0.04525 1.43897
-0.01733 -0.04013 1.43431
-0.01577 -0.03238 1.43447
-0.02261 -0.03951 1.43250
-0.01722 -0.03883 1.43093
-0.01667 -0.03535 1.42744
-0.01775 -0.04887 1.42134
-0.01692 -0.03999 1.41951
-0.01173 -0.02372 1.41635
-0.01722 -0.05224 1.42068
-0.01425 -0.03710 1.40786
-0.01427 -0.02967 1.40412
-0.01981 -0.03976 1.40313
-0.01466 -0.03417 1.40141
-0.01771 -0.03702 1.39764
-0.01395 -0.03049 1.39702
-0.01522 -0.03626 1.39326
-0.01908 -0.04352 1.38364
-0.01670 -0.03310 1.38340
-0.01918 -0.04466 1.37826
-0.02155 -0.02613 1.37640
-0.02260 -0.04236 1.37221
-0.02040 -0.02299 1.36957
-0.02412 -0.04133 1.37049
-0.01781 -0.04114 1.36574
-0.01751 -0.03712 1.36448
-0.01958 -0.04238 1.36445
-0.01939 -0.02794 1.36230
-0.01560 -0.03749 1.36556
-0.02069 -0.03972 1.35989
-0.01428 -0.02548 1.35983
-0.02298 -0.04082 1.35869
-0.01632 -0.02626 1.35619
-0.01990 -0.04280 1.36005
-0.01952 -0.03054 1.35546
-0.01635 -0.03087 1.35604
-0.01988 -0.03661 1.35508
-0.01781 -0.04538 1.35171
-0.01789 -0.03143 1.35417
-0.01613 -0.03911 1.35284
-0.01783 -0.03529 1.35049
-0.01605 -0.03615 1.35250
-0.01627 -0.03158 1.34955
-0.01662 -0.03944 1.35004
-0.01811 -0.03261 1.34688
-0.01985 -0.03218 1.34631
-0.02016 -0.04282 1.34625
-0.02163 -0.03475 1.34034
-0.01756 -0.02871 1.34143
-0.01704 -0.03920 1.33797
-0.01475 -0.03743 1.33066
-0.01287 -0.03936 1.32683
-0.01594 -0.04102 1.33131
-0.01495 -0.03343 1.32395
-0.01358 -0.03333 1.32037
-0.01614 -0.03106 1.31642
-0.01533 -0.03723 1.31144
-0.01728 -0.03415 1.31140
-0.01892 -0.02565 1.30726
-0.02031 -0.04344 1.30589
-0.01765 -0.03454 1.29809
-0.02362 -0.02954 1.29750
-0.02089 -0.03700 1.29680
-0.02026 -0.04022 1.29652
-0.02021 -0.02916 1.29082
-0.02080 -0.05112 1.28737
-0.01101 -0.02905 1.27804
-0.02047 -0.02869 1.28264
-0.02109 -0.03331 1.27660
-0.02116 -0.04793 1.27304
-0.02039 -0.02913 1.26852
-0.01800 -0.03428 1.27198
-0.01849 -0.03585 1.26917
-0.01915 -0.03129 1.26319
-0.01907 -0.03939 1.26035
-0.02081 -0.03324 1.25460
-0.01863 -0.04197 1.25776
-0.01725 -0.02840 1.25114
-0.01945 -0.03111 1.25177
-0.01846 -0.04650 1.24318
-0.01834 -0.03014 1.23795
-0.01708 -0.03572 1.24181
-0.01696 -0.03437 1.23585
-0.01284 -0.02767 1.23184
-0.01204 -0.03169 1.22704
-0.01251 -0.02714 1.21408
-0.01416 -0.04950 1.20182
-0.00492 -0.02801 1.17912
-0.01207 -0.02186 1.16422
-0.01478 -0.05161 1.14948
-0.00986 -0.03137 1.12224
-0.01467 -0.03921 1.10713
-0.01103 -0.03466 1.09873
-0.00747 -0.02919 1.09486
-0.00744 -0.02643 1.09550
-0.00847 -0.02021 1.09778
-0.01333 -0.03608 1.09540
-0.00954 -0.03265 1.08510
-0.01151 -0.02996 1.08236
-0.01162 -0.02187 1.07895
-0.01236 -0.03675 1.07726
-0.01068 -0.02497 1.07391
-0.01219 -0.02282 1.06891
-0.01629 -0.02752 1.06328
-0.01442 -0.03124 1.06222
-0.00990 -0.04007 1.05328
-0.01438 -0.02785 1.05328
-0.01644 -0.01427 1.05607
-0.02049 -0.03444 1.06175
-0.02323 -0.02392 1.06634
-0.02359 -0.01836 1.07417
-0.02537 -0.03232 1.07725
-0.02012 -0.01951 1.08168
-0.02390 -0.02293 1.08953
-0.01963 -0.02371 1.09510
-0.02056 -0.02779 1.09882
-0.01709 -0.02900 1.10540
-0.01561 -0.01710 1.11166
-0.01219 -0.02541 1.12151
-0.00829 -0.02540 1.12694
-0.00599 -0.02692 1.13548
-0.00977 -0.03161 1.13743
-0.01213 -0.03306 1.14486
-0.00737 -0.02526 1.15240
-0.00781 -0.03156 1.16252
-0.00696 -0.02867 1.16637
-0.00775 -0.01768 1.17696
-0.00658 -0.02718 1.18275
-0.00962 -0.02760 1.19115
-0.01436 -0.02443 1.20334
-0.01686 -0.02446 1.20912
-0.02121 -0.02561 1.21911
-0.01576 -0.02125 1.22806
-0.01532 -0.04036 1.23495
-0.01494 -0.01499 1.24615
-0.01340 -0.01366 1.25748
-0.01402 -0.03128 1.27167
-0.01224 -0.01694 1.28067
-0.01528 -0.02574 1.29387
-0.02046 -0.03624 1.30104
-0.01535 -0.02017 1.30905
-0.02023 -0.02475 1.32587
-0.02277 -0.03446 1.33513
-0.01803 -0.01272 1.34232
-0.02651 -0.03526 1.35959
-0.02365 -0.02966 1.36583
-0.02561 -0.03245 1.37289
-0.02673 -0.03370 1.38284
-0.01881 -0.02772 1.38776
-0.02398 -0.02758 1.40413
-0.02119 -0.02328 1.41293
-0.02419 -0.03468 1.42257
-0.02111 -0.01803 1.42835
-0.02339 -0.03300 1.43585
-0.02033 -0.02663 1.44296
-0.02287 -0.03222 1.44092
-0.01951 -0.02495 1.44304
-0.02186 -0.04251 1.43991
-0.02204 -0.03611 1.43984
-0.02451 -0.03806 1.43752
-0.02611 -0.05018 1.43564
-0.01984 -0.03564 1.43637
-0.01722 -0.03523 1.43387
-0.01820 -0.03209 1.44072
-0.01672 -0.03665 1.43347
-0.01708 -0.03498 1.43214
-0.01807 -0.03906 1.42753
-0.02078 -0.04807 1.42195
-0.01629 -0.03357 1.42440
-0.01591 -0.04007 1.41846
-0.01439 -0.04191 1.41386
-0.01413 -0.04579 1.41332
-0.00678 -0.02521 1.41198
-0.01199 -0.03396 1.41067
-0.01745 -0.04787 1.40033
-0.01891 -0.03492 1.39387
-0.01754 -0.03727 1.39267
-0.01783 -0.02724 1.39359
-0.01664 -0.03583 1.39248
-0.01699 -0.03880 1.38601
-0.01548 -0.03598 1.38005
-0.01793 -0.04130 1.37523
-0.01930 -0.04121 1.37422
-0.01748 -0.03632 1.37187
-0.01859 -0.03199 1.36676
-0.01681 -0.03806 1.36493
-0.01950 -0.03534 1.35617
-0.01903 -0.02914 1.35873
-0.01912 -0.04544 1.35232
-0.01592 -0.03499 1.34615
-0.01953 -0.04055 1.34295
-0.01583 -0.03407 1.33829
-0.01629 -0.03272 1.34015
-0.01917 -0.03847 1.33410
-0.01845 -0.03842 1.32510
-0.02061 -0.03564 1.31611
-0.01937 -0.03374 1.29970
-0.01733 -0.03259 1.28100
-0.01728 -0.03796 1.25908
-0.02101 -0.03844 1.23504
-0.01906 -0.04327 1.20777
-0.01880 -0.03260 1.17773
-0.01973 -0.03873 1.15619
-0.01725 -0.03789 1.12546
-0.01645 -0.03825 1.09407
-0.01629 -0.03526 1.06214
-0.01500 -0.03497 1.03648
-0.01976 -0.03554 1.00013
-0.01576 -0.02513 0.97114
-0.01646 -0.03486 0.93838
-0.01499 -0.03386 0.90225
-0.01760 -0.03164 0.87238
-0.01513 -0.03398 0.83958
-0.01568 -0.03065 0.80731
-0.01422 -0.02706 0.78615
-0.01005 -0.02003 0.77395
-0.00902 -0.01710 0.77401
-0.01097 -0.02309 0.77208
-0.00688 -0.01772 0.77053
-0.00529 -0.01400 0.76893
-0.00636 -0.02086 0.76225
-0.00881 -0.01842 0.76383
-0.00926 -0.02416 0.75706
-0.00767 -0.01693 0.75450
-0.00706 -0.01813 0.75136
-0.00945 -0.01932 0.74767
-0.01043 -0.01822 0.74534
-0.00729 -0.02312 0.74243
-0.00762 -0.02519 0.73676
-0.00926 -0.02078 0.73670
-0.00906 -0.01523 0.74113
-0.00923 -0.01677 0.74582
-0.01227 -0.01729 0.75330
-0.01280 -0.01992 0.75645
-0.01394 -0.01990 0.76041
-0.01181 -0.02081 0.76607
-0.00767 -0.02404 0.76724
-0.00210 -0.01376 0.77312
-0.00306 -0.01350 0.78215
-0.01282 -0.00749 0.79004
-0.00722 -0.03279 0.79669
-0.00307 -0.02688 0.79461
-0.00908 -0.02084 0.79514
-0.01237 -0.00893 0.80101
-0.00914 -0.02188 0.80674
-0.00584 -0.00970 0.81946
-0.00446 -0.02539 0.82231
-0.00071 -0.01822 0.82812
-0.00638 -0.02575 0.83135
-0.01255 -0.02732 0.83633
-0.00951 -0.01679 0.84452
-0.00757 -0.01225 0.85350
-0.01052 -0.01382 0.86752
-0.01240 -0.02313 0.87526
-0.01151 -0.02110 0.88480
-0.01074 -0.01984 0.89289
-0.01167 -0.01588 0.90193
-0.01040 -0.01815 0.90973
-0.01125 -0.01804 0.91881
-0.00978 -0.01580 0.92530
-0.01138 -0.01812 0.93247
-0.01432 -0.01833 0.93507
-0.01442 -0.02304 0.93811
-0.01675 -0.02916 0.93570
-0.01444 -0.02614 0.93588
-0.01618 -0.02457 0.93530
-0.01437 -0.03109 0.93350
-0.01473 -0.01733 0.93398
-0.01671 -0.01958 0.93237
-0.01342 -0.02450 0.93317
-0.01379 -0.01624 0.92741
-0.01364 -0.02501 0.92435
-0.01491 -0.02369 0.92154
-0.01473 -0.02314 0.91865
-0.01470 -0.02839 0.91511
-0.01544 -0.02280 0.91104
-0.01643 -0.01978 0.89898
-0.01450 -0.02562 0.88278
-0.01691 -0.03019 0.86022
-0.01749 -0.02125 0.84359
-0.01706 -0.02707 0.83001
-0.01473 -0.02454 0.82625
-0.01429 -0.02648 0.82454
-0.01280 -0.02417 0.82399
-0.00977 -0.02497 0.81991
-0.01148 -0.02388 0.81471
-0.01122 -0.01662 0.81205
-0.01073 -0.01627 0.80792
-0.00771 -0.02158 0.80865
-0.01209 -0.02007 0.80339
-0.01073 -0.01807 0.79930
-0.01269 -0.02048 0.79735
-0.01211 -0.01520 0.79602
