0.02460 19.32647 11.09056
0.01762 12.31794 7.06213
0.01130 6.86272 3.93282
0.01368 7.65569 4.38746
0.01599 8.27766 4.74410
0.02866 13.76488 7.89294
0.03626 16.48140 9.45387
0.03312 14.14388 8.11062
0.02769 11.13395 6.38258
0.02175 8.19859 4.69876
0.01693 6.26237 3.58866
0.02650 9.50277 5.44674
0.01662 5.64239 3.23328
0.02727 8.91763 5.11112
0.01919 6.03580 3.45878
0.06671 20.04523 11.50439
0.02625 7.57154 4.33921
0.02330 6.35981 3.64452
0.03406 8.88565 5.09278
0.09660 23.84303 13.69362
0.08096 18.96672 10.88349
0.02633 5.86363 3.36009
0.01419 2.99821 1.71791
0.02423 4.89903 2.80722
0.03118 6.02793 3.45427
0.01569 2.89171 1.65688
0.04111 7.22115 4.13831
0.03274 5.51111 3.15804
0.06063 9.73963 5.58260
0.03946 6.10450 3.49817
0.02328 3.46781 1.98701
0.02247 3.22584 1.84835
0.01913 2.67131 1.53059
0.02216 3.00042 1.71918
0.01360 1.79698 1.02961
0.00755 0.97530 0.55881
0.03062 3.86716 2.21585
0.03363 4.20583 2.40994
0.02010 2.49519 1.42968
0.01226 1.51390 0.86741
0.04425 5.46202 3.12989
0.02746 3.36460 1.92787
0.04191 5.11068 2.92852
0.02811 3.41701 1.95790
0.01289 1.55744 0.89236
0.02200 2.65288 1.52003
0.00220 0.26275 0.15055
0.03183 3.80243 2.17876
0.03072 3.66281 2.09876
0.01632 1.94050 1.11184
0.03180 3.77877 2.16520
0.03262 3.87154 2.21837
0.02670 3.16300 1.81234
0.01870 2.22261 1.27349
0.04576 5.41788 3.10460
0.01036 1.21658 0.69706
0.01628 1.92766 1.10449
0.00993 1.18852 0.68097
0.04700 5.66234 3.24472
0.02540 3.07440 1.76157
0.02710 3.25361 1.86427
0.04323 5.18561 2.97147
0.02231 2.67418 1.53224
0.01246 1.49283 0.85534
0.01950 2.35218 1.34773
0.02675 3.25264 1.86371
0.10516 12.94890 7.42437
0.04298 5.34465 3.06262
0.02553 3.18882 1.82714
0.03490 4.34366 2.48893
0.00865 1.07457 0.61569
0.02377 2.93310 1.68060
0.03213 3.90440 2.23720
0.03023 3.60353 2.06478
0.02775 3.23407 1.85307
0.00755 0.86166 0.49369
0.02237 2.50826 1.43716
0.02397 2.63812 1.51158
0.02866 3.09875 1.77553
0.01490 1.58070 0.90568
0.01837 1.91128 1.09510
0.04938 5.05635 2.89738
0.00635 0.64095 0.36724
0.01256 1.25393 0.71846
0.01403 1.37952 0.79041
0.00645 0.62711 0.35931
0.01903 1.83940 1.05391
0.00244 0.23425 0.13421
0.01040 1.00087 0.57346
0.01821 1.75634 1.00632
0.00748 0.72261 0.41403
0.00979 0.94667 0.54240
0.06190 5.99882 3.43759
0.02046 1.99213 1.14143
0.02282 2.22466 1.27466
0.02031 1.98473 1.13718
0.01856 1.82828 1.04754
0.02664 2.63390 1.50916
0.02045 2.03227 1.16443
0.00477 0.47304 0.27103
0.01054 1.05124 0.60232
0.00555 0.55768 0.31953
0.05204 5.26595 3.01752
0.02188 2.22691 1.27595
0.02676 2.72572 1.56177
0.02029 2.07820 1.19074
0.00784 0.80512 0.46130
0.01073 1.09651 0.62826
0.02861 2.93098 1.67939
0.02545 2.62612 1.50470
0.02482 2.60448 1.49230
0.02627 2.76915 1.58665
0.00628 0.66006 0.37819
0.02692 2.82752 1.62010
0.04266 4.48691 2.57103
0.03309 3.48552 1.99716
0.02709 2.85398 1.63526
0.02308 2.45241 1.40516
0.02900 3.08265 1.76630
0.02420 2.57966 1.47808
0.01987 2.12728 1.21887
0.06188 6.64872 3.81014
0.01813 1.94546 1.11468
0.02642 2.82696 1.61978
0.01414 1.52324 0.87276
0.01564 1.68045 0.96284
0.00739 0.79501 0.45551
0.03204 3.47162 1.98919
0.00755 0.81465 0.46676
0.02516 2.73290 1.56589
0.04307 4.69916 2.69267
0.03546 3.90386 2.23689
0.03798 4.17039 2.38963
0.00432 0.47060 0.26963
0.02427 2.64772 1.51708
0.01891 2.08175 1.19278
0.08733 9.68432 5.55088
0.01699 1.88249 1.07860
0.03526 3.89466 2.23162
0.05070 5.59405 3.20557
0.02852 3.15853 1.80978
0.02803 3.09192 1.77161
0.07918 8.70743 4.99057
0.03925 4.34581 2.49016
0.04797 5.33158 3.05513
0.02462 2.74552 1.57312
0.04327 4.84736 2.77761
0.01310 1.46370 0.83865
0.02831 3.15154 1.80577
0.04477 4.96464 2.84482
0.02836 3.14144 1.79998
0.02131 2.38409 1.36602
0.02532 2.82855 1.62069
0.01734 1.93678 1.10971
0.02912 3.23852 1.85562
0.03966 4.41879 2.53199
0.07146 7.97169 4.56865
0.11081 12.36911 7.09150
0.07915 8.83693 5.06484
0.02985 3.32918 1.90757
0.01366 1.52438 0.87341
0.03694 4.12480 2.36351
0.00633 0.70906 0.40626
0.01236 1.37532 0.78801
0.01071 1.19519 0.68480
0.00719 0.80571 0.46164
0.03451 3.86863 2.21670
0.03205 3.61055 2.06881
0.03899 4.37843 2.50885
0.03925 4.41112 2.52759
0.01989 2.23826 1.28246
0.01854 2.07465 1.18871
0.02297 2.59731 1.48819
0.03373 3.85990 2.21169
0.01290 1.47997 0.84797
0.02040 2.33557 1.33821
0.01286 1.47318 0.84408
0.03408 3.91898 2.24556
0.01561 1.81039 1.03729
0.01137 1.32427 0.75876
0.02982 3.49700 2.00374
0.02421 2.84804 1.63186
0.03127 3.69868 2.11931
0.04940 5.90199 3.38208
0.02022 2.40129 1.37587
0.04627 5.55412 3.18268
0.05296 6.32215 3.62293
0.05513 6.69181 3.83484
0.02075 2.54517 1.45831
0.09409 11.60373 6.65218
0.02300 2.84520 1.63024
0.08211 10.12640 5.80448
0.01410 1.75087 1.00319
0.00911 1.14381 0.65536
0.01812 2.28182 1.30742
0.02013 2.53745 1.45389
0.00904 1.15629 0.66251
0.02997 3.86841 2.21657
0.01709 2.23472 1.28043
0.02274 2.98611 1.71098
0.01637 2.13079 1.22088
0.01329 1.72296 0.98720
0.01829 2.39700 1.37341
0.04801 6.40229 3.66887
0.02156 2.89581 1.65924
0.01756 2.34327 1.34263
0.02243 2.95264 1.69180
0.00204 0.26956 0.15445
0.01447 1.91344 1.09634
0.02040 2.72005 1.55852
0.02498 3.34304 1.91551
0.01207 1.60171 0.91772
0.01978 2.64169 1.51362
0.03499 4.67620 2.67951
0.00814 1.09019 0.62463
0.01428 1.94073 1.11197
0.01228 1.67639 0.96051
0.03118 4.28053 2.45275
0.02189 3.03162 1.73706
0.01897 2.64802 1.51725
0.01291 1.79017 1.02571
0.00700 0.97383 0.55797
0.03352 4.71872 2.70388
0.02008 2.86256 1.64018
0.02083 2.98618 1.71102
0.03728 5.37736 3.08137
0.02978 4.32867 2.48034
0.04008 5.84232 3.34788
0.01992 2.92451 1.67568
0.02331 3.45372 1.97894
0.02318 3.47132 1.98902
0.00578 0.87972 0.50404
0.02709 4.13139 2.36728
0.01463 2.28917 1.31163
0.02894 4.51164 2.58520
0.01730 2.72048 1.55877
0.01758 2.76319 1.58324
0.01434 2.27329 1.30253
0.02287 3.67720 2.10700
0.01860 3.02683 1.73431
0.01485 2.44547 1.40119
0.02689 4.40655 2.52497
0.00814 1.32250 0.75774
0.02907 4.62344 2.64927
0.02283 3.61591 2.07188
0.00940 1.48739 0.85222
0.02116 3.40074 1.94858
0.02074 3.34857 1.91868
0.02222 3.58141 2.05211
0.01963 3.14214 1.80039
0.01544 2.45836 1.40857
0.04852 7.58649 4.34778
0.03788 5.89427 3.37765
0.01635 2.53027 1.44978
0.01993 3.07383 1.76124
0.01788 2.76507 1.58432
0.01463 2.26120 1.29560
0.03217 4.95807 2.84106
0.03259 4.96976 2.84776
0.03760 5.63721 3.23031
0.01846 2.72958 1.56398
0.01523 2.25953 1.29464
0.01412 2.09308 1.19927
0.01014 1.47494 0.84508
0.01616 2.34296 1.34245
0.02412 3.42125 1.96033
0.01296 1.81287 1.03871
0.02259 3.18352 1.82410
0.02662 3.69850 2.11921
0.01961 2.68324 1.53743
0.04048 5.42831 3.11058
0.01834 2.45334 1.40570
0.01296 1.72551 0.98866
0.01008 1.34199 0.76891
0.01154 1.53237 0.87799
0.00313 0.41653 0.23866
0.01322 1.76820 1.01312
0.02982 3.98807 2.28515
0.02229 2.99529 1.71624
0.02036 2.73098 1.56478
0.00222 0.29541 0.16926
0.01082 1.44668 0.82890
0.02224 2.97300 1.70347
0.01443 1.92904 1.10528
0.00281 0.37808 0.21662
0.04811 6.45545 3.69934
0.02478 3.35521 1.92248
0.00897 1.20668 0.69138
0.01394 1.87446 1.07400
0.03214 4.29658 2.46195
0.01912 2.55850 1.46595
0.01146 1.54342 0.88432
0.00898 1.20653 0.69129
0.00401 0.53955 0.30914
0.00461 0.61288 0.35115
0.02621 3.49934 2.00508
0.02349 3.11127 1.78270
0.01818 2.39418 1.37180
0.01360 1.78706 1.02392
0.02934 3.84446 2.20285
0.01620 2.11398 1.21124
0.02070 2.67173 1.53083
0.01994 2.56866 1.47177
0.01181 1.50642 0.86312
0.01144 1.46203 0.83769
0.01623 2.06380 1.18249
0.03682 4.67394 2.67822
0.00706 0.89481 0.51269
0.01034 1.30597 0.74827
0.00456 0.57254 0.32804
0.03506 4.41354 2.52897
0.01463 1.82763 1.04717
0.01111 1.38656 0.79445
0.01100 1.37601 0.78840
0.02661 3.35014 1.91958
0.03447 4.36899 2.50345
0.01656 2.09410 1.19985
0.01154 1.45043 0.83104
0.02109 2.66574 1.52740
0.04002 5.13097 2.94015
0.05262 6.74629 3.86607
0.02670 3.40268 1.94969
0.01394 1.75452 1.00528
0.06971 8.70855 4.99121
0.05366 6.67610 3.82583
0.03911 4.86075 2.78528
0.01486 1.85641 1.06366
0.06802 8.60693 4.93293
0.04106 5.18980 2.97387
0.01790 2.25811 1.29383
0.03702 4.66634 2.67386
0.04816 6.08074 3.48454
0.02641 3.30912 1.89607
0.02255 2.80064 1.60470
0.02897 3.59107 2.05764
0.02237 2.75826 1.58042
0.02766 3.40594 1.95155
0.02433 2.97658 1.70552
0.00707 0.87039 0.49870
0.04834 6.05202 3.46808
0.01981 2.48138 1.42176
0.01993 2.50415 1.43481
0.01187 1.46281 0.83814
0.01633 2.00005 1.14596
0.01273 1.56822 0.89854
0.02180 2.68643 1.53926
0.01859 2.27352 1.30266
0.00955 1.16313 0.66643
0.02414 2.95418 1.69268
0.01602 1.96235 1.12436
0.02870 3.52515 2.01986
0.02072 2.54637 1.45900
0.01150 1.40821 0.80685
0.02289 2.79898 1.60375
0.03004 3.66542 2.10025
0.05167 6.32191 3.62279
0.02631 3.22906 1.85020
0.06745 8.28427 4.74790
0.04114 5.07146 2.90605
0.03356 4.10801 2.35388
0.03576 4.37065 2.50440
0.01317 1.60679 0.92063
0.02605 3.19743 1.83207
0.01647 2.00385 1.14814
0.00280 0.33979 0.19469
0.01652 2.00534 1.14899
0.02205 2.68535 1.53864
0.02527 3.09646 1.77421
0.01885 2.31121 1.32426
0.01757 2.14219 1.22741
0.01697 2.07306 1.18780
0.02550 3.12897 1.79284
0.04030 4.96306 2.84391
0.03476 4.27790 2.45124
0.00888 1.08289 0.62046
0.04334 5.30911 3.04225
0.01366 1.67371 0.95897
0.03663 4.50893 2.58365
0.01556 1.91768 1.09877
0.03779 4.61478 2.64431
0.00782 0.95571 0.54758
0.03579 4.33926 2.48641
0.01259 1.52269 0.87244
0.02784 3.35806 1.92412
0.03480 4.22515 2.42101
0.02665 3.24983 1.86210
0.02863 3.51000 2.01118
0.04710 5.71699 3.27604
0.01418 1.70197 0.97517
0.01286 1.52589 0.87428
0.01804 2.14446 1.22871
0.01007 1.18613 0.67960
0.01058 1.23735 0.70895
0.01824 2.12600 1.21813
0.03404 3.95400 2.26562
0.01933 2.23465 1.28039
0.01824 2.09768 1.20190
0.00886 1.02494 0.58725
0.01005 1.15406 0.66123
0.03451 3.96371 2.27119
0.03350 3.81232 2.18443
0.01022 1.15307 0.66066
0.02945 3.30026 1.89099
0.00671 0.74440 0.42651
0.00250 0.27438 0.15721
0.03516 3.87865 2.22244
0.08544 9.46536 5.42528
0.04006 4.47045 2.56159
0.04167 4.68289 2.68334
0.03647 4.08515 2.34078
0.02408 2.68774 1.54001
0.04757 5.25260 3.00986
0.04123 4.48789 2.57159
0.06148 6.64843 3.80997
0.03513 3.79396 2.17391
0.03068 3.31539 1.89967
0.08711 8.84695 5.07059
0.14522 14.40130 8.25848
0.12162 12.03822 6.90157
0.07266 7.36362 4.22000
0.05073 5.17319 2.96435
0.06426 6.54540 3.75091
0.02719 2.77551 1.59030
0.08135 8.25295 4.72993
0.09270 9.41424 5.39595
0.03382 3.44347 1.97306
0.02679 2.77878 1.59217
0.03998 4.09645 2.34726
0.03871 3.99534 2.28931
0.02659 2.73043 1.56447
0.01936 2.00675 1.14980
0.02400 2.47683 1.41915
0.02054 2.13356 1.22247
0.02754 2.86228 1.64002
0.02029 2.11189 1.21005
0.03348 3.52019 2.01702
0.02805 2.92905 1.67828
0.03060 3.21582 1.84261
0.02429 2.55135 1.46186
0.03797 4.01716 2.30182
0.00986 1.04038 0.59609
0.02158 2.27013 1.30072
0.03536 3.72207 2.13271
0.03921 4.13595 2.36990
0.03422 3.60742 2.06701
0.03622 3.84794 2.20484
0.04595 4.88361 2.79838
0.03682 3.94093 2.25813
0.02090 2.22316 1.27381
0.00467 0.49430 0.28321
0.02023 2.12873 1.21969
0.01306 1.36854 0.78412
0.00694 0.72937 0.41790
0.03273 3.44136 1.97185
0.05897 6.19191 3.54827
0.02589 2.70177 1.54805
0.01466 1.52151 0.87177
0.02191 2.26877 1.29994
0.01713 1.76711 1.01249
0.00328 0.33475 0.19180
0.01672 1.70626 0.97762
0.03598 3.70723 2.12421
0.02429 2.50562 1.43565
0.06180 6.34711 3.63724
0.02746 2.79665 1.60242
0.01696 1.71538 0.98285
0.02006 2.02755 1.16172
0.03135 3.15646 1.80859
0.01167 1.17267 0.67189
0.01634 1.63389 0.93616
0.02899 2.90181 1.66268
0.01858 1.85114 1.06064
0.03112 3.09413 1.77288
0.00971 0.96192 0.55114
0.00402 0.39846 0.22830
0.01090 1.07194 0.61418
0.02162 2.13328 1.22230
0.01848 1.82296 1.04449
0.03259 3.20978 1.83915
0.03706 3.67029 2.10304
0.02264 2.24176 1.28446
0.01425 1.40893 0.80726
0.01643 1.61515 0.92543
0.01045 1.02476 0.58715
0.01314 1.28780 0.73786
0.02799 2.76530 1.58445
0.02579 2.56226 1.46811
0.03854 3.82697 2.19282
0.01932 1.91466 1.09704
0.01622 1.59370 0.91313
0.00832 0.81906 0.46929
0.03863 3.80077 2.17781
0.03471 3.41133 1.95464
0.01281 1.26561 0.72514
0.02551 2.51596 1.44158
0.01899 1.88182 1.07822
0.02306 2.27031 1.30082
0.02739 2.69363 1.54338
0.00672 0.66404 0.38047
0.01890 1.86362 1.06779
0.02494 2.46454 1.41212
0.00783 0.77179 0.44221
0.00862 0.84936 0.48665
0.01144 1.13062 0.64780
0.01323 1.31019 0.75069
0.00531 0.52749 0.30223
0.00793 0.79102 0.45322
0.01989 1.99005 1.14023
0.00618 0.62089 0.35574
0.02704 2.72597 1.56191
0.01104 1.12327 0.64359
0.02889 2.97063 1.70211
0.01844 1.91716 1.09847
0.01227 1.29102 0.73971
0.03016 3.21787 1.84379
0.02264 2.44746 1.40232
0.02859 3.13263 1.79494
0.01462 1.63456 0.93655
0.00330 0.37621 0.21555
0.00374 0.43564 0.24961
0.00611 0.72615 0.41605
0.01071 1.29950 0.74457
0.01219 1.51089 0.86568
0.00846 1.06540 0.61043
0.01377 1.75708 1.00674
0.00523 0.67779 0.38835
0.00983 1.29548 0.74226
0.01134 1.51937 0.87055
0.01427 1.93528 1.10885
0.01364 1.88445 1.07973
0.02691 3.79764 2.17602
0.02383 3.39888 1.94751
0.02554 3.65042 2.09165
0.00947 1.34849 0.77263
0.01551 2.17150 1.24420
0.03515 4.88325 2.79818
0.00796 1.09833 0.62930
0.02094 2.86562 1.64194
0.01822 2.50143 1.43325
0.02115 2.88584 1.65352
0.02940 4.01433 2.30020
0.01134 1.53690 0.88059
0.01299 1.73840 0.99604
0.01334 1.76466 1.01109
0.03629 4.67419 2.67836
0.03086 3.91784 2.24490
0.04262 5.40181 3.09538
0.01158 1.47038 0.84247
0.00574 0.72679 0.41642
0.01276 1.60751 0.92104
0.01493 1.85357 1.06203
0.00211 0.26220 0.15023
0.04659 5.75971 3.30053
0.02248 2.81102 1.61065
0.02494 3.14883 1.80422
0.01452 1.83937 1.05390
0.02958 3.76868 2.15942
0.01766 2.27345 1.30262
0.01424 1.84723 1.05840
0.03224 4.24253 2.43097
0.01302 1.72355 0.98753
0.00831 1.11667 0.63981
0.03507 4.80707 2.75451
0.02854 3.96209 2.27026
0.01812 2.53512 1.45256
0.00799 1.12754 0.64604
0.01995 2.77743 1.59140
0.01725 2.45218 1.40503
0.01888 2.65378 1.52055
0.03389 4.73957 2.71583
0.02085 2.94272 1.68612
0.02621 3.58500 2.05416
0.02635 3.61781 2.07297
0.05284 7.05459 4.04282
0.03170 4.19439 2.40338
0.03246 4.30635 2.46755
0.01756 2.30790 1.32236
0.00476 0.62367 0.35734
0.02047 2.66500 1.52698
0.01381 1.78309 1.02165
0.00855 1.11274 0.63756
0.03444 4.54507 2.60436
0.01050 1.39349 0.79842
0.03903 5.16357 2.95884
0.02551 3.27397 1.87593
0.02648 3.33668 1.91186
0.02301 2.91904 1.67254
0.01441 1.88023 1.07731
0.01103 1.48637 0.85163
0.06823 9.06677 5.19666
0.04207 5.49565 3.14917
0.04679 6.07643 3.48207
0.01602 2.12388 1.21692
0.01392 1.90280 1.09024
0.01788 2.49543 1.42981
0.02430 3.40488 1.95094
0.00651 0.91596 0.52481
0.02087 2.98262 1.70898
0.02214 3.22458 1.84763
0.02807 4.14795 2.37677
0.02735 4.10313 2.35108
0.01653 2.49548 1.42984
0.01380 2.11068 1.20935
0.04584 7.05556 4.04338
0.01860 2.93364 1.68091
0.03646 5.80674 3.32748
0.01456 2.42977 1.39219
0.02151 3.74057 2.14331
0.01099 1.96829 1.12777
0.00897 1.68095 0.96312
0.00897 1.73259 0.99271
0.01131 2.30103 1.31842
0.02581 5.65980 3.24326
0.00403 0.93510 0.53577
0.00394 0.96962 0.55555
0.01752 4.63019 2.65314
0.03131 8.52228 4.88438
0.03559 10.11791 5.79961
0.04159 12.34390 7.07703
0.02601 8.07553 4.62819
0.03072 10.07762 5.77650
0.02788 9.72569 5.57461
0.05163 19.45211 11.16289
0.03391 13.71466 7.86409
0.02555 11.32235 6.49070
0.02823 13.98159 8.01740
0.02768 15.61187 8.95405
0.01534 9.61548 5.51139
0.03539 23.37912 13.42594
0.02149 14.27677 8.18695
0.01027 6.72339 3.85295
0.02893 18.39121 10.55229
0.04260 27.82106 15.99215
0.02285 15.45742 8.86529
0.02532 17.23349 9.88632
0.04044 27.47947 15.79454
0.09116 60.81140 35.40288
0.13634 83.85253 49.57609
0.09659 54.44639 31.59425
0.03480 17.76617 10.19270
0.05544 25.79231 14.81918
0.09596 42.40021 24.47929
0.03929 16.74710 9.60663
0.10179 41.05284 23.68993
0.00142 0.56475 0.32358
0.04627 17.49890 10.03897
0.04922 18.15656 10.41729
0.03137 11.52687 6.60807
0.03707 12.77316 7.32347
0.02537 8.40953 4.81973
0.02681 8.87878 5.08884
0.25823 78.93647 46.49233
0.15131 44.66031 25.80605
0.02806 8.33074 4.77454
0.02557 6.98066 4.00044
0.00437 1.20420 0.68996
0.04019 10.20107 5.84732
0.00182 0.44576 0.25540
0.04429 10.80770 6.19537
0.01246 2.82493 1.61862
0.03486 7.58936 4.34943
0.06779 14.45330 8.28835
0.06814 13.71993 7.86712
0.05869 11.58484 6.64134
0.07255 13.61131 7.80474
0.05623 10.18589 5.83861
0.03062 5.48847 3.14506
0.02490 4.32706 2.47942
0.01062 1.78663 1.02368
0.03052 5.05636 2.89739
0.01599 2.54724 1.45950
0.02618 4.09720 2.34769
0.02578 3.84395 2.20256
0.03392 4.93695 2.82895
0.03403 4.83263 2.76916
0.04355 6.06587 3.47602
0.05277 7.21398 4.13421
0.05088 6.82100 3.90890
0.01842 2.41962 1.38637
0.01243 1.60441 0.91927
0.01563 1.97737 1.13297
0.03548 4.41122 2.52765
0.02434 2.96646 1.69972
0.02045 2.45594 1.40719
0.03695 4.37119 2.50470
0.00500 0.58453 0.33491
0.01850 2.14545 1.22927
0.03678 4.18494 2.39797
0.03357 3.79311 2.17342
0.02356 2.62249 1.50262
0.02651 2.91388 1.66959
0.03637 3.93157 2.25277
0.02022 2.15398 1.23416
0.02094 2.20808 1.26516
0.01005 1.04783 0.60036
0.00896 0.92634 0.53076
0.01321 1.34523 0.77077
0.02030 2.04553 1.17202
0.00529 0.52624 0.30151
0.00743 0.73139 0.41905
0.01700 1.65800 0.94997
0.02118 2.03714 1.16721
0.02814 2.68246 1.53698
0.04296 4.08220 2.33909
0.02957 2.82223 1.61707
0.02807 2.65264 1.51990
0.02511 2.36213 1.35343
0.03375 3.13774 1.79787
0.03102 2.88382 1.65236
0.14772 13.65967 7.83251
0.07824 7.23440 4.14591
0.09476 8.77173 5.02744
0.08748 7.99801 4.58374
0.10946 10.02310 5.74522
0.58211 53.54239 31.05632
0.14717 13.46163 7.71878
0.01957 1.79172 1.02659
0.02231 2.00832 1.15070
0.01941 1.74668 1.00079
0.03693 3.38236 1.93804
0.02899 2.61791 1.50000
0.00891 0.81696 0.46809
0.08906 8.03441 4.60462
0.04535 4.08706 2.34188
0.02845 2.61883 1.50052
0.06035 5.42208 3.10701
0.02475 2.26605 1.29838
0.06431 5.77703 3.31045
0.02859 2.56226 1.46811
0.06286 5.65999 3.24337
0.01724 1.52560 0.87411
0.03920 3.47832 1.99303
0.05888 5.25766 3.01277
0.04156 3.65879 2.09645
0.06102 5.38572 3.08616
0.04352 3.81239 2.18447
0.03267 2.86116 1.63938
0.02755 2.40294 1.37682
0.01318 1.14898 0.65832
0.02216 1.92456 1.10271
0.05281 4.56177 2.61393
0.02028 1.73353 0.99325
0.01706 1.44451 0.82765
0.03256 2.72817 1.56317
0.04245 3.53704 2.02668
0.06105 5.06507 2.90238
0.05697 4.72181 2.70565
0.07885 6.45649 3.69994
0.03489 2.83991 1.62720
0.04120 3.32088 1.90281
0.10950 8.77887 5.03154
0.04662 3.72650 2.13525
0.02449 1.93988 1.11149
0.02526 1.98456 1.13709
0.00706 0.55422 0.31754
0.03322 2.58410 1.48062
0.00781 0.60413 0.34614
0.08237 6.33004 3.62745
0.02440 1.86475 1.06844
0.03954 2.96093 1.69655
0.03474 2.58563 1.48150
0.03712 2.74748 1.57424
0.02563 1.89410 1.08525
0.03586 2.62928 1.50651
0.06254 4.56559 2.61612
0.05127 3.72435 2.13402
0.02574 1.86236 1.06707
0.03242 2.33201 1.33617
0.02864 2.05159 1.17550
0.01622 1.15467 0.66158
0.03115 2.20601 1.26397
0.03069 2.16708 1.24167
0.07029 4.91776 2.81796
0.04269 2.98215 1.70871
0.04160 2.88011 1.65024
0.03460 2.38843 1.36850
0.02345 1.60923 0.92203
0.02382 1.62924 0.93350
0.00960 0.65060 0.37277
0.01878 1.27233 0.72900
0.01437 0.96698 0.55404
0.03367 2.25737 1.29341
0.01317 0.87387 0.50069
0.01974 1.31458 0.75320
0.05275 3.52164 2.01786
0.05161 3.43262 1.96684
0.03875 2.57496 1.47538
0.04079 2.69890 1.54640
0.01145 0.75476 0.43245
0.05224 3.44619 1.97462
0.05145 3.38930 1.94202
0.01086 0.71454 0.40940
0.00465 0.30616 0.17542
0.06196 4.06124 2.32708
0.00883 0.58115 0.33298
0.02527 1.66391 0.95336
0.01447 0.95427 0.54676
0.02741 1.80553 1.03451
0.04488 2.96071 1.69642
0.02725 1.80275 1.03291
0.00495 0.32843 0.18818
0.04571 3.03024 1.73626
0.02930 1.94282 1.11317
0.05234 3.47423 1.99069
0.08893 5.91873 3.39168
0.01433 0.95603 0.54777
0.01312 0.87120 0.49916
0.01000 0.66455 0.38076
0.03108 2.06799 1.18489
0.04309 2.86696 1.64270
0.02680 1.78278 1.02147
0.01775 1.18252 0.67754
0.01286 0.85553 0.49018
0.06637 4.43159 2.53932
0.04903 3.27428 1.87611
0.01731 1.15770 0.66332
0.02933 1.95997 1.12300
0.04298 2.89225 1.65720
0.07030 4.76507 2.73044
0.01832 1.24259 0.71196
0.05745 3.92483 2.24890
0.03580 2.46152 1.41038
0.01750 1.21313 0.69508
0.06722 4.67706 2.68000
0.01285 0.89947 0.51536
0.04167 2.93826 1.68356
0.00931 0.66007 0.37819
0.01899 1.35996 0.77921
0.01869 1.35408 0.77584
0.02654 1.95871 1.12227
0.00639 0.47830 0.27405
0.01572 1.20137 0.68834
0.03938 3.07425 1.76148
0.04828 3.87089 2.21799
0.02648 2.16111 1.23825
0.02424 2.01465 1.15433
0.01696 1.45514 0.83374
0.05796 5.12078 2.93431
0.04030 3.67167 2.10383
0.04626 4.34923 2.49212
0.03625 3.54084 2.02886
0.03379 3.41505 1.95677
0.03959 4.20282 2.40821
0.02862 3.17533 1.81941
0.03730 4.32377 2.47753
0.03819 4.67590 2.67934
0.02832 3.64277 2.08727
0.02382 3.22589 1.84838
0.04617 6.64795 3.80970
0.01335 1.99719 1.14432
0.01409 2.18586 1.25243
0.04312 7.27599 4.16976
0.02631 4.20036 2.40681
0.03641 6.51929 3.73594
0.01960 3.18665 1.82589
0.02727 4.42276 2.53426
0.03991 7.58877 4.34909
0.03530 5.92224 3.39369
0.07308 14.84932 8.51587
0.05275 9.21573 5.28209
0.08337 17.37411 9.96720
0.03643 6.76214 3.87516
0.03510 6.52306 3.73810
0.07887 16.45578 9.43914
0.02947 5.57827 3.19653
0.09426 19.10564 10.96344
0.02873 5.45440 3.12553
0.05139 9.74932 5.58816
0.08808 17.03106 9.76991
0.05867 11.09898 6.36251
0.05146 9.47179 5.42897
0.04563 8.34749 4.78415
0.07176 12.95555 7.42818
0.09396 15.94216 9.14389
0.04109 7.35264 4.21370
0.07986 12.93981 7.41915
0.04930 8.65224 4.95891
0.02799 4.75601 2.72525
0.11623 17.44240 10.00647
0.03096 5.01609 2.87431
0.03617 5.66768 3.24778
0.07705 10.98145 6.29507
0.04260 6.37920 3.65563
0.04569 6.64026 3.80529
0.06165 8.43581 4.83480
0.01315 1.81585 1.04042
0.01308 1.76157 1.00932
0.02643 3.48524 1.99700
0.02818 3.72541 2.13463
0.02065 2.61390 1.49770
0.01419 1.79891 1.03072
0.00998 1.26424 0.72436
0.01543 1.90141 1.08945
0.02053 2.53962 1.45513
0.02378 2.91796 1.67192
0.03125 3.75865 2.15367
0.01637 2.00813 1.15059
0.03565 4.25521 2.43824
0.00297 0.36053 0.20657
0.02570 3.05683 1.75150
0.00591 0.69213 0.39656
0.01175 1.38785 0.79519
0.00250 0.29229 0.16747
0.02371 2.70588 1.55040
0.02565 2.89968 1.66145
0.01710 1.91686 1.09830
0.01789 1.99430 1.14267
0.02096 2.33817 1.33970
0.07757 8.51179 4.87837
0.04736 5.17670 2.96636
0.06547 7.01388 4.01948
0.01447 1.53610 0.88013
0.02972 3.13298 1.79514
0.01790 1.87914 1.07668
0.02085 2.17304 1.24509
0.02625 2.68588 1.53894
0.01671 1.69283 0.96993
0.01027 1.02725 0.58857
0.02971 2.93792 1.68336
0.00991 0.97444 0.55831
0.02542 2.49692 1.43067
0.02922 2.88162 1.65110
0.02744 2.70529 1.55006
0.03890 3.84076 2.20073
0.01728 1.70023 0.97417
0.05042 4.98252 2.85507
0.01255 1.25011 0.71627
0.01525 1.51781 0.86965
0.00476 0.47644 0.27298
0.03920 3.97454 2.27739
0.03198 3.26307 1.86968
0.02795 2.88731 1.65437
0.01834 1.88862 1.08211
0.00763 0.79056 0.45296
0.04126 4.31220 2.47090
0.01768 1.86264 1.06723
0.02491 2.66144 1.52494
0.01701 1.83436 1.05102
0.05102 5.57162 3.19271
0.01064 1.16554 0.66781
0.02490 2.77444 1.58969
0.03040 3.43247 1.96676
0.04113 4.74600 2.71951
0.03400 4.00079 2.29244
0.04627 5.53792 3.17340
0.02464 3.02843 1.73523
0.04685 5.93513 3.40108
0.03223 4.20001 2.40660
0.01257 1.69064 0.96868
0.01886 2.62455 1.50380
0.00683 0.98439 0.56401
0.00844 1.27187 0.72873
0.00496 0.78142 0.44772
0.00451 0.74630 0.42760
0.05025 8.78197 5.03332
0.01278 2.39809 1.37403
0.01337 2.66615 1.52763
0.01664 3.54163 2.02931
0.01809 4.14738 2.37645
0.02004 4.88505 2.79921
0.01320 3.52957 2.02240
0.01599 4.61751 2.64587
0.01313 4.15263 2.37945
0.02013 6.98321 4.00190
0.02206 8.37315 4.79887
0.00400 1.62998 0.93392
0.00550 2.46082 1.40998
0.02862 13.19301 7.56453
0.02946 13.95783 8.00376
0.01536 7.40998 4.24658
0.01492 7.18759 4.11907
0.01070 5.12545 2.93699
0.00978 4.80357 2.75251
0.01513 7.48019 4.28683
0.01761 8.64526 4.95491
0.01744 8.63309 4.94793
0.00871 4.22518 2.42103
0.00192 0.97020 0.55589
0.00609 3.13339 1.79538
0.00222 1.20192 0.68865
0.00265 1.45312 0.83258
0.00975 5.34876 3.06498
0.00844 4.75933 2.72715
0.00838 4.86531 2.78789
0.00350 2.13167 1.22138
0.01267 8.19320 4.69567
0.00594 4.03550 2.31233
0.00353 2.45527 1.40680
0.00798 5.65939 3.24302
0.00782 5.49906 3.15113
0.01219 8.74316 5.01106
0.00415 2.82383 1.61799
0.00575 3.97586 2.27815
0.00975 7.21993 4.13762
0.00446 3.43678 1.96923
0.00110 0.84462 0.48393
0.00386 2.94893 1.68967
0.00681 5.06703 2.90350
0.01453 10.36819 5.94320
0.01823 12.12463 6.95116
0.01888 11.85648 6.79725
0.02215 12.46513 7.14663
0.01847 9.05228 5.18835
0.02821 12.14340 6.96194
0.01562 5.98943 3.43221
0.02710 9.32715 5.34600
0.01319 4.12642 2.36443
0.03137 9.05276 5.18862
0.02871 7.61483 4.36403
0.02502 6.32168 3.62266
0.03471 8.09588 4.63987
0.01696 3.77333 2.16209
0.01676 3.54124 2.02909
0.02636 5.39081 3.08908
0.02505 4.86420 2.78726
0.03208 5.90646 3.38464
0.03427 6.07130 3.47913
0.02585 4.47721 2.56547
0.01550 2.58742 1.48252
0.03708 5.95966 3.41514
0.03316 5.24811 3.00729
0.03008 4.58220 2.62564
0.03400 5.04987 2.89367
0.03434 4.95901 2.84159
0.02344 3.29449 1.88769
0.01907 2.61529 1.49849
0.03015 4.06967 2.33191
0.02496 3.28324 1.88124
0.04859 6.26447 3.58987
0.02022 2.52603 1.44735
0.01760 2.14675 1.23002
0.01448 1.74131 0.99771
0.01855 2.18716 1.25318
0.02636 3.07227 1.76035
0.01291 1.45732 0.83499
0.02036 2.27600 1.30408
0.01064 1.17537 0.67344
0.02571 2.80703 1.60836
0.02148 2.32801 1.33388
0.00647 0.70208 0.40226
0.05834 6.33916 3.63268
0.01656 1.80298 1.03305
0.01341 1.46654 0.84028
0.01161 1.26324 0.72379
0.00402 0.43785 0.25087
0.03737 4.06821 2.33107
0.02249 2.44633 1.40168
0.02159 2.32709 1.33335
0.04009 4.29290 2.45984
0.02610 2.79358 1.60066
0.03386 3.62179 2.07525
0.00830 0.88291 0.50587
0.03375 3.58311 2.05308
0.00727 0.76803 0.44005
0.01954 2.05709 1.17865
0.01995 2.10532 1.20628
0.03000 3.15178 1.80591
0.01581 1.65143 0.94621
0.01172 1.22444 0.70156
0.01447 1.49761 0.85808
0.01945 2.01100 1.15224
0.04557 4.70380 2.69533
0.03296 3.39111 1.94305
0.01932 1.97430 1.13121
0.02409 2.45489 1.40658
0.01638 1.67791 0.96138
0.04926 5.04993 2.89371
0.02914 2.99700 1.71722
0.03261 3.33869 1.91302
0.05632 5.79211 3.31910
0.01669 1.71437 0.98227
0.04417 4.57701 2.62266
0.03447 3.57472 2.04827
0.00941 0.98104 0.56210
0.04240 4.44030 2.54431
0.06288 6.63633 3.80303
0.03730 3.95661 2.26712
0.04720 5.00850 2.86996
0.03714 3.94660 2.26138
0.03647 3.88356 2.22526
0.01605 1.72607 0.98898
0.02405 2.62311 1.50298
0.01393 1.51687 0.86911
0.02345 2.56438 1.46932
0.00856 0.94017 0.53868
0.01899 2.10761 1.20759
0.00853 0.96026 0.55019
0.00263 0.29824 0.17088
0.00279 0.32214 0.18457
0.03184 3.72321 2.13336
0.01493 1.80567 1.03459
0.01696 2.10129 1.20398
0.00890 1.12521 0.64470
0.00968 1.25055 0.71652
0.01884 2.50182 1.43348
0.02556 3.56534 2.04290
0.03407 4.95130 2.83717
0.01894 2.89172 1.65689
0.02021 3.22637 1.84865
0.02166 3.57421 2.04798
0.01546 2.65851 1.52326
0.01184 2.12142 1.21551
0.02225 4.15032 2.37813
0.00761 1.46980 0.84214
0.01018 2.00497 1.14878
0.00606 1.21979 0.69889
0.01905 3.91079 2.24086
0.00540 1.12952 0.64717
0.03275 7.05630 4.04380
0.00576 1.27348 0.72965
0.00705 1.59035 0.91121
0.01222 2.81351 1.61207
0.00884 2.08201 1.19292
0.01199 2.88227 1.65147
0.01290 3.20817 1.83823
0.00235 0.60636 0.34742
0.01325 3.54142 2.02919
0.00564 1.56818 0.89851
0.02164 6.19105 3.54777
0.02533 7.56923 4.33789
0.02998 9.26545 5.31061
0.01193 3.81355 2.18513
0.02495 8.16378 4.67880
0.01261 4.29075 2.45861
0.01549 5.55051 3.18061
0.03427 12.95230 7.42632
0.01359 5.42903 3.11099
0.00851 3.68369 2.11072
0.01721 7.85751 4.50318
0.02152 10.44843 5.98924
0.00877 4.46560 2.55881
0.00820 4.53631 2.59934
0.00629 3.68644 2.11230
0.01316 8.26857 4.73889
0.00383 2.56015 1.46690
0.00787 5.54030 3.17476
0.01032 7.85026 4.49902
0.00541 4.34371 2.48896
0.00102 0.87305 0.50022
0.01578 14.87459 8.53039
0.01123 11.19958 6.42025
0.00360 3.78755 2.17023
0.00243 2.65807 1.52301
0.00920 10.79320 6.18706
0.00018 0.23900 0.13694
0.00580 8.02438 4.59886
0.01581 22.87398 13.13457
0.00814 13.04087 7.47717
0.00718 12.22011 7.00597
0.00206 3.69761 2.11870
0.00297 5.67258 3.25058
0.00026 0.55294 0.31681
0.00186 4.23680 2.42769
0.00472 12.26164 7.02981
0.00616 17.11070 9.81571
0.00235 7.60682 4.35944
0.00210 7.88650 4.51980
0.00345 16.47067 9.44770
0.00164 9.54167 5.46905
0.00288 19.91215 11.42775
0.00319 25.50851 14.65522
0.00412 33.20011 19.11073
0.00463 38.08632 21.95594
0.01339 60.99527 35.51348
0.00972 45.27701 26.16868
0.01577 48.81526 28.25451
0.01065 32.57197 18.74586
0.01065 30.54444 17.56943
0.00573 17.26991 9.90727
0.00384 11.19900 6.41991
0.00405 10.35292 5.93444
0.00239 5.52879 3.16817
0.00267 5.56709 3.19012
0.00588 11.46667 6.57352
0.00507 8.72125 4.99849
0.00408 6.67438 3.82485
0.00516 7.46862 4.28020
0.00421 5.85672 3.35614
0.00839 10.80921 6.19624
0.00724 8.82406 5.05745
0.00859 9.76516 5.59725
0.01133 12.38420 7.10017
0.01066 11.16239 6.39890
0.00836 8.19504 4.69673
0.00928 8.95158 5.13059
0.00884 8.35673 4.78945
0.00334 3.10265 1.77776
0.00467 4.11543 2.35814
0.00578 5.02356 2.87859
0.01148 9.82099 5.62928
0.01331 11.35103 6.50716
0.01198 10.28660 5.89639
0.01346 12.03177 6.89786
0.01052 9.90652 5.67834
0.01005 9.86627 5.65525
0.00924 9.50465 5.44781
0.01191 12.85097 7.36814
0.00989 11.55337 6.62328
