-0.00613 -0.01607 0.12614
0.02484 0.01575 0.14000
0.03470 0.00368 0.16087
0.02912 0.01379 0.17580
0.03100 -0.00949 0.19046
0.03394 -0.02333 0.20409
0.00931 0.00055 0.21983
0.01438 0.00928 0.23354
0.07901 -0.00627 0.23569
0.08650 -0.01610 0.25027
0.06005 -0.01981 0.26290
0.03735 -0.01862 0.27574
0.05123 -0.01592 0.28961
0.06029 -0.03098 0.29820
0.06938 -0.02649 0.30911
0.00638 -0.00562 0.33267
0.04473 -0.00589 0.34370
0.04461 -0.00889 0.36359
0.02454 0.00635 0.38248
-0.03880 0.00904 0.40320
-0.02234 0.00805 0.42617
0.02851 0.00131 0.44806
0.03343 -0.00571 0.47193
0.02579 -0.02227 0.49344
0.02355 -0.02944 0.51582
0.02634 -0.00764 0.54185
-0.00467 -0.01835 0.56897
-0.00480 -0.01590 0.59385
-0.04006 -0.00607 0.62116
-0.02393 -0.00159 0.64604
-0.01182 0.00150 0.67127
-0.01286 0.00156 0.69654
-0.01000 -0.00265 0.71613
-0.01187 -0.00228 0.73859
-0.00375 -0.00846 0.75697
0.00176 -0.01005 0.77376
-0.02228 -0.00506 0.79152
-0.02073 0.01043 0.79917
-0.01063 -0.01501 0.80520
-0.00024 -0.00954 0.80964
-0.03214 -0.02278 0.80921
-0.01320 -0.02746 0.81566
-0.02160 -0.03633 0.81901
-0.00028 -0.03958 0.82169
0.03025 -0.02487 0.82699
0.04529 -0.01965 0.82765
0.02736 -0.01635 0.83494
0.00490 -0.03299 0.83654
0.01744 -0.04385 0.83742
0.03238 -0.03463 0.83973
0.01552 -0.04631 0.84010
0.03555 -0.05002 0.84039
0.02367 -0.03731 0.84309
0.03836 -0.03632 0.83976
0.05375 -0.06017 0.84068
0.04090 -0.02934 0.85009
0.04834 -0.03807 0.84234
0.02958 -0.03179 0.83442
-0.01303 -0.00276 0.82998
0.00729 0.00159 0.82608
0.00508 -0.02623 0.83254
0.03106 -0.05733 0.83113
0.00709 -0.00763 0.83431
0.03594 -0.00626 0.83367
0.01094 -0.02258 0.82876
-0.00103 -0.01372 0.82241
-0.07180 -0.07643 0.80529
-0.01465 -0.04999 0.80251
-0.01575 -0.03673 0.79960
-0.03134 -0.02254 0.80256
0.01239 -0.02489 0.80407
0.02235 -0.04045 0.80895
0.02853 -0.03724 0.82148
-0.01383 -0.03777 0.83783
-0.02894 -0.00141 0.85766
-0.01852 -0.01649 0.87594
-0.03803 -0.00224 0.89108
-0.02983 -0.03284 0.90751
-0.04468 -0.02074 0.92356
-0.03333 -0.01628 0.94195
-0.03559 -0.01157 0.96048
-0.05188 0.01455 0.97518
-0.01424 -0.02233 0.99011
-0.00901 -0.02815 1.00083
-0.01780 -0.02468 1.01688
-0.00267 -0.01617 1.02884
0.01045 -0.02048 1.03453
-0.01404 -0.01946 1.04097
-0.02031 -0.02117 1.03835
-0.02868 -0.02846 1.03615
-0.01774 -0.02620 1.03433
-0.02020 -0.01989 1.03404
-0.07321 -0.02130 1.02904
-0.03087 -0.02064 1.02639
-0.03198 -0.02792 1.02469
-0.01335 -0.04526 1.02237
-0.00268 -0.04499 1.01441
-0.01288 -0.05200 1.01014
0.00279 -0.04259 1.00518
-0.00460 -0.01820 1.00736
0.00125 -0.03655 1.00230
-0.00452 -0.03360 0.99514
0.02211 -0.07687 0.98508
0.00808 -0.04793 0.98119
-0.00531 -0.05253 0.98017
0.00076 -0.04517 0.97534
-0.00711 -0.02375 0.97388
-0.00606 -0.00968 0.97886
-0.01618 -0.04718 0.97478
-0.02169 -0.04238 0.96779
-0.01354 -0.00744 0.95277
-0.01110 -0.04776 0.94738
0.00934 -0.02325 0.95099
-0.01431 -0.04576 0.95085
-0.03060 0.01100 0.95020
-0.02123 0.00931 0.94901
-0.02287 -0.00131 0.94906
-0.03528 -0.04000 0.93973
-0.04663 -0.02376 0.93923
-0.02626 -0.03098 0.93704
-0.02017 -0.03051 0.93345
-0.06683 -0.03281 0.92769
-0.02247 -0.01908 0.93121
-0.00564 -0.04604 0.93328
-0.02921 -0.00922 0.92781
-0.02695 -0.02637 0.92998
-0.00885 -0.01150 0.92946
0.01160 -0.02940 0.92234
-0.02092 -0.01891 0.92649
0.00234 -0.03737 0.91969
0.02109 -0.04289 0.91528
-0.04816 -0.02178 0.90677
-0.03392 -0.04590 0.90889
-0.01922 -0.01978 0.91656
-0.04046 -0.02697 0.91538
-0.00846 -0.03976 0.90739
-0.09882 -0.05517 0.89469
-0.03310 -0.02732 0.90136
-0.02773 -0.04924 0.90357
-0.05925 -0.03578 0.90369
-0.03805 -0.01865 0.90190
-0.03807 -0.00500 0.90575
-0.09282 -0.01775 0.90439
-0.05377 -0.01789 0.90132
-0.06927 -0.00362 0.89706
-0.05116 -0.02572 0.89493
-0.04044 -0.05650 0.89001
-0.02000 -0.02575 0.89437
-0.03353 0.00800 0.89759
-0.05665 -0.01189 0.90000
-0.04188 -0.01640 0.90170
-0.02981 -0.03608 0.89250
-0.03117 -0.04197 0.89364
0.00089 -0.01416 0.89532
-0.04526 -0.01966 0.89793
-0.04079 0.00433 0.89663
0.06509 -0.02176 0.89379
0.09422 -0.05433 0.88922
-0.09916 -0.01681 0.89000
-0.04941 -0.02192 0.89493
0.00433 -0.02437 0.89600
-0.04481 -0.01964 0.89414
-0.01281 -0.02712 0.89207
0.01053 -0.01800 0.89851
-0.00078 -0.00674 0.89623
-0.01107 -0.02492 0.89237
-0.03733 -0.04210 0.89032
-0.03620 -0.03336 0.88631
-0.04382 -0.03828 0.88856
-0.04517 -0.01216 0.88847
-0.01025 0.00067 0.88861
-0.02016 -0.01690 0.89328
-0.02226 -0.03257 0.88349
-0.02840 -0.04101 0.87243
-0.00281 -0.03145 0.87120
-0.02269 -0.02135 0.87273
-0.01502 -0.02817 0.87256
-0.02856 -0.03142 0.86865
-0.01162 -0.02789 0.86189
-0.01097 -0.03252 0.85771
-0.03314 -0.04568 0.85078
-0.02430 -0.03491 0.84892
0.00867 -0.04750 0.84402
-0.05432 -0.03064 0.83463
-0.01620 -0.02086 0.84154
-0.04268 -0.01358 0.83182
-0.05240 -0.02655 0.83562
-0.06173 -0.02095 0.82131
-0.00718 -0.04525 0.81410
-0.10017 -0.04260 0.80352
-0.03189 -0.02536 0.80746
-0.09837 -0.01605 0.80467
-0.00605 -0.03388 0.80458
-0.00366 -0.02262 0.79599
-0.00748 -0.03084 0.79344
-0.01192 -0.03533 0.79236
-0.01324 -0.02890 0.78131
-0.00047 -0.04849 0.77327
-0.04114 -0.01537 0.76331
-0.01757 -0.03597 0.76043
-0.00177 -0.01350 0.76828
-0.00890 -0.01804 0.77123
-0.00772 -0.01837 0.76286
0.00874 -0.05594 0.74778
-0.01811 -0.03520 0.74363
-0.00847 -0.01746 0.74922
-0.01207 0.01168 0.75937
-0.00845 -0.02107 0.75710
0.00579 -0.00769 0.75618
0.01240 -0.01656 0.74953
0.02231 -0.01618 0.74658
0.00204 -0.01841 0.75357
0.01382 -0.02150 0.74824
0.02918 -0.01944 0.74736
-0.00838 -0.02672 0.74616
0.00633 -0.02349 0.73538
-0.01180 -0.02781 0.73203
0.00784 -0.04669 0.72687
-0.01562 -0.03939 0.72095
0.00976 -0.02463 0.71574
0.00576 -0.01246 0.72087
-0.00518 -0.01126 0.71838
-0.04299 -0.04099 0.70794
0.00510 -0.02061 0.70105
0.00050 -0.01949 0.69715
0.00658 0.00891 0.69321
-0.00422 -0.00866 0.68780
-0.00457 0.01702 0.68585
-0.00975 -0.00186 0.68097
-0.00309 -0.00991 0.67494
-0.00593 -0.01172 0.66776
-0.03070 -0.01717 0.65604
0.00551 -0.01789 0.65547
-0.01037 -0.01250 0.63870
-0.00940 0.00907 0.64143
-0.00488 -0.00746 0.63580
0.00243 -0.02384 0.63582
-0.00411 -0.02788 0.63022
-0.00927 -0.03354 0.62083
-0.03359 -0.03168 0.61266
-0.01933 -0.02372 0.60658
0.01589 -0.02195 0.60974
0.00052 0.00784 0.61549
-0.03958 0.01415 0.62729
-0.03507 -0.01918 0.63018
-0.02019 -0.01980 0.63137
0.00197 -0.03762 0.62107
-0.01523 -0.02983 0.61849
-0.00218 -0.02547 0.61987
-0.02196 0.00691 0.62425
-0.01856 0.00152 0.62787
-0.05864 -0.00651 0.63689
-0.04884 -0.01030 0.64072
-0.02036 -0.00012 0.64587
-0.03148 -0.00578 0.64748
-0.03115 -0.01803 0.64560
-0.01808 -0.02971 0.64597
-0.00916 -0.04326 0.64731
-0.03636 -0.04252 0.65338
0.01346 -0.02445 0.66648
-0.00525 -0.00659 0.67631
-0.01531 -0.01830 0.67383
-0.01562 -0.02046 0.67388
-0.03049 -0.01787 0.68634
-0.03426 -0.01779 0.68845
-0.03212 -0.00717 0.70413
-0.00934 -0.02101 0.71430
-0.01436 -0.02967 0.70881
-0.01165 -0.03523 0.71883
-0.01450 -0.01461 0.73051
-0.01942 0.01171 0.74545
0.00635 0.00754 0.74768
0.00440 -0.00275 0.75102
-0.00572 -0.01835 0.75069
-0.00877 -0.01479 0.75292
0.00018 -0.01054 0.75170
-0.01253 -0.01677 0.74713
-0.00218 -0.04562 0.74633
-0.01054 -0.02661 0.74369
-0.01623 -0.01957 0.74500
-0.00505 -0.00269 0.75020
-0.01302 -0.01284 0.74769
0.01466 -0.01915 0.74755
0.00871 -0.00484 0.74800
0.00333 -0.01202 0.74367
-0.03967 -0.01973 0.74389
0.00061 -0.03967 0.73735
0.01639 -0.02251 0.74266
0.01838 -0.00858 0.74316
0.04478 -0.01801 0.74637
0.03547 -0.01554 0.74650
0.01860 -0.01387 0.74196
0.00344 -0.00952 0.74415
0.00636 -0.01313 0.74369
0.00098 -0.01061 0.75233
-0.02222 -0.03054 0.74812
-0.02080 -0.03090 0.75396
-0.01992 -0.02501 0.75882
-0.00917 -0.01296 0.76096
0.03089 -0.01587 0.76249
-0.01010 -0.01855 0.76623
-0.01548 -0.00180 0.77474
-0.02219 -0.00599 0.77585
-0.02584 -0.01244 0.78355
-0.01273 -0.00295 0.78212
-0.03002 -0.02107 0.78559
-0.04648 -0.04991 0.78488
-0.02738 -0.01427 0.78852
-0.02550 -0.02182 0.79120
-0.02089 -0.01972 0.79662
-0.04278 -0.04291 0.79204
-0.02625 -0.02979 0.79928
-0.02288 -0.02039 0.80104
-0.02121 -0.01995 0.79919
-0.03165 -0.02344 0.79345
-0.03290 -0.03015 0.78780
-0.01126 -0.02190 0.79025
-0.02619 -0.01480 0.79488
-0.03114 -0.01646 0.79027
-0.02376 -0.04672 0.77824
-0.04047 -0.04893 0.77737
-0.03408 -0.02325 0.78346
-0.02726 0.00968 0.79407
-0.07153 -0.03366 0.79653
-0.05310 -0.02448 0.80166
-0.04409 -0.03200 0.80272
-0.02517 -0.02628 0.79990
-0.06077 -0.06233 0.78544
-0.03971 -0.03911 0.78911
-0.00963 -0.02874 0.79216
-0.03456 -0.04140 0.79142
-0.04777 -0.03708 0.78964
-0.03505 -0.01437 0.79733
-0.03219 -0.00993 0.80449
-0.02968 0.00065 0.80631
-0.02752 -0.00995 0.81038
-0.03304 -0.00564 0.81137
-0.02448 -0.00290 0.81715
-0.01380 -0.02233 0.81172
-0.04726 -0.06614 0.79466
-0.03067 -0.02161 0.79728
-0.02378 0.00807 0.79560
0.00344 -0.00668 0.81144
0.00753 -0.00916 0.81659
-0.00751 -0.02420 0.81145
-0.01634 -0.03042 0.81060
-0.01402 -0.00618 0.81758
-0.01228 -0.01397 0.82117
-0.02382 -0.02976 0.81638
-0.01559 -0.02784 0.81585
-0.01890 -0.04171 0.81284
-0.02737 -0.01895 0.81297
-0.01341 -0.00907 0.81661
-0.02053 -0.01774 0.81735
-0.03859 -0.02340 0.81834
-0.04890 -0.03443 0.81513
-0.02404 -0.02648 0.81405
-0.06148 -0.05121 0.81025
-0.03501 -0.04050 0.80937
-0.02084 -0.03360 0.81597
0.00535 -0.03819 0.81721
-0.00375 -0.01618 0.81939
-0.00268 -0.02485 0.81447
-0.00839 -0.00997 0.82174
-0.02008 0.00183 0.82503
-0.02250 -0.02466 0.82288
-0.01333 -0.02824 0.82069
-0.03687 -0.03084 0.81478
-0.02266 -0.02364 0.81499
-0.02156 -0.02224 0.81952
0.00105 -0.02048 0.81819
-0.02278 -0.02929 0.81403
-0.02984 -0.03069 0.81086
0.00863 -0.03372 0.81176
0.02112 -0.00173 0.81989
-0.04348 -0.01760 0.81497
-0.00455 -0.00301 0.81625
0.02388 -0.04096 0.81107
0.00227 -0.02262 0.81114
0.00998 -0.04512 0.81756
-0.00736 -0.00801 0.81829
0.02837 -0.01627 0.82408
-0.00019 0.00437 0.82653
0.02217 -0.01609 0.82872
0.02127 -0.03078 0.82270
-0.03178 -0.02808 0.81892
-0.03095 0.00935 0.81507
-0.01177 -0.03905 0.82278
0.00608 0.01280 0.83328
0.00081 -0.01117 0.84287
0.01461 -0.00103 0.84132
-0.00854 -0.01120 0.84903
-0.01502 -0.00081 0.85452
-0.01515 -0.02958 0.85748
-0.04419 -0.01924 0.85962
0.00079 -0.02674 0.86466
-0.03421 -0.01554 0.86855
-0.01482 -0.02369 0.86404
-0.00430 -0.02867 0.87044
-0.03181 -0.04371 0.86894
-0.03712 -0.03585 0.87724
-0.02317 -0.01339 0.88630
-0.04310 0.00004 0.89117
-0.02290 -0.01477 0.90129
-0.02432 -0.01595 0.90890
-0.04614 -0.00548 0.90533
-0.08783 -0.06807 0.89576
-0.01713 -0.05612 0.89419
-0.03662 -0.03780 0.88833
-0.02095 -0.03794 0.89164
-0.01720 -0.02250 0.89545
-0.04532 -0.00205 0.90453
-0.01948 -0.00390 0.91840
-0.04835 -0.02049 0.92318
-0.01748 -0.01662 0.92567
-0.02977 -0.01019 0.92495
-0.03830 -0.02467 0.98361
-0.07017 0.00586 1.00591
-0.02911 -0.00738 1.00983
-0.04056 -0.06347 0.98380
-0.02044 -0.05350 0.97899
-0.02138 -0.03273 0.98099
-0.00487 -0.03583 0.97894
-0.05363 -0.00259 0.98427
-0.08832 -0.02532 0.98037
-0.02625 -0.04991 0.98042
-0.03015 -0.04163 0.96265
-0.03734 -0.06014 0.97346
-0.03027 -0.02972 0.96793
-0.01890 -0.03801 0.97279
-0.01533 -0.03650 0.96412
-0.02083 -0.02712 0.96855
-0.01439 -0.02920 0.96231
-0.02374 -0.01198 0.96170
-0.02950 -0.03044 0.95992
-0.03455 -0.04475 0.94953
-0.03673 -0.01367 0.95675
-0.03102 -0.03009 0.95045
-0.02367 -0.00992 0.95151
-0.02975 -0.05767 0.94302
-0.00721 -0.01502 0.94794
-0.02923 -0.01808 0.95017
-0.04841 -0.01833 0.94846
-0.04569 -0.02895 0.94655
-0.02168 0.00621 0.94832
-0.03611 -0.05097 0.93913
-0.04473 -0.02158 0.93965
-0.00607 -0.05826 0.93238
-0.01215 -0.00576 0.93990
-0.00419 -0.02164 0.94539
-0.00972 -0.00395 0.95027
-0.00859 -0.01953 0.95419
0.00041 -0.02921 0.95125
0.00412 -0.05746 0.94927
0.06226 -0.03907 0.94960
-0.00998 -0.03826 0.95756
-0.00777 -0.02146 0.96299
-0.01178 -0.02896 0.96511
0.00155 -0.00080 0.96950
0.01050 -0.01478 0.97841
-0.01313 -0.03003 0.97965
-0.01206 -0.05807 0.96878
-0.01674 -0.03270 0.96867
0.05628 -0.05684 0.97037
0.03441 -0.03107 0.98082
0.02454 -0.02411 0.98794
0.02490 -0.02299 0.98891
0.03722 -0.02980 0.99217
0.01251 -0.01637 0.99519
-0.00840 -0.03702 0.99961
0.02444 -0.03668 0.99813
0.01583 -0.03091 1.00298
0.02464 -0.04035 1.00463
0.00683 -0.02303 1.00931
-0.00023 -0.02274 1.00834
0.00925 -0.01517 1.01673
-0.01227 -0.03629 1.01273
0.00905 -0.00690 1.01386
0.02946 -0.02188 1.01470
0.03067 -0.04122 1.00844
0.00741 -0.04729 1.00870
0.01086 -0.02890 1.01095
0.01222 -0.01045 1.01693
-0.00514 -0.02498 1.01913
-0.00947 -0.02540 1.02012
-0.01987 -0.04680 1.01096
-0.01737 -0.04141 1.00535
-0.03131 -0.04013 1.00569
0.00676 -0.04399 1.00786
-0.00278 -0.01411 1.01795
0.00881 -0.02105 1.01592
-0.02657 -0.01796 1.01593
-0.02369 -0.01651 1.01702
-0.00533 -0.03130 1.01129
-0.00686 -0.05390 1.01235
-0.00669 -0.04191 1.00834
0.01110 -0.04678 1.01467
-0.01178 -0.00813 1.01678
0.00659 -0.03456 1.01189
0.00199 -0.04925 1.01282
-0.01293 -0.04281 1.01076
0.00934 -0.01841 1.01384
0.01135 -0.02210 1.01404
-0.00233 -0.03467 1.01145
-0.00444 -0.01632 1.00959
0.00022 -0.02413 1.00673
0.01023 -0.03227 1.00146
0.00277 -0.04289 0.99869
0.00029 -0.01674 0.99550
-0.02188 -0.03443 0.99122
-0.01107 -0.02050 0.98227
-0.01406 -0.05006 0.97114
-0.01821 -0.02740 0.96128
-0.00453 -0.01439 0.95021
-0.02837 -0.01245 0.93687
-0.00848 -0.00453 0.92479
-0.03548 -0.02245 0.91177
-0.02268 -0.01889 0.89407
-0.01056 -0.02710 0.87756
-0.00806 -0.02523 0.85850
-0.00998 -0.03419 0.84073
-0.00084 -0.03752 0.82294
0.00108 -0.04035 0.80554
0.00306 -0.03563 0.79369
-0.00983 -0.02823 0.78325
-0.00273 -0.03157 0.77078
0.01111 -0.02776 0.75858
0.01419 -0.02412 0.74558
0.01582 -0.02147 0.73671
0.00250 -0.01705 0.72360
0.03521 -0.03302 0.70684
0.02430 -0.04920 0.69898
0.03344 -0.01983 0.69865
0.00963 -0.02974 0.70180
0.00274 -0.01374 0.71433
0.03029 0.00603 0.71920
0.02120 -0.01838 0.72433
-0.00465 -0.01868 0.73034
-0.00463 -0.02192 0.72817
-0.00546 -0.03205 0.73208
0.01314 -0.05229 0.73044
0.02003 -0.02844 0.73679
0.02385 -0.02358 0.74652
-0.00092 -0.00394 0.75614
0.04358 -0.02437 0.77474
0.02904 -0.02227 0.78675
-0.02628 -0.05662 0.78655
-0.00122 -0.03938 0.78650
-0.00085 -0.03148 0.78957
0.00309 -0.03437 0.79280
-0.00728 -0.02007 0.80514
0.00857 -0.01420 0.80582
-0.03318 -0.01521 0.80806
-0.01276 -0.01619 0.79934
0.01942 -0.03848 0.79089
-0.00127 -0.03259 0.78864
-0.02655 -0.02788 0.78405
-0.00517 -0.03595 0.77616
-0.00503 -0.02943 0.77040
-0.02109 -0.02629 0.75918
-0.00470 -0.01774 0.75491
-0.00121 -0.01938 0.74349
0.00543 -0.05760 0.72726
-0.00071 -0.05317 0.71844
-0.00216 -0.04082 0.71345
-0.00097 -0.02980 0.70812
-0.00307 -0.03556 0.71749
0.02350 -0.03306 0.70222
0.01888 -0.03677 0.71012
0.00716 -0.04672 0.71353
0.01339 -0.03144 0.70759
0.00874 -0.02662 0.73047
0.00434 -0.00740 0.72833
-0.02778 -0.00531 0.74844
-0.01596 -0.01286 0.75550
-0.00689 -0.03529 0.75282
0.00266 -0.00760 0.76103
0.00545 -0.02425 0.76340
-0.00182 -0.00545 0.76814
0.01331 -0.01137 0.77404
-0.00848 -0.02529 0.76757
-0.05081 -0.03128 0.75549
-0.00457 -0.03590 0.75289
-0.01504 0.02603 0.75530
0.00945 0.00044 0.77918
-0.01410 -0.03873 0.79264
-0.02818 -0.04325 0.78644
-0.03110 -0.04656 0.76431
-0.02838 -0.03751 0.74050
-0.07545 0.01929 0.74849
-0.04656 0.02443 0.76378
-0.03763 -0.05544 0.76703
-0.02780 -0.03645 0.75265
-0.01325 -0.03990 0.73059
-0.01784 -0.03240 0.71557
-0.02530 -0.03337 0.71248
-0.01142 -0.02327 0.70983
-0.00981 -0.03703 0.69882
-0.00419 -0.03779 0.68555
-0.00510 -0.04166 0.67552
0.00634 -0.03080 0.66594
-0.00367 -0.03272 0.66165
-0.01426 -0.03245 0.65295
-0.03964 -0.03549 0.64750
-0.00571 -0.02044 0.63371
-0.02174 -0.01845 0.62720
-0.00471 -0.02431 0.59861
-0.00844 -0.02807 0.57437
-0.00368 -0.02136 0.55795
0.00056 -0.00747 0.53360
-0.00725 -0.00997 0.51772
0.00194 -0.02669 0.49084
-0.00156 -0.04315 0.45398
0.01583 -0.02429 0.42959
0.01618 -0.01440 0.40529
0.01974 -0.01686 0.37749
0.01903 -0.02465 0.36602
0.02210 -0.03104 0.34968
0.02856 -0.04110 0.33320
0.03739 -0.01859 0.31940
0.03959 -0.02129 0.30146
0.02431 0.00485 0.28561
0.03787 0.00389 0.26268
0.02017 -0.01415 0.24604
0.01731 0.00121 0.22498
0.01689 -0.02631 0.19947
0.01773 -0.03036 0.17379
-0.00053 -0.02190 0.15805
0.01074 -0.02827 0.14834
-0.00375 -0.01921 0.14926
-0.00956 -0.00769 0.15222
-0.02990 0.00711 0.15430
-0.04198 0.02334 0.14541
-0.03460 -0.00174 0.14373
-0.01260 -0.02586 0.14411
-0.05623 -0.02373 0.13393
-0.10164 -0.01791 0.10872
-0.13455 -0.00492 0.09117
-0.10816 0.00931 0.14030
-0.05945 -0.00314 0.18660
-0.08937 0.00817 0.19531
-0.12059 0.01726 0.19075
0.01471 -0.03075 0.23209
0.08093 -0.04561 0.22988
-0.01766 -0.00684 0.25109
-0.06002 0.02490 0.25632
0.02125 -0.02040 0.26949
0.00191 -0.00119 0.27215
0.00182 -0.01433 0.28985
-0.01213 -0.01336 0.30108
-0.02889 -0.02786 0.29925
-0.26834 0.00303 0.18710
-0.19179 -0.00331 0.27928
-0.06765 0.00329 0.32988
-0.05695 0.01007 0.36174
-0.03481 -0.00126 0.36120
-0.07785 0.01316 0.38603
-0.04332 -0.00493 0.40678
-0.08562 0.00744 0.40065
-0.04398 -0.01111 0.43874
-0.04167 -0.00363 0.45745
-0.00964 -0.00352 0.46893
0.00253 -0.00875 0.49654
-0.00821 -0.00311 0.50658
0.01370 -0.01560 0.53264
-0.00205 -0.01311 0.55184
-0.00720 -0.00378 0.55776
-0.01728 -0.02505 0.57456
-0.01087 -0.00679 0.59429
0.00069 -0.02112 0.60320
-0.02170 -0.01908 0.62703
-0.00443 -0.01388 0.63874
0.00900 -0.00296 0.67054
-0.00544 0.01336 0.68701
-0.00874 0.00880 0.70403
-0.04122 0.00598 0.71675
-0.05483 -0.01060 0.72933
-0.06061 -0.01796 0.74329
-0.00439 0.00004 0.76135
-0.02229 -0.01834 0.77437
-0.01753 -0.02380 0.78998
-0.03641 -0.03264 0.80288
-0.02495 -0.03092 0.81937
-0.01522 -0.03439 0.83189
-0.03526 -0.04021 0.84360
-0.00912 -0.01116 0.85476
-0.02378 -0.01249 0.86199
-0.03392 -0.03966 0.87727
-0.02719 -0.04657 0.88343
0.00015 -0.03679 0.89769
-0.00785 -0.03682 0.90902
-0.04597 0.00566 0.92389
-0.02281 0.00439 0.93853
-0.02635 -0.00321 0.94795
-0.00871 -0.02193 0.95843
-0.00297 -0.02178 0.96748
0.00286 -0.02401 0.98155
-0.02703 -0.00840 0.99210
-0.00549 -0.01823 1.00552
-0.01546 -0.01206 1.01525
-0.00682 -0.03112 1.02473
-0.02359 -0.03025 1.03893
-0.03577 -0.01640 1.04828
0.02606 0.00154 1.05203
-0.00088 -0.00304 1.04768
-0.01697 -0.04520 1.05693
0.00714 -0.02229 1.06261
0.00934 -0.04022 1.07476
0.00391 -0.04312 1.07495
-0.14346 -0.07643 1.06915
-0.08334 -0.03575 1.07766
-0.09844 0.03009 1.07534
-0.09035 -0.02489 1.08972
-0.11292 -0.02462 1.08593
-0.54355 -0.15356 0.92895
-0.13378 -0.07423 1.08251
-0.02185 -0.02068 1.09166
-0.00161 -0.01367 1.11069
0.01770 -0.02063 1.11079
-0.03298 -0.01327 1.09126
0.02177 -0.05043 1.10607
-0.00102 -0.03743 1.08974
0.09421 -0.00718 1.10448
0.02521 -0.06009 1.10764
0.03636 -0.03590 1.08525
0.01345 -0.08608 1.10962
0.00853 -0.04892 1.09121
-0.03091 -0.06585 1.11080
-0.01237 -0.02477 1.11535
-0.04421 -0.02822 1.10933
0.00179 -0.01384 1.12969
-0.00507 -0.05979 1.12534
-0.04469 -0.02583 1.11869
-0.02796 -0.00884 1.13565
-0.04722 -0.00229 1.13197
0.01270 -0.05711 1.14001
0.00920 -0.04340 1.14103
-0.03377 -0.03351 1.14539
-0.00209 -0.01743 1.14670
-0.01845 -0.03736 1.15093
0.02357 -0.05600 1.15616
0.00517 -0.02612 1.16928
0.00339 -0.02116 1.18049
-0.04359 0.00162 1.19271
-0.00757 0.03053 1.19972
-0.03112 -0.07387 1.20265
-0.03291 -0.06976 1.20414
-0.06173 -0.07837 1.21710
-0.04867 -0.01412 1.22761
-0.04670 -0.04277 1.23908
-0.12656 -0.02914 1.24056
-0.03685 -0.05708 1.24918
-0.01384 0.01123 1.26213
-0.00766 -0.03948 1.27236
-0.00643 -0.00892 1.27348
0.00638 -0.04264 1.28480
-0.00823 -0.00893 1.29220
0.07011 -0.03077 1.29899
0.00314 0.00233 1.30846
0.02104 -0.02292 1.33516
-0.00218 -0.03062 1.34308
-0.01844 -0.02958 1.35058
-0.01876 -0.02611 1.35295
-0.00395 -0.03445 1.36337
-0.05129 -0.04899 1.36789
0.00823 -0.05640 1.37535
0.01002 -0.03972 1.38136
-0.00371 -0.05277 1.38916
0.01265 -0.04113 1.39555
0.00344 -0.03237 1.40416
-0.02165 -0.04418 1.41137
0.00522 -0.04766 1.41533
-0.06137 -0.05851 1.42680
0.02778 -0.04111 1.43055
-0.00821 -0.05893 1.44309
-0.00326 -0.05178 1.44790
-0.02095 -0.03604 1.45693
0.00544 -0.03785 1.46180
-0.01167 -0.00903 1.47502
0.00511 -0.03128 1.47598
-0.01730 -0.02711 1.48566
0.02357 -0.01797 1.49144
0.00523 -0.02528 1.50636
0.00441 -0.03690 1.50113
-0.04318 -0.06151 1.49609
-0.04024 -0.06148 1.50166
-0.04770 -0.03941 1.50374
0.01945 -0.02125 1.51122
-0.03420 -0.03975 1.51599
-0.03809 -0.09058 1.51283
-0.04033 -0.08137 1.51529
-0.02194 -0.02246 1.51932
-0.01877 -0.03554 1.51769
-0.07707 -0.03386 1.52328
-0.02559 -0.02919 1.51917
-0.03832 -0.03570 1.51754
-0.03060 -0.03283 1.51563
-0.01764 -0.05473 1.51701
-0.05078 -0.04981 1.51431
-0.04151 -0.03228 1.51090
-0.01563 -0.02878 1.50630
-0.04861 -0.03853 1.50723
-0.02474 -0.00693 1.50807
-0.02578 -0.06033 1.50512
0.04002 -0.10692 1.49818
0.01261 -0.01663 1.49847
0.00311 -0.03268 1.50615
-0.00510 -0.01343 1.50483
-0.03600 -0.03783 1.50210
-0.04392 -0.03927 1.50200
0.01687 -0.03124 1.50293
-0.00859 -0.03375 1.50052
-0.01613 -0.02303 1.50332
-0.01513 -0.08539 1.49504
-0.03040 -0.06193 1.49588
0.00308 -0.03880 1.49445
-0.02535 -0.02770 1.49583
-0.02500 -0.06335 1.48451
-0.05006 -0.08017 1.47237
-0.00908 -0.04601 1.47333
-0.06102 -0.02550 1.46223
-0.01799 0.00310 1.45435
-0.00762 -0.01745 1.44272
-0.06113 -0.02842 1.43562
-0.00761 -0.02677 1.42840
0.00180 -0.07286 1.41618
0.00616 -0.02238 1.41065
-0.00405 -0.04985 1.39559
0.00149 -0.05140 1.37943
-0.02394 -0.03076 1.35465
0.00204 -0.02310 1.33562
0.00249 -0.01316 1.30865
-0.02528 -0.05458 1.27964
-0.01193 -0.07484 1.24483
-0.01949 -0.04340 1.22438
-0.01645 -0.04176 1.20214
-0.00929 -0.01735 1.16509
-0.05654 -0.03505 1.13000
-0.03911 -0.03334 1.09639
-0.04127 -0.02763 1.06258
-0.02794 -0.02334 1.02315
-0.03562 -0.02050 0.98856
-0.03203 -0.05196 0.94009
-0.02454 -0.03855 0.90020
-0.03149 -0.03898 0.86118
-0.02972 -0.04123 0.81507
-0.01348 -0.00660 0.77723
-0.01328 -0.01799 0.73803
-0.01963 -0.04353 0.69280
0.01203 -0.02934 0.66773
0.01905 -0.02118 0.64392
0.01096 -0.02692 0.59198
0.01483 -0.02808 0.62560
0.02978 0.00180 0.55769
0.02951 -0.03187 0.61361
0.05461 -0.01356 0.61405
0.04254 -0.01095 0.52406
0.04928 -0.03611 0.59288
0.04140 -0.04542 0.48829
0.05908 -0.04094 0.56789
0.05763 -0.04317 0.47439
0.06233 -0.02803 0.53434
0.06496 -0.02495 0.53353
0.06153 -0.00685 0.47528
0.04768 -0.00263 0.52606
0.04953 -0.01549 0.49064
0.04885 -0.03665 0.52326
0.06239 -0.04224 0.52165
0.07440 -0.02751 0.51103
0.06818 -0.02241 0.52370
0.10191 -0.00823 0.53362
0.05455 -0.02502 0.54327
0.07526 -0.00280 0.54873
0.06310 -0.02365 0.58550
0.05312 -0.02085 0.55593
0.07715 -0.02919 0.61165
0.05111 -0.03115 0.56661
0.03464 -0.02863 0.58676
0.03171 -0.04197 0.66431
0.02485 -0.03442 0.61584
0.05415 -0.03586 0.63485
0.03097 -0.03064 0.70028
0.02248 -0.03381 0.66659
0.00099 -0.02497 0.68766
-0.00832 -0.01072 0.73073
0.03022 0.01264 0.72338
0.01357 0.00844 0.74211
-0.00141 -0.00295 0.75823
-0.00396 0.01059 0.75624
0.00887 0.00409 0.79000
0.02118 0.00066 0.78846
0.01231 -0.01170 0.78942
0.01072 0.01243 0.81140
-0.00433 -0.00965 0.80828
-0.00918 -0.01219 0.81465
0.00393 -0.02921 0.83078
0.01831 -0.01735 0.81478
-0.00086 -0.00725 0.83775
0.02238 -0.00546 0.82250
0.02752 -0.02391 0.83988
0.01775 -0.00386 0.85419
0.00623 -0.00903 0.84672
0.00500 -0.01406 0.85489
0.01879 -0.01798 0.87599
-0.00931 -0.03800 0.88368
-0.00954 -0.01318 0.89172
-0.03049 -0.03717 0.89567
-0.02358 -0.03768 0.89519
-0.08969 -0.03477 0.90618
-0.02687 -0.05789 0.91268
-0.07377 -0.03796 0.92976
-0.02739 -0.01387 0.94139
-0.03943 -0.04626 0.94654
-0.02878 -0.04376 0.95119
-0.01613 -0.04444 0.95816
-0.03786 -0.02484 0.97631
-0.02474 -0.01477 0.98658
-0.01496 -0.02355 0.99909
-0.02079 0.00191 1.01094
-0.02099 -0.01655 1.01691
-0.02827 -0.02054 1.01740
-0.03357 -0.03136 1.01280
-0.03004 -0.00718 1.01396
-0.04581 -0.02389 1.01151
-0.02636 -0.03369 1.01522
-0.05621 -0.04384 1.00936
-0.01866 -0.03350 1.00281
-0.01515 -0.01307 1.00469
-0.01457 -0.02537 0.99852
-0.03551 -0.04721 0.98455
-0.03299 -0.04027 0.97861
-0.01535 0.00089 0.96794
-0.01520 -0.03656 0.97008
-0.02234 -0.02064 0.96451
-0.02850 -0.04776 0.95520
-0.01812 -0.02662 0.94859
-0.03649 -0.01739 0.93515
-0.02454 -0.03516 0.92625
-0.04579 -0.05394 0.91299
-0.02822 -0.01400 0.91240
-0.03652 -0.02145 0.89639
-0.00984 -0.04293 0.88462
-0.04316 -0.04218 0.86453
-0.03813 -0.03303 0.84839
-0.04049 -0.04091 0.83352
-0.03036 -0.02352 0.81267
-0.02823 -0.04278 0.78777
-0.05077 -0.01852 0.76547
-0.02356 -0.01284 0.74317
-0.01465 0.00775 0.71852
-0.01705 -0.01972 0.69317
-0.02745 -0.02287 0.66229
-0.01819 -0.01766 0.63420
-0.02172 -0.02231 0.60322
-0.00350 -0.06421 0.56856
-0.01569 -0.02485 0.53224
0.00503 -0.00878 0.50131
-0.00517 -0.02635 0.46910
-0.00530 -0.01999 0.43561
-0.01467 -0.01531 0.40965
-0.00677 -0.00012 0.37389
-0.00143 -0.01808 0.34580
-0.00102 -0.01149 0.31594
-0.00862 -0.02172 0.28731
-0.01134 -0.01178 0.26292
0.00067 -0.00143 0.24523
0.00090 -0.00535 0.22339
-0.00890 -0.02246 0.21556
-0.01037 -0.02008 0.20984
0.00619 -0.01158 0.20693
-0.00124 -0.00450 0.20759
-0.00300 -0.00242 0.20872
-0.00016 -0.00646 0.20348
-0.00231 -0.00854 0.20208
-0.00857 -0.00973 0.20328
-0.01330 -0.00761 0.20141
-0.00000 -0.00381 0.20608
-0.00084 0.00004 0.19743
-0.00500 -0.00346 0.19411
-0.00253 -0.00456 0.18464
-0.00614 -0.01082 0.18183
-0.00793 -0.01097 0.18181
-0.00010 0.00199 0.17740
0.00248 0.00260 0.17213
-0.00272 -0.00179 0.16429
-0.00749 -0.00992 0.15408
-0.00281 -0.01020 0.14675
-0.00302 -0.00479 0.14378
0.00352 0.00220 0.14103
0.01012 0.00205 0.14175
0.00603 0.00465 0.13926
-0.01050 0.00990 0.14635
-0.01225 0.00135 0.14409
-0.00062 -0.01054 0.13463
-0.00147 -0.01063 0.12930
-0.00324 -0.00922 0.12960
-0.00552 -0.00201 0.13088
-0.01061 -0.00516 0.13394
-0.00943 -0.00846 0.13960
-0.00825 -0.00962 0.14979
-0.00758 -0.01566 0.15827
-0.01282 -0.01831 0.17625
-0.01618 -0.01373 0.20290
-0.03318 -0.01394 0.22949
-0.02185 -0.01211 0.25957
-0.03354 0.00036 0.28857
-0.01232 -0.00008 0.31948
-0.03313 -0.00419 0.34494
-0.03414 -0.00987 0.37538
-0.03393 -0.00450 0.39437
-0.03547 0.00507 0.42721
-0.01478 0.00132 0.44912
-0.00692 -0.00529 0.47316
-0.01051 -0.01883 0.48857
-0.01983 -0.00902 0.51456
-0.03515 0.00237 0.54202
-0.01709 -0.01313 0.56404
-0.03294 0.00396 0.57642
-0.02090 -0.00313 0.59886
-0.04424 -0.00796 0.62059
-0.04218 -0.01548 0.63019
-0.03422 -0.01518 0.65530
-0.04489 0.00103 0.67176
-0.03635 -0.00872 0.69142
-0.02351 -0.01437 0.71085
-0.02404 -0.01545 0.72879
-0.03006 -0.03316 0.73942
-0.03366 -0.02588 0.75892
-0.04349 -0.03217 0.77375
-0.02015 0.00711 0.80017
-0.03298 -0.01091 0.81914
-0.01259 -0.00247 0.83153
-0.03537 -0.01132 0.84748
-0.03925 -0.00631 0.85723
-0.02739 -0.00603 0.88559
-0.03302 -0.01147 0.89407
-0.02302 -0.00840 0.90534
-0.03590 -0.00209 0.91516
-0.02804 -0.00816 0.92228
-0.01604 -0.02490 0.92096
-0.06020 -0.05578 0.91666
-0.01064 -0.03452 0.91772
-0.01995 -0.01828 0.91427
-0.00742 -0.03382 0.91868
-0.00103 -0.01351 0.91779
0.00323 -0.04773 0.91731
0.02549 -0.01301 0.91887
0.01586 -0.02782 0.92712
0.02334 -0.04860 0.93227
0.01461 -0.03267 0.93360
-0.01149 -0.04605 0.93355
-0.00672 -0.01849 0.93974
0.02637 -0.03352 0.94082
0.00224 -0.01666 0.94673
0.00397 -0.03603 0.94918
-0.00496 -0.03189 0.94691
-0.00953 -0.03682 0.95110
-0.00276 -0.02276 0.95705
-0.00154 -0.02424 0.95724
-0.02044 -0.01483 0.96596
-0.02351 -0.03115 0.96624
-0.03105 -0.05449 0.96681
-0.03680 -0.02807 0.97093
-0.02683 -0.01611 0.97806
-0.01974 -0.03616 0.98039
-0.02297 -0.02668 0.97546
-0.04430 -0.05023 0.97322
-0.02254 0.00510 0.97199
-0.04569 -0.02322 0.97551
-0.04956 0.01939 0.97094
-0.02723 -0.01672 0.97284
-0.04899 -0.01593 0.96365
-0.03374 -0.03755 0.96299
-0.01494 -0.01922 0.95927
-0.04234 -0.03943 0.95319
-0.05536 -0.05153 0.94449
-0.03550 -0.04373 0.94108
-0.05645 -0.02079 0.94046
-0.04498 -0.00076 0.94005
-0.04189 -0.02724 0.93784
-0.01599 -0.03410 0.92890
-0.01143 -0.04829 0.91556
-0.00667 -0.03350 0.91787
0.00089 -0.03630 0.91371
0.00240 -0.02087 0.91042
0.00421 -0.03287 0.90060
0.00056 -0.02967 0.88766
0.00062 -0.02338 0.88206
-0.00567 -0.02503 0.86637
-0.01041 -0.05342 0.85353
0.00116 -0.03174 0.82606
-0.00254 -0.03467 0.80614
-0.00287 -0.01708 0.79119
-0.00902 -0.00115 0.77429
-0.00621 -0.02276 0.75282
-0.01482 -0.02959 0.71613
-0.00899 -0.05217 0.68614
-0.01039 -0.03120 0.65426
-0.01424 -0.02994 0.62564
-0.02778 -0.01122 0.60529
-0.02256 -0.00931 0.58105
-0.01370 -0.01743 0.55775
-0.00817 -0.04983 0.53361
-0.01652 -0.02711 0.51663
-0.01435 -0.02668 0.50678
-0.00913 -0.00426 0.49705
-0.00852 0.00333 0.48710
-0.00186 -0.00781 0.47810
-0.02387 -0.04180 0.46157
-0.00215 -0.01268 0.45250
0.00524 -0.01220 0.44340
0.00073 -0.01794 0.43408
0.00314 -0.01350 0.42446
0.00560 -0.01609 0.41564
-0.00573 -0.01656 0.40180
-0.00121 -0.01160 0.38714
0.00253 -0.00001 0.37422
-0.00457 -0.01788 0.35894
-0.02556 -0.02566 0.34760
-0.02996 -0.02434 0.33236
-0.02867 -0.01688 0.32188
-0.00347 -0.00728 0.31272
-0.02541 -0.00801 0.30449
-0.01914 -0.00466 0.29330
-0.02177 -0.01333 0.27797
-0.04334 -0.01316 0.26069
-0.02247 -0.01253 0.24908
-0.01348 -0.00746 0.23056
-0.01698 -0.00718 0.21820
-0.02327 -0.00758 0.20455
-0.01006 -0.01286 0.19577
0.00225 -0.01395 0.18028
-0.01044 -0.01432 0.16978
-0.01542 -0.00818 0.15823
0.00186 -0.00179 0.14953
-0.01178 -0.00448 0.14151
-0.01416 -0.00886 0.13045
-0.01006 -0.00466 0.12416
-0.00392 -0.00094 0.11648
-0.02087 -0.00513 0.10390
-0.01719 -0.00746 0.09851
-0.01096 -0.00551 0.09438
-0.00187 -0.00340 0.09120
-0.00705 -0.00180 0.08492
-0.00157 -0.00215 0.07689
-0.00463 -0.00497 0.07199
-0.01119 -0.00365 0.06813
-0.00842 -0.00182 0.06181
-0.00256 0.00089 0.05867
-0.00106 -0.00109 0.05570
0.00058 -0.00107 0.05233
-0.00105 -0.00129 0.04763
0.00012 -0.00133 0.04377
-0.00534 -0.00141 0.03808
-0.00630 -0.00051 0.03542
-0.00098 -0.00159 0.03080
-0.00088 -0.00227 0.02646
0.00030 -0.00026 0.02097
-0.00126 -0.00014 0.01712
0.00027 -0.00032 0.01447
0.00009 -0.00052 0.01249
0.00015 -0.00018 0.01240
0.00030 -0.00084 0.01211
-0.00311 -0.00196 0.02164
0.00010 -0.00115 0.02143
-0.00061 -0.00052 0.03229
-0.00168 0.00102 0.03264
-0.00254 0.00062 0.03478
-0.00170 -0.00001 0.03312
-0.00261 0.00010 0.03421
-0.00325 0.00007 0.03896
0.00019 0.00062 0.04328
-0.00121 0.00027 0.04790
0.00234 -0.00116 0.05118
0.00201 -0.00110 0.05804
0.00102 0.00038 0.06108
0.00015 0.00036 0.06906
-0.00280 -0.00089 0.07180
0.00195 0.00088 0.07764
0.00192 -0.00040 0.08206
-0.00037 -0.00043 0.08795
-0.01109 -0.00145 0.09077
0.00759 -0.00082 0.09518
0.00008 -0.00135 0.10201
0.00331 -0.00069 0.10361
0.00096 -0.00334 0.10573
-0.00447 -0.00439 0.10731
0.00146 -0.00189 0.11355
0.00179 -0.00176 0.11508
-0.00372 0.00139 0.11682
-0.00047 0.00572 0.11714
0.00591 0.00139 0.11627
-0.00285 0.00014 0.11185
-0.00731 -0.00145 0.10596
0.00089 -0.00225 0.10181
0.00024 0.00310 0.09715
-0.00567 0.00277 0.09246
-0.00128 0.00196 0.08561
