0.02558 4.52420 2.59240
0.06074 10.79956 6.19070
0.03416 6.07776 3.48284
0.01293 2.29837 1.31690
0.03820 6.76078 3.87438
0.01983 3.45181 1.97784
0.02732 4.71370 2.70100
0.02511 4.27456 2.44933
0.06418 10.78870 6.18447
0.03627 6.03054 3.45577
0.01301 2.12168 1.21565
0.02106 3.36304 1.92697
0.05454 8.41013 4.82007
0.02653 3.98852 2.28541
0.04634 6.84583 3.92314
0.02915 4.26009 2.44104
0.02833 4.09221 2.34483
0.03024 4.25433 2.43773
0.03594 4.89405 2.80436
0.01914 2.51705 1.44220
0.03928 5.05714 2.89784
0.04027 5.10370 2.92452
0.02374 2.95316 1.69210
0.02453 2.98618 1.71102
0.03526 4.23270 2.42534
0.05204 6.14789 3.52304
0.04663 5.42159 3.10672
0.02311 2.62021 1.50132
0.03474 3.85498 2.20888
0.02619 2.84517 1.63022
0.02943 3.14789 1.80368
0.02539 2.66298 1.52582
0.02750 2.82966 1.62133
0.03085 3.16008 1.81067
0.02076 2.11173 1.20995
0.01404 1.42133 0.81437
0.01820 1.81666 1.04088
0.03115 3.09028 1.77067
0.03084 3.03843 1.74096
0.02804 2.74450 1.57253
0.02478 2.40769 1.37954
0.03698 3.56749 2.04413
0.01529 1.45918 0.83606
0.01217 1.15268 0.66044
0.03047 2.86490 1.64152
0.02400 2.25660 1.29297
0.04255 3.96863 2.27401
0.03605 3.35102 1.92009
0.04619 4.28838 2.45725
0.03236 3.00104 1.71953
0.03396 3.15583 1.80823
0.01452 1.35094 0.77404
0.03077 2.88748 1.65446
0.03250 3.05783 1.75208
0.01150 1.07112 0.61371
0.02914 2.69997 1.54702
0.00458 0.42551 0.24380
0.01754 1.62897 0.93334
0.02752 2.54969 1.46090
0.02413 2.25315 1.29099
0.03499 3.25891 1.86730
0.02104 1.95822 1.12200
0.04767 4.46836 2.56040
0.01843 1.71879 0.98481
0.01749 1.63198 0.93506
0.01813 1.66799 0.95570
0.01809 1.66628 0.95472
0.02551 2.35453 1.34908
0.03301 3.05829 1.75234
0.03720 3.45060 1.97715
0.04805 4.45162 2.55080
0.03967 3.66715 2.10124
0.01832 1.68826 0.96731
0.01349 1.23521 0.70773
0.02177 1.99872 1.14520
0.03155 2.90589 1.66501
0.03196 2.93811 1.68348
0.03109 2.86769 1.64312
0.04215 3.88756 2.22755
0.02937 2.71896 1.55790
0.03068 2.85514 1.63593
0.02804 2.62146 1.50203
0.04975 4.65295 2.66618
0.00931 0.87333 0.50038
0.06855 6.39828 3.66657
0.07141 6.69621 3.83736
0.01565 1.47400 0.84455
0.00935 0.88612 0.50771
0.01088 1.03868 0.59512
0.02409 2.31766 1.32795
0.01650 1.60840 0.92155
0.01147 1.13428 0.64990
0.03609 3.62910 2.07944
0.02115 2.17436 1.24584
0.01048 1.09864 0.62948
0.02177 2.33702 1.33904
0.00531 0.58536 0.33538
0.02844 3.21100 1.83985
0.02387 2.76747 1.58570
0.02068 2.46193 1.41062
0.01325 1.62531 0.93124
0.00988 1.25504 0.71909
0.01669 2.19283 1.25643
0.01662 2.28061 1.30672
0.00500 0.71420 0.40921
0.01640 2.46060 1.40985
0.00283 0.44298 0.25381
0.01122 1.84752 1.05856
0.02620 4.47503 2.56422
0.02256 3.99631 2.28987
0.03588 6.64767 3.80953
0.03031 5.85169 3.35325
0.01515 3.05987 1.75325
0.02473 5.21228 2.98676
0.03895 8.63567 4.94941
0.02230 5.15875 2.95607
0.03387 8.03402 4.60439
0.03326 8.05570 4.61682
0.02809 6.97904 3.99951
0.05539 13.79375 7.90951
0.02737 7.04401 4.03676
0.03528 9.07525 5.20152
0.06548 17.41235 9.98919
0.00104 0.27221 0.15597
0.03555 9.72693 5.57532
0.03642 9.87509 5.66031
0.02243 6.14474 3.52123
0.02260 6.38277 3.65768
0.02044 5.66658 3.24715
0.03026 8.75552 5.01815
0.01901 5.40823 3.09907
0.00945 2.78025 1.59302
0.06731 19.13292 10.97914
0.06645 19.22567 11.03253
0.00556 1.54413 0.88473
0.03950 10.90108 6.24896
0.07492 20.94000 12.01977
0.03014 8.03650 4.60582
0.03060 8.28481 4.74820
0.04071 10.69035 6.12804
0.00392 1.03053 0.59045
0.01456 3.74262 2.14449
0.03614 9.21362 5.28089
0.03513 8.94006 5.12398
0.01897 4.63021 2.65315
0.00820 1.95352 1.11930
0.01490 3.41984 1.95952
0.04795 10.77073 6.17416
0.05514 11.83481 6.78481
0.03921 8.08825 4.63549
0.03395 6.78634 3.88903
0.02572 4.93951 2.83042
0.04448 8.30117 4.75759
0.00214 0.38624 0.22130
0.01866 3.25547 1.86533
0.01484 2.50562 1.43565
0.01771 2.86314 1.64051
0.01695 2.63369 1.50904
0.01813 2.75817 1.58037
0.02473 3.65521 2.09440
0.00885 1.28442 0.73592
0.02837 3.99451 2.28884
0.02269 3.13691 1.79739
0.01922 2.60069 1.49013
0.05498 7.26827 4.16533
0.04613 6.02274 3.45130
0.02324 2.98868 1.71245
0.01713 2.19456 1.25741
0.01861 2.36454 1.35481
0.03586 4.49092 2.57332
0.02118 2.62554 1.50437
0.02638 3.22914 1.85024
0.02163 2.64338 1.51459
0.01501 1.82561 1.04601
0.00871 1.04823 0.60059
0.01667 1.98651 1.13820
0.02072 2.46072 1.40992
0.03401 4.02795 2.30800
0.01875 2.21721 1.27040
0.01056 1.25945 0.72162
0.02844 3.42022 1.95974
0.02877 3.50148 2.00631
0.03462 4.20486 2.40938
0.03459 4.15619 2.38149
0.03594 4.32003 2.47539
0.03015 3.66688 2.10109
0.00864 1.06272 0.60890
0.00746 0.91764 0.52577
0.01301 1.61305 0.92422
0.00799 0.99264 0.56874
0.01726 2.15544 1.23500
0.02849 3.57618 2.04911
0.02997 3.76932 2.15979
0.03099 3.91742 2.24466
0.03560 4.54247 2.60287
0.01474 1.88594 1.08058
0.00984 1.27390 0.72990
0.01992 2.57339 1.47449
0.02917 3.79446 2.17419
0.01692 2.22225 1.27328
0.04641 6.18382 3.54363
0.00537 0.73175 0.41926
0.01010 1.41119 0.80856
0.01633 2.31294 1.32525
0.00612 0.87172 0.49946
0.00539 0.77253 0.44263
0.01657 2.38224 1.36495
0.01104 1.58749 0.90957
0.00887 1.28699 0.73740
0.00193 0.28143 0.16125
0.01455 2.12432 1.21717
0.02391 3.53547 2.02578
0.00943 1.39857 0.80133
0.01503 2.24173 1.28444
0.01417 2.12601 1.21814
0.01097 1.65756 0.94972
0.01835 2.76585 1.58477
0.03110 4.63093 2.65356
0.02095 3.10696 1.78023
0.03494 5.13985 2.94524
0.02168 3.17366 1.81845
0.01321 1.91050 1.09465
0.03520 5.02374 2.87870
0.01430 2.00415 1.14831
0.01805 2.48009 1.42102
0.02534 3.47433 1.99074
0.02634 3.59496 2.05987
0.01096 1.48529 0.85101
0.02774 3.71707 2.12985
0.01969 2.62688 1.50513
0.02359 3.13269 1.79497
0.02545 3.36321 1.92707
0.09929 13.19688 7.56676
0.11123 14.63273 8.39143
0.05496 7.34636 4.21010
0.08046 10.74214 6.15776
0.04295 5.75702 3.29898
0.05644 7.48864 4.29168
0.03865 5.11356 2.93017
0.03226 4.23883 2.42885
0.03636 4.78370 2.74112
0.02552 3.33533 1.91109
0.02578 3.34630 1.91738
0.05639 7.25269 4.15640
0.01727 2.21003 1.26628
0.03818 4.85265 2.78064
0.04122 5.20809 2.98435
0.01895 2.37576 1.36124
0.00878 1.09541 0.62763
0.03668 4.55996 2.61289
0.01366 1.68609 0.96607
0.00432 0.52961 0.30345
0.01916 2.32034 1.32948
0.02415 2.90232 1.66296
0.01141 1.36042 0.77947
0.04009 4.76381 2.72972
0.01961 2.31880 1.32860
0.02425 2.83244 1.62293
0.01994 2.32866 1.33426
0.02890 3.37533 1.93401
0.00806 0.94400 0.54087
0.00990 1.15839 0.66371
0.01258 1.46618 0.84007
0.02832 3.26460 1.87056
0.02372 2.72091 1.55901
0.01384 1.58674 0.90914
0.01823 2.10479 1.20598
0.01175 1.35069 0.77390
0.02099 2.41353 1.38288
0.02972 3.42142 1.96042
0.02825 3.28223 1.88067
0.01584 1.83853 1.05342
0.01739 2.02528 1.16042
0.03475 4.04677 2.31879
0.01361 1.59170 0.91199
0.01448 1.71067 0.98015
0.01782 2.12145 1.21553
0.01859 2.22396 1.27426
0.00966 1.15839 0.66372
0.01207 1.45112 0.83144
0.00669 0.81260 0.46559
0.01432 1.74905 1.00214
0.00560 0.68755 0.39394
0.00657 0.80988 0.46403
0.01539 1.91186 1.09543
0.00866 1.08663 0.62260
0.00890 1.12341 0.64367
0.02351 2.98839 1.71229
0.01717 2.18600 1.25251
0.01683 2.15432 1.23436
0.01934 2.48320 1.42281
0.02014 2.61169 1.49643
0.01431 1.86810 1.07036
0.00668 0.87117 0.49914
0.01670 2.16620 1.24116
0.01883 2.42735 1.39080
0.01418 1.85077 1.06043
0.01299 1.71503 0.98265
0.01570 2.07902 1.19121
0.01994 2.65210 1.51959
0.01687 2.24979 1.28906
0.01878 2.51956 1.44364
0.02450 3.29304 1.88686
0.02067 2.77036 1.58735
0.01569 2.09709 1.20157
0.01565 2.11444 1.21151
0.02348 3.18012 1.82215
0.01422 1.94507 1.11446
0.02331 3.19608 1.83129
0.05906 8.12892 4.65881
0.01597 2.19722 1.25894
0.03043 4.19675 2.40474
0.04737 6.54092 3.74834
0.02734 3.78895 2.17104
0.02859 3.95703 2.26736
0.02428 3.37409 1.93330
0.02386 3.33829 1.91279
0.03688 5.15185 2.95212
0.01810 2.53627 1.45322
0.03326 4.68818 2.68637
0.03509 4.98128 2.85436
0.03940 5.68261 3.25633
0.03958 5.73359 3.28555
0.01942 2.82210 1.61700
0.05175 7.51602 4.30737
0.01896 2.77344 1.58911
0.02396 3.56809 2.04447
0.02049 3.08202 1.76593
0.01979 2.99727 1.71737
0.04618 7.01405 4.01958
0.03909 5.97326 3.42294
0.03165 4.88771 2.80073
0.01388 2.16412 1.23997
0.04525 7.09744 4.06738
0.03356 5.28547 3.02871
0.03433 5.43748 3.11583
0.02839 4.57722 2.62278
0.02096 3.43041 1.96558
0.01805 2.98166 1.70843
0.03467 5.75387 3.29718
0.01619 2.72216 1.55973
0.01512 2.53889 1.45471
0.03217 5.45088 3.12351
0.06309 10.72409 6.14740
0.03517 6.02831 3.45449
0.02219 3.83466 2.19723
0.03002 5.19623 2.97756
0.03263 5.69890 3.26567
0.02312 4.04720 2.31903
0.02374 4.18685 2.39906
0.03601 6.41611 3.67679
0.01969 3.50497 2.00830
0.15089 27.00749 15.52157
0.07130 12.71915 7.29246
0.02854 5.11819 2.93283
0.07126 12.77144 7.32248
0.04397 7.98956 4.57890
0.03062 5.59723 3.20740
0.04825 8.86763 5.08244
0.01468 2.72346 1.56048
0.02078 3.89012 2.22902
0.06626 12.52977 7.18373
0.04880 9.26462 5.31014
0.02314 4.44042 2.54438
0.02005 3.83782 2.19905
0.04233 8.19904 4.69902
0.01879 3.71814 2.13046
0.01206 2.38489 1.36647
0.01503 3.00917 1.72419
0.01252 2.52862 1.44883
0.01860 3.77491 2.16299
0.01154 2.36319 1.35404
0.02583 5.28596 3.02899
0.01853 3.80863 2.18232
0.01090 2.25296 1.29088
0.04865 10.15692 5.82199
0.00500 1.04823 0.60060
0.01224 2.55343 1.46305
0.01794 3.67944 2.10828
0.02078 4.16926 2.38898
0.03791 7.47308 4.28276
0.01347 2.61644 1.49915
0.01905 3.63680 2.08385
0.01355 2.54516 1.45831
0.00128 0.23700 0.13579
0.01709 3.11836 1.78676
0.01906 3.43058 1.96567
0.01126 2.01109 1.15229
0.03062 5.41409 3.10242
0.03197 5.59707 3.20730
0.03261 5.65552 3.24080
0.04315 7.50024 4.29833
0.01368 2.36926 1.35752
0.01134 1.97176 1.12976
0.03783 6.60987 3.78787
0.00958 1.68328 0.96446
0.02439 4.28437 2.45495
0.01412 2.49919 1.43197
0.03824 6.78079 3.88585
0.03654 6.52876 3.74137
0.03446 6.28483 3.60154
0.03308 6.12702 3.51107
0.03226 6.08462 3.48677
0.02750 5.32621 3.05206
0.02471 4.90800 2.81236
0.05909 12.01989 6.89104
0.03546 7.42648 4.25604
0.03663 8.00098 4.58545
0.01102 2.51077 1.43860
0.01737 4.09678 2.34745
0.03482 8.41538 4.82308
0.03499 8.58249 4.91892
0.01818 4.50762 2.58290
0.01339 3.38888 1.94178
0.01329 3.33370 1.91016
0.05150 13.05411 7.48477
0.02818 7.21434 4.13441
0.02647 6.78507 3.88831
0.29296 77.75354 45.75569
0.04727 12.30857 7.05675
0.03168 8.28120 4.74614
0.02570 6.97525 3.99733
0.02795 7.40834 4.24564
0.06691 18.43394 10.57688
0.02594 6.89345 3.95044
0.04133 10.80057 6.19128
0.00645 1.72569 0.98876
0.12268 30.62465 17.61594
0.08903 22.94715 13.17677
0.12008 28.79202 16.55413
0.17580 43.79355 25.29682
0.04175 9.58745 5.49531
0.05382 11.96994 6.86237
0.00748 1.71755 0.98410
0.04185 8.70944 4.99172
0.08388 17.79457 10.20904
0.07120 13.93301 7.98950
0.03911 7.46888 4.28035
0.03838 7.40013 4.24093
0.02046 3.66807 2.10177
0.03136 5.60975 3.21457
0.01940 3.26571 1.87120
0.03520 5.80382 3.32581
0.02449 3.93536 2.25494
0.04755 7.32129 4.19573
0.03552 5.39378 3.09078
0.02800 4.09979 2.34917
0.02135 3.07746 1.76332
0.00781 1.09643 0.62821
0.02079 2.85353 1.63501
0.01159 1.55096 0.88864
0.01000 1.31215 0.75181
0.02273 2.93719 1.68295
0.01549 1.95485 1.12006
0.02296 2.84526 1.63027
0.05571 6.81740 3.90684
0.04209 5.10013 2.92247
0.04050 4.81518 2.75916
0.02847 3.33344 1.91001
0.03020 3.47872 1.99326
0.03177 3.61659 2.07227
0.02602 2.91074 1.66779
0.03182 3.53036 2.02285
0.03709 4.06998 2.33209
0.04157 4.55385 2.60939
0.01497 1.64114 0.94031
0.03501 3.84203 2.20146
0.04324 4.73518 2.71331
0.02828 3.08159 1.76569
0.04645 5.06303 2.90121
0.03895 4.25611 2.43875
0.05028 5.48960 3.14570
0.03550 3.86593 2.21515
0.05686 5.84580 3.34987
0.02883 3.32446 1.90486
0.02328 2.53225 1.45091
0.02065 2.24470 1.28615
0.03164 3.42837 1.96441
0.02721 2.95676 1.69416
0.03031 3.30292 1.89252
0.03130 3.41351 1.95589
0.04905 5.34705 3.06400
0.05270 5.75131 3.29571
0.02201 2.41323 1.38271
0.01158 1.27697 0.73165
0.01458 1.61706 0.92652
0.02307 2.58882 1.48332
0.03114 3.51293 2.01286
0.01447 1.64958 0.94515
0.03029 3.49284 2.00135
0.02440 2.85499 1.63585
0.03414 4.09407 2.34589
0.03539 4.26263 2.44249
0.03260 4.13779 2.37095
0.03259 4.14240 2.37359
0.03003 3.91123 2.24112
0.03211 4.27639 2.45038
0.02087 2.85725 1.63714
0.01436 2.03263 1.16463
0.03628 5.33047 3.05450
0.01803 2.75833 1.58046
0.03762 5.99808 3.43716
0.02176 3.61575 2.07178
0.02395 4.14072 2.37263
0.03147 5.69926 3.26588
0.02734 5.13549 2.94274
0.02358 4.59817 2.63479
0.02118 4.25461 2.43790
0.04069 8.39730 4.81271
0.03520 7.30966 4.18906
0.02878 6.18625 3.54503
0.01645 3.50748 2.00974
0.02452 5.27367 3.02194
0.02594 5.68374 3.25698
0.00725 1.60978 0.92235
0.01762 4.04876 2.31993
0.00772 1.75169 1.00366
0.01975 4.52094 2.59053
0.02637 6.23391 3.57235
0.05219 12.12445 6.95106
0.05931 14.34218 8.22452
0.06894 16.37498 9.39268
0.04756 11.41109 6.54162
0.01910 4.75296 2.72350
0.06807 16.43399 9.42661
0.05309 13.27635 7.61239
0.11632 28.66282 16.47933
0.06332 15.72934 9.02157
0.03068 7.79694 4.46845
0.03896 9.91198 5.68147
0.01622 4.18776 2.39959
0.04997 12.99025 7.44811
0.01881 4.93681 2.82887
0.03389 8.82145 5.05596
0.03978 10.56277 6.05484
0.06221 16.09497 9.23172
0.06837 18.43812 10.57929
0.05809 15.71972 9.01604
0.06162 16.11036 9.24057
0.01536 4.26215 2.44222
0.02035 5.34505 3.06285
0.02616 7.23421 4.14580
0.08757 22.68931 13.02806
0.01384 3.73819 2.14195
0.06455 17.23622 9.88789
0.08839 22.54260 12.94347
0.06663 17.42041 9.99382
0.03116 7.80901 4.47537
0.03902 9.64679 5.52935
0.09500 22.65455 13.00802
0.03591 8.39207 4.80971
0.03550 8.00274 4.58646
0.02711 5.97657 3.42483
0.02477 5.29867 3.03627
0.02126 4.39269 2.51703
0.04886 9.68926 5.55371
0.03685 6.95903 3.98804
0.01861 3.38664 1.94050
0.07533 13.26022 7.60312
0.06045 10.33852 5.92618
0.03582 5.94514 3.40682
0.01279 2.05583 1.17793
0.01162 1.81253 1.03852
0.01942 2.95777 1.69474
0.02680 3.94534 2.26066
0.07591 10.92436 6.26231
0.00972 1.36326 0.78110
0.02199 3.00708 1.72300
0.02550 3.40399 1.95044
0.01878 2.44723 1.40219
0.03007 3.82758 2.19318
0.06044 7.54274 4.32270
0.02447 2.99535 1.71627
0.00855 1.02457 0.58704
0.02145 2.51507 1.44107
0.02193 2.53771 1.45404
0.02454 2.80991 1.61001
0.01936 2.21014 1.26634
0.01918 2.17609 1.24683
0.02538 2.88065 1.65055
0.02135 2.42046 1.38685
0.00702 0.79568 0.45589
0.04208 4.75642 2.72549
0.01925 2.16199 1.23875
0.01359 1.52528 0.87393
0.03341 3.73202 2.13841
0.01818 2.02920 1.16267
0.01265 1.40830 0.80690
0.01648 1.83053 1.04883
0.00322 0.35799 0.20511
0.01173 1.30542 0.74796
0.01561 1.73491 0.99404
0.02286 2.55245 1.46249
0.02037 2.27910 1.30585
0.01265 1.40999 0.80787
0.01950 2.15959 1.23738
0.01901 2.11671 1.21281
0.01732 1.93084 1.10631
0.01150 1.28101 0.73397
0.01582 1.76078 1.00887
0.02643 2.94218 1.68580
0.02324 2.59634 1.48763
0.02414 2.63107 1.50754
0.02220 2.55527 1.46410
0.01908 2.14612 1.22966
0.01263 1.42515 0.81656
0.00185 0.20946 0.12001
0.03147 3.55696 2.03809
0.02458 2.79014 1.59868
0.01532 1.74113 0.99760
0.02055 2.33703 1.33905
0.19183 21.95006 12.60184
0.01532 1.74165 0.99790
0.01651 1.89060 1.08325
0.04024 4.59352 2.63213
0.01359 1.54431 0.88483
0.06634 7.50840 4.30301
0.05456 6.14571 3.52179
0.04431 4.95925 2.84173
0.02652 2.95685 1.69421
0.02830 3.17276 1.81794
0.03092 3.42021 1.95973
0.03137 3.45731 1.98099
0.01491 1.64102 0.94025
0.01442 1.58302 0.90701
0.02635 2.88809 1.65481
0.01051 1.13670 0.65128
0.02523 2.72698 1.56249
0.03886 4.17852 2.39429
0.02515 2.69610 1.54480
0.03060 3.26604 1.87139
0.02575 2.70893 1.55215
0.02401 2.55620 1.46463
0.03613 3.80066 2.17775
0.02260 2.36455 1.35482
0.02762 2.88455 1.65278
0.00592 0.61354 0.35153
0.01305 1.35387 0.77572
0.01376 1.41813 0.81253
0.01783 1.82929 1.04812
0.02564 2.61853 1.50035
0.03736 3.80026 2.17752
0.02759 2.74524 1.57295
0.03416 3.52437 2.01942
0.05382 5.48494 3.14303
0.04674 4.76256 2.72900
0.00651 0.66547 0.38129
0.10672 10.92271 6.26136
0.04997 5.12365 2.93595
0.01917 1.96961 1.12852
0.02431 2.49270 1.42825
0.07400 7.58739 4.34830
0.02992 3.06452 1.75591
0.08688 8.90837 5.10581
0.12628 12.96037 7.43095
0.03085 3.15891 1.81000
0.01855 1.90512 1.09157
0.02235 2.29483 1.31487
0.00884 0.90500 0.51853
0.02853 2.92887 1.67818
0.01079 1.10531 0.63330
0.07638 7.84672 4.49699
0.02086 2.14184 1.22721
0.01077 1.10157 0.63115
0.01973 2.02670 1.16123
0.03080 3.15510 1.80782
0.01739 1.79031 1.02579
0.02636 2.71034 1.55296
0.02000 2.05725 1.17874
0.02385 2.45246 1.40519
0.00610 0.62972 0.36080
0.01464 1.51371 0.86730
0.00426 0.44008 0.25215
0.03103 3.20564 1.83678
0.01962 2.00990 1.15161
0.01180 1.21642 0.69696
0.01191 1.22581 0.70234
0.01232 1.27028 0.72782
0.02580 2.66384 1.52631
0.04252 4.36605 2.50176
0.01090 1.12146 0.64255
0.01956 1.98239 1.13584
0.05120 5.38958 3.08837
0.04168 4.30089 2.46442
0.03615 3.70358 2.12212
0.02271 2.32555 1.33247
0.02793 2.84116 1.62792
0.06411 6.58685 3.77467
0.01621 1.66264 0.95264
0.05854 5.97090 3.42158
0.05725 5.81754 3.33367
0.03502 3.55575 2.03740
0.06569 6.69206 3.83498
0.01684 1.71889 0.98486
0.03122 3.19071 1.82822
0.01575 1.60517 0.91971
0.03070 3.10091 1.77676
0.02661 2.68391 1.53782
0.02346 2.36276 1.35379
0.02005 2.02732 1.16159
0.01976 1.99692 1.14417
0.01668 1.67811 0.96150
0.02710 2.72786 1.56300
0.02347 2.35891 1.35159
0.02115 2.12867 1.21966
0.03112 3.12786 1.79220
0.02075 2.07897 1.19118
0.01911 1.91211 1.09558
0.01041 1.03905 0.59533
0.02235 2.22191 1.27309
0.01394 1.38646 0.79439
0.03652 3.63392 2.08220
0.01862 1.85579 1.06331
0.05497 5.46501 3.13161
0.01687 1.67910 0.96207
0.02657 2.64187 1.51372
0.01420 1.41440 0.81040
0.01034 1.03069 0.59055
0.04194 4.18803 2.39974
0.00183 0.18383 0.10533
0.00393 0.39399 0.22574
0.02804 2.82872 1.62079
0.04501 4.53360 2.59778
0.01089 1.10320 0.63209
0.00926 0.94587 0.54194
0.00982 1.00394 0.57522
0.03056 3.12834 1.79248
0.04461 4.54754 2.60577
0.03364 3.45550 1.97995
0.05090 5.25964 3.01390
0.03391 3.51699 2.01519
0.04361 4.54214 2.60268
0.01231 1.28141 0.73420
0.01026 1.07002 0.61308
0.02492 2.60696 1.49372
0.01097 1.15407 0.66124
0.00527 0.56208 0.32205
0.00761 0.81154 0.46498
0.02176 2.34915 1.34600
0.01552 1.68818 0.96727
0.02345 2.58773 1.48270
0.04991 5.53250 3.17029
0.05515 6.10027 3.49574
0.00794 0.90369 0.51778
0.10484 11.92005 6.83374
0.06390 7.32588 4.19836
0.01052 1.21950 0.69873
0.01460 1.71757 0.98411
0.12421 14.79050 8.48207
0.06052 7.35382 4.21438
0.00946 1.17073 0.67078
0.01909 2.41557 1.38405
0.02187 2.81186 1.61113
0.00250 0.32746 0.18762
0.01239 1.63954 0.93940
0.01529 2.04497 1.17170
0.02802 3.78958 2.17140
0.01407 1.91488 1.09716
0.01230 1.69364 0.97040
0.01409 1.95418 1.11968
0.02820 3.93904 2.25705
0.01757 2.47813 1.41990
0.01309 1.84629 1.05786
0.02128 3.13867 1.79840
0.01397 2.05620 1.17814
0.00400 0.59633 0.34167
0.03929 5.94093 3.40440
0.02648 4.07230 2.33342
0.01569 2.46662 1.41330
0.01082 1.73813 0.99589
0.01783 2.93904 1.68401
0.03146 5.32070 3.04889
0.03013 5.26726 3.01827
0.04908 8.82708 5.05919
0.03366 6.23567 3.57335
0.08182 15.54085 8.91323
0.00758 1.48804 0.85259
0.00471 0.94980 0.54420
0.01121 2.31507 1.32647
0.01950 4.13359 2.36854
0.06384 13.90754 7.97487
0.04147 9.26211 5.30870
0.02027 4.65969 2.67005
0.04618 10.96647 6.28648
0.04579 11.18472 6.41172
0.07584 18.93738 10.86660
0.03257 8.37593 4.80046
0.04872 12.90418 7.39869
0.02864 7.90335 4.52947
0.03898 11.11821 6.37355
0.09648 28.20979 16.21710
0.07053 20.62227 11.83673
0.02834 8.35018 4.78569
0.03737 10.50669 6.02266
0.05918 17.91534 10.27851
0.02619 7.66691 4.39389
0.02067 6.19649 3.55090
0.05217 15.66593 8.98512
0.01399 4.22800 2.42265
0.06062 19.12051 10.97200
0.42225 128.65368 80.07194
0.32318 101.45358 60.96404
0.16687 48.87780 28.29145
0.05636 16.55998 9.49904
0.01329 3.61094 2.06903
0.09427 24.90454 14.30639
0.08724 23.48779 13.48864
0.07119 18.08843 10.37809
0.02512 6.45403 3.69853
0.03979 9.57806 5.48992
0.05563 13.52941 7.75771
0.05363 12.25298 7.02484
0.03462 7.78031 4.45891
0.16056 33.98992 19.56977
0.07885 15.91002 9.12541
0.04545 8.89359 5.09733
0.08947 17.10430 9.81203
0.02418 4.59207 2.63129
0.01758 3.12628 1.79130
0.02097 3.65085 2.09190
0.02595 4.44990 2.54982
0.00758 1.24127 0.71120
0.01537 2.48929 1.42629
0.03500 5.45809 3.12764
0.03273 5.00652 2.86882
0.03091 4.62537 2.65038
0.02294 3.33648 1.91175
0.01847 2.62831 1.50595
0.01813 2.52608 1.44737
0.01783 2.44837 1.40285
0.04198 5.64276 3.23349
0.02349 3.08598 1.76820
0.02885 3.72212 2.13274
0.03326 4.22956 2.42354
0.03211 4.06006 2.32640
0.03640 4.55782 2.61166
0.01976 2.45848 1.40864
0.03497 4.31291 2.47130
0.05189 6.38754 3.66041
0.04686 5.77659 3.31020
0.01955 2.41089 1.38137
0.02284 2.81528 1.61309
0.03367 4.11497 2.35787
0.03142 3.81331 2.18500
0.02323 2.80303 1.60607
0.03064 3.70688 2.12401
0.03043 3.68457 2.11122
0.03695 4.47632 2.56496
0.02818 3.42445 1.96216
0.03914 4.75164 2.72275
0.02617 3.19237 1.82917
0.02509 3.07656 1.76281
0.02552 3.13731 1.79762
0.03122 3.84422 2.20271
0.02781 3.44477 1.97380
0.03451 4.30412 2.46627
0.02184 2.75034 1.57588
0.02460 3.10972 1.78181
0.02662 3.40101 1.94873
0.01818 2.35036 1.34669
0.02054 2.70803 1.55163
0.01769 2.38147 1.36452
0.01140 1.57665 0.90336
0.02725 3.85955 2.21150
0.00869 1.26110 0.72256
0.02697 4.02851 2.30832
0.01554 2.37513 1.36088
0.01573 2.47588 1.41861
0.03349 5.49494 3.14876
0.02458 4.16787 2.38819
0.01587 2.79752 1.60291
0.01310 2.38628 1.36727
0.01200 2.27348 1.30264
0.01685 3.32213 1.90353
0.00931 1.91847 1.09922
0.03171 6.82777 3.91279
0.01466 3.25086 1.86269
0.02216 4.99862 2.86429
0.01615 3.67778 2.10733
0.04580 10.41130 5.96793
0.03885 8.97567 5.14441
0.02216 5.09721 2.92080
0.03676 8.72217 4.99902
0.02323 5.53028 3.16902
0.01819 4.32335 2.47729
0.03750 9.25267 5.30328
0.05538 13.31837 7.63651
0.06853 17.21300 9.87454
0.07338 17.94939 10.29810
0.02915 7.53160 4.31631
0.01278 3.16208 1.81182
0.01995 5.17007 2.96256
0.00777 2.00642 1.14961
0.03776 10.28744 5.89687
0.04101 10.72835 6.14984
0.02317 5.98314 3.42860
0.02742 7.30961 4.18903
0.03272 8.22682 4.71495
0.09630 25.48067 14.63914
0.07681 19.14167 10.98418
0.00987 2.53880 1.45467
0.03340 8.11759 4.65232
0.05119 12.32972 7.06889
0.04966 12.39339 7.10544
0.00683 1.60416 0.91913
0.19988 47.43827 27.44166
0.03095 6.88782 3.94721
0.08256 17.63354 10.11641
0.05235 11.31208 6.48481
0.03003 6.17204 3.53688
0.02338 4.75983 2.72744
0.05249 10.32938 5.92093
0.03318 6.35041 3.63913
0.02547 4.69701 2.69144
0.02660 4.71813 2.70354
0.02221 3.87987 2.22314
0.01452 2.46714 1.41360
0.01080 1.80065 1.03171
0.03138 5.10699 2.92641
0.02998 4.70995 2.69885
0.05122 7.87542 4.51345
0.02700 4.02067 2.30383
0.04485 6.54840 3.75263
0.02098 3.00305 1.72069
0.00900 1.26515 0.72488
0.00644 0.88794 0.50876
0.03640 4.88627 2.79991
0.04558 5.95825 3.41433
0.01682 2.15694 1.23586
0.02935 3.70510 2.12299
0.03495 4.38127 2.51049
0.03045 3.76801 2.15904
0.02942 3.62090 2.07474
0.02194 2.72835 1.56328
0.03586 4.45947 2.55530
0.02842 3.52681 2.02082
0.02706 3.34427 1.91621
0.02185 2.70179 1.54806
0.01618 1.99009 1.14026
0.01727 2.12676 1.21857
0.00933 1.14228 0.65448
0.00912 1.09356 0.62657
0.00655 0.80650 0.46209
0.02374 2.88490 1.65299
0.02848 3.47169 1.98923
0.01044 1.26947 0.72736
0.01207 1.46289 0.83818
0.00268 0.32440 0.18587
0.02383 2.88012 1.65024
0.00756 0.91273 0.52296
0.00867 1.05032 0.60179
0.01505 1.82052 1.04309
0.00991 1.20139 0.68835
0.00933 1.13224 0.64873
0.01053 1.28128 0.73412
0.01645 2.00826 1.15067
0.01248 1.52907 0.87610
0.03535 4.33590 2.48448
0.01867 2.28906 1.31156
0.02114 2.60612 1.49324
0.00370 0.45909 0.26304
0.03451 4.31992 2.47532
0.01220 1.53249 0.87806
0.01808 2.28196 1.30750
0.01382 1.74536 1.00003
0.02355 2.98090 1.70800
0.00290 0.36911 0.21149
0.00521 0.66186 0.37922
0.03220 4.10350 2.35129
0.04228 5.40299 3.09606
0.00766 0.99589 0.57061
0.03635 4.72592 2.70800
0.11455 14.92016 8.55657
0.02071 2.70630 1.55064
0.00725 0.94734 0.54279
0.01127 1.47902 0.84743
0.01721 2.26109 1.29553
0.01878 2.47654 1.41899
0.00884 1.17201 0.67152
0.01336 1.78717 1.02399
0.02211 2.96354 1.69805
0.01149 1.53950 0.88208
0.02014 2.66682 1.52802
0.01203 1.64596 0.94308
0.02110 2.89798 1.66048
0.04624 6.46064 3.70232
0.02292 3.16786 1.81513
0.03195 4.38294 2.51144
0.03066 4.21585 2.41568
0.03763 5.22205 2.99235
0.01828 2.55973 1.46666
0.01312 1.84668 1.05808
0.01540 2.17764 1.24772
0.01253 1.77855 1.01905
0.02639 3.78010 2.16597
0.02149 3.09453 1.77311
0.02954 4.25921 2.44053
0.02423 3.52464 2.01957
0.03701 5.42481 3.10857
0.02214 3.26564 1.87116
0.02522 3.73998 2.14298
0.02480 3.70787 2.12457
0.00659 1.00097 0.57352
0.00755 1.15645 0.66260
0.01276 1.96230 1.12433
0.01183 1.82267 1.04433
0.02739 4.23675 2.42766
0.01747 2.71196 1.55389
0.00657 1.02233 0.58576
0.00270 0.42447 0.24321
0.04910 7.73009 4.43012
0.01824 2.89720 1.66003
0.00260 0.41364 0.23700
0.00781 1.24816 0.71515
0.01623 2.60997 1.49545
0.02012 3.22568 1.84826
0.00942 1.50084 0.85992
0.00336 0.52987 0.30359
0.00429 0.66644 0.38184
0.02726 4.16724 2.38783
0.03607 5.41676 3.10396
0.01020 1.52058 0.87124
0.01831 2.68934 1.54092
0.00617 0.89242 0.51132
0.05425 7.69638 4.41079
0.02209 3.08163 1.76572
0.04016 5.54384 3.17679
0.00936 1.27915 0.73291
0.02654 3.55868 2.03908
0.02249 2.94249 1.68598
0.03110 3.99280 2.28786
0.03195 4.02156 2.30434
0.04215 5.20412 2.98208
0.04458 5.42367 3.10791
0.02337 2.78752 1.59718
0.00731 0.86059 0.49308
0.04750 5.45199 3.12415
0.02779 3.21938 1.84465
0.01891 2.13397 1.22270
0.03491 3.85252 2.20747
0.02475 2.70045 1.54729
0.03869 4.16689 2.38763
0.03557 3.78159 2.16682
0.02826 2.96993 1.70171
0.09137 9.50009 5.44520
0.01375 1.41942 0.81327
0.02264 2.31484 1.32634
0.04557 4.59407 2.63244
0.03043 3.05421 1.75000
0.02983 3.00134 1.71970
0.01237 1.24486 0.71326
0.02851 2.85650 1.63671
0.03091 3.06536 1.75639
0.01303 1.29025 0.73926
0.03586 3.54133 2.02914
0.03580 3.54718 2.03249
0.00055 0.05496 0.03149
0.00584 0.58262 0.33382
0.02336 2.31106 1.32417
0.02102 2.09741 1.20175
0.01168 1.17780 0.67484
0.01166 1.16168 0.66560
0.02233 2.23750 1.28202
0.02563 2.57143 1.47336
0.00884 0.88859 0.50912
0.06156 6.18895 3.54657
0.05734 5.76705 3.30473
0.06351 6.41872 3.67829
0.00813 0.82822 0.47454
0.04493 4.58699 2.62838
0.01336 1.36759 0.78358
0.03698 3.78293 2.16759
0.01585 1.62321 0.93004
0.02243 2.33405 1.33735
0.00828 0.86180 0.49377
0.03549 3.71435 2.12829
0.00625 0.65786 0.37693
0.01652 1.73714 0.99532
0.04045 4.25512 2.43819
0.02618 2.76750 1.58571
0.01486 1.57480 0.90230
0.03217 3.45715 1.98090
0.01229 1.31374 0.75272
0.02166 2.31988 1.32922
0.01293 1.39076 0.79685
0.01685 1.81659 1.04085
0.00517 0.55909 0.32034
0.00876 0.94556 0.54177
0.02217 2.38811 1.36832
0.01131 1.21781 0.69776
0.03488 3.75699 2.15273
0.00747 0.80519 0.46134
0.01768 1.89695 1.08689
0.01838 1.97144 1.12957
0.02148 2.30927 1.32314
0.02330 2.50703 1.43646
0.04191 4.48113 2.56771
0.02419 2.55588 1.46445
0.00979 1.06051 0.60763
0.02458 2.62376 1.50335
0.03180 3.38016 1.93678
0.01830 1.93858 1.11074
0.04973 5.27603 3.02329
0.03615 3.83776 2.19901
0.02341 2.46811 1.41416
0.04998 5.27760 3.02419
0.01513 1.59501 0.91388
0.03307 3.49646 2.00343
0.02743 2.89178 1.65692
0.05038 5.32399 3.05078
0.01693 1.78704 1.02391
0.02380 2.49311 1.42848
0.04593 4.82542 2.76503
0.02948 3.11802 1.78656
0.01848 1.96117 1.12369
0.05752 6.13915 3.51803
0.02630 2.80329 1.60622
0.01541 1.64302 0.94139
0.03424 3.65251 2.09285
0.03300 3.51366 2.01328
0.05101 5.48994 3.14590
0.06824 7.36686 4.22185
0.01320 1.43796 0.82390
0.00695 0.76637 0.43910
0.01550 1.73489 0.99403
0.05452 6.15761 3.52861
0.01908 2.19044 1.25505
0.03739 4.39927 2.52080
0.01731 2.08283 1.19339
0.00284 0.34580 0.19813
0.03586 4.38612 2.51326
0.00815 0.99716 0.57134
0.02209 2.70624 1.55061
0.03028 3.70565 2.12330
0.04298 5.28295 3.02726
0.03723 4.57617 2.62218
0.02989 3.68125 2.10932
0.01720 2.13027 1.22058
0.01707 2.13071 1.22083
0.01267 1.59855 0.91591
0.02829 3.56369 2.04195
0.01200 1.51148 0.86602
0.01968 2.48129 1.42171
0.04628 5.88438 3.37199
0.03369 4.27693 2.45069
0.03337 4.23369 2.42590
0.00842 1.08979 0.62441
0.00719 0.93283 0.53447
0.01065 1.38155 0.79157
0.03696 4.80159 2.75137
0.03451 4.46566 2.55885
0.04994 6.46695 3.70593
0.01807 2.36764 1.35659
0.02840 3.76762 2.15881
0.04474 6.00764 3.44264
0.01144 1.56745 0.89809
0.02162 3.02696 1.73439
0.03280 4.70409 2.69549
0.05830 8.61408 4.93703
0.02478 3.78103 2.16650
0.00510 0.81370 0.46622
0.01923 3.20156 1.83444
0.00790 1.37899 0.79011
0.02239 4.08042 2.33807
0.01713 3.27536 1.87673
0.02825 5.64401 3.23421
0.02064 4.29414 2.46055
0.01080 2.31295 1.32525
0.02538 5.45071 3.12341
0.04444 9.76253 5.59574
0.01153 2.55017 1.46118
0.03634 8.15857 4.67582
0.01750 3.86406 2.21408
0.02145 5.21953 2.99091
0.02479 6.07836 3.48318
0.02968 7.64369 4.38058
0.02547 6.97792 3.99887
0.03029 8.89245 5.09668
0.00972 3.05285 1.74922
0.02582 8.11978 4.65357
0.06087 19.26730 11.05650
0.01545 4.89400 2.80434
0.01996 6.41625 3.67687
0.00992 3.21272 1.84083
0.02513 8.27596 4.74313
0.03491 11.49905 6.59211
0.01538 5.19384 2.97619
0.01489 5.06112 2.90012
0.01330 4.49782 2.57728
0.00836 2.78985 1.59852
0.02933 9.60490 5.50532
0.03023 9.86767 5.65605
0.00486 1.54818 0.88705
0.02580 8.08490 4.63357
0.02823 8.72424 5.00021
0.04937 15.00939 8.60784
0.04064 12.11671 6.94662
0.02753 7.93216 4.54599
0.03059 8.63954 4.95163
0.00492 1.33694 0.76602
0.07382 19.55457 11.22187
0.02461 6.28921 3.60405
0.01214 2.99191 1.71430
0.04353 10.55308 6.04928
0.01874 4.37258 2.50550
0.02792 6.38616 3.65962
0.02337 5.18482 2.97101
0.04399 9.49025 5.43955
0.01776 3.78584 2.16926
0.05008 10.31963 5.91534
0.08654 17.42167 9.99455
0.00962 1.90230 1.08995
0.04380 8.43297 4.83317
0.03563 6.85583 3.92887
0.11822 21.96524 12.61060
0.08230 15.12902 8.67658
0.01485 2.67829 1.53459
0.08553 14.99124 8.59741
0.06782 11.79698 6.76310
0.01736 2.93622 1.68239
0.03886 6.51297 3.73232
0.04231 6.84432 3.92227
0.05825 9.41338 5.39546
0.03148 4.99964 2.86488
0.01940 3.00703 1.72297
0.01933 3.01964 1.73019
0.07558 11.44734 6.56243
0.02933 4.47930 2.56666
0.02306 3.51076 2.01162
0.01862 2.74574 1.57324
0.00952 1.41752 0.81219
0.03563 5.12676 2.93774
0.02673 3.83080 2.19502
0.04856 6.77463 3.88232
0.04769 6.65117 3.81155
0.00962 1.32736 0.76053
0.00692 0.93856 0.53775
0.03938 5.30707 3.04108
0.02467 3.26181 1.86896
0.01766 2.33040 1.33525
0.01674 2.16982 1.24324
0.02260 2.89938 1.66128
0.04546 5.78722 3.31629
0.04347 5.50796 3.15623
0.03739 4.71829 2.70363
0.04263 5.33195 3.05535
0.08302 10.22994 5.86388
0.04431 5.39309 3.09039
0.01874 2.24880 1.28849
0.02988 3.59134 2.05779
0.01240 1.48171 0.84897
0.02986 3.55019 2.03422
0.00748 0.88535 0.50727
0.01356 1.59112 0.91166
0.02177 2.50924 1.43772
0.03724 4.47790 2.56586
0.03508 4.10545 2.35241
0.03376 3.94954 2.26307
0.04096 4.81682 2.76010
0.02945 3.42879 1.96465
0.02389 2.85316 1.63479
0.01920 2.27745 1.30491
0.02783 3.32338 1.90424
0.02371 2.84834 1.63203
0.01422 1.71580 0.98309
0.01266 1.54671 0.88621
0.02951 3.67524 2.10587
0.01767 2.24130 1.28420
0.01443 1.87233 1.07278
0.01738 2.30696 1.32182
0.02038 2.74980 1.57557
0.01648 2.35392 1.34873
0.00446 0.64401 0.36899
0.01201 1.74832 1.00173
0.01001 1.49970 0.85927
0.02672 4.21699 2.41634
0.01963 3.10084 1.77672
0.00943 1.51669 0.86901
0.01332 2.27582 1.30398
0.00819 1.38246 0.79210
0.02945 5.15133 2.95182
0.03177 5.57536 3.19486
0.03766 6.63674 3.80327
0.03195 5.77849 3.31129
0.01169 2.12656 1.21845
0.01234 2.32740 1.33353
0.01151 2.23163 1.27866
0.00722 1.39368 0.79853
0.05636 11.35801 6.51116
0.08860 17.38107 9.97120
0.04394 9.11481 5.22421
0.10974 21.82839 12.53171
0.09191 19.57363 11.23284
0.03587 7.20310 4.12797
0.04646 10.06984 5.77203
0.08789 17.78423 10.20309
0.04992 11.02242 6.31858
0.03695 8.23162 4.71770
0.03318 6.89989 3.95413
0.03738 8.36778 4.79579
0.03493 7.24480 4.15187
0.10676 23.48053 13.48445
0.04299 8.74435 5.01174
0.06396 13.74522 7.88165
0.06900 13.87547 7.95645
0.03094 6.42502 3.68190
0.02522 5.09616 2.92020
0.04800 9.19069 5.26773
0.04552 8.74565 5.01249
0.02788 5.07997 2.91092
0.03276 6.10461 3.49823
0.01911 3.35612 1.92300
0.02060 3.73032 2.13744
0.01666 2.86468 1.64140
0.00958 1.60239 0.91811
0.00519 0.83499 0.47841
0.06303 10.17038 5.82971
0.01411 2.18755 1.25340
0.00885 1.34653 0.77151
0.00809 1.21022 0.69341
0.03085 4.50625 2.58211
0.03474 4.98893 2.85874
0.00673 0.94563 0.54181
0.00853 1.17532 0.67341
0.02280 3.08150 1.76564
0.01018 1.34936 0.77313
0.01114 1.45844 0.83563
0.03638 4.66115 2.67088
0.00887 1.12123 0.64242
0.03733 4.64379 2.66093
0.00924 1.13114 0.64810
0.03826 4.61374 2.64371
0.01796 2.13506 1.22332
0.00478 0.56058 0.32119
0.01704 1.96395 1.12528
0.02574 2.93968 1.68438
0.01383 1.55228 0.88940
0.01327 1.47425 0.84469
0.00994 1.09270 0.62608
0.00860 0.93678 0.53674
0.07519 8.12411 4.65605
0.03029 3.24348 1.85846
0.01701 1.80991 1.03702
0.05985 6.33255 3.62889
0.01044 1.10005 0.63028
0.01334 1.40272 0.80371
0.04735 4.96031 2.84234
0.00634 0.66518 0.38112
0.04960 5.21085 2.98594
0.01692 1.77801 1.01874
0.00914 0.96564 0.55327
0.02289 2.39809 1.37404
0.00512 0.53769 0.30808
0.01559 1.63740 0.93817
0.00636 0.67217 0.38513
0.00429 0.45557 0.26102
0.01709 1.81688 1.04101
0.01980 2.10710 1.20730
0.02439 2.59732 1.48820
0.01662 1.77724 1.01830
0.01010 1.08146 0.61964
0.03136 3.36672 1.92908
0.01419 1.52771 0.87532
0.03262 3.51210 2.01239
0.00518 0.55988 0.32079
0.01410 1.51873 0.87018
0.02584 2.78417 1.59526
0.03624 3.90277 2.23627
0.11638 12.48922 7.16045
0.01673 1.80144 1.03216
0.01517 1.62897 0.93334
0.00934 1.00360 0.57502
0.01220 1.30583 0.74819
0.04244 4.52693 2.59396
0.02836 3.02032 1.73058
0.02814 2.98093 1.70801
0.03411 3.61205 2.06966
0.02083 2.19690 1.25876
0.03724 3.90332 2.23658
0.00396 0.41455 0.23752
0.02873 3.00683 1.72285
0.01802 1.88300 1.07890
0.01389 1.43685 0.82326
0.01724 1.77369 1.01626
0.03391 3.46489 1.98534
0.03353 3.41274 1.95545
0.02643 2.66725 1.52827
0.03812 3.83037 2.19477
0.02801 2.79924 1.60390
0.01212 1.19080 0.68228
0.00333 0.33018 0.18918
0.01154 1.12801 0.64631
0.00934 0.91581 0.52472
0.00611 0.59641 0.34172
0.01148 1.10857 0.63517
0.00776 0.74407 0.42632
0.05825 5.55077 3.18076
0.02500 2.36549 1.35536
0.07278 6.88664 3.94653
0.05135 4.81076 2.75663
0.04618 4.33663 2.48490
0.03846 3.60201 2.06391
0.04534 4.24077 2.42997
0.02228 2.08575 1.19507
0.00904 0.84620 0.48484
0.01150 1.07295 0.61476
0.09849 9.21685 5.28274
0.05252 4.91063 2.81386
0.04098 3.82899 2.19398
0.04678 4.37664 2.50783
0.00994 0.93124 0.53356
0.00899 0.83996 0.48126
0.01480 1.38612 0.79420
0.01481 1.38392 0.79294
0.01037 0.97210 0.55698
0.00770 0.72168 0.41349
0.02562 2.39580 1.37273
0.02348 2.20081 1.26100
0.01291 1.20665 0.69136
0.01870 1.75042 1.00293
0.01377 1.29286 0.74076
0.00346 0.32394 0.18560
0.03681 3.45400 1.97910
0.00875 0.82168 0.47079
0.02430 2.28145 1.30720
0.03330 3.11870 1.78695
0.01986 1.84752 1.05857
0.02437 2.26111 1.29555
0.02813 2.61515 1.49841
0.06328 5.85886 3.35736
0.02692 2.49152 1.42757
0.01902 1.76088 1.00892
0.03219 2.96794 1.70057
0.01949 1.80036 1.03155
0.03305 3.05504 1.75048
0.01042 0.95891 0.54942
0.03809 3.49815 2.00439
0.02529 2.30459 1.32046
0.01778 1.61992 0.92816
0.05848 5.32106 3.04910
0.03342 3.03998 1.74185
0.04629 4.15883 2.38300
0.04574 4.11122 2.35572
0.03514 3.15950 1.81033
0.02081 1.87984 1.07708
0.04136 3.70974 2.12564
0.03180 2.82785 1.62029
0.02167 1.90394 1.09089
0.01889 1.66535 0.95419
0.01763 1.54988 0.88803
0.01069 0.93534 0.53591
0.01677 1.46344 0.83850
0.02042 1.77495 1.01699
0.04739 4.10977 2.35489
0.02533 2.18480 1.25182
0.01307 1.12680 0.64561
0.01635 1.40150 0.80301
0.02218 1.89306 1.08466
0.01411 1.20354 0.68958
0.04426 3.78287 2.16755
0.02541 2.18134 1.24984
0.02851 2.44414 1.40042
0.01692 1.45438 0.83331
0.02160 1.86109 1.06634
0.03371 2.90558 1.66484
0.02660 2.29920 1.31737
0.03053 2.64310 1.51443
0.03636 3.16147 1.81146
0.03570 3.10093 1.77677
0.10673 9.31684 5.34009
0.01438 1.26558 0.72513
0.01193 1.04856 0.60078
0.01824 1.60757 0.92108
0.01073 0.94568 0.54184
0.05161 4.57648 2.62236
0.02296 2.04229 1.17017
0.01409 1.27089 0.72817
0.02548 2.29966 1.31764
0.03875 3.52753 2.02123
0.00777 0.71862 0.41174
0.01087 1.01403 0.58100
0.03567 3.37034 1.93116
0.07338 7.03834 4.03351
0.01543 1.49390 0.85595
0.04584 4.56987 2.61857
0.05830 5.85022 3.35241
0.06558 6.70424 3.84197
0.01657 1.72151 0.98636
0.08784 9.24414 5.29839
0.01856 1.99904 1.14538
0.01217 1.33066 0.76242
0.11187 12.45268 7.13948
0.01250 1.42236 0.81496
0.01864 2.15711 1.23596
0.00438 0.51928 0.29752
0.01519 1.81634 1.04070
0.01065 1.29979 0.74473
0.01498 1.85046 1.06025
0.01981 2.56087 1.46731
0.04202 5.90195 3.38206
0.00902 1.26508 0.72484
0.00818 1.14749 0.65746
0.01899 2.66459 1.52674
0.04289 6.02639 3.45339
0.04355 6.11979 3.50693
0.01726 2.42412 1.38895
0.02155 3.02869 1.73538
0.06357 8.94040 5.12418
0.03081 4.33711 2.48518
0.02549 3.58438 2.05381
0.03446 4.85242 2.78050
0.06805 9.58166 5.49199
0.08023 11.30057 6.47820
0.16574 22.52156 12.93133
0.05120 8.35812 4.79025
0.03591 6.04102 3.46178
0.03462 6.00257 3.43973
0.02718 4.88647 2.80002
0.05034 9.44517 5.41370
0.03414 6.63188 3.80049
0.03814 7.81048 4.47621
0.13366 28.78676 16.55109
0.00494 1.13103 0.64803
0.01360 3.30794 1.89540
0.03557 9.21869 5.28379
0.03993 11.12706 6.37863
0.00568 1.70450 0.97662
0.00091 0.29322 0.16800
0.01933 6.69506 3.83671
0.01877 7.03376 4.03088
0.02945 11.95351 6.85294
0.01917 8.25569 4.73150
0.05842 26.40337 15.17231
0.00926 4.31121 2.47033
0.02575 12.37259 7.09350
0.01452 7.16201 4.10441
0.02580 13.01359 7.46151
0.04656 23.61079 13.55961
0.06986 35.20500 20.27662
0.04254 21.35967 12.26157
0.04684 23.52976 13.51286
0.11884 60.16147 35.01220
0.01113 5.63866 3.23114
0.01594 8.02972 4.60193
0.03435 17.35756 9.95768
0.03623 18.33314 10.51888
0.00424 2.10991 1.20891
0.01437 6.76312 3.87572
0.00285 1.24613 0.71398
0.01415 5.64242 3.23330
0.02821 10.41249 5.96861
0.02539 8.77197 5.02758
0.01754 5.75517 3.29792
0.01859 5.73512 3.28643
0.00430 1.25631 0.71982
0.01511 4.09943 2.34896
0.00839 2.14784 1.23064
0.04640 11.19463 6.41740
0.02813 6.37952 3.65581
0.01995 4.30237 2.46526
0.03887 7.96011 4.56201
0.02714 5.35927 3.07100
0.04553 8.64507 4.95481
0.02033 3.74018 2.14309
0.02608 4.67642 2.67964
0.01440 2.49647 1.43041
0.00650 1.08802 0.62339
0.01472 2.37510 1.36086
0.02958 4.61821 2.64628
0.02597 3.92004 2.24616
0.01229 1.80749 1.03563
0.02376 3.43754 1.96966
0.05737 8.12202 4.65485
0.03473 4.82800 2.76651
0.01413 1.89983 1.08854
0.07628 9.92032 5.68626
0.06442 8.13731 4.66362
0.02612 3.23785 1.85523
0.04709 5.79057 3.31822
0.01264 1.51725 0.86933
0.02309 2.74356 1.57199
0.04136 4.77243 2.73466
0.02702 3.06645 1.75701
0.03513 3.94493 2.26043
0.03709 4.11511 2.35795
0.04570 5.00185 2.86615
0.05136 5.55605 3.18379
0.02191 2.34589 1.34413
0.01414 1.49570 0.85698
0.01006 1.04934 0.60123
0.01048 1.08076 0.61923
0.02710 2.75601 1.57913
0.01184 1.19761 0.68618
0.02850 2.86021 1.63883
0.00689 0.68680 0.39351
0.01216 1.20883 0.69261
0.00750 0.73830 0.42302
0.01799 1.76005 1.00845
0.02946 2.86604 1.64217
0.03283 3.18434 1.82457
0.01709 1.64433 0.94214
0.00568 0.54583 0.31274
0.01298 1.23422 0.70716
0.00367 0.34861 0.19974
0.02779 2.63837 1.51172
0.01957 1.84306 1.05601
0.01632 1.53715 0.88073
0.01396 1.31351 0.75259
0.00809 0.76032 0.43563
0.00754 0.70955 0.40654
0.04602 4.31879 2.47468
0.01381 1.30378 0.74702
0.01120 1.05543 0.60472
0.03730 3.50277 2.00704
0.01430 1.33610 0.76553
0.01687 1.57707 0.90360
0.01533 1.44207 0.82625
0.01904 1.80265 1.03286
0.00703 0.66569 0.38141
0.01684 1.59078 0.91146
0.00653 0.61154 0.35039
0.03866 3.61459 2.07112
0.01026 0.95857 0.54922
0.02167 2.02980 1.16301
0.02744 2.57161 1.47347
0.04023 3.77459 2.16281
0.03689 3.45784 1.98130
0.01752 1.63344 0.93590
0.01354 1.26263 0.72344
0.02744 2.54963 1.46087
0.03196 2.99192 1.71431
0.01301 1.21753 0.69760
0.02085 1.94710 1.11562
0.02454 2.27955 1.30611
0.04077 3.77095 2.16072
0.02522 2.33134 1.33579
0.03594 3.33664 1.91184
0.11796 10.97055 6.28882
0.15648 14.50214 8.31641
0.03103 2.87348 1.64644
0.02724 2.52107 1.44450
0.05598 5.17917 2.96778
0.02987 2.76044 1.58167
0.05693 5.25747 3.01265
0.04753 4.39678 2.51937
0.06431 5.95593 3.41300
0.03960 3.65195 2.09253
0.05455 5.01413 2.87319
0.02649 2.42208 1.38778
0.03905 3.57089 2.04608
0.03306 3.02922 1.73568
0.02094 1.92000 1.10010
0.06286 5.75777 3.29941
0.04428 4.06493 2.32919
0.05505 5.06969 2.90503
0.02517 2.29093 1.31263
0.02853 2.59948 1.48943
0.01364 1.24516 0.71343
0.01602 1.45946 0.83622
0.04498 4.09376 2.34571
0.01195 1.08811 0.62344
0.02605 2.36774 1.35665
0.01653 1.50329 0.86133
0.02979 2.69812 1.54596
0.01475 1.33756 0.76637
0.00999 0.90643 0.51935
0.02882 2.60887 1.49482
0.03012 2.72160 1.55941
0.00994 0.89453 0.51253
0.01084 0.97914 0.56101
0.01614 1.45773 0.83522
0.01176 1.05933 0.60696
0.01095 0.98233 0.56284
0.01497 1.34523 0.77077
0.01764 1.58420 0.90769
0.00583 0.52074 0.29836
0.02470 2.21138 1.26705
0.02528 2.25421 1.29159
0.01114 0.99807 0.57186
0.02720 2.42725 1.39075
0.00857 0.76481 0.43821
0.01240 1.10268 0.63179
0.02620 2.31813 1.32822
0.01796 1.58923 0.91057
0.00895 0.79106 0.45325
0.05874 5.18961 2.97376
0.04823 4.25495 2.43809
0.02842 2.51068 1.43855
0.04312 3.79490 2.17445
0.08835 7.78942 4.46414
0.05752 5.05553 2.89692
0.02123 1.86235 1.06706
0.02904 2.55263 1.46259
0.02617 2.29176 1.31311
0.02139 1.87265 1.07296
0.02460 2.15826 1.23662
0.02216 1.94642 1.11524
0.01076 0.94206 0.53976
0.01424 1.24535 0.71354
0.01175 1.02484 0.58719
0.02080 1.83148 1.04938
0.00925 0.81089 0.46461
0.00360 0.31600 0.18106
0.01934 1.69384 0.97051
0.01104 0.97335 0.55769
0.02204 1.94584 1.11490
0.03507 3.08285 1.76642
0.03827 3.34584 1.91711
0.03260 2.88342 1.65213
0.02436 2.16453 1.24021
0.04679 4.20192 2.40770
0.04592 4.12140 2.36155
0.01434 1.27932 0.73300
0.02386 2.12409 1.21703
0.03228 2.88455 1.65278
0.00463 0.41785 0.23941
0.01933 1.75343 1.00466
0.03687 3.39497 1.94527
0.03462 3.20432 1.83602
0.02069 1.90414 1.09101
0.04298 3.92189 2.24722
0.02324 2.13037 1.22064
0.02593 2.41950 1.38631
0.02041 1.93497 1.10867
0.01273 1.21280 0.69489
0.01929 1.89276 1.08449
0.05843 5.66125 3.24409
0.03498 3.37817 1.93564
0.01003 0.97152 0.55664
0.02139 2.09514 1.20045
0.01352 1.33594 0.76544
0.00711 0.71128 0.40753
0.02926 2.93942 1.68423
0.01930 1.95142 1.11810
0.03249 3.33273 1.90960
0.01748 1.78361 1.02194
0.01140 1.16804 0.66924
0.04442 4.58045 2.62464
0.02316 2.42750 1.39089
0.00586 0.61749 0.35379
0.02063 2.17278 1.24494
0.01270 1.34631 0.77138
0.08201 8.73089 5.00402
0.02146 2.31809 1.32820
0.04188 4.53989 2.60139
0.03400 3.70035 2.12027
0.04666 5.08900 2.91610
0.04787 5.24742 3.00690
0.01912 2.10790 1.20776
0.02521 2.78559 1.59608
0.03746 4.17897 2.39455
0.00464 0.52267 0.29947
0.00831 0.93683 0.53677
0.01344 1.51292 0.86685
0.06280 7.06037 4.04613
0.01722 1.95638 1.12094
0.02887 3.31571 1.89985
0.01317 1.52655 0.87466
0.00970 1.13045 0.64770
0.01141 1.33110 0.76267
0.02513 2.92939 1.67848
0.02245 2.63877 1.51195
0.01810 2.13976 1.22601
0.01292 1.54821 0.88707
0.04131 4.95870 2.84141
0.03403 4.13381 2.36867
0.05395 6.65846 3.81572
0.02369 2.99115 1.71387
0.02492 3.17226 1.81765
0.03151 4.07970 2.33766
0.01070 1.40308 0.80391
0.00583 0.77674 0.44504
0.00706 0.95670 0.54815
0.01668 2.27685 1.30457
0.01300 1.81584 1.04041
0.03991 5.65375 3.23979
0.01570 2.26067 1.29530
0.01082 1.57792 0.90409
0.13510 20.03977 11.50124
0.04209 6.32390 3.62393
0.04196 6.41791 3.67782
0.06105 9.51561 5.45410
0.07399 11.77235 6.74896
0.08555 13.90292 7.97222
0.06161 10.26222 5.88240
0.43569 73.83122 43.32716
0.05230 8.98169 5.14786
0.02836 4.97870 2.85288
0.05145 9.11556 5.22464
0.05008 9.11564 5.22468
0.04033 7.48604 4.29019
0.02071 3.95329 2.26521
0.02304 4.45869 2.55485
0.01538 3.04123 1.74256
0.02178 4.38972 2.51533
0.03027 6.22997 3.57009
0.03331 7.04668 4.03828
0.04193 9.03526 5.17858
0.03112 6.90088 3.95470
0.05262 12.10176 6.93803
0.05289 12.56006 7.20112
0.02034 4.98793 2.85817
0.00939 2.38603 1.36713
0.02424 6.26591 3.59069
0.03169 8.62334 4.94234
0.06356 17.47356 10.02439
0.01272 3.60003 2.06277
0.22361 66.52901 38.85880
0.09265 27.16453 15.61239
0.00864 2.70649 1.55075
0.29936 91.79566 54.64239
0.01487 4.61639 2.64523
0.20837 66.97687 39.13101
0.22060 69.54085 40.69392
0.02364 7.70469 4.41555
0.00978 3.14372 1.80129
0.02799 9.19314 5.26914
0.03827 12.92644 7.41147
0.05756 19.09915 10.95971
0.03793 12.82168 7.35133
0.02104 7.12712 4.08440
0.03565 12.52222 7.17940
0.05481 19.19342 11.01397
0.04476 15.38372 8.82294
0.03798 12.90512 7.39923
0.01313 4.43297 2.54011
0.06208 20.96904 12.03650
0.04445 15.30856 8.77975
0.02375 8.02786 4.60086
0.07083 23.89484 13.72351
0.03766 12.75558 7.31337
0.02632 8.74790 5.01378
0.16475 54.80540 31.80808
0.03344 10.88222 6.23813
0.01466 4.67336 2.67788
0.03326 10.26954 5.88660
0.02497 7.61874 4.36627
0.05805 17.49558 10.03706
0.02396 7.13750 4.09035
0.00516 1.47482 0.84502
0.02329 6.75510 3.87112
0.01809 5.01682 2.87473
0.04508 12.20802 6.99903
0.00600 1.59491 0.91383
0.02188 5.65735 3.24186
0.04242 10.41443 5.96973
0.03778 8.97301 5.14288
0.03326 7.56264 4.33410
0.06583 14.20607 8.14634
0.01008 2.11752 1.21327
0.01576 3.20414 1.83592
0.00877 1.70706 0.97809
0.02339 4.36499 2.50116
0.02867 5.13613 2.94311
0.01471 2.54033 1.45554
0.03790 6.25704 3.58561
0.00756 1.20839 0.69236
0.00792 1.21297 0.69498
0.02959 4.32650 2.47910
0.03292 4.62659 2.65108
0.02013 2.71164 1.55370
0.01794 2.34819 1.34545
0.01694 2.15486 1.23467
0.02738 3.38926 1.94200
0.01574 1.88041 1.07741
0.02046 2.37395 1.36020
0.01737 1.96731 1.12721
0.02311 2.55149 1.46194
0.03947 4.26203 2.44215
0.01462 1.54007 0.88240
0.02078 2.13326 1.22229
0.04795 4.80551 2.75362
0.03830 3.74863 2.14793
0.01801 1.72405 0.98782
0.01189 1.11388 0.63821
0.03350 3.07618 1.76259
0.02250 2.02317 1.15921
0.02084 1.82642 1.04647
0.03520 3.03266 1.73765
0.02721 2.30309 1.31960
0.04635 3.90328 2.23656
0.00616 0.51841 0.29703
0.01475 1.24804 0.71508
0.01188 1.01025 0.57883
0.03279 2.79348 1.60060
0.02325 1.97434 1.13123
0.00688 0.58454 0.33492
0.02476 2.10641 1.20691
0.01101 0.93109 0.53348
0.04223 3.58427 2.05375
0.03273 2.77419 1.58955
0.04561 3.86662 2.21555
0.01739 1.47560 0.84547
0.01779 1.51172 0.86616
0.02092 1.78111 1.02051
0.01452 1.24139 0.71127
0.03750 3.20000 1.83354
0.01539 1.32226 0.75761
0.01669 1.43248 0.82076
0.01058 0.91219 0.52265
0.03024 2.60636 1.49338
0.02738 2.36426 1.35465
0.01677 1.45098 0.83136
0.01998 1.73360 0.99329
0.02270 1.97499 1.13160
0.02927 2.55269 1.46262
0.00100 0.08713 0.04992
0.03036 2.66514 1.52706
0.03301 2.90421 1.66405
0.00963 0.84970 0.48685
0.00289 0.25471 0.14594
0.01982 1.75181 1.00372
0.01653 1.45900 0.83595
0.00327 0.29033 0.16635
0.02772 2.48204 1.42214
0.00926 0.83105 0.47616
0.01575 1.41840 0.81269
0.01404 1.25978 0.72181
0.00275 0.24800 0.14210
0.02025 1.83807 1.05315
0.01986 1.80815 1.03601
0.01312 1.19427 0.68427
0.03041 2.76650 1.58514
0.03120 2.83686 1.62545
0.01579 1.43606 0.82281
0.02371 2.16572 1.24089
0.03571 3.28753 1.88370
0.02741 2.52395 1.44615
0.02037 1.87277 1.07304
0.01625 1.48615 0.85151
0.03892 3.54880 2.03342
0.03251 2.96533 1.69907
0.02772 2.52031 1.44407
0.02704 2.47512 1.41818
0.00801 0.73488 0.42106
0.02479 2.28008 1.30642
0.02915 2.68248 1.53699
0.03004 2.77251 1.58858
0.03545 3.28042 1.87963
0.02051 1.89933 1.08825
0.04932 4.58104 2.62497
0.04404 4.08332 2.33973
0.01500 1.39846 0.80126
0.00973 0.90928 0.52098
0.02485 2.32861 1.33422
0.01994 1.87603 1.07490
0.03508 3.29366 1.88722
0.02877 2.70996 1.55274
0.02740 2.59414 1.48638
0.04001 3.78229 2.16722
0.02983 2.83492 1.62434
0.01220 1.15912 0.66413
0.00935 0.89483 0.51270
0.02273 2.17084 1.24382
0.00761 0.73038 0.41848
0.00876 0.84306 0.48304
0.01210 1.16450 0.66721
0.00401 0.38717 0.22183
0.02109 2.04399 1.17114
0.01016 0.99103 0.56782
0.01116 1.08193 0.61990
0.01724 1.68052 0.96288
0.01924 1.88141 1.07798
0.01420 1.39319 0.79824
0.01040 1.02333 0.58632
0.01210 1.18955 0.68157
0.01422 1.40281 0.80376
0.04074 4.04004 2.31493
0.00442 0.43941 0.25177
0.02451 2.44903 1.40323
0.03826 3.81524 2.18611
0.00241 0.24148 0.13836
0.04652 4.67182 2.67700
0.06742 6.81131 3.90335
0.08941 9.06944 5.19819
0.02290 2.32298 1.33100
0.04452 4.53455 2.59833
0.02252 2.29839 1.31691
0.02941 3.01156 1.72556
0.03757 3.86046 2.21202
0.03841 3.95329 2.26521
0.01075 1.11530 0.63902
0.02557 2.64984 1.51829
0.03630 3.76614 2.15797
0.04700 4.88434 2.79880
0.03864 4.01767 2.30211
0.05625 5.88831 3.37424
0.03545 3.70452 2.12265
0.02449 2.56058 1.46714
0.01644 1.70969 0.97959
0.01767 1.83698 1.05253
0.02321 2.41343 1.38283
0.05548 5.74677 3.29311
0.04334 4.48908 2.57227
0.09379 9.66101 5.53751
0.07019 7.21966 4.13746
0.05541 5.66034 3.24357
0.09809 9.94627 5.70115
0.04708 4.77266 2.73479
0.03121 3.12584 1.79105
0.04825 4.83753 2.77197
0.04319 4.31686 2.47357
0.01945 1.91823 1.09908
0.03466 3.41357 1.95592
0.01308 1.28188 0.73447
0.06109 5.96473 3.41805
0.00649 0.63064 0.36133
0.01537 1.48333 0.84990
0.03612 3.44056 1.97139
0.02578 2.44211 1.39926
0.02921 2.74203 1.57111
0.02749 2.57355 1.47458
0.04181 3.89785 2.23345
0.04084 3.77417 2.16257
0.02711 2.49381 1.42889
0.02826 2.58753 1.48258
0.03264 2.96342 1.69798
0.03561 3.22408 1.84734
0.02637 2.36905 1.35740
0.02364 2.11479 1.21171
0.01496 1.31593 0.75398
0.02109 1.91476 1.09709
0.01805 1.62100 0.92878
0.01397 1.24466 0.71314
0.02695 2.41415 1.38324
0.00306 0.27405 0.15702
0.03890 3.49105 2.00033
0.03127 2.82551 1.61895
0.01835 1.65851 0.95027
0.04062 3.67904 2.10805
0.02659 2.41157 1.38176
0.03179 2.89822 1.66062
0.02371 2.15619 1.23543
0.01162 1.06560 0.61055
0.02934 2.69707 1.54536
0.01356 1.24738 0.71470
0.02359 2.18192 1.25018
0.02133 1.97655 1.13250
0.02091 1.94746 1.11583
0.03293 3.08330 1.76667
0.03393 3.18615 1.82560
0.03776 3.56680 2.04374
0.01924 1.82328 1.04468
0.02891 2.75393 1.57794
0.02409 2.29724 1.31625
0.03507 3.36036 1.92543
0.01137 1.10070 0.63066
0.04774 4.62236 2.64866
0.02156 2.10881 1.20828
0.01870 1.84901 1.05942
0.02802 2.82245 1.61720
0.03793 3.91308 2.24217
0.05256 5.55776 3.18477
0.05740 6.23703 3.57413
0.02121 2.38183 1.36472
0.05147 5.95239 3.41097
0.00513 0.61096 0.35005
0.04237 5.19504 2.97687
0.01342 1.70605 0.97751
0.02529 3.34612 1.91727
0.03877 5.31339 3.04471
0.03806 5.43306 3.11330
0.01250 1.84609 1.05775
0.03265 4.87257 2.79205
0.01507 2.46209 1.41071
0.02935 4.80671 2.75431
0.01982 3.34682 1.91768
0.05865 10.22538 5.86127
0.00579 1.03744 0.59441
0.02216 4.04449 2.31748
0.00134 0.25143 0.14406
0.00968 1.84823 1.05897
0.02985 5.83269 3.34236
0.21228 42.85563 24.74636
0.28062 57.96938 33.69758
0.02397 5.19921 2.97926
0.03500 7.80850 4.47508
0.05977 13.79223 7.90864
0.03612 8.83629 5.06447
0.01684 4.31293 2.47132
0.03017 8.36292 4.79300
0.02048 6.04066 3.46157
0.02816 8.92712 5.11656
0.01630 5.50806 3.15629
0.01373 4.64724 2.66291
0.01492 5.15073 2.95148
0.02785 9.64260 5.52695
0.03015 10.28118 5.89328
0.08039 28.44542 16.35348
0.03240 11.36275 6.51388
0.04206 15.27141 8.75840
0.01571 5.76704 3.30473
0.01321 4.70754 2.69747
0.05802 20.77339 11.92378
0.06213 21.02724 12.07003
0.07161 24.00228 13.78552
0.02293 7.23665 4.14720
0.04583 14.30819 8.20500
0.02208 6.66259 3.81809
0.05445 15.54103 8.91334
0.01351 3.81708 2.18716
0.01236 3.27087 1.87415
0.01239 3.23680 1.85463
0.00383 0.95762 0.54868
0.04631 10.81673 6.20056
0.02332 5.29243 3.03270
0.07331 15.61150 8.95384
0.08543 17.62822 10.11335
0.03554 6.87134 3.93776
0.04683 8.98036 5.14710
0.01755 3.18150 1.82294
0.02968 5.13156 2.94049
0.04314 7.20939 4.13157
0.01583 2.54794 1.45990
0.03254 5.04505 2.89091
0.02591 3.87138 2.21828
0.01982 2.84135 1.62803
0.01552 2.18346 1.25106
0.07006 9.57287 5.48695
0.02028 2.69956 1.54678
0.01224 1.59080 0.91147
0.01018 1.29061 0.73947
0.01451 1.78266 1.02140
0.04340 5.17608 2.96601
0.01692 1.97328 1.13062
0.01632 1.86559 1.06892
0.01220 1.36500 0.78210
0.01520 1.66985 0.95677
0.02023 2.17197 1.24447
0.05082 5.35673 3.06955
0.00521 0.54113 0.31004
0.01017 1.04488 0.59867
0.02876 2.79323 1.60045
0.01782 1.86158 1.06662
0.02114 2.08147 1.19261
0.01879 1.80658 1.03511
0.02194 2.09364 1.19959
0.02286 2.15457 1.23450
0.01559 1.44292 0.82674
0.05025 4.61341 2.64352
0.02032 1.84086 1.05475
0.00532 0.47680 0.27319
0.04528 4.00072 2.29240
0.02484 2.15710 1.23595
0.01324 1.14145 0.65401
0.00498 0.42808 0.24527
0.01991 1.69622 0.97187
0.02709 2.28568 1.30963
0.02873 2.40996 1.38084
0.04141 3.45421 1.97922
0.03889 3.23109 1.85136
0.02239 1.86820 1.07041
0.01239 1.02930 0.58975
0.02497 2.06596 1.18373
0.02782 2.29786 1.31660
0.02710 2.23265 1.27924
0.02765 2.28844 1.31121
0.01325 1.09629 0.62813
0.03041 2.51453 1.44076
0.06872 5.69891 3.26568
0.02414 2.00714 1.15002
0.01469 1.23690 0.70870
0.02665 2.24231 1.28478
0.00996 0.83376 0.47771
0.02006 1.67887 0.96193
0.02881 2.41791 1.38539
0.03202 2.69588 1.54467
0.01827 1.52947 0.87633
0.06013 5.03486 2.88507
0.02825 2.38170 1.36465
0.01994 1.67101 0.95743
0.03452 2.88785 1.65468
0.01936 1.60984 0.92238
0.03318 2.76520 1.58439
0.01473 1.22819 0.70370
0.01559 1.30168 0.74582
0.01950 1.63180 0.93496
0.01857 1.55606 0.89156
0.01680 1.40595 0.80555
0.01591 1.33150 0.76290
0.02113 1.76558 1.01162
0.02161 1.82383 1.04499
0.01931 1.63832 0.93870
0.03893 3.31189 1.89766
0.01129 0.96100 0.55061
0.03095 2.64340 1.51460
0.02879 2.45772 1.40820
0.01496 1.28766 0.73778
0.03574 3.09053 1.77081
0.01591 1.37742 0.78921
0.01067 0.92438 0.52963
0.02585 2.23889 1.28282
0.01271 1.11736 0.64020
0.03724 3.29377 1.88728
0.03043 2.69229 1.54261
0.01323 1.16745 0.66890
0.01874 1.64737 0.94389
0.03577 3.13964 1.79896
0.02031 1.79802 1.03020
0.07816 7.01848 4.02212
0.00767 0.68054 0.38992
0.12140 10.72533 6.14811
0.02038 1.80054 1.03164
0.02705 2.41366 1.38296
0.01088 0.97530 0.55881
0.00769 0.68425 0.39204
0.03008 2.67342 1.53180
0.03075 2.72702 1.56251
0.04794 4.25694 2.43923
0.02808 2.49656 1.43046
0.01097 0.96982 0.55567
0.06555 5.82046 3.33535
0.05098 4.54429 2.60391
0.02291 2.05507 1.17749
0.02344 2.10976 1.20882
0.05315 4.70801 2.69774
0.04594 4.07882 2.33715
0.05192 4.60517 2.63880
0.02660 2.36402 1.35451
0.01598 1.42279 0.81521
0.03197 2.84764 1.63163
0.03209 2.86568 1.64197
0.01893 1.68279 0.96418
0.03387 3.01292 1.72634
0.01759 1.56061 0.89417
0.04322 3.83525 2.19757
0.01098 0.97632 0.55939
0.02349 2.09015 1.19759
0.02120 1.88992 1.08286
0.08520 7.60281 4.35714
0.03338 2.98225 1.70877
0.05328 4.74995 2.72178
0.02957 2.56997 1.47252
0.01929 1.78730 1.02406
0.00905 0.81537 0.46718
0.01309 1.18372 0.67823
0.04870 4.40393 2.52347
0.01077 0.97479 0.55852
0.06072 5.51976 3.16299
0.06102 5.56074 3.18648
0.01565 1.42658 0.81737
0.02145 1.95998 1.12301
0.01762 1.60686 0.92068
0.01549 1.42291 0.81527
0.03553 3.25456 1.86481
0.01789 1.64906 0.94485
0.00896 0.82856 0.47473
0.01401 1.29796 0.74368
0.01577 1.45957 0.83628
0.03543 3.28117 1.88005
0.01103 1.02534 0.58748
0.03763 3.52050 2.01720
0.01570 1.47566 0.84550
0.02129 1.99649 1.14392
0.02945 2.77086 1.58764
0.00598 0.56959 0.32635
0.01514 1.43892 0.82445
0.02079 1.97802 1.13334
0.01003 0.95208 0.54551
0.00983 0.93784 0.53734
0.01128 1.08413 0.62116
0.01781 1.72300 0.98722
0.01181 1.14716 0.65728
0.03438 3.32634 1.90594
0.03153 3.06765 1.75770
0.00585 0.57119 0.32727
0.05627 5.49362 3.14801
0.03023 2.95811 1.69493
0.01261 1.24703 0.71450
0.02189 2.20142 1.26134
0.02418 2.43493 1.39514
0.02285 2.32253 1.33074
0.02927 3.00783 1.72342
0.04607 4.77148 2.73412
0.03897 4.10165 2.35024
0.01987 2.12494 1.21752
0.01271 1.37767 0.78935
0.02590 2.83103 1.62212
0.02998 3.31142 1.89739
0.03350 3.74320 2.14482
0.03738 4.24549 2.43267
0.03853 4.42400 2.53497
0.02519 3.00772 1.72336
0.00637 0.77174 0.44218
0.00431 0.53570 0.30693
0.01128 1.44074 0.82549
0.01192 1.55775 0.89253
0.00308 0.41332 0.23681
0.02798 3.83188 2.19564
0.00927 1.30096 0.74540
0.00934 1.34222 0.76904
0.01603 2.37473 1.36065
0.01156 1.75839 1.00749
0.01078 1.68256 0.96405
0.00853 1.37274 0.78653
0.01413 2.32407 1.33162
0.03357 5.67388 3.25133
0.01280 2.22143 1.27281
0.02281 4.08273 2.33939
0.01768 3.26827 1.87266
0.00790 1.52733 0.87510
0.03135 6.31644 3.61965
0.01708 3.60387 2.06498
0.02470 5.52065 3.16350
0.01516 3.61201 2.06964
0.02959 7.47718 4.28511
0.01421 3.79795 2.17620
0.01734 4.90945 2.81319
0.02647 8.04447 4.61039
0.01249 4.02081 2.30391
0.03151 10.61046 6.08220
0.08040 28.26338 16.24812
0.06337 22.91258 13.15683
0.02080 7.81023 4.47607
0.02705 10.47026 6.00176
0.03242 12.77857 7.32657
0.01789 7.11314 4.07639
0.02558 10.23974 5.86950
0.03326 13.41131 7.68988
0.05269 21.60205 12.40126
0.02444 10.70638 6.13724
0.03810 19.40836 11.13770
0.03253 21.02341 12.06782
0.03257 30.13646 17.33294
0.03808 52.42492 30.39233
0.00082 1.99150 1.14106
0.00075 8.38734 4.80700
0.00548 35.32819 20.34833
0.00431 32.30824 18.59273
0.00458 139.21976 88.22969
0.00367 121.43000 74.76743
0.00126 36.13029 20.81542
0.00094 41.27033 23.81727
0.00172 82.70020 48.84990
0.00088 26.69571 15.34130
0.00412 117.30438 71.82115
0.00465 123.63151 76.36343
0.00383 115.21852 70.35237
0.00340 119.31073 73.24693
0.00318 93.84474 55.96783
0.00338 85.58376 50.67111
0.00345 131.27074 82.04475
0.00469 123.43891 76.22311
0.00261 126.99766 78.83824
0.00638 132.01033 82.60762
0.00304 116.44048 71.21119
0.00141 39.00272 22.49104
0.00211 99.74648 59.83235
0.00190 67.44327 39.41474
0.00376 124.81617 77.22952
0.00415 112.47956 68.44357
0.00292 109.65454 66.49719
0.00213 85.52050 50.63101
0.00229 97.10463 58.09351
0.00265 115.85175 70.79685
0.00395 117.38737 71.87988
0.00276 129.49176 80.70056
0.00257 95.36173 56.95435
0.00221 106.11551 64.08897
0.00451 116.54911 71.28776
0.00191 112.48184 68.44515
0.00494 132.94800 83.32476
0.00195 86.00222 50.93653
0.00283 129.29174 80.55026
0.00137 90.65798 53.90991
0.00203 117.16638 71.72357
0.00159 125.65389 77.84512
0.00114 115.10359 70.27183
0.00190 128.62725 80.05216
0.00251 140.33398 89.12227
0.00160 90.76306 53.97747
0.00164 111.56701 67.81242
0.00226 120.13511 73.83659
0.00135 88.81789 52.73020
0.00159 122.76252 75.73138
0.00129 134.07076 84.18876
0.00153 135.64880 85.41315
0.00100 125.70556 77.88318
0.00154 134.39040 84.43580
0.00102 113.94676 69.46333
0.00242 132.34776 82.86524
0.00091 128.11245 79.66751
0.00313 140.83863 89.52879
0.00131 130.93165 81.78748
0.00233 134.07401 84.19126
0.00225 139.44213 88.40728
0.00190 130.58529 81.52522
0.00161 100.38752 60.25655
0.00247 110.27266 66.92118
0.00098 24.64275 14.15523
0.00091 13.41763 7.69352
0.01317 125.60134 77.80642
0.01620 113.87359 69.41233
0.01354 79.01817 46.54328
0.01753 92.30185 54.96908
0.02727 128.47759 79.94023
0.02690 108.11092 65.44280
0.03601 101.30769 60.86706
0.06011 117.97807 72.29845
0.07781 105.69218 63.80305
0.02126 22.01972 12.64200
0.03712 30.04926 17.28240
0.06192 41.64817 24.03856
0.06174 36.04918 20.76817
0.01857 9.38145 5.37715
0.02244 10.06798 5.77097
0.04311 17.24278 9.89166
0.04664 17.02065 9.76392
0.06665 22.54933 12.94734
0.05070 15.92982 9.13679
0.04496 13.24423 7.59394
0.03219 8.93297 5.11992
0.02831 7.46377 4.27742
0.09276 23.42900 13.45472
0.12393 29.74524 17.10623
0.05129 11.83958 6.78755
0.05050 11.28153 6.46728
0.04402 9.30227 5.33173
0.06311 12.70017 7.28156
0.07203 13.76206 7.89131
0.03014 5.54608 3.17808
0.02132 3.79756 2.17597
0.02540 4.31362 2.47171
0.02564 4.15514 2.38089
0.07383 11.48511 6.58411
0.02243 3.37314 1.93276
0.06099 8.90172 5.10200
0.01918 2.69662 1.54510
0.03940 5.37880 3.08220
0.00720 0.95179 0.54534
0.03420 4.41220 2.52821
0.02827 3.53892 2.02776
0.02193 2.68061 1.53592
0.01286 1.53878 0.88167
0.04225 4.89823 2.80676
0.02640 2.99318 1.71503
0.03906 4.30030 2.46408
0.01016 1.09747 0.62881
0.03041 3.19725 1.83197
0.02688 2.76664 1.58522
0.04378 4.38802 2.51435
0.01915 1.88016 1.07727
0.01604 1.54536 0.88544
0.00663 0.62471 0.35793
0.02985 2.75601 1.57913
0.01957 1.76478 1.01115
0.00851 0.75558 0.43292
0.03145 2.75628 1.57928
0.03122 2.72188 1.55957
0.01846 1.60843 0.92157
0.01847 1.60573 0.92002
0.01000 0.86876 0.49776
0.02592 2.25456 1.29180
0.02717 2.36451 1.35479
0.02973 2.60751 1.49404
0.02970 2.59855 1.48890
0.02470 2.15958 1.23737
0.02172 1.89215 1.08414
0.04067 3.55245 2.03551
0.04021 3.53846 2.02749
0.04051 3.56825 2.04456
0.04763 4.21230 2.41365
0.01832 1.62697 0.93219
0.04493 3.99923 2.29154
0.05196 4.64554 2.66194
0.01543 1.37314 0.78676
0.03102 2.75477 1.57842
0.04341 3.85984 2.21166
0.00788 0.70540 0.40417
0.04089 3.67863 2.10782
0.03721 3.36819 1.92992
0.04078 3.69741 2.11858
0.03515 3.19506 1.83071
0.01129 1.02729 0.58859
0.02601 2.34843 1.34558
0.03711 3.37534 1.93402
0.02486 2.26951 1.30036
0.02766 2.52701 1.44791
0.03813 3.50129 2.00620
0.03646 3.35112 1.92014
0.03893 3.58479 2.05404
0.03418 3.16632 1.81424
0.02612 2.43041 1.39255
0.02820 2.63687 1.51086
0.03562 3.31595 1.89999
0.02874 2.68015 1.53566
0.02403 2.24030 1.28362
0.00429 0.40317 0.23100
0.00554 0.52269 0.29948
0.03089 2.91208 1.66856
0.03738 3.53499 2.02551
0.02764 2.62786 1.50569
0.02600 2.48251 1.42241
0.02231 2.11725 1.21312
0.02934 2.79511 1.60153
0.01034 0.99022 0.56736
0.01867 1.79530 1.02865
0.00626 0.60283 0.34540
0.01042 1.00397 0.57524
0.02156 2.08209 1.19297
0.01207 1.16951 0.67009
0.02387 2.31537 1.32664
0.01230 1.19728 0.68600
0.01284 1.25148 0.71705
0.05376 5.29058 3.03163
0.02761 2.72478 1.56123
0.04003 3.94457 2.26022
0.02491 2.44211 1.39926
0.02474 2.42243 1.38798
0.02070 2.03605 1.16659
0.02399 2.37818 1.36263
0.03613 3.63299 2.08167
0.02877 2.90424 1.66407
0.03142 3.15991 1.81057
0.01947 1.94726 1.11572
0.02571 2.55266 1.46261
0.07260 7.16251 4.10470
0.06008 5.86392 3.36026
0.06410 6.20640 3.55658
0.05201 5.00507 2.86799
0.05679 5.40750 3.09865
0.01950 1.84131 1.05501
0.02762 2.57753 1.47686
0.03048 2.84370 1.62938
0.05071 4.68949 2.68712
0.04571 4.21508 2.41524
0.04199 3.85631 2.20964
0.03114 2.83484 1.62430
0.02391 2.14011 1.22622
0.03182 2.82128 1.61653
0.03120 2.75058 1.57601
0.03632 3.19776 1.83226
0.01137 0.99339 0.56917
0.02968 2.58204 1.47944
0.01560 1.34728 0.77194
0.02462 2.12727 1.21886
0.03333 2.88127 1.65090
0.03011 2.60137 1.49051
0.02860 2.48541 1.42407
0.02573 2.23787 1.28223
0.04278 3.73352 2.13927
0.02845 2.47068 1.41563
0.01195 1.04558 0.59908
0.00826 0.72406 0.41485
0.03638 3.20540 1.83664
0.02565 2.26162 1.29584
0.04537 3.99138 2.28704
0.01961 1.73105 0.99183
0.00649 0.57718 0.33070
0.02310 2.06628 1.18391
0.01862 1.67606 0.96032
0.01633 1.47894 0.84738
0.02475 2.25595 1.29259
0.02938 2.70159 1.54794
0.02953 2.73632 1.56784
0.02464 2.31125 1.32428
0.02885 2.71220 1.55402
0.04150 3.92509 2.24905
0.04522 4.30302 2.46564
0.01795 1.72019 0.98561
0.01296 1.25428 0.71866
0.00505 0.49062 0.28110
0.01371 1.33457 0.76466
0.02624 2.57522 1.47553
0.04646 4.58134 2.62514
0.02425 2.39316 1.37121
0.02698 2.66052 1.52441
0.01132 1.12114 0.64237
0.02685 2.67523 1.53284
0.00811 0.81208 0.46529
0.02864 2.83147 1.62237
0.03493 3.43404 1.96766
0.01082 1.05922 0.60689
0.01058 1.03355 0.59219
0.02332 2.26414 1.29729
0.02417 2.33455 1.33763
0.04054 3.88791 2.22775
0.03025 2.86797 1.64328
0.00625 0.59235 0.33939
0.03974 3.78512 2.16884
0.03191 3.01982 1.73029
0.05437 5.12283 2.93549
0.04307 4.01973 2.30329
0.04317 3.99564 2.28949
0.02167 1.99112 1.14084
0.03159 2.87915 1.64969
0.01240 1.12455 0.64432
0.01826 1.64713 0.94375
0.01353 1.21458 0.69591
0.01406 1.25060 0.71655
0.01871 1.66493 0.95394
0.03117 2.76649 1.58513
0.01039 0.92278 0.52872
0.03597 3.21906 1.84447
0.03337 2.98710 1.71155
0.02650 2.36043 1.35246
0.00582 0.51834 0.29699
0.03265 2.92372 1.67523
0.01435 1.29428 0.74157
0.03346 3.01414 1.72704
0.04281 3.86231 2.21308
0.03331 3.02869 1.73538
0.03324 3.02404 1.73271
0.04703 4.30664 2.46771
0.04047 3.72352 2.13354
0.03267 3.04456 1.74447
0.02996 2.83566 1.62477
0.01823 1.75209 1.00389
0.03164 3.10077 1.77668
0.02544 2.54690 1.45930
0.03843 3.91689 2.24435
0.01895 1.94264 1.11307
0.02847 2.96593 1.69942
0.03635 3.80910 2.18258
0.02225 2.35173 1.34747
0.04088 4.34095 2.48738
0.02067 2.19721 1.25894
0.03261 3.48910 1.99921
0.01362 1.45676 0.83467
0.02202 2.36617 1.35575
0.01577 1.69856 0.97321
0.01150 1.24136 0.71125
0.00856 0.92533 0.53018
0.01903 2.05711 1.17866
0.05762 6.22831 3.56913
0.01770 1.90912 1.09386
0.03947 4.27933 2.45206
0.03388 3.69022 2.11446
0.06341 6.87358 3.93905
0.02186 2.34870 1.34574
0.05776 6.12470 3.50974
0.02607 2.76621 1.58497
0.02693 2.80930 1.60966
0.01275 1.31904 0.75576
0.03521 3.62669 2.07806
0.00877 0.89984 0.51557
0.02478 2.52801 1.44848
0.02833 2.85437 1.63549
0.02379 2.37889 1.36304
0.01677 1.65544 0.94851
0.03279 3.20319 1.83537
0.03436 3.32297 1.90401
0.02228 2.12992 1.22038
0.01488 1.41254 0.80933
0.01570 1.46936 0.84189
0.01773 1.63854 0.93883
0.02197 1.99959 1.14570
0.02293 2.05700 1.17859
0.02009 1.78650 1.02360
0.02069 1.82121 1.04349
0.03466 3.02868 1.73537
0.02213 1.91949 1.09980
0.04818 4.13771 2.37090
0.02042 1.73475 0.99395
0.01640 1.38659 0.79446
0.02943 2.48777 1.42542
0.01626 1.38053 0.79099
0.01926 1.63558 0.93713
0.01305 1.11367 0.63809
0.02794 2.39636 1.37305
0.02573 2.21515 1.26921
0.03554 3.06145 1.75415
0.02115 1.82393 1.04505
0.04371 3.77135 2.16095
0.03987 3.43427 1.96779
0.03931 3.40480 1.95090
0.03683 3.20959 1.83904
0.02478 2.18176 1.25008
0.02191 1.92880 1.10514
0.00876 0.77601 0.44462
0.02126 1.90069 1.08903
0.03193 2.88302 1.65191
0.02858 2.59985 1.48965
0.02768 2.56751 1.47112
0.02582 2.42957 1.39207
0.00783 0.74773 0.42842
0.01550 1.49818 0.85840
0.03473 3.40792 1.95269
0.03328 3.30576 1.89414
0.02095 2.11838 1.21376
0.01279 1.32205 0.75748
0.00556 0.58663 0.33611
0.02389 2.54767 1.45975
0.01774 1.89605 1.08637
0.00949 1.01555 0.58187
0.01013 1.08272 0.62036
0.02542 2.73300 1.56594
0.00836 0.89904 0.51512
0.03635 3.93156 2.25276
0.01195 1.30249 0.74627
0.01523 1.65669 0.94922
0.01012 1.10025 0.63040
0.02099 2.27719 1.30476
0.01063 1.14536 0.65625
0.02638 2.82938 1.62117
0.00726 0.77673 0.44503
0.01193 1.26781 0.72641
0.00630 0.66994 0.38385
0.00564 0.59303 0.33978
0.01706 1.78452 1.02247
0.02075 2.13686 1.22436
0.01342 1.37691 0.78892
0.03579 3.65431 2.09388
0.03272 3.30938 1.89622
0.02386 2.35815 1.35115
0.00687 0.67437 0.38639
0.02017 1.96717 1.12713
0.00480 0.46785 0.26806
0.00796 0.77059 0.44152
0.02799 2.64966 1.51819
0.02034 1.90523 1.09163
0.01428 1.34021 0.76789
0.01705 1.59653 0.91475
0.01470 1.36953 0.78469
0.03342 3.07722 1.76319
0.02129 1.94949 1.11699
0.01813 1.64700 0.94367
0.02847 2.56533 1.46987
0.02417 2.15676 1.23576
0.00568 0.50469 0.28917
0.01482 1.31507 0.75349
0.02318 2.04025 1.16900
0.04185 3.67610 2.10637
0.04246 3.71837 2.13059
0.03250 2.81010 1.61012
0.01993 1.70735 0.97825
0.01246 1.05833 0.60638
0.02387 2.01703 1.15570
0.02797 2.33362 1.33710
0.03162 2.61964 1.50099
0.01515 1.25525 0.71921
0.01682 1.39260 0.79791
0.04689 3.88050 2.22350
0.04670 3.85597 2.20944
0.03231 2.68322 1.53742
0.02470 2.06666 1.18413
0.02715 2.27642 1.30432
0.00582 0.49066 0.28113
0.02377 1.98965 1.14000
0.03725 3.13962 1.79894
0.02310 1.94921 1.11684
0.01864 1.58567 0.90853
0.01048 0.89603 0.51339
0.03241 2.76624 1.58499
0.02572 2.20291 1.26220
0.00891 0.76792 0.43999
0.02038 1.77490 1.01695
0.02518 2.20496 1.26338
0.02225 1.93694 1.10980
0.00941 0.81893 0.46921
0.02600 2.27819 1.30534
0.01835 1.62565 0.93144
0.00617 0.55049 0.31541
0.03454 3.11122 1.78267
0.02259 2.04040 1.16909
0.01679 1.51276 0.86676
0.00963 0.87069 0.49887
0.02687 2.44120 1.39874
