-0.02005 -0.01976 0.56474
-0.06141 -0.02093 0.55865
-0.03682 -0.00017 0.56080
-0.01453 -0.02422 0.56169
-0.03982 -0.01237 0.56346
-0.01393 0.00538 0.57432
-0.03289 -0.00736 0.57867
-0.02117 0.00115 0.58704
-0.07031 -0.00739 0.59065
-0.04630 -0.01717 0.59949
-0.01909 -0.01836 0.61264
-0.02938 -0.00408 0.62555
0.02859 0.03319 0.64707
-0.03275 0.00052 0.66424
-0.02798 0.02314 0.67587
-0.03911 -0.02196 0.68271
-0.03904 -0.01863 0.69096
-0.00804 -0.03450 0.70999
-0.02693 0.02412 0.73348
-0.00914 0.01249 0.76027
-0.02664 0.01802 0.77598
-0.03117 0.01018 0.78830
-0.01736 -0.00577 0.80355
-0.01733 -0.02319 0.82087
-0.02465 -0.02313 0.83235
-0.02633 -0.04465 0.84482
-0.02202 -0.03782 0.85895
-0.01424 -0.01627 0.88154
-0.02530 -0.01958 0.90065
-0.01760 -0.00090 0.92027
-0.02221 -0.01897 0.93430
-0.02243 -0.01958 0.95297
-0.01917 -0.01929 0.97159
-0.02762 -0.00908 0.97594
-0.01648 -0.02170 0.98280
-0.01116 -0.01550 0.98782
-0.00534 0.00187 1.00170
-0.02942 -0.01695 1.00734
-0.02927 -0.01331 1.01433
-0.02531 -0.01846 1.02109
-0.02412 -0.01833 1.02868
-0.03094 0.00185 1.03617
0.00275 -0.00090 1.04762
0.00092 -0.00554 1.05563
-0.02378 -0.00203 1.06321
-0.02443 -0.01858 1.06289
-0.03274 -0.02837 1.07118
-0.01904 -0.02357 1.07524
-0.03870 -0.00637 1.07637
-0.02740 -0.01136 1.07774
0.01626 0.00583 1.07604
-0.01421 -0.02419 1.07450
-0.03127 -0.03658 1.06463
-0.02202 -0.04242 1.06164
0.00585 -0.01466 1.07329
-0.02930 -0.00110 1.07878
-0.00638 -0.01029 1.07712
-0.01379 -0.00517 1.07649
-0.02751 -0.02696 1.07854
-0.01654 -0.03113 1.07030
0.01994 -0.03450 1.07301
-0.01318 -0.03107 1.07405
-0.02316 -0.05812 1.06508
-0.01820 -0.02564 1.07174
-0.02175 -0.00101 1.07147
-0.00273 0.01000 1.08689
0.01105 -0.01600 1.08567
-0.02490 -0.02444 1.08273
-0.02469 -0.02954 1.07857
-0.01842 -0.03918 1.07718
-0.02689 -0.05238 1.07785
-0.01786 -0.04351 1.08081
-0.01358 -0.01904 1.08486
-0.00362 0.00598 1.09242
-0.02447 -0.00664 1.08866
-0.02831 -0.01891 1.08520
-0.02641 -0.02266 1.08730
-0.02851 -0.01230 1.08361
-0.04100 -0.01122 1.08339
-0.03242 -0.02010 1.07945
-0.02907 -0.03614 1.07373
-0.02978 -0.03387 1.06866
-0.03936 -0.05413 1.06717
-0.00475 -0.01324 1.06576
-0.07319 -0.04262 1.06807
-0.07545 -0.04858 1.06270
-0.02184 -0.02060 1.06109
-0.01445 -0.02002 1.05510
-0.01391 -0.01440 1.04759
-0.02762 -0.01474 1.03913
-0.01797 -0.01373 1.02538
-0.01343 -0.01666 1.01128
-0.03503 0.00262 0.99380
-0.02581 -0.02396 0.97220
-0.01888 -0.02417 0.95332
-0.02535 -0.03649 0.93034
-0.01468 -0.02394 0.90612
-0.02754 -0.00355 0.88540
-0.01706 -0.00647 0.86243
-0.02971 -0.01881 0.83934
-0.02275 -0.01590 0.81484
-0.02020 -0.01698 0.78669
-0.01656 -0.01003 0.76099
-0.03167 -0.02512 0.72752
-0.01698 -0.02334 0.69882
-0.00768 -0.03713 0.66546
-0.00955 -0.02073 0.63832
-0.01154 -0.01199 0.60714
-0.00526 0.00403 0.58534
0.01085 -0.01219 0.56427
0.02304 0.00277 0.53929
0.01547 0.00845 0.51764
0.00918 -0.00134 0.49489
0.00888 0.00140 0.47434
-0.02039 0.00157 0.45060
-0.00299 -0.00952 0.43210
-0.01414 -0.01043 0.42121
-0.01083 -0.03054 0.41166
0.00408 -0.02979 0.40140
-0.01816 0.00461 0.40109
0.01532 0.00723 0.38813
0.00729 0.00043 0.38870
-0.01963 0.00238 0.37555
0.04622 -0.01606 0.37733
0.01597 -0.00416 0.36514
0.02328 0.01453 0.36777
0.05929 0.00858 0.36005
0.05620 0.01386 0.34927
0.05600 0.01350 0.35614
0.07971 0.01483 0.33600
0.06868 0.00365 0.34479
0.04975 -0.00521 0.33620
0.11345 -0.01147 0.33283
0.11870 0.00559 0.32455
0.04845 0.00822 0.35663
0.09082 0.00021 0.35081
-0.00447 0.00994 0.35759
0.06310 0.03074 0.36846
0.05099 0.02580 0.36491
0.05863 0.03711 0.37444
0.07486 0.00029 0.37291
0.04282 0.00405 0.38661
0.01212 -0.00225 0.39203
0.08894 0.01757 0.38239
0.06400 -0.00892 0.40447
0.06506 -0.00501 0.41446
0.04374 -0.01589 0.43323
0.08950 0.00996 0.43598
0.08031 -0.00692 0.45891
0.05489 0.00459 0.48164
0.04913 0.01125 0.49768
0.05382 -0.00950 0.51775
-0.00916 -0.00733 0.53573
0.03187 -0.00765 0.55328
0.00644 -0.01508 0.57289
-0.00866 -0.00009 0.59236
0.02181 0.01584 0.61791
0.00234 0.01215 0.64338
-0.00262 0.01417 0.65723
-0.02808 -0.00065 0.67609
-0.01869 -0.00660 0.68869
-0.02893 -0.00621 0.70969
-0.02228 -0.00494 0.72291
-0.01269 0.01021 0.73884
-0.05472 0.01852 0.75422
-0.03601 0.02221 0.76476
-0.00327 0.01188 0.77745
0.00466 0.00353 0.78060
-0.01542 -0.00379 0.78678
-0.01594 0.02040 0.79804
-0.00843 0.00267 0.80668
0.02382 -0.01935 0.81629
-0.02403 -0.02430 0.81742
-0.01552 -0.01866 0.82198
-0.00032 -0.01763 0.83119
-0.00328 0.00257 0.83890
-0.02134 0.00428 0.84165
-0.01083 0.01860 0.84409
-0.02613 -0.00134 0.84508
-0.01944 -0.01411 0.83825
-0.02221 -0.05010 0.82984
0.02887 -0.01670 0.82103
-0.03308 -0.00113 0.82277
-0.02113 0.01615 0.83195
-0.03074 0.00012 0.83144
-0.01825 0.00254 0.82200
-0.00198 -0.02867 0.81294
0.00235 -0.02254 0.81245
0.01015 -0.02260 0.80619
0.00721 -0.01577 0.80457
0.01235 -0.01214 0.80035
0.02296 -0.01746 0.79625
0.02272 -0.00854 0.79475
0.02084 -0.00302 0.79084
0.02747 -0.00198 0.78330
0.01296 -0.02032 0.78141
0.00583 -0.00977 0.77212
0.00965 -0.00021 0.77388
0.00778 0.00648 0.76878
0.00571 -0.00711 0.76125
-0.05087 -0.01429 0.74866
0.00066 -0.01733 0.73406
-0.00261 -0.00886 0.71556
-0.01862 -0.02953 0.70508
-0.00043 -0.02532 0.70109
-0.00971 -0.02180 0.69783
-0.01963 -0.01072 0.69529
-0.01139 -0.01993 0.69524
0.00642 -0.01161 0.68931
-0.00940 -0.01235 0.68612
-0.01741 -0.00327 0.68470
-0.02428 -0.00794 0.67580
-0.00499 -0.00483 0.67392
0.01067 -0.01215 0.67018
0.00802 -0.01091 0.66659
0.01771 -0.01794 0.66108
0.02885 -0.01588 0.66273
0.01493 0.01832 0.67124
0.00802 0.00765 0.67432
-0.00652 0.01818 0.67945
0.02165 -0.00066 0.68285
-0.00411 0.00190 0.69142
-0.00791 0.02337 0.70026
-0.00591 -0.00130 0.71374
-0.00743 0.00476 0.72758
-0.01815 0.00820 0.72919
-0.02150 -0.02802 0.73197
0.01674 -0.01127 0.73780
-0.00965 -0.03159 0.74561
0.01501 0.00416 0.74934
-0.02938 -0.01257 0.75239
0.00890 0.00764 0.75656
0.02478 0.01845 0.75171
-0.00485 -0.01544 0.75999
-0.00918 -0.02327 0.74767
0.00205 -0.01271 0.74895
0.00503 -0.01626 0.74593
-0.00820 -0.01297 0.75347
-0.00202 -0.01028 0.75576
-0.04233 -0.04123 0.75872
-0.02249 -0.00679 0.75963
0.00752 -0.02291 0.76489
-0.02700 -0.01149 0.76996
-0.00295 0.02418 0.77714
-0.02506 -0.02597 0.78039
0.01558 0.00076 0.78660
0.01008 0.00910 0.79132
-0.00397 -0.00405 0.79762
-0.01277 -0.02603 0.80102
0.02962 -0.00904 0.80376
-0.00513 -0.00632 0.80996
-0.00810 -0.01590 0.81490
-0.01775 0.00033 0.82554
-0.02033 -0.00150 0.83168
-0.00017 -0.00740 0.83864
-0.04436 0.00876 0.84029
-0.01179 0.00479 0.84581
-0.02125 0.00545 0.85571
-0.01056 0.00367 0.85609
-0.03802 -0.01682 0.85535
-0.01458 -0.02580 0.85332
0.00010 -0.02730 0.85399
-0.02092 -0.02422 0.85707
-0.02324 0.00698 0.86720
-0.01813 0.00130 0.87162
-0.01324 -0.00687 0.87204
-0.00083 -0.00205 0.86613
-0.01030 -0.00848 0.87004
-0.01268 0.00024 0.86971
-0.03127 -0.02005 0.86784
-0.03052 -0.01933 0.85999
-0.01802 -0.02127 0.86092
-0.02324 -0.02312 0.85805
-0.02649 0.01053 0.85812
-0.00691 -0.01035 0.85516
0.00596 -0.02107 0.84620
-0.01396 -0.03836 0.83900
0.01283 -0.01716 0.83577
-0.00302 -0.00927 0.83394
-0.01307 -0.01749 0.83168
-0.00484 -0.02722 0.82321
-0.01371 -0.02790 0.81825
-0.00362 -0.02549 0.81352
-0.00570 -0.01088 0.81060
0.01057 -0.02062 0.80476
-0.00941 -0.02516 0.79679
-0.00810 -0.01128 0.79210
0.00944 -0.03499 0.78587
0.01314 -0.01139 0.78536
0.00827 -0.00182 0.78117
0.01518 -0.02475 0.77828
0.00522 -0.03411 0.77028
-0.00777 -0.03368 0.76507
0.00770 -0.00474 0.76696
-0.00379 0.00880 0.77090
-0.00393 0.00486 0.77565
0.00485 -0.00856 0.76587
0.01137 -0.02629 0.75702
0.00333 -0.02451 0.75458
0.00028 -0.03246 0.75132
0.01535 -0.02079 0.74922
0.01287 -0.02103 0.74499
0.01657 -0.01105 0.74381
-0.00638 0.01057 0.74589
0.00996 0.00383 0.74790
0.01479 -0.00125 0.73982
0.00700 0.00707 0.73816
0.00478 -0.00040 0.73100
-0.00480 0.00562 0.72920
-0.04600 -0.00065 0.72508
0.02537 -0.00635 0.72639
0.00752 0.01782 0.72475
-0.03366 -0.01418 0.72327
0.03340 0.00822 0.72065
0.02598 0.01381 0.72183
0.02651 0.01061 0.71911
0.01250 0.00911 0.71466
0.00329 0.02655 0.71532
-0.00106 -0.00012 0.71367
-0.00571 0.01047 0.70935
0.01437 0.01633 0.70415
-0.02096 -0.04681 0.69141
-0.04030 -0.00382 0.68914
-0.00619 0.00559 0.68800
-0.02934 0.02933 0.68727
0.00056 -0.00069 0.68358
-0.01791 -0.00278 0.67116
-0.02027 -0.02023 0.66419
-0.01781 -0.00978 0.65993
-0.04025 0.00973 0.65705
-0.02771 0.01007 0.65368
-0.02586 0.00226 0.64695
-0.00871 -0.00704 0.64109
-0.03948 0.00775 0.63635
-0.02300 0.00501 0.63444
-0.02623 0.00063 0.63085
-0.02795 -0.00973 0.61944
-0.02691 -0.02408 0.60996
-0.02200 -0.01781 0.60481
-0.03489 -0.00389 0.60161
-0.02084 -0.00441 0.59435
-0.00721 -0.00186 0.59538
0.00563 0.01278 0.58997
0.04320 0.02103 0.58633
0.01585 0.00580 0.58321
0.00580 -0.00827 0.57858
0.00424 0.00401 0.57769
0.01381 0.00327 0.57237
-0.00161 -0.01080 0.57127
-0.00448 -0.01739 0.56671
0.00923 -0.02199 0.56072
-0.00717 -0.00487 0.56177
-0.17136 -0.01275 0.53160
-0.07704 0.03305 0.55425
-0.04299 0.00081 0.55586
0.05719 0.01894 0.55469
0.04460 0.01063 0.54837
0.03403 0.00995 0.54584
0.05889 0.00925 0.54079
0.02454 -0.01954 0.53800
-0.00276 0.00792 0.53419
-0.05618 0.00757 0.52577
-0.03255 -0.01994 0.52534
-0.00378 -0.00804 0.52112
-0.00090 -0.01760 0.52222
-0.02779 -0.00820 0.51550
-0.00096 -0.02587 0.50456
-0.00152 -0.01617 0.50537
0.00647 -0.02345 0.49886
0.00645 -0.01889 0.49482
0.02562 -0.00656 0.49211
0.00076 0.00124 0.48831
0.01886 -0.00268 0.48834
-0.01778 -0.00012 0.48611
-0.01278 -0.00944 0.48365
-0.04491 0.00512 0.47689
-0.00812 -0.00968 0.47642
0.01222 -0.00536 0.47902
0.00219 0.01341 0.48736
0.01450 0.00958 0.49802
-0.03667 0.00687 0.50586
0.01270 0.00255 0.51476
-0.01025 -0.01426 0.52365
0.00817 0.00513 0.53227
0.00170 -0.00506 0.53901
-0.01093 -0.00665 0.54777
-0.00726 0.00043 0.55566
0.00551 0.00162 0.55965
0.02928 -0.00774 0.56482
-0.03307 -0.01003 0.57012
-0.00860 0.02227 0.57615
-0.02806 0.00904 0.57460
0.02027 -0.01092 0.57681
0.00304 -0.00416 0.57510
-0.03735 -0.01451 0.57086
-0.00867 -0.01046 0.56901
-0.02520 -0.01330 0.56854
-0.00262 -0.00096 0.56506
-0.04357 -0.01305 0.56204
-0.04086 -0.00884 0.55809
-0.03840 -0.02670 0.54634
-0.04155 -0.01711 0.53810
-0.04151 -0.00904 0.52853
-0.03533 -0.00114 0.51501
-0.03110 0.00380 0.50255
0.03840 0.02634 0.48941
-0.01542 0.02271 0.47669
-0.02683 0.01838 0.45672
-0.01689 -0.00315 0.43837
-0.01619 0.00482 0.42372
0.01210 -0.00224 0.41354
0.01069 -0.02392 0.40679
-0.02164 -0.02846 0.40162
-0.01735 -0.02084 0.39421
-0.04054 -0.01781 0.39606
-0.07590 0.02432 0.38636
-0.06648 0.00898 0.38487
-0.07310 -0.00471 0.38324
-0.29639 0.00472 0.23258
-0.07485 0.02274 0.37599
-0.04676 0.01763 0.37923
-0.05377 -0.00042 0.36450
-0.05138 0.01306 0.37355
0.02725 0.00362 0.36191
-0.02143 0.00396 0.37568
-0.08492 -0.01832 0.37264
-0.03498 -0.00638 0.37191
-0.16640 -0.02639 0.36345
-0.13989 -0.02805 0.36081
-0.17898 -0.01829 0.37626
-0.21995 -0.02541 0.33484
-0.09100 -0.02115 0.42530
0.00243 -0.00809 0.44959
-0.05213 -0.01024 0.43203
-0.09934 -0.00445 0.47011
-0.15092 -0.00215 0.44656
-0.13118 0.01297 0.49375
-0.09347 0.00588 0.51525
-0.09758 0.00273 0.50931
-0.04386 0.00992 0.55600
-0.08081 0.00933 0.55308
-0.04791 0.00863 0.59220
-0.07625 0.01479 0.60146
-0.05145 0.01338 0.62003
-0.00383 0.02311 0.64907
-0.06976 0.00265 0.65485
-0.02801 0.01576 0.68212
-0.00748 0.00206 0.69362
-0.02325 -0.00459 0.71177
-0.02796 0.00906 0.72785
-0.03049 -0.00661 0.74689
-0.03174 -0.01219 0.76154
-0.00243 -0.01171 0.77374
-0.01359 0.00361 0.79220
-0.02472 0.01157 0.80666
-0.06580 0.00651 0.81451
-0.05033 0.00390 0.82379
-0.03840 0.00364 0.84025
-0.02703 -0.01095 0.85365
-0.02544 -0.02495 0.86754
-0.02909 -0.01856 0.87776
-0.01573 0.00532 0.89373
-0.02765 0.00196 0.90096
-0.01161 0.02223 0.91089
-0.03302 0.00537 0.91218
-0.01288 -0.01626 0.91221
-0.03274 -0.02119 0.91040
-0.02675 0.01285 0.91274
-0.02133 -0.00359 0.91758
-0.04255 -0.01897 0.91625
-0.03546 -0.01519 0.91438
-0.04408 -0.02208 0.91459
-0.03403 -0.02707 0.91726
-0.05453 -0.01371 0.97096
-0.02763 -0.00975 0.86670
-0.02487 -0.01203 0.91901
-0.02120 -0.00851 0.91984
-0.03314 -0.00625 0.92215
-0.02974 -0.02018 0.91947
-0.03085 -0.00559 0.91700
-0.03548 -0.01465 0.91605
-0.05196 -0.01750 0.91563
-0.05545 -0.01800 0.91448
-0.02530 -0.02589 0.91119
-0.01488 -0.01964 0.90674
-0.01592 -0.02403 0.90146
-0.02795 -0.01524 0.89074
-0.03574 -0.02521 0.88539
-0.01975 -0.01879 0.87692
-0.02845 0.00020 0.86671
-0.03021 -0.00723 0.85400
-0.03783 -0.02295 0.83272
-0.03415 -0.04400 0.82840
-0.03625 -0.03219 0.78641
-0.04003 -0.02265 0.78538
-0.03485 -0.01104 0.76684
-0.03662 -0.00963 0.74994
-0.01145 0.00182 0.73016
0.00284 -0.01090 0.70616
-0.04546 -0.01911 0.67888
-0.02404 -0.02591 0.65277
-0.04398 -0.02061 0.62534
0.01450 -0.02301 0.60106
0.01562 -0.00873 0.57810
-0.03514 -0.00882 0.55091
-0.02950 -0.02359 0.53113
-0.01837 -0.02948 0.51171
0.00242 0.00572 0.49772
-0.04546 -0.00333 0.48246
-0.03806 -0.00500 0.48000
-0.03070 -0.00336 0.46423
-0.01510 -0.00159 0.46884
0.01076 0.00194 0.46485
-0.00202 0.00998 0.45634
-0.01479 -0.01300 0.44986
-0.02332 0.00589 0.43459
-0.02386 -0.00743 0.43995
-0.02702 0.01090 0.43598
-0.03765 0.01592 0.42097
0.01135 -0.00005 0.43029
-0.00376 0.00461 0.41350
0.01908 -0.01313 0.42037
-0.00525 -0.00343 0.41677
-0.06036 0.00305 0.39737
0.01335 0.01497 0.41371
-0.03406 0.01722 0.39802
0.06319 0.01355 0.40064
-0.00052 0.02446 0.40181
-0.07792 0.01436 0.38538
-0.02031 -0.00091 0.39251
-0.10506 -0.00059 0.37286
-0.02401 0.02588 0.38302
-0.04748 0.00600 0.37804
-0.09475 0.02447 0.37150
-0.08167 0.00949 0.36756
-0.04949 0.03330 0.38190
-0.11435 0.01800 0.35230
-0.10438 0.01101 0.35431
-0.14873 0.00933 0.35226
-0.07788 -0.00234 0.35190
-0.08209 -0.01172 0.37165
-0.04773 0.01506 0.35819
0.00236 0.00694 0.38588
-0.04273 -0.00317 0.36777
0.00793 -0.00297 0.37441
0.02096 -0.01340 0.39130
0.02945 -0.00228 0.38135
-0.00693 0.01960 0.39843
0.00678 0.02090 0.40390
0.05033 0.01365 0.41611
-0.00446 0.00861 0.42781
-0.00695 0.01264 0.44336
0.00565 -0.00062 0.45356
0.01162 -0.01062 0.46718
-0.00178 -0.01502 0.48379
0.03193 0.00185 0.50325
0.01010 0.00559 0.52942
-0.04936 -0.01326 0.54725
0.04011 0.00265 0.56668
0.03397 0.00964 0.58365
0.01405 -0.02206 0.60195
-0.00012 -0.00334 0.62193
0.00058 -0.00645 0.64108
0.00906 -0.00645 0.65644
-0.02246 -0.03311 0.67800
-0.05782 -0.06667 0.68921
0.00498 -0.01235 0.71288
-0.02089 0.00258 0.73102
0.02684 0.00659 0.74872
-0.01019 0.00229 0.76724
0.02686 -0.03022 0.78458
-0.04410 -0.04192 0.79893
0.02830 0.00441 0.81640
0.00827 -0.00424 0.83473
-0.00852 -0.00684 0.85259
0.00433 0.00767 0.86396
-0.01013 -0.01709 0.87295
0.01208 0.00409 0.87586
0.01977 0.00194 0.88100
0.02752 0.00001 0.88068
0.02565 -0.00773 0.88170
-0.00177 -0.02080 0.88230
-0.04181 -0.01818 0.88356
-0.02148 -0.02366 0.89001
-0.00463 -0.03158 0.89037
-0.03545 -0.03388 0.89391
0.00756 -0.02967 0.89562
-0.01714 -0.01348 0.89782
-0.01760 -0.01232 0.89986
-0.00217 -0.02326 0.89804
-0.00433 -0.03121 0.89828
-0.02156 -0.01971 0.89938
0.02122 -0.01519 0.89542
-0.02074 -0.02435 0.89303
-0.00961 -0.00348 0.89740
-0.02205 -0.01705 0.90230
-0.01596 -0.00352 0.89793
-0.01522 -0.00760 0.89695
-0.00837 -0.00884 0.89796
-0.01636 -0.01254 0.89824
0.01187 0.00492 0.89826
0.00667 0.00286 0.89523
-0.00507 0.00275 0.91733
-0.00220 0.00084 0.86870
-0.00986 -0.00572 0.88903
-0.00948 -0.01004 0.88592
0.00263 -0.02255 0.88247
0.02396 -0.00112 0.88434
-0.02337 -0.02718 0.88007
-0.01407 -0.01895 0.87946
0.01500 -0.00576 0.87915
-0.18475 -0.06544 0.85166
-0.00574 -0.00807 0.87957
-0.00559 -0.00613 0.87296
-0.03276 -0.03979 0.87454
0.01305 -0.01361 0.87964
0.05595 0.01735 0.88155
0.04970 0.00977 0.88631
-0.03933 -0.03158 0.89197
-0.02380 -0.02537 0.89632
-0.02603 -0.01639 0.89156
-0.01329 0.00333 0.90381
0.00468 0.01166 0.90736
-0.01257 -0.03158 0.90798
-0.01348 -0.02642 0.91033
-0.00023 -0.04369 0.91120
0.00566 -0.02324 0.92407
-0.03016 -0.02470 0.92435
-0.03637 -0.00029 0.92930
-0.02258 -0.00559 0.93272
-0.02924 -0.00884 0.93653
-0.03078 -0.01603 0.95005
-0.03089 -0.01924 0.93840
-0.04184 -0.02045 0.94936
-0.02094 -0.00384 0.95572
-0.03455 -0.03185 0.95624
-0.01226 -0.01994 0.96403
-0.01749 -0.02576 0.96341
-0.01547 -0.02734 0.96971
-0.00172 0.00244 0.97494
-0.02406 -0.00973 0.97867
-0.03771 -0.00840 0.98242
-0.02521 -0.00044 1.00463
-0.00444 0.01479 0.96924
-0.03320 0.02550 0.98038
-0.03066 0.01968 0.98076
-0.00012 -0.01826 0.97841
-0.10554 -0.05615 0.96971
-0.05339 -0.00261 0.97378
0.01337 -0.01689 0.97296
-0.01982 -0.03885 0.97428
-0.07080 -0.05815 0.97100
-0.03561 -0.02253 0.97552
0.08067 -0.01626 0.97184
-0.11703 -0.07838 0.96414
0.02406 -0.02810 0.97582
-0.01484 -0.00612 0.97376
-0.02562 -0.02413 0.97336
0.00210 -0.01364 0.97618
-0.03253 -0.02175 0.97342
-0.01215 -0.01615 0.97591
-0.07014 -0.06027 0.96897
-0.00479 0.00324 0.97387
-0.00165 -0.00830 0.97801
-0.01833 -0.00794 0.97325
0.02152 -0.01014 0.97578
-0.02203 -0.01740 0.97070
0.02092 -0.01980 0.97227
-0.02550 -0.01678 0.97157
-0.00879 -0.04521 0.97123
-0.01261 -0.02063 0.96761
0.00414 -0.02709 0.96659
-0.00552 -0.02196 0.96759
0.02515 -0.01105 0.96744
0.00848 -0.00044 0.97610
0.00295 -0.00755 0.97039
-0.00478 -0.00971 0.97123
0.01281 -0.01307 0.96957
0.02826 -0.01933 0.96810
0.03847 -0.00700 0.97308
0.00734 -0.01416 0.97200
0.01706 -0.02672 0.98597
0.05058 -0.01477 0.94851
-0.03110 -0.04751 0.96755
0.00879 0.01427 0.97581
0.00570 0.00127 0.97645
-0.01855 -0.00524 0.98270
-0.06255 -0.02417 0.97102
-0.01205 -0.00944 0.97476
-0.05791 -0.01455 0.97857
-0.04177 0.01872 0.98305
-0.02156 0.01035 0.98471
-0.06241 -0.04689 0.97845
0.00412 -0.04252 0.97872
-0.00546 -0.05330 0.97714
-0.01198 -0.01694 0.98078
-0.00148 0.01304 0.99010
-0.02633 -0.01167 0.99105
-0.01492 -0.00417 0.99269
0.01620 -0.02668 0.98857
-0.02252 -0.01438 0.98934
-0.01778 -0.01937 0.99335
-0.02073 -0.00178 0.99324
-0.02576 -0.02313 0.99435
-0.01982 -0.01238 0.99327
-0.03456 -0.02232 0.99422
-0.02262 -0.01509 0.99757
-0.02459 -0.02613 0.99902
-0.01432 -0.02202 1.00109
-0.00524 0.00192 1.00570
-0.01581 -0.01512 1.00508
0.02836 -0.01314 1.00455
-0.01353 -0.00818 1.00317
-0.05075 -0.05116 1.00330
-0.01763 -0.01313 1.00438
-0.02384 -0.00636 1.00535
-0.01360 -0.01400 1.00376
-0.01322 -0.02364 1.00292
-0.04245 -0.03924 0.99965
-0.00119 -0.02677 0.99596
-0.00146 -0.02232 0.99635
0.01786 -0.00581 0.99111
-0.04359 -0.04226 0.99088
-0.00571 -0.03740 0.98607
0.00743 -0.02316 0.97818
-0.00813 -0.03085 0.97805
0.02635 -0.01557 0.97624
0.02722 0.00843 0.98051
0.02576 -0.00564 0.97327
-0.05271 -0.03489 0.96567
0.02858 -0.01712 0.96349
-0.03609 -0.05113 0.95810
-0.00194 -0.00729 0.96041
-0.01028 -0.00973 0.95908
0.01594 -0.00936 0.95582
-0.01061 -0.00915 0.95052
-0.01203 -0.02066 0.93688
-0.01372 -0.02348 0.93724
-0.02941 -0.02221 0.92576
-0.02122 -0.00996 0.91913
0.01257 -0.00784 0.90606
-0.05615 -0.00821 0.90037
-0.05810 -0.04266 0.90113
-0.00840 -0.00935 0.87852
-0.10185 -0.06327 0.87131
-0.05746 0.02165 0.87008
-0.01693 -0.01947 0.86194
-0.02246 -0.01568 0.84951
-0.12490 -0.06043 0.82822
-0.06057 -0.05265 0.81912
-0.00149 -0.01479 0.80790
0.00892 -0.02106 0.79001
0.01311 -0.01885 0.77733
-0.00325 -0.01576 0.76441
0.00482 -0.00834 0.75553
-0.01560 -0.02269 0.74722
-0.02708 -0.01898 0.73866
0.00754 -0.02717 0.73419
-0.01179 -0.01056 0.72588
0.01375 -0.01358 0.72101
0.01896 0.00972 0.71553
0.00089 0.00320 0.70908
0.00691 -0.00588 0.70880
0.00451 0.00461 0.67795
0.01199 -0.00951 0.67927
-0.00491 -0.01246 0.67127
-0.03279 0.00555 0.66048
0.00802 0.00870 0.65004
0.01430 -0.00576 0.63603
-0.00654 -0.01752 0.62222
0.02045 -0.01531 0.60615
0.03703 -0.00863 0.59004
0.03228 0.00374 0.57107
0.05078 0.01101 0.55358
0.02293 0.01397 0.53919
0.08705 0.00451 0.51924
0.00868 -0.00827 0.50926
0.01444 -0.01915 0.49541
0.02443 -0.01458 0.48352
-0.00181 -0.00557 0.47182
-0.04991 -0.00277 0.45631
-0.02521 -0.01137 0.44688
-0.00032 -0.01425 0.43487
-0.02535 -0.01639 0.41999
0.06850 -0.01820 0.40325
-0.05458 0.00426 0.39669
0.00434 0.01642 0.38852
-0.02209 0.01086 0.37678
0.00361 -0.00853 0.36228
0.07117 -0.03016 0.34193
-0.06295 -0.01463 0.33585
-0.03492 -0.01176 0.34002
0.05097 0.01039 0.33538
0.01431 0.02380 0.35461
0.09207 0.02579 0.31619
0.04434 0.01953 0.33813
0.05006 0.00842 0.32970
0.00258 0.00096 0.33302
0.05515 -0.00445 0.32618
-0.01649 -0.00931 0.31647
-0.27632 0.13635 0.11305
0.27788 -0.10198 0.11772
0.20618 -0.01761 0.27153
-0.00684 0.02080 0.33962
0.05555 0.00469 0.36370
-0.01628 0.03036 0.37694
-0.03002 0.02091 0.36962
0.00036 0.03151 0.39231
0.07165 0.00228 0.38258
0.09077 0.01373 0.40516
0.09419 0.01902 0.39975
0.10569 0.00030 0.42477
0.07412 0.01093 0.43857
0.18783 0.06601 0.42838
-0.01972 0.03342 0.49410
0.09444 -0.00807 0.50213
-0.03182 0.01806 0.52180
0.06695 -0.01401 0.52208
0.02696 -0.01093 0.56142
0.03448 -0.02054 0.57296
0.01397 -0.01129 0.58278
0.03456 0.00112 0.60962
0.01337 -0.00431 0.61745
-0.00509 0.00668 0.64114
-0.01137 -0.00082 0.65360
-0.01462 -0.00660 0.66815
-0.00424 0.00611 0.68746
-0.00152 0.00396 0.70273
-0.01069 -0.01243 0.71758
-0.01293 -0.00746 0.72824
-0.03903 0.00901 0.74294
-0.02709 0.00082 0.76067
-0.03578 -0.00530 0.77430
-0.03426 -0.01647 0.78555
-0.02927 -0.02050 0.79012
-0.03829 -0.01401 0.79767
-0.01874 -0.01528 0.80332
-0.03049 0.00557 0.81012
-0.04957 -0.02610 0.81043
-0.04843 -0.03070 0.80912
-0.01674 -0.02325 0.81031
-0.01623 -0.03367 0.81056
-0.03188 -0.00699 0.81749
-0.03098 -0.00869 0.82325
-0.01956 -0.00378 0.82847
-0.02731 -0.00914 0.82607
-0.03047 -0.01923 0.82513
-0.03461 -0.00576 0.82461
-0.02138 -0.00717 0.82257
-0.03269 -0.01098 0.82293
-0.02341 -0.00880 0.81944
-0.02078 -0.01219 0.81521
-0.02399 -0.01986 0.81286
-0.03020 -0.01304 0.81141
-0.02859 -0.00953 0.80667
-0.03310 -0.03466 0.80036
-0.01994 -0.01665 0.79359
-0.01923 -0.03429 0.79005
0.01871 -0.00236 0.78254
-0.00913 -0.00400 0.77344
-0.01248 -0.00743 0.75835
-0.01303 -0.01171 0.74258
-0.00815 -0.03040 0.72239
-0.03038 -0.02599 0.70485
-0.01001 -0.00983 0.68880
-0.01845 0.00586 0.66923
-0.00125 -0.00135 0.65429
-0.00724 -0.00317 0.63524
-0.02916 0.00182 0.60881
-0.02679 -0.01363 0.58897
-0.00942 -0.00081 0.56715
-0.01477 -0.00825 0.54877
-0.01135 -0.00663 0.52759
-0.00817 0.00092 0.50703
0.00876 -0.01013 0.48501
0.02029 0.01483 0.46367
0.01708 -0.00084 0.45051
0.02757 0.00379 0.44241
0.02211 -0.02370 0.43801
-0.02731 0.00098 0.43908
-0.01169 0.00929 0.43261
0.01544 0.00573 0.43443
0.00044 -0.04049 0.41946
0.04376 -0.00018 0.41773
0.03803 0.00321 0.41894
-0.00028 0.00664 0.40519
-0.01477 0.00270 0.41556
-0.01937 -0.00682 0.39761
-0.01959 -0.01137 0.40821
0.05206 -0.03224 0.38221
0.04595 0.00064 0.40163
0.05069 0.00750 0.38245
0.05184 -0.01104 0.38382
0.01496 0.00536 0.36675
0.07939 -0.00892 0.37382
0.02393 0.00743 0.38638
0.03919 0.00527 0.37300
0.08795 0.00978 0.38771
-0.02923 0.01025 0.37666
0.10100 0.02558 0.38752
0.02706 -0.00372 0.38771
0.04759 0.01765 0.40827
0.09857 -0.00492 0.40324
0.05694 0.04389 0.39421
0.04966 0.00557 0.42276
0.24598 -0.03106 0.34067
0.05835 -0.00533 0.44555
-0.02542 0.02471 0.46686
0.07268 0.02950 0.45609
0.07220 -0.01449 0.48091
0.03972 -0.00267 0.48961
-0.00987 0.00732 0.50806
0.01046 -0.00321 0.52236
0.00451 0.01170 0.54202
0.03363 0.01991 0.56253
0.00890 0.00181 0.57250
0.02518 0.00679 0.58786
0.02338 0.00348 0.59945
0.05500 -0.01511 0.61181
0.00367 0.01402 0.63637
0.01212 0.04614 0.64868
-0.01070 0.00688 0.67147
-0.02222 0.01656 0.68441
-0.00915 -0.01801 0.69844
0.01316 -0.01789 0.71132
0.01643 -0.01115 0.72534
-0.01093 0.02625 0.74448
0.03577 0.01149 0.76405
-0.00953 0.00742 0.77958
0.02216 0.00339 0.79192
-0.03318 0.00202 0.79695
-0.02875 0.01340 0.80761
-0.02790 0.00393 0.81207
-0.03192 -0.00798 0.80347
-0.04265 -0.01700 0.80292
-0.03131 -0.02538 0.80492
-0.03300 -0.00488 0.80834
-0.03062 -0.00632 0.80799
-0.02866 -0.01597 0.81261
-0.01889 -0.03252 0.81095
-0.01943 -0.02367 0.81629
-0.01889 -0.00500 0.83363
-0.02081 -0.01018 0.81156
-0.00717 -0.00120 0.82302
0.00497 -0.01035 0.82023
-0.00462 -0.01941 0.82220
-0.00525 -0.01464 0.82482
-0.01157 -0.01431 0.82659
0.00565 -0.00440 0.82728
-0.00759 -0.00966 0.82815
-0.01584 -0.01590 0.82537
-0.00086 -0.00461 0.82695
-0.02302 -0.01646 0.82405
-0.00434 -0.01384 0.82368
-0.00298 -0.01986 0.82185
0.00465 -0.01651 0.81901
0.00444 -0.01923 0.81592
0.02290 -0.02404 0.81458
0.00195 -0.00300 0.81544
0.00712 -0.00777 0.81115
-0.00672 -0.02394 0.80574
0.02145 -0.04042 0.79759
-0.00009 -0.02922 0.79552
0.00847 -0.02241 0.79197
-0.01696 -0.02058 0.79146
-0.02511 -0.03033 0.78910
-0.00613 -0.01931 0.78517
-0.00804 -0.01060 0.78687
-0.03562 -0.01439 0.78377
0.03550 -0.01013 0.78158
-0.00021 -0.02173 0.76889
-0.04260 -0.02601 0.76761
-0.11117 -0.05377 0.75776
-0.02514 -0.01123 0.76476
-0.00781 -0.00775 0.76483
-0.01190 -0.00571 0.76197
-0.02548 -0.00840 0.76078
-0.01838 0.00101 0.75805
-0.01031 -0.02718 0.75382
-0.01948 -0.02577 0.74692
-0.03278 -0.03119 0.74479
-0.00055 -0.00447 0.74620
-0.02009 -0.00759 0.75502
-0.00961 -0.03492 0.73016
-0.02539 -0.04457 0.72638
-0.00311 0.02940 0.71516
-0.01720 -0.01848 0.72296
-0.02928 0.01355 0.72827
-0.04138 -0.00857 0.72598
-0.03429 0.01029 0.71963
-0.02132 -0.00694 0.71394
-0.01756 -0.01167 0.71030
-0.00909 -0.00337 0.70695
-0.01143 -0.00846 0.70419
0.01690 -0.01230 0.69777
-0.02450 -0.00650 0.69411
-0.02743 0.00619 0.69310
-0.02074 0.00020 0.68719
-0.02265 0.01077 0.68186
-0.00938 0.00253 0.67802
-0.01428 0.00680 0.67421
-0.03193 -0.01101 0.66808
-0.00242 -0.01586 0.65839
-0.01212 -0.01197 0.65281
-0.01815 -0.02484 0.64942
0.00619 -0.01915 0.64880
-0.02868 0.00006 0.64578
0.01212 -0.00893 0.64393
-0.01681 -0.01201 0.64253
-0.00412 -0.01275 0.63574
-0.04425 -0.00858 0.63364
0.02348 -0.01142 0.62899
-0.00313 -0.01635 0.62736
0.00476 -0.01183 0.62544
-0.01348 -0.01528 0.62161
0.02877 -0.01843 0.62291
0.01671 -0.01981 0.62704
0.00598 -0.01611 0.63450
0.00253 -0.00685 0.64432
-0.02204 -0.00771 0.65362
-0.00419 0.02032 0.66564
0.02084 -0.01029 0.67032
0.00511 0.00548 0.68070
0.00190 -0.00276 0.69171
-0.03505 0.02991 0.70334
0.01444 0.00621 0.71662
-0.02461 0.00439 0.72394
0.01154 -0.00974 0.73172
0.03246 -0.00646 0.74511
-0.00850 0.00595 0.76420
0.02746 0.01304 0.77831
-0.00054 0.02124 0.79418
-0.01045 0.02893 0.80940
-0.02332 0.02294 0.82122
-0.01192 0.00847 0.83839
0.00723 -0.00953 0.84927
-0.03424 -0.04562 0.86942
-0.02660 -0.01224 0.86270
-0.01645 -0.01526 0.88567
-0.03433 -0.00296 0.90561
-0.02246 -0.01518 0.91597
-0.03903 -0.00046 0.92771
-0.03264 0.00500 0.94002
-0.02867 0.00280 0.95101
-0.09979 -0.02493 0.95625
-0.02492 -0.01608 0.96849
-0.02572 -0.00114 0.97791
-0.03961 0.01731 0.99099
-0.04125 -0.00973 0.99533
-0.03346 -0.03983 0.99243
-0.01358 -0.02858 0.99316
-0.03368 -0.02344 0.99708
-0.02621 0.00694 1.00803
-0.00285 -0.00466 1.00994
-0.02691 0.00387 1.01236
-0.00074 0.01706 1.00913
-0.00467 -0.01903 1.00780
-0.00816 -0.02086 1.00255
-0.02381 -0.03146 1.01011
-0.01996 -0.00965 1.00210
-0.01189 -0.01334 0.99130
-0.00889 -0.00962 1.00401
-0.02882 -0.02766 0.99699
-0.02594 -0.04039 0.99576
0.00219 -0.02564 0.99421
-0.04955 0.02229 0.99311
-0.05408 0.00908 0.99273
-0.06283 0.00136 0.98746
-0.01300 -0.03107 0.98133
-0.05358 -0.02593 0.97775
-0.00358 -0.01101 0.97655
-0.04497 -0.00726 0.97638
-0.01229 -0.01148 0.97609
-0.01810 -0.04388 0.96003
-0.00490 -0.03187 0.95977
0.02010 -0.04440 0.95419
-0.00385 -0.02664 0.95014
0.01336 -0.02807 0.95055
-0.00004 0.02019 0.95034
0.01336 -0.00485 0.94602
0.00826 -0.01348 0.94360
0.02542 -0.03446 0.92967
-0.00122 -0.01068 0.93548
0.01347 -0.00697 0.93371
-0.00951 -0.01272 0.92971
0.01062 -0.01029 0.92771
-0.00211 -0.01936 0.92472
-0.00651 -0.03044 0.92546
0.02499 -0.02540 0.92774
0.00554 -0.02880 0.92803
0.03638 -0.01534 0.92752
0.01301 -0.01014 0.92765
-0.00092 0.00244 0.93178
0.00646 0.00102 0.93242
-0.00201 0.00126 0.93018
-0.01114 -0.00322 0.92933
-0.02872 0.00005 0.93470
-0.00730 -0.03282 0.94569
0.01681 -0.02942 0.92259
-0.01482 -0.01315 0.93659
-0.01627 -0.00501 0.94074
-0.00044 -0.01616 0.94386
-0.03249 -0.03647 0.94132
-0.01908 -0.01365 0.94163
0.03330 -0.00539 0.94770
-0.03676 -0.01696 0.94620
-0.00432 -0.02193 0.94838
-0.02738 -0.02422 0.94501
-0.02175 -0.02520 0.94814
-0.04831 -0.02473 0.94472
-0.01369 -0.00775 0.94725
-0.01429 0.00007 0.95458
0.03276 0.01089 0.95121
-0.02377 -0.00462 0.94503
-0.02415 -0.02279 0.94186
-0.05169 -0.05613 0.93376
-0.03114 -0.03234 0.93721
-0.02630 -0.01589 0.93725
-0.04337 -0.00035 0.93647
-0.04276 -0.00868 0.93810
-0.05376 -0.00352 0.92760
-0.06795 -0.05397 0.92224
-0.01860 -0.02528 0.91711
0.00374 -0.02892 0.90687
-0.01283 -0.01519 0.89328
-0.03187 0.02411 0.88456
0.01263 -0.01812 0.87070
-0.00289 0.00956 0.84982
-0.01443 -0.01470 0.83069
-0.00202 -0.02926 0.81972
-0.02044 0.01061 0.81715
-0.00244 -0.02409 0.81688
-0.00958 0.00273 0.81628
-0.01245 0.01134 0.81688
0.01216 0.01827 0.81319
0.00097 0.01501 0.81333
0.00098 0.00903 0.81198
-0.00904 -0.01269 0.80726
0.01265 -0.01195 0.80109
0.00901 -0.02535 0.79212
-0.02876 -0.03216 0.79257
0.00360 -0.00452 0.79393
-0.00468 0.00260 0.79323
-0.03452 0.01757 0.78559
-0.03707 -0.00146 0.78690
-0.04047 -0.01344 0.78700
-0.01425 -0.02621 0.77167
-0.01036 -0.02747 0.77040
-0.01107 -0.01196 0.77060
-0.03966 -0.00608 0.76874
-0.03675 -0.00053 0.77186
-0.02915 0.02496 0.77133
-0.01766 -0.00839 0.76276
0.02218 -0.02716 0.75288
-0.04857 -0.01222 0.74303
0.00128 -0.01753 0.72995
-0.01413 0.00399 0.71401
-0.00186 0.01669 0.69700
-0.05944 -0.01045 0.67412
-0.01228 0.00076 0.65532
-0.00771 -0.02758 0.62627
-0.02222 -0.03330 0.59946
-0.00319 -0.02421 0.57214
0.01977 0.00229 0.54834
-0.01165 -0.00882 0.52277
0.02281 0.00028 0.49995
0.00530 0.00435 0.48070
0.00000 -0.00559 0.46708
0.03885 -0.00653 0.46387
0.05355 -0.02171 0.45149
0.02173 -0.00819 0.45161
0.04204 -0.00469 0.44342
0.02446 0.00525 0.45226
0.03079 0.00454 0.40982
0.02546 0.01153 0.40692
0.02897 0.01568 0.38695
0.00865 0.01544 0.36465
0.03866 0.00220 0.33840
0.01890 -0.01303 0.31763
0.03703 -0.01671 0.31542
0.07402 -0.01045 0.30694
0.02518 0.00949 0.31453
0.03128 0.00733 0.30945
0.02741 -0.00294 0.30748
0.03922 -0.00162 0.30116
0.04948 -0.00346 0.29950
0.02717 -0.00238 0.29481
0.03093 -0.00818 0.29240
0.00230 -0.00161 0.29563
0.01404 -0.01097 0.29902
-0.01170 0.00303 0.30517
-0.00688 0.00288 0.30622
0.02539 -0.00133 0.31275
-0.00634 0.00634 0.31897
-0.00645 0.00817 0.32344
-0.03214 -0.00575 0.32732
-0.01198 -0.00425 0.33514
0.03633 -0.02966 0.34390
-0.00238 -0.00444 0.35398
0.02370 -0.00588 0.36732
0.10112 -0.00436 0.36367
0.04093 0.01277 0.38900
0.01901 0.00851 0.40512
0.00047 0.00516 0.41241
0.02688 0.01457 0.42752
0.02509 0.01577 0.43613
0.01196 0.01280 0.45031
0.00659 0.01044 0.46342
0.01936 0.00597 0.46869
-0.00909 0.01965 0.48481
-0.02712 0.02638 0.49528
0.02217 -0.00105 0.50501
0.00656 0.00634 0.51929
0.00107 0.00247 0.51973
-0.06183 0.01349 0.53450
-0.04677 -0.00206 0.54196
0.04504 -0.00035 0.55253
-0.03469 0.01451 0.56927
-0.03539 -0.00152 0.57381
0.03821 0.00659 0.59000
0.00253 0.02407 0.59620
0.02073 0.02400 0.61741
0.09816 -0.00068 0.61097
0.07107 -0.00846 0.62553
0.03315 -0.00694 0.64433
0.01517 -0.01087 0.63999
-0.01221 -0.00979 0.66008
0.07820 -0.01131 0.64999
0.06350 -0.02146 0.65352
0.05467 -0.03390 0.67498
0.04493 -0.00440 0.67012
0.08140 0.00724 0.69017
0.05790 0.00899 0.69532
0.08639 0.00590 0.71155
0.06859 0.01173 0.71365
0.03444 -0.00823 0.72375
0.03011 -0.00527 0.73672
0.05974 -0.00145 0.73961
0.04411 0.00064 0.75512
0.02865 0.00308 0.75733
0.02074 0.00238 0.77100
-0.00205 -0.01652 0.77919
-0.02812 -0.02961 0.78451
-0.02618 -0.02675 0.78838
-0.00084 -0.04907 0.79098
-0.02333 -0.03525 0.79831
-0.05756 -0.05538 0.80760
0.03798 0.02741 0.82019
-0.00426 -0.01067 0.83329
-0.00808 0.00166 0.83207
0.00034 -0.01573 0.83669
-0.01680 0.00181 0.84079
-0.00179 -0.02010 0.84417
-0.00531 -0.00937 0.85202
-0.01791 -0.01638 0.86720
-0.02573 0.00937 0.83122
-0.03201 -0.01366 0.85383
-0.02815 -0.00555 0.85434
-0.04054 -0.00879 0.84942
-0.03284 -0.02051 0.85814
-0.02963 -0.01910 0.83640
-0.01771 -0.00593 0.84296
-0.03504 -0.02084 0.83635
-0.02132 -0.00360 0.83227
-0.01598 -0.01037 0.82862
-0.00813 -0.00796 0.81817
-0.03670 -0.01497 0.80189
-0.01806 -0.00777 0.78803
-0.01234 -0.01067 0.77058
-0.01911 -0.01534 0.75286
0.00631 -0.00637 0.74102
-0.01515 -0.01243 0.69992
-0.00416 -0.01648 0.69298
-0.01038 -0.01588 0.68649
0.00760 -0.01199 0.66739
0.02806 -0.01463 0.63278
0.00804 0.00071 0.63290
0.01346 -0.01262 0.62138
0.01847 -0.01797 0.58453
0.00488 -0.00961 0.59219
-0.01725 -0.00356 0.57140
-0.01561 0.00116 0.56969
-0.01970 -0.00091 0.56705
-0.01412 -0.01317 0.55249
0.01213 -0.01437 0.54924
0.01918 -0.00436 0.52997
0.03945 -0.01555 0.51409
0.02824 -0.00989 0.51749
-0.02212 -0.00791 0.49562
-0.04135 -0.00722 0.50803
0.00169 -0.01103 0.48199
-0.04989 -0.02521 0.49962
-0.04106 0.00497 0.46772
0.05217 0.02573 0.49450
0.01525 0.01189 0.46094
-0.02285 0.02395 0.49309
0.01681 0.02502 0.45191
0.04342 0.02709 0.44595
0.05262 0.02462 0.47740
0.07967 0.02907 0.43855
0.06257 0.02844 0.47723
-0.02791 0.05815 0.45009
0.06411 0.03132 0.48648
0.12258 0.00685 0.44883
0.12070 -0.00698 0.48235
0.08802 -0.00336 0.47339
0.07481 -0.01212 0.48914
0.08384 0.01008 0.51542
0.08945 0.00851 0.51262
0.05744 0.00608 0.54587
0.06032 -0.00730 0.53322
0.04044 -0.01708 0.56765
0.03667 -0.02286 0.55053
0.00838 -0.02150 0.58094
-0.00074 -0.00733 0.59769
0.00646 -0.00841 0.62100
0.06409 0.02264 0.61600
0.01524 0.00078 0.64472
0.01442 -0.01425 0.65687
0.01408 -0.01399 0.66855
0.03819 -0.00954 0.68355
0.03841 -0.00019 0.69532
0.00390 -0.00492 0.71183
0.00093 -0.00437 0.72580
-0.02483 -0.02582 0.73907
-0.01812 -0.01511 0.75389
-0.00673 -0.00145 0.76411
-0.03559 -0.03142 0.77910
-0.01139 -0.01443 0.79072
-0.03981 -0.01492 0.80272
-0.01044 -0.01027 0.81672
-0.03339 -0.03423 0.82782
0.01514 -0.00888 0.84088
-0.00416 -0.01690 0.85323
-0.02162 -0.01295 0.86718
0.02067 -0.00117 0.87552
0.00746 -0.00294 0.89101
0.00407 -0.00207 0.90026
-0.00328 -0.00593 0.90937
-0.00754 -0.01213 0.91830
0.07244 0.00407 0.92268
-0.03238 -0.02344 0.93310
-0.02137 -0.01971 0.93940
-0.06485 -0.02033 0.94273
-0.01525 -0.01000 0.94845
-0.00672 -0.00306 0.95093
-0.05480 -0.01362 0.95281
-0.00374 -0.02369 0.95248
0.04112 -0.02077 0.95075
-0.02269 -0.02462 0.95126
0.00311 -0.01889 0.94682
-0.02905 -0.02683 0.95389
-0.01215 -0.01192 0.95180
-0.01645 -0.02820 0.95165
0.00131 -0.02037 0.94661
-0.00300 -0.01654 0.94207
0.00103 -0.00507 0.94045
-0.00767 -0.00159 0.93958
-0.01297 0.00152 0.93885
-0.00752 -0.00265 0.93487
-0.00223 -0.01008 0.93378
-0.02709 0.00025 0.93111
-0.00865 -0.00633 0.92894
0.02802 -0.01325 0.92824
-0.00951 -0.01856 0.92470
-0.01789 -0.02022 0.92830
0.02110 -0.00815 0.92796
-0.03869 -0.02361 0.92752
-0.10916 -0.06691 0.92299
0.01348 -0.01723 0.92845
-0.00012 -0.00473 0.93107
-0.00958 -0.01795 0.92999
0.00073 -0.00661 0.93419
0.03021 0.01047 0.93686
0.01539 0.00555 0.93886
-0.02139 -0.03925 0.94300
-0.03370 -0.01719 0.94345
-0.01285 -0.00314 0.94810
-0.00021 0.02046 0.95392
-0.00626 -0.02532 0.95519
-0.02840 -0.03577 0.95444
-0.01599 -0.01490 0.95698
0.00163 -0.02914 0.96646
-0.02023 -0.00717 0.97159
-0.03935 -0.01401 0.97779
-0.03224 0.00099 0.98191
-0.03258 -0.01554 0.99012
-0.04377 -0.03411 0.99368
0.01291 -0.00250 1.00044
-0.01617 -0.00831 1.01738
-0.01365 -0.01495 1.00834
-0.01695 -0.02996 1.02248
-0.01571 -0.02602 1.01908
-0.00347 -0.02603 1.02431
-0.01386 -0.01320 1.03542
-0.00784 -0.01890 1.04289
-0.05123 0.00543 1.04823
0.00329 0.00547 1.05676
-0.03194 0.04581 1.05532
0.04421 -0.00221 1.06653
-0.04873 -0.03708 1.06306
-0.04282 -0.01693 1.06672
0.03708 -0.00582 1.06850
-0.02175 -0.03801 1.06727
-0.01148 -0.02864 1.06791
-0.01280 -0.02947 1.07096
-0.09550 -0.05317 1.06303
0.04436 0.00439 1.06860
-0.03186 -0.05099 1.06867
0.04620 -0.02762 1.06748
-0.01217 -0.01922 1.06737
-0.01051 -0.02364 1.06957
0.00329 -0.00815 1.06759
0.00222 -0.00938 1.07011
0.00247 -0.03421 1.06585
-0.00449 -0.01474 1.06753
-0.02510 -0.00704 1.06912
0.00735 -0.00205 1.06663
-0.00237 -0.01318 1.06984
-0.02244 -0.02508 1.06750
0.00783 -0.03376 1.06473
-0.00825 -0.02570 1.06814
0.02763 -0.03945 1.06451
0.00376 -0.03237 1.06477
0.01837 -0.02676 1.06446
0.02891 -0.02304 1.06703
0.01231 -0.00603 1.07505
0.01967 -0.00297 1.07766
0.00264 0.00327 1.07578
0.05553 0.01232 1.07859
-0.00906 -0.00404 1.08032
0.01514 -0.01340 1.07982
0.02905 -0.00903 1.08406
0.02031 -0.02265 1.08231
0.03267 -0.01678 1.08105
0.00294 -0.01213 1.08665
-0.03836 -0.01709 1.08811
-0.02210 -0.01224 1.09723
-0.00455 -0.00804 1.09744
-0.05490 -0.04678 1.09659
-0.02624 0.00113 1.09888
-0.03692 0.01206 1.11247
-0.05128 -0.01514 1.11123
-0.03713 -0.03932 1.11097
0.01341 -0.01685 1.10699
-0.03706 -0.04690 1.11317
-0.02622 0.00909 1.12401
-0.02280 -0.00188 1.13783
-0.02518 -0.01137 1.13408
-0.02631 -0.02679 1.13710
-0.00224 -0.01277 1.14316
-0.01604 -0.00892 1.14569
-0.02503 -0.02487 1.14991
-0.04981 -0.01701 1.15186
-0.03087 -0.01894 1.15887
-0.00764 -0.03567 1.15907
-0.02460 -0.01827 1.16643
-0.02032 -0.00258 1.17143
-0.01495 -0.00905 1.17261
-0.04166 0.00320 1.16925
-0.03193 -0.03071 1.16424
0.02100 -0.01738 1.16608
-0.02346 -0.02885 1.16262
-0.02131 -0.01249 1.16016
0.01859 -0.00519 1.15989
0.02342 -0.02558 1.15633
-0.02967 -0.04438 1.15395
0.02928 -0.04097 1.14887
0.01929 0.00100 1.15126
-0.09894 -0.07728 1.13867
0.00948 -0.02048 1.13605
-0.01160 -0.01825 1.13790
0.01638 -0.02212 1.13444
-0.00360 -0.01366 1.13486
0.02601 0.01539 1.12735
0.00791 -0.00849 1.12418
-0.01892 -0.02323 1.10796
0.01804 -0.01781 1.10754
-0.03192 0.00354 1.09791
-0.01001 -0.02125 1.08085
0.00041 -0.02189 1.07210
-0.04120 -0.04080 1.05682
-0.08027 -0.04473 1.03854
-0.00236 -0.01345 1.03262
0.03115 -0.00172 1.00270
-0.06359 -0.00757 0.99453
-0.07368 -0.03884 0.97458
0.00338 -0.01401 0.96229
-0.08430 -0.06613 0.94416
0.00782 -0.01218 0.92831
-0.00389 -0.01464 0.91461
-0.10523 -0.07582 0.88896
0.00875 -0.02572 0.87869
0.00929 -0.01373 0.86419
-0.00379 -0.03105 0.84385
0.01033 -0.01348 0.83614
0.00475 -0.01507 0.81900
0.00209 -0.00881 0.80959
0.00946 -0.00873 0.77336
0.01893 -0.01515 0.71158
0.05439 -0.01164 0.71058
0.04268 -0.02011 0.71130
0.03266 -0.00786 0.71198
0.07170 0.00770 0.70797
0.03824 0.02122 0.71027
0.02757 -0.00571 0.71160
0.03924 -0.00601 0.71040
0.08230 -0.00751 0.70621
0.03844 -0.00239 0.70927
0.01470 0.00144 0.71091
-0.01276 0.00491 0.71003
-0.06133 0.00301 0.70750
-0.08343 -0.03319 0.70425
-0.17421 -0.00630 0.71499
-0.05187 -0.01009 0.61034
-0.02513 0.00943 0.59380
-0.01555 0.01323 0.57636
-0.01153 0.00550 0.55615
-0.04816 0.00446 0.53080
-0.03971 -0.00797 0.51313
-0.04052 -0.00124 0.48665
-0.13712 -0.01520 0.44334
-0.00669 -0.01098 0.43623
0.00349 -0.02161 0.41041
-0.04501 -0.00862 0.38310
-0.04643 -0.00574 0.35577
-0.01268 -0.00635 0.33269
-0.00804 -0.00865 0.30938
-0.02271 0.00197 0.28781
-0.02047 0.00096 0.26611
-0.03182 -0.00443 0.24424
-0.01432 0.00501 0.23169
-0.05207 0.01675 0.21441
-0.00730 -0.00052 0.21460
-0.02568 -0.00419 0.20650
-0.00186 0.00680 0.20262
0.02420 0.00411 0.19676
0.04390 -0.00819 0.19206
-0.06991 0.01530 0.18509
-0.03892 0.01730 0.19456
-0.04414 0.00379 0.19407
-0.08585 0.06829 0.16428
-0.00354 0.00624 0.19729
-0.01031 0.01311 0.19783
-0.03703 0.00528 0.19435
-0.04038 0.00679 0.19331
-0.00968 -0.00769 0.20053
0.00425 0.00074 0.21244
-0.00714 -0.00141 0.22890
-0.01911 -0.00241 0.24997
-0.03234 0.00000 0.26900
-0.02637 0.00812 0.28817
0.01240 0.00674 0.30436
-0.02194 0.00010 0.32331
-0.00997 -0.00053 0.34222
-0.01748 0.01285 0.36800
-0.01202 0.00767 0.39048
-0.04869 0.01662 0.41127
-0.00244 0.02589 0.44010
-0.00362 0.01900 0.46321
-0.01953 0.03448 0.48673
0.00418 0.02475 0.50573
0.03562 0.02365 0.52492
0.00029 0.01191 0.54337
-0.01254 -0.00328 0.55753
-0.00540 -0.00495 0.57668
-0.01232 -0.00616 0.59729
-0.02201 0.00589 0.61916
-0.02157 0.01963 0.63990
-0.01658 0.00335 0.66220
-0.01139 0.00194 0.67980
-0.03083 -0.02652 0.68998
0.04516 0.00119 0.70494
-0.01201 0.02865 0.71866
-0.01912 0.00575 0.74370
-0.04549 0.05999 0.76525
0.06442 -0.00408 0.78907
-0.01711 0.01080 0.80637
0.03592 -0.03102 0.81185
0.00144 -0.01752 0.83278
0.01690 -0.01197 0.84148
-0.02616 0.02794 0.86580
-0.01952 0.01439 0.88087
-0.02220 0.01960 0.88995
-0.03588 0.00542 0.90060
0.02028 0.02208 0.91323
0.03653 0.01217 0.92366
-0.02177 -0.00594 0.93350
0.00607 -0.02393 0.94513
-0.01143 -0.01733 0.95844
0.00812 -0.00618 0.96989
-0.02183 -0.02886 0.98265
-0.01068 -0.01097 0.98885
-0.02726 -0.01621 0.99578
-0.00584 -0.01469 1.00270
-0.00940 -0.02119 1.00548
-0.00075 -0.02480 1.01585
-0.01663 -0.01081 1.02195
-0.02867 -0.01300 1.02734
-0.01415 0.00918 1.03080
-0.02206 -0.02013 1.03877
0.00309 -0.01436 1.04057
-0.01259 -0.00913 1.05162
-0.00886 -0.01905 1.05394
-0.01534 0.00212 1.05330
-0.01374 -0.00399 1.06152
-0.00923 -0.00681 1.06140
-0.01196 -0.01858 1.06291
-0.00308 -0.01548 1.06402
-0.00971 -0.01916 1.06179
-0.04351 -0.04439 1.06373
-0.01494 -0.03329 1.05845
-0.01311 -0.01700 1.06061
-0.01068 0.01874 1.06475
0.00791 -0.00461 1.06999
-0.01588 -0.01016 1.06980
-0.01599 -0.03283 1.06245
-0.01743 -0.03761 1.05558
-0.00735 -0.02467 1.05543
-0.01185 -0.02909 1.05826
0.00472 -0.00837 1.06706
-0.03815 -0.00905 1.06881
0.00177 -0.00507 1.07010
-0.01992 -0.01868 1.06729
-0.02470 -0.01487 1.06671
-0.03750 -0.03144 1.06459
-0.03372 -0.00709 1.06625
0.01340 -0.00515 1.07227
-0.00343 -0.00596 1.07244
0.01558 -0.00052 1.07603
-0.01848 -0.04912 1.06706
-0.01539 -0.01654 1.06871
0.00855 -0.00375 1.07086
-0.01742 0.00216 1.07632
-0.04076 -0.00207 1.08048
-0.01356 -0.00305 1.08157
-0.01227 0.00861 1.07688
-0.10753 -0.07395 1.06732
-0.14601 -0.09178 1.06512
-0.01653 0.00547 1.07969
-0.02809 -0.01131 1.07997
-0.04944 -0.05561 1.07829
-0.02154 0.00250 1.08190
-0.05342 -0.03996 1.08083
-0.04287 -0.05427 1.07872
-0.06399 -0.04858 1.07669
-0.04535 -0.02031 1.08308
0.03800 0.01163 1.08721
-0.02938 -0.00403 1.09315
-0.02296 0.01382 1.09311
-0.04113 -0.03825 1.09005
-0.02753 -0.02540 1.09021
-0.06317 -0.05254 1.08860
-0.04980 -0.03878 1.08756
-0.06395 -0.02517 1.08378
-0.03608 -0.01762 1.09783
-0.03855 -0.01891 1.09678
-0.02611 -0.02588 1.09500
-0.02924 -0.01866 1.09694
-0.04331 -0.05603 1.09653
0.00046 -0.01937 1.09803
-0.03866 -0.02195 1.09939
-0.00470 -0.00724 1.09955
-0.03596 0.00135 1.10337
-0.02616 -0.02427 1.10181
-0.01903 -0.02351 1.10132
-0.03410 -0.01196 1.10410
-0.00535 0.00889 1.10678
0.00251 -0.01871 1.11058
-0.02112 -0.02608 1.10669
0.00277 -0.01341 1.10731
-0.01727 -0.02820 1.10975
-0.01744 -0.02664 1.11392
-0.01773 -0.03455 1.11202
-0.02233 -0.02312 1.11300
-0.00811 -0.01568 1.11965
-0.01830 -0.01427 1.11687
-0.02323 -0.01578 1.12109
-0.00547 -0.01724 1.11572
-0.01862 -0.04419 1.11939
-0.01255 -0.02432 1.12070
-0.01882 -0.01465 1.12453
0.01076 -0.00209 1.13011
-0.01086 -0.00752 1.13016
0.00027 -0.01758 1.13064
-0.05828 -0.04835 1.12925
-0.05169 -0.03914 1.13176
-0.03053 -0.03904 1.13071
-0.04448 -0.04524 1.13461
-0.09044 -0.05386 1.12934
-0.05744 -0.04358 1.13543
0.00149 -0.00463 1.13977
-0.02731 -0.00943 1.13723
-0.01315 -0.00135 1.14187
0.01723 -0.01272 1.14214
-0.01884 -0.04313 1.13866
-0.02644 -0.02341 1.13817
-0.01474 -0.01518 1.14204
-0.01804 -0.01223 1.14343
-0.01169 -0.01199 1.14624
-0.01839 -0.01076 1.13573
0.00202 -0.01441 1.14053
0.00103 -0.02149 1.13824
0.00746 -0.03923 1.14098
0.00176 -0.03112 1.13338
0.00925 -0.03578 1.13205
0.02315 -0.00364 1.13728
0.02186 0.00403 1.14350
-0.00747 0.01047 1.13046
0.00284 -0.05153 1.12428
0.03451 -0.02596 1.11275
-0.01305 0.02243 1.11380
-0.00156 -0.00330 1.12084
0.01649 -0.00911 1.12315
0.00434 0.01306 1.11897
-0.00671 -0.01436 1.10857
0.00835 -0.03160 1.10201
0.01763 -0.05777 1.08437
-0.03236 -0.04526 1.07903
-0.01336 0.00182 1.08643
-0.03313 -0.03518 1.09485
0.01851 -0.03614 1.09020
-0.01517 0.00095 1.07177
-0.01274 -0.04667 1.05347
-0.02807 -0.03527 1.04865
0.00302 -0.01561 1.01886
-0.05781 -0.05484 1.02899
0.00417 0.01557 1.03545
-0.01943 -0.02054 1.03251
-0.01307 -0.00103 1.02102
-0.02046 -0.02084 1.01169
-0.01134 -0.02569 0.99945
-0.03039 -0.00848 0.99497
-0.01847 -0.04120 0.98786
-0.03647 -0.03070 0.97370
-0.01471 -0.02618 0.97978
-0.01134 -0.02468 0.97586
-0.03544 -0.05505 0.96758
0.01121 -0.02960 0.95368
-0.00042 -0.01830 0.94846
-0.00958 0.00105 0.94960
-0.01272 -0.00731 0.94338
0.07509 -0.03227 0.93578
-0.02821 -0.02943 0.92497
0.02510 -0.03855 0.92136
-0.04463 -0.01171 0.91756
-0.05491 -0.02753 0.91479
-0.06084 -0.00586 0.91015
-0.01371 -0.00257 0.90715
0.02050 -0.01023 0.90460
0.02792 -0.02562 0.89560
-0.00908 -0.01862 0.88731
-0.00279 -0.02578 0.88705
-0.01141 -0.00460 0.88793
-0.06866 -0.04681 0.88557
-0.02615 -0.00999 0.87981
-0.03774 -0.02434 0.86951
-0.01111 -0.03538 0.86171
-0.01880 -0.03010 0.85730
-0.02802 -0.01768 0.85624
0.00858 -0.01308 0.85763
0.00903 -0.01905 0.85067
0.00557 -0.01638 0.84564
-0.00213 -0.01531 0.83458
0.03106 -0.01437 0.83228
0.00837 -0.00122 0.82308
0.03777 -0.03807 0.80848
0.01115 -0.02466 0.79160
0.01795 -0.01953 0.78521
0.02240 0.00064 0.77200
-0.00586 -0.01393 0.76267
0.00705 -0.01314 0.75031
0.00892 -0.01101 0.73825
0.02240 -0.00583 0.73213
0.01401 -0.00567 0.71579
-0.00010 0.02180 0.70562
0.00195 -0.00492 0.69468
0.00425 -0.00944 0.68556
-0.11928 -0.03351 0.66267
-0.02634 -0.00305 0.66509
-0.02459 -0.01629 0.65305
-0.03648 0.01262 0.64039
-0.04801 0.01489 0.62646
-0.06357 0.00199 0.61207
-0.04215 -0.01106 0.59879
-0.38793 -0.07721 0.43793
-0.03044 0.00290 0.58152
-0.00573 0.00411 0.56958
-0.03049 0.00135 0.56364
-0.03629 -0.00743 0.54813
0.03775 0.01527 0.53721
0.00105 0.00444 0.52386
-0.00104 0.00551 0.51674
-0.00247 -0.00191 0.50564
-0.01555 -0.00532 0.49594
-0.02302 0.01098 0.48513
-0.03460 0.00007 0.47150
-0.03655 0.01619 0.46232
-0.03446 0.00488 0.44964
0.04089 0.00255 0.43287
0.03896 -0.00309 0.41929
0.00238 -0.00289 0.40784
-0.01633 -0.00201 0.39307
-0.04388 0.00129 0.38435
-0.05695 0.00215 0.36304
-0.08606 0.00362 0.35338
-0.03510 0.00322 0.35148
-0.24344 -0.01593 0.23119
-0.13059 -0.01227 0.31483
-0.05803 -0.00309 0.31380
-0.28596 -0.02765 0.15433
-0.05020 -0.01612 0.31785
-0.23171 -0.01859 0.20676
-0.23238 -0.01231 0.21560
-0.04514 0.01703 0.30296
-0.03793 0.00109 0.30882
-0.02678 0.00857 0.30315
-0.09542 0.00559 0.28017
0.01041 -0.01142 0.30096
-0.01780 0.00052 0.29532
-0.02745 0.01074 0.29367
-0.01172 -0.00831 0.28432
-0.09718 -0.00938 0.26837
-0.08729 -0.00553 0.27747
-0.01325 0.01287 0.29375
-0.03725 0.00798 0.29371
-0.10057 -0.00491 0.27839
-0.06821 -0.01781 0.28170
-0.00854 0.00680 0.29565
-0.08752 -0.00705 0.28312
-0.05723 -0.00240 0.28962
-0.01973 -0.03119 0.29864
-0.17270 -0.01510 0.24559
-0.01529 -0.02919 0.30554
-0.03631 0.00991 0.31141
-0.04916 0.02309 0.31931
-0.05181 0.01258 0.32335
-0.08211 0.01485 0.32112
-0.01358 -0.00830 0.33531
-0.03645 -0.01092 0.34770
-0.06931 -0.01861 0.33728
-0.02231 -0.02006 0.35941
0.01305 -0.00626 0.36900
-0.04084 -0.00436 0.37390
-0.03903 -0.02231 0.38420
-0.04761 -0.04064 0.40247
-0.01233 -0.01287 0.42063
-0.00308 0.00201 0.43984
-0.10045 -0.02950 0.45138
-0.03909 -0.00278 0.47425
-0.05791 -0.01046 0.48822
-0.03506 -0.00055 0.51245
-0.04690 -0.02170 0.53325
-0.04170 0.00368 0.55669
-0.02251 -0.00542 0.57879
-0.04770 0.00060 0.60391
-0.02299 -0.01068 0.62524
-0.02828 -0.00109 0.65218
0.00247 0.01299 0.68379
0.00159 0.02364 0.71115
-0.03000 0.00797 0.74153
-0.01566 0.00907 0.76368
-0.00646 -0.00096 0.78594
-0.02669 -0.03290 0.80664
-0.02617 -0.01588 0.83645
-0.00672 0.01351 0.86170
-0.02835 -0.00157 0.88266
-0.02343 0.00773 0.90552
-0.04274 -0.02346 0.92484
-0.02103 -0.00782 0.94922
-0.02162 0.00224 0.97397
-0.04936 -0.01029 0.99656
-0.04081 -0.00459 1.02092
-0.01998 -0.00752 1.04443
-0.01466 -0.00664 1.06718
-0.03322 -0.03112 1.08813
-0.03027 -0.01303 1.11149
-0.01645 0.00947 1.14104
-0.03226 0.01329 1.16029
-0.01446 0.01170 1.18145
-0.03501 0.01986 1.18683
-0.00403 -0.02612 1.18828
-0.01334 -0.01780 1.18129
-0.01665 -0.03052 1.17513
-0.02505 -0.05782 1.17202
-0.02657 -0.01241 1.17745
-0.00768 -0.01980 1.17694
-0.01804 0.00185 1.17521
-0.01739 -0.01557 1.18195
-0.03821 0.00355 1.17755
-0.02913 -0.00509 1.17929
-0.04724 -0.01338 1.17846
-0.02047 -0.01983 1.17815
-0.02406 -0.02181 1.17647
-0.02475 -0.03972 1.17389
-0.02081 -0.02941 1.16936
-0.04017 -0.00668 1.17107
-0.01859 -0.01890 1.16373
-0.02091 -0.02981 1.16454
-0.01391 -0.02812 1.15946
-0.03309 -0.02334 1.15946
-0.02334 -0.00709 1.15769
-0.02184 -0.02709 1.15496
-0.02412 -0.03421 1.15195
-0.02688 -0.03328 1.14846
-0.03590 -0.02121 1.14585
-0.00700 -0.02363 1.14552
-0.03398 -0.03914 1.13785
-0.03107 -0.05025 1.13513
-0.01575 -0.02690 1.13288
-0.00429 -0.01889 1.13335
-0.01195 -0.00485 1.13140
-0.01240 -0.00952 1.13288
-0.00789 -0.02637 1.12491
-0.02885 -0.03746 1.11594
-0.01231 -0.03207 1.11412
-0.00288 -0.04190 1.10952
0.00015 -0.01322 1.11405
0.00140 -0.03007 1.10883
-0.01503 -0.03788 1.10118
-0.00890 -0.01468 1.09820
-0.00096 -0.01264 1.09880
0.00722 0.00769 1.09929
0.01836 0.00027 1.09969
-0.00767 -0.00749 1.09953
-0.02933 -0.02957 1.09417
-0.02349 -0.06374 1.08415
-0.03167 -0.03760 1.08476
-0.01667 -0.02886 1.08692
-0.01520 -0.01029 1.09296
-0.00371 0.01934 1.09649
-0.03418 -0.01430 1.09587
-0.02001 0.00405 1.09959
-0.01609 0.00152 1.09245
-0.01139 -0.02237 1.08943
-0.02799 -0.02650 1.08670
-0.02139 -0.04234 1.08580
-0.03313 -0.01938 1.08289
-0.03970 -0.01654 1.07989
-0.00086 -0.00415 1.08008
0.03856 -0.00725 1.07589
0.03461 -0.01406 1.07786
0.00059 -0.01151 1.07264
-0.01499 -0.02086 1.06969
-0.02952 -0.03297 1.06637
0.00896 -0.01282 1.06280
-0.04037 -0.01741 1.06415
-0.03453 -0.02999 1.06063
-0.03409 -0.02933 1.05536
-0.04466 -0.01853 1.05683
-0.03491 -0.02669 1.05143
-0.01723 -0.02055 1.05236
-0.01339 -0.02856 1.04446
-0.02553 -0.03313 1.04639
-0.00758 -0.01922 1.04112
-0.01017 -0.03065 1.03840
-0.01419 -0.02685 1.03863
-0.00445 -0.02088 1.03666
0.00019 -0.00226 1.03196
-0.00923 -0.01816 1.02539
-0.01220 -0.02394 1.03147
-0.01531 -0.01531 1.02567
0.01547 -0.03528 1.02199
-0.01620 -0.02363 1.01871
-0.00375 -0.01598 1.01580
-0.01240 -0.02057 1.01692
-0.01053 -0.01755 1.01327
-0.04064 -0.01710 1.00739
-0.00042 -0.02455 1.00541
-0.02609 -0.02603 1.00031
-0.04118 -0.02691 1.00157
-0.00409 -0.02261 0.99810
-0.05074 -0.02207 0.99417
-0.07130 -0.04332 0.98637
-0.09660 -0.04579 0.98006
-0.03295 -0.02402 0.98485
-0.05480 -0.01518 0.98010
-0.02426 -0.00834 0.97954
-0.00564 -0.00124 0.97666
0.01199 -0.00303 0.97324
-0.04639 -0.00545 0.97043
-0.01432 -0.03972 0.96331
0.00867 -0.02498 0.96472
0.02004 -0.01676 0.96362
0.02714 -0.01582 0.96168
-0.05681 -0.01714 0.95994
-0.07711 -0.02604 0.95177
-0.06292 -0.02089 0.95475
-0.01389 0.00149 0.95615
-0.02400 -0.00297 0.96106
-0.04142 -0.00825 0.96071
-0.04803 -0.01497 0.96031
-0.08758 -0.02842 0.96105
-0.06948 -0.02487 0.96266
-0.12186 -0.05012 0.96185
-0.09730 -0.01402 0.96728
-0.07990 -0.00123 0.97564
-0.12989 -0.00173 0.97763
-0.07461 -0.00283 0.98372
-0.06469 -0.01475 0.99616
-0.07483 -0.01864 0.99447
-0.07171 -0.02444 0.99763
-0.05199 0.00028 1.01250
-0.06602 -0.01032 1.01327
-0.04779 -0.01155 1.01888
-0.04143 -0.07496 1.02067
-0.02590 -0.01031 1.02949
-0.01957 -0.02967 1.03590
0.00338 0.00336 1.04986
0.00046 -0.02552 1.05552
0.00037 -0.00019 1.06510
-0.04406 -0.00268 1.06711
-0.05684 -0.02009 1.07088
-0.05038 -0.00843 1.08095
-0.02296 -0.04289 1.08584
-0.03159 -0.03047 1.09138
-0.03636 -0.01064 1.10086
-0.03673 -0.00807 1.10385
-0.03008 -0.02456 1.11241
-0.02514 -0.01165 1.11746
-0.01675 -0.02146 1.13650
-0.02141 -0.01353 1.10134
-0.01708 -0.02477 1.11334
-0.00310 -0.01116 1.12241
-0.02252 -0.02234 1.11597
0.00361 -0.02803 1.11481
-0.02981 -0.03475 1.11321
-0.01606 -0.00843 1.10673
-0.00882 -0.02790 1.10596
-0.03013 -0.01827 1.10346
-0.01635 -0.02309 1.10233
-0.01126 -0.00478 1.09690
-0.00872 -0.02180 1.09954
0.00288 -0.02490 1.08978
-0.01475 -0.03227 1.08743
-0.00503 -0.02376 1.08688
-0.01564 -0.01647 1.08094
-0.01316 -0.01332 1.07921
-0.01489 -0.02139 1.07357
-0.02392 -0.01972 1.06750
-0.02510 -0.01992 1.06446
-0.02999 -0.02483 1.05789
-0.01050 -0.03270 1.05488
-0.02297 -0.02068 1.04923
-0.01638 -0.01341 1.04856
-0.02261 -0.00544 1.04333
-0.00194 -0.01863 1.03308
-0.03868 -0.01228 1.03199
-0.01488 -0.01896 1.02218
-0.01481 -0.02263 1.01088
-0.02632 -0.02081 0.99216
-0.03299 -0.00851 0.96870
-0.05491 -0.02137 0.94394
-0.04825 0.00571 0.91909
-0.02430 -0.03235 0.88964
-0.05544 -0.02865 0.86245
-0.00524 -0.03037 0.83852
-0.04775 -0.01716 0.81394
-0.00433 -0.01181 0.78626
-0.03119 -0.02658 0.75464
-0.04617 -0.03158 0.72757
-0.04369 -0.01091 0.69915
0.00158 -0.01250 0.67695
-0.03508 -0.00549 0.66923
0.00662 -0.01146 0.61193
-0.02059 0.00783 0.61011
-0.02581 -0.00879 0.59166
0.04768 -0.02310 0.57112
-0.01469 -0.01002 0.55801
-0.02994 0.00222 0.54712
-0.01881 -0.01639 0.53260
-0.02106 -0.00732 0.52316
-0.03273 0.01167 0.51066
-0.22200 -0.02039 0.44234
-0.28483 -0.00608 0.39137
-0.03879 0.00209 0.45948
-0.05407 0.00438 0.44498
-0.07943 0.02290 0.42542
0.00436 0.00092 0.40875
-0.05640 -0.01160 0.38621
-0.00693 -0.00622 0.36058
-0.05485 0.00268 0.33454
-0.01025 -0.00918 0.31511
-0.02178 -0.02035 0.29442
-0.04360 -0.00183 0.29213
-0.03075 0.00755 0.28799
-0.00868 0.01448 0.28834
-0.04834 0.02498 0.28820
0.03653 0.02136 0.27942
-0.01521 0.00910 0.28455
0.00210 0.01355 0.27510
-0.04186 0.00691 0.26906
-0.04883 0.00029 0.27635
-0.09149 0.00834 0.26373
-0.10091 -0.00263 0.27770
0.03808 -0.00439 0.29587
-0.02007 0.00516 0.31617
0.01024 0.00453 0.32008
-0.02574 0.01072 0.33025
0.01872 -0.00243 0.34983
-0.03391 -0.01866 0.35189
-0.02273 -0.00358 0.37726
-0.01941 0.00142 0.38239
-0.03896 -0.00554 0.39797
-0.08482 0.00140 0.41961
-0.03823 0.02055 0.43839
0.03169 0.02910 0.46759
0.04712 0.03354 0.48115
-0.05831 0.00901 0.51387
-0.06706 0.01075 0.51704
-0.01064 0.00674 0.55142
-0.05716 -0.00905 0.57542
-0.07215 -0.00764 0.59404
-0.03183 0.01488 0.62043
-0.04154 0.02453 0.64322
-0.04494 0.01052 0.66762
-0.02879 0.01379 0.69692
-0.04269 -0.00245 0.70953
-0.09520 -0.00246 0.72566
-0.01389 -0.02357 0.75085
-0.01742 -0.01579 0.76908
-0.03389 -0.01064 0.78796
-0.04326 0.00236 0.81275
-0.00618 0.03122 0.83789
-0.01522 0.00281 0.85750
-0.01241 0.00174 0.87477
-0.00984 -0.00966 0.89339
-0.03438 -0.01028 0.90981
0.00195 0.00029 0.93130
-0.06116 0.00642 0.94670
-0.00729 -0.00345 0.96363
0.00223 -0.02109 0.97349
-0.02127 -0.03098 1.02878
-0.00850 -0.02386 0.95697
-0.01796 -0.00169 1.01558
0.00013 0.00718 1.04014
0.00001 0.01062 1.04771
-0.00033 0.00817 1.06087
-0.00950 -0.00643 1.08067
-0.04626 -0.00063 1.08833
-0.00395 -0.03458 1.10336
-0.00098 -0.01137 1.11605
-0.03810 0.00553 1.13114
-0.01304 0.00572 1.15150
0.00513 -0.00637 1.15973
0.00039 -0.01634 1.16372
-0.01341 -0.01731 1.17356
-0.01710 -0.01275 1.18521
0.01612 0.00952 1.19213
0.00652 0.01996 1.19856
0.03240 0.00670 1.20311
-0.01093 -0.01046 1.19860
-0.00712 -0.02938 1.20361
-0.02038 -0.02489 1.20811
0.00403 0.00567 1.21070
-0.01557 -0.00764 1.21352
0.03642 -0.02991 1.20720
0.01393 -0.01370 1.20871
-0.00546 0.00351 1.20916
0.07033 -0.00431 1.20380
0.00813 -0.00787 1.20281
0.00034 -0.02118 1.18742
-0.02032 -0.02426 1.18786
-0.00754 -0.02426 1.19435
0.00210 -0.00252 1.19491
0.00435 0.00466 1.19151
-0.01296 0.00684 1.18777
-0.00203 -0.00859 1.19447
-0.05626 -0.05170 1.19186
-0.01941 -0.00959 1.18601
-0.01694 -0.01221 1.19333
-0.02784 0.00050 1.19509
-0.00138 -0.00417 1.20283
-0.03375 -0.00996 1.19953
-0.00073 -0.01153 1.19913
-0.01237 -0.01712 1.19752
-0.01882 -0.03837 1.19397
-0.01842 -0.03451 1.19254
-0.01651 -0.01246 1.19508
-0.01932 -0.01555 1.19431
-0.00863 -0.00585 1.19666
-0.01895 -0.01327 1.18478
-0.02062 -0.03094 1.17835
-0.04109 -0.02733 1.17451
-0.01538 -0.02439 1.17435
-0.03402 -0.01943 1.17004
-0.02995 -0.01864 1.17101
-0.01856 -0.02842 1.16166
-0.02881 -0.05534 1.15489
0.01139 -0.02218 1.15448
-0.00537 -0.01003 1.15404
-0.02718 -0.02897 1.15404
0.00680 -0.04192 1.13681
-0.02435 -0.05380 1.12903
-0.02686 -0.02332 1.12963
0.00918 -0.00980 1.13316
0.01352 -0.00316 1.13763
-0.01634 0.00461 1.13911
0.00425 -0.04418 1.12864
0.08489 -0.04208 1.10965
-0.00053 -0.02206 1.12660
0.13056 0.00555 1.12432
0.00713 -0.00183 1.13199
-0.00827 -0.05244 1.11945
0.00364 -0.03420 1.11524
-0.00433 -0.02939 1.12373
-0.02876 -0.02431 1.12446
-0.01786 0.00411 1.12741
-0.03904 0.00112 1.12544
-0.02511 -0.01097 1.12432
-0.01611 -0.01997 1.13073
0.05118 -0.00385 1.12501
0.04479 -0.03373 1.12035
0.02036 -0.03256 1.11424
-0.01755 -0.01306 1.11072
0.06202 -0.02957 1.12680
0.03543 0.01359 1.12577
-0.00239 0.02612 1.12709
0.00243 0.00139 1.12509
-0.00004 -0.01047 1.12335
-0.02177 -0.01205 1.12227
-0.02357 -0.01499 1.11940
-0.00013 -0.00700 1.12477
-0.00740 0.00785 1.12412
0.00229 -0.00735 1.12735
0.03298 0.00568 1.12650
-0.00691 -0.02757 1.12412
0.01995 -0.00858 1.12358
-0.00932 -0.01127 1.12166
0.08747 -0.01554 1.11706
0.00179 0.01004 1.11910
0.04126 0.01037 1.12081
0.01471 0.00012 1.15047
0.01900 -0.01853 1.07892
-0.00181 -0.01500 1.10924
0.00921 -0.01232 1.10533
-0.04342 -0.00340 1.10496
-0.00539 -0.01415 1.10475
0.05916 -0.03559 1.09795
-0.04526 -0.06592 1.09442
0.00866 -0.03127 1.09654
-0.02380 -0.02583 1.09385
-0.01542 -0.01108 1.09662
-0.00446 -0.00890 1.08889
-0.02436 -0.00016 1.09140
-0.00991 -0.01146 1.08468
0.01173 -0.02775 1.08135
-0.01084 -0.01949 1.07879
0.00226 -0.00622 1.08010
0.03613 -0.02818 1.07889
-0.00506 -0.01373 1.07569
-0.03125 -0.04560 1.06744
-0.00041 -0.04215 1.06320
-0.01503 -0.03816 1.06565
0.03013 -0.01990 1.06217
-0.00354 -0.03032 1.04900
-0.00102 -0.03972 1.05134
0.00722 -0.00664 1.05113
0.00461 -0.01748 1.05282
-0.00452 -0.01575 1.04807
-0.01315 -0.02934 1.03996
-0.01301 -0.03583 1.03312
-0.00495 -0.03366 1.02873
-0.03253 -0.02065 1.03294
-0.02884 -0.03529 1.02686
0.00067 -0.01974 1.02312
-0.03947 0.00927 1.02346
-0.02090 -0.00578 1.02171
-0.00308 -0.01534 1.01084
0.02399 -0.02471 0.99356
-0.01999 -0.01234 0.99268
-0.02363 -0.01971 0.98328
-0.02730 -0.01571 0.97273
-0.03891 0.00295 0.96479
0.02578 0.00387 0.94970
-0.01041 -0.00898 0.93476
0.00423 -0.01306 0.92235
0.00186 0.00352 0.91473
0.01139 0.00717 0.90532
0.00040 0.01400 0.89471
-0.01833 0.01255 0.88027
-0.02603 0.00458 0.87062
-0.02377 -0.02926 0.83662
0.00395 -0.01725 0.82460
-0.00597 -0.02284 0.80431
-0.01292 -0.02239 0.78276
0.01169 -0.02446 0.76445
0.00427 -0.01703 0.74596
0.00105 0.00903 0.73002
0.00243 -0.01252 0.71278
-0.00547 -0.01067 0.69540
-0.00787 -0.00328 0.67482
-0.01111 -0.02273 0.65716
-0.01410 -0.01854 0.64045
-0.00754 -0.01193 0.62105
-0.01152 -0.01299 0.60772
0.03881 -0.01830 0.59009
0.01779 -0.00963 0.57602
0.02363 0.00107 0.55823
0.02542 -0.01092 0.54012
-0.00133 -0.01495 0.51686
0.02276 0.00845 0.49566
-0.00207 0.00105 0.47406
-0.02066 -0.00463 0.44693
-0.01387 -0.01678 0.41905
0.02986 -0.00749 0.39458
-0.00196 0.00524 0.37422
-0.01561 -0.01134 0.35263
-0.02658 -0.00226 0.32795
-0.01579 -0.00365 0.31016
-0.02881 0.01523 0.29516
-0.07407 0.03551 0.27237
-0.06525 0.02344 0.26774
-0.01212 0.01400 0.26572
0.00694 0.01527 0.25785
0.01330 0.01549 0.25287
-0.00145 0.00720 0.25140
0.00142 0.00668 0.24976
-0.02641 0.02751 0.24505
0.02553 0.00437 0.24252
-0.01858 0.02037 0.22661
0.01172 0.02379 0.19452
-0.03347 0.01920 0.14986
-0.04096 0.00328 0.09996
-0.04123 0.01348 0.05825
-0.00612 0.00012 0.04055
-0.00329 0.00045 0.00830
0.00134 -0.00614 -0.01417
0.00009 0.00011 -0.01335
0.00003 0.00182 -0.00274
-0.00007 0.00015 0.00302
-0.00155 0.00294 -0.00104
0.00075 0.00031 0.00212
-0.00143 0.00025 0.00149
0.00248 -0.00053 -0.00210
-0.00035 0.00044 -0.00347
0.00190 -0.00051 -0.00321
0.00108 -0.00023 -0.00314
-0.00082 -0.00005 -0.00273
0.00246 -0.00007 -0.00232
0.00068 0.00011 0.00389
0.00059 0.00025 -0.00255
0.00128 0.00015 -0.00358
0.00073 -0.00015 -0.00192
-0.00141 0.00028 0.00461
0.00088 -0.00016 -0.00245
0.00333 0.00023 0.00136
0.00199 -0.00012 -0.00071
0.00262 0.00010 0.00103
0.00220 -0.00019 -0.00205
0.00343 -0.00016 -0.00135
0.00227 -0.00015 -0.00139
0.00227 -0.00009 -0.00102
0.00219 -0.00010 -0.00086
0.00191 -0.00014 -0.00126
0.00222 -0.00023 -0.00252
0.00153 -0.00005 -0.00148
0.00233 -0.00014 -0.00134
-0.00015 -0.00005 0.00207
0.00000 0.00027 0.00386
0.00138 -0.00041 -0.00090
-0.00072 0.00028 0.00363
0.00096 -0.00014 0.00204
-0.00151 0.00010 0.00158
0.00007 0.00003 0.00150
-0.00025 -0.00001 0.00171
-0.00041 -0.00002 0.00120
0.00086 -0.00040 0.00030
0.00095 -0.00004 -0.00113
-0.00033 -0.00000 0.00176
0.00096 0.00015 0.00147
0.00050 -0.00009 -0.00138
0.00064 -0.00011 -0.00177
0.00072 0.00000 0.00133
0.00071 -0.00001 -0.00108
-0.00032 0.00015 0.00089
-0.00009 -0.00002 0.00113
0.00028 -0.00016 -0.00072
-0.00046 0.00014 0.00104
0.00019 -0.00003 -0.00088
0.00051 -0.00036 -0.00172
-0.00012 0.00003 0.00070
-0.00068 -0.00002 0.00212
0.00064 -0.00007 -0.00076
0.00017 -0.00010 0.00173
0.00072 -0.00021 -0.00142
-0.00040 0.00007 0.00140
-0.00100 0.00021 0.00124
-0.00010 -0.00008 0.00224
-0.00152 -0.00004 0.00369
-0.00244 0.00053 0.00633
0.00935 0.00077 0.00468
0.01129 0.00097 0.00860
-0.01524 -0.00002 0.00782
-0.01767 0.00062 0.00692
0.01937 0.00113 0.00860
0.02032 0.00115 0.01432
0.02636 0.00219 0.02375
0.04516 0.00115 0.02357
0.05988 0.00280 0.04273
0.00462 0.00903 0.09603
0.01707 0.01019 0.12192
0.03940 0.00755 0.14316
0.03487 0.01416 0.16708
-0.01221 0.01274 0.19712
-0.02138 0.02188 0.22082
-0.00583 0.02999 0.24817
-0.00357 0.03042 0.27229
0.02098 0.02948 0.29335
-0.06262 0.04428 0.30889
-0.05381 0.03748 0.33306
-0.04522 0.01913 0.35697
-0.03431 -0.00059 0.37778
-0.14617 0.01458 0.36767
-0.17579 0.02290 0.37706
-0.10977 0.01279 0.41884
-0.11065 -0.00887 0.43364
-0.10470 0.01044 0.46132
-0.11964 0.01215 0.48212
-0.12184 0.03406 0.50791
-0.09117 -0.00127 0.53566
-0.08508 -0.00915 0.55486
-0.09137 -0.00542 0.58162
-0.07959 -0.00708 0.61181
-0.11814 0.02066 0.63152
-0.03504 0.01543 0.66397
-0.10211 -0.00118 0.67749
-0.02903 0.01342 0.71036
-0.07204 0.00227 0.72903
-0.04365 0.00543 0.75491
-0.00808 -0.00059 0.77497
-0.06637 0.00426 0.79618
-0.06014 -0.00617 0.81576
-0.05028 -0.00476 0.83452
-0.07918 -0.00744 0.85890
-0.05788 0.00872 0.88009
0.00780 -0.00638 0.90833
-0.03502 -0.01189 0.92526
0.00831 0.00285 0.95103
-0.04420 -0.00799 0.97043
-0.05096 0.01818 0.99632
-0.02691 0.00240 1.01833
-0.02275 -0.01599 1.03759
-0.01437 -0.00568 1.06153
-0.03435 -0.00339 1.08247
0.01077 0.00778 1.10904
-0.00108 -0.00089 1.12624
0.02399 0.00071 1.14062
-0.03023 0.00537 1.14671
-0.02158 -0.00750 1.14751
0.01042 -0.01126 1.14988
-0.01274 -0.01699 1.15051
-0.01163 0.00240 1.14978
-0.03132 -0.02984 1.14808
-0.03619 -0.03523 1.13901
-0.03469 -0.03499 1.14207
-0.01709 -0.00302 1.14343
-0.02152 -0.00904 1.14742
-0.03529 -0.00633 1.14415
-0.02638 0.00041 1.13605
-0.04100 -0.03513 1.13414
-0.04226 -0.04102 1.12913
-0.01628 -0.02368 1.12568
-0.03822 -0.04444 1.12182
-0.04321 -0.04786 1.11657
-0.01004 -0.02615 1.12320
-0.00694 0.00767 1.12586
0.04001 0.00265 1.12381
-0.00263 -0.02238 1.11716
-0.03104 -0.04317 1.11035
-0.02510 -0.03631 1.10376
-0.02606 -0.05555 1.10116
-0.02279 -0.05142 1.09866
-0.00760 -0.01904 1.09878
-0.02447 -0.00951 1.10734
-0.01907 0.00617 1.09926
-0.01298 -0.00263 1.09545
-0.02154 -0.01007 1.09447
-0.03408 -0.02082 1.08838
-0.03289 -0.02218 1.08736
-0.03361 -0.01426 1.08549
-0.03064 -0.03296 1.07843
-0.02320 -0.02612 1.07408
-0.02752 -0.02408 1.06875
-0.02475 0.00483 1.07383
-0.02059 -0.00085 1.07203
0.01151 -0.00309 1.07239
0.00098 -0.02801 1.06325
0.00007 -0.02098 1.05891
-0.03168 -0.02210 1.06000
-0.03926 -0.01874 1.05642
-0.00682 -0.04952 1.05055
-0.02645 -0.01160 1.04696
-0.01304 0.00138 1.05368
-0.02557 -0.00089 1.04927
-0.00636 -0.01190 1.04383
-0.01916 -0.02666 1.03950
-0.00625 -0.02184 1.03804
-0.00886 -0.01520 1.03773
-0.02142 -0.01362 1.03499
-0.00001 -0.00820 1.03207
-0.02170 -0.00507 1.03064
-0.01348 -0.01694 1.02741
-0.01287 -0.03025 1.02540
-0.04729 -0.04835 1.01382
-0.01325 -0.04121 1.01222
-0.03709 -0.00329 1.01424
0.01000 0.00267 1.02004
0.00918 0.00368 1.02115
0.00824 -0.00401 1.01684
-0.01823 -0.03506 1.00790
-0.02872 -0.04206 0.99315
0.03138 -0.02025 0.98978
-0.02620 -0.03496 0.99339
-0.02164 -0.01950 0.99938
0.01891 -0.02648 1.00665
-0.06901 0.01347 1.01121
-0.03873 0.03522 1.02328
-0.06894 -0.00431 1.03044
-0.04325 0.01070 1.03810
-0.05098 0.01338 1.04882
-0.01068 0.00151 1.05917
-0.01752 -0.00231 1.07161
-0.01916 -0.04367 1.07093
-0.04387 -0.03855 1.07984
-0.03947 -0.04988 1.08260
-0.04009 -0.03259 1.08760
-0.02206 0.00275 1.09812
-0.02433 -0.00058 1.11701
-0.02680 0.00642 1.12747
-0.01922 0.01002 1.13421
-0.03445 -0.00360 1.13539
-0.01124 -0.03533 1.14350
-0.03131 -0.01405 1.14890
-0.01986 -0.01706 1.15758
-0.01838 -0.00268 1.15737
-0.01809 0.00371 1.15657
-0.02625 -0.00899 1.15714
-0.03197 -0.02429 1.15009
0.02074 -0.04140 1.14887
-0.03690 -0.00104 1.14524
-0.01816 -0.00421 1.15121
-0.01218 -0.02261 1.14290
-0.00961 -0.03514 1.13962
0.02376 -0.05293 1.13337
-0.02093 -0.00810 1.13374
-0.02206 0.01458 1.13648
-0.00850 -0.00868 1.13284
0.00043 -0.02293 1.12473
-0.01795 -0.04691 1.11674
-0.02443 -0.03045 1.11020
0.00414 -0.04631 1.10335
-0.00318 -0.00653 1.09712
-0.01561 -0.00662 1.08730
0.01120 -0.00577 1.07897
-0.01019 -0.01292 1.06614
-0.01613 -0.01329 1.06350
-0.02225 0.00421 1.05711
-0.02437 0.00483 1.05053
-0.01275 -0.01813 1.04343
-0.00799 -0.04184 1.03262
-0.00163 -0.03056 1.02955
0.01370 -0.03525 1.02633
0.01595 -0.01213 1.01866
-0.03616 -0.03841 1.01277
0.00509 0.00123 1.01346
0.01377 0.00519 1.01381
-0.00252 -0.01018 1.00936
-0.01248 -0.04772 1.00245
-0.00496 -0.02759 0.99856
-0.03402 -0.02869 1.01065
-0.03946 0.00261 1.01653
-0.01687 -0.01544 1.02098
-0.01121 -0.00899 1.02312
-0.01424 -0.01641 1.02995
0.02642 0.00784 1.03513
0.03624 0.01122 1.04195
0.03591 -0.01490 1.05395
0.00736 -0.02030 1.05450
-0.03077 -0.03354 1.04899
-0.02999 -0.03258 1.05565
-0.02378 -0.06220 1.05932
-0.03676 -0.03995 1.07014
-0.02486 -0.04991 1.07898
-0.01882 -0.00600 1.08819
-0.01533 -0.04133 1.09639
-0.00312 -0.02565 1.10201
-0.00659 -0.00304 1.10854
0.00787 -0.00528 1.11382
0.00698 -0.01151 1.12393
0.00828 -0.00052 1.12401
-0.02683 -0.00687 1.12648
-0.00425 -0.02357 1.12557
-0.01878 -0.04942 1.11620
-0.02792 -0.02151 1.11667
-0.01274 0.00185 1.12278
-0.00449 -0.01966 1.12187
0.01184 0.00464 1.11651
-0.01261 -0.02777 1.10863
0.03284 -0.02772 1.10943
-0.04043 -0.02465 1.10752
-0.02868 -0.02461 1.09931
-0.03124 -0.02900 1.09824
-0.03574 0.00134 1.09148
-0.03698 -0.00141 1.08620
-0.02997 -0.01868 1.07237
-0.02429 -0.01409 1.05634
-0.01126 -0.01732 1.04001
-0.03358 -0.02032 1.01972
-0.02371 -0.04663 0.99750
-0.02867 0.00023 0.98078
-0.02657 -0.03076 0.97461
0.00442 0.00260 0.96004
-0.03791 -0.01467 0.95334
-0.02206 -0.01959 0.94586
-0.04372 -0.01438 0.94068
-0.00548 -0.00316 0.94057
-0.01503 0.00316 0.93447
-0.01359 -0.01912 0.93500
-0.01683 -0.01193 0.93021
0.00663 -0.00955 0.92864
-0.00254 -0.01501 0.92668
0.00327 -0.01780 0.92465
0.01064 -0.01022 0.92518
0.04442 -0.04878 0.92275
-0.00775 -0.00891 0.92730
-0.03649 -0.04809 0.92048
-0.03088 -0.04934 0.91634
-0.03042 0.03917 0.92117
-0.00356 0.01012 0.93082
-0.07241 -0.00242 0.94036
-0.01144 0.01154 0.94233
-0.01331 0.01397 0.95837
-0.01510 -0.00358 0.96612
-0.05125 -0.02656 0.96907
-0.00811 -0.00815 0.97457
-0.02078 -0.04080 0.97931
0.01099 -0.02478 0.99203
-0.02005 -0.03565 0.99934
0.02357 -0.01368 1.01250
-0.01080 -0.03991 1.02296
-0.02449 -0.02914 1.03329
-0.00358 -0.03073 1.04541
0.00721 -0.03053 1.05266
-0.00828 -0.02677 1.06802
0.00935 -0.00321 1.08197
-0.02703 -0.01158 1.09811
-0.00918 0.00386 1.11463
0.00728 0.00157 1.12460
-0.02114 -0.01648 1.13579
-0.02568 -0.04080 1.14322
-0.01939 -0.02000 1.15257
-0.03790 -0.03736 1.16319
0.01213 0.00256 1.17721
-0.00555 0.00424 1.18254
-0.02058 0.00359 1.18271
0.00516 -0.00641 1.17788
0.00371 -0.04104 1.17658
0.00025 -0.01006 1.17188
-0.02703 -0.04225 1.16506
-0.02006 -0.03423 1.16101
-0.03370 -0.03498 1.16001
-0.01398 -0.03745 1.15906
-0.03170 -0.00632 1.15855
-0.01447 0.00924 1.16087
-0.03097 -0.00213 1.15412
-0.03859 -0.02967 1.14635
-0.02366 -0.04553 1.13439
-0.00961 -0.00988 1.13585
-0.00722 -0.02173 1.12849
-0.00459 -0.01300 1.11830
-0.01471 0.00218 1.10749
-0.01504 -0.00453 1.09916
-0.02696 -0.01434 1.07754
-0.02397 -0.04409 1.06147
0.00303 -0.02915 1.04664
-0.01363 -0.01400 1.03464
-0.02890 -0.00243 1.01880
-0.02684 -0.00207 1.00642
-0.00519 -0.00428 0.98884
-0.00928 -0.01778 0.96717
-0.00017 -0.02941 0.94754
-0.02166 -0.03949 0.93649
-0.00267 -0.03628 0.93502
-0.00719 -0.02075 0.93444
-0.00964 -0.01265 0.93537
0.02552 -0.01398 0.92976
0.01090 -0.01188 0.92958
0.03239 -0.02955 0.92340
0.00422 -0.02487 0.91692
-0.00319 -0.02826 0.91872
-0.01098 -0.00947 0.91929
-0.01086 0.00759 0.92154
0.00495 -0.00778 0.92782
-0.00023 0.01221 0.93223
0.00354 -0.01666 0.93496
-0.00013 -0.00070 0.94079
0.00529 -0.00609 0.94084
0.00153 -0.00429 0.95175
0.01415 0.00557 0.95604
0.00195 0.01327 0.97106
0.01467 -0.00395 0.97455
0.00806 -0.04261 0.97852
0.02136 -0.03689 0.98776
0.01506 0.01564 1.01144
0.00151 -0.00713 1.01887
0.00388 -0.03706 1.02471
0.01095 -0.02141 1.02481
0.00270 -0.01864 1.03221
0.02434 0.01133 1.05592
-0.00482 0.00578 1.06757
0.01719 -0.00887 1.06524
-0.00473 -0.02992 1.06780
0.00508 -0.03063 1.07288
-0.02750 -0.02934 1.08518
0.00423 -0.03751 1.09157
-0.01099 -0.00149 1.10082
0.02422 0.01022 1.10961
-0.00158 0.01376 1.12056
0.00372 -0.00474 1.12454
0.00884 0.00270 1.12724
-0.00855 -0.01956 1.13590
-0.01177 -0.05167 1.13730
-0.03035 -0.03342 1.14096
-0.02854 -0.01937 1.15615
-0.01653 -0.00605 1.16691
-0.00942 -0.00422 1.17712
-0.02125 -0.01787 1.18318
-0.02168 -0.03721 1.19771
-0.02923 -0.04172 1.20582
-0.01102 -0.03715 1.20595
-0.00284 -0.00600 1.20769
-0.03255 0.00994 1.20782
-0.02711 0.01070 1.21068
-0.02738 -0.01030 1.20361
-0.02043 -0.04535 1.19422
-0.03282 -0.03743 1.19147
-0.01246 -0.02943 1.18526
-0.02100 -0.02139 1.19421
-0.03904 -0.01705 1.18573
-0.01409 -0.01442 1.18491
-0.02664 -0.03159 1.17467
-0.01790 -0.03092 1.16962
-0.04062 -0.02279 1.17071
-0.02802 -0.01726 1.16686
-0.01473 -0.02854 1.15977
-0.02752 -0.03588 1.14732
-0.02753 -0.03270 1.14129
0.00230 -0.00151 1.14854
0.00508 -0.02381 1.14848
-0.03234 -0.03505 1.14011
-0.01495 -0.01442 1.12884
-0.00699 -0.02717 1.12116
-0.04337 -0.05157 1.10823
-0.02763 -0.03767 1.10623
-0.01954 -0.01063 1.10949
-0.01072 -0.01078 1.10631
0.00107 0.00332 1.10074
