0.12898 101.31193 60.86988
0.08016 56.03460 32.54106
0.13436 81.61956 48.17079
0.21617 120.95000 74.42171
0.14055 72.74795 42.66009
0.27749 133.27552 83.57620
0.27534 125.13866 77.46618
0.30314 129.45405 80.67221
0.30178 121.36098 74.71767
0.36197 136.44875 86.03845
0.35827 132.49686 82.97923
0.20284 72.73512 42.65220
0.38726 131.48016 82.20389
0.31376 102.59890 61.72699
0.42727 134.40359 84.44601
0.32534 97.76490 58.52669
0.29636 85.49403 50.61423
0.32451 88.55971 52.56515
0.29995 78.25081 46.06510
0.28095 69.34126 40.57198
0.18361 43.01611 24.84050
0.44439 98.97967 59.32610
0.33291 70.36032 41.19510
0.07713 15.59484 8.94427
0.09130 17.65249 10.12731
0.63027 116.17035 71.02095
0.66983 117.66237 72.07461
0.67319 113.31506 69.02351
0.50423 81.00426 47.78492
0.47482 73.44641 43.09002
0.55893 83.25107 49.19680
0.36519 52.41903 30.38884
0.63943 89.27967 53.02568
0.64636 87.50120 51.88972
0.86796 114.65336 69.95669
0.55994 72.35949 42.42125
0.26099 32.95904 18.97068
0.53010 66.30371 38.72194
0.42497 52.76485 30.59420
0.19998 24.69835 14.18733
0.60231 74.34345 43.64313
0.75681 92.72013 55.23939
0.70821 86.35672 51.16161
0.01657 2.01422 1.15408
0.60655 73.26160 42.97620
0.30046 36.23869 20.87857
0.86801 103.88467 62.58716
0.82587 98.64600 59.10620
0.33095 39.45792 22.75702
0.68451 81.38608 48.02431
0.58658 69.70526 40.79441
0.49030 58.18721 33.82801
0.57039 67.56120 39.48652
0.71930 85.48591 50.60909
0.76114 90.12485 53.56748
0.67406 79.15455 46.62836
0.63611 75.31562 44.24377
0.85927 102.83931 61.88753
0.09313 11.21988 6.43190
0.68096 82.42912 48.67938
0.07935 9.52594 5.46003
0.67381 80.82310 47.67142
0.20751 24.87010 14.28650
0.04326 5.18418 2.97065
0.15210 18.34482 10.52560
0.28433 34.56795 19.90594
0.65405 80.53876 47.49338
0.62439 77.64106 45.68575
0.59697 74.56573 43.78035
0.02821 3.51109 2.01181
0.38313 47.62074 27.54929
0.27766 34.26776 19.73134
0.09823 11.93767 6.84385
0.81777 97.49337 58.34844
0.69420 80.89525 47.71662
0.64726 73.86388 43.34730
0.41093 46.07427 26.63787
0.29482 32.44794 18.67384
0.60908 65.85598 38.45015
0.08249 8.75037 5.01520
1.14770 119.40102 73.31141
0.04448 4.55465 2.60985
0.89517 90.37909 53.73072
0.95491 95.37008 56.95979
0.77347 76.02917 44.68543
0.58224 56.58468 32.86952
0.55361 53.50000 31.03111
0.12336 11.84758 6.79214
0.04362 4.19885 2.40594
0.86313 83.23849 49.18887
1.11268 107.52508 65.04427
0.31783 30.72546 17.67439
0.09982 9.67406 5.54499
0.23043 22.43615 12.88208
0.61155 59.63033 34.69324
0.32519 31.77388 18.28255
0.16650 16.39773 9.40576
0.04538 4.48615 2.57059
0.15733 15.63737 8.96871
0.11169 11.08595 6.35504
0.12058 12.02240 6.89248
0.10988 11.03562 6.32616
0.14603 14.77585 8.47366
1.03673 105.53090 63.69423
0.54009 55.02237 31.93736
1.02963 105.45224 63.64118
0.13179 13.52837 7.75711
0.07956 8.12725 4.65785
0.06928 7.09801 4.06771
0.10271 10.59967 6.07601
0.09102 9.55218 5.47508
0.06894 7.26702 4.16461
0.11893 12.50150 7.16750
0.16156 16.96971 9.73463
0.14153 14.88606 8.53698
0.03456 3.64049 2.08596
0.21600 22.75262 13.06458
0.40149 42.65481 24.62858
0.68901 73.24528 42.96615
0.03385 3.60894 2.06788
0.09994 10.69828 6.13259
0.64564 69.37344 40.59164
0.12430 13.34156 7.64983
0.08841 9.46107 5.42282
0.04696 5.05860 2.89867
0.20149 21.64794 12.42771
0.41882 45.05506 26.03814
0.41443 44.90651 25.95079
1.06675 115.08606 70.25954
0.34810 37.81834 21.79957
0.56101 61.20970 35.64251
0.38762 42.67489 24.64035
0.04774 5.24251 3.00408
0.68592 74.80242 43.92653
0.63393 69.15562 40.45860
0.25007 27.53192 15.82488
0.16167 17.92695 10.28519
0.53194 58.94885 34.28440
0.73203 80.85695 47.69263
1.05405 116.29781 71.11069
0.20586 22.80018 13.09201
0.89832 99.09028 59.39904
0.10002 10.99975 6.30558
0.45095 49.93300 28.91538
0.24920 27.69695 15.92035
0.52955 59.05076 34.34551
0.21181 23.72687 13.62659
0.33737 37.69618 21.72829
0.14929 16.61965 9.53335
0.16734 18.55449 10.64625
0.11830 13.10288 7.51278
0.17468 19.54570 11.21676
0.83901 93.72702 55.89147
0.78801 88.00324 52.20983
0.11119 12.36430 7.08874
0.34872 38.85146 22.40268
0.97920 109.23351 66.20897
0.83845 93.59282 55.80444
0.94955 106.01553 64.02140
0.53455 59.62176 34.68810
0.72586 80.98100 47.77035
0.47282 52.80100 30.61568
0.08025 8.99126 5.15335
0.00516 0.57419 0.32898
0.11981 13.36754 7.66475
0.17979 20.13835 11.55801
0.43629 48.90644 28.30838
0.28990 32.65866 18.79620
0.24484 27.49603 15.80412
0.08324 9.35591 5.36250
0.06261 7.04584 4.03780
0.11060 12.37566 7.09526
0.73653 83.28246 49.21657
0.32090 36.72267 21.16059
0.58927 67.59423 39.50663
0.60666 69.46821 40.64954
0.54899 62.87509 36.64623
0.42178 48.49814 28.06718
0.33890 39.29620 22.66250
0.59272 69.05053 40.39444
0.07393 8.67044 4.96935
0.11652 13.70830 7.86044
0.15509 18.34547 10.52598
0.17139 20.47710 11.75311
0.45616 54.17842 31.43472
0.64456 77.37499 45.52038
0.48020 57.32560 33.31237
0.49621 60.22724 35.05172
0.54794 67.19930 39.26629
0.70019 86.35174 51.15845
0.22509 27.84099 16.00369
0.93193 114.93677 70.15499
0.27657 34.34341 19.77534
0.22414 28.14735 16.18096
0.28780 36.24294 20.88104
0.90726 114.37426 69.76164
0.81282 103.94680 62.62882
0.23007 29.69438 17.07676
0.19475 25.47179 14.63400
0.40643 53.37262 30.95538
0.87977 114.49345 69.84491
0.82889 107.44055 64.98684
0.14421 18.89690 10.84330
0.12706 16.94361 9.71962
0.02605 3.49838 2.00453
0.20933 27.92999 16.05518
0.11076 14.58266 8.36267
0.18060 23.84367 13.69399
0.59530 78.71762 46.35590
0.84282 112.40365 68.39097
0.10514 14.07318 8.07000
0.06665 8.84187 5.06767
0.41629 55.60419 32.28425
0.67581 90.32716 53.69736
0.79741 106.79222 64.54697
0.84178 114.40599 69.78381
0.78039 106.51633 64.36011
0.23190 31.83698 18.31918
0.67012 92.78951 55.28426
0.71989 100.51073 60.33818
0.19895 27.59317 15.86031
0.41923 58.34878 33.92478
0.47760 67.22764 39.28353
0.53406 76.14549 44.75750
0.55700 79.86639 47.07285
0.27084 39.06612 22.52808
0.73875 107.39703 64.95728
0.44156 64.35947 37.54331
0.81335 119.42737 73.33023
0.08856 13.11946 7.52230
0.00992 1.48571 0.85126
0.78708 119.80140 73.59762
0.15687 23.92304 13.73979
0.76761 120.14475 73.84350
0.59432 92.63716 55.18574
0.02050 3.22345 1.84698
0.69727 109.58619 66.45036
0.59392 94.14569 56.16319
0.56639 91.08770 54.18630
0.63597 103.51113 62.33687
0.51193 84.28897 49.85168
0.64799 106.16956 64.12551
0.66044 107.29335 64.88688
0.68624 109.15289 66.15384
0.10140 16.05807 9.21051
0.14309 22.64112 13.00027
0.66741 107.26513 64.86772
0.65274 105.38332 63.59472
0.65922 106.25775 64.18515
0.01883 3.01395 1.72693
0.71989 114.60480 69.92274
0.62710 98.04372 58.70990
0.75825 117.98606 72.30413
0.28231 43.68860 25.23520
0.44971 69.37113 40.59023
0.12459 19.26874 11.05733
0.08427 13.02693 7.46917
0.10326 15.91498 9.12826
0.12714 19.38862 11.12633
0.58852 88.22466 52.35115
0.68410 101.14489 60.75891
0.04859 7.20715 4.13029
0.55222 81.88653 48.33840
0.61818 89.94923 53.45479
0.76113 110.38337 66.99724
0.00707 1.00320 0.57480
0.70785 99.04569 59.36963
0.06051 8.52829 4.88783
0.51010 70.86852 41.50632
0.01023 1.40021 0.80227
0.82556 110.69443 67.21109
0.07546 10.09227 5.78490
0.10631 14.15540 8.11723
0.04677 6.22771 3.56879
0.03523 4.67832 2.68072
0.70557 93.85332 55.97340
0.02521 3.37265 1.93248
0.11731 15.68958 8.99872
0.01690 2.27122 1.30134
0.22789 30.57168 17.58522
0.61207 81.58419 48.14860
0.59225 79.18724 46.64875
0.11072 14.80323 8.48939
0.32538 43.49651 25.12243
0.08614 11.58157 6.63946
0.06340 8.50727 4.87578
0.80128 108.51386 65.71743
0.60502 81.40939 48.03893
0.04728 6.35961 3.64440
0.22464 30.03500 17.27414
0.02302 3.07992 1.76474
0.07279 9.80541 5.62034
0.01856 2.49388 1.42893
0.06461 8.68597 4.97826
0.23988 31.88137 18.34494
0.80693 107.72429 65.17969
0.06124 8.11250 4.64940
0.85495 112.56935 68.50580
0.68096 89.46691 53.14560
0.12535 16.42213 9.41979
0.01649 2.15105 1.23249
0.08267 10.66873 6.11564
0.15128 19.49012 11.18477
0.05804 7.40224 4.24214
0.07856 10.04335 5.75684
0.03145 3.99875 2.29127
0.09298 11.80229 6.76615
0.90863 115.14488 70.30076
0.21470 27.11154 15.58174
0.08700 10.91381 6.25626
0.18316 23.05751 13.24042
0.02084 2.60429 1.49219
0.00824 1.02847 0.58927
0.04846 6.05947 3.47235
0.02966 3.73348 2.13925
0.22816 28.91490 16.62528
0.32191 40.71510 23.49224
0.06169 7.75530 4.44458
0.17887 22.61151 12.98320
0.04351 5.57860 3.19672
0.87640 112.36525 68.36438
0.09706 12.37210 7.09322
0.00228 0.28718 0.16454
0.05919 7.39508 4.23803
0.02616 3.25443 1.86473
0.03795 4.71715 2.70298
0.07406 9.24885 5.30109
0.40510 51.26220 29.70256
0.02039 2.57774 1.47698
0.39936 50.37664 29.17795
0.11754 14.81788 8.49781
0.04034 5.09364 2.91875
0.32222 40.36683 23.28847
0.12976 16.11477 9.24310
0.68931 85.43230 50.57511
0.52732 65.02746 37.94779
0.87067 107.21765 64.83549
0.21032 25.72609 14.78092
0.21349 26.28681 15.10494
0.06727 8.42134 4.82650
0.54641 68.45851 40.03322
0.03336 4.19146 2.40171
0.87076 107.30596 64.89544
0.03846 4.70902 2.69832
0.89167 109.83286 66.61940
0.07047 8.68585 4.97819
0.52790 64.55723 37.66301
0.08619 10.49309 6.01486
0.09766 11.94991 6.85087
0.21598 26.45317 15.20110
0.25899 31.81205 18.30471
0.07224 8.87901 5.08897
0.00680 0.83241 0.47694
0.32917 40.25035 23.22033
0.01016 1.23999 0.71047
0.85339 104.41293 62.94169
0.02445 3.00039 1.71916
0.01472 1.80757 1.03568
0.21523 26.53459 15.24816
0.74159 90.77762 53.98683
0.62500 76.39521 44.91227
0.67552 82.42508 48.67684
0.79954 98.12003 58.76007
0.30887 37.58216 21.66177
0.04448 5.38916 3.08814
0.12192 14.80388 8.48976
0.29477 35.89190 20.67656
0.53103 65.06127 37.96828
0.14747 18.07951 10.37296
0.03299 4.02325 2.30531
0.04363 5.33038 3.05444
0.11337 13.91211 7.97749
0.30339 37.36374 21.53437
0.18113 22.29251 12.79927
0.80830 98.55312 59.04504
0.07186 8.80286 5.04530
0.10257 12.56526 7.20411
0.82782 101.89204 61.25576
0.36562 45.05742 26.03952
0.33999 41.51907 23.96294
0.28227 34.49189 19.86169
0.44863 54.39796 31.56541
0.03257 3.94082 2.25807
0.19196 23.15019 13.29388
0.42465 51.56292 29.88086
0.42305 51.59055 29.89724
0.34871 42.74850 24.68353
0.78309 95.05926 56.75729
0.11926 14.31035 8.20624
0.13268 15.74044 9.02794
0.20220 24.02971 13.80135
0.92966 109.48236 66.37926
0.22130 25.89379 14.87781
0.26840 31.27762 17.99462
0.65510 76.08856 44.72223
0.53749 62.13222 36.19815
0.23721 27.28606 15.68267
0.32810 37.95295 21.87811
0.35135 40.34215 23.27403
0.37035 42.53903 24.56069
0.43677 49.70381 28.77979
0.41948 47.30776 27.36470
0.24718 27.70452 15.92473
0.23892 26.49605 15.22588
0.40196 44.20220 25.53684
0.23159 25.54752 14.67775
0.54631 60.52456 35.23040
0.89280 99.62975 59.75519
0.21927 24.63979 14.15352
0.25477 28.53971 16.40806
0.13417 14.97642 8.58890
0.37395 41.29002 23.82880
0.87717 95.48856 57.03704
0.25282 27.34119 15.71456
0.57068 61.62959 35.89531
0.35357 38.20387 22.02456
0.31089 31.57368 18.16638
0.08542 8.47116 4.85507
1.14436 113.27212 68.99366
0.37344 37.84816 21.81697
1.11885 114.09053 69.56359
0.74949 76.34121 44.87880
0.67610 69.01768 40.37438
0.21426 21.73580 12.47835
0.18430 18.71687 10.73969
0.05342 5.43983 3.11718
0.73951 76.71080 45.10800
0.60129 61.60598 35.88109
0.91141 94.07046 56.11434
1.03228 106.01484 64.02093
1.06850 110.73293 67.23757
0.07026 7.24944 4.15453
0.13143 13.64959 7.82672
0.30384 31.58166 18.17101
0.05693 5.92520 3.39539
0.29042 30.53215 17.56231
0.40132 41.91128 24.19271
0.32804 34.47856 19.85394
1.01550 106.68688 64.47559
0.63059 66.71200 38.96999
0.86028 90.73826 53.96153
0.91316 96.04171 57.39804
0.96222 101.29920 60.86142
0.07178 7.57093 4.33886
0.14668 15.46271 8.86833
0.92138 97.89289 58.61077
0.10073 10.70499 6.13644
0.11450 12.25657 7.02690
0.08013 8.52476 4.88581
0.05061 5.35188 3.06677
0.08579 9.02742 5.17409
0.33518 35.11867 20.22638
0.25735 27.04097 15.54093
0.63792 67.07775 39.19236
0.52592 55.21807 32.05401
0.77313 80.67003 47.57556
0.66732 69.27709 40.53278
0.62046 64.25583 37.48060
0.14777 15.24187 8.74143
0.93451 95.49658 57.04227
0.58963 60.15438 35.00794
0.03848 3.96505 2.27196
0.09015 9.30032 5.33061
0.20023 20.56497 11.80372
0.25863 26.33927 15.13526
0.03546 3.58708 2.05536
0.11761 11.88639 6.81442
0.16098 16.20684 9.29603
0.02821 2.83441 1.62405
0.68843 68.82019 40.25385
0.08826 8.83384 5.06306
0.03728 3.71498 2.12865
0.04069 4.04620 2.31846
0.01200 1.18847 0.68095
0.02431 2.41034 1.38106
0.07126 7.00751 4.01583
0.21447 21.16184 12.14758
1.15467 113.88124 69.41765
0.77932 76.75229 45.13375
0.17115 16.94968 9.72311
0.08072 7.99292 4.58082
0.16324 16.13934 9.25722
1.15296 113.36324 69.05701
0.14883 14.59869 8.37188
0.11664 11.43032 6.55266
0.05855 5.78446 3.31471
0.21277 21.14239 12.13637
0.05704 5.66481 3.24613
0.57182 56.68112 32.92713
0.12543 12.32109 7.06394
0.89098 87.67931 52.00324
0.04961 4.88101 2.79689
1.14596 112.63303 68.54995
0.04988 4.92953 2.82470
0.03951 3.89730 2.23313
0.67588 66.96985 39.12674
0.04610 4.53790 2.60025
0.13487 13.26324 7.60486
0.11015 10.87900 6.23628
0.63516 62.63835 36.50337
0.21290 21.04275 12.07896
0.11870 11.70571 6.71071
0.12999 12.81475 7.34734
0.31206 30.83431 17.73750
0.14923 14.77941 8.47571
0.17716 17.59233 10.09271
0.08561 8.54384 4.89675
0.23625 23.63451 13.57329
0.03989 4.00689 2.29593
0.12871 12.97452 7.43907
0.20437 20.80041 11.93934
0.06763 6.95405 3.98518
0.98361 102.26317 61.50304
0.16201 17.04737 9.77929
0.07549 8.05353 4.61558
0.12018 12.99433 7.45045
0.19941 21.84763 12.54280
0.05675 6.34417 3.63555
1.04056 118.50972 72.67615
0.98419 114.58629 69.90980
0.48223 57.30645 33.30092
0.34793 42.23482 24.38233
0.12262 15.20360 8.71943
0.11006 13.85327 7.94370
0.78459 100.09830 60.06504
0.85008 110.19454 66.86754
0.78849 103.86237 62.57221
0.06440 8.63142 4.94697
0.58517 79.37757 46.76753
0.63180 87.28887 51.75447
0.58393 82.42047 48.67394
0.70482 100.52602 60.34832
0.79931 114.23031 69.66113
0.48056 68.40838 40.00265
0.39685 55.54510 32.24901
0.67156 93.28973 55.60803
0.32519 44.86206 25.92465
0.34484 47.20005 27.30118
0.43426 59.60826 34.68000
0.47035 64.18563 37.43813
0.17865 24.39135 14.01009
0.65306 88.53745 52.55093
0.84047 112.47151 68.43799
0.14887 19.68848 11.29897
0.55152 71.04091 41.61197
0.14356 18.22715 10.45790
0.80606 102.15958 61.43398
0.44847 56.94971 33.08764
0.10360 13.11048 7.51714
0.27067 34.10869 19.63884
0.59124 73.40807 43.06640
0.69425 86.13581 51.02132
0.72450 89.56728 53.20991
0.13933 17.42459 9.99623
0.55117 69.58631 40.72170
0.67683 85.74942 50.77615
0.55371 70.53645 41.30292
0.51494 66.27233 38.70289
0.63506 82.37088 48.64276
0.70043 92.17158 54.88496
0.80434 106.51683 64.36044
0.45073 60.60320 35.27768
0.22426 30.73909 17.68229
0.70704 98.14429 58.77602
0.76530 107.09251 64.75057
0.12543 17.69727 10.15307
0.67221 93.57289 55.79152
0.03585 5.09689 2.92062
0.66161 93.01162 55.42797
0.65082 91.01120 54.13708
0.13884 19.59866 11.24726
0.54157 74.08456 43.48339
0.53983 74.11339 43.50117
0.79512 106.16085 64.11962
0.67847 89.77091 53.34043
0.06842 9.07748 5.20280
0.83887 110.22277 66.88692
0.75044 98.25126 58.84638
0.68864 89.64808 53.26169
0.72391 93.49908 55.74368
0.44019 57.31453 33.30575
0.20931 27.61991 15.87578
0.72992 96.83693 57.91814
0.07659 10.13237 5.80790
0.05726 7.34797 4.21103
0.04541 5.72180 3.27880
0.02134 2.70784 1.55152
0.17276 22.54277 12.94356
0.11419 15.39024 8.82668
0.08856 11.76799 6.74646
0.58223 76.04979 44.69821
0.21118 27.42768 15.76458
0.15093 20.01645 11.48781
0.07536 10.29842 5.90317
0.09185 12.81846 7.34948
0.07830 10.97049 6.28878
0.14607 20.56406 11.80320
0.31687 45.27506 26.16753
0.41452 60.37302 35.13932
0.00379 0.56062 0.32121
0.02906 4.35861 2.49750
0.01860 2.80839 1.60914
0.42296 64.68139 37.73817
0.03054 4.70032 2.69333
0.07452 11.75291 6.73780
0.19186 30.55890 17.57781
0.17186 28.68491 16.49212
0.36710 63.83161 37.22403
0.22937 41.07879 23.70512
0.09578 17.94867 10.29768
0.34974 67.53579 39.47105
0.10005 20.35289 11.68157
0.32844 72.02214 42.21399
0.07622 17.70329 10.15653
0.29039 71.54887 41.92346
0.42832 113.19699 68.94144
0.36086 98.23641 58.83661
0.36117 102.67763 61.77956
0.33151 98.39013 58.93775
0.31803 98.73059 59.16193
0.12637 41.46106 23.92897
0.32272 112.57051 68.50660
0.25704 96.83846 57.91913
0.21344 86.32063 51.13868
0.25973 115.10418 70.27224
0.10832 53.64752 31.11884
0.11114 62.68266 36.53011
0.10871 68.13177 39.83404
0.08949 59.11359 34.38319
0.09658 64.15596 37.42018
0.08645 56.60906 32.88408
0.18602 118.23448 72.48050
0.14841 96.91024 57.96615
0.14807 100.15551 60.10291
0.01732 11.78720 6.75748
0.14828 100.74528 60.49369
0.18727 124.92486 77.30924
0.17152 105.48367 63.66237
0.13647 76.93143 45.24491
0.18861 96.29766 57.56530
0.21314 99.16138 59.44595
0.20762 91.73457 54.60300
0.21914 93.41550 55.68952
0.27039 109.05113 66.08427
0.22070 87.65073 51.98502
0.17892 67.66200 39.54789
0.27705 102.19662 61.45867
0.18432 67.72231 39.58461
0.27259 93.93044 56.02345
0.28960 96.01484 57.38050
0.29444 97.51878 58.36511
0.26119 79.83932 47.05593
0.24428 72.09894 42.26116
0.35470 105.32618 63.55620
0.23832 65.05495 37.96444
0.37041 102.07859 61.38002
0.33671 85.45536 50.58973
0.49616 121.27615 74.65653
0.36838 89.90048 53.42352
0.46402 105.20149 63.47218
0.20992 45.69963 26.41733
0.04047 8.62757 4.94477
0.24731 49.79806 28.83554
0.13763 27.16475 15.61251
0.38279 71.81259 42.08532
0.25470 46.14238 26.67797
0.58309 104.53012 63.02044
0.17224 29.93513 17.21626
0.64896 109.17421 66.16841
0.12966 21.48250 12.33236
0.05265 8.38853 4.80768
0.68161 106.68378 64.47350
0.76192 113.61633 69.23312
0.71219 103.64310 62.42525
0.79066 112.28702 68.31020
0.58534 81.52912 48.11404
0.44318 60.58764 35.26833
0.60178 80.67055 47.57588
0.20179 26.50309 15.22995
0.18458 23.81987 13.68025
0.06344 8.02482 4.59912
0.16230 20.17725 11.58041
0.27282 33.25693 19.14374
0.63562 76.32874 44.87107
0.37130 43.92590 25.37455
0.14886 17.41252 9.98929
0.47361 54.91778 31.87504
0.84307 95.93255 57.32675
0.56969 64.36665 37.54766
0.80291 89.36610 53.08102
0.93017 102.23873 61.48674
0.23062 24.93100 14.32167
0.06135 6.53507 3.74499
0.15821 16.68302 9.56978
0.13689 14.27814 8.18774
0.02576 2.66152 1.52498
0.03989 4.06251 2.32780
1.10222 111.05456 67.45902
0.66630 66.25231 38.69073
0.63412 62.44727 36.38811
0.20598 20.09146 11.53101
0.36095 34.71839 19.99345
0.02757 2.62844 1.50603
0.39968 37.97923 21.89345
1.12538 107.41622 64.97031
0.59690 56.41600 32.76877
1.07295 100.94860 60.62859
0.71459 66.43921 38.80424
0.66527 61.83866 36.02124
0.29620 27.38952 15.74251
0.26122 24.15388 13.87302
0.19524 18.07311 10.36927
0.00894 0.81754 0.46842
0.22438 20.54651 11.79309
0.74405 68.43818 40.02082
0.69955 63.98704 37.31801
0.53167 48.68486 28.17747
0.90625 81.58738 48.15060
0.22052 19.84633 11.38986
0.73474 67.29355 39.32363
0.22538 20.35146 11.68075
1.03321 94.75632 56.56010
0.25451 22.95953 13.18391
0.05558 5.00940 2.87047
0.05183 4.77035 2.73347
0.65661 58.99254 34.31060
1.18903 108.85131 65.94775
1.13025 101.53359 61.01724
0.04558 4.08527 2.34085
0.49310 44.40059 25.65341
0.09134 8.08448 4.63333
0.18597 16.50184 9.46562
1.34968 120.52024 74.11285
0.26413 23.25074 13.35188
0.13213 11.66231 6.68581
0.27028 23.67767 13.59820
0.40775 35.70858 20.56980
0.43384 37.84454 21.81485
0.29295 25.54405 14.67575
0.22541 19.57242 11.23215
1.21196 104.68236 63.12277
0.07033 6.01322 3.44584
0.07728 6.54504 3.75070
0.07745 6.48968 3.71896
0.04968 4.13927 2.37179
0.77148 64.00634 37.32968
1.02360 84.83293 50.19560
0.24795 20.30430 11.65359
0.03439 2.79923 1.60390
0.30683 24.73082 14.20607
0.84735 67.93257 39.71267
0.59419 47.49625 27.47586
0.05730 4.53928 2.60104
0.01530 1.20176 0.68856
0.02623 2.05951 1.18004
0.14864 11.56277 6.62868
1.00960 78.12733 45.98824
0.23521 18.07610 10.37099
0.28771 21.98829 12.62388
0.02898 2.17003 1.24336
0.08935 6.65108 3.81149
0.09469 7.00842 4.01635
0.91167 67.36529 39.36729
0.02558 1.87578 1.07476
1.05733 77.19299 45.40732
0.43258 31.42547 18.08039
0.10502 7.59966 4.35533
1.26301 90.85328 54.03549
1.01947 73.01672 42.82546
0.46760 33.29184 19.16403
0.81176 57.48086 33.40524
0.99467 70.23768 41.12004
0.13854 9.69306 5.55589
0.03842 2.68400 1.53787
0.21112 14.61737 8.38261
0.06878 4.74760 2.72043
0.08781 6.02424 3.45216
0.17697 12.10185 6.93809
0.23809 16.14070 9.25801
0.32292 21.87305 12.55745
0.64081 43.12308 24.90327
0.38105 25.54434 14.67592
0.69008 45.80402 26.47878
1.45426 96.84818 57.92550
0.38846 25.93268 14.90028
0.69919 46.50547 26.89183
0.61436 40.82061 23.55400
0.32822 21.71531 12.46653
0.06272 4.13490 2.36929
0.19702 12.99587 7.45133
0.47818 31.50036 18.12384
0.14004 9.21514 5.28175
0.20709 13.64009 7.82127
0.43114 28.26024 16.24630
0.22906 15.07286 8.64431
1.46259 96.32206 57.58125
0.51948 34.26004 19.72685
0.17870 11.77136 6.74839
1.05977 69.90651 40.91746
1.07012 70.78371 41.45436
0.86941 57.70441 33.53899
0.49020 32.49558 18.70150
0.33674 22.32572 12.81841
0.65338 43.36950 25.04788
1.09750 73.04416 42.84234
1.68976 112.75505 68.63457
1.60090 106.26574 64.19055
0.32257 21.43480 12.30487
0.12458 8.28839 4.75026
0.19399 12.90542 7.39940
0.26923 17.90850 10.27458
0.07274 4.84648 2.77710
0.28128 18.70702 10.73403
0.24029 16.04529 9.20317
0.06834 4.56362 2.61499
0.08536 5.71009 3.27208
0.84728 56.62514 32.89369
1.77780 119.63129 73.47595
1.27483 86.40524 51.19243
0.11138 7.55561 4.33007
0.36470 24.91579 14.31288
1.55894 107.18286 64.81188
0.34522 23.92647 13.74177
0.36920 25.68893 14.75945
0.08656 6.05847 3.47178
0.22921 16.16352 9.27113
0.05767 4.08758 2.34217
0.23142 16.57184 9.50587
0.23805 17.24483 9.89284
0.19666 14.51139 8.32173
0.23964 17.93959 10.29246
0.18454 14.10091 8.08594
0.43192 33.71610 19.41059
0.65457 52.48586 30.42852
0.42575 34.74665 20.00990
0.04751 3.94937 2.26297
0.34001 29.17923 16.77836
0.24456 21.60544 12.40321
0.30278 27.58587 15.85609
0.78620 73.90890 43.37506
0.49320 48.17305 27.87523
0.28487 28.79212 16.55419
0.95400 101.26641 60.83963
0.90589 100.50198 60.33239
0.06930 8.03359 4.60415
0.06804 8.33177 4.77513
0.74634 96.00721 57.37551
0.67861 91.90720 54.71434
0.66091 95.17132 56.83028
0.74117 110.87339 67.33425
0.67066 104.05047 62.69836
0.45145 76.17063 44.77307
0.66791 106.62643 64.43466
0.49515 88.65918 52.62873
0.47040 76.46904 44.95805
0.70971 115.09547 70.26613
0.51453 97.83958 58.57575
0.55662 93.38853 55.67204
0.33435 67.93696 39.71534
0.21892 38.24445 22.04825
0.44462 92.66223 55.20196
0.46878 87.02316 51.58533
0.55471 103.09744 62.06005
0.64186 133.91642 84.06964
0.62407 118.14639 72.41793
0.54287 110.03164 66.75573
0.64786 122.97657 75.88682
0.54201 102.83529 61.88485
0.48222 93.24540 55.57932
0.15804 29.89774 17.19459
0.09346 17.20245 9.86847
0.60080 109.92093 66.67979
0.07842 14.15839 8.11895
0.49405 83.82717 49.56009
0.41509 74.27559 43.60125
0.10307 16.69955 9.57929
0.08201 14.39308 8.25376
0.72786 123.68431 76.40192
0.11794 17.69846 10.15375
0.69049 111.85721 68.01287
0.03567 5.58990 3.20319
0.88493 126.12414 78.19186
0.70195 105.11076 63.41106
0.65885 95.74670 57.20544
0.68772 94.09801 56.13222
0.20286 28.01499 16.10436
0.22501 30.31289 17.43520
0.82139 108.32857 65.59109
0.85644 113.23754 68.96962
0.33896 42.90302 24.77416
0.44463 56.37272 32.74292
0.14672 18.58144 10.66176
0.06019 7.41610 4.25009
0.37305 46.14942 26.68212
0.27030 33.17407 19.09560
0.28139 33.84890 19.48779
0.34292 42.06738 24.28419
0.10822 12.91786 7.40655
0.01166 1.41684 0.81180
0.30359 36.11208 20.80481
0.06081 7.11735 4.07880
0.05029 5.93837 3.40293
0.05862 6.85543 3.92864
0.06742 7.69334 4.40905
0.05334 6.03040 3.45569
0.92779 104.02661 62.68235
0.97776 109.00848 66.05512
0.03535 3.94360 2.25966
0.05823 6.39039 3.66205
0.08127 8.88264 5.09105
0.18381 19.69127 11.30058
0.08702 9.23895 5.29541
1.08175 114.04897 69.53460
0.16078 16.87686 9.68124
0.40996 42.73423 24.67516
0.22707 23.23263 13.34143
0.11095 11.24107 6.44405
0.30737 30.75312 17.69043
0.13946 13.79222 7.90864
0.13661 13.42966 7.70042
0.57171 56.16010 32.61598
0.23960 23.63239 13.57207
0.38298 37.75265 21.76124
0.18256 18.02455 10.34134
0.28519 28.06651 16.13418
0.44733 44.20866 25.54064
1.09036 108.65121 65.81114
0.03168 3.15264 1.80640
0.06298 6.30482 3.61300
0.03336 3.38254 1.93814
0.55667 56.80382 33.00045
0.26544 27.41943 15.75981
0.17497 18.02187 10.33979
0.09454 9.79648 5.61522
0.02586 2.70321 1.54887
0.01957 2.06181 1.18135
0.05356 5.72193 3.27887
0.07923 8.54521 4.89754
0.07896 8.62259 4.94191
0.11300 12.37790 7.09655
0.06796 7.57255 4.33979
0.00813 0.91814 0.52606
0.13165 15.19057 8.71195
0.29149 34.29685 19.74826
0.04893 5.85628 3.35588
0.05597 6.87895 3.94212
0.04960 6.28247 3.60018
0.09905 12.90757 7.40063
0.12075 16.23809 9.31399
0.04055 5.64175 3.23292
0.02229 3.21326 1.84114
0.04114 6.20285 3.55454
0.65963 103.92718 62.61566
0.01853 3.06846 1.75817
0.03014 5.26680 3.01800
0.05511 10.33786 5.92580
0.03361 6.70244 3.84093
0.02484 5.28648 3.02928
0.33384 76.55072 45.00871
0.28554 69.61004 40.73621
0.01130 3.02193 1.73150
0.40550 117.10351 71.67912
0.01148 3.62975 2.07981
0.02526 8.76284 5.02235
0.01093 4.15012 2.37802
0.03115 12.70229 7.28278
0.01719 7.69258 4.40861
0.21260 98.01254 58.68941
0.17670 83.72468 49.49542
0.19017 91.71612 54.59111
0.16516 79.53960 46.86869
0.20827 99.76791 59.84651
0.00448 2.19857 1.25971
0.21760 107.57884 65.08081
0.20705 101.64598 61.09199
0.22982 113.77743 69.34532
0.15167 73.58609 43.17608
0.03823 19.36265 11.11138
0.12290 63.28282 36.89241
0.18807 101.81524 61.20463
0.19190 105.29504 63.53522
0.09862 54.09255 31.38361
0.12850 72.43020 42.46471
0.01907 11.07450 6.34847
0.13423 81.68626 48.21266
0.17507 113.25191 68.97960
0.15955 108.44350 65.66944
0.11472 79.72312 46.98332
0.15834 112.22750 68.26900
0.12064 84.88024 50.22554
0.11817 84.72674 50.12842
0.11525 78.36592 46.13678
0.14876 102.85996 61.90133
0.06447 47.73671 27.61771
0.02699 20.80212 11.94033
0.14791 113.80755 69.36630
0.13593 103.75383 62.49945
0.11284 83.92324 49.62072
0.15912 113.51798 69.16466
0.14958 99.50661 59.67384
0.18119 113.79774 69.35947
0.15979 89.93888 53.44816
0.17128 83.95740 49.64228
0.06506 28.00784 16.10023
0.26143 100.25262 60.16721
0.33034 113.71051 69.29870
0.34256 107.14454 64.78587
0.34051 98.25568 58.84928
0.39145 103.81619 62.54125
0.45278 114.38001 69.76566
0.33096 77.19814 45.41052
0.33746 75.09749 44.10889
0.42656 90.13704 53.57531
0.35989 73.59065 43.17889
0.43596 84.64762 50.07838
0.61647 113.49727 69.15025
0.40689 72.08595 42.25318
0.63494 109.96919 66.71289
0.43703 72.93162 42.77309
0.17309 27.81847 15.99065
0.44050 69.72367 40.80566
0.17212 26.22231 15.06766
0.25251 37.50510 21.61682
0.31952 46.14476 26.67938
0.26365 37.06240 21.35865
0.18162 24.90212 14.30499
0.46799 63.17532 36.82748
0.14072 18.51371 10.62278
0.91470 117.92809 72.26300
0.03279 4.09616 2.34709
0.15012 18.30963 10.50535
0.02533 3.04628 1.74546
0.02547 3.00251 1.72037
0.13128 15.29774 8.77353
0.02434 2.74725 1.57411
0.49377 55.18498 32.03428
0.20266 22.37649 12.84768
0.87943 96.02167 57.38496
0.52661 57.06996 33.15952
0.04014 4.35623 2.49613
0.93519 101.61520 61.07152
0.05532 6.02377 3.45189
0.66493 72.69534 42.62773
0.25120 27.32423 15.70475
0.97221 105.91821 63.95566
0.91172 99.25579 59.50824
0.19817 21.55588 12.37465
0.08578 9.24695 5.30000
0.09042 9.68275 5.54998
0.55605 59.51553 34.62434
0.07692 8.22924 4.71634
0.08748 9.30690 5.33439
0.08644 9.17881 5.26092
0.09114 9.62506 5.51688
0.28056 29.53612 16.98508
0.06421 6.77759 3.88402
0.07524 7.90460 4.53018
0.05694 5.94803 3.40848
0.09841 10.27700 5.89088
0.67288 69.63532 40.75166
0.16320 16.87610 9.68080
0.40633 41.93994 24.20951
0.45299 46.60216 26.94879
0.34702 35.46208 20.42628
0.31458 32.05877 18.44790
0.76042 77.90404 45.84929
0.22255 22.81294 13.09936
0.03722 3.82776 2.19328
0.04284 4.38567 2.51300
0.22280 22.91299 13.15707
0.11423 11.73524 6.72766
0.01716 1.77803 1.01875
0.05634 5.84233 3.34788
0.23854 24.85908 14.28013
0.12633 13.22853 7.58493
0.05120 5.40342 3.09631
0.05246 5.56434 3.18854
0.12527 13.29250 7.62166
0.25962 27.58566 15.85597
0.12966 13.80615 7.91664
0.37486 40.32253 23.26256
0.20753 22.63429 12.99634
0.18976 20.66003 11.85848
0.13909 15.21050 8.72340
0.26365 28.95144 16.64644
0.23643 26.23435 15.07462
0.47201 53.14475 30.81993
0.92388 104.70357 63.13704
0.46623 53.78999 31.20358
0.18751 21.92482 12.58730
0.56607 68.47503 40.04329
0.52315 64.83561 37.83157
0.18956 23.95347 13.75735
0.28598 36.93191 21.28257
0.15496 20.57391 11.80887
0.16141 22.51459 12.92731
0.32676 47.48121 27.46699
0.18734 28.59811 16.44187
0.04570 7.29461 4.18043
0.11186 18.45836 10.59094
0.64547 110.98854 67.41354
0.09945 17.81577 10.22123
0.28663 53.47581 31.01673
0.04104 7.92932 4.54436
0.60585 119.33690 73.26562
0.36694 73.80877 43.31332
0.49438 101.47681 60.97948
0.05233 10.94378 6.27346
0.03184 6.86004 3.93129
0.43990 97.17730 58.14114
0.36152 81.49795 48.09448
0.32175 74.05774 43.46685
0.02276 5.35913 3.07093
0.31171 74.93250 44.00691
0.47429 117.93030 72.26456
0.37786 97.56059 58.39256
0.42575 113.76650 69.33771
0.38665 107.57728 65.07975
0.21226 60.73422 35.35647
0.40230 120.23509 73.90826
0.29021 89.68142 53.28306
0.29679 94.87669 56.63843
0.18282 59.81085 34.80162
0.33156 112.79006 68.65886
0.09565 34.26528 19.72990
0.16880 63.79381 37.20118
0.24383 97.37436 58.27036
0.25589 110.73721 67.24052
0.21044 96.10205 57.43746
0.19540 94.85048 56.62137
0.20947 106.62625 64.43453
0.11631 64.31666 37.51741
0.18534 108.57474 65.75896
0.17543 110.19972 66.87110
0.14688 98.21461 58.82227
0.15312 107.77348 65.21314
0.12086 91.89547 54.70677
0.13349 107.09614 64.75303
0.13083 112.25619 68.28886
0.11675 110.04068 66.76194
0.08438 84.14808 49.76268
0.09838 103.36650 62.24004
0.10072 110.34508 66.97092
0.09610 112.75260 68.63287
0.08475 110.15656 66.84147
0.08565 118.45287 72.63572
0.08087 116.96921 71.58423
0.06112 97.93243 58.63675
0.06939 118.15278 72.42247
0.03646 65.43440 38.19444
0.05830 111.37860 67.68240
0.05363 112.51615 68.46892
0.04982 113.76770 69.33854
0.03980 103.42242 62.27747
0.02408 66.92426 39.09902
0.02674 86.62943 51.33491
0.02044 76.92950 45.24372
0.00681 32.48840 18.69734
0.00140 8.12828 4.65845
0.00260 17.93801 10.29155
0.00259 20.76075 11.91650
0.00464 37.38929 21.54927
0.00888 73.09299 42.87240
0.02690 122.59275 75.60822
0.01372 63.90877 37.27068
0.01336 41.37519 23.87867
0.02937 89.83878 53.38396
0.02336 66.99022 39.13913
0.02444 73.70323 43.24827
0.03840 111.95072 68.07752
0.04640 118.68914 72.80382
0.03888 89.82263 53.37360
0.05224 109.01953 66.06267
0.06202 121.03046 74.47960
0.06410 110.34316 66.96961
0.04571 74.82537 43.94071
0.00868 12.57288 7.20848
0.08239 114.65629 69.95874
0.08694 111.94348 68.07252
0.09787 119.24396 73.19928
0.07992 90.85954 54.03952
0.09738 106.47191 64.33004
0.11446 119.87492 73.65024
0.11529 113.01191 68.81285
0.11705 112.90605 68.73935
0.08830 83.46835 49.33375
0.11664 108.50655 65.71244
0.10110 89.01275 52.85483
0.13252 115.12987 70.29024
0.14012 119.87278 73.64871
0.10431 88.93954 52.80800
0.11115 95.46457 57.02140
0.12504 111.75238 67.94043
0.09554 89.94261 53.45055
0.11117 109.15795 66.15730
0.10269 105.64193 63.76914
0.07455 80.44456 47.43442
0.01913 22.33171 12.82187
