-0.10479 -0.00183 0.07227
0.08956 -0.00667 0.11135
0.13720 0.00399 0.09087
-0.15955 -0.00874 0.08008
-0.09662 0.00121 0.16730
-0.19587 0.00197 0.07056
-0.20029 -0.00489 0.09094
-0.21893 -0.00298 0.08303
-0.22042 -0.01172 0.11450
-0.25058 -0.01253 0.08618
-0.25196 -0.01373 0.09717
0.22806 0.01278 0.16000
-0.27616 -0.01221 0.10170
0.29171 0.04157 0.08185
-0.29769 -0.04742 0.10097
-0.23872 -0.01853 0.23110
0.30278 0.04658 0.16222
0.32641 0.01189 0.16608
0.31243 0.00623 0.22201
0.30280 0.02040 0.26843
-0.12536 0.00613 0.40796
-0.35677 -0.00187 0.27255
-0.27383 -0.02774 0.38485
-0.01651 0.03776 0.49289
-0.04518 -0.01712 0.51494
-0.49042 -0.08964 0.21402
-0.52616 -0.06766 0.20655
-0.54474 -0.01686 0.23645
-0.44092 -0.07838 0.43234
-0.42011 -0.10010 0.48107
-0.49121 -0.10807 0.44473
-0.34017 -0.07007 0.60392
-0.56417 -0.06456 0.43647
-0.56926 -0.09179 0.46171
-0.70375 -0.07853 0.26769
-0.50579 -0.10509 0.57614
-0.24239 -0.06843 0.75073
-0.48277 -0.11553 0.62673
-0.39184 -0.10062 0.69643
-0.18751 -0.02714 0.78722
-0.53569 -0.14073 0.59128
-0.66179 -0.06065 0.47390
-0.61762 -0.13038 0.52355
0.00405 -0.00988 0.82257
0.57911 -0.01560 0.59147
-0.27303 -0.02388 0.78251
-0.72741 -0.02719 0.41021
-0.70026 -0.04020 0.45710
-0.28982 -0.05961 0.78483
-0.60254 -0.04928 0.58473
-0.52388 -0.07134 0.65468
-0.43644 -0.07054 0.71734
-0.49961 -0.09091 0.67445
-0.60907 -0.15350 0.55988
-0.65366 -0.06198 0.53116
-0.58654 -0.05355 0.61504
-0.55727 -0.07852 0.62977
0.73948 0.13314 0.36551
-0.05652 -0.05401 0.82640
-0.57525 -0.19217 0.56091
-0.04586 0.00760 0.83167
0.63375 0.04590 0.53970
-0.17590 -0.04484 0.81439
0.04715 0.02303 0.83281
-0.11928 -0.04610 0.81921
-0.25206 -0.07785 0.77907
-0.57035 -0.15493 0.55694
-0.55024 -0.14374 0.56860
-0.51505 -0.21116 0.57540
0.01258 0.00933 0.80334
-0.35265 -0.08073 0.71862
-0.25830 -0.05356 0.76613
-0.09139 -0.03707 0.81689
-0.70380 -0.12808 0.43800
-0.63307 -0.08055 0.57372
-0.60011 -0.11877 0.62742
-0.41444 0.02408 0.78938
-0.30440 -0.05431 0.85436
-0.57503 -0.13357 0.71196
-0.09938 0.00186 0.93742
0.91540 -0.01465 0.29283
-0.03953 0.01954 0.97567
-0.78846 -0.16952 0.57499
-0.84414 -0.02881 0.53770
0.70372 -0.10149 0.72764
0.54429 -0.09847 0.86766
0.52284 -0.07543 0.88979
-0.13292 -0.03973 1.03196
-0.04920 -0.00219 1.03759
-0.75986 -0.23770 0.66434
-0.79789 -0.51025 0.41695
-0.32307 -0.05306 0.98125
-0.09461 0.03033 1.02707
-0.23704 0.00969 0.99929
-0.57878 -0.14144 0.83474
-0.31035 -0.13296 0.96616
-0.17252 -0.05288 0.99925
0.03774 -0.02686 1.01050
-0.15934 -0.05027 0.99212
-0.11187 -0.00782 1.00127
-0.11495 -0.01445 0.99625
-0.11223 -0.02587 0.98903
-0.14308 -0.03547 0.97727
-0.88000 -0.01890 0.43628
-0.51257 -0.11631 0.82901
0.87387 0.01848 0.43514
-0.13113 -0.01711 0.96517
0.07513 0.01151 0.97597
-0.01187 0.04598 0.97490
-0.10351 -0.04566 0.96233
-0.09204 -0.02653 0.94806
-0.05608 0.01175 0.94691
-0.11160 -0.04583 0.94364
-0.15354 -0.06427 0.93739
-0.14543 -0.01233 0.93949
-0.03803 -0.00904 0.94849
-0.21937 -0.06422 0.92141
-0.40337 -0.08358 0.84631
-0.65078 -0.07964 0.67456
-0.02364 0.00640 0.93760
-0.09962 -0.00981 0.92878
-0.60261 -0.11147 0.70042
-0.12604 0.01121 0.92304
0.06790 -0.07236 0.92915
0.02928 -0.02676 0.92747
-0.21931 -0.04241 0.90354
-0.41352 -0.09620 0.82695
-0.40748 -0.11233 0.82039
0.83265 0.23511 0.33254
-0.34249 -0.10684 0.84765
-0.51986 -0.19312 0.72971
-0.34103 -0.20571 0.81633
-0.05125 -0.04331 0.90820
-0.64516 -0.08938 0.64547
-0.60202 -0.09878 0.68417
-0.26416 -0.01911 0.86883
0.13770 0.01926 0.89104
-0.50761 -0.14081 0.73266
0.65630 0.06446 0.62028
0.84747 0.09637 0.30651
-0.21396 -0.01187 0.87710
-0.77855 -0.12055 0.44853
-0.11332 -0.01264 0.90213
0.42342 -0.02950 0.79714
-0.26869 -0.05395 0.85698
-0.51241 -0.14199 0.72212
-0.22459 -0.00547 0.86399
-0.32792 -0.10597 0.82596
-0.16239 -0.04138 0.88249
-0.17638 0.01002 0.88439
-0.13040 -0.04657 0.89214
-0.18665 -0.04055 0.87308
-0.74790 -0.06575 0.48750
0.69537 0.04973 0.56195
-0.12603 -0.00507 0.89040
-0.34963 0.00897 0.82663
0.81761 0.00270 0.36754
-0.73964 -0.11469 0.49226
0.79071 0.08367 0.41232
-0.52448 -0.05899 0.72475
-0.66617 -0.07726 0.59471
-0.45828 -0.08176 0.76497
-0.08581 -0.00216 0.88844
-0.00329 -0.00976 0.89869
-0.11622 -0.01468 0.88857
-0.18270 -0.01679 0.87373
-0.42329 -0.10358 0.77841
-0.28128 -0.10106 0.83584
-0.25074 -0.03665 0.85364
-0.06747 -0.07443 0.88401
0.04988 -0.05440 0.88560
-0.11048 -0.03972 0.88592
-0.65822 -0.14314 0.57304
-0.30559 -0.09856 0.81273
-0.53148 -0.16958 0.66990
-0.55539 -0.14515 0.65811
-0.50136 -0.16926 0.69453
-0.39312 -0.11930 0.76654
-0.32268 -0.09274 0.79439
0.51194 0.16080 0.67000
-0.09016 -0.02364 0.84754
-0.11923 -0.04390 0.84043
-0.15747 -0.01474 0.83047
-0.17585 -0.00143 0.81828
-0.43146 -0.07881 0.71869
-0.58100 -0.12497 0.58375
-0.45613 -0.07586 0.69849
-0.46759 -0.11899 0.66783
-0.52073 -0.02697 0.62688
-0.63448 -0.07352 0.49952
-0.22890 -0.06544 0.77264
0.72371 0.21656 0.29460
-0.28457 -0.04751 0.75186
-0.23093 -0.05434 0.76016
-0.29538 -0.06705 0.73404
-0.74501 -0.09053 0.25690
0.67508 0.12290 0.37501
-0.23559 -0.08151 0.73359
-0.21694 -0.01957 0.73288
-0.40075 -0.09612 0.64033
-0.72047 -0.10245 0.24670
0.68702 0.05616 0.34647
-0.16848 -0.00542 0.74428
-0.14195 -0.06896 0.73312
-0.04694 -0.01839 0.74298
-0.22685 -0.02406 0.71391
-0.12145 -0.01136 0.74970
0.16980 -0.00156 0.73817
-0.55172 0.01833 0.51689
0.69166 0.05871 0.28352
-0.10642 -0.03123 0.73881
-0.07557 -0.00599 0.74997
-0.40309 0.00199 0.63090
-0.60381 -0.06304 0.43728
-0.67576 -0.00568 0.31759
0.68839 -0.01256 0.25949
-0.66359 0.01113 0.31033
-0.23649 -0.02835 0.68837
-0.59092 -0.10080 0.40275
0.62041 0.00357 0.35787
-0.20296 0.00444 0.69184
-0.40074 -0.09272 0.58910
-0.45660 -0.08802 0.53710
-0.50382 -0.03195 0.48689
0.49462 -0.06208 0.48774
0.23551 0.04949 0.65019
-0.63420 -0.06092 0.25930
-0.43418 -0.07955 0.52523
0.63580 0.10506 0.22033
-0.11284 -0.00822 0.66547
-0.03180 -0.02916 0.66650
0.62205 0.01362 0.21093
0.13442 -0.00707 0.64177
0.60610 -0.01744 0.20134
0.51035 -0.00655 0.38872
-0.00692 0.00432 0.63581
-0.58581 -0.05563 0.24202
-0.53006 -0.01261 0.34185
-0.51053 -0.09529 0.34195
0.52787 0.06345 0.30791
0.45588 -0.01640 0.40097
-0.54514 -0.08132 0.26215
-0.55676 -0.05869 0.25586
-0.58035 -0.04201 0.23811
-0.11517 -0.01635 0.62064
-0.12348 -0.10412 0.61102
0.56200 0.01975 0.26630
0.55378 -0.01871 0.27683
-0.55733 -0.03395 0.27042
-0.01029 0.01458 0.62442
-0.59140 -0.03865 0.20814
-0.55047 -0.05153 0.32160
0.60862 0.00082 0.20638
0.26321 -0.00884 0.59009
-0.42746 -0.07034 0.48227
0.10980 -0.00157 0.63721
0.06401 -0.00768 0.64368
0.07534 0.00286 0.64443
-0.14555 -0.04039 0.63814
-0.53657 -0.08281 0.38756
-0.59922 -0.04767 0.31003
0.01095 0.00972 0.67409
-0.50997 -0.11544 0.42588
-0.55620 -0.10451 0.38991
-0.62647 -0.14349 0.24980
-0.00985 -0.01014 0.70476
0.60390 0.11352 0.36493
-0.04628 0.01994 0.70779
-0.47335 -0.06425 0.53843
-0.00459 -0.01074 0.73071
-0.66324 -0.16626 0.29780
-0.05478 0.02783 0.74521
-0.09702 -0.00316 0.74474
-0.03285 0.01085 0.75014
0.02824 0.01070 0.75251
0.62279 0.01400 0.42084
0.02543 -0.02076 0.74670
0.10962 -0.05989 0.73722
-0.01019 0.00178 0.74417
-0.21225 -0.08594 0.70940
-0.56047 -0.03740 0.49730
-0.54631 -0.02155 0.51034
-0.11602 -0.02890 0.73832
0.31037 -0.05847 0.67812
0.09001 -0.01683 0.73811
-0.02183 -0.06974 0.74161
0.67589 0.04481 0.29397
-0.53596 -0.12347 0.49981
-0.03580 0.00845 0.74253
0.23487 -0.00898 0.71004
-0.00109 0.00121 0.74750
0.07102 0.02285 0.73857
0.00587 0.00198 0.74420
0.06034 -0.04326 0.74012
-0.22525 -0.08748 0.71254
-0.67962 -0.05719 0.30976
0.05172 -0.01554 0.75295
0.70312 0.04592 0.28343
0.59067 -0.16290 0.45153
0.12494 -0.04637 0.75156
-0.00476 -0.00964 0.76644
0.08007 -0.01229 0.77065
0.14151 -0.03045 0.76257
-0.04452 0.03466 0.78204
0.06590 -0.01142 0.77937
-0.03033 -0.04747 0.78443
0.07243 -0.01364 0.78438
0.72266 -0.14415 0.28229
-0.21948 -0.08012 0.75666
-0.10308 -0.02447 0.79006
0.16473 -0.03330 0.77637
-0.03087 -0.03397 0.79894
-0.00932 -0.01387 0.80145
-0.05658 -0.03231 0.79706
-0.03415 -0.02533 0.79329
-0.22925 -0.03884 0.75403
-0.31336 -0.09310 0.71989
-0.07954 -0.01545 0.79132
-0.19200 -0.03143 0.76676
-0.03573 -0.04408 0.77794
0.72029 0.02549 0.29810
-0.11455 0.01206 0.77604
-0.01781 0.00039 0.79440
-0.05356 0.03274 0.79798
-0.02867 -0.00916 0.80322
-0.03581 0.01350 0.80365
-0.06289 0.02916 0.79772
-0.35774 -0.19102 0.67826
-0.00202 -0.03291 0.79038
-0.37658 -0.13435 0.68453
-0.11987 -0.05567 0.78216
0.02741 0.00583 0.79145
-0.32447 0.00136 0.72930
-0.13445 0.02242 0.79358
-0.61532 -0.13504 0.50414
-0.49617 -0.10010 0.63354
-0.73123 -0.10489 0.33726
-0.19862 -0.09629 0.78716
-0.21053 -0.07885 0.78041
-0.01173 -0.09288 0.79330
-0.51842 -0.07879 0.60175
0.02484 0.00985 0.79555
-0.73095 0.09431 0.33957
-0.04505 0.00190 0.81543
-0.73968 0.10110 0.31896
-0.06962 0.00680 0.80831
0.49784 0.02884 0.64807
-0.08466 0.01231 0.81692
-0.10264 -0.02922 0.81027
-0.21525 -0.06534 0.78488
-0.25277 -0.08463 0.76925
-0.07826 0.01420 0.80975
-0.00888 -0.00676 0.81669
-0.32199 -0.07178 0.74831
-0.01248 0.00053 0.81949
-0.73231 0.00019 0.36296
0.00996 -0.01477 0.81464
-0.03005 -0.00792 0.81360
-0.22419 -0.00154 0.77954
-0.65769 -0.10092 0.47396
-0.58443 -0.03764 0.57127
-0.62159 -0.04336 0.53237
-0.70153 -0.06596 0.40927
-0.32159 -0.04701 0.75485
0.02313 0.00892 0.82491
-0.13941 -0.04175 0.81060
-0.30490 -0.07989 0.75839
-0.51572 -0.07997 0.62755
-0.15593 -0.06127 0.79826
-0.02769 -0.03651 0.81882
-0.04370 -0.04739 0.81591
-0.11999 -0.01966 0.80575
-0.29371 -0.03757 0.75607
-0.16584 -0.02284 0.79507
0.69066 -0.16269 0.41132
-0.07270 -0.00904 0.81302
-0.09341 0.00012 0.81091
0.71888 0.00824 0.37845
-0.34427 -0.06601 0.73184
-0.32323 -0.08620 0.74742
-0.27513 -0.04658 0.76932
-0.41979 -0.11776 0.70006
-0.02939 0.01068 0.82595
-0.19035 -0.03898 0.80609
-0.40318 -0.11055 0.70955
-0.38842 -0.16239 0.70370
-0.34385 -0.05498 0.73765
-0.68061 -0.12109 0.44804
0.11130 0.01267 0.82584
-0.14080 -0.00648 0.83108
-0.20065 -0.03876 0.81626
0.77750 -0.02131 0.34071
-0.22282 -0.06288 0.82270
-0.26064 -0.10294 0.81107
-0.58440 -0.19419 0.60170
-0.51345 -0.09865 0.68919
-0.24504 -0.07501 0.83073
-0.31951 -0.11498 0.79501
-0.34072 -0.08825 0.79663
-0.36032 -0.07766 0.78874
-0.42355 -0.08462 0.76528
-0.41696 -0.05316 0.78074
-0.26225 -0.01623 0.85265
-0.25298 -0.02731 0.86505
-0.40707 -0.07642 0.80956
-0.24635 -0.03803 0.87158
-0.52455 -0.11653 0.72526
0.75799 0.09136 0.46917
-0.22348 0.02558 0.86099
-0.24990 -0.06052 0.85487
-0.11544 -0.07421 0.88533
-0.35102 -0.09761 0.82915
-0.74286 -0.16891 0.51330
-0.23433 -0.05755 0.89264
-0.51667 -0.12848 0.75763
-0.32836 -0.12245 0.85657
-0.27866 -0.04984 0.94309
0.01382 -0.01467 1.00817
-0.92535 -0.03316 0.40409
-0.33814 -0.08072 0.92341
-0.88247 -0.24159 0.35296
-0.66999 -0.09915 0.71074
-0.61667 -0.10229 0.75425
-0.19748 -0.00553 0.96574
-0.17847 -0.01244 0.96827
-0.04261 -0.03012 0.98065
0.67659 -0.10200 0.67909
-0.55719 -0.16798 0.78355
0.80253 0.08262 0.53648
0.86675 0.12837 0.42471
-0.88618 -0.07701 0.37396
0.06227 0.00680 0.96713
0.13441 -0.05439 0.95188
-0.30243 -0.05570 0.91159
0.04587 -0.04302 0.95879
-0.26892 -0.13995 0.90161
0.38136 -0.02922 0.87785
-0.32131 -0.06907 0.89287
-0.85642 -0.11808 0.39829
-0.58048 -0.17419 0.72539
-0.76080 -0.11362 0.55420
-0.80535 0.00231 0.50538
-0.83643 -0.03904 0.44846
-0.07855 -0.02855 0.94440
-0.14561 -0.01338 0.93725
-0.80430 -0.07189 0.48354
-0.09361 0.00462 0.93628
-0.02587 0.08694 0.92981
-0.01030 0.05850 0.93812
0.04095 0.00898 0.94471
0.05674 0.04583 0.94753
-0.32543 -0.04277 0.89621
-0.24592 -0.06917 0.91677
-0.58303 -0.15747 0.73465
-0.48712 -0.13475 0.80728
-0.68446 -0.16870 0.64927
-0.60534 -0.15418 0.73325
-0.54732 -0.21193 0.76677
-0.14197 0.00264 0.95905
0.81049 0.14599 0.52859
0.55831 0.06042 0.80338
-0.00484 -0.06305 0.96853
0.05816 0.05016 0.96632
0.20139 0.02726 0.95222
0.25673 -0.08641 0.94381
0.01194 0.01512 0.98835
0.12051 -0.04263 0.98120
-0.14304 -0.07599 0.98002
0.02762 -0.00964 0.99498
-0.62784 -0.18175 0.75727
0.08765 -0.02484 0.99494
0.02759 0.00013 1.00320
0.03925 -0.03027 1.00452
0.00597 -0.01093 1.00952
-0.01802 -0.03278 1.00790
0.06972 -0.02968 1.01406
-0.21389 -0.02852 0.99022
0.93085 0.17310 0.36276
-0.71613 -0.10666 0.71186
-0.16146 -0.08909 0.99276
0.08034 -0.03370 1.00607
-0.16015 -0.05450 0.99717
-0.92115 0.22187 0.36965
-0.14349 -0.01522 1.00918
0.11710 -0.04928 1.01254
-0.05312 -0.04854 1.00968
-0.19666 -0.09159 0.98269
-0.04820 -0.04774 1.00469
-0.53037 -0.12910 0.84841
-0.10965 -0.06432 1.01008
0.79967 -0.13729 0.61180
0.05909 -0.01623 1.01459
0.95019 -0.00287 0.36370
-0.00033 0.01887 1.01161
0.02355 0.00353 1.01353
0.61676 0.15622 0.78343
-0.03192 0.00350 1.01530
0.14298 -0.02579 1.00645
-0.10287 -0.04028 1.00646
-0.59137 -0.10652 0.81680
-0.19292 -0.09948 0.98819
-0.10771 -0.05713 1.00669
-0.12534 -0.01271 1.00649
-0.29948 -0.07442 0.96385
-0.14114 0.00252 0.99982
-0.17049 -0.01017 0.99243
-0.07811 -0.02499 0.99867
-0.22373 -0.04728 0.97311
-0.03799 -0.01902 0.99473
-0.12626 -0.01777 0.98383
-0.20258 -0.00078 0.96143
-0.06648 -0.01832 0.97008
0.83620 -0.13638 0.45531
0.15210 0.02604 0.93772
0.03191 0.04169 0.93591
0.10134 0.03366 0.91865
-0.19785 -0.07619 0.88777
-0.02604 0.02647 0.89378
0.82007 0.14629 0.27755
0.80237 0.00863 0.30636
-0.46090 -0.11021 0.69536
-0.32206 -0.14946 0.74335
-0.12044 -0.05773 0.79541
0.10465 0.01124 0.78750
0.67744 0.05764 0.39004
0.69094 0.15268 0.30724
-0.65157 -0.18256 0.34419
-0.06055 -0.03583 0.74278
0.51816 0.12944 0.50814
-0.56089 -0.06937 0.45220
-0.52189 -0.09064 0.47049
0.61096 0.03542 0.34213
0.65559 0.05950 0.23726
-0.43574 -0.09123 0.54341
-0.36465 -0.06513 0.61094
-0.58170 -0.09818 0.41253
-0.30179 -0.05822 0.65649
-0.31702 -0.07526 0.65391
-0.40114 -0.06330 0.60483
-0.41866 -0.13622 0.58580
-0.15794 -0.06557 0.71219
-0.56269 -0.13136 0.45847
-0.68882 -0.02999 0.28819
-0.13376 -0.04054 0.74312
-0.50577 -0.05506 0.58641
-0.14182 -0.04213 0.77358
-0.69217 -0.05820 0.37425
-0.42612 -0.06693 0.65885
-0.09905 -0.05398 0.78210
0.26046 0.03864 0.74859
-0.53656 -0.10671 0.59112
-0.61488 -0.10591 0.51023
-0.62755 -0.13931 0.49099
-0.12588 -0.05603 0.78764
-0.49061 -0.16418 0.59976
-0.58404 -0.18579 0.49739
-0.49546 -0.16196 0.58695
-0.47273 -0.12028 0.60482
-0.56794 -0.09953 0.51180
-0.60800 -0.10797 0.44291
0.67985 0.06255 0.32267
-0.41918 -0.08552 0.60838
-0.20521 -0.07611 0.69595
-0.60645 -0.09809 0.37628
-0.64529 0.00637 0.30698
-0.12617 -0.00406 0.69741
-0.58379 -0.08856 0.40916
0.02164 -0.05196 0.70113
-0.56249 -0.11030 0.42121
-0.54408 -0.15379 0.43782
0.16712 -0.04058 0.68723
-0.47171 -0.09251 0.55073
-0.46963 -0.10712 0.54636
-0.65315 -0.11984 0.34641
-0.58530 -0.12717 0.46093
-0.04455 0.01282 0.75225
-0.68037 -0.15404 0.30428
-0.64726 -0.09833 0.39341
-0.61272 -0.08629 0.45519
-0.63389 -0.08808 0.43575
-0.41516 -0.10005 0.63836
-0.22387 -0.04974 0.72231
-0.63910 -0.11213 0.38358
-0.07823 -0.00593 0.75182
0.03071 0.02823 0.77812
0.02095 -0.01664 0.79326
-0.00037 -0.00923 0.78808
-0.18131 -0.09018 0.73911
-0.11275 -0.09560 0.72712
-0.10178 -0.02119 0.74531
0.52888 -0.01334 0.55338
-0.18066 -0.14455 0.73437
-0.14857 -0.09417 0.73325
-0.07952 -0.02815 0.72692
-0.08806 -0.05586 0.70890
-0.08309 -0.03177 0.70814
-0.15364 -0.01962 0.69321
-0.30816 -0.08258 0.62293
-0.39123 -0.11109 0.55319
-0.01653 -0.01963 0.67633
-0.04562 -0.01691 0.66490
0.00583 -0.01423 0.66229
-0.39798 -0.09224 0.51060
-0.02755 -0.02125 0.64875
-0.06203 -0.02377 0.63058
-0.17336 -0.04529 0.60174
-0.15893 -0.05115 0.57539
-0.33602 -0.06458 0.46225
-0.21590 -0.05607 0.51188
-0.08794 -0.02142 0.52592
-0.32743 -0.03580 0.39962
-0.09048 -0.01808 0.48283
-0.29303 -0.06596 0.34314
0.06086 0.04149 0.42422
-0.25972 -0.04472 0.30867
-0.33736 -0.10225 0.13749
0.31207 0.03717 0.19019
-0.30037 -0.06000 0.17293
-0.28252 -0.02991 0.18115
-0.26821 -0.01017 0.17810
0.13471 0.01927 0.27272
0.26107 0.04951 0.10759
-0.22828 -0.04001 0.12938
-0.19675 -0.03976 0.14440
-0.21327 -0.02748 0.06839
0.07758 0.06434 0.17495
-0.10318 -0.01779 0.14309
-0.10123 -0.01223 0.12273
-0.09209 -0.01190 0.11956
-0.10316 -0.00671 0.10943
-0.09335 0.00655 0.12069
-0.14883 -0.02073 0.04662
-0.13216 -0.00401 0.07725
-0.13367 -0.00485 0.06298
-0.00425 0.00250 0.14687
-0.13802 -0.00343 0.05101
0.13944 0.01330 0.05338
-0.15100 -0.02280 0.05582
-0.13803 -0.01069 0.11091
-0.17686 -0.01695 0.08245
-0.19855 -0.02902 0.07705
-0.20079 -0.01677 0.10307
-0.20255 -0.02046 0.11656
-0.23048 -0.02057 0.08907
-0.20761 -0.01939 0.14116
-0.18547 -0.00804 0.18831
-0.24810 -0.01432 0.10834
-0.19371 -0.02367 0.18970
-0.25692 0.02150 0.13323
-0.26740 -0.04894 0.13069
-0.27013 -0.04825 0.12594
-0.26790 -0.03377 0.18469
-0.25906 -0.04259 0.21417
-0.31388 -0.04731 0.11249
-0.25288 -0.00426 0.26502
-0.33134 -0.04151 0.14202
-0.32521 -0.05362 0.21590
0.37807 0.03915 0.15133
-0.34642 -0.06850 0.20786
-0.41127 -0.06277 0.14653
-0.26800 -0.03188 0.37171
-0.11662 -0.00831 0.45424
-0.29424 0.01028 0.39994
-0.19823 -0.02337 0.46568
-0.39823 -0.01471 0.35402
-0.29511 -0.04301 0.46450
0.47854 0.01478 0.28626
-0.17929 -0.03772 0.54542
-0.53126 -0.14863 0.22140
-0.14306 -0.05092 0.58415
-0.08200 -0.00969 0.62224
-0.57458 -0.12578 0.24948
-0.61744 -0.13859 0.22198
-0.59870 -0.13608 0.30859
-0.64807 -0.10878 0.25297
-0.51689 -0.16673 0.46956
-0.40783 -0.13691 0.59159
-0.55381 -0.07193 0.49457
-0.19834 -0.06729 0.73199
-0.18035 -0.08288 0.74906
-0.06687 -0.01515 0.78755
-0.16508 -0.04296 0.78608
-0.25953 -0.10424 0.77119
-0.59224 -0.06201 0.58211
-0.35101 -0.12862 0.75814
-0.14677 -0.05876 0.84013
-0.45365 -0.08701 0.72827
-0.74177 -0.05812 0.46768
-0.54377 -0.08227 0.69348
-0.72002 -0.07099 0.53267
-0.79907 -0.09341 0.42486
-0.23678 -0.05507 0.89254
-0.03275 -0.06872 0.93573
-0.16708 -0.02167 0.93324
-0.13969 -0.03417 0.94787
0.02209 -0.01740 0.96732
-0.03706 -0.03732 0.98044
0.91241 -0.05779 0.38630
-0.62306 -0.12537 0.77944
-0.60336 -0.09592 0.81110
-0.21227 -0.00513 1.00300
-0.34302 -0.13570 0.97200
-0.02451 0.00849 1.04869
-0.39437 -0.08076 0.97231
-0.95578 -0.09931 0.41745
-0.58055 -0.11392 0.87716
0.87756 -0.27784 0.53140
0.65875 -0.07725 0.84670
-0.63920 -0.11089 0.85821
-0.30118 -0.04850 1.03752
-0.24215 -0.12255 1.04687
-0.20017 -0.04305 1.06067
-0.01330 -0.00634 1.09364
-0.20660 -0.10504 1.06719
-0.68082 -0.17293 0.82979
-0.64292 -0.17296 0.86717
0.49478 -0.15502 0.96114
0.82010 -0.01775 0.74896
0.21856 -0.05795 1.08787
0.66809 -0.19893 0.84036
0.22388 -0.04860 1.08347
0.90904 -0.06997 0.59807
0.25792 -0.04361 1.07721
-0.02740 -0.04669 1.10824
0.05084 -0.05497 1.08387
-0.60413 -0.12790 0.92602
1.00131 -0.10468 0.42383
-0.96384 -0.06383 0.55327
-0.02766 -0.03729 1.11473
-0.44711 -0.15002 1.00546
-0.04567 -0.09347 1.12498
-0.15394 -0.10650 1.11128
-1.07048 -0.08245 0.31846
-0.23252 -0.11355 1.10616
-0.11831 -0.05022 1.12565
-0.25078 -0.09025 1.10995
-0.39022 -0.12164 1.06623
-0.40988 -0.16668 1.05754
-0.29973 -0.07329 1.10454
-0.22067 -0.10062 1.12586
1.02293 -0.10859 0.53124
0.03656 0.04240 1.16825
-0.08613 -0.02178 1.17734
-0.08883 0.00593 1.19018
0.02863 0.01519 1.19969
-0.74039 -0.09465 0.94639
0.91462 -0.06313 0.78447
-0.25466 -0.07184 1.19217
-0.00883 0.01995 1.22846
-0.30836 -0.09795 1.19777
-0.79558 -0.16711 0.94603
-0.57046 -0.17670 1.09928
-0.03772 0.03930 1.26108
-0.02902 -0.02379 1.27244
0.00575 -0.03566 1.27302
-0.15395 -0.05376 1.27514
-0.92753 -0.15459 0.88641
-0.24173 -0.05437 1.27744
-0.29092 -0.08356 1.27297
-0.03148 -0.00694 1.33514
-0.09684 -0.01013 1.33990
-0.07971 -0.05450 1.34757
-0.82806 -0.25104 1.04058
-0.02633 -0.01182 1.36350
-0.97077 -0.13569 0.95673
-0.42395 -0.09482 1.30619
-0.10178 -0.06478 1.37669
-1.08849 -0.31001 0.80724
0.94626 -0.02078 1.02644
-0.46575 -0.04391 1.32434
-0.77797 -0.08027 1.17588
-0.93501 -0.05553 1.06214
-0.14022 -0.04259 1.42179
0.01603 0.01451 1.43125
-0.21604 -0.00759 1.42805
-0.07527 -0.00257 1.44687
0.05402 -0.08346 1.45413
-0.16931 -0.08174 1.45017
-0.24204 -0.01690 1.45500
-0.32368 -0.07020 1.43869
-0.62130 -0.13688 1.34293
-0.38310 -0.07565 1.43972
-0.65646 -0.19071 1.34256
-1.21918 -0.39066 0.78469
0.37058 -0.07824 1.44930
-0.66672 -0.19486 1.33338
-0.60048 -0.14454 1.37244
-0.33428 -0.11659 1.46944
-0.03740 0.02087 1.51630
-0.17742 -0.16087 1.49698
-0.48519 -0.08965 1.43559
-0.15423 -0.00299 1.51180
-0.22197 -0.03380 1.50153
-0.43395 -0.10943 1.45848
-0.24579 -0.02956 1.49936
1.27211 -0.08947 0.82426
-0.49292 -0.21247 1.41811
-0.17813 0.03569 1.50719
-0.99633 -0.12975 1.13520
-1.01173 -0.03586 1.12281
-0.82645 -0.18682 1.24583
-0.48034 -0.11193 1.42560
-0.33377 -0.05761 1.46977
-0.60962 -0.18288 1.36550
-1.01495 -0.09671 1.10367
1.37221 -0.26579 0.54060
-1.35912 -0.01533 0.64971
-0.32307 -0.07652 1.46781
-0.12522 0.01957 1.49765
-0.19055 -0.07551 1.48912
-0.27457 -0.04243 1.47746
-0.06687 0.00525 1.49942
-0.28324 -0.02441 1.47646
-0.23542 -0.05213 1.47801
-0.06226 0.00762 1.49616
-0.06331 0.03438 1.49322
-0.79608 -0.16714 1.25588
1.42454 -0.02660 0.42236
-1.14731 -0.10129 0.92208
-0.11329 -0.00049 1.46972
-0.35956 -0.09505 1.41569
-1.31417 -0.08476 0.61745
-0.33423 -0.04767 1.40279
-0.35976 -0.00892 1.39142
-0.08057 -0.01405 1.42633
-0.21974 -0.07545 1.39889
-0.02904 0.01692 1.41045
-0.22437 -0.06670 1.37673
0.23434 -0.07919 1.35805
-0.19363 -0.02989 1.34097
-0.23183 -0.08551 1.31276
-0.18119 -0.04411 1.29537
-0.40725 -0.13491 1.20708
-0.60368 -0.18381 1.07571
-0.39972 -0.14334 1.14937
-0.04248 -0.03542 1.20171
-0.32025 -0.11892 1.11405
-0.23600 -0.08199 1.10404
-0.29671 -0.06530 1.05471
-0.72673 -0.00226 0.77680
-0.47118 -0.00616 0.90891
-0.28059 -0.08712 0.94478
-0.82132 0.00811 0.46137
-0.76878 -0.15735 0.44348
-0.06078 -0.00777 0.86045
-0.05145 0.00824 0.81499
-0.65105 -0.03833 0.42306
-0.59475 -0.06464 0.43275
-0.56486 -0.08128 0.39571
-0.59545 -0.13437 0.27248
-0.54696 -0.11614 0.32061
-0.36981 -0.09710 0.45287
-0.54421 -0.07232 0.30164
-0.40229 -0.05010 0.38414
0.45826 0.00670 0.41032
-0.56820 -0.05674 0.23270
0.48326 0.04388 0.20273
-0.47301 -0.09859 0.34898
-0.21776 -0.07173 0.43548
-0.19946 0.00735 0.53650
0.44882 0.06320 0.15748
0.43797 0.03859 0.31125
-0.45748 -0.03554 0.28096
-0.44094 -0.03914 0.18375
-0.49681 -0.03060 0.17679
-0.37661 0.03275 0.31704
-0.50185 -0.02986 0.15744
-0.45078 0.00669 0.27305
0.46733 0.15180 0.16124
0.15224 0.08254 0.49943
0.06269 -0.02828 0.53895
0.50539 0.04305 0.20365
0.08183 -0.00199 0.54779
0.52714 0.06695 0.25494
0.39267 0.04271 0.39535
0.23499 0.03596 0.56957
0.09130 0.01807 0.56211
-0.56405 -0.00177 0.16779
0.02564 -0.01956 0.66561
0.58246 0.04526 0.19938
0.06934 -0.02338 0.63395
-0.65076 -0.10407 0.24076
-0.56576 -0.12873 0.33065
-0.55357 -0.06925 0.40283
-0.57379 -0.05473 0.44936
-0.16639 -0.03449 0.70390
-0.19600 -0.05749 0.71363
-0.67961 -0.01603 0.33586
-0.69355 -0.08811 0.28853
-0.28832 -0.09406 0.72954
-0.40412 -0.11892 0.66682
-0.14190 -0.02143 0.77645
-0.03054 -0.02171 0.81070
-0.34789 -0.03741 0.72870
-0.24773 -0.06091 0.77383
-0.25130 -0.06149 0.79002
-0.31134 -0.02729 0.75288
-0.06739 0.03387 0.83438
0.03491 0.00100 0.82208
-0.26105 -0.10885 0.79167
0.05290 0.04455 0.85158
0.05519 -0.03841 0.84412
-0.04680 -0.04263 0.85268
-0.00259 0.05912 0.87437
0.03852 -0.00535 0.88369
-0.80044 -0.08297 0.38450
-0.82970 -0.03336 0.33914
0.01347 -0.02565 0.89582
-0.01034 0.04437 0.91013
0.06570 -0.01837 0.91236
-0.18178 0.05996 0.91362
-0.09912 -0.00187 0.93666
-0.87136 -0.21456 0.30713
-0.17361 0.02156 0.93644
-0.40595 -0.04953 0.86779
-0.23677 -0.01437 0.94813
-0.12239 -0.03640 0.97871
-0.31005 -0.03448 0.94954
-0.13571 0.02211 1.00177
-0.12701 0.05277 1.00792
-0.54988 0.02008 0.85647
-0.23696 -0.07764 0.98270
-0.37986 -0.05845 0.93881
-0.18878 -0.02233 0.99483
-0.29386 -0.05774 0.97099
-0.42699 -0.14809 0.90534
0.91097 0.00510 0.42096
-0.03438 -0.00451 1.00429
-0.07471 -0.01246 0.99607
-0.03916 -0.02170 0.98531
-0.52747 -0.13044 0.81556
-0.27424 -0.03056 0.92790
-0.18975 -0.03768 0.95142
-0.10774 -0.04090 0.95808
-0.03548 -0.02002 0.95595
0.00792 -0.02357 0.94882
-0.06177 0.00010 0.93399
0.06440 -0.01671 0.92485
-0.09194 -0.00901 0.91105
-0.12182 -0.05453 0.90313
-0.07772 -0.03462 0.89335
-0.01822 -0.01967 0.88531
-0.14414 -0.04809 0.85321
-0.28820 -0.09687 0.79364
-0.06361 -0.01214 0.83299
-0.06389 -0.03340 0.81038
-0.06353 -0.02181 0.78657
-0.10957 -0.05005 0.75786
-0.12510 -0.04853 0.73145
0.03137 -0.00706 0.71799
-0.00909 0.00808 0.69355
-0.06201 -0.02078 0.66002
-0.55627 -0.12952 0.27685
-0.02099 -0.00072 0.60366
-0.04162 -0.02245 0.57022
0.04878 -0.02244 0.53034
-0.03548 0.00612 0.50012
0.00281 0.01316 0.46968
-0.30533 -0.08986 0.29813
-0.26887 -0.04538 0.30645
-0.00284 0.00941 0.37382
0.32315 0.07059 0.10246
0.01252 -0.00316 0.31588
0.01541 0.01348 0.28753
0.01383 0.00327 0.26304
-0.02324 0.01151 0.24386
0.01236 -0.00917 0.22292
0.18415 0.01666 0.11342
0.15764 0.02917 0.13726
-0.16934 -0.00674 0.11946
-0.14939 -0.01894 0.14296
0.17091 0.05795 0.10493
-0.00199 -0.00147 0.20357
0.18273 0.00190 0.08673
0.17602 -0.00077 0.10250
-0.19002 -0.01317 0.06724
0.13796 0.02583 0.15093
0.03578 0.01589 0.19351
0.11700 0.00269 0.15498
-0.16209 -0.00781 0.08824
0.16000 0.01259 0.08635
0.09045 0.00674 0.15815
0.11763 0.01532 0.13192
0.01608 0.00650 0.17130
0.12139 0.01891 0.10912
0.14224 0.00749 0.06007
0.13099 0.00178 0.06698
-0.10700 -0.01387 0.09521
-0.13012 -0.01178 0.05326
0.10866 0.02201 0.08893
0.10348 0.00821 0.09314
0.10083 0.00778 0.10677
0.12285 0.00873 0.07580
0.05228 0.01810 0.12319
0.01784 0.00691 0.12833
-0.12259 0.00676 0.04264
-0.11723 -0.01775 0.05574
0.09858 0.00468 0.09132
-0.13200 -0.00689 0.04666
0.12756 0.01453 0.07820
0.14628 0.02281 0.05858
-0.14450 -0.01095 0.10279
-0.15750 -0.01892 0.12827
-0.07140 -0.01364 0.22063
-0.23093 -0.01082 0.12064
-0.27342 -0.01707 0.09666
-0.29097 -0.00253 0.13247
-0.30084 -0.01342 0.17150
-0.33933 -0.02699 0.16217
0.36649 0.03027 0.14653
-0.30557 -0.02948 0.29926
-0.31104 -0.04738 0.32083
-0.38491 -0.03989 0.27242
-0.33703 -0.06473 0.34840
-0.39369 -0.07184 0.32419
-0.50580 -0.05785 0.18932
-0.36803 -0.07856 0.42070
0.52688 -0.01125 0.23587
-0.41855 -0.01927 0.42839
-0.18164 -0.00812 0.59505
-0.41686 -0.06563 0.47019
-0.17534 -0.03954 0.63128
-0.24619 -0.07208 0.62248
-0.30013 -0.09115 0.61731
-0.25630 -0.06226 0.66068
-0.17133 -0.08051 0.70436
-0.44233 -0.12209 0.58154
-0.15629 -0.03143 0.74320
0.73701 0.00085 0.24173
-0.01180 -0.03200 0.79972
-0.16487 -0.01118 0.80305
-0.04399 -0.01501 0.83033
-0.03962 -0.00235 0.84737
-0.14260 -0.03144 0.84564
0.00582 -0.01454 0.88590
-0.48533 -0.00605 0.75167
-0.21953 -0.04027 0.87774
-0.74968 -0.21474 0.48028
-0.50960 -0.09593 0.76326
-0.04348 0.00468 0.92039
-0.79086 -0.19170 0.42988
-0.05429 -0.03923 0.91599
-0.59395 -0.20917 0.66340
-0.23786 -0.11537 0.88050
-0.81063 -0.16486 0.39776
0.79003 0.03387 0.46738
-0.19039 -0.04153 0.89843
-0.07423 -0.05024 0.92333
-0.09062 -0.03297 0.92884
0.52592 -0.03216 0.77153
0.07447 -0.01764 0.93162
0.07725 -0.04626 0.93563
-0.07541 -0.05516 0.93714
-0.09122 -0.03678 0.94175
0.27426 -0.01991 0.90920
-0.06091 -0.03760 0.94475
0.07310 -0.00808 0.94902
-0.05873 -0.02379 0.95523
-0.10244 -0.03005 0.95158
-0.61798 -0.16081 0.72523
-0.16970 -0.03359 0.95143
-0.38623 -0.13672 0.87795
-0.42790 -0.14235 0.86110
-0.34081 -0.08604 0.91326
-0.31426 -0.05028 0.92821
-0.70242 -0.08738 0.67211
-0.22744 -0.03932 0.94783
0.00444 0.01559 0.97213
0.00136 0.02097 0.97663
-0.21939 0.05439 0.94576
-0.11808 0.01921 0.96599
0.01167 -0.01195 0.96488
-0.06318 0.00159 0.96223
-0.23500 -0.07840 0.92705
-0.13195 -0.02979 0.94532
-0.05368 -0.02862 0.94556
-0.06270 -0.01801 0.94051
-0.13473 -0.01395 0.93259
-0.26332 -0.04776 0.90228
-0.12789 0.03140 0.92989
-0.35497 -0.14126 0.84754
-0.20648 -0.08726 0.88908
-0.18241 -0.08861 0.89584
-0.13408 -0.04233 0.90356
-0.24893 -0.07090 0.87310
-0.22211 -0.07072 0.87055
-0.43613 -0.14899 0.75922
-0.77950 -0.11839 0.39616
-0.44145 -0.12255 0.73577
-0.18380 -0.08458 0.83098
-0.51246 -0.17933 0.62339
-0.49547 -0.08950 0.63054
-0.17793 -0.10014 0.76459
-0.26648 -0.09418 0.72092
-0.14710 -0.03787 0.73772
-0.15022 -0.05870 0.69852
-0.31501 -0.08539 0.60586
-0.17412 -0.07147 0.62746
-0.04705 -0.02100 0.62440
-0.11258 -0.04604 0.59370
-0.53688 -0.06446 0.21405
-0.09323 0.01893 0.55002
-0.27873 -0.06322 0.45344
-0.04665 0.00278 0.51549
0.48134 0.02412 0.15960
-0.34659 -0.01569 0.35608
0.42229 0.02374 0.24178
-0.05719 -0.00498 0.47471
-0.03266 -0.03302 0.46175
0.38098 0.01725 0.24388
-0.32233 -0.07690 0.29491
-0.29348 -0.05149 0.31618
0.01894 -0.01851 0.42386
-0.28672 -0.03938 0.29880
0.37916 0.04672 0.12572
-0.32950 -0.04175 0.19925
-0.34807 -0.04835 0.12867
-0.32431 -0.04775 0.14738
-0.20488 -0.04386 0.27971
0.31867 0.02406 0.09911
-0.25787 -0.03093 0.19303
-0.25934 -0.02053 0.17372
-0.17472 -0.01285 0.25047
0.27117 0.00715 0.11327
-0.10093 -0.01979 0.25950
-0.16553 -0.03198 0.20394
-0.21665 -0.02571 0.12289
-0.21492 -0.01458 0.08363
-0.18438 -0.00983 0.11773
-0.17302 -0.00582 0.11168
-0.17789 -0.01591 0.08182
-0.11352 -0.02050 0.13926
-0.15856 -0.00881 0.06262
-0.14727 -0.01322 0.05898
0.12658 0.00876 0.07916
-0.13062 -0.00889 0.05517
-0.11000 -0.01583 0.07033
-0.11493 -0.00588 0.04789
-0.10910 -0.01031 0.03968
0.09511 0.00423 0.04683
-0.08097 -0.00206 0.05912
-0.08714 -0.00945 0.03708
0.08304 0.00530 0.03753
-0.07855 -0.00257 0.03299
-0.07132 0.00239 0.02876
0.06846 0.00446 0.02283
0.06602 0.00369 0.02018
-0.05332 -0.00468 0.03210
0.05596 0.00371 0.01743
-0.03456 0.00240 0.04365
0.04778 0.00047 0.02137
0.04380 0.00130 0.01874
0.04060 0.00140 0.01636
-0.03444 -0.00079 0.01714
-0.02347 -0.00022 0.02726
-0.02492 0.00365 0.01784
-0.02018 0.00086 0.01727
0.00410 -0.00165 0.02050
-0.00147 -0.00026 0.01710
0.00005 -0.00072 0.01446
0.00031 0.00037 0.01249
0.00006 -0.00077 0.01238
0.00260 -0.00446 0.01099
-0.01608 -0.00768 0.01281
-0.01059 0.00384 0.01827
-0.00094 0.00256 0.03218
-0.02376 0.00564 0.02174
-0.01802 0.00378 0.02962
-0.02122 0.00530 0.02493
0.03173 0.00273 0.01275
0.03715 0.00170 0.01205
-0.03499 -0.00163 0.02543
-0.04421 -0.00468 0.01789
0.04847 0.00261 0.01642
-0.05448 0.00056 0.02015
-0.04401 -0.00037 0.04236
0.00603 0.00063 0.06880
0.06719 0.00293 0.02530
0.07133 0.00165 0.03067
0.07799 0.00230 0.02547
-0.07123 0.00670 0.05117
0.08173 -0.00162 0.04101
0.09134 0.00090 0.02782
-0.09629 0.00211 0.03364
-0.09813 -0.00258 0.03332
-0.08294 -0.00047 0.06566
0.09749 -0.00179 0.04524
-0.08921 0.00973 0.06961
-0.10811 0.00737 0.03882
0.11214 0.00391 0.03274
-0.09057 0.00692 0.07419
0.09904 -0.00437 0.06105
-0.10423 0.00382 0.04050
-0.08744 0.00090 0.06031
0.09071 -0.01391 0.04415
-0.08751 0.00787 0.04157
-0.07005 0.00274 0.06061
-0.02172 -0.00759 0.08250
