0.01106 12.06614 6.91759
0.02484 26.31799 15.12296
0.03955 40.33499 23.26985
0.03887 37.21581 21.44810
0.01530 13.33772 7.64763
0.03182 24.86864 14.28566
0.02464 17.48912 10.03334
0.03703 23.97041 13.76713
0.01623 9.77970 5.60559
0.01632 9.37025 5.37072
0.01826 10.05014 5.76073
0.02110 11.17729 6.40745
0.02289 11.62627 6.66512
0.02228 10.87605 6.23459
0.05159 24.33624 13.97828
0.07250 33.14495 19.07868
0.05629 25.23203 14.49551
0.07522 33.55787 19.31862
0.01169 5.04793 2.89256
0.01011 4.31500 2.47250
0.01718 7.27071 4.16673
0.02843 11.75694 6.74012
0.04898 19.48997 11.18468
0.12846 48.79942 28.24515
0.02893 10.80753 6.19527
0.02232 8.12645 4.65740
0.02591 9.18355 5.26364
0.03364 11.44432 6.56069
0.01537 5.05930 2.89907
0.08841 27.85546 16.01206
0.01756 5.37419 3.07955
0.04150 12.30591 7.05523
0.04195 11.86530 6.80231
0.03626 9.90245 5.67601
0.02649 6.91676 3.96380
0.02373 6.04233 3.46253
0.02553 6.31812 3.62062
0.02595 6.15913 3.52948
0.03149 7.20448 4.12876
0.01998 4.43678 2.54230
0.01850 3.98106 2.28113
0.06447 13.50196 7.74194
0.02884 5.81988 3.33502
0.01399 2.74150 1.57082
0.00316 0.59740 0.34229
0.02718 4.98462 2.85627
0.03285 5.87314 3.36555
0.02314 4.00964 2.29751
0.02321 3.93365 2.25396
0.01036 1.70416 0.97643
0.01922 3.08240 1.76615
0.05369 8.39833 4.81330
0.00630 0.96109 0.55067
0.00700 1.05216 0.60285
0.00692 1.01171 0.57967
0.00792 1.13009 0.64750
0.02182 3.04228 1.74316
0.01280 1.74883 1.00202
0.00669 0.90170 0.51664
0.00733 0.97016 0.55586
0.01222 1.59270 0.91256
0.00965 1.22555 0.70220
0.01487 1.87277 1.07303
0.00567 0.70614 0.40459
0.01588 1.97829 1.13349
0.02994 3.70650 2.12379
0.01787 2.17332 1.24524
0.02714 3.26201 1.86908
0.01671 1.97666 1.13256
0.02641 3.10902 1.78141
0.02445 2.88003 1.65019
0.00494 0.58210 0.33352
0.01401 1.66190 0.95221
0.00388 0.46152 0.26443
0.02081 2.46262 1.41101
0.01789 2.12500 1.21756
0.01543 1.82816 1.04747
0.02228 2.67006 1.52988
0.01046 1.24957 0.71595
0.01617 1.92607 1.10357
0.01730 2.06014 1.18039
0.03101 3.67734 2.10708
0.03959 4.69076 2.68785
0.02097 2.50392 1.43468
0.00777 0.93065 0.53322
0.03094 3.71346 2.12778
0.01093 1.31719 0.75470
0.00521 0.62701 0.35925
0.00313 0.37710 0.21606
0.01471 1.78029 1.02005
0.01658 2.00643 1.14962
0.02127 2.57859 1.47746
0.03254 3.94422 2.26002
0.02351 2.84277 1.62884
0.03569 4.35801 2.49715
0.01773 2.18148 1.24992
0.01060 1.31425 0.75302
0.00285 0.35599 0.20396
0.00560 0.69877 0.40037
0.01833 2.29637 1.31575
0.00262 0.32898 0.18849
0.00313 0.39656 0.22721
0.01783 2.26903 1.30008
0.01479 1.89014 1.08299
0.01919 2.46512 1.41244
0.02296 2.95562 1.69351
0.01244 1.62075 0.92863
0.00674 0.88808 0.50883
0.00736 0.98037 0.56171
0.00512 0.69473 0.39805
0.02291 3.13861 1.79837
0.01825 2.56098 1.46737
0.02307 3.30387 1.89306
0.03540 5.18552 2.97142
0.01565 2.34454 1.34335
0.01189 1.82431 1.04527
0.02044 3.21125 1.83999
0.03401 5.48244 3.14160
0.04308 7.15679 4.10141
0.05304 9.07715 5.20261
0.01863 3.31792 1.90112
0.02339 4.32635 2.47901
0.04221 8.17405 4.68469
0.10119 20.37145 11.69226
0.06372 13.26915 7.60825
0.11050 23.91623 13.73586
0.03283 7.08192 4.05849
0.33612 74.84278 43.95147
0.10733 23.79895 13.66818
0.13336 30.45758 17.51907
0.11916 26.74521 15.36992
0.02790 6.41023 3.67342
0.03940 8.93074 5.11864
0.07361 16.72798 9.59564
0.01763 4.10072 2.34971
0.03754 8.77766 5.03084
0.02458 5.89281 3.37682
0.06112 14.15628 8.11774
0.01510 3.44813 1.97573
0.03160 6.81079 3.90305
0.06850 14.27332 8.18497
0.06426 13.20528 7.57158
0.05945 11.59864 6.64926
0.07183 13.71209 7.86262
0.00238 0.43995 0.25207
0.08294 14.76773 8.46900
0.00203 0.35247 0.20195
0.01678 2.82090 1.61631
0.01681 2.75190 1.57677
0.02186 3.47757 1.99260
0.04365 6.80241 3.89824
0.03943 5.99975 3.43812
0.02521 3.75858 2.15363
0.03836 5.59212 3.20447
0.05083 7.24887 4.15421
0.02029 2.83000 1.62152
0.02047 2.82529 1.61883
0.03267 4.42508 2.53559
0.02268 3.03712 1.74021
0.00656 0.86005 0.49278
0.05949 7.66889 4.39503
0.01349 1.73039 0.99145
0.02794 3.59381 2.05921
0.02616 3.40069 1.94854
0.00779 1.01090 0.57920
0.03935 5.08744 2.91521
0.02338 3.02536 1.73347
0.01544 1.99708 1.14426
0.00865 1.13068 0.64783
0.01492 1.95690 1.12124
0.01864 2.44556 1.40124
0.00870 1.14656 0.65693
0.00789 1.02504 0.58731
0.02321 3.04650 1.74558
0.01760 2.31134 1.32433
0.03136 4.15580 2.38127
0.01415 1.88678 1.08106
0.01462 1.93982 1.11145
0.02480 3.28698 1.88339
0.01073 1.41707 0.81193
0.01079 1.41224 0.80916
0.00599 0.77991 0.44686
0.00472 0.61131 0.35025
0.05710 7.33886 4.20580
0.02048 2.60439 1.49225
0.02524 3.20226 1.83484
0.00523 0.65487 0.37521
0.02255 2.83043 1.62177
0.02996 3.74280 2.14459
0.01425 1.75248 1.00411
0.02657 3.23525 1.85375
0.03325 3.99092 2.28678
0.05570 6.64276 3.80672
0.02818 3.32884 1.90737
0.03934 4.60843 2.64067
0.01626 1.89667 1.08673
0.01933 2.23911 1.28294
0.00387 0.44801 0.25669
0.01153 1.33044 0.76229
0.00223 0.25659 0.14701
0.00456 0.52287 0.29958
0.01728 1.96522 1.12601
0.02019 2.29583 1.31544
0.02899 3.31134 1.89735
0.02493 2.86632 1.64234
0.05386 6.25529 3.58460
0.02133 2.47529 1.41827
0.01641 1.91868 1.09934
0.00908 1.06109 0.60796
0.02593 3.03616 1.73966
0.00529 0.61582 0.35284
0.02391 2.80015 1.60442
0.03464 4.13588 2.36985
0.01812 2.17870 1.24833
0.04516 5.42630 3.10942
0.03392 4.10277 2.35088
0.01932 2.35110 1.34711
0.02265 2.76974 1.58699
0.01974 2.43007 1.39236
0.03302 4.05920 2.32591
0.02098 2.58352 1.48029
0.03494 4.30558 2.46711
0.00607 0.74936 0.42935
0.04801 5.98918 3.43206
0.02159 2.71660 1.55655
0.03729 4.67941 2.68135
0.00760 0.96522 0.55304
0.03045 3.89866 2.23391
0.01271 1.63597 0.93735
0.01492 1.93336 1.10775
0.01111 1.43687 0.82327
0.02544 3.29836 1.88991
0.05287 6.86346 3.93324
0.00290 0.37998 0.21771
0.04026 5.32616 3.05203
0.04556 6.06259 3.47414
0.04420 5.86794 3.36257
0.01315 1.73695 0.99521
0.02166 2.86473 1.64143
0.07040 9.27194 5.31434
0.01339 1.77945 1.01956
0.01158 1.56467 0.89650
0.01393 1.90190 1.08972
0.00736 0.99850 0.57210
0.05395 7.17965 4.11452
0.02236 2.95515 1.69324
0.05247 6.93915 3.97664
0.00287 0.38364 0.21981
0.01400 1.87724 1.07559
0.02871 3.84418 2.20269
0.00528 0.70748 0.40536
0.01601 2.12735 1.21890
0.01382 1.82817 1.04748
0.01161 1.54339 0.88431
0.02148 2.82420 1.61820
0.07402 9.68290 5.55006
0.02957 3.86273 2.21332
0.03167 4.17431 2.39188
0.03307 4.39308 2.51725
0.01020 1.35044 0.77375
0.03579 4.68870 2.68667
0.00536 0.69247 0.39676
0.03858 4.98186 2.85469
0.04646 6.01298 3.44570
0.04471 5.84789 3.35107
0.04665 6.09462 3.49250
0.02155 2.80462 1.60698
0.04145 5.33854 3.05912
0.03619 4.68623 2.68526
0.04382 5.70200 3.26745
0.03553 4.64634 2.66240
0.01959 2.57132 1.47330
0.03292 4.32896 2.48051
0.03607 4.74972 2.72165
0.03201 4.24512 2.43246
0.02010 2.70105 1.54764
0.00873 1.17866 0.67533
0.01492 2.03095 1.16367
0.08556 11.52474 6.60685
0.03936 5.34155 3.06085
0.03881 5.32049 3.04877
0.04308 6.05192 3.46803
0.04223 6.07116 3.47905
0.01364 2.01951 1.15711
0.01011 1.52879 0.87594
0.01428 2.20677 1.26441
0.00751 1.19760 0.68618
0.04588 7.52212 4.31087
0.06221 10.55871 6.05251
0.03152 5.60098 3.20954
0.04118 7.63548 4.37587
0.02687 5.22327 2.99305
0.04799 9.71956 5.57109
0.01173 2.48882 1.42602
0.00879 1.94640 1.11522
0.08487 19.43839 11.15498
0.05744 13.81281 7.92046
0.02293 5.75404 3.29728
0.03947 10.38252 5.95142
0.02940 8.10835 4.64702
0.04379 12.88351 7.38682
0.03999 12.60555 7.22724
0.01832 6.06470 3.47535
0.01674 5.87675 3.36761
0.03499 12.94260 7.42075
0.01772 6.97539 3.99742
0.03297 13.56585 7.77863
0.05195 22.76725 13.07301
0.02304 10.72459 6.14769
0.02919 13.63849 7.82035
0.04013 18.48720 10.60753
0.02606 12.20865 6.99940
0.05518 25.11887 14.43016
0.02920 13.36035 7.66062
0.09524 44.72138 25.84194
0.03527 16.07630 9.22099
0.02554 11.98076 6.86858
0.04111 18.94642 10.87180
0.02809 12.96961 7.43626
0.03614 17.14746 9.83685
0.03711 17.10025 9.80970
0.02023 9.21599 5.28224
0.03819 17.14119 9.83324
0.05310 21.10702 12.11599
0.03368 12.97844 7.44133
0.01188 4.10425 2.35173
0.02292 7.54950 4.32657
0.03004 9.81350 5.62498
0.00433 1.29566 0.74236
0.03549 10.11771 5.79950
0.01948 5.65650 3.24137
0.02054 5.48636 3.14385
0.03893 10.53782 6.04052
0.01446 3.63605 2.08342
0.02969 7.23845 4.14823
0.03453 8.44273 4.83877
0.02694 6.16168 3.53094
0.04948 10.94970 6.27686
0.01599 3.43291 1.96701
0.04727 9.64419 5.52786
0.04834 9.63430 5.52218
0.06659 12.67334 7.26616
0.03184 5.80233 3.32496
0.05644 10.02720 5.74757
0.03890 6.63276 3.80099
0.06590 11.00318 6.30754
0.03569 5.74052 3.28953
0.01374 2.14884 1.23122
0.02564 3.88895 2.22834
0.01660 2.45428 1.40623
0.01166 1.68585 0.96593
0.00975 1.37863 0.78990
0.03199 4.42649 2.53640
0.04133 5.57639 3.19545
0.01422 1.89078 1.08335
0.01469 1.90034 1.08883
0.05329 6.78654 3.88915
0.02162 2.69191 1.54240
0.01949 2.37754 1.36226
0.02352 2.81449 1.61264
0.02071 2.44951 1.40350
0.02511 2.91309 1.66914
0.01582 1.82389 1.04502
0.01502 1.70451 0.97662
0.02712 3.03209 1.73732
0.01226 1.34690 0.77172
0.00901 0.97508 0.55868
0.00328 0.35194 0.20164
0.02212 2.34724 1.34490
0.02569 2.69617 1.54484
0.02567 2.65285 1.52001
0.03251 3.32273 1.90387
0.04106 4.15948 2.38338
0.04283 4.35035 2.49276
0.02270 2.29369 1.31421
0.01355 1.37089 0.78547
0.00417 0.42133 0.24141
0.02664 2.69471 1.54400
0.03230 3.25837 1.86699
0.04555 4.56230 2.61423
0.04359 4.39588 2.51885
0.04152 4.17725 2.39356
0.01343 1.34440 0.77029
0.03657 3.69372 2.11646
0.03731 3.74076 2.14342
0.02403 2.42609 1.39008
0.05853 5.90281 3.38255
0.03322 3.36578 1.92854
0.03175 3.19355 1.82985
0.02873 2.88626 1.65376
0.00635 0.64121 0.36739
0.01112 1.12607 0.64520
0.00659 0.66798 0.38273
0.02868 2.89688 1.65985
0.00890 0.89523 0.51293
0.02893 2.92020 1.67321
0.02574 2.58503 1.48115
0.02655 2.69146 1.54214
0.02448 2.49182 1.42774
0.01787 1.82007 1.04284
0.02058 2.09110 1.19813
0.02572 2.60486 1.49252
0.01500 1.52826 0.87564
0.02718 2.78413 1.59524
0.00221 0.22664 0.12985
0.03952 4.05660 2.32442
0.01900 1.95012 1.11735
0.03157 3.25213 1.86341
0.03445 3.55430 2.03657
0.03059 3.18622 1.82565
0.04296 4.51172 2.58524
0.00960 1.00857 0.57787
0.00968 1.01913 0.58392
0.01072 1.12953 0.64718
0.02576 2.72331 1.56039
0.01860 1.97052 1.12904
0.03276 3.48068 1.99438
0.01462 1.55970 0.89365
0.03420 3.65293 2.09309
0.01739 1.86113 1.06636
0.02848 3.05579 1.75091
0.04168 4.48917 2.57232
0.04465 4.83187 2.76873
0.03760 4.09509 2.34648
0.04148 4.55837 2.61198
0.05225 5.80403 3.32593
0.03719 4.18128 2.39587
0.05819 6.59993 3.78217
0.00715 0.82644 0.47351
0.00707 0.82807 0.47445
0.04084 4.86001 2.78485
0.01697 2.05145 1.17542
0.03911 4.77769 2.73767
0.04116 5.10016 2.92249
0.05484 6.86769 3.93567
0.03620 4.58951 2.62983
0.03673 4.74632 2.71970
0.01862 2.45644 1.40747
0.01970 2.64974 1.51824
0.02267 3.11695 1.78596
0.03297 4.58594 2.62778
0.02432 3.50564 2.00869
0.04288 6.25145 3.58240
0.02730 4.06273 2.32793
0.02823 4.27134 2.44748
0.05994 9.25182 5.30279
0.03877 6.07970 3.48395
0.04936 7.87559 4.51355
0.01927 3.11499 1.78483
0.04590 7.50881 4.30324
0.01879 3.12921 1.79298
0.01752 2.95813 1.69495
0.01041 1.81427 1.03951
0.03784 6.69751 3.83811
0.01625 2.92454 1.67570
0.08217 15.13872 8.68215
0.02755 5.13090 2.94011
0.01272 2.42570 1.38986
0.10713 21.02148 12.06671
0.04902 9.72675 5.57522
0.03826 7.70203 4.41403
0.03582 7.27997 4.17203
0.03369 6.91168 3.96089
0.02117 4.33744 2.48537
0.05215 10.77988 6.17941
0.05422 11.25145 6.45001
0.03778 7.73281 4.43168
0.04850 10.23980 5.86954
0.05182 11.15639 6.39546
0.03044 6.47612 3.71119
0.02578 5.64166 3.23286
0.06270 13.46283 7.71947
0.04442 9.91380 5.68252
0.03996 9.01768 5.16850
0.03194 6.97962 3.99984
0.05193 11.50868 6.59763
0.02470 5.21819 2.99014
0.03881 8.27867 4.74469
0.04653 9.85833 5.65070
0.01604 3.35822 1.92421
0.02189 4.60693 2.63981
0.03249 6.70334 3.84145
0.01654 3.39670 1.94626
0.01868 3.77470 2.16287
0.01496 2.98382 1.70966
0.08169 16.02225 9.18992
0.05566 10.74948 6.16197
0.02904 5.51486 3.16018
0.00259 0.48112 0.27566
0.01228 2.23672 1.28157
0.00247 0.43979 0.25198
0.00310 0.54137 0.31018
0.00554 0.93509 0.53577
0.01300 2.16095 1.23816
0.01238 1.99991 1.14588
0.01112 1.75664 1.00650
0.02508 3.87892 2.22260
0.04802 7.30727 4.18769
0.01709 2.53033 1.44981
0.02388 3.41719 1.95800
0.02194 3.07171 1.76003
0.02642 3.61414 2.07086
0.02337 3.12591 1.79108
0.02520 3.30712 1.89492
0.03895 4.95780 2.84090
0.02922 3.64434 2.08817
0.03054 3.74342 2.14495
0.00789 0.95423 0.54674
0.00980 1.17333 0.67227
0.01619 1.89172 1.08389
0.03685 4.23936 2.42916
0.01031 1.17478 0.67310
0.02049 2.31320 1.32540
0.00907 1.01018 0.57879
0.03315 3.65857 2.09632
0.01602 1.74913 1.00219
0.01713 1.84871 1.05925
0.02355 2.51219 1.43942
0.05103 5.42967 3.11135
0.03221 3.42502 1.96249
0.04694 5.02159 2.87746
0.02542 2.72937 1.56386
0.04173 4.47549 2.56448
0.04350 4.63838 2.65783
0.02860 3.06196 1.75444
0.01235 1.33462 0.76468
0.02719 2.96239 1.69739
0.01906 2.09487 1.20029
0.00721 0.78180 0.44794
0.02149 2.34711 1.34483
0.02267 2.47426 1.41769
0.01680 1.82845 1.04764
0.04598 5.13306 2.94135
0.03177 3.51375 2.01334
0.04006 4.45547 2.55301
0.01558 1.74892 1.00207
0.03319 3.74192 2.14409
0.05865 6.64729 3.80932
0.04417 5.00413 2.86746
0.02083 2.38496 1.36652
0.01977 2.26672 1.29876
0.00171 0.19729 0.11304
0.02933 3.38715 1.94079
0.01683 1.94550 1.11471
0.03648 4.29367 2.46028
0.04415 5.21002 2.98546
0.02580 3.05237 1.74895
0.00756 0.88293 0.50588
0.01556 1.81956 1.04254
0.01993 2.32664 1.33310
0.02220 2.57645 1.47624
0.01432 1.64971 0.94523
0.02453 2.77914 1.59238
0.03520 3.97930 2.28012
0.01762 1.98049 1.13475
0.04042 4.53500 2.59859
0.01728 1.90996 1.09434
0.03377 3.64268 2.08722
0.03662 3.91977 2.24601
0.02447 2.58102 1.47885
0.01129 1.19089 0.68233
0.02121 2.22085 1.27248
0.02764 2.87146 1.64528
0.03394 3.46161 1.98345
0.04146 4.16024 2.38382
0.00510 0.50785 0.29098
0.04314 4.26544 2.44410
0.09254 9.01020 5.16421
0.00395 0.38503 0.22060
0.02071 1.99498 1.14306
0.00832 0.79910 0.45785
0.05799 5.52841 3.16795
0.02793 2.64675 1.51652
0.01147 1.08532 0.62185
0.01434 1.35485 0.77628
0.01677 1.58538 0.90836
0.02504 2.36203 1.35338
0.02457 2.31797 1.32813
0.11705 11.08093 6.35216
0.02476 2.35831 1.35124
0.03399 3.24689 1.86041
0.09108 8.70217 4.98755
0.01124 1.07667 0.61689
0.01974 1.88763 1.08155
0.00759 0.72444 0.41507
0.00495 0.48151 0.27589
0.00587 0.56892 0.32597
0.03345 3.24933 1.86181
0.04412 4.29192 2.45928
0.03049 2.97647 1.70545
0.02774 2.71601 1.55620
0.03335 3.27997 1.87937
0.01640 1.62008 0.92825
0.00967 0.95516 0.54727
0.01122 1.11836 0.64078
0.03468 3.44337 1.97301
0.01280 1.28052 0.73369
0.01328 1.33491 0.76485
0.02810 2.83391 1.62377
0.01164 1.17436 0.67287
0.04878 4.93743 2.82923
0.04270 4.33555 2.48428
0.02183 2.22134 1.27276
0.06750 6.91556 3.96312
0.01116 1.14987 0.65883
0.01583 1.62956 0.93368
0.01988 2.05384 1.17678
0.05887 6.11960 3.50682
0.00744 0.77470 0.44387
0.03436 3.60058 2.06309
0.01979 2.07963 1.19156
0.04626 4.89173 2.80304
0.05230 5.56420 3.18846
0.03374 3.61577 2.07180
0.01584 1.71669 0.98361
0.04359 4.75885 2.72688
0.00798 0.89116 0.51060
0.04113 4.65633 2.66812
0.02049 2.35956 1.35196
0.04361 5.11303 2.92987
0.01527 1.83340 1.05048
0.02722 3.35382 1.92169
0.04813 6.10422 3.49800
0.04771 6.24016 3.57593
0.03032 4.10290 2.35095
0.02971 4.15948 2.38338
0.06614 9.63944 5.52513
0.01619 2.45554 1.40696
0.03056 4.82473 2.76464
0.05215 8.59517 4.92619
0.11528 19.90491 11.42359
0.64930 116.64607 71.35614
0.54706 104.18547 62.78895
0.54327 109.54308 66.42084
0.53582 115.57848 70.60489
0.50452 115.59355 70.61546
0.44804 111.54816 67.79941
0.43569 117.70827 72.10713
0.39016 115.43590 70.50481
0.35031 113.75693 69.33104
0.27403 102.82367 61.87709
0.28534 116.38865 71.17468
0.23936 106.20808 64.15156
0.13534 67.06291 39.18333
0.21523 109.18569 66.17627
0.02428 12.83360 7.35817
0.00783 4.22547 2.42120
0.02882 16.29382 9.34603
0.18909 113.98854 69.49246
0.16885 111.82935 67.99362
0.16453 116.84582 71.49710
0.14539 109.39706 66.32088
0.13673 108.24548 65.53447
0.14445 120.60600 74.17443
0.13620 120.59980 74.16997
0.12335 116.67504 71.37658
0.08630 91.74924 54.61246
0.00555 7.11462 4.07724
0.00349 5.52225 3.16442
0.00781 15.96888 9.15924
0.01347 36.17645 20.84230
0.00284 10.66349 6.11263
0.00172 9.96505 5.71192
0.00276 29.17040 16.77324
0.00675 109.69460 66.52464
0.01020 134.84043 84.78444
0.00057 27.86005 16.01471
0.00519 119.46879 73.35981
0.00855 138.77605 87.87611
0.00235 55.80316 32.40295
0.00530 109.91683 66.67698
0.00608 109.76029 66.56965
0.00671 128.25921 79.77706
0.00877 132.25917 82.79755
0.00456 97.99089 58.67518
0.00691 130.36821 81.36111
0.00323 132.72002 83.15004
0.00856 95.51690 57.05552
0.00576 104.12932 62.75127
0.00759 108.06940 65.41453
0.00568 127.89961 79.50880
0.00714 117.24871 71.78178
0.00535 132.00863 82.60633
0.00825 136.89449 86.38827
0.00752 137.75271 87.06463
0.01006 132.51061 82.98975
0.00867 102.85955 61.90105
0.00944 133.82809 84.00152
0.00511 106.27012 64.19351
0.00547 120.07801 73.79567
0.00710 130.24813 81.27042
0.00477 115.69959 70.68993
0.00324 110.89669 67.35029
0.00142 81.97661 48.39497
0.00171 78.12517 45.98690
0.00192 110.34587 66.97147
0.00597 139.20872 88.22087
0.00394 138.19797 87.41703
0.00413 139.47239 88.43147
0.00318 138.03399 87.28713
0.00645 121.78784 75.02568
0.00455 114.88529 70.11895
0.00312 134.24889 84.32637
0.00091 126.34856 78.35764
0.00057 91.61047 54.52300
0.00115 122.74630 75.71961
0.00202 133.32796 83.61650
0.00493 77.06173 45.32580
0.00517 108.36210 65.61394
0.00211 63.33013 36.92098
0.00162 104.52787 63.01892
0.00243 68.48218 40.04765
0.00101 62.45772 36.39441
0.00121 124.66763 77.12063
0.00304 124.30647 76.85624
0.03792 72.97962 42.80262
0.04814 136.14299 85.79907
0.04084 129.09085 80.39948
0.04592 133.06272 83.41277
0.03202 110.54576 67.10884
0.01978 54.27097 31.48981
0.02593 78.27945 46.08294
0.03035 79.86432 47.07155
0.03870 109.31854 66.26714
0.04418 106.76804 64.53058
0.01370 32.01047 18.41987
0.04560 94.76334 56.56467
0.04562 90.39307 53.73970
0.04201 77.22543 45.42747
0.04803 78.31088 46.10251
0.08540 120.56454 74.14466
0.02613 30.16192 17.34769
0.02801 26.30323 15.11442
0.03314 28.05191 16.12573
0.03322 24.30829 13.96215
0.01117 7.33819 4.20542
0.04055 24.57820 14.11796
0.02288 12.66915 7.26375
0.04189 22.11132 12.69481
0.01582 7.93669 4.54858
0.06785 32.16564 18.50994
0.02016 9.14212 5.23987
0.01662 7.19226 4.12175
0.04659 19.11260 10.96745
0.08436 31.81463 18.30620
0.01695 5.88135 3.37025
0.00925 2.90017 1.66173
0.03803 11.15100 6.39237
0.07673 20.92738 12.01250
0.09645 23.94527 13.75262
0.07314 17.19103 9.86191
0.04707 10.32649 5.91928
0.03393 6.90772 3.95862
0.04165 8.19229 4.69515
0.14214 26.16169 15.03262
0.09719 17.66637 10.13530
0.06852 11.97556 6.86560
0.06319 10.37288 5.94589
0.08756 14.22224 8.15563
0.03363 5.14721 2.94946
0.04561 6.90166 3.95514
0.03282 4.77738 2.73750
0.03566 4.96217 2.84341
0.06012 8.16904 4.68182
0.07965 10.39990 5.96139
0.01809 2.28862 1.31131
0.00390 0.47952 0.27475
0.00365 0.43871 0.25136
0.02380 2.79228 1.59991
0.07766 8.87496 5.08665
0.03817 4.23584 2.42714
0.02088 2.26539 1.29800
0.05367 5.68897 3.25998
0.03634 3.76299 2.15616
0.04191 4.23576 2.42709
0.03998 3.93935 2.25723
0.03617 3.48332 1.99589
0.03429 3.24775 1.86091
0.09274 8.61024 4.93483
0.02384 2.17658 1.24711
0.09012 8.09530 4.63953
0.04748 4.21617 2.41587
0.04705 4.11227 2.35632
0.02089 1.80011 1.03140
0.04042 3.44603 1.97453
0.02863 2.41245 1.38226
0.02324 1.93550 1.10898
0.04030 3.34085 1.91425
0.03413 2.81808 1.61470
0.02891 2.39952 1.37486
0.01891 1.57697 0.90355
0.01262 1.05337 0.60354
0.01574 1.31977 0.75618
0.03305 2.77293 1.58882
0.00905 0.75916 0.43497
0.02997 2.51248 1.43958
0.02779 2.33260 1.33651
0.02624 2.21048 1.26654
0.00180 0.15250 0.08738
0.01251 1.06185 0.60840
0.03046 2.58598 1.48170
0.04573 3.88508 2.22613
0.01228 1.04572 0.59916
0.00523 0.44835 0.25688
0.03183 2.74055 1.57027
0.04262 3.67666 2.10669
0.04346 3.75470 2.15141
0.07137 6.17156 3.53660
0.03215 2.79009 1.59865
0.00844 0.73593 0.42166
0.02212 1.93861 1.11076
0.03431 3.01741 1.72892
0.03825 3.35317 1.92132
0.03134 2.76387 1.58363
0.03481 3.07529 1.76208
0.02413 2.14401 1.22845
0.01937 1.72769 0.98990
0.03653 3.24605 1.85993
0.03776 3.37409 1.93330
0.02918 2.61412 1.49782
0.04427 3.97852 2.27967
0.06465 5.81474 3.33207
0.05234 4.72977 2.71021
0.01857 1.68308 0.96435
0.02091 1.90116 1.08930
0.01694 1.54161 0.88329
0.04526 4.11681 2.35893
0.02164 1.96120 1.12370
0.02401 2.18215 1.25031
0.00487 0.44040 0.25233
0.03017 2.77370 1.58926
0.02402 2.18614 1.25259
0.00597 0.54464 0.31205
0.01314 1.21676 0.69715
0.01070 0.99455 0.56984
0.01260 1.17966 0.67590
0.04641 4.29201 2.45933
0.00720 0.66892 0.38326
0.01818 1.68288 0.96423
0.04255 3.94608 2.26108
0.03337 3.09961 1.77602
0.02974 2.78570 1.59614
0.02235 2.12380 1.21687
0.01300 1.23527 0.70776
0.02041 1.93914 1.11106
0.02111 2.01564 1.15490
0.01859 1.76875 1.01343
0.02858 2.68761 1.53993
0.02245 2.11338 1.21090
0.02958 2.76977 1.58701
0.03025 2.84243 1.62864
0.01314 1.23201 0.70590
0.02669 2.52509 1.44681
0.03018 2.85167 1.63394
0.04081 3.87531 2.22053
0.01771 1.68461 0.96522
0.02872 2.75124 1.57640
0.01629 1.56897 0.89896
0.00601 0.57923 0.33188
0.02686 2.61201 1.49661
0.02222 2.14766 1.23054
0.04144 4.01653 2.30146
0.02780 2.70888 1.55212
0.01482 1.45331 0.83269
0.01955 1.93095 1.10637
0.03257 3.20831 1.83830
0.02482 2.44739 1.40229
0.02851 2.83086 1.62202
0.00921 0.91565 0.52463
0.02758 2.76517 1.58438
0.03101 3.11878 1.78700
0.01018 1.03955 0.59562
0.02703 2.82153 1.61667
0.01542 1.63996 0.93964
0.02509 2.71252 1.55421
0.02864 3.16313 1.81241
0.01578 1.78402 1.02218
0.00222 0.25856 0.14815
0.01803 2.14110 1.22678
0.01663 2.03248 1.16455
0.01322 1.65189 0.94647
0.01839 2.34233 1.34209
0.02010 2.64023 1.51279
0.02310 3.12008 1.78774
0.02215 3.08875 1.76980
0.01816 2.60153 1.49061
0.03661 5.45673 3.12687
0.03774 5.77686 3.31036
0.09932 15.93472 9.13961
0.04544 7.49426 4.29490
0.03839 6.24671 3.57968
0.03499 6.34082 3.63363
0.04556 7.84834 4.49792
0.03228 5.97609 3.42456
0.05830 10.77070 6.17415
0.07639 14.40673 8.26160
0.07816 14.95967 8.57927
0.09720 18.96862 10.88458
0.09284 18.25074 10.47147
0.03291 6.45166 3.69717
0.02277 4.54143 2.60227
0.04778 9.63767 5.52412
0.10263 20.70632 11.88514
0.04336 8.95357 5.13173
0.00454 0.94549 0.54173
0.04789 9.91029 5.68051
0.02645 5.57603 3.19525
0.07906 16.57585 9.50817
0.04979 10.60549 6.07935
0.08481 17.93695 10.29094
0.09728 20.11514 11.54465
0.01966 4.11636 2.35866
0.08539 17.46575 10.01990
0.03170 6.64967 3.81068
0.01271 2.66634 1.52775
0.02267 4.65085 2.66498
0.00180 0.37068 0.21239
0.03813 7.65278 4.38579
0.01268 2.54783 1.45984
0.02470 4.85799 2.78370
0.01644 3.17706 1.82040
0.06016 11.50022 6.59278
0.02227 4.19430 2.40334
0.01334 2.46386 1.41172
0.02404 4.32530 2.47841
0.01609 2.80527 1.60736
0.02452 4.17634 2.39304
0.02650 4.38053 2.51006
0.03767 6.05804 3.47153
0.01655 2.59396 1.48627
0.02052 3.13540 1.79653
0.02706 4.04164 2.31584
0.01665 2.42310 1.38837
0.02535 3.58557 2.05449
0.01937 2.70034 1.54723
0.02831 3.85637 2.20967
0.02843 3.79751 2.17594
0.03879 5.11428 2.93059
0.03492 4.57978 2.62425
0.01508 1.97019 1.12886
0.05238 6.83917 3.91932
0.02183 2.86083 1.63919
0.02258 2.94329 1.68644
0.01185 1.54515 0.88531
0.01712 2.22741 1.27624
0.01804 2.35008 1.34653
0.01497 1.94691 1.11551
0.02386 3.11064 1.78234
0.03205 4.16622 2.38724
0.00846 1.10379 0.63243
0.03155 4.12133 2.36151
0.02928 3.82676 2.19270
0.02238 2.94139 1.68535
0.01375 1.80861 1.03627
0.02752 3.64118 2.08636
0.00374 0.49650 0.28448
0.00667 0.88763 0.50858
0.00872 1.16955 0.67011
0.00746 1.00606 0.57643
0.00055 0.07551 0.04326
0.05357 7.41216 4.24783
0.02688 3.76866 2.15941
0.04103 5.83727 3.34499
0.01545 2.24056 1.28378
0.00433 0.63958 0.36645
0.13956 20.97145 12.03789
0.06225 9.44767 5.41513
0.02824 4.32188 2.47645
0.02987 4.60024 2.63598
0.01350 2.09066 1.19788
0.04561 7.14536 4.09486
0.01376 2.17051 1.24363
0.00676 1.07477 0.61580
0.03039 4.85884 2.78419
0.02157 3.47845 1.99310
0.05154 8.35791 4.79013
0.05159 8.43482 4.83423
0.01360 2.22733 1.27619
0.07760 12.78274 7.32897
0.04447 7.34293 4.20813
0.02355 3.90339 2.23662
0.02745 4.57946 2.62407
0.03393 5.67295 3.25079
0.03767 6.32157 3.62259
0.01245 2.09539 1.20059
0.00663 1.12799 0.64630
0.02939 5.02128 2.87729
0.03260 5.61794 3.21927
0.07099 12.37359 7.09407
0.05495 9.76205 5.59547
0.00655 1.17955 0.67584
0.00506 0.92970 0.53268
0.01766 3.32046 1.90257
0.00849 1.62784 0.93269
0.03018 5.92347 3.39440
0.07105 14.30231 8.20162
0.00615 1.26856 0.72684
0.01274 2.67781 1.53432
0.00933 2.01797 1.15623
0.01186 2.61640 1.49913
0.03423 7.80647 4.47392
0.01174 2.77884 1.59221
0.01386 3.28363 1.88147
0.01696 4.56876 2.61793
0.01279 3.46073 1.98295
0.01185 3.46030 1.98270
0.01286 4.00051 2.29227
0.01071 3.51264 2.01270
0.01763 6.13862 3.51772
0.00663 2.40363 1.37721
0.03900 14.48118 8.30437
0.04015 15.39502 8.82943
0.03820 14.72575 8.44488
0.04563 17.66837 10.13644
0.03373 13.15258 7.54132
0.04712 18.60109 10.67307
0.01420 5.61773 3.21915
0.02816 11.20650 6.42422
0.02781 11.24364 6.44553
0.03786 15.21544 8.72623
0.05186 20.97637 12.04072
0.01176 4.77448 2.73584
0.03499 14.27480 8.18582
0.09234 37.91425 21.85553
0.04324 17.91418 10.27784
0.02421 10.00363 5.73405
0.07148 30.12637 17.32709
0.09696 41.15852 23.75180
0.06234 26.17778 15.04192
0.02448 10.39630 5.95933
0.03331 14.14188 8.10947
0.01060 4.54998 2.60717
0.00957 4.14103 2.37281
0.04274 18.56074 10.64985
0.02856 12.48210 7.15637
0.03347 14.69923 8.42964
0.03045 13.18037 7.55727
0.02990 13.15710 7.54391
0.02212 9.80519 5.62021
0.02686 11.96425 6.85911
0.05591 24.85336 14.27683
0.04447 19.85208 11.39317
0.04508 20.12327 11.54933
0.02218 9.74072 5.58323
0.04145 17.58206 10.08680
0.04383 17.72113 10.16679
0.02005 7.73441 4.43259
0.01840 6.79526 3.89415
0.02578 9.15129 5.24513
0.01695 5.78445 3.31471
0.04365 14.46607 8.29569
0.04889 15.80824 9.06691
0.02951 9.30650 5.33416
0.03892 11.98381 6.87033
0.04234 12.66273 7.26007
0.01122 3.29069 1.88551
0.05903 16.89097 9.68936
0.01489 4.17877 2.39443
0.01163 3.18250 1.82351
0.00970 2.57599 1.47598
0.03781 9.75426 5.59100
0.01807 4.50106 2.57913
0.00387 0.94177 0.53960
0.04272 10.54278 6.04337
0.07427 18.52873 10.63142
0.08224 20.99852 12.05348
0.04749 12.24818 7.02208
0.02385 6.24507 3.57875
0.01645 4.34217 2.48808
0.00678 1.80471 1.03404
0.03054 8.17538 4.68546
0.02329 6.23153 3.57098
0.02819 7.61373 4.36340
0.07442 20.53617 11.78714
0.02668 7.49195 4.29358
0.01891 5.35188 3.06677
0.02726 7.73853 4.43496
0.06923 19.78960 11.35719
0.03504 10.06885 5.77147
0.03413 9.92704 5.69011
0.03850 11.36755 6.51664
0.02185 6.53908 3.74729
0.03400 10.96455 6.28538
0.03495 12.67662 7.26804
0.02852 12.14902 6.96517
0.01415 7.12562 4.08354
0.01740 10.77983 6.17938
0.00948 7.50159 4.29910
0.02907 31.18500 17.94089
0.01362 23.78868 13.66226
0.01086 41.76462 24.10678
0.00110 99.03861 59.36496
0.01835 100.64842 60.42946
0.01362 139.64533 88.56980
0.00344 82.75931 48.88711
0.00363 74.51411 43.74847
0.00437 94.17902 56.18483
0.00053 34.47955 19.85452
