0.00004 0.00804 0.09133
-0.02064 0.01641 0.09062
-0.03876 0.01781 0.08829
-0.03848 0.02341 0.09422
0.00226 0.00777 0.11441
0.01861 0.00830 0.12633
0.00316 0.01621 0.13989
0.01735 0.01652 0.15263
-0.01831 0.01530 0.16422
-0.00778 0.00582 0.17391
-0.01336 0.00559 0.18111
-0.01397 0.00261 0.18825
-0.01451 0.00544 0.19626
-0.04017 0.01864 0.20000
0.01330 0.00781 0.21142
0.03090 0.00083 0.21653
0.01500 0.00481 0.22253
0.03142 -0.00277 0.22192
-0.04930 0.01458 0.22581
-0.03832 0.00895 0.23108
-0.03344 -0.01131 0.23370
-0.01873 0.01587 0.24059
-0.09395 0.02339 0.23192
-0.18038 0.00837 0.19155
-0.07340 0.02322 0.25642
-0.05735 0.01567 0.26812
-0.06829 0.01959 0.27299
-0.08367 0.01983 0.28108
-0.06988 0.01045 0.29552
-0.14997 0.00727 0.27961
-0.08405 0.00527 0.31564
-0.11061 0.00105 0.31862
-0.11232 0.00304 0.33524
-0.10606 0.00767 0.35039
-0.09146 0.00654 0.37183
-0.07816 0.00553 0.38475
-0.08202 0.00012 0.39570
-0.08739 -0.00505 0.41205
-0.08760 -0.01036 0.42808
-0.02976 -0.00283 0.44927
-0.06126 -0.00317 0.46056
-0.09908 -0.01018 0.46702
-0.06287 -0.00911 0.49145
-0.01750 -0.01273 0.50984
-0.02208 0.00174 0.52912
0.00691 0.01126 0.54511
-0.04279 0.00587 0.55757
-0.03033 0.00403 0.57637
0.01487 0.00525 0.58985
-0.00887 -0.00002 0.60785
0.00144 0.01367 0.62329
0.04990 0.00693 0.63736
0.00248 -0.00829 0.65507
-0.00319 -0.01686 0.66533
-0.00676 -0.00179 0.68377
0.00624 0.00220 0.70062
0.01395 0.00819 0.71706
0.00436 -0.00032 0.73173
-0.00563 -0.00692 0.74185
-0.00812 -0.00752 0.75575
-0.00121 0.00525 0.76730
-0.00130 -0.00078 0.78740
0.00677 0.00386 0.79394
0.00105 -0.00683 0.80247
-0.01470 -0.02086 0.80233
-0.02090 -0.03398 0.80685
-0.00907 -0.01745 0.82206
-0.01919 0.00654 0.83162
-0.01715 -0.01404 0.84515
-0.01432 0.01059 0.84914
-0.02126 0.00388 0.84856
-0.00536 -0.02584 0.84797
-0.01699 -0.02885 0.84240
-0.00702 -0.01714 0.84018
0.01659 -0.01277 0.84485
-0.00977 -0.00183 0.84182
-0.00671 -0.00515 0.84422
-0.01806 -0.03551 0.83344
-0.00593 -0.02623 0.83648
-0.01127 -0.00326 0.83925
0.00058 -0.00241 0.83981
0.00310 0.01357 0.84303
-0.01474 0.02015 0.84357
-0.00842 -0.00065 0.83734
-0.00695 -0.01848 0.83513
-0.01981 -0.04385 0.83168
-0.00125 -0.03095 0.82914
-0.00706 -0.02239 0.82986
-0.00669 -0.01775 0.82939
-0.01559 -0.01484 0.82624
-0.01346 -0.01983 0.82576
-0.00406 0.00715 0.82495
-0.00509 0.01890 0.82481
-0.01040 0.00487 0.82696
-0.02785 0.00089 0.81838
-0.01682 -0.01781 0.81257
-0.01461 -0.03101 0.80567
-0.00730 -0.02067 0.80092
-0.01664 -0.01634 0.80040
-0.00758 0.00102 0.79824
-0.00098 -0.01624 0.79676
-0.00361 -0.01596 0.78995
-0.01701 -0.00859 0.78578
-0.01085 -0.00767 0.78252
-0.01463 -0.00795 0.77845
-0.02646 -0.01720 0.77605
-0.01052 -0.01105 0.76762
-0.00647 -0.02334 0.75912
-0.00634 -0.02619 0.75039
-0.00704 -0.02409 0.73619
0.02056 -0.01834 0.72944
0.01747 -0.01887 0.71197
0.01941 -0.00835 0.69790
0.02346 0.00843 0.68227
0.00768 -0.00392 0.66735
0.01331 -0.00919 0.65143
0.00469 0.00006 0.63641
-0.02251 -0.00499 0.61999
-0.02787 0.00159 0.60130
-0.03358 -0.00226 0.58340
0.01006 -0.00321 0.56142
0.02381 0.00483 0.53999
0.01632 0.01824 0.51579
-0.05405 0.00176 0.49376
-0.01460 -0.00222 0.47997
-0.05992 -0.00604 0.45808
0.02389 -0.01283 0.46277
-0.26367 -0.01242 0.36334
-0.03256 -0.00362 0.44981
-0.05606 -0.00493 0.43423
-0.03435 0.03656 0.44271
0.05245 0.01591 0.43171
0.06867 0.03221 0.43464
0.00023 -0.00616 0.43998
0.08761 0.00772 0.42093
0.04013 0.00939 0.42567
0.04547 0.00326 0.41463
0.00920 0.02985 0.43061
0.04998 -0.00416 0.43517
0.03042 0.00317 0.46302
0.13066 -0.01210 0.46161
0.00653 0.02267 0.48606
0.10297 -0.03943 0.50060
-0.01808 0.01052 0.52340
0.04173 -0.00051 0.53972
-0.04415 0.01694 0.55965
0.03609 -0.00447 0.57554
0.04605 -0.00492 0.59319
0.03777 0.00836 0.60958
0.00799 0.01111 0.62857
-0.03011 -0.01900 0.64065
-0.02774 -0.00845 0.65661
0.04491 -0.01351 0.66914
-0.01685 -0.00805 0.68578
-0.01999 0.02597 0.70049
0.00563 0.00498 0.71694
0.00101 -0.02569 0.72416
0.01871 -0.04558 0.73665
0.02199 -0.02942 0.74585
0.01583 0.00461 0.76269
-0.03179 0.03744 0.77420
0.01416 -0.01865 0.77897
-0.01311 0.00618 0.77735
0.02774 0.00024 0.76880
0.00291 -0.00833 0.77027
-0.02510 0.00883 0.77296
-0.00918 -0.00035 0.77263
0.01294 -0.00441 0.77310
0.01521 -0.03193 0.76416
0.01752 -0.02452 0.76203
0.00110 -0.03594 0.76130
0.00701 -0.01724 0.75861
-0.00840 -0.00796 0.76929
0.01066 -0.00529 0.76160
-0.00774 -0.00171 0.76121
-0.02150 0.00626 0.75433
0.00257 -0.00559 0.75016
-0.01205 -0.02188 0.75322
0.02557 -0.01503 0.75388
-0.00494 -0.01230 0.75689
-0.00019 -0.00728 0.76428
-0.00777 -0.01028 0.76851
-0.00480 -0.02181 0.77168
-0.06200 -0.00424 0.77551
-0.02152 -0.00661 0.78610
-0.03333 -0.01509 0.78745
-0.00850 -0.01577 0.79855
-0.03254 -0.01928 0.79597
-0.03679 -0.01981 0.79938
-0.01160 -0.01606 0.81302
-0.02886 -0.00184 0.82086
-0.03263 0.00185 0.83243
-0.04969 0.01118 0.83695
-0.01955 0.01140 0.84627
0.01638 0.01990 0.85321
0.00108 -0.00161 0.85727
0.01567 -0.01544 0.86281
-0.00539 -0.01560 0.86350
0.01245 -0.02402 0.86599
0.00703 -0.01956 0.87068
-0.00015 -0.01694 0.87265
-0.00780 -0.00328 0.87945
0.02445 -0.01872 0.87901
0.02846 -0.01388 0.87500
0.01806 -0.02935 0.86923
-0.00347 -0.07314 0.85796
0.00591 -0.03606 0.86077
-0.00358 -0.03637 0.85460
0.00441 -0.01274 0.85609
-0.01704 0.01029 0.85380
-0.00468 -0.01077 0.85883
-0.02122 -0.00387 0.85354
-0.02519 -0.00071 0.83719
-0.00794 -0.03619 0.83088
-0.04791 -0.01485 0.83079
-0.04155 -0.01789 0.82553
-0.02847 -0.02968 0.82074
-0.02426 -0.00908 0.81722
-0.02225 -0.03151 0.81148
-0.04100 -0.02839 0.81194
-0.01739 0.00181 0.81203
0.01518 0.00778 0.81129
-0.00863 -0.01160 0.80926
-0.05173 -0.00584 0.80000
-0.02870 -0.01105 0.79416
-0.04056 -0.00430 0.79582
-0.00462 -0.01492 0.78771
0.00729 -0.00967 0.78100
-0.02951 -0.01528 0.77645
-0.02593 -0.02292 0.77117
-0.02505 -0.01174 0.77302
-0.00482 0.00195 0.77122
0.03352 -0.00640 0.76962
-0.01777 -0.02427 0.76339
-0.04946 -0.03949 0.75325
-0.05245 0.00853 0.74964
-0.05735 -0.01100 0.75092
-0.02940 -0.01282 0.75630
-0.00266 0.00054 0.75598
-0.06592 0.03422 0.75569
-0.01220 -0.00858 0.75218
-0.00448 -0.02331 0.73973
-0.01826 -0.00743 0.73222
-0.00572 -0.01363 0.73745
-0.04774 0.02796 0.74945
-0.02764 0.00263 0.75614
-0.03471 0.02978 0.75482
-0.00985 -0.01609 0.74727
0.00505 -0.02071 0.74568
0.00881 -0.04061 0.74575
-0.00843 -0.01560 0.74679
0.00840 -0.01203 0.75262
-0.01350 -0.00095 0.75572
-0.01876 0.00902 0.75178
-0.00730 0.02563 0.76013
0.06503 -0.00242 0.76171
-0.04914 -0.02900 0.76340
-0.04766 -0.03881 0.75624
-0.05031 -0.00671 0.75109
0.00026 -0.01277 0.75520
-0.04552 -0.00994 0.76184
-0.02252 -0.00563 0.77401
-0.04550 -0.00121 0.77306
-0.04495 -0.04142 0.77017
-0.04672 -0.04366 0.76187
-0.05696 -0.02129 0.76307
-0.03531 -0.00683 0.76748
-0.05584 -0.01071 0.77442
-0.04539 0.00219 0.77098
-0.05166 -0.01202 0.76668
-0.04445 -0.02013 0.76320
-0.02731 -0.01175 0.76136
-0.04293 -0.00494 0.75922
-0.04345 0.00954 0.75810
-0.04476 -0.01775 0.75257
0.00352 -0.02952 0.74363
-0.01853 -0.02102 0.73986
-0.02038 0.00291 0.73441
-0.09975 -0.00588 0.73562
-0.05098 -0.01297 0.73497
-0.04454 -0.02709 0.72759
-0.04412 0.00138 0.71042
-0.04472 -0.00789 0.69407
0.00138 -0.02710 0.67503
-0.01817 -0.01838 0.66060
-0.02235 -0.01663 0.64629
-0.00953 -0.00680 0.62689
0.03968 -0.00103 0.60863
-0.06648 -0.00276 0.58538
-0.03125 0.00100 0.56194
-0.03745 0.00768 0.53796
-0.02647 0.00341 0.51369
-0.05788 -0.01732 0.49005
-0.00566 -0.02617 0.47043
-0.01429 -0.00631 0.45137
-0.08396 0.02774 0.42757
-0.06559 0.01690 0.41027
-0.00620 0.01079 0.39832
-0.04013 0.02508 0.37717
-0.01667 0.02152 0.36156
-0.03477 0.02914 0.33683
0.01937 0.01897 0.31605
0.00401 0.00214 0.30201
-0.01342 0.00757 0.28438
0.00607 0.01013 0.27012
-0.02190 0.00666 0.25294
0.00645 -0.00983 0.24274
0.02277 0.00012 0.22704
-0.00742 0.00581 0.21464
-0.00532 0.00510 0.21393
-0.00203 0.00500 0.21701
-0.06095 -0.00119 0.20455
-0.07583 0.02646 0.20445
-0.03853 0.02740 0.21339
-0.11332 0.04336 0.17503
-0.01065 0.01450 0.21865
-0.05096 0.02209 0.20583
-0.06537 0.02537 0.20533
-0.02751 0.01863 0.21406
-0.07425 0.01566 0.19664
-0.05939 0.02590 0.20712
-0.04609 0.00804 0.21450
-0.00667 -0.01565 0.22217
0.00676 -0.00472 0.25143
-0.02270 -0.01014 0.25831
-0.05945 0.00582 0.28315
-0.07286 -0.00506 0.29464
-0.09124 -0.00242 0.29217
-0.05927 0.00149 0.32894
-0.09148 0.01008 0.33850
-0.08458 0.00933 0.33369
-0.05779 0.01384 0.36969
-0.03041 0.00070 0.36819
-0.05425 0.00557 0.39393
-0.07821 0.00712 0.40263
-0.09992 0.00283 0.39656
-0.02548 0.00282 0.43651
-0.00129 0.01157 0.45178
-0.07513 0.00129 0.45981
-0.09235 -0.01728 0.48104
-0.09804 0.02067 0.49164
0.01809 0.01133 0.52498
-0.01558 0.00235 0.54849
0.00619 -0.00151 0.56285
-0.00004 -0.00844 0.58637
0.02969 -0.00080 0.59816
0.00806 0.00107 0.62165
-0.02440 0.00285 0.63882
-0.03886 -0.01363 0.65798
-0.01479 0.00606 0.67616
-0.02589 -0.00991 0.69090
-0.02156 -0.00831 0.70672
-0.03956 -0.01969 0.72125
0.03005 0.01067 0.74050
-0.02023 -0.00899 0.75189
-0.01408 -0.02130 0.77285
-0.05014 -0.03989 0.78255
-0.02482 -0.01148 0.80250
-0.02108 -0.01809 0.81912
-0.02791 -0.01258 0.83528
-0.03140 0.00539 0.84507
-0.03449 0.00134 0.86137
-0.02550 -0.01941 0.86690
-0.01096 -0.02642 0.88095
-0.03347 -0.01645 0.89354
-0.01491 -0.01406 0.91004
-0.00980 -0.01651 0.92335
-0.00315 -0.01277 0.93142
-0.01954 -0.03095 0.94182
-0.02867 -0.02359 0.95208
-0.03117 -0.00815 0.96696
0.00003 0.01588 0.97840
-0.03307 0.01149 0.98648
-0.03762 -0.00085 0.98389
0.02752 -0.00972 0.98911
0.01551 -0.01243 0.98792
0.00480 -0.02539 0.98894
-0.02620 -0.01909 0.98811
-0.02735 -0.01253 0.99081
-0.03538 -0.00448 0.99782
-0.03043 0.00225 0.99119
-0.03606 -0.00950 0.99331
-0.00517 -0.03134 0.99877
-0.02882 -0.01951 0.98937
-0.02485 -0.00751 0.99699
-0.01032 -0.00453 0.99056
-0.04926 -0.00161 0.99026
-0.03108 -0.01875 0.98618
-0.01295 -0.00257 0.99408
-0.02073 -0.00928 0.99512
0.01125 -0.02400 0.99045
-0.00524 -0.02372 0.98712
-0.00049 -0.02647 0.98611
0.03710 -0.01704 0.98926
0.00768 -0.01442 0.99351
0.01828 0.00791 0.99055
-0.00438 -0.00101 0.99588
-0.00974 -0.00746 0.98641
-0.01936 -0.02125 0.98199
-0.00977 -0.03356 0.98096
-0.01692 -0.01361 0.98383
-0.01877 -0.00763 0.98735
-0.01147 -0.02305 0.98104
-0.02221 -0.02920 0.97573
0.00036 -0.02358 0.97461
-0.03535 -0.00592 0.97355
-0.00681 -0.00379 0.97422
-0.02143 -0.00189 0.97050
-0.02836 -0.01402 0.96881
-0.02832 -0.03026 0.95910
-0.04476 -0.01269 0.95101
-0.01058 -0.03051 0.95163
0.00339 -0.01999 0.94959
0.00753 -0.02634 0.94868
-0.02627 -0.01044 0.94566
-0.01550 -0.00952 0.94375
-0.02511 -0.00095 0.94099
-0.01421 -0.02469 0.93695
-0.03460 -0.02623 0.93527
-0.00512 -0.00631 0.93451
-0.01947 -0.00951 0.93182
-0.03679 -0.01537 0.92758
-0.03544 -0.01906 0.92325
-0.02117 -0.03477 0.91732
-0.02828 -0.00061 0.90954
-0.02518 0.00595 0.89986
-0.01992 -0.00659 0.88922
-0.03036 0.00538 0.88117
0.00777 -0.02234 0.86435
0.00592 -0.02529 0.85397
-0.02002 0.00189 0.83999
0.00498 -0.01040 0.82695
-0.02876 -0.01246 0.81791
-0.02405 0.00075 0.80661
-0.03618 0.00687 0.79768
-0.01141 0.00666 0.78854
-0.03057 -0.00593 0.77321
-0.02088 -0.01362 0.75756
-0.02449 -0.01321 0.74277
-0.02816 -0.01934 0.72636
-0.04925 -0.01564 0.71707
-0.03418 -0.02713 0.69239
-0.05277 -0.03866 0.68272
-0.03639 -0.02602 0.67056
-0.04206 -0.02135 0.65935
0.03924 0.00770 0.64659
0.01783 -0.00090 0.63751
0.02339 -0.00481 0.62633
-0.01468 -0.00001 0.61839
0.02874 -0.00386 0.61062
-0.04071 -0.00691 0.59901
-0.04743 -0.01109 0.59013
-0.04486 -0.01792 0.57201
-0.00854 -0.01205 0.56479
-0.04319 -0.02162 0.55366
0.01517 -0.00421 0.54252
-0.02914 0.01173 0.53598
-0.05621 -0.01825 0.52093
0.02282 -0.01638 0.50886
-0.02270 -0.01073 0.50337
-0.03157 -0.00386 0.49575
-0.04707 -0.00856 0.48964
-0.07507 0.01846 0.48132
-0.08014 0.01514 0.48133
-0.07558 0.03587 0.47653
-0.11068 0.01219 0.46889
-0.09833 0.02460 0.47792
-0.03114 0.02174 0.47213
-0.01145 0.02392 0.46376
-0.08846 0.00904 0.46150
-0.07278 0.00078 0.45112
-0.13588 0.00626 0.44544
-0.02639 0.01405 0.44702
-0.06776 0.02956 0.43688
-0.08626 0.01818 0.44912
-0.09384 0.01506 0.44112
-0.04735 -0.00400 0.47100
-0.03818 0.02103 0.46672
-0.02142 0.02818 0.47070
-0.03503 0.00075 0.47630
-0.04327 0.00306 0.47307
-0.05155 0.01306 0.48174
-0.02511 0.00389 0.48620
-0.01143 0.00319 0.49463
-0.01325 -0.02784 0.50046
0.05862 0.01696 0.50621
-0.06409 -0.03607 0.51251
-0.03720 -0.01195 0.52515
-0.00998 -0.00484 0.53865
-0.01437 0.00392 0.54862
-0.01523 -0.00492 0.56078
-0.01476 -0.00668 0.57147
-0.01147 0.00164 0.59266
-0.00993 0.00733 0.60140
-0.00776 -0.00785 0.61882
-0.00916 -0.01858 0.63258
-0.02250 -0.03489 0.64529
0.03719 -0.03377 0.65528
0.01415 -0.01343 0.67529
0.02451 0.00319 0.69837
0.00203 0.00741 0.71431
-0.02275 0.01679 0.73037
-0.00801 0.00665 0.74751
-0.01665 0.00895 0.76169
0.02369 0.01260 0.78522
0.00849 0.01310 0.80173
0.01126 0.00297 0.81564
-0.01414 -0.02710 0.82594
0.00311 -0.01012 0.83547
-0.01633 0.00397 0.85561
0.00615 0.02457 0.86879
-0.01458 -0.00328 0.87747
-0.02294 -0.03498 0.88467
-0.00387 -0.01829 0.89755
-0.03867 -0.01878 0.90519
-0.02258 -0.02600 0.91533
-0.01936 -0.01059 0.92654
-0.00387 0.00405 0.93748
-0.05157 -0.00459 0.93840
0.01346 0.00280 0.94021
-0.02717 0.00346 0.93429
0.00151 -0.00547 0.93129
0.03032 0.01031 0.93196
-0.01796 0.01699 0.93746
-0.00846 -0.00322 0.93395
-0.00824 -0.02748 0.92484
0.02311 -0.02273 0.91731
0.01001 -0.01358 0.90958
-0.00843 -0.01499 0.92173
-0.01571 -0.00317 0.91552
0.00190 0.00015 0.91620
-0.00982 -0.00800 0.91888
0.03378 0.00455 0.89510
0.02065 0.00153 0.90388
0.03821 -0.00109 0.89831
0.00133 -0.01120 0.89069
-0.01024 -0.00685 0.88682
-0.00452 0.02855 0.88180
-0.01744 -0.00869 0.88239
0.04853 -0.00675 0.87191
0.03934 -0.00228 0.87111
0.04879 -0.01629 0.86555
0.02089 -0.03224 0.86521
0.03650 -0.03738 0.86344
0.06126 -0.05647 0.84556
0.07821 -0.01904 0.84362
0.05916 -0.03564 0.84245
0.03308 -0.01638 0.85506
0.04517 -0.01188 0.85380
0.05055 -0.02679 0.85467
0.00623 -0.00286 0.86147
0.02406 0.00067 0.86744
0.02848 0.00490 0.88224
-0.01556 -0.00176 0.88451
0.00290 -0.00973 0.88974
-0.02723 -0.02075 0.89069
-0.00369 -0.01552 0.90435
-0.00087 0.02347 0.92683
0.04932 -0.00321 0.93284
-0.00115 -0.03682 0.94741
0.01007 -0.01542 0.94827
-0.00559 -0.03909 0.95410
0.01526 -0.02338 0.96227
0.01386 -0.02439 0.97994
0.02602 -0.00953 0.99610
-0.01446 -0.00932 1.00469
0.03307 -0.02128 1.01072
0.08251 -0.01492 1.02364
-0.00809 -0.01370 1.02697
0.00842 -0.01948 1.03772
-0.00345 -0.01391 1.04092
0.04867 -0.01380 1.04770
0.00516 -0.00078 1.05522
0.00475 -0.02183 1.05696
0.00885 -0.01968 1.05849
0.00681 -0.01145 1.05780
-0.01914 -0.00321 1.05983
0.00358 0.00212 1.06001
-0.10651 -0.07096 1.04849
-0.00574 0.00177 1.04993
0.03164 -0.02921 1.04601
0.08900 -0.02013 1.04262
0.00857 -0.01595 1.04385
0.00149 -0.00080 1.04580
0.00711 -0.01818 1.04737
-0.00519 -0.01871 1.02781
-0.00553 -0.02008 1.03180
-0.03202 -0.00728 1.02887
0.00504 0.02072 1.02773
-0.00545 0.00725 1.02422
0.02156 -0.00657 1.02105
-0.01940 0.00010 1.01644
-0.01190 -0.01099 1.01191
-0.00493 -0.01559 1.01229
-0.01023 -0.01111 1.00292
0.02008 -0.00190 1.00682
-0.01536 -0.03396 0.99903
-0.01246 -0.03505 0.99418
-0.03807 -0.00967 0.99077
-0.02129 -0.01663 0.99050
-0.03012 0.02444 0.98724
-0.04850 -0.00354 0.98377
-0.03034 -0.01565 0.98213
-0.07497 -0.00793 0.97315
-0.00476 -0.01559 0.97062
-0.00063 -0.01438 0.97146
0.00067 -0.01157 0.96777
0.05237 -0.02557 0.96028
-0.00267 -0.03055 0.95978
-0.04468 -0.03161 0.95274
0.01087 -0.02259 0.95129
-0.03551 0.01123 0.94493
0.03465 0.00759 0.93932
0.00432 0.00477 0.93300
-0.00954 -0.01299 0.92231
-0.04672 -0.03819 0.91393
-0.00957 -0.03460 0.89506
0.03238 -0.00815 0.88268
-0.02191 -0.03279 0.86736
-0.04231 -0.03958 0.85104
0.00611 -0.01032 0.83305
-0.02056 -0.00519 0.81146
-0.02469 0.01246 0.78798
-0.03339 -0.00229 0.76386
0.00434 0.00219 0.73886
0.01041 -0.00069 0.71425
-0.06122 -0.00147 0.68339
-0.00490 -0.00987 0.65912
-0.02133 0.00140 0.63313
-0.04010 0.01560 0.60522
0.10294 0.03063 0.56908
-0.52610 -0.00564 0.18175
-0.46411 0.01811 0.24492
-0.45331 0.00882 0.20097
-0.43552 0.00238 0.15887
-0.40938 0.00960 0.15105
-0.36793 0.00475 0.16102
-0.35064 0.00276 0.11854
-0.31609 0.00945 0.11930
-0.28686 0.00847 0.11167
-0.23439 0.00177 0.12681
-0.23146 0.00230 0.08077
-0.20279 0.00348 0.09826
-0.12527 0.00558 0.15812
0.18014 0.00358 0.07995
-0.01890 -0.01497 0.18766
0.00445 0.00237 0.18532
-0.03700 0.01345 0.17246
0.15062 0.00237 0.06947
0.13373 0.00090 0.07009
0.13154 -0.00065 0.05024
0.12044 0.00226 0.05615
0.11231 0.00226 0.05777
0.11217 0.00035 0.04198
0.10409 0.00102 0.04380
0.09452 0.00567 0.04702
0.06491 0.00902 0.06748
-0.01281 0.00494 0.07685
-0.01415 0.00423 0.06151
-0.00214 0.00272 0.04878
-0.02123 -0.00026 0.03060
-0.01032 0.00100 0.02448
-0.00802 0.00049 0.01524
-0.00374 0.00072 0.00865
0.00027 0.00008 -0.00615
-0.00676 -0.00270 0.00205
-0.00085 -0.00133 -0.00133
0.00400 -0.00034 -0.00166
0.00279 -0.00073 -0.00545
0.00383 0.00027 0.00174
0.00437 0.00016 0.00203
0.00462 0.00038 0.00304
0.00472 0.00011 0.00226
0.00607 0.00033 0.00266
0.00409 0.00035 0.00218
0.00458 -0.00053 -0.00262
0.00226 -0.00018 -0.00089
0.00517 -0.00000 0.00732
-0.00071 0.00101 0.00540
0.00522 0.00008 0.00469
-0.00131 0.00004 0.00424
-0.00171 0.00090 0.00577
-0.00062 0.00056 0.00397
0.00570 0.00049 -0.00191
0.00155 -0.00036 -0.00522
0.00246 -0.00115 -0.00709
-0.00601 0.00016 -0.00591
0.00290 -0.00090 -0.00637
0.00031 -0.00029 -0.00479
-0.00108 -0.00054 -0.00439
0.00368 -0.00112 -0.00387
-0.00385 0.00024 -0.00147
-0.00229 -0.00006 -0.00180
-0.00147 -0.00007 -0.00091
0.00192 0.00016 0.00106
0.00122 0.00005 -0.00124
-0.00374 0.00054 0.00201
-0.00238 0.00006 0.00156
0.00280 -0.00019 -0.00094
0.00208 0.00048 -0.00087
-0.00484 -0.00031 -0.00214
-0.00318 0.00016 0.00236
0.00209 -0.00002 -0.00102
0.00050 -0.00003 -0.00051
-0.00056 0.00002 0.00026
0.00076 -0.00000 -0.00055
0.00127 -0.00001 -0.00083
-0.00483 0.00020 0.00419
-0.00305 0.00008 0.00367
-0.00303 -0.00011 0.00138
-0.00114 0.00000 0.00105
0.00311 0.00022 -0.00169
0.00140 0.00008 -0.00082
0.00068 0.00001 -0.00068
-0.00143 -0.00009 0.00198
0.03733 0.00549 0.03572
-0.01846 0.00454 0.02981
-0.01777 0.00616 0.02544
-0.02179 0.00008 0.02676
-0.01899 0.00460 0.02139
0.02856 0.00252 0.02250
-0.01569 0.00402 0.02889
-0.02109 0.00585 0.03107
0.03260 0.00158 0.01372
0.03909 0.00191 0.01341
0.01188 0.00506 0.04080
0.04118 0.00387 0.02460
0.03807 0.00506 0.03274
-0.04401 0.00524 0.03155
0.03702 0.00477 0.04867
0.06264 0.00776 0.03214
0.00925 0.00873 0.08568
0.01810 0.00448 0.10485
0.00790 0.00937 0.11750
0.01830 0.00945 0.13509
-0.01176 0.00923 0.15148
0.01902 0.00510 0.16382
-0.00745 0.01635 0.17969
0.00955 0.01895 0.18826
-0.01487 0.01274 0.19841
0.03892 0.01821 0.20653
-0.02799 0.01698 0.21807
-0.02477 0.01188 0.22951
0.00934 0.00269 0.24357
0.02644 -0.00687 0.26375
-0.03596 0.00673 0.28579
-0.07600 -0.00130 0.30966
-0.07845 0.00625 0.33185
0.03469 0.01796 0.36456
-0.14951 0.04468 0.37134
-0.11710 0.01306 0.40884
-0.00070 0.00681 0.45581
-0.03337 0.00571 0.49006
-0.07040 0.03492 0.50226
0.06607 0.04033 0.53776
-0.13627 0.02353 0.53250
-0.10748 0.02178 0.56156
-0.12899 -0.00161 0.59534
-0.13151 0.00548 0.60142
-0.08302 0.00978 0.64807
-0.08491 -0.00995 0.65524
-0.06877 -0.02332 0.68319
-0.07652 -0.01766 0.71423
-0.08677 -0.02512 0.73040
-0.09285 -0.04748 0.75873
-0.03357 -0.00339 0.78964
-0.00940 -0.00686 0.81296
-0.00800 -0.01389 0.83294
0.01047 -0.02068 0.85218
-0.08405 -0.03744 0.87023
-0.05348 -0.01300 0.89936
-0.02066 0.00985 0.92123
-0.05968 0.01306 0.94136
-0.04096 -0.01155 0.96483
-0.04145 -0.01450 0.98851
0.03905 0.00436 1.01418
0.03223 0.00320 1.03794
-0.02692 0.01321 1.05533
-0.09219 -0.03740 1.07246
-0.03448 0.01038 1.09492
-0.06704 0.06861 1.10915
0.01630 0.02633 1.12570
-0.00385 0.03438 1.14364
0.00448 -0.00097 1.16024
0.02735 -0.02359 1.17251
-0.02978 -0.04015 1.18564
0.00262 0.00147 1.20047
-0.00801 0.02495 1.20604
-0.04264 -0.02637 1.20996
0.01571 -0.00291 1.20452
0.01032 -0.01683 1.19892
-0.02139 -0.02027 1.19773
-0.01629 -0.01584 1.19210
-0.01423 0.00460 1.19178
-0.00654 -0.01594 1.19256
0.00883 -0.00138 1.19297
-0.01009 0.00256 1.19133
0.00918 -0.01569 1.18711
-0.00858 -0.02234 1.18082
-0.02162 -0.03069 1.17769
-0.01869 0.00814 1.17765
-0.00606 0.02248 1.17694
-0.01197 -0.01077 1.17404
-0.01065 -0.02012 1.16701
-0.03322 -0.04326 1.16021
-0.04752 -0.01667 1.15817
-0.04864 -0.03846 1.15574
-0.01353 0.04563 1.15540
-0.03411 -0.03796 1.15130
-0.00498 -0.01928 1.14674
-0.02346 -0.02068 1.14044
0.02248 0.00081 1.13694
-0.03940 -0.00705 1.13999
-0.03650 -0.01989 1.13325
0.01655 -0.00202 1.13190
-0.03363 -0.03539 1.12434
-0.02147 -0.01485 1.12062
-0.03173 -0.01133 1.12490
-0.01984 0.00062 1.11880
0.01465 -0.00907 1.11597
-0.01218 0.01178 1.11261
0.05744 -0.00928 1.11024
-0.05567 -0.03764 1.10460
-0.02049 -0.02573 1.10306
-0.00774 -0.00876 1.09953
-0.01407 -0.01741 1.09834
0.03406 0.00300 1.09881
0.00141 -0.00014 1.10361
0.01362 0.00010 1.10033
0.00059 -0.01635 1.10538
0.00920 0.00942 1.08751
-0.00930 -0.00237 1.09864
-0.00984 -0.02612 1.09592
-0.00306 -0.01795 1.08000
-0.01549 -0.03844 1.07506
-0.01754 -0.03199 1.06717
0.02563 -0.00807 1.08102
-0.01409 -0.02098 1.07583
-0.00292 -0.00896 1.08001
-0.03512 0.01054 1.07777
-0.01435 0.00915 1.07640
0.00546 -0.00198 1.06746
-0.03506 -0.01388 1.05171
-0.02823 -0.02255 1.05218
-0.03075 -0.03642 1.05129
-0.03205 -0.03766 1.04613
-0.02788 -0.03311 1.05015
-0.03752 -0.02114 1.06241
-0.02755 -0.01833 1.06161
-0.00444 0.01951 1.06786
0.02298 -0.00338 1.06389
-0.01975 -0.01949 1.06606
-0.02032 -0.03956 1.05606
-0.03050 -0.02859 1.05756
-0.03874 -0.04543 1.05129
-0.01773 -0.00842 1.05114
-0.02543 -0.03880 1.04288
0.00169 -0.03917 1.03752
0.00417 -0.02586 1.03639
0.00584 0.00562 1.02837
-0.01476 -0.00172 1.03467
0.03130 0.00982 1.03128
-0.02228 -0.01156 1.02592
0.00074 -0.00544 1.01969
-0.01155 -0.02496 1.01197
-0.03006 -0.01394 1.01451
-0.01052 0.00148 1.01391
-0.02019 -0.00656 1.00695
-0.00005 -0.02125 1.00521
-0.01976 -0.00986 0.99720
0.02842 -0.01247 0.99386
0.00076 -0.01670 0.97944
-0.00955 -0.00225 0.95795
0.00304 -0.01305 0.94017
-0.01991 -0.00676 0.92457
0.01942 -0.01436 0.90512
-0.01893 -0.01771 0.88401
-0.01504 -0.02711 0.85854
-0.02822 -0.02330 0.84142
-0.01480 -0.01408 0.81781
-0.02909 -0.02517 0.79913
-0.03306 -0.02883 0.78391
-0.02532 -0.01183 0.76069
0.00619 -0.01916 0.74013
-0.00179 -0.01245 0.71713
-0.01682 -0.01232 0.69778
0.00953 -0.02300 0.67053
0.00890 -0.00769 0.65316
0.06486 0.01029 0.61982
0.01096 -0.00648 0.60624
0.00071 -0.02800 0.61398
0.00146 -0.02131 0.55148
0.00004 0.00844 0.58038
-0.00529 -0.00187 0.54019
0.00957 0.00961 0.54108
0.03386 -0.01223 0.52904
0.02999 -0.00871 0.52157
0.05059 -0.00759 0.50986
0.04319 0.00869 0.50678
-0.01954 0.00295 0.50966
-0.02970 0.00835 0.50046
-0.01384 -0.00076 0.49554
0.02458 -0.01538 0.49478
-0.02397 -0.01619 0.48341
-0.05628 -0.00135 0.47679
-0.02454 0.02629 0.48186
-0.06996 0.01574 0.46892
-0.15635 -0.01227 0.45043
-0.11744 0.01118 0.45437
-0.14251 0.00025 0.45086
-0.14933 0.02155 0.45948
-0.05649 0.01220 0.47410
-0.16512 0.00736 0.46009
-0.09941 0.00725 0.46615
-0.04335 0.00967 0.47458
-0.02844 0.00301 0.48666
-0.04734 0.00806 0.48442
-0.01538 0.01171 0.49782
-0.04494 0.01767 0.49518
-0.01134 0.00405 0.50823
-0.01673 0.00888 0.51697
0.03387 0.01068 0.52188
-0.04113 -0.00416 0.52942
-0.00530 -0.00811 0.54152
0.00549 -0.01341 0.55571
-0.00452 -0.01084 0.57345
0.00527 -0.00118 0.58714
0.00379 0.00787 0.60498
0.02047 0.00620 0.62137
-0.00004 -0.00529 0.63811
0.00299 -0.01503 0.65433
0.01237 -0.01152 0.66934
-0.02514 -0.00937 0.68671
-0.03591 -0.00318 0.70621
-0.02637 0.00162 0.71666
-0.02380 0.01520 0.73346
-0.02744 0.00581 0.74807
-0.03471 0.01179 0.75751
-0.01066 0.02262 0.76216
-0.00544 0.00283 0.76538
-0.05113 0.00514 0.76409
-0.02045 -0.00357 0.76275
-0.02485 -0.00568 0.76683
-0.01926 -0.00534 0.76680
0.00669 -0.01305 0.76854
0.00750 -0.00516 0.76747
0.00466 -0.00842 0.76894
0.01694 -0.01741 0.76667
0.02064 0.00010 0.76895
0.00785 -0.01506 0.76632
-0.01876 -0.00732 0.76515
-0.00616 0.00637 0.76507
0.00439 0.00055 0.76101
-0.00558 -0.00811 0.75999
-0.01762 -0.00130 0.75559
-0.00009 -0.01645 0.75306
-0.00341 -0.01397 0.75080
-0.00229 -0.01200 0.74546
0.01061 -0.01650 0.74136
0.00307 -0.02672 0.73144
-0.04386 -0.00266 0.72136
0.02049 -0.00182 0.71296
-0.03339 0.00963 0.70212
0.00229 -0.01115 0.68930
0.00445 -0.02701 0.67587
-0.12810 -0.05489 0.65072
-0.05605 0.00086 0.65646
-0.00719 0.00367 0.65340
-0.02367 -0.00786 0.64885
0.01624 -0.01642 0.64548
-0.04290 -0.01463 0.63673
-0.01393 -0.02037 0.63356
-0.00835 -0.01505 0.62865
-0.01768 0.01054 0.62508
-0.01670 -0.00858 0.61988
-0.04136 0.00612 0.61519
-0.04792 -0.01540 0.60951
-0.00519 -0.00961 0.61037
-0.06919 -0.03225 0.60224
-0.03739 -0.00918 0.60434
0.02593 -0.00305 0.60267
-0.02082 -0.01154 0.59900
-0.02684 -0.02072 0.59722
-0.02946 -0.01381 0.59507
0.01966 -0.00753 0.59369
0.00320 -0.01503 0.58777
-0.02455 -0.01378 0.58458
-0.02777 -0.00949 0.57953
-0.06604 -0.00985 0.56983
-0.04841 -0.00934 0.56072
-0.00478 -0.01128 0.55482
0.00126 -0.00977 0.54381
-0.01170 -0.00756 0.53178
0.01353 -0.01436 0.52119
-0.02101 -0.00705 0.50907
-0.06114 0.00297 0.49300
0.01405 -0.00959 0.48472
0.01922 -0.00914 0.47535
-0.00558 -0.01372 0.46203
0.01388 -0.01168 0.45302
0.02904 0.00940 0.43747
-0.00750 -0.00737 0.42226
0.00933 -0.00163 0.42210
-0.00230 0.00635 0.37108
0.00077 0.00140 0.36965
0.00080 0.00098 0.34257
-0.00654 -0.00596 0.32142
0.01019 -0.00475 0.30457
-0.00133 0.00467 0.28709
0.00380 -0.00483 0.27592
-0.03284 0.00239 0.26729
-0.03448 0.00092 0.25853
-0.02993 0.00165 0.25766
-0.03722 0.00877 0.25539
-0.02233 0.00561 0.25545
-0.03387 0.00741 0.25096
-0.00416 0.00505 0.25270
-0.01844 0.01036 0.25040
-0.02243 0.00603 0.24622
0.04096 0.00015 0.24543
-0.04607 0.01127 0.24264
-0.00550 0.00244 0.24634
-0.03437 0.00230 0.24271
-0.09067 -0.00745 0.22592
-0.04152 0.00670 0.23769
-0.01734 0.01351 0.24105
-0.07261 0.00309 0.22586
-0.09525 -0.00960 0.21524
-0.05792 0.01185 0.23067
-0.01764 0.01166 0.23452
-0.03263 0.00821 0.23311
-0.01284 0.00330 0.23260
-0.01392 -0.01316 0.23041
-0.03837 0.01081 0.22679
0.02552 0.01332 0.22697
0.03279 0.01267 0.22497
-0.01721 0.01465 0.22994
0.01797 0.01519 0.22604
-0.00012 0.01158 0.22532
0.00625 0.01693 0.22377
0.04547 0.02501 0.21889
0.04339 0.01235 0.21941
0.04669 0.01355 0.21866
-0.00121 0.01507 0.22721
-0.02722 0.01765 0.23351
0.04444 0.02409 0.24208
-0.00262 0.01308 0.25887
0.00753 0.01631 0.27013
0.02751 0.01576 0.27996
0.01549 0.01234 0.29240
0.04956 0.01408 0.29732
0.02924 0.03815 0.30549
0.02322 0.02023 0.31555
0.04131 0.01920 0.32153
-0.03302 0.00539 0.33272
0.01262 0.00371 0.34060
-0.04990 -0.00393 0.34589
0.01052 0.00896 0.35599
0.00789 -0.01732 0.36507
0.00930 0.00278 0.37633
-0.03502 0.01248 0.38580
0.03601 0.02016 0.39931
0.04455 0.01704 0.40852
0.00627 0.02241 0.40452
-0.02566 0.00713 0.39996
-0.06208 -0.00718 0.38665
-0.04264 0.01173 0.38519
-0.03499 -0.00538 0.38029
-0.02521 -0.00889 0.37794
-0.01006 0.00786 0.37536
-0.02068 0.02407 0.37227
-0.01852 0.01793 0.37283
-0.02808 0.01970 0.36866
-0.09825 0.01174 0.34860
-0.03384 0.01770 0.35401
-0.00568 0.00937 0.35314
-0.02213 0.01880 0.35108
0.04627 0.01309 0.34651
-0.03480 0.01905 0.34576
-0.03104 0.01400 0.34213
0.03754 0.01408 0.33630
0.03671 -0.00120 0.33211
0.01474 0.02601 0.30868
0.04525 0.02064 0.27116
0.02541 0.01655 0.23281
0.00842 0.00493 0.19840
0.01467 0.00994 0.16048
0.01230 0.00626 0.12568
-0.00742 0.02336 0.08995
-0.00634 0.01028 0.05598
0.00714 -0.00221 0.02489
-0.00095 0.00029 0.00050
0.01296 0.00134 -0.01275
0.00091 -0.00838 0.00490
-0.00144 0.00068 -0.00384
0.00084 0.00464 -0.00123
0.00013 0.00460 0.00063
0.00037 0.00004 0.00148
