0.01212 2.14391 1.22839
0.01458 2.59218 1.48525
0.00559 0.99546 0.57036
0.00223 0.39648 0.22717
0.00449 0.79459 0.45527
0.00467 0.81206 0.46528
0.00435 0.75102 0.43030
0.00288 0.48992 0.28070
0.00697 1.17230 0.67169
0.00611 1.01532 0.58174
0.00542 0.88320 0.50604
0.00989 1.57888 0.90464
0.00576 0.88854 0.50910
0.00797 1.19907 0.68702
0.00966 1.42745 0.81788
0.01891 2.76444 1.58396
0.00585 0.84533 0.48434
0.01474 2.07397 1.18832
0.01379 1.87721 1.07558
0.02918 3.83707 2.19861
0.02503 3.22265 1.84652
0.01887 2.39230 1.37072
0.01664 2.07065 1.18641
0.01201 1.46195 0.83764
0.02318 2.78237 1.59423
0.02427 2.86756 1.64304
0.02287 2.65871 1.52338
0.01759 1.99482 1.14297
0.02362 2.62070 1.50159
0.01908 2.07244 1.18744
0.02781 2.97492 1.70457
0.01947 2.04193 1.16996
0.02975 3.06074 1.75375
0.02135 2.18655 1.25282
0.02306 2.34499 1.34361
0.02242 2.26912 1.30014
0.01881 1.87826 1.07618
0.01888 1.87293 1.07313
0.01600 1.57674 0.90342
0.02669 2.61217 1.49670
0.02112 2.05245 1.17599
0.01918 1.85064 1.06035
0.02239 2.13750 1.22472
0.02124 2.01179 1.15269
0.02299 2.16190 1.23870
0.02061 1.93806 1.11045
0.03008 2.80581 1.60766
0.04316 4.01195 2.29883
0.02849 2.64477 1.51539
0.02538 2.35409 1.34883
0.02076 1.92867 1.10506
0.02398 2.23117 1.27839
0.01669 1.56599 0.89725
0.01176 1.10668 0.63409
0.01767 1.64607 0.94314
0.02114 1.95872 1.12228
0.02197 2.03995 1.16882
0.02634 2.44619 1.40160
0.03650 3.38230 1.93801
0.01055 0.98513 0.56444
0.02155 2.00696 1.14992
0.03038 2.82715 1.61989
0.02253 2.11159 1.20988
0.00651 0.60718 0.34789
0.01013 0.94480 0.54133
0.02080 1.91351 1.09638
0.01842 1.69621 0.97187
0.02496 2.30405 1.32015
0.01832 1.69709 0.97237
0.02283 2.11763 1.21334
0.02632 2.43808 1.39695
0.01581 1.46173 0.83752
0.02299 2.11825 1.21369
0.02397 2.19421 1.25721
0.02640 2.42439 1.38910
0.02044 1.88299 1.07889
0.02529 2.32438 1.33180
0.02310 2.13049 1.22071
0.01689 1.55747 0.89237
0.01758 1.62763 0.93258
0.02411 2.24340 1.28540
0.01788 1.67119 0.95753
0.02367 2.21394 1.26852
0.01187 1.11330 0.63788
0.01397 1.30352 0.74687
0.01563 1.46592 0.83992
0.02216 2.08750 1.19607
0.01595 1.51145 0.86600
0.01638 1.56302 0.89555
0.02907 2.79652 1.60234
0.02235 2.17879 1.24838
0.01937 1.91472 1.09707
0.01770 1.77965 1.01967
0.02007 2.06261 1.18181
0.00835 0.87542 0.50158
0.01543 1.65619 0.94894
0.00837 0.92345 0.52910
0.01236 1.39540 0.79951
0.00422 0.48897 0.28016
0.00906 1.07802 0.61767
0.00447 0.54825 0.31413
0.00583 0.74117 0.42466
0.00389 0.51113 0.29285
0.00504 0.69230 0.39666
0.00368 0.52632 0.30156
0.00717 1.07577 0.61637
0.00430 0.67244 0.38528
0.00805 1.32553 0.75948
0.00214 0.36643 0.20995
0.00236 0.41767 0.23931
0.00317 0.58703 0.33634
0.00576 1.11189 0.63707
0.00380 0.76836 0.44024
0.00528 1.11391 0.63822
0.00655 1.45200 0.83194
0.00638 1.47608 0.84574
0.00065 0.15305 0.08769
0.00814 1.97128 1.12948
0.00596 1.47973 0.84783
0.00847 2.10984 1.20887
0.00233 0.59850 0.34291
0.00246 0.63373 0.36310
0.00590 1.56978 0.89943
0.00501 1.31627 0.75417
0.00610 1.67013 0.95692
0.00227 0.61511 0.35243
0.00335 0.91754 0.52571
0.00915 2.58553 1.48144
0.00292 0.81013 0.46417
0.01225 3.54409 2.03072
0.00741 2.10708 1.20729
0.01085 3.19194 1.82893
0.00606 1.72214 0.98673
0.00858 2.48238 1.42233
0.00773 2.14801 1.23074
0.00538 1.48438 0.85050
0.00948 2.65114 1.51904
0.00851 2.26942 1.30031
0.01572 4.25471 2.43795
0.00211 0.55368 0.31723
0.01959 5.14985 2.95097
0.00839 2.15657 1.23565
0.01257 3.20461 1.83618
0.02010 5.11339 2.93008
0.00539 1.31691 0.75454
0.02141 5.10222 2.92367
0.01184 2.71720 1.55689
0.02118 4.75777 2.72626
0.01105 2.37104 1.35854
0.01450 2.99175 1.71421
0.02326 4.64939 2.66415
0.01689 3.24512 1.85940
0.01474 2.75048 1.57596
0.01972 3.55710 2.03817
0.01536 2.68023 1.53571
0.01168 1.97108 1.12937
0.01149 1.85740 1.06423
0.02508 3.89795 2.23350
0.01864 2.83524 1.62453
0.01865 2.75587 1.57904
0.01917 2.78202 1.59403
0.01653 2.32774 1.33373
0.02381 3.29197 1.88625
0.02119 2.86673 1.64257
0.00991 1.30964 0.75037
0.00960 1.25393 0.71845
0.00996 1.28098 0.73395
0.01427 1.82855 1.04770
0.02183 2.77352 1.58916
0.01642 2.05697 1.17858
0.00938 1.16220 0.66590
0.02923 3.57851 2.05045
0.00883 1.07888 0.61815
0.00638 0.77564 0.44441
0.00390 0.46880 0.26860
0.00487 0.58091 0.33284
0.00436 0.51807 0.29684
0.01316 1.55841 0.89291
0.00224 0.26489 0.15177
0.00714 0.85200 0.48816
0.02502 3.00877 1.72396
0.01381 1.68117 0.96325
0.02424 2.94361 1.68663
0.01492 1.79219 1.02686
0.01452 1.74487 0.99975
0.01221 1.48475 0.85071
0.01208 1.48534 0.85105
0.00496 0.61083 0.34998
0.01088 1.34851 0.77264
0.00941 1.16889 0.66973
0.01024 1.27941 0.73305
0.00742 0.93107 0.53347
0.00584 0.73434 0.42075
0.00584 0.73813 0.42292
0.00806 1.02856 0.58933
0.00536 0.68603 0.39307
0.00957 1.23932 0.71008
0.01052 1.35991 0.77918
0.00857 1.11462 0.63864
0.00716 0.94094 0.53912
0.00834 1.11143 0.63681
0.00691 0.94141 0.53939
0.00897 1.25306 0.71796
0.00866 1.22741 0.70326
0.00671 0.95593 0.54771
0.00845 1.21029 0.69345
0.00818 1.17520 0.67334
0.00991 1.42519 0.81658
0.01086 1.57510 0.90248
0.00794 1.15705 0.66294
0.01358 1.98334 1.13639
0.00909 1.34358 0.76982
0.00590 0.87579 0.50179
0.00824 1.22967 0.70455
0.00935 1.40214 0.80337
0.01444 2.18274 1.25064
0.00748 1.12721 0.64585
0.01026 1.52709 0.87497
0.00988 1.46478 0.83926
0.01327 1.95202 1.11844
0.01358 1.98762 1.13884
0.01207 1.74562 1.00018
0.01380 1.96948 1.12845
0.01162 1.62812 0.93285
0.02419 3.32482 1.90507
0.01038 1.42262 0.81511
0.01655 2.25882 1.29424
0.00991 1.34272 0.76933
0.01646 2.20541 1.26363
0.01008 1.34478 0.77051
0.01160 1.54078 0.88281
0.01369 1.80909 1.03655
0.06151 8.17510 4.68529
0.10310 13.56328 7.77716
0.05312 7.10071 4.06926
0.07456 9.95369 5.70540
0.03500 4.69067 2.68780
0.05068 6.72493 3.85383
0.03449 4.56302 2.61465
0.02928 3.84749 2.20458
0.01443 1.89935 1.08826
0.01619 2.11543 1.21208
0.01504 1.95203 1.11845
0.01750 2.25131 1.28993
0.01781 2.27995 1.30634
0.01041 1.32328 0.75819
0.01121 1.41688 0.81182
0.00289 0.36223 0.20754
0.00791 0.98720 0.56563
0.00849 1.05536 0.60468
0.01346 1.66227 0.95242
0.00695 0.85299 0.48873
0.00875 1.06024 0.60748
0.00954 1.14696 0.65716
0.00534 0.63687 0.36490
0.00998 1.18547 0.67923
0.00937 1.10806 0.63487
0.01189 1.38921 0.79597
0.00679 0.79363 0.45472
0.01243 1.45134 0.83156
0.01048 1.22793 0.70356
0.00581 0.68031 0.38979
0.00700 0.81665 0.46791
0.01454 1.67650 0.96057
0.01315 1.50875 0.86446
0.01056 1.21050 0.69357
0.00702 0.81096 0.46465
0.01361 1.56376 0.89598
0.01761 2.02498 1.16025
0.01835 2.11283 1.21058
0.00803 0.93245 0.53426
0.01157 1.34363 0.76985
0.01857 2.16236 1.23897
0.01859 2.16553 1.24078
0.02057 2.40492 1.37795
0.01088 1.28556 0.73658
0.01112 1.32397 0.75859
0.00750 0.89686 0.51386
0.00883 1.05884 0.60667
0.01023 1.22907 0.70421
0.00984 1.19444 0.68437
0.01305 1.59321 0.91285
0.00851 1.04587 0.59924
0.01172 1.44570 0.82833
0.00926 1.15054 0.65922
0.01879 2.35715 1.35058
0.00562 0.70950 0.40652
0.01110 1.41128 0.80861
0.00849 1.08128 0.61953
0.01061 1.35826 0.77823
0.00979 1.25662 0.72000
0.01046 1.35632 0.77712
0.01551 2.02519 1.16037
0.01448 1.88802 1.08177
0.01280 1.65990 0.95106
0.01245 1.60551 0.91990
0.01453 1.89701 1.08692
0.01303 1.71969 0.98532
0.01364 1.80699 1.03534
0.00553 0.73487 0.42105
0.01448 1.93141 1.10663
0.00547 0.73396 0.42053
0.01012 1.36071 0.77963
0.00654 0.87636 0.50212
0.01204 1.60973 0.92232
0.00799 1.07912 0.61829
0.00954 1.29238 0.74048
0.01392 1.90455 1.09124
0.00957 1.31188 0.75166
0.00924 1.27235 0.72901
0.01163 1.59971 0.91658
0.01026 1.41530 0.81092
0.00836 1.15372 0.66103
0.01308 1.81245 1.03847
0.01124 1.55554 0.89127
0.01208 1.67917 0.96210
0.01421 1.98774 1.13891
0.00908 1.26816 0.72661
0.01046 1.46526 0.83954
0.00875 1.23399 0.70703
0.02200 3.12350 1.78971
0.01624 2.34274 1.34232
0.00830 1.20303 0.68929
0.01796 2.61097 1.49602
0.01405 2.04127 1.16958
0.01485 2.17190 1.24443
0.01005 1.49666 0.85753
0.01122 1.68761 0.96694
0.00912 1.38066 0.79107
0.01408 2.13832 1.22519
0.01147 1.75295 1.00438
0.01066 1.64700 0.94367
0.01199 1.87043 1.07169
0.01190 1.86657 1.06948
0.01461 2.30073 1.31825
0.00748 1.18534 0.67916
0.00792 1.27756 0.73199
0.01203 1.96907 1.12821
0.00791 1.30617 0.74839
0.00929 1.54085 0.88285
0.00794 1.33588 0.76541
0.00616 1.03446 0.59270
0.01722 2.91765 1.67175
0.00871 1.48115 0.84865
0.01282 2.19729 1.25898
0.01119 1.93332 1.10773
0.00978 1.69290 0.96997
0.01703 2.97448 1.70431
0.01097 1.91932 1.09970
0.01381 2.43527 1.39534
0.01251 2.22887 1.27708
0.01182 2.10367 1.20533
0.00666 1.19180 0.68286
0.00637 1.13623 0.65101
0.00234 0.41949 0.24035
0.00449 0.80417 0.46076
0.00583 1.06003 0.60736
0.01040 1.90210 1.08984
0.00544 1.00049 0.57324
0.00786 1.45821 0.83550
0.00564 1.05559 0.60481
0.00526 0.99556 0.57042
0.00886 1.68203 0.96374
0.01209 2.32030 1.32947
0.01101 2.10621 1.20679
0.00930 1.80195 1.03245
0.00862 1.70713 0.97813
0.00818 1.61780 0.92694
0.01486 2.97488 1.70454
0.01091 2.20243 1.26192
0.01186 2.40639 1.37879
0.00971 1.98927 1.13979
0.00423 0.86536 0.49582
0.00590 1.21293 0.69496
0.00570 1.17790 0.67489
0.00395 0.82515 0.47278
0.00828 1.73730 0.99541
0.00913 1.90609 1.09213
0.00276 0.56707 0.32491
0.00432 0.86717 0.49685
0.00804 1.58435 0.90778
0.00717 1.39300 0.79814
0.00995 1.89908 1.08811
0.00479 0.89993 0.51562
0.00601 1.11548 0.63913
0.00748 1.36566 0.78247
0.01157 2.08240 1.19315
0.00611 1.09242 0.62591
0.00669 1.18324 0.67795
0.00567 0.99192 0.56833
0.01021 1.77110 1.01478
0.01004 1.74553 1.00013
0.00821 1.42178 0.81462
0.01248 2.17055 1.24366
0.01858 3.24763 1.86084
0.01622 2.85046 1.63325
0.02214 3.88996 2.22892
0.01874 3.31661 1.90036
0.01757 3.11658 1.78574
0.00528 0.94294 0.54026
0.01025 1.87008 1.07149
0.00567 1.04991 0.60156
0.00511 0.96452 0.55263
0.00292 0.56634 0.32449
0.00717 1.42329 0.81549
0.00702 1.42738 0.81783
0.00787 1.64859 0.94458
0.00913 1.99444 1.14275
0.00580 1.32295 0.75800
0.00289 0.68209 0.39081
0.00623 1.50523 0.86244
0.00599 1.46899 0.84168
0.00851 2.10940 1.20862
0.00776 1.96458 1.12564
0.00193 0.48492 0.27784
0.00715 1.81335 1.03899
0.00708 1.81199 1.03821
0.00314 0.80494 0.46120
0.00577 1.53256 0.87810
0.00451 1.17504 0.67325
0.00316 0.82526 0.47284
0.00474 1.28758 0.73773
0.00387 1.02520 0.58740
0.00494 1.36179 0.78025
0.00536 1.42355 0.81564
0.00332 0.86656 0.49650
0.00617 1.65013 0.94546
0.00267 0.66562 0.38137
0.00368 0.94734 0.54279
0.00365 0.87398 0.50076
0.00192 0.47922 0.27457
0.00507 1.16383 0.66683
0.00341 0.75798 0.43429
0.00247 0.56726 0.32502
0.00365 0.76021 0.43557
0.00649 1.37598 0.78839
0.00090 0.17654 0.10115
0.00515 0.98307 0.56326
0.00728 1.40322 0.80399
0.00264 0.47270 0.27084
0.01131 2.02239 1.15877
0.00603 1.01434 0.58118
0.00604 0.99671 0.57107
0.01085 1.74427 0.99941
0.00954 1.46839 0.84133
0.00494 0.74979 0.42960
0.00466 0.68293 0.39129
0.00311 0.44895 0.25723
0.00711 0.99774 0.57167
0.00535 0.73390 0.42049
0.01121 1.49900 0.85887
0.01065 1.39715 0.80052
0.00337 0.43492 0.24919
0.00406 0.51298 0.29392
0.00466 0.57678 0.33047
0.01103 1.35019 0.77361
0.00675 0.81801 0.46868
0.01119 1.33003 0.76206
0.01292 1.51217 0.86642
0.02143 2.46787 1.41402
0.01255 1.42890 0.81871
0.01227 1.37249 0.78639
0.01211 1.34309 0.76954
0.01213 1.33167 0.76300
0.01173 1.28499 0.73625
0.01010 1.10644 0.63395
0.00837 0.91870 0.52638
0.01988 2.17690 1.24730
0.02879 3.13682 1.79734
0.02034 2.21667 1.27009
0.02241 2.44846 1.40290
0.01485 1.62134 0.92897
0.01422 1.54829 0.88712
0.01994 2.05058 1.17492
0.01696 1.95529 1.12031
0.01829 1.98932 1.13982
0.01179 1.28180 0.73442
0.01614 1.74927 1.00227
0.01394 1.51543 0.86828
0.02181 2.37750 1.36224
0.02066 2.25387 1.29140
0.01664 1.81404 1.03938
0.01318 1.43822 0.82405
0.01358 1.48896 0.85312
0.01444 1.59180 0.91204
0.01677 1.85945 1.06540
0.02063 2.31499 1.32642
0.01511 1.70502 0.97692
0.00965 1.09961 0.63004
0.00643 0.74111 0.42463
0.02146 2.51142 1.43897
0.01386 1.66254 0.95257
0.01032 1.24311 0.71226
0.01190 1.50999 0.86517
0.01376 1.74928 1.00227
0.01264 1.64599 0.94309
0.01524 2.02971 1.16296
0.00774 1.05932 0.60695
0.00769 1.08826 0.62353
0.00848 1.24639 0.71414
0.01372 2.09853 1.20239
0.00802 1.27789 0.73218
0.00627 1.04211 0.59709
0.01043 1.80277 1.03292
0.01010 1.83010 1.04859
0.00702 1.31875 0.75560
0.00585 1.13981 0.65307
0.00726 1.45831 0.83556
0.00773 1.59497 0.91386
0.00743 1.54300 0.88409
0.00589 1.26529 0.72496
0.00947 2.01875 1.15668
0.00894 1.92272 1.10166
0.00534 1.17028 0.67052
0.00824 1.82919 1.04806
0.00529 1.21568 0.69654
0.00471 1.06933 0.61269
0.01110 2.54093 1.45588
0.00137 0.32503 0.18623
0.00969 2.25203 1.29034
0.00256 0.61954 0.35497
0.01417 3.36549 1.92838
0.01390 3.33406 1.91036
0.00955 2.37671 1.36179
0.01618 3.90737 2.23890
0.01326 3.31685 1.90050
0.01875 4.62036 2.64751
0.01842 4.57460 2.62128
0.01727 4.38884 2.51482
0.02073 5.27369 3.02195
0.01955 5.04792 2.89255
0.02062 5.35966 3.07123
0.02332 6.12039 3.50727
0.02206 5.74295 3.29092
0.01920 5.09737 2.92090
0.02391 6.18689 3.54539
0.01805 4.86748 2.78914
0.01704 4.61178 2.64259
0.02039 5.33097 3.05478
0.01157 3.20951 1.83899
0.02165 5.68506 3.25774
0.00494 1.36626 0.78282
0.01858 4.81479 2.75894
0.00200 0.53912 0.30889
0.00221 0.59069 0.33844
0.01544 3.93675 2.25574
0.00109 0.28438 0.16294
0.01382 3.46300 1.98425
0.00428 1.05822 0.60632
0.01074 2.56172 1.46780
0.00741 1.73237 0.99259
0.00792 1.78495 1.02271
0.00795 1.75219 1.00394
0.00309 0.66020 0.37827
0.00215 0.44405 0.25442
0.00951 1.88670 1.08102
0.00735 1.38704 0.79472
0.00677 1.23240 0.70612
0.00718 1.26365 0.72402
0.00058 0.09988 0.05723
0.00528 0.87698 0.50247
0.00204 0.32855 0.18825
0.01135 1.77105 1.01475
0.00831 1.26597 0.72535
0.00672 0.98876 0.56652
0.00457 0.65770 0.37683
0.00489 0.68552 0.39278
0.01059 1.44775 0.82951
0.01519 2.02750 1.16169
0.01267 1.65177 0.94641
0.01028 1.30850 0.74972
0.01340 1.67213 0.95807
0.02271 2.77960 1.59265
0.01827 2.18807 1.25369
0.02041 2.39337 1.37133
0.02837 3.28303 1.88112
0.01947 2.22988 1.27765
0.02168 2.47509 1.41816
0.01928 2.18822 1.25379
0.01682 1.90849 1.09350
0.01642 1.86142 1.06653
0.01613 1.82795 1.04735
0.00940 1.06231 0.60866
0.00333 0.37355 0.21403
0.00789 0.88582 0.50754
0.01270 1.41807 0.81250
0.00130 0.14456 0.08283
0.00668 0.74423 0.42641
0.01237 1.37434 0.78744
0.00690 0.76761 0.43981
0.01366 1.51920 0.87045
0.01365 1.51644 0.86887
0.01840 2.05376 1.17674
0.01666 1.86393 1.06797
0.01190 1.32609 0.75980
0.01644 1.82128 1.04353
0.02163 2.40851 1.38001
0.01128 1.25705 0.72024
0.01353 1.50683 0.86336
0.01723 1.91797 1.09893
0.01511 1.68239 0.96395
0.01624 1.81435 1.03956
0.01510 1.64647 0.94337
0.01265 1.45572 0.83407
0.01509 1.69691 0.97227
0.01715 1.93610 1.10932
0.01668 1.88956 1.08265
0.00674 0.76200 0.43659
0.01326 1.50554 0.86262
0.01084 1.23259 0.70623
0.00926 1.05330 0.60350
0.01562 1.78775 1.02432
0.02991 3.40061 1.94850
0.01777 2.03505 1.16602
0.01597 1.82261 1.04429
0.00979 1.11284 0.63761
0.01567 1.77327 1.01602
0.01221 1.37571 0.78823
0.01422 1.59144 0.91184
0.01330 1.48225 0.84927
0.01749 1.96058 1.12335
0.01402 1.55064 0.88846
0.01619 1.78424 1.02231
0.01433 1.57670 0.90339
0.02146 2.35610 1.34998
0.01921 2.10570 1.20650
0.01736 1.87831 1.07621
0.01979 2.13883 1.22548
0.02303 2.47605 1.41871
0.01452 1.55599 0.89153
0.01161 1.23850 0.70961
0.01046 1.10052 0.63056
0.01066 1.13537 0.65053
0.01188 1.25021 0.71632
0.01333 1.39404 0.79873
0.01401 1.46291 0.83819
0.01684 1.74586 1.00032
0.01560 1.61841 0.92729
0.01824 1.87955 1.07692
0.01233 1.26488 0.72473
0.01698 1.73401 0.99353
0.01456 1.48120 0.84867
0.02537 2.52423 1.44632
0.01458 1.50454 0.86205
0.01897 1.93304 1.10757
0.01468 1.49618 0.85726
0.01448 1.47936 0.84762
0.01296 1.32669 0.76014
0.01875 1.92208 1.10129
0.01249 1.28364 0.73548
0.01543 1.58180 0.90631
0.01333 1.36635 0.78287
0.01047 1.07182 0.61411
0.02067 2.11889 1.21406
0.00843 0.86506 0.49565
0.03392 3.47317 1.99008
0.02166 2.22449 1.27457
0.02115 2.17182 1.24439
0.01577 1.61552 0.92563
0.01905 1.95539 1.12037
0.01114 1.14104 0.65377
0.01678 1.72381 0.98768
0.00863 0.88625 0.50779
0.01451 1.48320 0.84982
0.01049 1.07712 0.61715
0.01774 1.81706 1.04111
0.01556 1.60234 0.91808
0.01448 1.48848 0.85284
0.00998 1.02666 0.58824
0.02071 2.12949 1.22013
0.01625 1.67925 0.96215
0.00919 0.95001 0.54432
0.01400 1.44613 0.82858
0.01466 1.51453 0.86777
0.01778 1.82178 1.04382
0.01242 1.27979 0.73327
0.01106 1.13882 0.65250
0.01185 1.22177 0.70003
0.01244 1.28373 0.73553
0.00835 0.85739 0.49125
0.01673 1.72144 0.98632
0.02042 2.07020 1.18616
0.00822 0.86560 0.49595
0.01955 2.01752 1.15597
0.01887 1.93373 1.10796
0.01238 1.26754 0.72625
0.02039 2.07446 1.18860
0.02210 2.27069 1.30104
0.02181 2.23738 1.28195
0.01336 1.36286 0.78087
0.02278 2.31495 1.32640
0.00707 0.71822 0.41151
0.01925 1.96085 1.12350
0.01475 1.50584 0.86279
0.01342 1.37147 0.78580
0.02184 2.22663 1.27579
0.01426 1.44041 0.82530
0.02265 2.28462 1.30902
0.01651 1.66270 0.95267
0.01692 1.71117 0.98044
0.01613 1.62968 0.93375
0.02010 2.02298 1.15910
0.01639 1.64941 0.94505
0.02168 2.17901 1.24851
0.01507 1.51682 0.86908
0.02069 2.07930 1.19137
0.01953 1.95718 1.12140
0.02449 2.45023 1.40391
0.02000 1.99736 1.14442
0.01601 1.59176 0.91202
0.02050 2.03922 1.16841
0.01419 1.41165 0.80882
0.01715 1.70899 0.97919
0.01999 1.98698 1.13847
0.01122 1.11679 0.63988
0.01544 1.53555 0.87981
0.01709 1.70205 0.97522
0.01335 1.33032 0.76222
0.01342 1.34055 0.76808
0.01244 1.24811 0.71512
0.02474 2.48234 1.42231
0.01671 1.68559 0.96578
0.01589 1.60092 0.91727
0.01401 1.41961 0.81338
0.01579 1.61409 0.92482
0.01625 1.66069 0.95151
0.01982 2.02898 1.16254
0.01881 1.91779 1.09883
0.01115 1.14479 0.65592
0.01857 1.91878 1.09940
0.01337 1.38722 0.79483
0.01532 1.59573 0.91430
0.01299 1.35278 0.77509
0.02551 2.65998 1.52410
0.01349 1.41086 0.80837
0.01262 1.32713 0.76039
0.02454 2.61868 1.50044
0.00579 0.61786 0.35401
0.02023 2.18364 1.25116
0.01005 1.09327 0.62640
0.01926 2.12538 1.21777
0.01445 1.60189 0.91782
0.01883 2.08307 1.19353
0.01399 1.59268 0.91255
0.01608 1.82814 1.04746
0.01743 1.99887 1.14528
0.01723 1.99758 1.14455
0.01437 1.69061 0.96866
0.01010 1.20315 0.68936
0.01421 1.72691 0.98946
0.00982 1.21573 0.69657
0.01068 1.35141 0.77430
0.00885 1.13859 0.65237
0.01279 1.67222 0.95812
0.00853 1.12906 0.64691
0.01353 1.80905 1.03653
0.01318 1.78232 1.02121
0.00732 0.99646 0.57093
0.01221 1.68153 0.96346
0.00347 0.48051 0.27531
0.01049 1.46568 0.83978
0.00357 0.50417 0.28887
0.01123 1.58452 0.90787
0.00217 0.31957 0.18310
0.00571 0.84068 0.48168
0.00296 0.44161 0.25302
0.00716 1.08285 0.62043
0.00730 1.12257 0.64319
0.00528 0.83060 0.47590
0.00997 1.60213 0.91796
0.00622 1.02514 0.58736
0.01382 2.33739 1.33925
0.01296 2.26660 1.29869
0.01193 2.14647 1.22986
0.00939 1.73928 0.99655
0.01423 2.70367 1.54914
0.00818 1.60645 0.92044
0.01067 2.15199 1.23303
0.01048 2.16435 1.24010
0.01283 2.71811 1.55741
0.00556 1.21193 0.69439
0.00826 1.84515 1.05721
0.01020 2.34417 1.34314
0.00645 1.53116 0.87730
0.00957 2.33710 1.33909
0.00731 1.82593 1.04620
0.01288 3.31165 1.89752
0.00505 1.33804 0.76665
0.01290 3.56065 2.04021
0.00980 2.79541 1.60170
0.00590 1.72502 0.98838
0.00813 2.37820 1.36264
0.00415 1.22370 0.70113
0.01773 4.98513 2.85657
0.00146 0.44279 0.25370
0.01578 4.61923 2.64686
0.00904 2.71070 1.55316
0.01336 4.01162 2.29864
0.01601 4.83974 2.77323
0.00591 1.86276 1.06730
0.01984 6.04401 3.46349
0.00167 0.52471 0.30064
0.01989 5.82593 3.33849
0.00858 2.52111 1.44453
0.02170 5.89811 3.37986
0.01564 4.13126 2.36721
0.00651 1.75204 1.00386
0.01139 2.89500 1.65877
0.00527 1.35295 0.77519
0.01524 3.66876 2.10216
0.00880 2.14119 1.22683
0.01289 2.94546 1.68769
0.01271 2.85582 1.63632
0.01381 2.92328 1.67498
0.01679 3.38728 1.94086
0.02192 4.29008 2.45822
0.00700 1.33799 0.76662
0.00931 1.76847 1.01327
0.01713 3.04778 1.74632
0.01624 2.82733 1.61999
0.01519 2.60541 1.49283
0.01316 2.15487 1.23467
0.01000 1.61848 0.92733
0.01141 1.77892 1.01926
0.01011 1.54678 0.88625
0.01146 1.71516 0.98273
0.01059 1.54069 0.88276
0.00807 1.14776 0.65762
0.01175 1.63755 0.93826
0.00715 0.98125 0.56221
0.00714 0.95924 0.54960
0.00733 0.96350 0.55205
0.00869 1.12106 0.64232
0.01218 1.54864 0.88731
0.01525 1.92796 1.10466
0.01601 2.00395 1.14820
0.02428 3.02154 1.73128
0.02104 2.59561 1.48722
0.01838 2.26203 1.29608
0.02204 2.71651 1.55650
0.01984 2.44749 1.40234
0.02555 3.14929 1.80449
0.02194 2.68189 1.53666
0.01648 1.99968 1.14575
0.01522 1.83630 1.05214
0.02051 2.48180 1.42200
0.01709 2.06887 1.18540
0.01722 2.08617 1.19531
0.01766 2.14567 1.22940
0.01930 2.34370 1.34287
0.01740 2.12288 1.21634
0.01931 2.36828 1.35696
0.01588 1.95214 1.11851
0.01611 1.98378 1.13664
0.01281 1.58648 0.90900
0.02096 2.61421 1.49787
0.02128 2.67981 1.53547
0.01319 1.66791 0.95565
0.01776 2.26841 1.29973
0.02317 2.99486 1.71599
0.01109 1.46177 0.83754
0.01251 1.68432 0.96505
0.01391 1.92322 1.10194
0.01489 2.10981 1.20886
0.01428 2.07275 1.18762
0.01183 1.76750 1.01272
0.01579 2.41328 1.38274
0.02683 4.22399 2.42035
0.01114 1.82765 1.04718
0.01117 1.89447 1.08547
0.00713 1.25730 0.72039
0.01133 2.06354 1.18234
0.00807 1.52999 0.87663
0.00878 1.73106 0.99184
0.00856 1.76392 1.01066
0.00861 1.85379 1.06216
0.00564 1.25100 0.71678
0.00872 1.96738 1.12725
0.00551 1.25452 0.71879
0.01056 2.39966 1.37493
0.00782 1.80760 1.03570
0.00921 2.11898 1.21411
0.00682 1.61920 0.92774
0.00774 1.84333 1.05617
0.00524 1.24637 0.71412
0.00738 1.82196 1.04392
0.00748 1.79984 1.03125
0.00930 2.33644 1.33871
0.00586 1.43262 0.82084
0.00826 2.13460 1.22306
0.00539 1.33246 0.76345
0.01388 3.59657 2.06080
0.00658 1.69884 0.97337
0.01211 3.29888 1.89021
0.00812 2.12436 1.21719
0.00473 1.22268 0.70055
0.01715 4.57263 2.62015
0.01194 3.00201 1.72009
0.01976 5.22809 2.99582
0.00500 1.24516 0.71343
0.02543 6.54229 3.74912
0.01325 3.21997 1.84499
0.01302 3.13549 1.79657
0.02319 5.78726 3.31632
0.00525 1.23356 0.70678
0.02673 6.34510 3.63608
0.00641 1.42552 0.81677
0.03569 7.62310 4.36877
0.00657 1.42038 0.81382
0.01771 3.64082 2.08615
0.02168 4.41323 2.52880
0.00990 1.94822 1.11627
0.01742 3.33328 1.90991
0.00926 1.70781 0.97852
0.01928 3.41863 1.95882
0.01497 2.61431 1.49793
0.01165 1.97992 1.13443
0.01949 3.24896 1.86160
0.01239 2.01588 1.15504
0.01272 1.99838 1.14501
0.01890 2.90641 1.66531
0.00770 1.14638 0.65683
0.01564 2.28383 1.30857
0.01557 2.22809 1.27663
0.01258 1.76763 1.01279
0.01567 2.15942 1.23728
0.01539 2.06518 1.18328
0.02369 3.09655 1.77427
0.00262 0.33567 0.19233
0.01024 1.29247 0.74054
0.01085 1.36020 0.77934
0.01196 1.48006 0.84802
0.01405 1.72962 0.99101
0.00700 0.87026 0.49862
0.01111 1.38169 0.79166
0.01409 1.74855 1.00186
0.01345 1.66250 0.95255
0.01291 1.59718 0.91513
0.00415 0.51024 0.29235
0.00598 0.73610 0.42176
0.01042 1.27518 0.73063
0.00395 0.47405 0.27161
0.01007 1.24075 0.71090
0.00431 0.52402 0.30024
0.00740 0.90184 0.51672
0.00641 0.77963 0.44670
0.00231 0.28054 0.16074
0.00222 0.26855 0.15387
0.00629 0.76067 0.43583
0.00371 0.44838 0.25690
0.00293 0.35472 0.20324
0.00536 0.64873 0.37169
0.00426 0.51659 0.29598
0.00594 0.72109 0.41315
0.00609 0.74112 0.42463
0.00717 0.87510 0.50140
0.00521 0.63797 0.36553
0.00130 0.15955 0.09142
0.00925 1.13386 0.64966
0.00889 1.09610 0.62802
0.01139 1.41242 0.80926
0.01020 1.27655 0.73141
0.00918 1.15339 0.66085
0.00870 1.09751 0.62883
0.01087 1.37213 0.78618
0.00834 1.05545 0.60473
0.00623 0.79263 0.45414
0.00534 0.67798 0.38845
0.00876 1.11628 0.63959
0.01026 1.31184 0.75163
0.00678 0.88107 0.50482
0.00840 1.09211 0.62574
0.00641 0.83441 0.47808
0.00833 1.08889 0.62389
0.01145 1.49636 0.85736
0.01368 1.79462 1.02825
0.00943 1.23835 0.70953
0.00826 1.08873 0.62380
0.01042 1.38092 0.79122
0.00711 0.95161 0.54524
0.00590 0.79079 0.45309
0.01690 2.26515 1.29786
0.01128 1.49288 0.85536
0.01276 1.74536 1.00003
0.01515 2.08084 1.19225
0.01679 2.34630 1.34436
0.01538 2.12648 1.21841
0.00764 1.04756 0.60021
0.01212 1.66697 0.95511
0.00916 1.27137 0.72844
0.01326 1.85671 1.06383
0.00961 1.35216 0.77473
0.00993 1.40481 0.80490
0.00856 1.21533 0.69633
0.00975 1.39618 0.79996
0.00054 0.07822 0.04482
0.00552 0.79548 0.45578
0.00258 0.37533 0.21505
0.00537 0.78772 0.45133
0.00549 0.80907 0.46357
0.00904 1.34024 0.76791
0.01008 1.50651 0.86318
0.00470 0.71332 0.40870
0.00784 1.20100 0.68813
0.00640 0.98397 0.56378
0.00809 1.24692 0.71444
0.00685 1.05979 0.60722
0.01052 1.63394 0.93619
0.00809 1.25806 0.72082
0.01103 1.73468 0.99391
0.00974 1.53402 0.87894
0.00792 1.25828 0.72095
0.01117 1.78009 1.01993
0.01264 2.02087 1.15789
0.00974 1.56623 0.89739
0.01186 1.90073 1.08905
0.00967 1.54157 0.88326
0.00859 1.35315 0.77530
0.01388 2.15335 1.23380
0.01075 1.64341 0.94162
0.00995 1.49387 0.85593
0.01264 1.88448 1.07974
0.01530 2.24738 1.28768
0.01263 1.82573 1.04608
0.01333 1.89126 1.08363
0.01338 1.86714 1.06981
0.01190 1.64320 0.94149
0.01121 1.53156 0.87753
0.01570 2.10462 1.20588
0.01274 1.66712 0.95520
0.01203 1.54502 0.88524
0.01535 1.93259 1.10731
0.01595 1.96903 1.12819
0.00839 1.02080 0.58488
0.01322 1.57633 0.90318
0.00786 0.92513 0.53006
0.02768 3.17684 1.82027
0.01405 1.62823 0.93292
0.01510 1.70406 0.97637
0.01497 1.65227 0.94669
0.01461 1.59471 0.91371
0.01469 1.58199 0.90642
0.01313 1.39642 0.80010
0.02132 2.24032 1.28364
0.00980 1.01863 0.58364
0.01570 1.61998 0.92819
0.00715 0.73066 0.41864
0.01317 1.32737 0.76053
0.02005 2.01248 1.15309
0.00689 0.69321 0.39718
0.01662 1.67256 0.95832
0.01958 1.96254 1.12447
0.01941 1.92476 1.10282
0.01437 1.42296 0.81530
0.02535 2.50282 1.43405
0.03213 3.18351 1.82409
0.02876 2.85301 1.63471
0.01828 1.82331 1.04470
0.01723 1.70409 0.97638
0.01859 1.85427 1.06243
0.02338 2.35831 1.35124
0.01594 1.58785 0.90978
0.01653 1.65629 0.94899
0.02200 2.20662 1.26433
0.00999 1.00491 0.57577
0.01370 1.37745 0.78923
0.01774 1.78454 1.02248
0.00789 0.79783 0.45712
0.00892 0.90867 0.52063
0.01608 1.64163 0.94059
0.01880 1.92531 1.10314
0.01962 2.00761 1.15030
0.01203 1.23216 0.70598
0.01558 1.62112 0.92884
0.02248 2.34137 1.34154
0.02366 2.47640 1.41891
0.02235 2.35140 1.34728
0.01907 2.00510 1.14886
0.01239 1.30330 0.74674
0.01243 1.31413 0.75295
0.00892 0.94533 0.54164
0.01120 1.20397 0.68983
0.00649 0.69353 0.39737
0.01400 1.49905 0.85890
0.01293 1.39003 0.79644
0.01305 1.40618 0.80569
0.01814 1.96127 1.12375
0.01247 1.34680 0.77167
0.01426 1.53587 0.88000
0.01583 1.70480 0.97679
0.01656 1.78345 1.02185
0.01178 1.26968 0.72748
0.01156 1.24101 0.71105
0.02126 2.27955 1.30612
0.01930 2.07451 1.18863
0.01698 1.82745 1.04707
0.01637 1.75058 1.00302
0.02518 2.66047 1.52438
0.01229 1.33080 0.76250
0.01329 1.41819 0.81257
0.02213 2.35217 1.34773
0.02700 2.85988 1.63864
0.01230 1.30459 0.74748
0.01829 1.94171 1.11254
0.01477 1.55731 0.89228
0.01641 1.73251 0.99266
0.01392 1.46747 0.84080
0.02008 2.12349 1.21669
0.00495 0.52216 0.29918
0.00963 1.01778 0.58315
0.01476 1.55749 0.89238
0.01699 1.77972 1.01972
0.01448 1.52087 0.87140
0.01787 1.89039 1.08313
0.01958 2.07734 1.19025
0.01480 1.57992 0.90524
0.01339 1.42727 0.81777
0.01229 1.31086 0.75107
0.01742 1.85826 1.06472
0.02373 2.52677 1.44777
0.01044 1.12409 0.64406
0.01665 1.79783 1.03009
0.01639 1.78621 1.02344
0.01024 1.12901 0.64688
0.01485 1.66149 0.95197
0.01618 1.82764 1.04717
0.01349 1.54893 0.88748
0.01735 2.04170 1.16983
0.01450 1.74511 0.99989
0.01160 1.41448 0.81045
0.00645 0.78844 0.45175
0.00695 0.85070 0.48742
0.00771 0.94423 0.54100
0.00859 1.05113 0.60226
0.00449 0.55174 0.31612
0.00757 0.93110 0.53349
0.00866 1.06606 0.61081
0.00236 0.29178 0.16718
0.00781 0.97481 0.55853
0.00344 0.43405 0.24869
0.00884 1.11372 0.63812
0.00223 0.28066 0.16080
0.00692 0.87230 0.49979
0.00602 0.76537 0.43853
0.00866 1.09942 0.62992
0.00252 0.31978 0.18322
0.00976 1.26422 0.72435
0.00780 1.01224 0.57997
0.00656 0.85104 0.48761
0.00471 0.61211 0.35071
0.00693 0.89729 0.51411
0.01755 2.27288 1.30229
0.00794 1.04006 0.59592
0.01146 1.52018 0.87101
0.01145 1.53780 0.88110
0.00767 1.05083 0.60208
0.00748 1.04753 0.60019
0.00661 0.94759 0.54293
0.00938 1.38575 0.79398
0.01067 1.62844 0.93304
0.00554 0.88369 0.50632
0.00798 1.32849 0.76117
0.01090 1.90341 1.09059
0.01147 2.09110 1.19813
0.01297 2.48074 1.42140
0.01187 2.37110 1.35857
0.01122 2.33363 1.33710
0.01009 2.16088 1.23812
0.01708 3.66810 2.10178
0.01461 3.21045 1.83953
0.01448 3.20119 1.83423
0.00927 2.08209 1.19297
0.01789 3.94981 2.26322
0.01377 3.34955 1.91924
0.01297 3.17869 1.82133
0.01230 3.16665 1.81443
0.00967 2.64741 1.51690
0.01405 4.12391 2.36299
0.01206 3.78621 2.16947
0.01498 4.71053 2.69919
0.01305 4.13124 2.36719
0.01273 4.03254 2.31063
0.01241 3.99036 2.28646
0.01430 4.63266 2.65455
0.01415 4.65928 2.66981
0.01337 4.40336 2.52314
0.01011 3.41399 1.95617
0.01536 5.22248 2.99260
0.00716 2.42132 1.38735
0.00697 2.32811 1.33394
0.01236 4.04764 2.31929
0.01239 4.04602 2.31836
0.01120 3.56867 2.04480
0.00756 2.36851 1.35709
0.00868 2.68074 1.53600
0.00744 2.26281 1.29652
0.01113 3.31791 1.90111
0.00632 1.82096 1.04334
0.00804 2.26991 1.30059
0.00742 2.01667 1.15549
0.01448 3.83608 2.19805
0.00252 0.64281 0.36830
0.00405 0.99816 0.57190
0.01523 3.69327 2.11621
0.00403 0.94075 0.53901
0.01745 3.99218 2.28750
0.00487 1.08033 0.61898
0.02482 5.35451 3.06828
0.00305 0.64950 0.37214
0.00567 1.16845 0.66948
0.02507 5.04648 2.89173
0.00517 1.02194 0.58553
0.02868 5.52268 3.16466
0.00618 1.18864 0.68104
0.02778 5.16225 2.95808
0.00722 1.32686 0.76024
0.00409 0.73752 0.42257
0.02023 3.54520 2.03136
0.01046 1.81914 1.04230
0.01811 3.06276 1.75490
0.00203 0.33938 0.19445
0.02053 3.32074 1.90273
0.00485 0.78383 0.44910
0.00476 0.75593 0.43312
0.02365 3.66556 2.10033
0.01298 2.02714 1.16149
0.02459 3.72423 2.13395
0.00865 1.32175 0.75731
0.00636 0.96825 0.55477
0.03299 4.86565 2.78809
0.01539 2.29200 1.31325
0.02438 3.50856 2.01036
0.00967 1.38564 0.79392
0.01736 2.42236 1.38794
0.01631 2.27458 1.30326
0.00842 1.16164 0.66558
0.02037 2.76230 1.58273
0.01405 1.89322 1.08475
0.01472 1.94571 1.11483
0.01845 2.43424 1.39475
0.01395 1.80875 1.03635
0.02057 2.63938 1.51230
0.02163 2.75295 1.57738
0.01283 1.62609 0.93169
0.02565 3.23689 1.85468
0.01288 1.61082 0.92294
0.01377 1.69722 0.97245
0.02305 2.80623 1.60790
0.02865 3.43754 1.96966
0.01618 1.94496 1.11440
0.01851 2.21194 1.26737
0.01982 2.35655 1.35023
0.02658 3.14728 1.80333
0.01660 1.94825 1.11628
0.01874 2.16019 1.23772
0.01910 2.29702 1.31613
0.02512 2.93987 1.68448
0.01407 1.64599 0.94309
0.01375 1.61666 0.92629
0.01299 1.51232 0.86650
0.01620 1.93569 1.10909
0.01845 2.18814 1.25373
0.01425 1.70131 0.97479
0.01562 1.87603 1.07490
0.01643 1.98173 1.13546
0.01157 1.41461 0.81052
0.01480 1.84320 1.05609
0.01369 1.73704 0.99527
0.00986 1.27889 0.73276
0.01574 2.09000 1.19750
0.01767 2.38504 1.36656
0.01509 2.15470 1.23458
0.01204 1.73756 0.99556
0.00868 1.26458 0.72455
0.01003 1.50210 0.86065
0.01474 2.32640 1.33296
0.01211 1.91278 1.09596
0.01297 2.08671 1.19562
0.01136 1.94174 1.11255
0.01161 1.96019 1.12313
0.00529 0.92523 0.53012
0.01095 1.92117 1.10077
0.00834 1.47034 0.84245
0.00799 1.44547 0.82820
0.00968 1.76168 1.00938
0.01216 2.29225 1.31339
0.00238 0.46135 0.26433
0.01031 1.98961 1.13998
0.00258 0.52089 0.29845
0.01091 2.13988 1.22609
0.00694 1.43975 0.82492
0.01434 2.85240 1.63436
0.00499 1.06269 0.60888
0.00996 2.00058 1.14626
0.00525 1.13774 0.65188
0.01036 2.09688 1.20145
0.01042 2.29961 1.31761
0.01191 2.65316 1.52019
0.00633 1.31708 0.75464
0.00863 1.93215 1.10706
0.00244 0.50662 0.29027
0.01155 2.53941 1.45502
0.00708 1.43911 0.82456
0.01338 2.87504 1.64733
0.00703 1.41293 0.80956
0.01658 3.44349 1.97307
0.01728 3.49066 2.00010
0.00500 0.95724 0.54846
0.01496 2.87471 1.64714
0.01071 1.95189 1.11837
0.01058 1.97170 1.12972
0.01695 2.97720 1.70587
0.00405 0.73309 0.42003
0.00934 1.60687 0.92068
0.01053 1.76164 1.00936
0.01396 2.24704 1.28748
0.00259 0.41843 0.23974
0.00840 1.30267 0.74638
0.00635 0.96570 0.55331
0.01489 2.22588 1.27536
0.01105 1.61374 0.92462
0.01200 1.72254 0.98696
0.01364 1.91629 1.09797
0.00817 1.12590 0.64510
0.00702 0.94869 0.54356
0.00458 0.60677 0.34765
0.01255 1.64228 0.94097
0.01149 1.47260 0.84375
0.00524 0.66279 0.37975
0.01174 1.46042 0.83677
0.01117 1.36754 0.78355
0.00631 0.76153 0.43633
0.00412 0.48926 0.28033
0.00384 0.44956 0.25758
0.00754 0.86931 0.49808
0.00546 0.62365 0.35732
0.00690 0.77394 0.44344
0.01472 1.63542 0.93704
0.01054 1.15945 0.66432
0.00915 0.99581 0.57056
0.00816 0.88147 0.50505
0.00301 0.32240 0.18472
0.01030 1.09596 0.62794
0.00885 0.93672 0.53670
0.01227 1.29396 0.74139
0.01101 1.15731 0.66309
0.01204 1.26183 0.72298
0.01165 1.22271 0.70057
0.01126 1.18315 0.67790
0.01639 1.72210 0.98671
0.01143 1.20741 0.69180
0.00843 0.88305 0.50595
0.00651 0.68400 0.39190
0.01777 1.86658 1.06949
0.00519 0.54790 0.31392
0.00934 0.99102 0.56781
0.01259 1.33856 0.76694
0.01279 1.36083 0.77971
0.01376 1.46580 0.83985
0.01238 1.32427 0.75875
0.01462 1.56593 0.89722
0.01560 1.67464 0.95951
0.01550 1.66862 0.95606
0.01954 2.10377 1.20539
0.01429 1.54472 0.88507
0.01771 1.90724 1.09278
0.01738 1.87216 1.07268
0.01294 1.39361 0.79848
0.01053 1.13055 0.64776
0.01863 2.00589 1.14931
0.01368 1.46888 0.84161
0.01342 1.44300 0.82678
0.01210 1.29554 0.74229
0.00725 0.77386 0.44339
0.00553 0.58912 0.33754
0.01415 1.49875 0.85873
0.01445 1.53031 0.87681
0.01007 1.06156 0.60823
0.01510 1.58250 0.90671
0.01503 1.57267 0.90108
0.02380 2.49066 1.42708
0.01652 1.72573 0.98878
0.01878 1.94209 1.11275
0.01914 1.96973 1.12859
0.01721 1.75865 1.00764
0.01537 1.56458 0.89645
0.01819 1.83557 1.05172
0.01392 1.39877 0.80144
0.01295 1.29457 0.74174
0.01022 1.00477 0.57569
0.01583 1.56913 0.89905
0.01636 1.59897 0.91615
0.01619 1.58789 0.90981
0.01495 1.45925 0.83610
0.01157 1.11711 0.64006
0.01788 1.71407 0.98210
0.01725 1.64349 0.94166
0.01368 1.29415 0.74150
0.02801 2.65014 1.51846
0.01776 1.66415 0.95350
0.01301 1.22147 0.69986
0.01178 1.10289 0.63191
0.01359 1.27124 0.72837
0.01494 1.39860 0.80135
0.01265 1.18418 0.67849
0.01431 1.33527 0.76506
0.01523 1.42514 0.81655
0.01156 1.08079 0.61925
0.01765 1.64913 0.94489
0.01913 1.79007 1.02565
0.01559 1.46011 0.83659
0.02079 1.94336 1.11348
0.01544 1.44604 0.82852
0.02000 1.86854 1.07061
0.01691 1.58597 0.90870
0.01526 1.42955 0.81908
0.01116 1.04373 0.59802
0.01595 1.49568 0.85697
0.01484 1.38685 0.79461
0.01466 1.37286 0.78660
0.01724 1.61801 0.92706
0.01081 1.01175 0.57970
0.01674 1.57102 0.90014
0.01502 1.41009 0.80793
0.01867 1.75275 1.00426
0.02600 2.43530 1.39536
0.02388 2.22066 1.27237
0.00764 0.70871 0.40606
0.01386 1.28793 0.73793
0.01424 1.31826 0.75532
0.02052 1.89954 1.08837
0.01210 1.12056 0.64204
0.01936 1.78518 1.02284
0.00897 0.82852 0.47471
0.01286 1.18867 0.68106
0.02102 1.93421 1.10824
0.01429 1.31221 0.75185
0.02403 2.18950 1.25452
0.01398 1.27358 0.72971
0.02018 1.83654 1.05227
0.01438 1.30863 0.74980
0.01355 1.21698 0.69728
0.02577 2.31643 1.32724
0.02027 1.82251 1.04424
0.00742 0.67003 0.38390
0.00840 0.75360 0.43178
0.00919 0.81692 0.46806
0.01854 1.62939 0.93358
0.01313 1.15785 0.66340
0.01300 1.14235 0.65452
0.01576 1.37876 0.78998
0.01805 1.57543 0.90266
0.01669 1.45082 0.83127
0.01955 1.69508 0.97122
0.01671 1.44139 0.82586
0.02602 2.24344 1.28542
0.02002 1.71593 0.98317
0.01658 1.41500 0.81074
0.02448 2.08760 1.19613
0.01047 0.89501 0.51280
0.01462 1.25494 0.71903
0.02245 1.92457 1.10271
0.01071 0.92066 0.52750
0.02100 1.80959 1.03683
0.01025 0.88369 0.50632
0.01728 1.49384 0.85591
0.02271 1.96627 1.12661
0.01803 1.56770 0.89824
0.01536 1.33384 0.76424
0.01635 1.42728 0.81778
0.01962 1.72644 0.98919
0.02235 1.96342 1.12498
0.01890 1.66523 0.95412
0.02934 2.58516 1.48123
0.01704 1.51140 0.86598
0.01934 1.72068 0.98589
0.01793 1.61801 0.92706
0.01654 1.49304 0.85546
0.02090 1.90249 1.09006
0.01547 1.43049 0.81962
0.02574 2.40013 1.37520
0.01757 1.65974 0.95097
0.00914 0.87633 0.50210
0.01514 1.46630 0.84013
0.01029 1.02558 0.58762
0.01619 1.62477 0.93094
0.01917 1.96014 1.12309
0.01710 1.77647 1.01786
0.01671 1.75822 1.00740
0.01863 2.00684 1.14985
0.01917 2.09575 1.20080
0.01194 1.32866 0.76127
0.00995 1.13162 0.64837
0.01019 1.17886 0.67544
0.01253 1.48437 0.85049
0.01668 1.99506 1.14310
0.01991 2.43043 1.39257
0.00872 1.07761 0.61743
0.01821 2.35463 1.34913
0.01410 1.98088 1.13498
0.01414 1.98344 1.13645
0.00770 1.08009 0.61885
0.01470 2.06265 1.18183
0.02498 3.51061 2.01154
0.03223 4.52889 2.59508
0.01433 2.01265 1.15318
0.00421 0.59203 0.33921
0.00204 0.28719 0.16455
0.01227 1.72689 0.98945
0.03329 4.68114 2.68234
0.05581 7.85873 4.50388
0.06816 9.59843 5.50161
0.08397 11.82787 6.78083
0.12830 17.43388 10.00157
0.00707 1.15450 0.66148
0.00476 0.80139 0.45916
0.00768 1.33214 0.76326
0.00493 0.88678 0.50809
0.00523 0.98114 0.56216
0.00185 0.35908 0.20574
0.00336 0.68892 0.39472
0.00522 1.12444 0.64426
0.00254 0.58227 0.33361
0.00397 0.96599 0.55348
0.00075 0.19545 0.11198
0.00543 1.51274 0.86674
0.00055 0.16609 0.09516
0.00404 1.30515 0.74780
0.00115 0.39894 0.22858
0.00211 0.79209 0.45384
0.00306 1.24408 0.71281
0.00539 2.32243 1.33068
0.00949 4.28702 2.45647
0.00348 1.61895 0.92760
0.00614 2.95140 1.69109
0.00575 2.83671 1.62537
0.00610 3.07715 1.76315
0.00351 1.77916 1.01940
0.00593 2.98828 1.71222
0.00276 1.38831 0.79545
0.00484 2.43137 1.39311
0.00533 2.70074 1.54746
0.00361 1.82677 1.04667
0.00458 2.30887 1.32291
0.00165 0.83336 0.47748
0.00091 0.45864 0.26278
0.00565 2.81404 1.61238
0.00719 3.38196 1.93781
0.00378 1.64895 0.94479
0.00375 1.49430 0.85618
0.00211 0.78028 0.44707
0.00611 2.11009 1.20901
0.00458 1.50192 0.86055
0.00488 1.50559 0.86265
0.00686 2.00329 1.14782
0.00608 1.64848 0.94452
0.00431 1.10261 0.63175
0.00653 1.57612 0.90306
0.00586 1.32934 0.76166
0.00782 1.68748 0.96687
0.00611 1.25182 0.71724
0.00676 1.33569 0.76530
0.00638 1.21050 0.69357
0.01599 2.94241 1.68594
0.00983 1.76353 1.01044
0.00841 1.45875 0.83581
0.01259 2.10719 1.20735
0.01145 1.84746 1.05853
0.00740 1.15585 0.66226
0.01298 1.95884 1.12235
0.00875 1.28656 0.73715
0.02617 3.78609 2.16940
0.01307 1.84961 1.05976
0.01389 1.93137 1.10661
0.01553 2.08732 1.19597
0.01457 1.89421 1.08532
0.01407 1.77710 1.01822
0.02529 3.13572 1.79671
0.01432 1.76145 1.00925
0.02252 2.70405 1.54936
0.01475 1.75222 1.00396
0.01336 1.54199 0.88351
0.02471 2.80408 1.60667
0.01871 2.10130 1.20398
0.00869 0.96390 0.55228
0.01704 1.86466 1.06839
0.00469 0.50754 0.29080
0.00508 0.54361 0.31147
0.00399 0.42231 0.24196
0.00681 0.71071 0.40721
0.01210 1.24776 0.71492
0.01014 1.03077 0.59059
0.01808 1.82811 1.04744
0.01274 1.27827 0.73240
0.02192 2.18546 1.25220
0.01189 1.18248 0.67751
0.02167 2.13239 1.22179
0.01960 1.91739 1.09860
0.02389 2.32451 1.33187
0.02125 2.06115 1.18098
0.02882 2.77326 1.58901
0.01756 1.68749 0.96687
0.01951 1.85493 1.06281
0.02708 2.56847 1.47166
0.01503 1.42671 0.81745
0.01607 1.51375 0.86732
0.01723 1.62288 0.92985
0.02488 2.34021 1.34087
0.02295 2.15669 1.23572
0.02723 2.56395 1.46907
0.02077 1.94885 1.11663
0.02438 2.30184 1.31889
0.02058 1.93996 1.11153
0.02028 1.90410 1.09099
0.02310 2.15913 1.23711
0.02493 2.33029 1.33519
0.01972 1.85468 1.06267
0.01591 1.50616 0.86298
0.01624 1.53825 0.88136
0.02092 1.97641 1.13242
0.01682 1.57624 0.90313
0.02728 2.55020 1.46120
0.01503 1.40433 0.80463
0.03113 2.91590 1.67074
0.01955 1.83169 1.04949
0.02169 2.03501 1.16600
0.01208 1.13237 0.64880
0.01254 1.16899 0.66979
0.02501 2.33224 1.33630
0.01761 1.63646 0.93763
0.03137 2.93619 1.68238
0.01305 1.22126 0.69974
0.00938 0.87547 0.50161
0.01609 1.49426 0.85616
0.01959 1.81210 1.03827
0.04089 3.78073 2.16633
0.01558 1.44661 0.82885
0.01755 1.63177 0.93495
0.02060 1.90962 1.09415
0.02149 1.99042 1.14044
0.01699 1.57294 0.90124
0.02493 2.30614 1.32135
0.01590 1.46960 0.84203
0.01527 1.40985 0.80779
0.01841 1.70318 0.97586
0.02429 2.24954 1.28892
0.01896 1.74834 1.00174
0.02211 2.03197 1.16426
0.02389 2.18460 1.25171
0.01646 1.50522 0.86244
0.02643 2.42129 1.38733
0.01620 1.48488 0.85078
0.01320 1.20889 0.69264
0.01452 1.33241 0.76342
0.01785 1.64332 0.94156
0.01488 1.35431 0.77597
0.00986 0.89804 0.51454
0.00951 0.86763 0.49711
0.00618 0.56319 0.32269
0.00683 0.62145 0.35606
0.01265 1.15218 0.66016
0.00690 0.62727 0.35940
0.00807 0.73362 0.42034
0.01858 1.68305 0.96433
0.01614 1.46399 0.83881
0.01384 1.25657 0.71997
0.00790 0.71521 0.40978
0.01606 1.45071 0.83120
0.04405 3.96543 2.27218
0.01785 1.61225 0.92376
0.01734 1.56540 0.89691
0.02644 2.38129 1.36441
0.01599 1.43468 0.82202
0.01586 1.42549 0.81675
0.01539 1.38190 0.79177
0.02620 2.33933 1.34037
0.01437 1.28620 0.73694
0.01610 1.43551 0.82250
0.02646 2.37156 1.35884
0.03263 2.91248 1.66879
0.02698 2.40714 1.37922
0.01396 1.24130 0.71122
0.01882 1.66516 0.95408
0.01698 1.50197 0.86057
0.01042 0.92176 0.52813
0.02621 2.31608 1.32705
0.01442 1.27217 0.72891
0.01163 1.02777 0.58887
0.01363 1.19968 0.68737
0.01256 1.10779 0.63472
0.02155 1.89458 1.08553
0.01044 0.91583 0.52473
0.02203 1.93676 1.10970
0.02235 1.95742 1.12153
0.01638 1.43349 0.82133
0.02990 2.62404 1.50351
0.01310 1.15076 0.65934
0.01584 1.38657 0.79445
0.01660 1.45145 0.83162
0.02218 1.93504 1.10871
0.01830 1.61088 0.92298
0.00918 0.80468 0.46105
0.01304 1.14534 0.65623
0.02052 1.79696 1.02960
0.02144 1.89063 1.08327
0.01362 1.20268 0.68909
0.01081 0.95017 0.54441
0.01424 1.24483 0.71324
0.01428 1.26310 0.72371
0.02996 2.66174 1.52511
0.00618 0.55489 0.31793
0.02635 2.36482 1.35497
0.02293 2.04604 1.17232
0.03351 2.98333 1.70939
0.00216 0.19331 0.11076
0.02523 2.27567 1.30389
0.01385 1.25604 0.71967
0.02049 1.88631 1.08079
0.00944 0.87411 0.50083
0.01547 1.42413 0.81598
0.02121 1.93528 1.10885
0.01793 1.64367 0.94176
0.01690 1.57676 0.90343
0.02192 2.07895 1.19117
0.01495 1.42432 0.81608
0.01097 1.07629 0.61667
0.01009 0.97739 0.56001
0.01167 1.12726 0.64588
0.02213 2.14277 1.22774
0.01056 1.03465 0.59281
0.02657 2.62555 1.50437
0.01631 1.63108 0.93455
0.02033 2.04189 1.16994
0.02603 2.63241 1.50830
0.00721 0.73992 0.42394
0.00722 0.73627 0.42185
0.01876 1.92122 1.10079
0.02446 2.52237 1.44525
0.00650 0.68133 0.39037
0.01053 1.10993 0.63595
0.01204 1.26836 0.72672
0.01507 1.59719 0.91513
0.01293 1.37635 0.78860
0.01215 1.31269 0.75212
0.01515 1.64187 0.94073
0.00706 0.76836 0.44024
0.00588 0.64084 0.36718
0.01826 2.00228 1.14724
0.00933 1.02801 0.58901
0.00667 0.73669 0.42210
0.01634 1.82320 1.04463
0.01862 2.09800 1.20209
0.00898 1.01218 0.57994
0.01322 1.48816 0.85266
0.01892 2.12667 1.21851
0.01525 1.73215 0.99246
0.01236 1.41973 0.81345
0.00979 1.13512 0.65038
0.00954 1.11210 0.63719
0.00893 1.04173 0.59687
0.01128 1.31527 0.75360
0.01459 1.71512 0.98270
0.00906 1.07088 0.61357
0.01109 1.32872 0.76131
0.00517 0.62062 0.35559
0.00672 0.81606 0.46757
0.00210 0.25913 0.14847
0.00807 1.01936 0.58405
0.01697 2.15949 1.23732
0.00389 0.50385 0.28868
0.00507 0.66427 0.38060
0.01346 1.79377 1.02777
0.00986 1.33580 0.76537
0.01012 1.38132 0.79144
0.00939 1.31176 0.75159
0.01082 1.53312 0.87842
0.00738 1.06242 0.60873
0.00874 1.27420 0.73007
0.01650 2.44707 1.40210
0.01659 2.49221 1.42797
0.02034 3.11159 1.78288
0.01997 3.11343 1.78394
0.01497 2.38272 1.36523
0.01403 2.28061 1.30672
0.01014 1.68853 0.96747
0.01693 2.86938 1.64409
0.01613 2.77021 1.58727
0.01046 1.83602 1.05198
0.01100 1.94921 1.11683
0.01096 1.99564 1.14344
0.01306 2.42419 1.38899
0.01459 2.78507 1.59578
0.01485 2.87296 1.64614
0.01020 2.01763 1.15604
0.00963 1.94030 1.11173
0.00867 1.78410 1.02222
0.00729 1.54145 0.88320
0.01284 2.76639 1.58507
0.00848 1.88094 1.07772
0.01100 2.52877 1.44892
0.00891 2.11601 1.21241
0.01038 2.54541 1.45845
0.00558 1.41725 0.81203
0.00654 1.69090 0.96883
0.00532 1.44711 0.82914
0.01059 2.91237 1.66873
0.00793 2.24464 1.28611
0.00343 1.02160 0.58534
0.00784 2.29918 1.31736
0.00149 0.46554 0.26673
0.01029 3.15537 1.80797
0.01226 3.80531 2.18041
0.00778 2.50183 1.43348
0.01000 3.15104 1.80549
0.00785 2.55736 1.46530
0.01005 3.23125 1.85145
0.00465 1.52725 0.87506
0.00500 1.68875 0.96759
0.00420 1.39277 0.79800
0.00968 3.27087 1.87416
0.00627 2.12570 1.21796
0.01385 4.86374 2.78699
0.00854 2.98925 1.71278
0.00466 1.60320 0.91858
0.01462 4.96830 2.84692
0.00406 1.36932 0.78457
0.00405 1.36974 0.78481
0.00808 2.78414 1.59525
0.00788 2.66425 1.52655
0.00599 2.01919 1.15693
0.00468 1.58480 0.90803
0.00327 1.08628 0.62240
0.00474 1.57714 0.90364
0.00330 1.07343 0.61503
0.00234 0.74666 0.42781
0.00388 1.19735 0.68603
0.00789 2.40854 1.38003
0.00448 1.34998 0.77348
0.00957 2.85171 1.63397
0.00563 1.61078 0.92292
0.00784 2.27223 1.30192
0.00124 0.34276 0.19639
0.00289 0.78267 0.44844
0.01384 3.68031 2.10878
0.01028 2.65817 1.52307
0.01467 3.60208 2.06395
0.00972 2.30871 1.32282
0.00702 1.59648 0.91473
0.01554 3.35341 1.92145
0.00180 0.37805 0.21661
0.00801 1.62815 0.93287
0.00416 0.80938 0.46374
0.00151 0.28177 0.16144
0.01278 2.28851 1.31125
0.01054 1.81884 1.04213
0.00682 1.12513 0.64465
0.01106 1.76686 1.01235
0.00920 1.40969 0.80770
0.00864 1.26364 0.72402
0.00334 0.46886 0.26863
0.01495 2.01475 1.15439
0.00980 1.28332 0.73529
0.00768 0.97742 0.56002
0.01371 1.69694 0.97229
0.01085 1.29676 0.74299
0.01031 1.19606 0.68530
0.00450 0.50906 0.29167
0.01337 1.47611 0.84576
0.01189 1.28409 0.73573
0.01601 1.68623 0.96615
0.02105 2.16025 1.23775
0.01713 1.71680 0.98367
0.01929 1.88836 1.08197
0.01706 1.63299 0.93564
0.01410 1.32118 0.75698
0.01791 1.64462 0.94231
0.01307 1.17563 0.67359
0.01759 1.54140 0.88317
0.01165 1.00333 0.57487
0.01159 0.98100 0.56208
0.01510 1.27164 0.72860
0.02961 2.49114 1.42735
0.02052 1.73653 0.99497
0.01504 1.27955 0.73314
0.01859 1.58394 0.90754
0.01340 1.13782 0.65193
0.02015 1.71140 0.98057
0.01216 1.03481 0.59290
0.03039 2.57038 1.47276
0.01931 1.63922 0.93922
0.01424 1.20743 0.69181
0.01792 1.51961 0.87068
0.01739 1.47574 0.84555
0.01331 1.13128 0.64818
0.02571 2.18878 1.25411
0.01857 1.58755 0.90961
0.01701 1.45134 0.83156
0.02346 2.01558 1.15486
0.01874 1.60830 0.92150
0.01627 1.40237 0.80350
0.01500 1.29266 0.74065
0.02054 1.77377 1.01631
0.01980 1.71339 0.98171
0.01455 1.26240 0.72331
0.01775 1.54465 0.88503
0.02113 1.84268 1.05579
0.01336 1.16639 0.66830
0.01690 1.48376 0.85014
0.01211 1.06534 0.61040
0.01589 1.40240 0.80352
0.01365 1.20381 0.68974
0.02233 1.97314 1.13054
0.01736 1.53183 0.87768
0.01676 1.48938 0.85336
0.02040 1.82642 1.04648
0.00904 0.81101 0.46467
0.01245 1.12146 0.64256
0.01931 1.73305 0.99297
0.02075 1.87082 1.07191
0.01939 1.75971 1.00825
0.01527 1.39046 0.79668
0.01308 1.19038 0.68204
0.00960 0.87320 0.50031
0.02476 2.25151 1.29005
0.01827 1.66177 0.95213
0.02592 2.36697 1.35621
0.01118 1.02930 0.58975
0.01546 1.42389 0.81584
0.01629 1.49795 0.85827
0.03092 2.82886 1.62087
0.02424 2.21021 1.26638
0.02166 1.97502 1.13162
0.01696 1.54177 0.88338
0.01634 1.49594 0.85712
0.02088 1.91630 1.09797
0.02154 1.98118 1.13515
0.02407 2.21446 1.26882
0.01417 1.30816 0.74953
0.01709 1.58103 0.90587
0.01836 1.69970 0.97387
0.01770 1.64449 0.94224
0.01611 1.49341 0.85567
0.01861 1.73520 0.99421
0.02094 1.95711 1.12136
0.01947 1.82447 1.04536
0.01782 1.67633 0.96048
0.01974 1.85388 1.06221
0.01410 1.32819 0.76100
0.01943 1.83950 1.05397
0.01334 1.26114 0.72259
0.01663 1.58031 0.90546
0.01202 1.14184 0.65423
0.01292 1.23622 0.70831
0.02026 1.93476 1.10856
0.01535 1.47445 0.84480
0.01691 1.62789 0.93272
0.00694 0.66767 0.38255
0.01122 1.08205 0.61997
0.01493 1.44680 0.82896
0.01311 1.27869 0.73264
0.01524 1.47702 0.84628
0.01460 1.42312 0.81540
0.01995 1.95024 1.11742
0.01286 1.26195 0.72305
0.00976 0.96070 0.55044
0.01977 1.94379 1.11373
0.01527 1.50626 0.86303
0.00924 0.91614 0.52491
0.01222 1.21507 0.69619
0.01463 1.46116 0.83719
0.01337 1.33351 0.76405
0.02082 2.08505 1.19467
0.01657 1.66379 0.95329
0.01191 1.20268 0.68909
0.01638 1.66140 0.95192
0.01348 1.36802 0.78382
0.00925 0.94169 0.53955
0.01515 1.54654 0.88611
0.01068 1.09302 0.62626
0.01451 1.49121 0.85441
0.01190 1.22441 0.70154
0.01261 1.30768 0.74925
0.01351 1.40027 0.80230
0.01253 1.30030 0.74502
0.01021 1.06137 0.60812
0.01810 1.88183 1.07823
0.01513 1.58372 0.90742
0.01326 1.38534 0.79375
0.01051 1.09907 0.62973
0.01212 1.26099 0.72250
0.01419 1.47591 0.84564
0.01290 1.34192 0.76887
0.00866 0.89736 0.51415
0.01527 1.58109 0.90591
0.01953 2.01213 1.15288
0.01870 1.92319 1.10192
0.01528 1.56065 0.89419
0.01422 1.44236 0.82642
0.01341 1.35888 0.77858
0.01349 1.35116 0.77416
0.01577 1.58125 0.90600
0.01932 1.93105 1.10643
0.00249 0.24598 0.14094
0.02034 2.00258 1.14741
0.00846 0.82892 0.47494
0.03838 3.74695 2.14697
0.02900 2.81614 1.61359
0.02956 2.85206 1.63417
0.01859 1.77058 1.01448
0.02930 2.77489 1.58994
0.01354 1.27095 0.72821
0.02055 1.92415 1.10247
0.01772 1.65223 0.94667
0.01515 1.40011 0.80221
0.02423 2.22927 1.27731
0.02050 1.87697 1.07544
0.01563 1.41924 0.81317
0.02276 2.06078 1.18076
0.02327 2.09091 1.19803
0.01610 1.44070 0.82547
0.01783 1.56819 0.89852
0.01944 1.76431 1.01089
0.01793 1.61026 0.92262
0.02365 2.10660 1.20702
0.01798 1.61008 0.92252
0.02352 2.10899 1.20838
0.02479 2.22462 1.27464
0.02433 2.19839 1.25961
0.02336 2.11167 1.20992
0.02745 2.48652 1.42471
0.02605 2.36232 1.35354
0.02314 2.10916 1.20848
0.02251 2.04630 1.17246
0.02290 2.10084 1.20371
0.02900 2.66499 1.52697
0.01898 1.74620 1.00051
0.01753 1.62100 0.92878
0.02213 2.05067 1.17497
0.02115 1.96977 1.12861
0.02274 2.12935 1.22005
0.01829 1.71755 0.98410
0.02147 2.02822 1.16211
0.02033 1.92605 1.10356
0.01885 1.79592 1.02900
0.02561 2.44183 1.39910
0.02331 2.23365 1.27981
0.01723 1.66745 0.95539
0.01942 1.88056 1.07750
0.01513 1.47961 0.84776
0.01931 1.90918 1.09390
0.02186 2.20158 1.26144
0.02131 2.19885 1.25987
0.01851 1.95728 1.12146
0.01848 2.00735 1.15014
0.01535 1.72362 0.98757
0.02691 3.11198 1.78311
0.01626 1.93841 1.11065
0.01751 2.14724 1.23030
0.01817 2.31025 1.32370
0.01488 1.96942 1.12841
0.01622 2.22288 1.27365
0.01499 2.14005 1.22618
0.01086 1.60468 0.91942
0.01074 1.60266 0.91827
0.01397 2.28186 1.30744
0.01635 2.67779 1.53431
0.01017 1.71624 0.98335
0.00867 1.51155 0.86606
0.01382 2.47557 1.41843
0.00923 1.68411 0.96494
0.00895 1.67808 0.96148
0.00973 1.85771 1.06440
0.00561 1.09593 0.62792
0.00806 1.62682 0.93211
0.01144 2.36235 1.35356
0.01164 2.52421 1.44631
0.00673 1.50198 0.86058
0.00392 0.90543 0.51878
0.00604 1.47776 0.84670
0.00192 0.49065 0.28112
0.00614 1.70189 0.97512
0.00342 1.00750 0.57726
0.00368 1.16578 0.66795
0.00446 1.50796 0.86400
0.00288 0.97339 0.55771
0.00620 2.14061 1.22650
0.00191 0.66200 0.37930
0.00340 1.15767 0.66330
0.00538 1.90330 1.09053
0.00233 0.81599 0.46753
0.00190 0.69010 0.39540
0.00130 0.47813 0.27395
0.00234 0.83552 0.47872
0.00320 1.14457 0.65580
0.00196 0.66237 0.37951
0.00444 1.48665 0.85180
0.00282 0.88952 0.50966
0.00341 1.06314 0.60914
0.00577 1.74112 0.99760
0.00358 1.02210 0.58562
0.00903 2.54959 1.46085
0.00632 1.67220 0.95811
0.00506 1.32108 0.75693
0.00672 1.68122 0.96328
0.00602 1.40690 0.80610
0.00485 1.10037 0.63047
0.00281 0.59868 0.34302
0.00438 0.90347 0.51765
0.00554 1.07044 0.61332
0.00764 1.46545 0.83965
0.00514 0.93230 0.53417
0.00930 1.60794 0.92129
0.00573 0.95766 0.54870
0.01100 1.77030 1.01432
0.00379 0.58728 0.33649
0.00227 0.33946 0.19449
0.00916 1.31310 0.75236
0.01699 2.39031 1.36958
0.00826 1.12876 0.64674
0.01681 2.23731 1.28191
0.00911 1.18422 0.67851
0.00738 0.93508 0.53576
0.01265 1.55469 0.89078
0.01179 1.40572 0.80543
0.01287 1.50093 0.85998
0.00867 0.99118 0.56791
0.01090 1.21966 0.69882
0.00928 1.01909 0.58390
0.01422 1.52727 0.87507
0.01106 1.16607 0.66811
0.01584 1.64386 0.94187
0.01915 1.96684 1.12694
0.01514 1.47080 0.84272
0.01248 1.30364 0.74694
0.01450 1.42795 0.81816
0.01336 1.28486 0.73618
0.01472 1.40498 0.80500
0.01364 1.28580 0.73671
0.02387 2.20858 1.26545
0.02702 2.48024 1.42111
0.03064 2.77595 1.59055
0.02072 1.85689 1.06394
0.02330 2.05838 1.17939
0.02059 1.78810 1.02452
0.02524 2.17653 1.24708
0.01548 1.33017 0.76214
0.01558 1.32714 0.76040
0.02030 1.71224 0.98105
0.01364 1.14408 0.65551
0.01138 0.94961 0.54409
0.02102 1.74680 1.00085
0.01981 1.65272 0.94695
0.01468 1.21931 0.69862
0.01567 1.29663 0.74292
0.01449 1.19689 0.68577
0.02029 1.67190 0.95794
0.02089 1.72888 0.99059
0.01426 1.17974 0.67595
0.01086 0.89827 0.51467
0.02299 1.90683 1.09255
0.02665 2.21543 1.26937
0.02623 2.20841 1.26535
0.02611 2.19716 1.25890
0.01985 1.66161 0.95204
0.01948 1.62989 0.93387
0.00554 0.46508 0.26647
0.01263 1.06301 0.60906
0.01292 1.08140 0.61960
0.03102 2.59703 1.48803
0.03576 3.01443 1.72721
0.01661 1.39154 0.79730
0.01504 1.25826 0.72093
0.00916 0.76137 0.43623
0.01809 1.50766 0.86384
0.01965 1.63861 0.93886
0.02107 1.75953 1.00815
0.01687 1.41221 0.80915
0.01378 1.15520 0.66188
0.00989 0.82715 0.47392
0.01151 0.96373 0.55218
0.02190 1.82966 1.04833
0.01625 1.37142 0.78577
0.02013 1.70776 0.97848
0.01759 1.49659 0.85749
0.01714 1.45930 0.83612
0.01690 1.44392 0.82731
0.01435 1.22506 0.70191
0.01658 1.42689 0.81756
0.01786 1.54396 0.88463
0.01554 1.34593 0.77117
0.01842 1.59615 0.91454
0.02919 2.52749 1.44819
0.02278 2.00281 1.14754
0.02220 1.96382 1.12521
0.01494 1.32157 0.75721
0.01481 1.30694 0.74883
0.02666 2.34348 1.34275
0.03665 3.21677 1.84315
0.02167 1.91894 1.09949
0.01695 1.52185 0.87196
0.01561 1.38512 0.79362
0.01299 1.14791 0.65771
0.02142 1.89242 1.08430
0.02226 1.98634 1.13811
0.01457 1.30626 0.74844
0.02347 2.08787 1.19628
0.02501 2.22331 1.27389
0.01781 1.57926 0.90486
0.01487 1.32053 0.75662
0.01245 1.10737 0.63448
0.01804 1.59514 0.91396
0.01783 1.58305 0.90703
0.02993 2.66839 1.52892
0.02002 1.79570 1.02887
0.02892 2.60326 1.49160
0.01001 0.88670 0.50804
0.01024 0.90929 0.52098
0.01092 0.96904 0.55522
0.01938 1.72247 0.98691
0.01614 1.43661 0.82312
0.02003 1.78400 1.02217
0.01563 1.39618 0.79996
0.01668 1.48326 0.84985
0.01103 0.98142 0.56231
0.01094 0.97074 0.55619
0.00879 0.77965 0.44671
0.01095 0.97407 0.55810
0.01450 1.29009 0.73917
0.01070 0.95415 0.54669
0.01027 0.91616 0.52492
0.01638 1.46394 0.83879
0.01973 1.75951 1.00814
0.02733 2.37566 1.36118
0.00867 0.80372 0.46050
0.02338 2.10750 1.20753
0.01468 1.32819 0.76100
0.01244 1.12495 0.64455
0.01517 1.37314 0.78676
0.01636 1.48729 0.85216
0.01463 1.33292 0.76371
0.01593 1.45210 0.83200
0.01233 1.12680 0.64561
0.01453 1.32445 0.75886
0.01175 1.07931 0.61840
0.01289 1.18045 0.67635
0.01521 1.40184 0.80320
0.00660 0.61037 0.34972
0.00680 0.62986 0.36088
0.00672 0.62173 0.35623
0.01201 1.11211 0.63720
0.01231 1.14417 0.65556
0.02176 2.03570 1.16639
0.00942 0.88552 0.50737
0.02904 2.72282 1.56011
0.00982 0.92430 0.52959
0.01472 1.40259 0.80363
0.01410 1.34064 0.76814
0.01656 1.57494 0.90238
0.01578 1.49815 0.85839
0.01350 1.28837 0.73819
0.01985 1.90756 1.09297
0.01223 1.18273 0.67766
0.01395 1.35557 0.77669
0.01647 1.59357 0.91306
0.01752 1.70491 0.97686
0.01595 1.55848 0.89295
0.01367 1.33487 0.76483
0.01191 1.16589 0.66801
0.01543 1.52598 0.87433
0.01199 1.20579 0.69087
0.01007 1.01365 0.58078
0.00823 0.83672 0.47941
0.00981 1.00752 0.57727
0.00986 1.02085 0.58491
0.01523 1.60316 0.91855
0.00899 0.96207 0.55123
0.01160 1.25759 0.72055
0.01691 1.84836 1.05905
0.00690 0.76231 0.43677
0.01533 1.71292 0.98144
0.00703 0.79883 0.45770
0.01079 1.23869 0.70972
0.01372 1.63818 0.93862
0.01035 1.25517 0.71916
0.00981 1.21953 0.69874
0.01003 1.28093 0.73392
0.00810 1.05867 0.60657
0.01717 2.30064 1.31820
0.01361 1.86445 1.06826
0.01063 1.49065 0.85408
0.01709 2.45751 1.40809
0.00762 1.12870 0.64670
0.01842 2.80029 1.60450
0.00978 1.52548 0.87404
0.00641 1.03122 0.59085
0.00762 1.25332 0.71810
0.00562 0.95066 0.54469
0.00522 0.90639 0.51932
0.01006 1.80006 1.03137
0.00808 1.49317 0.85553
0.00774 1.49706 0.85776
0.00963 1.94099 1.11212
0.00794 1.67521 0.95984
0.00847 1.89370 1.08503
0.00291 0.69258 0.39682
0.00365 0.92299 0.52884
0.00478 1.27641 0.73133
0.00861 2.43911 1.39754
0.00518 1.57351 0.90156
0.00732 2.35660 1.35026
0.00492 1.65643 0.94908
0.00377 1.32350 0.75832
0.01299 4.69520 2.69040
0.00343 1.28674 0.73725
0.00231 0.89459 0.51257
0.00674 2.65795 1.52294
0.00331 1.31746 0.75486
0.00272 1.08751 0.62310
0.00488 1.96899 1.12817
0.00472 1.93512 1.10876
0.00190 0.83445 0.47811
0.00622 3.16931 1.81596
0.00719 4.64679 2.66266
0.00784 7.25508 4.15777
0.00416 5.72839 3.28257
0.00157 3.82776 2.19328
0.00163 18.24032 10.46547
0.00151 9.77154 5.60091
0.00338 25.33475 14.55485
0.00317 96.26324 57.54280
0.00347 114.68380 69.97798
0.00097 27.88970 16.03187
0.00216 95.39695 56.97731
0.00122 58.48280 34.00507
0.00345 104.61036 63.07437
0.00124 35.33035 20.34959
0.00450 119.48368 73.37045
0.00407 122.35519 75.43605
0.00039 13.78884 7.90670
0.00340 100.42649 60.28236
0.00283 71.49444 41.89007
0.00349 132.65109 83.09725
0.00438 115.35729 70.44967
0.00128 62.33940 36.32306
0.00553 114.51889 69.86269
0.00355 136.01312 85.69754
0.00446 123.65134 76.37788
0.00086 40.75932 23.51812
0.00196 69.68978 40.78495
0.00306 101.61957 61.07443
0.00437 118.59936 72.73992
0.00257 96.20851 57.50703
0.00204 81.95024 48.37842
0.00247 104.92384 63.28522
0.00222 96.91670 57.97038
0.00246 73.17462 42.92265
0.00189 88.71063 52.66161
0.00172 63.80049 37.20521
0.00182 87.42563 51.84157
0.00443 114.46845 69.82744
0.00125 73.44874 43.09146
0.00386 103.75560 62.50064
0.00238 105.31483 63.54855
0.00183 83.59790 49.41544
0.00149 99.24884 59.50366
0.00067 38.63057 22.27368
0.00178 140.12995 88.95832
0.00123 123.51294 76.27703
0.00129 87.41805 51.83675
0.00204 113.79845 69.35997
0.00130 73.75435 43.27977
0.00182 123.66293 76.38633
0.00093 49.52589 28.67456
0.00094 61.99945 36.11813
0.00132 102.29437 61.52383
0.00048 50.31634 29.14225
0.00144 127.78020 79.41984
0.00063 79.74309 46.99580
0.00136 118.13501 72.40985
0.00112 124.57084 77.04973
0.00252 137.47846 86.84808
0.00054 76.08238 44.71840
0.00302 135.63875 85.40532
0.00126 126.38880 78.38739
0.00194 111.58751 67.82657
0.00179 110.94325 67.38235
0.00193 132.10246 82.67791
0.00128 79.91830 47.10528
0.00183 81.65049 48.19021
0.00545 136.66185 86.20557
0.00848 124.61528 77.08228
0.01380 131.63991 82.32541
0.01247 87.62546 51.96892
0.00955 55.72718 32.35761
0.01384 72.84689 42.72095
0.00623 29.37044 16.88910
0.02438 97.95305 58.65031
0.02354 66.21868 38.67031
0.00569 11.17351 6.40529
0.00385 5.22299 2.99289
0.00148 1.52838 0.87571
0.00118 0.95923 0.54960
0.00248 1.66842 0.95595
0.00175 1.02236 0.58577
0.00543 2.74288 1.57160
0.00202 0.90588 0.51903
0.00063 0.25346 0.14522
0.00456 1.66405 0.95344
0.00483 1.63271 0.93549
0.00384 1.20572 0.69083
0.00326 0.95977 0.54991
0.00459 1.27375 0.72981
0.01027 2.70822 1.55174
0.00584 1.47459 0.84488
0.00077 0.18490 0.10594
0.00739 1.70597 0.97746
0.00353 0.78919 0.45217
0.00451 0.95284 0.54594
0.00863 1.73764 0.99560
0.00710 1.35566 0.77674
0.01763 3.24463 1.85912
0.00436 0.77633 0.44481
0.00322 0.54626 0.31299
0.01755 2.84465 1.62992
0.00336 0.52226 0.29923
0.01219 1.83241 1.04991
0.01110 1.62024 0.92834
0.00611 0.85989 0.49268
0.01254 1.71154 0.98065
0.00487 0.64363 0.36877
0.01476 1.90420 1.09104
0.00741 0.92704 0.53116
0.01078 1.31778 0.75504
0.00673 0.80529 0.46140
0.00712 0.82587 0.47319
0.00678 0.76871 0.44044
0.00959 1.05588 0.60498
0.00673 0.72649 0.41625
0.00885 0.93038 0.53307
0.00727 0.74801 0.42858
0.00919 0.92133 0.52789
0.01318 1.29392 0.74137
0.01214 1.16929 0.66996
0.01495 1.40773 0.80657
0.01044 0.96352 0.55206
0.02078 1.87314 1.07325
0.02048 1.81873 1.04207
0.02351 2.06088 1.18082
0.01519 1.32393 0.75856
0.02068 1.80145 1.03217
0.01593 1.38518 0.79366
0.01761 1.53038 0.87685
0.01530 1.33089 0.76255
0.01849 1.60898 0.92189
0.01931 1.69381 0.97049
0.02189 1.91493 1.09719
0.01873 1.63772 0.93835
0.02492 2.17161 1.24427
0.02852 2.49179 1.42773
0.02775 2.44207 1.39924
0.03879 3.41674 1.95774
0.03031 2.68052 1.53587
0.01892 1.68006 0.96261
0.02726 2.42646 1.39029
0.01703 1.52256 0.87237
0.02167 1.92853 1.10498
0.02039 1.81081 1.03753
0.01809 1.60898 0.92189
0.02613 2.33876 1.34004
0.02496 2.24508 1.28637
0.02615 2.36760 1.35657
0.02272 2.06049 1.18059
0.02487 2.26066 1.29529
0.02663 2.42294 1.38827
0.02865 2.58700 1.48228
0.02537 2.30779 1.32229
0.02273 2.07437 1.18855
0.02322 2.12136 1.21547
0.02135 1.96066 1.12339
0.02361 2.17011 1.24340
0.02111 1.94409 1.11390
0.02202 2.03974 1.16871
0.02134 1.98555 1.13766
0.02252 2.10625 1.20681
0.02406 2.23993 1.28341
0.02261 2.10880 1.20827
0.02138 1.99364 1.14229
0.02594 2.43925 1.39762
0.02247 2.12195 1.21581
0.01872 1.76496 1.01126
0.01999 1.89037 1.08312
0.02547 2.42132 1.38735
0.01971 1.88174 1.07817
0.02707 2.56859 1.47173
0.01598 1.52240 0.87228
0.01508 1.44442 0.82760
0.01520 1.46110 0.83716
0.01721 1.65756 0.94972
0.01411 1.35934 0.77885
0.01178 1.13813 0.65211
0.00986 0.95491 0.54713
0.01447 1.40360 0.80421
0.01501 1.46088 0.83703
0.01449 1.41253 0.80933
0.02295 2.25846 1.29403
0.01316 1.29919 0.74439
0.01509 1.48641 0.85166
0.01696 1.66248 0.95254
0.01677 1.64243 0.94105
0.01942 1.91008 1.09441
0.02204 2.18551 1.25223
0.01630 1.63948 0.93937
0.01025 1.03449 0.59272
0.01474 1.48225 0.84928
0.01712 1.71206 0.98095
0.01838 1.82528 1.04583
0.00987 0.97366 0.55787
0.01447 1.41254 0.80933
0.03224 3.12162 1.78863
0.01260 1.21235 0.69463
0.02305 2.19490 1.25761
0.02849 2.68927 1.54088
0.02513 2.34444 1.34329
0.02217 2.06813 1.18497
0.01818 1.68067 0.96296
0.02151 1.98307 1.13623
0.01812 1.66449 0.95369
0.05084 4.62882 2.65236
0.01983 1.77528 1.01717
0.01980 1.75595 1.00610
0.01488 1.31137 0.75136
0.01976 1.73921 0.99651
0.01751 1.53009 0.87669
0.02044 1.77860 1.01907
0.02014 1.73970 0.99679
0.02447 2.11360 1.21102
0.02160 1.86700 1.06973
0.01877 1.62134 0.92897
0.02028 1.76191 1.00952
0.01722 1.49800 0.85830
0.01565 1.36563 0.78245
0.02111 1.83364 1.05062
0.01981 1.73299 0.99294
0.01411 1.23707 0.70879
0.01531 1.34890 0.77287
0.01531 1.35021 0.77362
0.01610 1.41613 0.81139
0.02267 2.00139 1.14673
0.02442 2.17065 1.24372
0.01824 1.63182 0.93497
0.01989 1.79067 1.02599
0.01926 1.74448 0.99953
0.01904 1.73543 0.99434
0.01545 1.42096 0.81415
0.01824 1.69060 0.96865
0.01555 1.45880 0.83584
0.01670 1.57001 0.89956
0.01402 1.32638 0.75997
0.01442 1.37206 0.78614
0.01883 1.80411 1.03369
0.02025 1.95924 1.12258
0.01799 1.74659 1.00073
0.01923 1.87202 1.07260
0.02536 2.48937 1.42634
0.02277 2.24501 1.28632
0.01915 1.88988 1.08284
0.01909 1.88233 1.07851
0.01673 1.65730 0.94957
0.02607 2.59703 1.48803
0.02245 2.24684 1.28737
0.01821 1.79969 1.03116
0.02543 2.50020 1.43255
0.02695 2.63939 1.51230
0.01889 1.84583 1.05760
0.03576 3.47124 1.98897
0.01968 1.90047 1.08890
0.03118 2.99059 1.71355
0.02328 2.20692 1.26450
0.02511 2.38033 1.36386
0.02428 2.31230 1.32488
0.02196 2.07877 1.19107
0.02125 2.00183 1.14698
0.01843 1.72023 0.98563
0.02222 2.05618 1.17813
0.02194 2.01604 1.15512
0.02521 2.29721 1.31623
0.01875 1.70097 0.97460
0.01958 1.76639 1.01208
0.01270 1.13988 0.65311
0.02177 1.93710 1.10990
0.01788 1.59071 0.91142
0.01480 1.31379 0.75275
0.02650 2.35389 1.34871
0.02122 1.89854 1.08780
0.02006 1.79595 1.02902
0.01583 1.40996 0.80785
0.02914 2.59741 1.48825
0.02048 1.83390 1.05076
0.02324 2.09523 1.20050
0.01518 1.36730 0.78341
0.02390 2.15573 1.23517
0.01277 1.16080 0.66509
0.03948 3.59220 2.05829
0.02711 2.48257 1.42244
0.01928 1.77436 1.01665
0.02201 2.05094 1.17512
0.01831 1.73253 0.99268
0.02406 2.31320 1.32539
0.01470 1.44040 0.82530
0.01698 1.69947 0.97374
0.03271 3.33385 1.91024
0.02740 2.80922 1.60962
0.01407 1.46505 0.83942
0.00859 0.90075 0.51609
0.01092 1.15376 0.66106
0.01344 1.42656 0.81737
0.00977 1.03863 0.59509
0.01887 2.01877 1.15669
0.00998 1.06722 0.61148
0.00683 0.73363 0.42034
0.00958 1.03116 0.59081
0.01396 1.50612 0.86295
0.00826 0.89287 0.51158
0.00959 1.03653 0.59389
0.00967 1.04483 0.59865
0.00956 1.03087 0.59065
0.01426 1.54534 0.88542
0.01515 1.64998 0.94538
0.02121 2.29914 1.31734
0.01989 2.13644 1.22411
0.01244 1.31885 0.75565
0.01670 1.77164 1.01509
0.01027 1.07187 0.61414
0.01201 1.24245 0.71187
0.02202 2.26775 1.29935
0.00859 0.88166 0.50516
0.01589 1.62129 0.92894
0.01118 1.12641 0.64539
0.02328 2.32791 1.33383
0.02898 2.86158 1.63962
0.03715 3.62824 2.07894
0.01712 1.65574 0.94868
0.02368 2.26438 1.29742
0.01550 1.47152 0.84313
0.01359 1.27168 0.72862
0.01832 1.69312 0.97010
0.02869 2.61195 1.49658
0.00645 0.57848 0.33144
0.00483 0.42944 0.24605
0.01144 1.00697 0.57696
0.02240 1.95776 1.12173
0.02755 2.38985 1.36932
0.01963 1.68607 0.96606
0.01748 1.48498 0.85084
0.02482 2.09873 1.20251
0.03806 3.21728 1.84345
0.01938 1.64529 0.94269
0.02315 1.96652 1.12675
0.01683 1.43632 0.82296
0.02930 2.51241 1.43954
0.02190 1.88535 1.08024
0.01647 1.41888 0.81296
0.02392 2.06243 1.18171
0.02348 2.02617 1.16093
0.01954 1.68291 0.96425
0.02326 2.01442 1.15420
0.01314 1.14505 0.65607
0.02373 2.08975 1.19736
0.02350 2.06920 1.18559
0.02369 2.09851 1.20238
0.02832 2.53232 1.45095
0.01825 1.64758 0.94400
0.01589 1.44504 0.82796
0.01500 1.39186 0.79749
0.02252 2.11930 1.21429
0.01471 1.40502 0.80503
0.01291 1.24744 0.71473
0.01408 1.38158 0.79159
0.01703 1.69134 0.96908
0.01709 1.72783 0.98999
0.02196 2.27032 1.30083
0.01717 1.81149 1.03792
0.01313 1.40019 0.80226
0.00997 1.06553 0.61051
0.01410 1.50882 0.86450
0.01948 2.08208 1.19297
0.01530 1.64436 0.94216
0.02019 2.17171 1.24432
0.02050 2.21726 1.27042
0.02114 2.30425 1.32027
0.01487 1.61741 0.92672
0.01639 1.78295 1.02157
0.01779 1.93044 1.10608
0.02244 2.41828 1.38560
0.01624 1.74208 0.99815
0.02805 2.99995 1.71891
0.01462 1.55394 0.89035
0.01595 1.69492 0.97113
0.03573 3.75449 2.15129
0.02096 2.19228 1.25611
0.02886 2.97173 1.70274
0.02510 2.57563 1.47577
0.02612 2.66689 1.52806
0.01902 1.92417 1.10248
0.02358 2.33070 1.33542
0.03750 3.68003 2.10862
0.03030 2.95530 1.69332
0.03086 3.01002 1.72468
0.03335 3.23000 1.85073
0.02625 2.48495 1.42381
0.03323 3.11231 1.78329
0.02056 1.92942 1.10550
0.01924 1.80068 1.03173
0.01697 1.58145 0.90612
0.02359 2.17241 1.24472
0.02122 1.94265 1.11308
0.01712 1.55500 0.89096
0.02353 2.12020 1.21481
0.02918 2.60368 1.49184
0.02182 1.94056 1.11187
0.02227 1.97522 1.13173
0.03836 3.37684 1.93488
0.02361 2.07346 1.18803
0.02091 1.83126 1.04925
0.02704 2.33751 1.33933
0.02110 1.80842 1.03616
0.02088 1.77407 1.01648
0.02288 1.93335 1.10774
0.01927 1.60785 0.92124
0.02198 1.82160 1.04372
0.02260 1.87280 1.07305
0.02084 1.72521 0.98849
0.02446 2.02449 1.15996
0.02034 1.67945 0.96227
0.02100 1.74443 0.99950
0.02126 1.77829 1.01890
0.02408 2.01910 1.15688
0.03687 3.10938 1.78161
0.02037 1.70480 0.97679
0.01527 1.28662 0.73718
0.01524 1.28601 0.73683
0.01982 1.68601 0.96602
0.00849 0.72537 0.41561
0.01626 1.38771 0.79511
0.01549 1.32655 0.76006
0.02261 1.94909 1.11677
0.01317 1.14690 0.65713
0.02259 1.97795 1.13330
0.01942 1.69040 0.96854
0.01545 1.34513 0.77071
0.02347 2.05651 1.17832
0.02359 2.08913 1.19700
0.01860 1.65860 0.95032
0.02761 2.48679 1.42486
0.01582 1.42866 0.81857
0.01453 1.30956 0.75033
0.03253 2.94008 1.68460
0.01837 1.66846 0.95597
