0.03727 2.84348 1.62925
0.03111 2.36572 1.35549
0.01953 1.48352 0.85000
0.02207 1.67230 0.95817
0.02684 2.03226 1.16442
0.01896 1.42860 0.81853
0.02008 1.50940 0.86483
0.01863 1.39960 0.80192
0.02673 2.00294 1.14762
0.01613 1.20578 0.69087
0.01683 1.25767 0.72060
0.00802 0.59373 0.34018
0.01263 0.93471 0.53555
0.03001 2.21898 1.27141
0.02491 1.84266 1.05578
0.04585 3.38438 1.93920
0.03884 2.84591 1.63064
0.01717 1.25628 0.71980
0.02721 1.97620 1.13230
0.03652 2.66263 1.52562
0.03578 2.60257 1.49120
0.02352 1.71000 0.97977
0.03778 2.73764 1.56860
0.01770 1.27763 0.73203
0.02674 1.93402 1.10813
0.02363 1.69583 0.97165
0.01888 1.35106 0.77411
0.02259 1.61546 0.92560
0.00990 0.70949 0.40651
0.00769 0.54838 0.31420
0.01503 1.06843 0.61217
0.01381 0.98085 0.56199
0.02423 1.71850 0.98464
0.01400 0.99074 0.56766
0.05851 4.13239 2.36786
0.01768 1.24244 0.71187
0.02260 1.58876 0.91030
0.03782 2.65138 1.51917
0.04218 2.95177 1.69130
0.02037 1.42720 0.81773
0.01860 1.29881 0.74417
0.01427 0.99884 0.57229
0.01353 0.94716 0.54269
0.02397 1.67690 0.96081
0.02861 2.00752 1.15024
0.03160 2.21883 1.27132
0.03475 2.44698 1.40205
0.01961 1.38319 0.79251
0.01719 1.21584 0.69663
0.00583 0.41233 0.23625
0.01078 0.76201 0.43660
0.01566 1.11047 0.63626
0.00726 0.51824 0.29693
0.02171 1.54802 0.88696
0.01225 0.87381 0.50066
0.01794 1.28488 0.73618
0.04650 3.33500 1.91091
0.00914 0.65707 0.37647
0.04408 3.18135 1.82286
0.03650 2.63247 1.50834
0.04756 3.42949 1.96505
0.05902 4.27005 2.44675
0.04045 2.92078 1.67354
0.06352 4.60573 2.63912
0.01826 1.32583 0.75965
0.02778 2.02879 1.16243
0.00773 0.56548 0.32400
0.00809 0.59380 0.34022
0.02191 1.61412 0.92483
0.03799 2.80694 1.60831
0.03892 2.87884 1.64951
0.00598 0.44299 0.25381
0.00786 0.58461 0.33496
0.01920 1.42713 0.81769
0.02721 2.02952 1.16285
0.03409 2.54609 1.45884
0.05608 4.19592 2.40426
0.00329 0.24462 0.14016
0.00600 0.44755 0.25643
0.01750 1.30732 0.74904
0.01568 1.17695 0.67434
0.01929 1.45159 0.83171
0.04244 3.20588 1.83691
0.02443 1.83423 1.05095
0.00957 0.71819 0.41149
0.00773 0.57945 0.33200
0.02466 1.84893 1.05937
0.00628 0.46775 0.26800
0.03456 2.53280 1.45122
0.02297 1.69357 0.97036
0.02186 1.60753 0.92105
0.04675 3.45307 1.97856
0.01406 1.03671 0.59399
0.01517 1.11758 0.64033
0.01847 1.35999 0.77922
0.01461 1.08311 0.62058
0.04571 3.37510 1.93388
0.01949 1.44140 0.82587
0.01034 0.76375 0.43760
0.01812 1.34593 0.77117
0.02472 1.82805 1.04741
0.00901 0.66720 0.38228
0.01799 1.33163 0.76297
0.01423 1.05406 0.60393
0.00302 0.22431 0.12852
0.01787 1.32571 0.75958
0.01638 1.21882 0.69834
0.02706 1.99979 1.14581
0.01999 1.48161 0.84891
0.00940 0.69890 0.40044
0.00343 0.25498 0.14609
0.01491 1.10746 0.63453
0.02136 1.58541 0.90838
0.03723 2.75997 1.58139
0.01800 1.33335 0.76396
0.02554 1.89273 1.08447
0.01051 0.78007 0.44695
0.01809 1.33954 0.76751
0.01960 1.45207 0.83198
0.02382 1.76352 1.01043
0.00548 0.40574 0.23247
0.01576 1.16014 0.66472
0.02751 2.02113 1.15804
0.02344 1.72272 0.98706
0.01461 1.07413 0.61544
0.04060 2.97480 1.70450
0.04666 3.40759 1.95250
0.03530 2.56419 1.46921
0.02870 2.07987 1.19170
0.04864 3.53322 2.02449
0.04757 3.45822 1.98151
0.03038 2.19931 1.26014
0.02854 2.06893 1.18543
0.00213 0.15322 0.08779
0.03956 2.83681 1.62542
0.06996 5.01292 2.87249
0.03104 2.21737 1.27049
0.00963 0.68667 0.39344
0.03486 2.48146 1.42181
0.04121 2.92615 1.67662
0.03932 2.79097 1.59916
0.03616 2.54888 1.46044
0.02367 1.66708 0.95518
0.03327 2.33927 1.34033
0.00980 0.68963 0.39513
0.01935 1.35851 0.77837
0.01883 1.31319 0.75241
0.00994 0.69092 0.39587
0.01588 1.10425 0.63269
0.01626 1.13065 0.64782
0.03062 2.11460 1.21160
0.01834 1.26496 0.72477
0.01766 1.21327 0.69516
0.01752 1.19799 0.68640
0.00532 0.36419 0.20867
0.01062 0.72257 0.41400
0.02346 1.59319 0.91284
0.01968 1.33403 0.76435
0.03705 2.50248 1.43385
0.02363 1.59923 0.91630
0.03119 2.09830 1.20226
0.03307 2.22761 1.27635
0.04060 2.72483 1.56126
0.02301 1.54357 0.88441
0.04025 2.69855 1.54620
0.03451 2.31435 1.32606
0.02716 1.81760 1.04142
0.01504 1.00449 0.57554
0.02706 1.80858 1.03626
0.02587 1.72278 0.98709
0.01544 1.02495 0.58725
0.01793 1.19108 0.68244
0.02847 1.88445 1.07972
0.02213 1.46468 0.83921
0.02193 1.44589 0.82844
0.01368 0.90293 0.51734
0.01513 0.99439 0.56974
0.01614 1.05872 0.60660
0.02561 1.68384 0.96478
0.02192 1.43422 0.82175
0.01432 0.93706 0.53690
0.01418 0.92508 0.53004
0.02956 1.93023 1.10596
0.01957 1.27544 0.73078
0.02254 1.46519 0.83950
0.02128 1.38210 0.79189
0.01156 0.75287 0.43136
0.01053 0.68451 0.39220
0.01449 0.94203 0.53975
0.00884 0.57187 0.32766
0.03109 2.01714 1.15576
0.01627 1.05667 0.60543
0.02296 1.49084 0.85420
0.00872 0.56527 0.32387
0.00969 0.62614 0.35875
0.01700 1.10209 0.63145
0.02074 1.34084 0.76825
0.01707 1.10685 0.63418
0.04052 2.61282 1.49708
0.02379 1.53355 0.87867
0.02057 1.32354 0.75834
0.01353 0.87239 0.49984
0.02240 1.44940 0.83045
0.02069 1.33051 0.76233
0.01809 1.16369 0.66675
0.02748 1.76488 1.01122
0.02040 1.30837 0.74965
0.01825 1.16762 0.66900
0.01796 1.14413 0.65554
0.02165 1.37696 0.78895
0.03922 2.48507 1.42388
0.02143 1.35036 0.77370
0.02173 1.37088 0.78546
0.03791 2.38066 1.36405
0.00799 0.50066 0.28686
0.00995 0.62196 0.35636
0.06277 3.91481 2.24316
0.01861 1.15718 0.66302
0.02377 1.47201 0.84340
0.01687 1.04631 0.59950
0.03057 1.88223 1.07845
0.02653 1.63024 0.93407
0.02724 1.67169 0.95782
0.02290 1.40596 0.80556
0.03221 1.97566 1.13199
0.03088 1.89221 1.08418
0.00709 0.43619 0.24992
0.03233 1.98450 1.13705
0.02175 1.33464 0.76470
0.02253 1.38458 0.79331
0.00644 0.39583 0.22679
0.01730 1.06881 0.61239
0.02998 1.85042 1.06023
0.02558 1.58555 0.90846
0.00663 0.41220 0.23617
0.01811 1.12326 0.64359
0.00697 0.43315 0.24818
0.01345 0.83114 0.47621
0.02224 1.38379 0.79286
0.01953 1.22057 0.69934
0.01194 0.74506 0.42689
0.02091 1.30715 0.74895
0.00587 0.36738 0.21049
0.01303 0.81721 0.46823
0.01201 0.75081 0.43019
0.03354 2.10669 1.20707
0.01462 0.91760 0.52575
0.00828 0.52026 0.29809
0.03447 2.16645 1.24131
0.02017 1.26748 0.72622
0.01819 1.14736 0.65739
0.02068 1.29414 0.74149
0.01374 0.85982 0.49264
0.02797 1.75075 1.00312
0.01729 1.07627 0.61666
0.01074 0.67589 0.38726
0.01079 0.65735 0.37663
0.01464 0.90908 0.52086
0.04244 2.72719 1.56261
0.01854 1.15370 0.66103
0.02767 1.72310 0.98728
0.00858 0.53171 0.30465
0.02106 1.30546 0.74798
0.02080 1.28340 0.73534
0.03421 2.12374 1.21683
0.00742 0.45911 0.26305
0.01608 0.99374 0.56937
0.01994 1.23055 0.70506
