-0.03392 -0.03042 1.30994
-0.02824 -0.03980 1.31394
-0.01485 -0.03282 1.31612
-0.02014 -0.01892 1.31920
-0.02419 -0.02280 1.32030
-0.01319 -0.02524 1.32691
-0.01804 -0.02555 1.32988
-0.01385 -0.03408 1.33027
-0.02210 -0.03103 1.33415
0.01032 -0.02253 1.33763
-0.01259 -0.03159 1.33808
-0.01121 -0.01994 1.35015
-0.01018 -0.01495 1.35159
-0.02493 -0.01541 1.35223
-0.01689 -0.03489 1.35152
-0.04575 -0.03518 1.35351
-0.04354 -0.02976 1.36378
-0.00188 -0.00543 1.36658
-0.01981 -0.04305 1.37595
-0.02299 0.00077 1.37155
-0.02825 -0.04632 1.37357
-0.02214 -0.02187 1.37524
-0.03543 -0.04179 1.37890
0.00986 -0.03475 1.38525
-0.02773 -0.03543 1.38200
-0.00803 -0.00288 1.39332
-0.01855 -0.01530 1.39724
-0.02272 -0.03146 1.39765
0.00294 -0.01547 1.39582
-0.00794 -0.02376 1.40271
-0.01520 -0.01569 1.40668
-0.01460 -0.01764 1.40761
-0.02316 -0.02404 1.40941
-0.01102 -0.02739 1.41295
-0.05704 -0.01288 1.41475
0.01288 -0.01250 1.42267
-0.02256 -0.03061 1.42217
-0.03806 -0.01600 1.42568
-0.04113 -0.01085 1.42830
-0.01955 -0.02596 1.42724
0.00902 -0.04159 1.43147
-0.01023 -0.02130 1.42882
0.01685 -0.02757 1.42790
-0.01805 -0.03140 1.42925
-0.01577 -0.04598 1.42410
-0.02766 -0.03702 1.42345
-0.02408 -0.04503 1.41912
0.02015 -0.01706 1.41749
-0.01358 -0.03346 1.41344
-0.01092 -0.03197 1.41271
-0.01550 -0.02615 1.41394
0.00841 -0.02183 1.40979
-0.00646 -0.03276 1.39985
-0.02536 -0.03071 1.40216
-0.01946 -0.02933 1.40181
-0.02094 -0.02578 1.39607
-0.04669 -0.03142 1.39321
-0.00644 -0.03052 1.39028
-0.04535 -0.03231 1.38454
-0.03145 -0.04625 1.38530
-0.05308 -0.03300 1.38526
-0.06728 -0.03381 1.38010
0.00507 0.00674 1.38475
-0.06949 -0.01027 1.37727
-0.02851 -0.02257 1.37693
-0.03177 -0.01055 1.36866
-0.01950 -0.02505 1.36595
-0.01937 -0.02552 1.36191
-0.03954 -0.03163 1.35675
-0.05288 -0.02122 1.35215
-0.05071 -0.04006 1.35038
-0.01788 -0.02006 1.34978
-0.00758 -0.01435 1.34521
-0.03339 -0.02016 1.34481
-0.03116 -0.04776 1.33954
-0.03732 -0.05242 1.33731
-0.04482 -0.06052 1.33435
-0.01612 -0.02439 1.34453
-0.01149 -0.02046 1.34121
-0.00202 -0.02941 1.33829
-0.01027 -0.04411 1.33161
-0.01043 -0.04688 1.32787
-0.03294 -0.05620 1.32220
-0.03034 -0.03118 1.33097
-0.01009 -0.02704 1.33273
-0.01022 -0.02460 1.33428
-0.01174 -0.04221 1.33322
-0.00716 -0.03215 1.34299
0.01186 -0.04463 1.36358
0.00033 -0.04620 1.35536
-0.01021 -0.05481 1.35851
-0.06139 -0.03402 1.35206
-0.01190 -0.05221 1.35494
-0.02912 -0.02496 1.35698
-0.00812 -0.02262 1.35764
-0.00723 -0.01769 1.34879
-0.05943 -0.03782 1.35244
-0.01051 -0.02222 1.35189
-0.01144 -0.03423 1.35318
-0.03289 -0.02739 1.34562
-0.03375 -0.01663 1.35159
-0.02073 -0.02742 1.35005
-0.02798 -0.02633 1.35014
-0.02763 -0.02884 1.34901
-0.01422 -0.03464 1.34742
-0.02238 -0.04777 1.34713
-0.01912 -0.02140 1.34337
-0.01422 -0.01091 1.35303
-0.01722 -0.01708 1.34925
-0.00535 -0.04420 1.34465
-0.01199 -0.02674 1.34354
-0.00262 -0.03547 1.34575
-0.02895 -0.03141 1.34668
-0.03857 -0.01931 1.34824
-0.01372 -0.02527 1.34992
-0.01903 -0.02152 1.34898
-0.00462 -0.03354 1.34645
-0.01721 -0.03147 1.35017
-0.01911 -0.04294 1.34921
-0.02389 -0.03817 1.35023
-0.00624 -0.02588 1.35118
-0.01573 -0.03121 1.35810
-0.02624 -0.03719 1.36055
-0.02198 -0.04063 1.35969
-0.01367 -0.03905 1.35925
-0.01453 -0.03610 1.36416
-0.03168 -0.02117 1.36862
-0.03320 -0.01540 1.37606
-0.00490 0.00452 1.37977
-0.03808 -0.01780 1.37610
-0.02791 -0.03902 1.37486
-0.00905 -0.04887 1.38056
-0.01422 -0.04142 1.37892
-0.00441 -0.01767 1.38849
-0.04388 -0.00972 1.39367
-0.05331 0.02516 1.39443
-0.02558 -0.02631 1.39920
-0.00123 -0.01812 1.40166
-0.03311 -0.02017 1.40423
-0.03521 -0.01411 1.40779
-0.02746 -0.00497 1.40858
-0.01520 -0.00193 1.41873
-0.00610 -0.01028 1.41973
-0.02577 -0.02015 1.42185
-0.01750 -0.03960 1.42002
-0.01595 -0.03182 1.42369
-0.01472 -0.01704 1.43370
-0.02611 -0.02197 1.43779
-0.02646 -0.02042 1.43751
-0.02069 -0.02066 1.43780
-0.03377 -0.02854 1.44743
-0.02259 -0.02524 1.44938
-0.02087 -0.03167 1.45500
-0.02350 -0.02365 1.46172
-0.01221 -0.03576 1.46028
-0.01813 -0.03507 1.46884
-0.02544 -0.02512 1.47211
-0.01957 -0.03159 1.47484
-0.04358 -0.02403 1.47985
-0.02915 -0.01984 1.47721
-0.03476 -0.02052 1.48598
-0.03819 -0.02575 1.48371
-0.04063 -0.01370 1.48921
0.02159 -0.02220 1.49016
-0.03916 -0.02389 1.49075
-0.03388 -0.02352 1.49062
-0.02234 -0.03059 1.49405
0.01668 -0.01786 1.49677
-0.01875 -0.04507 1.49513
-0.02602 -0.04165 1.50072
-0.01035 -0.01896 1.50578
-0.01929 -0.02110 1.50541
-0.01473 -0.00368 1.51071
-0.02277 -0.02609 1.51081
-0.02427 -0.03589 1.51585
-0.01475 -0.03123 1.51460
-0.01679 -0.02558 1.52108
-0.01573 -0.02780 1.52447
-0.02544 -0.03320 1.52014
-0.02004 -0.04136 1.52779
-0.01539 -0.02644 1.52760
-0.00916 -0.03693 1.53264
-0.02995 -0.02980 1.53110
-0.01902 -0.02537 1.53442
-0.02231 -0.02698 1.53806
-0.01778 -0.03525 1.53887
0.01296 -0.02596 1.53480
-0.00606 -0.03466 1.53774
0.00069 -0.01575 1.53842
-0.00652 -0.02781 1.54597
-0.02949 -0.03536 1.54076
-0.01753 -0.04729 1.53916
-0.02794 -0.04272 1.53912
-0.00790 -0.03574 1.54151
-0.01566 -0.04369 1.54636
-0.02172 -0.03241 1.54227
-0.01830 -0.03614 1.54662
-0.00910 -0.02890 1.54200
0.02328 -0.02858 1.55031
0.00906 -0.01927 1.55105
0.00542 -0.02097 1.55436
-0.00988 -0.02482 1.55087
0.00571 -0.06070 1.54422
0.01669 -0.03892 1.55442
-0.02151 -0.02821 1.55381
-0.03146 -0.03482 1.55642
-0.02411 -0.03423 1.55876
-0.01707 -0.02088 1.56264
0.00042 -0.01849 1.56950
-0.02264 -0.02437 1.57179
-0.03391 -0.00800 1.57786
-0.01457 -0.01331 1.58678
-0.00616 -0.01176 1.58469
-0.03295 -0.01567 1.59193
-0.00678 -0.02867 1.59654
-0.00457 -0.04357 1.59900
-0.05411 -0.06865 1.60108
-0.02447 -0.04975 1.60698
-0.00090 -0.05803 1.61368
-0.00136 -0.02462 1.61179
-0.01100 -0.00713 1.62425
-0.01074 -0.01069 1.62746
-0.02484 -0.02500 1.62896
-0.02627 -0.03807 1.62816
-0.03719 -0.04288 1.62924
-0.03504 -0.04341 1.63103
-0.01222 -0.04825 1.62558
-0.02902 -0.06494 1.62740
-0.02561 -0.05819 1.62875
-0.02285 -0.04389 1.62628
-0.00752 -0.04204 1.62645
-0.01398 -0.04807 1.61812
0.02304 -0.03642 1.61985
-0.02644 -0.05782 1.61228
-0.01230 -0.04019 1.60734
0.00946 -0.02449 1.61166
-0.01193 -0.03256 1.60773
-0.01728 -0.03207 1.61741
-0.02198 -0.04531 1.60607
-0.01775 -0.03983 1.59926
-0.01092 -0.03096 1.60278
-0.01179 -0.01738 1.59984
-0.00361 -0.03951 1.59788
-0.00222 -0.02739 1.59477
-0.01657 -0.03189 1.59859
-0.03982 -0.03241 1.59120
-0.01831 -0.04857 1.59260
-0.01376 -0.03646 1.59105
-0.04070 -0.03249 1.59030
-0.02642 -0.02962 1.59118
-0.02313 -0.03731 1.58514
0.00094 -0.01617 1.59813
-0.02241 -0.04030 1.59694
-0.03280 -0.04623 1.59671
-0.02517 -0.05519 1.60496
-0.01858 -0.04485 1.58851
-0.02196 -0.03534 1.64027
-0.02183 -0.05041 1.60949
-0.05054 -0.05725 1.55447
-0.02734 -0.03572 1.60596
-0.03235 -0.04447 1.60504
-0.00954 -0.02512 1.61434
-0.02677 -0.04743 1.61261
-0.00714 -0.05849 1.61999
0.02059 -0.05469 1.60977
-0.00564 -0.04390 1.61643
-0.01610 -0.04687 1.61751
-0.01663 -0.05006 1.61969
