0.01553 16.94280 9.71916
0.00739 7.82619 4.48522
0.01249 12.74194 7.30554
0.01642 15.72646 9.01991
0.01554 13.54721 7.76793
0.01397 10.91960 6.25958
0.00942 6.68849 3.83294
0.01264 8.18008 4.68815
0.02343 14.11837 8.09596
0.00711 4.08259 2.33932
0.01494 8.22102 4.71162
0.01035 5.48172 3.14119
0.03478 17.66754 10.13597
0.04191 20.45821 11.74223
0.05697 26.87524 15.44510
0.01368 6.25553 3.58474
0.26875 120.47126 74.07768
0.11216 50.03653 28.97664
0.13468 58.15455 33.80845
0.02476 10.56427 6.05570
0.01255 5.30844 3.04187
0.01267 5.23826 3.00165
0.05080 20.21517 11.60225
0.02348 8.91820 5.11144
0.01261 4.70957 2.69863
0.02193 7.98654 4.57717
0.01003 3.55495 2.03694
0.08841 30.07835 17.29926
0.01773 5.83417 3.34321
0.03411 10.74854 6.16143
0.01812 5.54601 3.17804
0.08242 24.43586 14.03578
0.11682 33.03913 19.01720
0.06364 17.37938 9.97023
0.14635 38.21421 22.03059
0.38338 97.63953 58.44438
0.11634 28.78966 16.55276
0.20578 48.85000 28.27503
0.01523 3.48444 1.99654
0.01706 3.78802 2.17050
0.02315 4.98323 2.85547
0.02568 5.37857 3.08206
0.02490 5.02548 2.87969
0.01782 3.49218 2.00097
0.01973 3.72639 2.13519
0.01655 3.03487 1.73892
0.04942 8.83695 5.06485
0.05922 10.26003 5.88115
0.05018 8.50380 4.87379
0.01480 2.43386 1.39453
0.02032 3.25858 1.86711
0.01734 2.71223 1.55404
0.06405 9.77671 5.60387
0.03559 5.34681 3.06386
0.08025 11.73540 6.72776
0.04429 6.32109 3.62232
0.08960 12.49157 7.16181
0.09399 12.84445 7.36440
0.06223 8.38752 4.80710
0.05028 6.65249 3.81230
0.11198 14.59374 8.36904
0.06501 8.25611 4.73175
0.04178 5.26184 3.01516
0.04570 5.69426 3.26301
0.04816 5.99889 3.43762
0.03204 3.96568 2.27232
0.03708 4.50930 2.58386
0.03202 3.84934 2.20564
0.03274 3.87211 2.21869
0.01489 1.75334 1.00460
0.03954 4.65761 2.66885
0.02934 3.45853 1.98169
0.03829 4.54213 2.60267
0.03605 4.28951 2.45790
0.00719 0.85061 0.48737
0.02126 2.52510 1.44681
0.06513 7.71390 4.42083
0.07005 8.39483 4.81130
0.05830 6.96623 3.99216
0.01896 2.25947 1.29461
0.04727 5.62878 3.22548
0.04634 5.49622 3.14950
0.04561 5.40451 3.09693
0.03212 3.83579 2.19788
0.05360 6.41655 3.67704
0.06591 7.91125 4.53400
0.06471 7.79846 4.46932
0.03071 3.69876 2.11936
0.03301 3.97913 2.28002
0.05010 6.06155 3.47354
0.05687 6.88369 3.94484
0.03267 3.96040 2.26929
0.04055 4.91516 2.81646
0.03162 3.82303 2.19057
0.02295 2.80288 1.60598
0.03256 4.00547 2.29512
0.03684 4.56875 2.61793
0.01984 2.47619 1.41879
0.02396 2.99252 1.71465
0.02653 3.32340 1.90426
0.02372 2.97606 1.70522
0.03278 4.14870 2.37720
0.03542 4.50630 2.58214
0.03705 4.73406 2.71267
0.02120 2.72296 1.56019
0.04091 5.26740 3.01835
0.05021 6.53989 3.74775
0.04368 5.75096 3.29551
0.06138 8.17418 4.68476
0.06543 8.88307 5.09130
0.03760 5.15042 2.95130
0.03286 4.61270 2.64312
0.10114 14.48535 8.30676
0.02276 3.33321 1.90988
0.02771 4.15146 2.37878
0.02085 3.19967 1.83335
0.01901 2.98736 1.71169
0.00979 1.57839 0.90436
0.01604 2.66539 1.52720
0.02309 3.95048 2.26361
0.01694 3.01639 1.72833
0.01760 3.25579 1.86551
0.03539 6.85318 3.92735
0.01938 3.90073 2.23509
0.01575 3.28054 1.87970
0.01805 3.90613 2.23819
0.01715 3.69859 2.11926
0.01975 4.39693 2.51946
0.04636 10.27907 5.89207
0.02091 4.77462 2.73591
0.03116 6.99480 4.00854
0.02383 5.47641 3.13814
0.02502 5.67183 3.25016
0.02872 6.52629 3.73995
0.02232 5.18933 2.97360
0.01680 3.92890 2.25124
0.01523 3.65200 2.09256
0.01130 2.61650 1.49919
0.00841 1.91901 1.09953
0.05676 12.23232 7.01298
0.02343 4.88252 2.79775
0.03397 6.97979 3.99994
0.02041 3.98136 2.28130
0.04283 8.17646 4.68607
0.03182 5.87834 3.36853
0.19179 34.14862 19.66205
0.03176 5.50669 3.15550
0.02091 3.51495 2.01402
0.03003 4.91615 2.81703
0.01889 3.00477 1.72167
0.02785 4.34059 2.48717
0.04262 6.48425 3.71585
0.03316 4.94399 2.83299
0.02526 3.68257 2.11007
0.01335 1.90407 1.09097
0.04978 6.94279 3.97872
0.02896 3.99597 2.28967
0.05126 6.94245 3.97853
0.03912 5.23827 3.00165
0.07651 10.02954 5.74891
0.08484 10.93662 6.26935
0.00436 0.55970 0.32068
0.05328 6.85315 3.92734
0.02753 3.57822 2.05028
0.03753 4.87164 2.79152
0.02620 3.38786 1.94119
0.05592 7.23654 4.14714
0.03904 5.04922 2.89329
0.03650 4.77090 2.73378
0.03956 5.18686 2.97219
0.02338 3.06789 1.75784
0.00867 1.14272 0.65474
0.02850 3.70465 2.12273
0.00650 0.85384 0.48922
0.00865 1.13623 0.65102
0.07134 9.45385 5.41867
0.02200 2.93265 1.68034
0.02653 3.51977 2.01679
0.03582 4.74716 2.72018
0.03168 4.18525 2.39815
0.05090 6.65990 3.81655
0.09875 12.84803 7.36645
0.16718 21.65539 12.43200
0.03980 5.11636 2.93178
0.01340 1.70364 0.97613
0.04963 6.29625 3.60808
0.12485 15.63092 8.96500
0.07785 9.76973 5.59987
0.04629 5.78322 3.31400
0.06707 8.24705 4.72655
0.16952 20.63924 11.84650
0.03353 4.02441 2.30597
0.09436 11.25294 6.45087
0.04631 5.47051 3.13476
0.05856 6.86011 3.93133
0.02794 3.25948 1.86762
0.05388 6.24251 3.57728
0.04335 5.01923 2.87611
0.02627 3.03171 1.73711
0.01565 1.79688 1.02955
0.02375 2.72111 1.55913
0.04601 5.23111 2.99755
0.10333 11.74793 6.73494
0.07220 8.24600 4.72595
0.06767 7.77922 4.45829
0.05037 5.85011 3.35235
0.11342 13.16412 7.54794
0.11412 13.34119 7.64962
0.08264 9.65212 5.53241
0.01555 1.82058 1.04313
0.04506 5.24642 3.00632
0.04327 5.06830 2.90423
0.02458 2.93502 1.68170
0.05894 7.08628 4.06099
0.03228 3.87828 2.22223
0.04288 5.18679 2.97214
0.05953 7.24417 4.15151
0.06488 7.93520 4.54773
0.01321 1.62633 0.93183
0.08677 10.66662 6.11442
0.08750 10.77283 6.17537
0.02819 3.47425 1.99070
0.09230 11.40386 6.53748
0.07428 9.26531 5.31053
0.10906 13.72191 7.86826
0.03797 4.76432 2.73001
0.14541 18.45564 10.58937
0.27105 34.70183 19.98383
0.12137 15.61759 8.95734
0.14547 18.84515 10.81352
0.10435 13.48989 7.73501
0.08248 10.69491 6.13066
0.03975 5.16025 2.95693
0.03023 3.95740 2.26757
0.05005 6.62062 3.79403
0.02901 3.86073 2.21218
0.05475 7.26847 4.16544
0.04857 6.41593 3.67669
0.03182 4.20904 2.41178
0.07817 10.29451 5.90093
0.27650 36.75333 21.17847
0.08397 11.34548 6.50397
0.03939 5.37715 3.08125
0.02155 2.92108 1.67371
0.03904 5.19566 2.97723
0.12142 16.04700 9.20415
0.04237 5.60287 3.21063
0.07208 9.64254 5.52691
0.05956 7.98379 4.57559
0.13616 18.22936 10.45917
0.15559 20.82892 11.95577
0.07179 9.53724 5.46651
0.13331 17.63678 10.11827
0.13794 18.34097 10.52339
0.02463 3.23820 1.85543
0.05352 7.00121 4.01222
0.07248 9.46849 5.42707
0.06478 8.53847 4.89367
0.02428 3.22465 1.84767
0.02998 3.96907 2.27426
0.02102 2.75431 1.57815
0.05588 7.21637 4.13557
0.02215 2.85988 1.63865
0.07109 9.20200 5.27422
0.06515 8.52103 4.88367
0.04585 5.98939 3.43218
0.03287 4.27862 2.45166
0.04489 5.78105 3.31276
0.06447 8.34771 4.78427
0.07480 9.73367 5.57918
0.03080 4.02772 2.30787
0.03112 4.08408 2.34017
0.15060 19.80438 11.36570
0.03188 4.19867 2.40584
0.06728 8.92159 5.11339
0.12180 16.36552 9.38725
0.02061 2.78339 1.59482
0.02149 2.92527 1.67611
0.01913 2.57637 1.47619
0.02791 3.78778 2.17037
0.02331 3.19598 1.83124
0.04929 6.92430 3.96813
0.02760 3.96859 2.27398
0.11979 17.73147 10.17274
0.03004 4.54432 2.60393
0.03400 5.25592 3.01177
0.09534 15.20505 8.72027
0.12162 19.94063 11.44415
0.05879 9.97792 5.71930
0.01681 2.98752 1.71178
0.06684 12.39341 7.10545
0.07733 15.03428 8.62214
0.03169 6.41828 3.67804
0.03188 6.76498 3.87679
0.06985 15.46586 8.87014
0.08068 18.47765 10.60203
0.06350 15.27039 8.75781
0.40165 100.78567 60.52048
0.02467 6.49062 3.71950
0.03399 9.37415 5.37296
0.03133 9.21684 5.28273
0.01397 4.40510 2.52414
0.01140 3.77503 2.16306
0.02996 10.51821 6.02927
0.01612 5.96182 3.41638
0.00603 2.37319 1.35977
0.01502 6.18238 3.54281
0.03297 14.45011 8.28652
0.03078 14.32663 8.21559
0.00973 4.54773 2.60588
0.02379 10.96071 6.28317
0.00855 4.00406 2.29431
0.01599 7.27740 4.17057
0.01583 7.24310 4.15090
0.01785 8.38249 4.80422
0.00718 3.27298 1.87536
0.01221 5.72932 3.28311
0.01262 5.81486 3.33214
0.24244 111.91982 68.05616
0.01321 6.26646 3.59100
0.01281 5.90105 3.38154
0.02001 9.11290 5.22311
0.08507 38.17928 22.01021
0.20861 82.92711 48.99273
0.17357 66.88505 39.07518
0.23091 79.79385 47.02751
0.06362 20.95874 12.03056
0.16526 53.98864 31.32178
0.23462 70.19555 41.09426
0.25838 73.65812 43.22046
0.20102 58.37186 33.93860
0.03207 8.56610 4.90952
0.07998 21.64933 12.42850
0.05632 14.16136 8.12065
0.18151 44.24639 25.56280
0.01665 4.07113 2.33275
0.03653 8.35446 4.78815
0.14855 32.87128 18.91969
0.04131 8.86739 5.08231
0.18829 38.41689 22.14891
0.47792 95.25109 56.88225
0.22574 42.96372 24.80977
0.03006 5.47822 3.13918
0.01683 2.99007 1.71325
0.04040 6.88839 3.94754
0.23977 40.03556 23.09471
0.42836 68.89991 40.30250
0.46607 72.90452 42.75641
0.03567 5.41123 3.10079
0.35370 52.29526 30.31536
0.00903 1.30557 0.74804
0.01169 1.65383 0.94758
0.01744 2.41354 1.38289
0.05926 7.99535 4.58222
0.03552 4.72237 2.70597
0.04072 5.26538 3.01719
0.03770 4.80101 2.75104
0.04280 5.33063 3.05459
0.08438 10.29590 5.90173
0.06847 8.19165 4.69478
0.02591 3.06398 1.75560
0.06626 7.68652 4.40514
0.02792 3.21885 1.84435
0.05140 5.83152 3.34169
0.10984 12.28250 7.04179
0.13107 14.39901 8.25717
0.05342 5.78436 3.31465
0.04317 4.63426 2.65547
0.04693 4.97927 2.85320
0.06461 6.78145 3.88623
0.08898 9.19733 5.27154
0.05197 5.31068 3.04315
0.03320 3.36330 1.92712
0.08299 8.42903 4.83091
0.15597 15.76193 9.04029
0.03480 3.52215 2.01814
0.02690 2.71934 1.55811
0.04346 4.39590 2.51887
0.02911 2.93675 1.68270
0.06497 6.50674 3.72875
0.04955 4.99716 2.86346
0.04532 4.55933 2.61253
0.06399 6.40409 3.66990
0.05429 5.48404 3.14252
0.05279 5.29346 3.03329
0.06893 6.95807 3.98749
0.04972 5.01499 2.87368
0.06275 6.35875 3.64391
0.08196 8.24362 4.72459
0.05334 5.35881 3.07074
0.04721 4.76446 2.73009
0.04194 4.24736 2.43374
0.03838 3.89055 2.22926
0.06195 6.25719 3.58569
0.12242 12.32083 7.06379
0.11993 12.10452 6.93962
0.04350 4.36821 2.50300
0.05076 5.14553 2.94850
0.05702 5.80385 3.32583
0.08127 8.27998 4.74544
0.02978 3.02598 1.73382
0.07345 7.43704 4.26210
0.05774 5.88321 3.37132
0.04054 4.15212 2.37916
0.06160 6.31876 3.62099
0.03666 3.76349 2.15645
0.02217 2.27601 1.30409
0.04731 4.87322 2.79243
0.01412 1.45677 0.83467
0.04201 4.37588 2.50740
0.06022 6.32427 3.62414
0.03610 3.79133 2.17240
0.02334 2.45747 1.40806
0.06721 7.08164 4.05833
0.04336 4.58277 2.62596
0.02475 2.62221 1.50246
0.04072 4.32617 2.47890
0.04572 4.87715 2.79468
0.03922 4.18894 2.40026
0.02764 2.95729 1.69447
0.02982 3.19908 1.83301
0.05498 5.92223 3.39369
0.10458 11.31648 6.48733
0.08948 9.74465 5.58548
0.09183 10.09166 5.78455
0.06138 6.81784 3.90709
0.09431 10.60279 6.07780
0.04247 4.81623 2.75977
0.05884 6.80432 3.89934
0.04452 5.21126 2.98617
0.06586 7.83867 4.49238
0.03573 4.32041 2.47560
0.04055 4.95355 2.83847
0.03090 3.82918 2.19409
0.02034 2.54659 1.45913
0.02205 2.79617 1.60214
0.01490 1.92541 1.10320
0.00786 1.03728 0.59432
0.02350 3.16188 1.81170
0.00551 0.75719 0.43384
0.01035 1.43915 0.82458
0.04931 7.10713 4.07294
0.03958 5.77116 3.30709
0.03186 4.74051 2.71636
0.03717 5.62356 3.22249
0.02692 4.15481 2.38070
0.03567 5.59270 3.20480
0.01856 2.96047 1.69629
0.02901 4.68952 2.68714
0.05626 9.20366 5.27517
0.05743 9.56495 5.48240
0.00486 0.82089 0.47034
0.02696 4.69668 2.69125
0.03420 6.05358 3.46898
0.03833 6.89718 3.95258
0.02499 4.60396 2.63811
0.02394 4.45931 2.55521
0.02647 5.04822 2.89272
0.03025 5.93592 3.40153
0.03466 6.87620 3.94055
0.03793 7.63585 4.37608
0.03384 6.87890 3.94210
0.04541 9.31471 5.33887
0.01074 2.19967 1.26034
0.03179 6.57126 3.76573
0.03254 6.75192 3.86930
0.01558 3.18904 1.82726
0.06293 13.28641 7.61816
0.03064 6.59558 3.77968
0.03398 7.23094 4.14393
0.03438 7.52448 4.31223
0.01877 4.03107 2.30979
0.00127 0.28389 0.16266
0.01863 4.20415 2.40898
0.04140 9.04606 5.18478
0.03961 8.77864 5.03141
0.01801 3.80514 2.18031
0.02588 5.52088 3.16363
0.00564 1.19565 0.68506
0.02041 4.27253 2.44816
0.01438 3.02790 1.73493
0.02197 4.53297 2.59742
0.00404 0.82960 0.47533
0.01807 3.65190 2.09250
0.02559 5.10330 2.92430
0.00694 1.36202 0.78038
0.02616 5.05273 2.89531
0.04604 8.74263 5.01076
0.02673 4.96113 2.84281
0.01576 2.87148 1.64529
0.03093 5.51283 3.15902
0.02628 4.59722 2.63425
0.02008 3.38805 1.94130
0.02550 4.23894 2.42891
0.02426 3.91929 2.24573
0.06645 10.49959 6.01859
0.06199 9.58637 5.49469
0.03584 5.45398 3.12529
0.08684 12.85468 7.37027
0.13854 19.82520 11.37769
0.02121 2.96876 1.70103
0.01000 1.36796 0.78379
0.01381 1.84733 1.05846
0.03016 3.95832 2.26810
0.03983 5.06934 2.90483
0.03275 4.08427 2.34028
0.03343 4.09775 2.34800
0.05732 6.93536 3.97447
0.09012 10.78580 6.18281
0.04442 5.19060 2.97433
0.14151 16.28147 9.33893
0.21525 24.52734 14.08860
0.10550 11.91192 6.82907
0.13000 14.48033 8.30388
0.03456 3.81323 2.18495
0.06021 6.57343 3.76698
0.02952 3.18537 1.82516
0.05878 6.26993 3.59300
0.02898 3.08316 1.76659
0.04800 5.10477 2.92514
0.04856 5.19583 2.97733
0.06598 7.08422 4.05981
0.05075 5.44277 3.11886
0.05847 6.23465 3.57277
0.06902 7.38959 4.23489
0.03870 4.18279 2.39674
0.00661 0.72051 0.41282
0.05246 5.76624 3.30427
0.03594 3.89830 2.23370
0.04680 5.11100 2.92870
0.05902 6.44202 3.69164
0.04925 5.35876 3.07071
0.20570 22.96393 13.18644
0.03179 3.51569 2.01444
0.04754 5.28771 3.02999
0.04622 5.18928 2.97357
0.03819 4.30636 2.46755
0.04432 5.02364 2.87864
0.05475 6.20371 3.55503
0.02989 3.42256 1.96108
0.02887 3.31062 1.89693
0.03446 3.97463 2.27745
0.15295 17.66021 10.13175
0.06987 8.07725 4.62918
0.07989 9.40320 5.38962
0.00902 1.06460 0.60997
0.04255 5.03337 2.88421
0.03331 3.89218 2.23020
0.07242 8.46977 4.85427
0.10873 12.69336 7.27765
0.02071 2.40351 1.37715
0.08600 9.91037 5.68055
0.11836 13.40904 7.68858
0.13072 14.77644 8.47400
0.09237 10.38091 5.95049
0.11065 12.41326 7.11685
0.17765 19.64108 11.27168
0.01153 1.24370 0.71259
0.05668 6.06743 3.47691
0.03610 3.80713 2.18146
0.05800 6.11551 3.50448
0.06480 6.78573 3.88868
0.07748 8.04822 4.61254
0.08648 8.82122 5.05583
0.05036 5.05334 2.89566
0.05499 5.47218 3.13572
0.08470 8.37352 4.79908
0.03586 3.49142 2.00054
0.05482 5.33749 3.05852
0.02518 2.42580 1.38992
0.04840 4.64978 2.66437
0.03207 3.05727 1.75175
0.02658 2.51884 1.44323
0.03466 3.27842 1.87848
0.06280 5.93160 3.39905
0.03012 2.84717 1.63136
0.01925 1.81637 1.04072
0.05675 5.35335 3.06761
0.03742 3.54272 2.02994
0.04474 4.26076 2.44142
0.03204 3.06064 1.75369
0.04251 4.06182 2.32741
0.01856 1.77819 1.01884
0.02807 2.68434 1.53806
0.06616 6.31562 3.61918
0.08593 8.35880 4.79064
0.06492 6.29039 3.60472
0.08620 8.37364 4.79914
0.05820 5.66174 3.24437
0.07805 7.62005 4.36703
0.04914 4.81176 2.75720
0.02254 2.21747 1.27054
0.03229 3.19104 1.82841
0.06101 6.02642 3.45341
0.05567 5.55023 3.18045
0.08998 8.93512 5.12115
0.08675 8.67740 4.97335
0.17856 17.94791 10.29725
0.04656 4.69581 2.69075
0.04795 4.83871 2.77264
0.04521 4.57540 2.62174
0.03002 3.04810 1.74650
0.02522 2.56603 1.47027
0.08008 8.20439 4.70209
0.04745 4.88795 2.80087
0.06550 6.74125 3.86318
0.07245 7.48622 4.29029
0.01977 2.05505 1.17748
0.04215 4.38899 2.51491
0.11969 12.54211 7.19082
0.04446 4.67255 2.67742
0.14099 14.90857 8.54991
0.09053 9.63103 5.52031
0.02253 2.41442 1.38340
0.01693 1.83566 1.05177
0.03605 3.93592 2.25526
0.08752 9.77079 5.60048
0.02470 2.79615 1.60213
0.07755 8.93192 5.11931
0.90590 106.19988 64.14601
0.26719 32.07002 18.45444
0.08215 10.11991 5.80076
0.85116 107.95082 65.33380
0.02508 3.27964 1.87918
0.05949 8.05077 4.61400
0.10434 14.60625 8.37622
0.09398 13.69672 7.85379
0.12491 18.94849 10.87299
0.11830 18.67370 10.71485
0.03475 5.72667 3.28159
0.61522 106.23127 64.16724
0.63582 114.22500 69.65742
0.62317 118.68070 72.79781
0.59527 120.02794 73.75981
0.50396 108.70538 65.84811
0.51074 117.01947 71.61973
0.06904 17.18910 9.86080
0.39828 107.60058 65.09558
0.29930 88.55264 52.56064
0.34527 112.11925 68.19409
0.25263 94.79690 56.58650
0.23198 94.62208 56.47278
0.23954 106.28821 64.20575
0.19474 96.50034 57.69784
0.02284 11.58641 6.64224
0.04232 22.36547 12.84133
0.02025 10.92170 6.26079
0.01711 9.67085 5.54315
0.04371 26.35031 15.14164
0.19185 127.05820 78.88314
0.14277 101.39235 60.92333
0.13548 101.94006 61.28774
0.14707 116.43027 71.20400
0.13590 113.46585 69.12839
0.13061 115.65726 70.66020
0.13562 128.28587 79.79697
0.09080 96.52889 57.71652
0.03248 41.60237 24.01174
0.01936 30.60766 17.60609
0.03377 69.05553 40.39749
0.01800 48.33734 27.97222
0.00742 27.90226 16.03914
0.02069 120.07126 73.79084
0.00546 57.70196 33.53752
0.00688 111.82483 67.99050
0.00407 53.81153 31.21640
0.00290 140.58991 89.32826
0.00505 116.33211 71.13484
0.00119 19.36560 11.11308
0.00197 46.62884 26.96451
0.00521 107.92029 65.31302
0.00555 100.09392 60.06214
0.00651 124.37398 76.90563
0.00837 126.18504 78.23683
0.00656 140.97103 89.63569
0.00554 104.52847 63.01933
0.00263 108.04035 65.39475
0.01027 114.61782 69.93184
0.00328 59.25289 34.46675
0.00896 127.53840 79.23986
0.00407 91.68925 54.57378
0.00217 35.66919 20.54686
0.00492 121.32965 74.69508
0.00592 98.14452 58.77618
0.00726 132.87829 83.27131
0.00997 131.29799 82.06544
0.01161 137.72612 87.04361
0.00939 133.13585 83.46892
0.00646 134.35006 84.40460
0.00487 106.96127 64.66156
0.00367 67.28170 39.31642
0.00204 49.46188 28.63670
0.00320 109.68860 66.52052
0.00205 118.11010 72.39216
0.00274 124.89661 77.28851
0.00218 125.47949 77.71674
0.00530 123.69778 76.41174
0.00392 137.45118 86.82656
0.00303 102.36460 61.57067
0.00301 130.71343 81.62219
0.00554 104.69802 63.13330
0.00559 141.28881 89.89265
0.00306 131.79852 82.44618
0.00095 132.48103 82.96713
0.00025 40.68458 23.47439
0.00121 128.79163 80.17521
0.00211 139.15627 88.17903
0.00797 124.75460 77.18437
0.00560 117.39789 71.88732
0.00232 69.59593 40.72758
0.00165 106.21155 64.15390
0.00380 107.23239 64.84549
0.00125 76.84835 45.19335
0.00113 117.13381 71.70054
0.00332 135.66615 85.42668
0.04095 78.81491 46.41654
0.02307 65.24672 38.08066
0.01800 56.88499 33.04896
0.01244 36.06311 20.77628
0.01113 38.40545 22.14223
0.00971 26.64766 15.31352
0.03960 119.55513 73.42151
0.02811 73.97076 43.41320
0.03943 111.38465 67.68657
0.03591 86.79211 51.43834
0.03869 90.39800 53.74286
0.03761 78.15465 46.00524
0.03535 70.03927 40.99865
0.04802 88.26840 52.37908
0.06482 105.69203 63.80295
0.07841 110.70187 67.21620
0.02380 27.47310 15.79085
0.08585 80.61497 47.54109
0.01233 10.43808 5.98330
0.00293 2.14482 1.22891
0.01817 11.93565 6.84269
0.01958 11.86545 6.80239
0.03049 16.88531 9.68610
0.05294 27.94097 16.06153
0.03748 18.80112 10.78818
0.21425 101.56244 61.03642
0.00516 2.33896 1.34016
0.01758 7.60774 4.35996
0.01942 7.96688 4.56589
0.02877 10.85127 6.22037
0.01831 6.35566 3.64214
0.01629 5.11015 2.92822
0.03918 11.48635 6.58481
0.03126 8.52462 4.88573
0.01982 4.91969 2.81906
0.01223 2.87337 1.64638
0.04043 8.86888 5.08316
0.00948 1.92938 1.10547
0.04082 8.02861 4.60129
0.00135 0.24874 0.14252
0.01636 2.97346 1.70373
0.01738 3.03746 1.74041
0.00917 1.50566 0.86269
0.02357 3.82904 2.19401
0.02071 3.16950 1.81606
0.01622 2.45408 1.40612
0.00724 1.05409 0.60395
0.02728 3.79653 2.17538
0.01859 2.52588 1.44726
0.04691 6.12463 3.50970
0.02175 2.75237 1.57704
0.07957 9.78641 5.60944
0.03143 3.77215 2.16141
0.02026 2.37692 1.36191
0.03235 3.69704 2.11837
0.02672 2.96522 1.69901
0.00791 0.85800 0.49160
0.07068 7.49234 4.29380
0.09742 10.08699 5.78187
0.15339 15.50162 8.89069
0.05182 5.10604 2.92586
0.04191 4.03549 2.31232
0.04045 3.83096 2.19511
0.02533 2.35191 1.34758
0.04349 3.96948 2.27449
0.04266 3.83178 2.19558
0.12737 11.31028 6.48377
0.10224 8.93615 5.12174
0.15281 13.17036 7.55152
0.10251 8.73870 5.00850
0.03022 2.54649 1.45907
0.08273 6.89116 3.94913
0.04736 3.92606 2.24961
0.16352 13.50310 7.74260
0.00561 0.46612 0.26707
0.04520 3.76955 2.15992
0.04375 3.65168 2.09237
0.07086 5.94287 3.40552
0.04890 4.10280 2.35090
0.02445 2.04980 1.17447
0.09074 7.60614 4.35905
0.08412 7.06039 4.04614
0.06366 5.36197 3.07255
0.19101 16.17315 9.27666
0.05903 5.00965 2.87062
0.06563 5.57225 3.19308
0.03521 2.99078 1.71365
0.04111 3.50094 2.00600
0.04805 4.11627 2.35862
0.03959 3.40828 1.95289
0.04377 3.77594 2.16358
0.01857 1.60434 0.91923
0.03221 2.78502 1.59575
0.10343 8.97500 5.14403
0.06758 5.89215 3.37644
0.11371 9.96739 5.71326
0.07252 6.37720 3.65448
0.04828 4.23280 2.42540
0.03239 2.85658 1.63675
0.04344 3.83700 2.19857
0.02099 1.86549 1.06886
0.06448 5.75229 3.29627
0.05288 4.69849 2.69229
0.15026 13.42797 7.69945
0.03849 3.44880 1.97611
0.09594 8.62226 4.94172
0.01693 1.52251 0.87234
0.00811 0.73261 0.41975
0.05503 4.98666 2.85744
0.04998 4.54510 2.60438
0.08405 7.65123 4.38490
0.04919 4.47414 2.56371
0.10779 9.76697 5.59829
0.05108 4.64149 2.65961
0.03001 2.71449 1.55534
0.03832 3.52377 2.01907
0.22666 20.63051 11.84147
0.13220 12.05933 6.91368
0.16673 15.43605 8.85301
0.28037 26.06052 14.97416
0.09104 8.52568 4.88633
0.09274 8.57615 4.91528
0.04544 4.22236 2.41942
0.09431 8.73216 5.00475
0.03836 3.55752 2.03841
0.13039 12.11181 6.94380
0.00959 0.89870 0.51492
0.00529 0.50222 0.28775
0.02616 2.48512 1.42390
0.04788 4.54981 2.60707
0.10198 9.73704 5.58112
0.03700 3.52069 2.01731
0.05313 4.99680 2.86326
0.03474 3.27094 1.87420
0.00564 0.52849 0.30280
0.06247 5.87015 3.36383
0.03927 3.68273 2.11017
0.09656 9.13562 5.23614
0.05840 5.51803 3.16200
0.04834 4.59028 2.63027
0.02701 2.56874 1.47182
0.03660 3.50580 2.00878
0.09956 9.58893 5.49616
0.06411 6.18378 3.54361
0.09140 8.88758 5.09389
0.02532 2.44689 1.40200
0.04379 4.24425 2.43196
0.04996 4.86794 2.78940
0.06464 6.33934 3.63278
0.06470 6.39084 3.66231
0.05364 5.28423 3.02799
0.05769 5.68947 3.26027
0.02977 2.95570 1.69355
0.01540 1.53197 0.87776
0.04775 4.78766 2.74339
0.07081 7.12127 4.08105
0.05088 5.19435 2.97648
0.04565 4.76516 2.73049
0.01893 2.01369 1.15378
0.09431 10.19725 5.84513
0.08586 9.48323 5.43553
0.06296 7.11903 4.07977
0.01442 1.67835 0.96163
0.06557 7.78584 4.46209
0.03448 4.21522 2.41532
0.08948 11.18445 6.41156
0.13285 16.92132 9.70681
0.03712 4.87660 2.79436
0.01160 1.56710 0.89789
0.03830 5.34020 3.06008
0.02816 4.03360 2.31124
0.10098 15.04998 8.63116
0.05457 8.35299 4.78731
0.03517 5.64317 3.23373
0.01608 2.65103 1.51898
0.01059 1.72224 0.98678
0.31947 57.88590 33.64761
0.21033 36.23567 20.87681
0.02850 5.27612 3.02334
0.02578 4.76275 2.72911
0.03530 6.65712 3.81496
0.17208 32.93350 18.95584
0.04415 8.61593 4.93809
0.04087 8.03446 4.60464
0.06997 13.71791 7.86596
0.00626 1.24884 0.71554
0.03339 6.73625 3.86032
0.18748 37.82683 21.80452
0.04036 8.33480 4.77687
0.02298 4.78584 2.74235
0.01812 3.75049 2.14900
0.00997 2.10220 1.20449
0.01587 3.32654 1.90606
0.02733 5.82283 3.33671
0.20379 43.09862 24.88891
0.11664 24.11883 13.85279
0.11105 23.25216 13.35270
0.02170 4.43902 2.54358
0.07576 15.89289 9.11557
0.03847 8.07142 4.62584
0.06640 13.62153 7.81061
0.06309 12.95927 7.43032
0.03678 7.38297 4.23109
0.04176 8.39259 4.81001
0.03661 7.20123 4.12689
0.02966 5.73381 3.28568
0.04367 8.34892 4.78497
0.03539 6.66480 3.81936
0.04823 8.90421 5.10342
0.01958 3.52237 2.01827
0.04372 7.62221 4.36827
0.03175 5.40676 3.09823
0.02178 3.59933 2.06237
0.06775 10.89661 6.24639
0.09108 14.27301 8.18479
0.03739 5.71327 3.27391
0.11319 16.90482 9.69732
0.01240 1.80372 1.03347
0.02815 3.98155 2.28141
0.02626 3.66197 2.09827
0.04972 6.77343 3.88163
0.03827 5.11212 2.92935
0.05551 7.31882 4.19431
0.02531 3.31955 1.90205
0.02303 3.00940 1.72432
0.08222 10.73599 6.15423
0.04834 6.33515 3.63038
0.31464 41.00854 23.66400
0.25064 32.67550 18.80599
0.31838 41.41836 23.90396
0.29121 37.94104 21.87116
0.06583 8.56080 4.90648
0.04115 5.36407 3.07375
0.05286 6.87135 3.93777
0.04911 6.40643 3.67124
0.10223 13.35674 7.65855
0.03030 3.96028 2.26922
0.05459 7.17300 4.11071
0.07766 10.21731 5.85664
0.02987 3.95181 2.26437
0.03146 4.17642 2.39309
0.01623 2.16181 1.23865
0.06902 9.25730 5.30594
0.03235 4.36232 2.49962
0.07252 9.90768 5.67901
0.03144 4.35069 2.49296
0.02600 3.64585 2.08903
0.03168 4.50666 2.58234
0.06552 9.50465 5.44781
0.03990 5.89845 3.38005
0.03069 4.61177 2.64259
0.62161 94.34848 56.29492
0.02381 3.64320 2.08751
0.05969 9.19311 5.26912
0.13546 20.97259 12.03854
0.04322 6.77046 3.87993
0.03547 5.59493 3.20608
0.02851 4.53410 2.59807
0.05048 8.07214 4.62625
0.06589 10.62503 6.09056
0.05381 8.72642 5.00146
0.09787 16.00262 9.17863
0.08938 14.64195 8.39673
0.04141 6.82170 3.90930
0.06465 10.67540 6.11946
0.06952 11.52471 6.60683
0.03133 5.22579 2.99450
0.03254 5.43967 3.11709
0.21120 35.43911 20.41290
0.02495 4.19931 2.40621
0.06864 11.67354 6.69225
0.09158 15.64726 8.97439
0.09431 16.25275 9.32242
0.05251 9.15229 5.24571
0.02577 4.57752 2.62296
0.03335 6.00980 3.44388
0.07950 14.61604 8.38184
0.11992 22.54258 12.94345
0.12567 24.09581 13.83950
0.19073 37.42958 21.57277
0.12834 25.83344 14.84294
0.06374 13.14128 7.53483
0.14272 29.99350 17.25009
0.04542 9.82571 5.63198
0.00989 2.18168 1.25004
0.01962 4.47480 2.56409
0.04034 9.55053 5.47413
0.01941 4.59802 2.63470
0.02979 8.02537 4.59944
0.00725 1.96036 1.12322
0.00329 0.95932 0.54965
0.02018 6.27677 3.59691
0.01454 4.77097 2.73382
0.01495 5.20839 2.98452
0.03570 12.93354 7.41555
0.02424 9.00149 5.15922
0.01618 6.20363 3.55499
0.01302 5.01800 2.87540
0.02072 8.02186 4.59742
0.01039 4.05234 2.32198
0.01617 6.38453 3.65869
0.03636 14.38187 8.24732
0.05223 20.78561 11.93082
0.02880 11.64358 6.67505
0.05884 23.64856 13.58140
0.05751 23.25958 13.35699
0.03766 15.28438 8.76585
0.02201 8.97953 5.14662
0.05156 21.17142 12.15310
0.05269 21.82650 12.53062
0.03263 13.47922 7.72888
0.03779 15.92941 9.13656
0.03363 14.27505 8.18596
0.03575 15.01368 8.61030
0.03583 15.21495 8.72595
0.02173 9.22643 5.28823
0.01851 7.94366 4.55258
0.03161 13.67006 7.83848
0.03174 13.78560 7.90483
0.02949 12.88869 7.38980
0.02379 10.45003 5.99015
0.01712 7.40970 4.24641
0.02712 11.93436 6.84195
0.03757 16.65388 9.55303
0.00892 3.97289 2.27645
0.00880 3.91055 2.24073
0.04566 20.38505 11.70009
0.02774 12.38258 7.09924
0.04806 21.10411 12.11432
0.05901 25.02833 14.37787
0.04743 19.17927 11.00582
0.02455 9.47078 5.42839
0.04249 15.69666 9.00278
0.03209 11.39098 6.53008
0.01578 5.38330 3.08478
0.07220 23.92701 13.74208
0.02971 9.60665 5.50632
0.01185 3.73666 2.14107
0.03178 9.78737 5.60999
0.02497 7.46814 4.27993
0.01330 3.90197 2.23581
0.02370 6.78222 3.88667
0.02736 7.67916 4.40092
0.02350 6.42795 3.68358
0.02303 6.11818 3.50601
0.01753 4.52369 2.59211
0.03830 9.53967 5.46790
0.08186 19.90158 11.42167
0.03845 9.48913 5.43891
0.05669 14.14283 8.11001
0.04354 11.11533 6.37190
0.04888 12.60672 7.22791
0.03788 9.91904 5.68552
0.11667 30.79227 17.71313
0.10235 27.25283 15.66345
0.10066 26.94335 15.48448
0.15246 40.79405 23.53845
0.10122 27.33770 15.71254
0.16539 45.64152 26.38313
0.07634 21.43988 12.30780
0.03329 9.42252 5.40070
0.00885 2.51131 1.43891
0.01349 3.85544 2.20914
0.00510 1.46426 0.83897
0.01458 4.23917 2.42904
0.03729 11.01059 6.31180
0.03701 11.07720 6.35001
0.05078 16.37297 9.39153
0.03869 14.03263 8.04672
0.02531 10.78083 6.17996
0.03003 15.11782 8.67014
0.14536 90.03210 53.50796
0.05402 42.72682 24.67081
0.07381 79.17393 46.64045
0.06548 114.34409 69.74057
0.02830 108.86826 65.95933
0.00078 70.02495 40.98989
0.01174 64.40657 37.57182
0.00802 82.21650 48.54571
0.00286 68.92234 40.31619
0.00448 91.87224 54.69179
0.00597 128.52049 79.97231
0.00089 58.35672 33.92953
