-0.01724 -0.01076 0.08940
0.00085 -0.00713 0.09411
0.00418 -0.00946 0.09750
-0.00602 -0.01597 0.10303
-0.01303 -0.01569 0.11287
-0.00246 -0.01055 0.12751
-0.01784 -0.00933 0.13942
-0.01176 -0.01279 0.15352
0.00416 -0.00911 0.16564
-0.01420 -0.00313 0.17358
-0.01394 -0.01173 0.18077
-0.04238 -0.00874 0.18376
-0.05665 -0.03175 0.18585
0.00638 -0.01472 0.20421
-0.03692 -0.05774 0.20059
-0.03025 0.00528 0.21656
0.19128 0.05929 0.09831
-0.14321 -0.02043 0.17122
-0.16721 0.00000 0.16023
-0.02370 -0.00376 0.23318
-0.03042 -0.00041 0.23438
-0.03497 -0.00973 0.23910
-0.10116 0.01070 0.22981
-0.08410 -0.02222 0.24847
-0.07988 -0.00764 0.25542
-0.06647 -0.02729 0.26506
-0.04667 -0.00547 0.27814
-0.13911 -0.02932 0.25727
-0.04728 -0.00801 0.30004
-0.10026 -0.00726 0.30103
-0.05291 -0.01081 0.32219
-0.14289 -0.03283 0.30374
-0.17582 -0.03518 0.30473
-0.12968 -0.02509 0.34152
-0.19699 -0.05306 0.32410
-0.35482 -0.07283 0.15157
-0.16228 -0.05022 0.36667
-0.24640 -0.05232 0.33764
-0.05685 -0.01964 0.43291
-0.03991 -0.01732 0.44816
-0.04106 -0.02818 0.46195
-0.01658 -0.02516 0.47657
-0.04084 -0.03008 0.49294
-0.03435 -0.01995 0.50876
-0.03882 0.00525 0.52813
-0.01774 -0.01975 0.54462
-0.03594 -0.05193 0.55567
-0.06303 -0.04149 0.57222
-0.04113 -0.04132 0.58717
-0.01195 -0.01150 0.60769
0.01038 -0.02378 0.62291
-0.01257 -0.02408 0.63877
0.05580 -0.03976 0.65153
-0.03500 -0.02683 0.66409
0.05756 -0.05999 0.67874
0.02900 -0.03774 0.69903
-0.08351 -0.04151 0.71116
-0.09064 -0.03638 0.72520
-0.05978 -0.02576 0.73905
-0.03089 -0.04735 0.75372
-0.11185 -0.01877 0.75889
-0.04909 -0.04044 0.78483
-0.02783 -0.03651 0.79265
-0.02685 -0.04739 0.80065
0.00022 -0.06507 0.80010
-0.00958 -0.04584 0.80648
-0.02182 -0.03252 0.82136
-0.02293 -0.02458 0.83118
-0.00728 -0.04137 0.84440
-0.01358 -0.02357 0.84889
-0.03756 -0.03964 0.84708
-0.01843 -0.04862 0.84679
-0.02653 -0.05283 0.84099
-0.03399 -0.03484 0.83898
0.00015 -0.01897 0.84489
-0.02291 -0.02744 0.84112
-0.06878 -0.03599 0.84068
-0.07313 -0.02623 0.83077
-0.05521 -0.04063 0.83410
-0.00827 -0.03340 0.83862
-0.03387 -0.05171 0.83753
-0.01494 -0.06113 0.84080
-0.04599 -0.01280 0.84259
-0.01709 -0.04865 0.83579
-0.05263 -0.03322 0.83305
-0.05974 -0.04959 0.82944
-0.06211 -0.04638 0.82609
-0.01740 -0.04637 0.82872
-0.01996 -0.04561 0.82812
-0.04336 -0.04578 0.82411
0.00009 -0.07395 0.82279
-0.02868 -0.02334 0.82416
-0.03562 -0.03462 0.82354
-0.02068 -0.04055 0.82579
-0.00180 -0.04298 0.81772
0.01778 -0.04983 0.81121
-0.01318 -0.05898 0.80413
-0.01973 -0.03622 0.80015
-0.02004 -0.03645 0.79966
-0.02247 -0.03969 0.79698
-0.00376 -0.04157 0.79583
-0.03087 -0.03906 0.78855
0.02585 -0.03979 0.78457
-0.02110 -0.04777 0.78089
-0.01012 -0.03787 0.77764
-0.04250 -0.03120 0.77490
-0.04800 -0.04145 0.76514
-0.03738 -0.04366 0.75732
-0.05254 -0.05401 0.74708
-0.03825 -0.07714 0.73157
-0.03743 -0.03391 0.72821
-0.02697 -0.03976 0.71081
-0.07069 -0.09203 0.68850
-0.00318 -0.04206 0.68142
-0.02015 -0.01970 0.66681
-0.01168 -0.02474 0.65105
-0.00639 -0.03342 0.63551
0.00723 -0.02861 0.61971
0.00029 -0.02884 0.60126
-0.00344 -0.02606 0.58378
0.01596 -0.03270 0.56034
0.04188 -0.03104 0.53802
0.05895 -0.04634 0.51090
0.05879 -0.03108 0.49224
0.05314 -0.03027 0.47628
0.05486 -0.03340 0.45753
0.06451 -0.02980 0.45809
0.07188 -0.03330 0.44206
0.08668 -0.06046 0.43845
0.06758 -0.03109 0.43150
0.06281 -0.03510 0.43969
0.05166 -0.01770 0.43174
0.05708 -0.03004 0.43647
0.06989 -0.03715 0.43285
0.08165 -0.03161 0.42101
0.05901 -0.02767 0.42267
0.05311 -0.02390 0.41304
0.04889 -0.01176 0.42881
0.06073 -0.00975 0.43372
0.02238 -0.04278 0.46151
0.04357 0.00984 0.47782
0.03204 -0.00278 0.48557
0.04019 -0.01862 0.51068
0.01673 0.01995 0.52317
0.02054 0.02588 0.54032
-0.15281 0.01981 0.54009
0.01574 -0.03130 0.57562
0.03373 -0.02771 0.59339
0.01089 -0.02977 0.60998
0.00497 -0.02036 0.62837
-0.01467 -0.01570 0.64128
-0.02055 -0.03768 0.65584
-0.00666 -0.02702 0.67021
0.02998 -0.03033 0.68471
0.02096 -0.01923 0.70068
-0.02801 -0.02083 0.71612
0.00894 -0.04177 0.72335
0.03537 -0.06053 0.73496
0.05604 -0.00939 0.74458
-0.06119 -0.00112 0.76041
0.09342 -0.00102 0.77011
0.00225 -0.00906 0.77926
0.03653 -0.05801 0.77446
0.00171 -0.04397 0.76804
0.00951 -0.05289 0.76844
0.02429 -0.03341 0.77232
-0.04669 -0.02074 0.77099
-0.01413 -0.04859 0.77156
-0.01353 -0.04894 0.76329
-0.03446 -0.02492 0.76144
-0.01067 -0.03809 0.76112
-0.00292 -0.01932 0.75858
-0.02920 -0.00985 0.76876
-0.01483 -0.01596 0.76138
0.00017 -0.02217 0.76092
0.07021 -0.01514 0.75124
0.01002 -0.04070 0.74902
-0.00679 -0.04472 0.75228
-0.02201 -0.04577 0.75275
-0.02810 -0.02230 0.75616
-0.04849 -0.02592 0.76233
-0.10514 -0.02426 0.76100
-0.17149 -0.03068 0.75209
-0.04698 -0.02465 0.77618
-0.01437 -0.02258 0.78597
-0.05724 -0.02558 0.78580
-0.13255 -0.04977 0.78610
-0.07449 -0.06186 0.79097
-0.04816 -0.03633 0.79819
-0.04566 -0.05633 0.81002
-0.16649 -0.05461 0.80246
-0.01994 -0.04077 0.83184
-0.08571 -0.03873 0.83320
-0.04454 -0.02090 0.84514
-0.05673 0.00083 0.85171
-0.01766 -0.03869 0.85622
-0.05386 -0.03731 0.86060
-0.04145 -0.03419 0.86198
-0.02363 -0.01939 0.86587
0.01333 -0.03191 0.87024
-0.00856 -0.03446 0.87209
-0.03972 -0.04126 0.87762
-0.08756 -0.06530 0.87274
-0.05668 -0.06403 0.87139
-0.05111 -0.06902 0.86567
-0.04963 -0.04792 0.85831
-0.10924 -0.06581 0.85206
-0.12071 -0.04783 0.84547
-0.08605 -0.02661 0.85145
-0.00272 0.00429 0.85401
-0.04101 -0.04327 0.85684
-0.04900 -0.04109 0.85141
-0.02215 -0.03740 0.83644
-0.04531 -0.05645 0.82855
-0.02365 -0.04611 0.83069
-0.05050 -0.02898 0.82472
-0.06854 -0.03654 0.81809
-0.06786 -0.03000 0.81426
-0.01777 -0.01826 0.81200
-0.09207 -0.04451 0.80702
-0.09267 -0.02935 0.80638
-0.01856 0.00702 0.81123
-0.06740 -0.08774 0.80179
-0.07555 -0.04543 0.79683
-0.10936 -0.06232 0.78472
-0.03853 -0.03689 0.79508
-0.14305 -0.07535 0.77110
-0.27026 -0.11135 0.72434
-0.12480 -0.07500 0.76340
-0.14473 -0.07460 0.75458
-0.09866 -0.07809 0.76321
-0.10170 -0.03709 0.76360
-0.02546 -0.05789 0.76778
-0.04682 -0.03206 0.76187
-0.00981 -0.07164 0.75244
-0.04469 -0.02315 0.74983
-0.06761 -0.00858 0.75010
-0.06760 -0.02828 0.75343
-0.04925 -0.00846 0.75433
-0.09857 -0.02642 0.75244
-0.27492 -0.09189 0.69424
-0.09204 -0.06018 0.73190
-0.05458 -0.03339 0.72968
-0.01092 -0.02881 0.73695
-0.04239 -0.01006 0.75022
-0.12928 -0.04209 0.74434
-0.02818 -0.05584 0.75361
-0.06901 -0.05564 0.74223
-0.05837 -0.04986 0.74202
-0.13192 -0.07438 0.73140
-0.15328 -0.05187 0.72926
-0.07495 -0.03483 0.74821
-0.14482 -0.04431 0.74052
-0.15106 -0.02767 0.73622
-0.03419 0.00520 0.75981
-0.06215 0.00202 0.76196
-0.08928 -0.04420 0.75902
-0.06753 -0.06521 0.75290
-0.03842 -0.02210 0.75149
0.00382 -0.03285 0.75459
-0.02501 -0.02072 0.76257
-0.06696 -0.03301 0.77075
-0.03064 -0.02174 0.77348
-0.04985 -0.07224 0.76759
-0.07282 -0.03683 0.76018
-0.05200 -0.03136 0.76308
-0.02140 -0.04082 0.76694
-0.04886 -0.03859 0.77401
-0.07653 -0.02353 0.76816
-0.06641 -0.05978 0.76330
-0.01930 -0.04315 0.76329
-0.02013 -0.04205 0.76051
-0.15360 -0.05652 0.74263
-0.04436 -0.02593 0.75766
-0.07495 -0.03870 0.74937
-0.13068 -0.04005 0.73157
-0.00585 -0.03366 0.73960
0.00885 -0.00245 0.73464
-0.01333 -0.02323 0.74189
0.00140 -0.03258 0.73613
-0.00018 -0.03541 0.72859
0.01652 -0.06096 0.70899
-0.00690 -0.04286 0.69419
-0.12637 -0.02893 0.66302
-0.00097 -0.04266 0.65973
-0.02620 -0.03998 0.64513
-0.09428 -0.03748 0.61874
-0.12050 -0.04718 0.59604
-0.05630 -0.04168 0.58497
-0.00300 -0.02730 0.56214
-0.05805 -0.04557 0.53425
-0.07775 -0.03245 0.50743
-0.03359 -0.03780 0.49116
-0.02691 -0.04006 0.46871
-0.07248 -0.02601 0.44503
-0.08568 -0.00681 0.42807
0.04914 0.00690 0.41285
-0.35201 -0.05700 0.17793
-0.03286 0.01224 0.37850
-0.05036 0.00269 0.35906
0.01781 -0.00393 0.33938
0.00441 -0.00930 0.31704
0.00036 -0.00497 0.30200
0.01309 -0.02020 0.28378
-0.01269 -0.02287 0.26911
-0.03377 -0.01324 0.25137
-0.03150 -0.02711 0.23945
-0.05682 -0.02548 0.21952
-0.05122 -0.02437 0.20722
-0.03002 -0.01223 0.21159
-0.06283 -0.00999 0.20755
-0.04137 -0.00895 0.20920
-0.04413 -0.00070 0.21518
-0.04340 0.00090 0.21421
-0.05315 0.00189 0.20622
-0.04990 0.00176 0.21363
-0.02961 -0.00537 0.21105
-0.03378 -0.01613 0.21372
0.16594 0.07456 0.11760
-0.05794 -0.01094 0.20236
-0.03856 -0.01905 0.21271
-0.05696 -0.00559 0.21195
-0.12103 -0.02587 0.18528
-0.21659 0.00779 0.12771
-0.20276 0.00232 0.16194
-0.24126 0.02663 0.15756
-0.11165 -0.00709 0.28219
-0.20889 0.00269 0.22372
-0.25858 -0.00397 0.21175
-0.27762 0.02951 0.21238
-0.23722 0.05703 0.24304
-0.08398 0.00127 0.36489
-0.14341 0.00430 0.34045
-0.10856 -0.00765 0.38251
-0.22385 0.00074 0.34376
-0.07274 0.00566 0.40240
-0.08359 0.00478 0.42918
-0.18927 -0.00150 0.41038
-0.10293 -0.00445 0.45437
-0.21435 0.06083 0.43656
-0.43704 0.09931 0.22558
-0.26033 -0.02708 0.45557
-0.05747 -0.03276 0.54472
-0.03384 -0.00070 0.56187
-0.07453 -0.02359 0.58119
-0.26427 -0.04608 0.53546
-0.41629 -0.07268 0.45601
-0.43136 -0.12471 0.45505
-0.04640 0.00420 0.65762
-0.33276 -0.12133 0.57619
-0.02306 -0.00837 0.69102
-0.02124 -0.01681 0.70658
-0.02596 -0.00668 0.72210
-0.06463 -0.01441 0.73822
-0.02869 -0.03723 0.75075
-0.03077 -0.04123 0.77156
-0.01026 -0.04930 0.78355
-0.03170 -0.04297 0.80119
-0.07754 -0.04986 0.81438
-0.06693 -0.03648 0.83236
-0.01828 -0.03139 0.84489
-0.07337 -0.03565 0.85819
-0.01486 -0.03960 0.86646
-0.05444 -0.03347 0.87909
-0.10847 -0.05127 0.88623
-0.12210 -0.06460 0.89972
-0.01835 -0.06259 0.92124
-0.01217 -0.05675 0.92971
-0.01873 -0.05929 0.94048
-0.06172 -0.04513 0.94973
-0.09198 -0.03744 0.96238
-0.05435 -0.03107 0.97652
-0.03278 -0.02957 0.98611
-0.07508 -0.04961 0.98049
-0.14632 -0.04622 0.97758
-0.00789 -0.05357 0.98663
-0.00943 -0.04538 0.98819
-0.03957 -0.03802 0.98712
0.00827 -0.05143 0.98990
-0.05982 -0.02716 0.99629
0.01416 -0.07282 0.98888
-0.02715 -0.05753 0.99197
0.00133 -0.08490 0.99566
-0.02233 -0.07028 0.98723
-0.03977 -0.04871 0.99535
-0.05200 -0.06551 0.98709
0.00618 -0.07487 0.98863
-0.05647 -0.04608 0.98416
-0.07359 -0.03069 0.99097
-0.04934 -0.03348 0.99359
-0.01220 -0.06977 0.98827
-0.02982 -0.04846 0.98578
-0.01466 -0.05781 0.98466
-0.05240 -0.02688 0.98835
-0.10851 -0.05706 0.98605
-0.10621 -0.04530 0.98400
-0.02916 -0.04109 0.99462
-0.03629 -0.05514 0.98428
-0.04788 -0.04937 0.98000
-0.06973 -0.05590 0.97750
-0.02427 -0.03168 0.98326
-0.07041 -0.01142 0.98498
-0.04513 -0.05499 0.97880
-0.03183 -0.04321 0.97495
-0.04219 -0.06508 0.97181
-0.02805 -0.04282 0.97287
-0.01915 -0.02922 0.97363
-0.04150 -0.03882 0.96907
0.00361 -0.01091 0.96925
0.02752 -0.05788 0.95785
-0.06354 -0.03027 0.94954
0.02983 -0.03499 0.95106
0.00009 -0.04706 0.94864
0.05063 -0.06414 0.94555
0.01458 -0.06204 0.94393
-0.02382 -0.03624 0.94293
-0.01305 -0.06147 0.93922
-0.03822 -0.04814 0.93536
-0.02576 -0.05229 0.93446
-0.00319 -0.04851 0.93328
-0.02144 -0.03366 0.93122
-0.03161 -0.06594 0.92556
0.09082 -0.09124 0.91511
-0.05609 -0.07795 0.91319
-0.07386 -0.05719 0.90517
-0.04799 -0.04202 0.89797
-0.07704 -0.06647 0.88363
-0.02645 -0.04176 0.88033
-0.04239 -0.05282 0.86202
-0.02995 -0.04019 0.85289
-0.05612 -0.02178 0.83808
-0.02666 -0.03189 0.82599
-0.03104 -0.01518 0.81778
-0.01792 -0.00884 0.80672
-0.00981 -0.01830 0.79826
-0.01309 -0.02284 0.78821
0.00045 -0.04068 0.77277
-0.01432 -0.03084 0.75721
0.01167 -0.02078 0.74291
-0.00922 -0.03004 0.72648
-0.02549 -0.03426 0.71767
-0.03413 -0.06645 0.68973
-0.03214 -0.05889 0.68256
-0.03250 -0.04480 0.66977
-0.04867 -0.03482 0.65832
-0.03637 -0.03442 0.64589
-0.05085 -0.02923 0.63506
-0.03777 -0.03110 0.62488
-0.04937 -0.02692 0.61600
-0.07034 -0.02786 0.60660
-0.07795 -0.02906 0.59464
-0.03028 -0.01254 0.59123
-0.07063 -0.00603 0.56965
-0.07840 -0.01526 0.55931
-0.08166 -0.02642 0.54909
-0.06074 -0.02363 0.53882
-0.07325 -0.01428 0.53169
-0.08233 -0.01385 0.51759
-0.08865 -0.03533 0.50062
-0.10122 -0.02119 0.49327
-0.10081 -0.02501 0.48579
-0.11318 -0.02387 0.47818
-0.10002 -0.01109 0.47699
-0.08620 -0.00876 0.48044
-0.08436 -0.00090 0.47640
-0.09544 -0.00903 0.47230
-0.10907 -0.01745 0.47590
-0.12408 -0.00557 0.45707
-0.06990 0.00775 0.45916
-0.10132 -0.00852 0.45886
-0.08514 -0.01976 0.44852
-0.06163 -0.02269 0.46110
-0.06310 -0.00984 0.44344
-0.05713 0.00977 0.43928
-0.10691 -0.00990 0.44492
-0.08893 -0.01397 0.44217
-0.05916 0.00139 0.46967
-0.07374 -0.00542 0.46288
-0.04175 -0.01047 0.47006
-0.05274 -0.01487 0.47444
-0.04547 -0.01768 0.47254
-0.05203 -0.02442 0.48125
-0.02877 -0.01610 0.48575
-0.00370 -0.00988 0.49466
-0.04211 -0.02505 0.49901
-0.02063 -0.00834 0.50939
-0.03818 -0.02219 0.51587
-0.05006 -0.02884 0.52343
-0.03209 -0.01792 0.53751
-0.01930 -0.01475 0.54829
-0.03067 -0.03385 0.55914
-0.04005 -0.02112 0.56990
-0.03093 -0.01390 0.59180
-0.02932 -0.00306 0.60080
-0.02034 -0.01212 0.61846
-0.06093 -0.03844 0.62881
-0.06778 -0.01658 0.64285
-0.03387 -0.02845 0.65571
-0.08414 0.01978 0.67002
-0.13461 -0.01332 0.68559
0.00636 -0.01577 0.71415
-0.02052 -0.01955 0.73037
-0.01467 -0.02898 0.74687
-0.03914 -0.02270 0.76058
-0.04120 -0.03191 0.78395
-0.03321 -0.03120 0.80059
-0.03607 -0.03997 0.81394
-0.06193 -0.05027 0.82265
0.07172 -0.05581 0.83058
-0.04286 -0.03303 0.85406
0.12499 -0.05679 0.85825
0.19930 -0.05480 0.85290
-0.09122 -0.08753 0.87659
0.10217 -0.07746 0.88854
-0.02369 -0.04665 0.90470
-0.04873 -0.06633 0.91227
-0.02992 -0.03865 0.92552
-0.04966 -0.05761 0.93440
-0.03278 -0.02432 0.93894
-0.03784 -0.05578 0.93790
-0.03761 -0.04916 0.93264
-0.04798 -0.05636 0.92836
-0.04195 -0.03662 0.93085
-0.05214 -0.03755 0.93558
-0.04900 -0.05468 0.93110
-0.02282 -0.05515 0.92336
-0.00893 -0.03284 0.91725
-0.05521 -0.01878 0.90787
-0.03838 -0.02216 0.92083
-0.04935 -0.02107 0.91408
-0.06027 -0.01758 0.91405
-0.04822 -0.03965 0.91684
-0.20240 -0.06913 0.86983
-0.02948 -0.02769 0.90321
-0.03108 -0.05461 0.89692
-0.02827 -0.04058 0.88938
-0.01729 -0.02093 0.88649
-0.01477 -0.01177 0.88207
-0.02458 -0.04730 0.88099
0.00936 -0.03709 0.87245
0.00776 -0.03464 0.87128
0.02838 0.01356 0.86650
-0.10202 -0.05156 0.85848
-0.02872 -0.04250 0.86349
-0.01301 -0.07518 0.84622
0.02620 -0.02206 0.84675
0.01702 -0.05508 0.84331
-0.00238 -0.03304 0.85522
-0.03697 -0.04134 0.85327
-0.07652 -0.02713 0.85273
0.03449 -0.03297 0.86018
-0.06531 -0.00573 0.86530
-0.10314 -0.00781 0.87663
-0.11096 -0.04664 0.87643
-0.07032 -0.03934 0.88614
-0.09570 -0.03900 0.88534
-0.15752 -0.05836 0.88875
0.01174 0.00506 0.92704
-0.02444 -0.04934 0.93253
-0.02539 -0.03154 0.94726
-0.05877 -0.02305 0.94634
-0.07083 -0.02578 0.95194
-0.08828 -0.02652 0.95825
-0.10377 -0.00002 0.97484
-0.06535 -0.01779 0.99418
-0.05874 -0.03934 1.00235
-0.09440 -0.01797 1.00691
-0.03563 -0.04040 1.02565
-0.05747 -0.04445 1.02452
-0.01195 -0.04348 1.03695
-0.01123 -0.06670 1.03881
-0.00221 -0.05086 1.04768
-0.01544 -0.05059 1.05390
0.00549 -0.05689 1.05565
-0.05607 -0.06073 1.05548
-0.03359 -0.03090 1.05690
-0.01339 -0.03587 1.05931
0.03737 -0.05923 1.05770
-0.03906 -0.02263 1.05531
0.00450 -0.06693 1.04780
-0.00473 -0.05222 1.04559
-0.02686 -0.05500 1.04481
0.01037 -0.03518 1.04337
-0.02610 -0.03326 1.04494
-0.05287 -0.05829 1.04459
-0.07773 -0.05733 1.02345
0.04903 -0.06370 1.02888
0.03992 -0.09560 1.02417
0.04457 -0.05571 1.02547
0.06784 -0.05638 1.02046
-0.03561 -0.05789 1.01903
0.01442 -0.04433 1.01556
-0.03224 -0.04237 1.01063
-0.06137 -0.04449 1.00958
-0.06050 -0.02818 1.00081
-0.09818 -0.03809 1.00150
-0.09708 -0.01390 0.99490
-0.18626 -0.06309 0.97524
-0.05220 -0.04402 0.98919
-0.01441 -0.06428 0.98867
-0.05459 -0.02299 0.98623
-0.02530 -0.04653 0.98355
-0.03223 -0.01173 0.98212
0.06271 0.01295 0.97397
0.01597 -0.06528 0.96843
-0.07399 -0.03439 0.96814
-0.07058 -0.06712 0.96293
-0.00546 -0.04517 0.96097
-0.04292 -0.04734 0.95814
-0.12424 -0.06221 0.94414
-0.04136 -0.05665 0.94903
-0.14651 -0.03555 0.93357
-0.09556 -0.04317 0.93413
0.01526 -0.02869 0.93246
0.00513 -0.04180 0.92149
-0.02041 -0.06112 0.91365
-0.08898 -0.05178 0.88984
-0.02866 -0.02652 0.88245
-0.08034 -0.03215 0.86393
0.75383 -0.14960 0.37012
0.25881 -0.06659 0.78911
0.07825 -0.04949 0.80644
0.70819 -0.13299 0.32008
-0.01629 -0.03868 0.76344
-0.05586 -0.03712 0.73583
-0.10484 -0.04030 0.70544
-0.08808 -0.06026 0.67778
-0.11421 -0.07338 0.64508
-0.11407 -0.05987 0.62025
-0.03456 -0.03190 0.60493
-0.52053 -0.02130 0.25296
-0.52036 0.00368 0.19764
-0.50003 0.00953 0.15996
-0.47544 0.00290 0.14110
-0.42083 0.00255 0.19448
-0.41219 0.00107 0.14353
-0.05817 -0.00302 0.39741
-0.33363 -0.00432 0.16025
0.27041 0.02098 0.20167
0.28685 -0.00095 0.11201
-0.22183 -0.01099 0.14728
-0.20347 -0.00307 0.13672
0.20281 0.00050 0.09827
0.17183 -0.00546 0.10570
-0.01027 -0.02446 0.19533
-0.02417 -0.03376 0.18460
-0.00139 -0.02037 0.18427
-0.00842 -0.01225 0.17627
-0.01318 -0.04172 0.16001
0.14443 -0.00571 0.04365
-0.12555 0.00819 0.06323
-0.11761 0.00976 0.06114
0.11748 0.00181 0.04639
0.10802 0.00268 0.05166
0.10110 0.00538 0.05004
0.10028 0.00752 0.03263
0.06811 0.01188 0.06378
0.01674 -0.00922 0.07569
0.00334 -0.00984 0.06240
-0.03031 -0.02078 0.03227
-0.02078 -0.01012 0.02920
-0.00402 -0.00586 0.02562
0.01141 0.00845 0.00977
-0.00253 -0.00241 0.00879
-0.00049 -0.00161 -0.00592
-0.00336 -0.00372 -0.00566
0.00177 -0.00027 -0.00103
-0.00193 -0.00018 0.00388
0.00521 0.00110 0.00309
0.00400 0.00018 0.00133
0.00439 0.00026 0.00198
0.00497 -0.00028 -0.00243
0.00483 0.00026 0.00198
0.00607 0.00085 0.00253
0.00357 -0.00031 -0.00296
0.00359 -0.00065 0.00385
0.00063 -0.00003 0.00235
-0.00083 -0.00051 0.00891
0.00262 0.00320 0.00368
-0.00329 0.00022 0.00620
0.00170 0.00169 0.00374
0.00165 0.00582 -0.00067
0.00161 0.00207 0.00309
0.00286 0.00254 0.00466
0.00302 0.00223 0.00397
-0.00326 -0.00290 -0.00622
0.00442 0.00423 0.00580
-0.00308 -0.00250 -0.00583
-0.00219 -0.00130 -0.00407
-0.00049 0.00006 -0.00453
0.00235 0.00487 0.00074
-0.00235 0.00320 -0.00112
-0.00011 -0.00001 -0.00292
0.00097 -0.00044 -0.00137
0.00090 0.00022 0.00199
-0.00111 -0.00003 -0.00134
0.00292 0.00091 -0.00300
0.00145 0.00036 -0.00243
0.00215 0.00087 0.00184
0.00092 0.00061 0.00202
-0.00335 0.00058 0.00406
0.00038 -0.00001 0.00394
0.00115 0.00031 -0.00199
0.00045 -0.00005 -0.00056
-0.00056 -0.00002 -0.00026
0.00054 -0.00005 -0.00077
0.00139 0.00014 0.00059
-0.00390 -0.00103 -0.00495
-0.00246 0.00011 0.00409
-0.00282 -0.00058 -0.00167
-0.00076 -0.00020 -0.00134
0.00211 0.00014 -0.00284
0.00125 0.00016 -0.00102
0.00078 0.00004 -0.00056
0.00100 0.00051 0.00217
0.02043 0.01202 0.04623
0.01720 0.01093 0.02889
0.01704 0.00820 0.02537
0.02186 0.01179 0.02396
0.02025 0.01105 0.01752
0.02224 0.00938 0.02730
-0.02792 0.00701 0.01639
0.03094 0.00283 0.02188
0.03295 0.00227 0.01274
0.03499 0.00312 0.02185
0.03343 0.00472 0.02630
0.03593 0.00451 0.03170
0.02983 0.00566 0.04031
0.03719 0.00948 0.03855
0.05015 0.00329 0.03516
0.04664 0.04020 0.03501
-0.02469 -0.01841 0.08096
-0.06364 -0.05248 0.06735
-0.01281 0.00598 0.11728
-0.01637 -0.00066 0.13567
-0.02711 -0.01560 0.14897
-0.03982 -0.00551 0.16002
-0.04941 -0.01404 0.17313
-0.07473 -0.01982 0.17296
-0.05933 -0.00726 0.19020
-0.18295 -0.06835 0.07974
-0.03582 -0.00602 0.21750
-0.04679 -0.01336 0.22597
-0.05078 -0.01515 0.23793
-0.08307 -0.01376 0.25143
-0.06578 -0.01053 0.28031
-0.08072 -0.01235 0.30821
-0.07439 -0.02035 0.33222
-0.05613 -0.02493 0.36147
-0.08458 -0.00833 0.39373
-0.05718 -0.00655 0.42157
-0.08678 -0.00222 0.44752
-0.07427 -0.00604 0.48554
-0.09325 -0.01288 0.49958
-0.07100 -0.00045 0.53864
-0.06030 -0.00056 0.54685
-0.06219 -0.01392 0.56861
-0.07276 -0.01541 0.60460
-0.06837 -0.02019 0.61151
-0.07473 -0.02279 0.64875
-0.05477 -0.01654 0.65832
-0.03874 -0.01795 0.68571
-0.01921 -0.02355 0.71790
-0.02288 -0.02733 0.73510
-0.04618 -0.05056 0.76279
-0.00690 -0.02728 0.78986
0.06223 -0.03483 0.80991
-0.01068 -0.04293 0.83191
-0.01543 -0.03019 0.85182
-0.00937 -0.04051 0.87410
-0.01772 -0.03362 0.90024
-0.01648 -0.01787 0.92119
0.05709 -0.02731 0.94122
0.09150 0.00436 0.96142
0.15280 -0.01581 0.97749
-0.03784 -0.04290 1.01333
-0.03053 -0.04013 1.03722
0.01366 -0.04754 1.05459
-0.00927 -0.03605 1.07642
-0.01789 -0.05193 1.09414
0.00964 -0.03729 1.11262
0.11424 -0.00933 1.12028
0.08351 -0.03608 1.14054
0.14062 -0.03753 1.15109
0.08987 -0.02412 1.16937
-0.01189 -0.04787 1.18567
0.06912 -0.02371 1.19825
0.03821 -0.02564 1.20545
0.15117 -0.05020 1.20047
-0.00139 -0.02659 1.20433
-0.03170 -0.06283 1.19702
-0.03039 -0.06801 1.19578
0.02046 -0.09415 1.18842
-0.03500 -0.07022 1.18929
-0.02117 -0.04481 1.19165
0.06392 -0.07787 1.18874
0.07442 -0.04811 1.18808
0.03532 -0.06231 1.18509
0.17219 -0.08677 1.16522
-0.02321 -0.08136 1.17525
-0.06073 -0.06164 1.17464
0.02203 -0.00821 1.17693
-0.03248 -0.05632 1.17235
-0.04278 -0.06169 1.16481
-0.01452 -0.06399 1.15964
0.00989 -0.06509 1.15739
0.00129 -0.04206 1.15664
0.00164 -0.05678 1.15498
0.08042 -0.08694 1.14633
0.01962 -0.09102 1.14313
0.09290 -0.08733 1.13372
0.05620 -0.06939 1.13365
0.03475 -0.05149 1.13900
-0.02615 -0.05100 1.13256
-0.04980 -0.04112 1.13018
-0.02386 -0.04438 1.12427
0.05443 -0.04226 1.11880
0.04956 -0.04109 1.12356
0.14760 -0.04031 1.10847
-0.03493 -0.05191 1.11435
-0.08949 -0.06879 1.10700
0.00232 -0.04804 1.11072
-0.01103 -0.03456 1.10604
-0.05690 -0.02125 1.10188
0.01964 -0.07350 1.09696
-0.06746 -0.07984 1.09358
-0.01108 -0.07510 1.09672
0.10175 -0.06014 1.09727
-0.02985 -0.06050 1.09834
0.02508 -0.04015 1.10449
0.02217 -0.05289 1.08607
0.22389 -0.03588 1.07503
0.12415 -0.05848 1.08765
0.16241 -0.02300 1.06763
0.27130 -0.05868 1.03943
0.07457 -0.07609 1.06246
0.05920 -0.07892 1.07684
-0.01836 -0.06946 1.07373
0.06700 -0.07444 1.07539
0.00409 -0.05929 1.07676
-0.12611 -0.08588 1.06567
-0.01758 -0.03359 1.06680
-0.01039 -0.02629 1.05201
0.00014 -0.04571 1.05181
0.02693 -0.04755 1.05095
0.08403 -0.04151 1.04309
-0.03290 -0.05429 1.04912
0.03606 -0.04494 1.06172
-0.00093 -0.05008 1.06095
-0.00501 -0.01332 1.06795
-0.01678 -0.07824 1.06113
-0.03781 -0.05039 1.06456
-0.06995 -0.08912 1.05091
-0.03913 -0.06838 1.05545
0.00554 -0.07162 1.05053
-0.00851 -0.04791 1.05020
0.00794 -0.05582 1.04239
0.08698 -0.06843 1.03235
0.06293 -0.03324 1.03428
0.08686 0.00683 1.02471
0.00208 -0.04412 1.03383
0.03916 -0.04398 1.03012
-0.00622 -0.06992 1.02382
-0.02853 -0.07436 1.01659
-0.04823 -0.05153 1.00988
-0.03271 -0.05771 1.01288
-0.04105 -0.05097 1.01185
-0.01054 -0.04971 1.00589
-0.00107 -0.04386 1.00448
-0.04343 -0.04260 0.99558
-0.06216 -0.05879 0.99066
-0.05119 -0.03438 0.97764
-0.03472 -0.05671 0.95569
0.01609 -0.03670 0.93941
0.08408 -0.06056 0.91899
-0.08272 -0.06566 0.89926
-0.06438 -0.05360 0.88041
-0.02328 -0.03612 0.85802
-0.06826 -0.05266 0.83779
-0.04057 -0.05524 0.81519
-0.10245 -0.06212 0.79103
-0.14218 -0.06405 0.76949
0.02237 -0.03641 0.76000
-0.01267 -0.01661 0.74011
-0.04737 -0.05190 0.71379
-0.05183 -0.02908 0.69556
-0.12679 -0.02376 0.65848
-0.06189 0.01320 0.65019
-0.04931 -0.00413 0.62132
-0.02936 -0.04400 0.60406
-0.02999 -0.03762 0.61273
-0.32134 -0.10276 0.43678
-0.23163 -0.06991 0.52761
-0.06055 -0.02639 0.53616
-0.04802 -0.03941 0.53767
-0.05697 -0.04544 0.52524
-0.19899 -0.08308 0.47593
-0.02193 -0.04913 0.50958
-0.01366 -0.03171 0.50752
0.01722 0.00796 0.50969
-0.05557 -0.00413 0.49831
-0.08858 -0.02390 0.48717
-0.25132 -0.03896 0.42540
-0.10281 -0.01858 0.47287
-0.07779 -0.01588 0.47349
-0.06897 -0.02232 0.47773
-0.05565 -0.00669 0.47105
-0.09062 -0.02144 0.46777
-0.09623 -0.01015 0.45936
-0.25155 -0.00051 0.40038
-0.17070 -0.00788 0.45243
-0.16557 -0.02171 0.44746
-0.09922 -0.02169 0.47822
-0.14320 -0.01823 0.45430
-0.05989 -0.03556 0.47153
-0.10323 -0.04055 0.47471
-0.09171 -0.03661 0.47668
-0.07509 -0.02628 0.49180
-0.08740 0.00011 0.48979
-0.05806 -0.03010 0.50415
-0.04403 -0.02809 0.51467
-0.06515 -0.01985 0.51864
-0.04544 -0.02665 0.52841
-0.06657 -0.01125 0.53738
-0.03621 -0.01763 0.55444
-0.06389 -0.00857 0.56994
-0.04437 -0.02546 0.58493
-0.03153 -0.02446 0.60373
-0.08137 -0.01645 0.61617
-0.10644 -0.01713 0.62896
-0.05197 -0.02156 0.65209
-0.12180 0.02525 0.65790
0.00054 -0.01690 0.68703
-0.00598 -0.03966 0.70599
-0.03262 -0.02254 0.71605
-0.04830 -0.03207 0.73171
-0.02066 -0.04143 0.74716
-0.05173 -0.03283 0.75591
-0.01274 -0.03461 0.76168
-0.01882 -0.02977 0.76460
-0.07388 -0.05299 0.76040
-0.04573 -0.03353 0.76092
-0.30572 -0.07178 0.70005
-0.25458 -0.04303 0.72231
-0.31819 -0.05283 0.69774
-0.28885 -0.06634 0.70800
0.02916 -0.06597 0.76561
-0.03958 -0.03932 0.76503
-0.05609 -0.03604 0.76633
-0.04782 -0.02955 0.76444
-0.09232 -0.03059 0.75921
0.01174 -0.05039 0.76337
-0.05302 -0.02265 0.75883
-0.07618 -0.01907 0.75599
-0.01676 -0.04473 0.75429
-0.02150 -0.04372 0.75166
0.01557 -0.02576 0.75033
0.05630 -0.06267 0.74079
0.00909 -0.05338 0.73964
-0.06986 -0.02404 0.72820
0.02152 -0.04991 0.72065
-0.02123 -0.02797 0.71239
-0.03413 -0.03615 0.70122
0.03618 -0.08102 0.68366
-0.00693 -0.06083 0.67365
0.00238 -0.05801 0.66294
-0.53879 -0.11017 0.36282
0.00088 -0.04731 0.65174
-0.04890 -0.05339 0.64528
-0.12235 -0.06866 0.63047
-0.03847 -0.03313 0.63632
-0.00099 -0.05202 0.63190
-0.00819 -0.04324 0.62734
-0.03913 -0.04679 0.62244
-0.05646 -0.04195 0.61616
-0.03898 -0.05043 0.61331
-0.09244 -0.04551 0.60284
0.07607 -0.07155 0.60147
-0.03077 -0.03830 0.60507
-0.05653 -0.04090 0.60153
-0.05983 -0.03082 0.59947
-0.02422 -0.02615 0.59841
0.01394 -0.04949 0.59597
-0.19470 -0.06057 0.56000
-0.01080 -0.02859 0.59327
-0.05333 -0.04171 0.58406
-0.07858 -0.04863 0.57792
-0.07665 -0.05846 0.57221
-0.04176 -0.03713 0.57100
-0.00648 -0.03412 0.56181
-0.02338 -0.03520 0.55334
-0.07103 -0.02787 0.53852
-0.10683 -0.05253 0.51847
-0.10934 -0.04672 0.50782
0.16893 -0.10478 0.46918
0.11623 -0.07470 0.47719
-0.04994 -0.03437 0.48121
-0.13153 -0.03529 0.45593
0.03938 -0.03835 0.45899
-0.00610 -0.01677 0.45303
0.02132 -0.01927 0.43759
-0.03544 -0.02390 0.42022
0.01800 -0.02024 0.42134
-0.03025 -0.01780 0.36948
-0.00205 -0.01825 0.36920
0.00112 -0.01367 0.34230
-0.01855 -0.01788 0.32051
-0.01152 -0.01317 0.30428
-0.01384 -0.01488 0.28641
-0.03432 -0.01190 0.27359
-0.01806 -0.01897 0.26804
-0.00879 -0.01765 0.26007
0.00628 -0.01994 0.25855
0.01961 -0.02153 0.25659
0.01253 -0.01523 0.25572
-0.00386 -0.00024 0.25331
-0.03033 -0.01255 0.25065
-0.04199 -0.03116 0.24579
-0.01928 -0.02467 0.24533
-0.04969 -0.02723 0.24229
-0.05363 -0.01727 0.24073
-0.03159 -0.02260 0.24333
-0.02225 -0.01160 0.24386
-0.04935 -0.01881 0.23775
-0.04783 -0.02590 0.23518
-0.01368 -0.03366 0.23931
-0.03879 -0.01647 0.23349
-0.02785 -0.02779 0.23226
-0.01888 -0.03442 0.23486
-0.02968 -0.02135 0.23262
-0.01378 -0.02103 0.23418
0.00284 -0.02091 0.23202
0.01587 -0.03004 0.22870
0.00822 -0.03637 0.22723
0.00670 -0.03329 0.22625
-0.00998 -0.02384 0.22623
0.00658 -0.02571 0.22952
0.02380 -0.02344 0.22479
0.03217 -0.02944 0.22136
-0.00037 -0.01821 0.22376
0.00020 -0.01810 0.22423
0.04706 -0.02352 0.21774
0.02746 -0.02445 0.22096
0.04813 -0.02878 0.22070
0.06022 -0.02900 0.22608
0.04871 -0.03008 0.24059
0.02121 -0.02443 0.25719
-0.02986 -0.01380 0.26872
0.02863 -0.02998 0.27869
0.01998 -0.01912 0.29176
0.08060 -0.01988 0.29011
0.03014 -0.02192 0.30699
0.01828 -0.00980 0.31637
0.03870 -0.01311 0.32216
0.03127 -0.01359 0.33265
0.00382 -0.01905 0.34030
0.01610 -0.02971 0.34786
-0.00362 -0.02909 0.35505
0.01606 -0.02754 0.36417
0.01292 -0.02526 0.37539
0.01569 -0.00955 0.38715
-0.00724 -0.01544 0.40107
-0.02834 -0.01223 0.41014
0.02441 -0.02609 0.40361
0.00510 -0.03447 0.39933
-0.00999 -0.03740 0.38975
-0.03657 -0.02690 0.38505
-0.04053 -0.02292 0.37908
-0.12377 -0.02993 0.35685
-0.10841 -0.01532 0.35926
-0.10370 -0.00605 0.35889
-0.15466 -0.04748 0.33689
-0.12435 -0.02192 0.34806
-0.18464 -0.01771 0.31130
-0.09842 0.00851 0.34208
-0.04783 -0.01710 0.34964
-0.01976 -0.01414 0.35144
-0.01318 -0.02080 0.34896
-0.01895 -0.01523 0.34718
-0.00849 -0.02024 0.34312
0.02994 -0.03591 0.33544
0.03668 -0.03854 0.32987
0.06148 -0.03977 0.30136
0.05443 -0.02207 0.26936
0.02869 -0.02309 0.23187
0.03171 -0.02975 0.19382
0.12516 -0.05574 0.08541
0.05873 -0.02385 0.10940
0.06816 -0.02390 0.05894
0.05294 -0.01002 0.01939
-0.02407 0.00629 0.00754
-0.00048 0.00000 -0.00100
0.00745 -0.00194 -0.01653
0.00099 -0.00949 -0.00199
-0.00154 -0.00018 -0.00386
0.00273 0.00175 -0.00363
0.00215 -0.00025 -0.00411
-0.00096 0.00014 0.00118
