-0.00843 0.01906 0.28823
0.04514 -0.00077 0.28976
0.02350 -0.00698 0.29793
0.00314 0.00287 0.30618
-0.01621 -0.00295 0.31529
0.03712 0.00163 0.32138
-0.03299 0.01215 0.33615
-0.00731 0.01027 0.35546
0.01140 0.01027 0.35991
-0.03785 0.01864 0.37090
-0.00343 0.02203 0.38510
-0.00530 0.02375 0.39393
-0.00554 0.01487 0.40240
0.01079 0.01954 0.41688
-0.00983 -0.00087 0.42873
-0.00413 -0.00176 0.44277
-0.02288 -0.00593 0.45255
-0.05865 0.00191 0.46517
-0.03153 -0.00372 0.48113
-0.03530 -0.01083 0.50131
-0.04296 -0.01251 0.50288
-0.01630 -0.00588 0.52514
-0.05064 -0.01770 0.53335
-0.00618 -0.03072 0.54912
-0.03501 -0.02257 0.55904
-0.03272 -0.03115 0.56711
-0.00799 -0.01833 0.58055
-0.02125 -0.02856 0.58855
-0.03640 -0.03450 0.60482
-0.01867 -0.03158 0.61496
-0.04291 -0.04444 0.62725
-0.03662 -0.03004 0.64096
-0.05409 -0.04327 0.65273
-0.05511 -0.01847 0.66662
-0.05285 -0.00832 0.68130
-0.04193 -0.03022 0.71080
-0.04463 -0.01664 0.68854
-0.04377 -0.02735 0.71825
0.03520 -0.00066 0.73599
-0.03416 -0.01271 0.74684
-0.04368 0.01174 0.76088
-0.04660 0.01523 0.76943
-0.02870 0.00418 0.78769
-0.06004 0.02820 0.79158
0.01473 0.03366 0.82136
-0.00004 0.01084 0.80803
-0.01716 0.00507 0.82832
-0.03096 -0.00139 0.83164
-0.03554 0.01619 0.84259
-0.02255 0.02586 0.85027
-0.00323 0.01813 0.86408
-0.04689 0.02851 0.86961
0.02706 0.02859 0.88747
-0.02142 0.01983 0.89846
-0.00203 0.00526 0.90849
-0.03241 -0.00039 0.91788
-0.02335 0.00812 0.92842
-0.01846 0.02201 0.94162
-0.03050 0.00552 0.95440
-0.03110 -0.00914 0.96875
-0.03245 -0.00661 0.97402
-0.05015 0.00328 1.00613
-0.03651 -0.00427 1.02397
-0.03696 0.00361 1.02984
-0.01023 -0.02701 1.04297
-0.05588 -0.01746 1.05297
-0.04834 -0.00171 1.06299
-0.04490 0.00906 1.06870
-0.03255 0.01617 1.07089
-0.04485 0.00928 1.06806
-0.05872 0.01673 1.06607
-0.03961 -0.03386 1.06367
-0.05673 -0.05423 1.07347
-0.02966 0.00476 1.07578
-0.03284 0.02158 1.07852
-0.01282 0.01219 1.07476
-0.04170 -0.02887 1.06492
-0.04408 -0.03076 1.06037
-0.05273 -0.02517 1.05722
-0.01381 -0.02958 1.06708
-0.04069 0.00851 1.07033
-0.03327 -0.01798 1.07602
-0.01165 0.01176 1.07572
-0.03349 -0.02265 1.07505
-0.03524 -0.02625 1.07793
-0.07338 -0.02625 1.07074
-0.02685 -0.00893 1.08501
-0.03783 0.00659 1.07285
-0.03565 0.00751 1.08154
-0.03204 -0.01132 1.08440
-0.02117 -0.02794 1.09024
-0.03218 -0.02431 1.09177
-0.02095 -0.01688 1.09506
0.01343 0.00195 1.11240
-0.03156 -0.00697 1.10835
-0.00085 0.01610 1.09563
-0.04204 0.00788 1.11302
-0.01710 -0.01147 1.11600
-0.04472 -0.01346 1.12515
-0.03727 0.00134 1.12947
-0.02361 -0.00812 1.14057
-0.03085 -0.02191 1.13910
-0.04242 -0.01144 1.14258
-0.03786 -0.03406 1.14526
-0.03045 -0.01903 1.15107
-0.03565 -0.02290 1.15791
-0.06969 -0.00997 1.16228
-0.05289 0.00043 1.16814
-0.06259 -0.01172 1.16854
-0.04382 0.00269 1.16964
-0.10353 0.01864 1.17984
-0.05191 -0.00950 1.18920
-0.06068 -0.00790 1.18979
-0.00442 -0.01458 1.19391
-0.08434 -0.03473 1.20086
-0.05431 -0.01170 1.20054
-0.00806 -0.02579 1.20858
0.02275 0.02086 1.21678
0.00607 0.00974 1.22258
0.00925 -0.01459 1.22478
-0.00923 -0.02923 1.22612
0.04802 -0.00402 1.22927
-0.00821 -0.01350 1.23494
0.05318 0.04458 1.23564
0.01262 0.01243 1.24361
-0.00202 -0.00754 1.24549
0.00941 0.00052 1.24800
0.01213 -0.00516 1.25560
0.01101 -0.01228 1.25033
-0.02283 0.00251 1.26578
0.01958 0.01555 1.26812
-0.05454 -0.00238 1.27078
-0.07320 0.00731 1.27087
-0.02628 -0.03910 1.27029
-0.01379 -0.01272 1.27486
-0.10072 -0.04175 1.26948
-0.02844 -0.02749 1.27683
-0.07100 -0.00744 1.26458
-0.02389 0.02432 1.27216
-0.01866 0.01925 1.31185
-0.00953 -0.00581 1.21820
-0.02135 -0.00232 1.25459
-0.02488 -0.00190 1.24980
0.00073 0.00020 1.24748
-0.04195 -0.01216 1.23552
-0.00745 -0.01786 1.21371
-0.01853 -0.00351 1.20285
-0.02539 0.00354 1.19900
-0.02629 -0.03750 1.18765
-0.02166 -0.01888 1.17659
-0.01359 -0.02721 1.16297
-0.01336 -0.04277 1.15163
0.00027 -0.02434 1.13963
-0.00796 -0.01761 1.13363
0.02102 -0.00955 1.12719
0.02890 -0.01457 1.12543
0.01422 -0.02740 1.12080
0.00502 0.00117 1.11609
-0.02078 0.01385 1.11277
0.04439 -0.00507 1.10812
-0.00450 -0.03740 1.10055
0.00520 -0.02404 1.09668
-0.02910 -0.01780 1.09288
0.00314 -0.00690 1.09694
-0.02194 0.00360 1.09634
0.02233 0.00405 1.09245
-0.04967 0.00369 1.08564
-0.04591 -0.00262 1.08179
0.01397 0.00122 1.06486
-0.05443 0.00342 1.05537
-0.03550 0.01758 1.04963
0.00329 0.02944 1.04205
-0.00393 0.02275 1.03520
-0.00152 0.00112 1.02112
0.08246 0.01845 1.01046
0.02481 -0.00182 1.00330
0.02243 0.01124 0.99435
0.02118 -0.00571 0.98822
0.01417 0.00899 0.97981
-0.01492 -0.01443 0.97054
0.00604 -0.00985 0.96153
-0.00764 0.00022 0.95310
0.03326 0.01405 0.94319
0.04182 0.00729 0.91857
0.00854 -0.01355 0.91347
0.04176 -0.03796 0.88850
0.00956 -0.01697 0.88600
0.05691 -0.00418 0.87391
0.00064 0.01862 0.87586
0.00230 -0.00719 0.86914
0.01010 -0.01800 0.84238
-0.01270 -0.02790 0.84617
0.00881 -0.00268 0.84205
-0.01157 -0.00085 0.84493
-0.01755 0.00389 0.83854
0.01522 0.01064 0.84056
0.00323 0.01894 0.84075
0.03337 0.00411 0.83741
0.00491 -0.00223 0.83573
0.00167 -0.01039 0.83832
-0.00032 -0.00755 0.85300
-0.00743 0.00579 0.82608
0.01088 -0.00863 0.84488
0.00634 -0.01273 0.84769
0.02140 -0.01044 0.85613
0.01571 -0.01119 0.85633
0.01882 0.00662 0.87161
0.01733 0.01678 0.88282
0.01596 0.01193 0.89740
0.07642 0.00199 0.89551
0.02106 0.01500 0.91082
0.02909 0.00124 0.92599
-0.01254 0.03300 0.93806
0.03903 -0.00257 0.94933
0.04665 -0.00535 0.96059
0.01624 -0.00977 0.97212
0.01955 -0.01308 0.98346
0.02907 -0.03236 0.99421
0.02436 -0.02313 1.02460
0.00010 -0.02207 0.99983
-0.03009 0.01272 1.03315
0.03595 -0.00226 1.04471
0.00148 0.01191 1.06013
0.01931 -0.00130 1.06147
0.07686 0.00598 1.07562
-0.00160 0.01052 1.09294
0.06901 -0.00489 1.09674
0.03586 0.01589 1.11687
0.00339 -0.01442 1.13023
0.02429 -0.02182 1.13773
0.03538 -0.03898 1.15150
0.01991 -0.03023 1.16296
-0.00899 -0.00270 1.18050
-0.00466 0.00142 1.19887
0.01675 -0.00275 1.20384
0.02168 -0.00562 1.22886
0.03966 -0.00314 1.22290
-0.00535 -0.00765 1.24044
-0.00575 -0.02982 1.24617
0.04844 -0.04212 1.25257
-0.03103 -0.03833 1.27286
-0.02454 -0.02481 1.28358
0.04287 -0.03937 1.28656
0.03121 -0.03930 1.29778
0.02999 -0.03747 1.31212
0.01202 -0.03625 1.32310
0.05962 -0.07218 1.33561
0.00140 -0.02706 1.34396
0.02497 -0.01526 1.36711
0.00830 -0.02552 1.37768
-0.00627 -0.06538 1.37670
-0.01272 -0.04809 1.38650
0.00183 -0.02655 1.39988
-0.01141 -0.01973 1.40798
-0.03455 -0.07114 1.41964
0.02356 -0.03966 1.42440
-0.04224 -0.06888 1.43677
0.00872 -0.07208 1.44727
0.06832 -0.05589 1.44345
-0.00881 -0.02166 1.47090
0.04479 -0.02118 1.46720
0.04478 -0.02296 1.48677
0.06232 -0.02539 1.48542
0.04426 -0.02813 1.48878
0.01929 -0.05176 1.50288
0.01010 -0.02668 1.50112
0.05160 -0.05447 1.50518
0.06780 -0.03502 1.50647
0.03155 -0.03769 1.51395
0.02588 -0.06966 1.51769
0.03101 -0.03904 1.52748
-0.01172 -0.02569 1.52695
0.07833 -0.03860 1.52478
0.06281 -0.03922 1.52850
0.02137 -0.04529 1.53815
0.08460 -0.03887 1.53464
0.04436 -0.04356 1.54388
0.11061 -0.03239 1.53655
0.11745 -0.02942 1.53547
0.03010 -0.03630 1.52639
0.05959 -0.04379 1.51284
0.01896 -0.05390 1.49783
0.00137 -0.04505 1.48097
0.08146 -0.03786 1.48119
-0.00651 0.00943 1.46742
0.02823 -0.02109 1.45541
0.04100 -0.01811 1.43971
0.04271 -0.02866 1.42420
0.02930 -0.02098 1.41575
0.01250 -0.03757 1.39554
-0.00009 -0.02731 1.38854
0.00147 -0.03345 1.37172
-0.01212 -0.00832 1.35861
0.02374 -0.03570 1.34812
0.04685 -0.07965 1.32878
0.01066 -0.04843 1.30525
-0.00963 -0.05495 1.29537
-0.00146 -0.02991 1.28926
-0.03111 -0.01348 1.27890
0.08246 -0.00346 1.26210
0.09053 -0.06351 1.25055
-0.01563 -0.00844 1.24700
-0.01786 -0.05210 1.23728
-0.01329 -0.02889 1.22577
-0.01610 -0.02705 1.21342
-0.02278 -0.05040 1.20195
-0.01617 0.00862 1.19439
-0.00706 -0.00804 1.18878
-0.01098 0.01002 1.19312
-0.00703 -0.00968 1.13949
0.00916 -0.03627 1.14014
0.00539 -0.03793 1.12462
-0.00834 -0.04660 1.11555
-0.00792 -0.06027 1.09890
-0.00479 -0.03402 1.08220
-0.02612 -0.01198 1.07917
-0.04263 -0.00886 1.07991
-0.02378 -0.03178 1.07467
-0.05875 0.02768 1.05499
-0.02231 -0.03787 1.04332
-0.03271 -0.03738 1.03416
-0.04015 -0.05095 1.02494
-0.03320 -0.03045 1.02390
-0.03532 -0.02417 1.01494
-0.02787 -0.03475 1.01033
-0.04813 -0.00745 1.00294
-0.06882 0.01217 1.00585
-0.04803 -0.01607 1.00448
-0.05965 -0.00579 0.98736
-0.02453 -0.01047 0.98975
-0.05004 -0.01326 0.98965
-0.06234 -0.00128 0.98786
-0.04221 0.00446 0.98665
-0.05269 -0.00703 0.98293
-0.01942 -0.01371 0.97561
-0.02301 -0.02207 0.97257
-0.05309 -0.01063 0.97095
-0.00230 -0.03320 0.97125
-0.01631 -0.00866 0.96783
-0.02485 -0.00648 0.96788
-0.03633 -0.00841 0.96582
0.00956 -0.01149 0.96724
-0.04836 0.00189 0.96150
-0.05385 -0.01763 0.95728
-0.05395 -0.01576 0.95553
-0.04693 -0.01994 0.95232
-0.05358 -0.01859 0.94848
-0.04798 -0.00468 0.94369
-0.02019 0.00634 0.94239
-0.05673 -0.00277 0.94298
-0.04803 -0.02793 0.94705
-0.06112 -0.02810 0.94942
-0.03771 -0.01487 0.95720
-0.04811 -0.00562 0.96334
-0.05029 -0.03098 0.96809
-0.02376 -0.01324 0.97367
-0.04837 -0.01380 0.97737
-0.05010 0.01223 0.98081
-0.01105 0.00348 0.98735
-0.04567 -0.00623 0.98620
-0.06084 -0.01637 0.98719
-0.03111 -0.02974 0.98907
-0.05210 0.00246 0.99114
0.00322 -0.00115 0.99759
-0.03541 0.00083 1.00004
-0.05887 -0.01082 0.98036
-0.01167 0.00964 0.98952
-0.01517 -0.01219 0.99060
-0.02985 -0.00089 0.99196
-0.05288 -0.01429 0.98665
-0.01353 -0.02322 0.99099
-0.02014 -0.02871 0.98919
-0.03445 -0.00099 0.98542
-0.01605 0.00580 0.98956
-0.03665 -0.00680 0.98635
-0.02429 0.00666 0.98893
-0.04192 0.00860 0.98657
-0.02765 0.01058 0.98536
-0.04306 -0.01566 0.98028
-0.03550 -0.02357 0.97971
-0.03656 0.00189 0.97565
-0.05097 0.01393 0.97046
-0.05140 0.01317 0.96682
-0.05074 0.00921 0.95922
0.02449 0.01281 0.96318
-0.03600 0.02384 0.96469
-0.05632 -0.03598 0.94098
-0.09326 -0.03233 0.94384
-0.03883 -0.00332 0.94334
0.06765 0.00369 0.94646
-0.01107 -0.01226 0.93806
-0.02965 -0.00235 0.93826
0.01960 -0.00075 0.93288
-0.01007 0.02257 0.93607
-0.04235 -0.00556 0.93701
-0.02526 0.00817 0.94088
-0.01377 -0.00478 0.94041
-0.02818 0.00587 0.94420
-0.02786 0.01793 0.95139
-0.02573 -0.00249 0.95870
-0.03671 -0.00459 0.95398
-0.03574 -0.02738 0.95381
-0.05671 -0.06333 0.94952
-0.05699 -0.01758 0.95434
-0.02152 0.00493 0.96294
-0.05204 -0.00411 0.96027
-0.01957 0.00465 0.96412
-0.05185 -0.00531 0.96341
0.07158 0.01300 0.96789
-0.05280 -0.02184 0.97034
-0.03577 -0.01947 0.96316
-0.02723 -0.02099 0.97353
-0.01713 -0.00749 0.97913
-0.01771 -0.00244 0.98591
-0.05713 0.00885 0.98551
-0.05482 -0.00608 0.98449
-0.00705 -0.01050 0.98617
-0.02535 -0.00375 0.98390
-0.03135 0.01226 0.98531
-0.01395 0.00278 0.98382
-0.03430 -0.00989 0.97899
-0.05428 0.00827 0.97795
-0.05935 0.02415 0.97650
-0.01959 0.00701 0.98474
-0.03788 0.00157 0.97673
-0.04579 -0.00788 0.97620
-0.05406 -0.01044 0.97032
-0.06703 -0.01413 0.98404
-0.05761 0.00481 0.95986
-0.03117 0.00550 0.97894
-0.04483 -0.00382 0.97430
-0.03183 -0.00113 0.97228
-0.01442 -0.00760 0.98691
-0.06347 -0.00298 0.96824
-0.04425 0.00505 0.99942
-0.05951 0.03329 0.97009
-0.02205 0.01060 0.99386
-0.05453 0.00918 0.99566
-0.02010 -0.00459 1.00637
-0.00718 0.02030 1.01027
-0.02753 0.01548 1.01852
-0.01531 0.00107 1.01631
-0.06279 -0.02352 1.02450
-0.05766 -0.00657 1.03097
-0.04494 0.00605 1.03139
-0.02470 -0.01117 1.04011
-0.01052 -0.00433 1.04298
0.03631 -0.01961 1.04894
-0.01796 0.00293 1.05344
-0.03901 -0.00166 1.05839
0.00518 -0.00641 1.05918
-0.06060 -0.06973 1.06309
-0.00960 -0.01643 1.06945
0.01029 -0.03075 1.07375
0.00032 -0.02418 1.07894
0.02625 0.01598 1.08301
-0.03352 -0.02343 1.09123
-0.03404 0.00656 1.09141
-0.05085 -0.02081 1.09664
-0.02396 0.00273 1.10114
-0.04345 -0.01281 1.10481
-0.00216 -0.05259 1.10496
-0.01937 -0.05525 1.10583
-0.04020 -0.03370 1.11197
-0.05261 -0.01491 1.12015
-0.04866 -0.01533 1.12761
-0.02830 -0.01295 1.12652
-0.01766 -0.02244 1.13146
-0.01197 -0.02542 1.13343
-0.02747 -0.02155 1.13630
-0.03999 -0.02796 1.13878
-0.01563 -0.01930 1.14385
-0.05587 -0.01055 1.14373
-0.03004 -0.02624 1.14068
-0.00910 -0.04494 1.14102
0.04138 -0.00434 1.14025
0.00275 -0.03057 1.14396
-0.00280 -0.02838 1.13818
-0.02832 0.00028 1.13593
-0.01112 0.00150 1.13422
-0.01498 -0.00572 1.13232
0.01310 -0.02245 1.12549
0.01514 -0.02158 1.12430
0.00437 -0.03017 1.12453
-0.07925 -0.06435 1.11393
-0.00306 -0.05282 1.11561
0.01100 -0.03881 1.11360
0.03052 -0.00921 1.11222
-0.06558 -0.02649 1.10874
-0.02008 -0.02461 1.10903
-0.04145 -0.01556 1.10848
-0.01441 -0.01478 1.10788
-0.06013 -0.05253 1.10359
-0.07715 -0.01853 1.10085
-0.04741 -0.02559 1.09908
-0.02582 -0.01616 1.10349
-0.06235 -0.01828 1.09828
-0.03299 -0.00922 1.10117
-0.06221 -0.03883 1.10005
-0.09000 -0.02388 1.09443
-0.06273 -0.03359 1.08748
-0.05608 -0.03335 1.08537
-0.04788 -0.01401 1.08129
-0.05602 -0.01759 1.08014
-0.02744 -0.00073 1.07030
-0.02518 -0.01850 1.06055
-0.01251 -0.01905 1.04564
-0.02665 -0.02021 1.03169
-0.03331 -0.00907 1.01326
-0.02973 -0.00419 1.00378
-0.02396 -0.03164 0.98465
-0.11759 -0.06481 0.95878
-0.07270 -0.02877 0.95208
-0.06781 -0.02678 0.94617
-0.08676 -0.00919 0.94542
-0.08648 -0.01268 0.94271
-0.03703 -0.01051 0.93960
-0.04787 -0.02164 0.93930
-0.03402 -0.01835 0.93607
-0.03921 -0.03004 0.93066
-0.07970 -0.04440 0.92623
-0.07293 -0.04061 0.91536
-0.09027 -0.00854 0.92168
-0.08187 -0.02268 0.91785
-0.08056 -0.03941 0.90401
-0.07875 -0.03393 0.91652
-0.01150 -0.02009 0.92392
-0.04863 -0.01910 0.90942
0.01179 -0.00662 0.92517
-0.04941 -0.02194 0.90792
-0.03848 -0.01564 0.92469
-0.04371 -0.00504 0.92660
-0.05064 -0.03434 0.91602
-0.00119 -0.01786 0.93276
-0.18687 -0.04697 0.92336
-0.03047 0.01374 0.94674
-0.00869 -0.02608 0.94916
-0.01668 -0.01762 0.94998
-0.02599 -0.02712 0.96199
-0.00127 -0.00790 0.97401
0.00569 -0.01159 0.98527
-0.01297 -0.01065 0.99133
0.00083 -0.02455 0.99758
0.05027 -0.02838 1.00688
-0.01266 -0.02936 1.01918
-0.01121 -0.00928 1.03215
-0.01754 -0.00657 1.04958
-0.00126 0.00590 1.06077
-0.00018 -0.01566 1.07160
-0.01043 -0.00585 1.08104
-0.02887 -0.00302 1.08996
-0.03073 -0.01719 1.09577
-0.03221 -0.02210 1.10167
-0.03557 -0.03096 1.11043
-0.04769 -0.03909 1.11377
-0.04913 -0.01745 1.12157
-0.02982 -0.00015 1.12381
-0.03821 -0.00390 1.12082
-0.06669 -0.01663 1.12120
-0.07217 -0.01458 1.11919
-0.04162 -0.01312 1.11976
-0.07476 -0.01312 1.12063
-0.03493 -0.00666 1.12354
-0.02442 -0.01921 1.11989
-0.03324 -0.02019 1.11579
-0.04977 -0.01411 1.10996
-0.03991 -0.02956 1.10452
-0.05266 -0.02481 1.10503
-0.06283 0.00255 1.09960
-0.04454 -0.01185 1.09598
-0.06852 -0.03029 1.09423
-0.05211 -0.04801 1.09036
-0.02311 -0.02126 1.09338
-0.03876 -0.00871 1.09700
-0.04335 0.01186 1.10048
-0.03462 0.01593 1.10099
-0.01254 -0.00228 1.10298
-0.04798 0.00425 1.10489
-0.01342 -0.00387 1.10824
-0.01942 -0.00437 1.11113
-0.03781 0.01523 1.10760
-0.02652 -0.01565 1.10771
-0.02563 0.00303 1.11492
-0.04194 -0.03113 1.11520
-0.01513 -0.02197 1.11800
-0.01452 -0.01635 1.11831
-0.03067 -0.01178 1.12204
-0.04136 -0.02502 1.12401
-0.02931 -0.00912 1.12193
-0.04367 -0.00629 1.11990
-0.01578 -0.00406 1.11866
-0.02328 -0.01032 1.11379
0.01280 -0.01426 1.11328
-0.00096 -0.00619 1.11443
-0.03647 -0.00648 1.10922
-0.01249 -0.01476 1.10769
-0.01169 -0.00244 1.10909
0.02153 -0.02169 1.10488
0.00368 -0.01095 1.09911
-0.02180 -0.02864 1.09172
-0.00967 -0.01308 1.08767
-0.02649 0.00179 1.09164
-0.02025 0.00120 1.08275
-0.02841 -0.01381 1.07878
-0.02707 -0.01735 1.07065
-0.00247 -0.01803 1.06280
-0.02014 -0.01119 1.06563
-0.00752 -0.00897 1.05548
-0.00011 -0.03411 1.04780
0.00219 -0.00984 1.04510
-0.03059 -0.00923 1.04123
-0.00338 0.00953 1.03642
-0.03330 -0.03166 1.02615
-0.02654 -0.00882 1.01958
-0.03554 -0.01172 1.01078
-0.06564 0.02414 1.01015
-0.00756 -0.00728 1.00696
-0.01727 0.00435 0.99876
-0.04482 -0.02002 0.99097
-0.01470 -0.01997 0.98801
-0.01554 -0.01455 0.98652
-0.01857 -0.00875 0.98177
-0.01715 0.00026 0.97514
-0.03382 -0.00256 0.97099
-0.01870 0.00258 0.96397
-0.02027 -0.00123 0.96498
-0.03351 0.00430 0.95901
-0.03026 0.00999 0.96019
-0.02031 -0.00983 0.95356
-0.01737 -0.01062 0.94234
-0.01007 -0.01655 0.94503
-0.01495 -0.00968 0.93868
-0.03433 -0.01583 0.93296
-0.01689 -0.01518 0.92551
-0.02627 -0.00353 0.91493
-0.02071 -0.00366 0.90847
-0.02002 -0.03857 0.89660
-0.00519 0.00151 0.88630
-0.00907 -0.01085 0.87730
-0.00050 -0.02745 0.85926
-0.01297 -0.02277 0.84587
-0.01897 -0.03758 0.83010
-0.01604 0.00020 0.81926
0.00564 -0.03378 0.81108
-0.00135 -0.02235 0.80589
-0.00649 -0.02301 0.80124
0.01208 -0.01916 0.79798
0.01302 -0.02918 0.79541
0.03155 -0.04074 0.79219
0.03068 -0.01084 0.79536
-0.01217 0.00881 0.79396
-0.01924 0.02660 0.79172
0.02050 0.01153 0.80077
0.04710 -0.01318 0.78330
-0.04601 0.00183 0.78994
-0.01527 -0.00784 0.79303
0.04446 0.00286 0.77763
0.04681 -0.00401 0.79187
0.05229 0.00291 0.77258
0.02393 -0.02388 0.79517
0.05999 -0.00811 0.79042
0.07299 -0.01972 0.77290
0.04073 -0.00084 0.79557
0.07249 0.00431 0.79372
0.05453 0.00110 0.78409
0.05186 0.00285 0.80234
0.04047 -0.00914 0.78989
0.04612 -0.01110 0.80874
0.04589 -0.01985 0.81423
0.03855 -0.02715 0.80334
0.03535 -0.01828 0.82140
0.01936 -0.01353 0.81070
-0.02729 -0.00934 0.82936
0.00144 -0.01106 0.83661
-0.00146 -0.01516 0.82797
-0.01022 -0.02205 0.84172
-0.01026 -0.01804 0.84626
0.00169 -0.02305 0.84197
0.00346 -0.00710 0.85542
-0.00048 -0.01617 0.85337
-0.00050 -0.01131 0.86434
-0.00212 -0.02571 0.86457
-0.00581 -0.02481 0.85772
0.02603 -0.01986 0.86758
0.00365 -0.02813 0.87265
-0.00290 -0.00297 0.86345
0.00425 -0.01425 0.87927
0.01008 -0.01065 0.88026
0.01078 -0.00427 0.87776
0.04519 -0.01142 0.88524
0.03222 -0.00899 0.87108
0.03280 -0.02806 0.88176
0.04573 -0.01946 0.88222
0.03816 -0.02447 0.86354
0.03916 -0.02210 0.87345
0.04888 -0.01360 0.86935
0.03520 -0.01839 0.85176
0.00533 -0.04392 0.86696
-0.00114 -0.01191 0.85852
0.01565 -0.00799 0.87235
0.00864 -0.02233 0.87484
0.00098 -0.01958 0.86900
0.00710 -0.01958 0.87633
-0.01658 -0.01263 0.88268
-0.02278 0.02792 0.88359
0.03180 0.00845 0.89679
-0.00129 0.00335 0.88742
0.03313 -0.00674 0.89988
0.05607 -0.00391 0.90135
0.07201 -0.01019 0.89216
0.05439 -0.01198 0.90846
0.02528 -0.02043 0.91398
0.05435 -0.00774 0.90817
0.02662 -0.00322 0.92537
0.04852 -0.01088 0.92125
0.05287 -0.01990 0.93467
0.07403 -0.01196 0.93792
0.05530 -0.03080 0.93916
0.02700 -0.02070 0.95252
0.02466 -0.01635 0.96028
0.04839 -0.01523 0.95534
0.02493 -0.00865 0.97152
0.04313 -0.00757 0.97029
0.03991 -0.01234 0.98212
0.04820 -0.01927 0.98811
0.03949 -0.03141 0.98425
0.06235 -0.02853 0.99725
0.01292 -0.01328 1.00521
0.03411 -0.01109 1.01071
0.03299 -0.00982 1.02241
0.02083 -0.00406 1.02376
0.04097 -0.02445 1.02744
0.02313 -0.03190 1.03543
0.02137 -0.03754 1.03659
0.01750 -0.02685 1.04811
0.05236 -0.02674 1.04694
0.03407 -0.03027 1.06184
0.01108 -0.04504 1.06292
0.02960 -0.04316 1.06410
0.04461 -0.03968 1.07062
0.02595 -0.01241 1.08055
0.02306 -0.04226 1.09006
0.02017 -0.01318 1.08719
0.01014 -0.04998 1.09343
0.03121 -0.00884 1.10118
0.01019 -0.01337 1.10663
-0.02833 -0.01177 1.11167
-0.01083 -0.01223 1.11818
-0.03863 -0.00570 1.12014
-0.02075 -0.02103 1.12296
0.02089 -0.02295 1.13012
-0.01513 -0.01641 1.13636
0.00940 -0.01349 1.14217
-0.00926 0.00363 1.14682
-0.00936 -0.00629 1.15408
-0.01500 -0.01429 1.16118
-0.00840 -0.01847 1.16999
-0.01104 -0.00070 1.17311
-0.04354 0.01467 1.18612
-0.01443 -0.01080 1.17612
-0.01806 -0.04322 1.18655
-0.08066 -0.05853 1.25540
-0.00365 -0.03095 1.13640
-0.00182 -0.01427 1.20709
-0.08097 0.00250 1.21407
0.00607 -0.00415 1.22550
0.00657 -0.00053 1.22972
-0.00821 0.00170 1.23362
-0.05078 -0.03415 1.23835
-0.04883 0.00157 1.24531
-0.00355 -0.03162 1.24939
-0.01114 -0.03664 1.25376
-0.02293 -0.02084 1.26534
-0.03489 -0.02160 1.27549
-0.02307 -0.00778 1.27647
-0.01936 -0.06084 1.28201
-0.01264 -0.04512 1.28978
-0.02353 -0.03224 1.29643
-0.02492 -0.00549 1.31183
-0.00204 -0.00988 1.32646
-0.00497 -0.03570 1.32477
-0.02765 -0.03882 1.32992
0.00934 -0.02736 1.33907
-0.01212 -0.02335 1.34653
-0.02149 -0.04048 1.35603
0.00230 -0.03501 1.36085
-0.02294 -0.02410 1.36771
-0.02213 -0.03697 1.37443
0.00128 -0.03102 1.38038
-0.01330 -0.02988 1.38878
-0.03267 -0.05003 1.39305
-0.03430 -0.03893 1.39648
-0.02230 -0.03841 1.40144
0.05515 -0.01849 1.40155
-0.02772 -0.03482 1.40987
-0.03251 -0.03466 1.40683
-0.04307 -0.04045 1.41082
-0.03325 -0.02400 1.40908
-0.01281 -0.02677 1.41204
-0.01323 -0.03106 1.41225
-0.03093 -0.03641 1.41089
-0.03460 -0.04634 1.40940
-0.02846 -0.04675 1.40729
-0.03696 -0.03887 1.41030
-0.01686 -0.04827 1.41069
-0.00204 -0.04527 1.40651
-0.00998 -0.01300 1.41243
0.00825 -0.01940 1.41631
-0.00048 -0.04838 1.40572
-0.01884 -0.04757 1.40140
-0.06224 -0.09486 1.39340
-0.02683 -0.05023 1.39290
-0.01670 -0.05215 1.38944
-0.01833 -0.02532 1.39496
-0.01250 -0.02755 1.39269
-0.02757 -0.02969 1.38843
-0.02875 -0.02777 1.38660
-0.02333 -0.04401 1.38137
0.01646 -0.01841 1.38648
-0.01391 -0.05005 1.37548
-0.01170 -0.02850 1.37544
-0.01153 -0.02153 1.36903
-0.01405 -0.01099 1.36646
-0.00550 -0.03732 1.36527
0.00578 -0.03123 1.35491
-0.00038 -0.05626 1.35063
-0.01081 -0.04059 1.34753
-0.02724 -0.03207 1.34474
-0.00992 -0.01606 1.33920
-0.01232 -0.02632 1.33297
0.00034 -0.02694 1.32144
-0.00482 -0.03584 1.30087
0.00209 -0.02952 1.28843
-0.00382 -0.04401 1.26942
-0.01226 -0.03909 1.24661
-0.02541 -0.03986 1.22545
-0.01792 -0.04643 1.20493
-0.03032 -0.05275 1.19036
-0.07566 -0.04023 1.16441
0.04964 -0.02539 1.14593
-0.05573 -0.04652 1.12054
-0.02121 -0.02535 1.10234
-0.03699 -0.04878 1.08374
-0.04903 -0.02617 1.06769
-0.03029 -0.03870 1.06103
-0.01753 -0.02108 1.04987
-0.03615 -0.03812 1.03797
-0.01448 -0.01128 1.03315
-0.05543 -0.05923 1.01635
-0.04456 -0.04442 1.01165
-0.04841 -0.00501 1.00557
-0.03209 -0.02794 1.00972
-0.03162 -0.01635 1.00920
-0.05847 -0.00349 1.01241
-0.05447 -0.00667 1.00797
-0.08686 -0.06504 1.00665
-0.05653 -0.03441 1.01049
-0.03704 -0.05041 0.99992
0.01610 -0.03353 1.00013
-0.06107 -0.02438 1.00139
-0.09418 -0.04419 0.99916
-0.16678 -0.08048 0.99447
-0.09797 -0.05368 0.99671
-0.08074 -0.04028 1.00785
-0.07702 -0.03467 1.01907
-0.07180 -0.03138 1.01523
-0.08442 -0.04331 1.02969
-0.04557 -0.03873 1.04077
-0.08705 -0.03944 1.03446
-0.08663 -0.04734 1.05158
-0.11217 -0.04060 1.05396
-0.02081 -0.05259 1.04559
-0.03985 -0.02368 1.06504
-0.01739 -0.03083 1.05626
-0.02533 -0.01958 1.07660
-0.10013 -0.04313 1.07648
-0.06493 0.01831 1.08000
-0.05009 -0.00852 1.09881
0.00018 0.00220 1.10369
-0.04649 -0.03297 1.08913
-0.00572 -0.02333 1.10680
-0.08535 -0.02552 1.10145
-0.07908 -0.03161 1.12129
-0.11394 -0.04794 1.12409
-0.12178 0.01641 1.11199
-0.07074 -0.02227 1.13902
-0.06070 -0.03592 1.13637
-0.04584 -0.02522 1.13126
-0.03139 -0.02397 1.14498
-0.00400 -0.02257 1.13813
-0.01735 -0.02314 1.15717
-0.00956 -0.02840 1.15751
0.01324 -0.03688 1.15395
0.00392 -0.03181 1.16553
-0.02645 -0.03222 1.16294
-0.03099 -0.03088 1.17105
-0.04394 -0.02907 1.17381
-0.04288 -0.02393 1.17950
-0.06817 -0.00802 1.18230
-0.04380 -0.03747 1.17369
-0.06078 -0.00804 1.17276
-0.03919 -0.03014 1.16886
-0.00202 -0.00974 1.17151
-0.02636 -0.03327 1.16730
-0.02943 -0.04120 1.16214
-0.03099 -0.02675 1.16068
-0.02781 -0.03677 1.15383
-0.01736 -0.02842 1.14994
-0.00641 -0.03164 1.13390
0.00470 -0.01817 1.12487
-0.00435 -0.02864 1.11158
0.00807 -0.03000 1.10315
0.02556 -0.02066 1.07949
-0.00531 -0.03400 1.05887
-0.02621 -0.03451 1.04588
0.01406 -0.04105 1.02213
0.00520 -0.03412 1.01218
-0.01403 -0.04440 0.99299
-0.03147 -0.04334 0.96641
-0.03212 -0.02859 0.95786
-0.03906 -0.05086 0.93377
-0.03412 -0.06249 0.90823
-0.01092 -0.05505 0.88785
-0.00952 -0.03676 0.84968
0.01480 0.00502 0.84396
-0.00522 -0.04605 0.81496
0.00188 -0.03341 0.81610
0.00957 -0.01361 0.81064
0.04313 -0.00436 0.77463
0.03633 0.01184 0.78567
0.01428 -0.02641 0.74593
0.00268 -0.02966 0.75407
0.03504 -0.04262 0.75660
0.06478 0.00185 0.71430
0.00646 -0.03184 0.75368
0.04054 -0.00930 0.71455
-0.02178 0.00387 0.75891
0.07309 0.02069 0.75675
0.04538 0.01749 0.72522
0.11545 -0.00041 0.73686
0.08631 0.01113 0.70777
0.03899 -0.03235 0.73064
0.03755 -0.02605 0.72581
0.03716 -0.03001 0.71178
0.01581 -0.01585 0.73263
-0.00637 -0.00149 0.71962
-0.00092 0.00875 0.73044
-0.00000 0.01363 0.73288
0.00630 0.00738 0.72874
-0.03297 -0.00086 0.73296
0.00646 -0.00982 0.73707
-0.03814 0.00248 0.73875
-0.00118 -0.00141 0.74368
0.00281 -0.00796 0.74932
0.04247 -0.01343 0.74823
0.00792 -0.00445 0.75156
0.00843 -0.01852 0.75070
0.02391 0.00264 0.75265
0.01284 -0.03363 0.74596
-0.00681 -0.00005 0.74976
-0.04655 0.02617 0.75047
-0.00557 0.02729 0.75644
-0.19266 -0.03632 0.72880
0.02526 0.01258 0.75549
0.01780 0.01644 0.74408
0.00565 0.00754 0.73582
0.01791 0.01716 0.74494
0.04472 0.00061 0.72155
0.04611 -0.01262 0.72941
0.03459 -0.01439 0.69976
0.02809 0.00125 0.68979
0.04127 -0.01539 0.69575
0.01793 -0.01576 0.68355
0.01997 -0.01804 0.68586
-0.00622 0.00020 0.69763
0.01954 0.01102 0.69016
-0.00751 0.00105 0.70203
0.01963 0.00224 0.69336
-0.00434 0.01251 0.69065
-0.00478 0.00828 0.71002
0.01597 -0.00627 0.69565
0.03068 -0.01599 0.69140
-0.03774 -0.01256 0.71278
-0.01433 0.01400 0.69068
0.07453 0.00194 0.72522
-0.01734 0.01133 0.70691
0.03107 -0.01245 0.70448
0.07329 -0.01421 0.72854
0.04015 -0.04027 0.70883
0.05273 -0.02002 0.72083
0.08206 -0.01894 0.74968
0.07055 -0.00302 0.73356
0.05297 -0.01858 0.75999
0.03320 -0.01786 0.75149
0.01581 -0.01437 0.76207
0.01821 -0.01275 0.78001
0.02459 -0.03252 0.78229
-0.05156 -0.05829 0.79061
0.01293 -0.00379 0.80654
-0.05434 -0.04266 0.80956
-0.01917 -0.01942 0.82719
0.00561 0.00015 0.83792
-0.00730 -0.00621 0.84643
0.01003 -0.01429 0.85773
0.00131 -0.02829 0.86454
0.00416 -0.02751 0.86940
0.00195 -0.02156 0.89041
-0.00084 0.00625 0.89873
0.01056 0.00810 0.90704
-0.00122 -0.00697 0.91450
-0.00287 -0.01645 0.92242
0.00082 -0.01474 0.93507
-0.00392 -0.01670 0.94452
-0.02761 -0.03453 0.95609
-0.01964 -0.00989 0.95800
-0.01363 -0.01252 0.97140
-0.00509 -0.01307 0.97981
0.00260 -0.01258 0.98579
-0.03774 -0.01046 0.99390
-0.01718 -0.00628 1.00220
-0.00236 -0.02053 1.00255
0.02145 0.00090 1.00614
0.00241 -0.01375 1.00864
-0.02751 -0.02817 1.01252
0.01426 -0.02906 1.01254
0.01372 -0.00186 1.01442
0.03237 -0.01860 1.02143
-0.02168 0.01397 1.02260
-0.02370 -0.02844 1.01673
-0.03160 -0.00467 1.01725
0.01152 -0.01002 1.01955
-0.02536 -0.00622 1.01994
-0.04610 -0.03167 1.01891
-0.02658 -0.01375 1.01929
-0.07321 -0.03930 1.01251
-0.03151 -0.02129 1.01812
-0.04622 -0.01600 1.01431
-0.00037 -0.00912 1.02089
-0.02456 0.00573 1.01653
-0.03083 -0.01223 1.01495
0.00158 0.02909 1.02065
0.02974 0.01185 1.01003
-0.05805 -0.02303 1.00493
-0.06172 -0.02420 1.00647
-0.07435 -0.02938 1.00400
-0.04804 -0.03157 1.00480
0.05427 0.01699 1.00906
-0.01592 0.02797 1.00703
-0.01709 -0.00947 1.00204
0.00095 -0.00100 1.00904
-0.01147 0.00928 1.00261
-0.06497 0.00215 1.00695
-0.11117 -0.00382 0.99765
-0.05075 0.00495 0.99899
0.01121 0.01000 1.00557
-0.03975 -0.02572 0.99944
0.00011 0.00585 1.00652
0.01084 0.00789 1.00564
0.10302 0.03113 1.00751
0.00215 0.00207 0.99592
-0.01573 0.00162 1.00015
-0.01628 -0.02811 0.99972
-0.02275 -0.00524 1.00277
-0.00255 -0.01004 1.00168
-0.04069 -0.02722 1.00529
-0.03604 -0.01705 1.00668
-0.02323 -0.02806 1.00330
-0.01311 -0.03790 1.00122
-0.02150 -0.02329 1.00137
-0.03458 -0.01284 1.00132
-0.02995 0.00689 0.99767
-0.00521 0.01795 0.99421
-0.03514 0.00867 0.99219
-0.00801 -0.00729 0.98966
-0.02448 -0.00157 0.98614
-0.01647 -0.00215 0.98459
-0.03661 -0.00841 0.98129
0.02209 -0.00496 0.97495
-0.03410 -0.00827 0.97784
-0.04079 -0.02386 0.97336
-0.02109 -0.00898 0.96814
-0.02741 -0.02180 0.97782
-0.02572 -0.02036 0.93082
-0.06467 -0.06146 0.93922
-0.01248 -0.02981 0.92991
-0.03515 -0.04432 0.91864
-0.00459 -0.02833 0.90365
-0.00916 -0.03646 0.88295
-0.00999 -0.04940 0.86283
-0.55775 -0.06125 0.61664
-0.27575 -0.05387 0.75699
-0.09997 -0.04701 0.78400
-0.01881 -0.03141 0.76218
-0.04006 -0.02979 0.73746
-0.05876 -0.04210 0.71409
-0.02368 -0.01585 0.69952
-0.00687 -0.01606 0.69463
-0.02544 0.00524 0.69654
0.02457 0.00209 0.69372
0.02063 -0.01467 0.68310
0.06348 0.00271 0.67017
-0.01787 0.00116 0.67008
-0.00801 0.01383 0.66229
0.02340 0.02803 0.65478
0.05478 -0.01234 0.66322
0.05464 0.01201 0.63735
0.00601 0.00604 0.65489
0.13409 -0.00526 0.61137
0.00971 0.01625 0.65757
0.05369 0.02144 0.62043
0.01908 0.01173 0.61624
0.05462 0.01142 0.65515
0.02029 0.01137 0.61745
0.00981 0.01730 0.66567
0.05965 0.00417 0.62996
0.04703 -0.00386 0.63868
0.09027 -0.01116 0.67811
0.04310 -0.01822 0.64431
0.05871 -0.01521 0.69048
0.03225 -0.00655 0.65841
0.06934 -0.01423 0.65335
0.05473 -0.00144 0.69967
0.02264 -0.01194 0.67085
0.02422 -0.00232 0.70624
0.04605 -0.00683 0.69359
0.03309 -0.00836 0.70707
0.01139 -0.01644 0.73841
0.00556 -0.02503 0.73594
-0.03626 -0.01972 0.75379
-0.00694 -0.01695 0.76904
-0.01770 -0.01472 0.77704
0.00340 -0.01051 0.80599
0.00430 -0.00939 0.80694
-0.00223 -0.00638 0.82929
0.00367 -0.00777 0.84288
0.00192 -0.00848 0.86111
-0.03350 -0.00129 0.87598
-0.00074 -0.00207 0.89280
0.00356 -0.01664 0.90975
-0.01282 -0.01453 0.92152
0.02006 -0.02871 0.93557
-0.02565 -0.01006 0.94080
-0.01729 -0.02189 0.95810
-0.01313 -0.02029 0.96980
-0.01904 -0.01771 0.97603
-0.01793 -0.00746 0.99234
-0.02737 -0.02147 0.99754
-0.02504 -0.03974 1.00523
-0.03283 -0.02671 1.01769
-0.00949 -0.03276 1.02797
-0.03662 -0.02923 1.03150
-0.01491 -0.02786 1.04108
-0.00295 -0.00101 1.04006
-0.01936 -0.01284 1.05142
-0.04421 -0.00940 1.04732
0.00634 -0.00994 1.05318
-0.00563 0.00272 1.05521
-0.04784 -0.01075 1.06037
-0.03083 -0.02310 1.05922
-0.03757 -0.03890 1.05851
-0.04337 -0.02066 1.06591
-0.02701 -0.01045 1.06927
-0.03761 -0.01497 1.06786
-0.02060 -0.02829 1.06304
-0.02023 -0.02187 1.07234
-0.02768 0.00173 1.05857
-0.05845 -0.02441 1.06625
0.00402 -0.02338 1.07261
-0.02447 -0.01057 1.06758
-0.05529 -0.01147 1.07014
-0.11291 -0.06238 1.06010
0.02305 -0.01349 1.06353
-0.00951 -0.01331 1.07485
-0.02077 -0.01406 1.07412
-0.03891 0.00396 1.07807
-0.02156 0.00028 1.08648
-0.04524 -0.01075 1.08481
-0.01570 -0.00431 1.09535
-0.02366 0.00097 1.09759
-0.04272 0.00786 1.10765
-0.05195 -0.00564 1.11013
-0.07101 -0.01227 1.11287
-0.09022 -0.01859 1.11479
-0.01713 -0.01969 1.12079
-0.02350 -0.02949 1.12383
-0.05086 -0.02959 1.13015
-0.03540 -0.01302 1.13565
-0.04846 -0.01010 1.14057
-0.02003 -0.00031 1.14613
-0.00789 0.00155 1.15964
-0.05882 -0.02632 1.15500
-0.03775 -0.03351 1.16251
-0.01676 -0.02056 1.16801
-0.01675 0.00007 1.17859
-0.00163 -0.01057 1.18632
-0.00748 0.01214 1.19412
-0.01597 -0.01602 1.20127
-0.01117 -0.02907 1.19979
0.02170 -0.02035 1.21095
0.03675 -0.02859 1.21612
-0.00276 -0.01713 1.22634
0.00446 -0.03716 1.22723
0.04616 -0.01810 1.23409
0.00827 -0.00620 1.24573
-0.00640 -0.03727 1.25516
-0.00471 -0.03258 1.25568
0.00119 -0.02859 1.25778
0.01113 -0.01846 1.26143
0.00658 -0.01905 1.26925
0.03997 0.02128 1.27259
-0.00426 -0.01798 1.28058
0.00794 -0.02408 1.28604
0.02130 -0.03983 1.28213
0.00783 -0.01423 1.28874
-0.00641 -0.00007 1.29861
0.01395 -0.00086 1.30550
0.00106 0.01876 1.30359
0.00369 -0.03302 1.30470
-0.01349 -0.03245 1.29422
-0.00538 -0.02998 1.29959
-0.00303 -0.01636 1.30343
0.01751 -0.02591 1.31000
-0.00723 -0.02300 1.32002
-0.00842 -0.01212 1.32239
-0.00150 -0.00661 1.32866
0.00639 -0.03419 1.33056
-0.01584 -0.03731 1.32789
0.00427 -0.02827 1.33223
-0.00569 -0.00945 1.34565
0.00906 -0.01303 1.34930
-0.01219 -0.03056 1.35628
-0.02028 0.00260 1.36130
-0.03644 -0.02725 1.36473
-0.01170 -0.02842 1.36297
-0.02386 -0.01955 1.36645
-0.01976 -0.01829 1.36850
-0.01065 -0.03000 1.36597
-0.01019 -0.01181 1.37511
-0.01296 -0.01899 1.37434
-0.01060 -0.05235 1.37929
-0.01815 -0.01170 1.37961
-0.01597 -0.01876 1.38154
0.03834 -0.02629 1.39650
-0.01884 -0.01140 1.39589
0.01089 -0.01457 1.40235
-0.00153 -0.00448 1.40776
0.00851 -0.03065 1.41820
-0.01631 -0.00005 1.42429
0.00528 -0.02542 1.43538
0.02394 -0.01688 1.43383
0.00075 -0.01655 1.43892
0.02004 -0.02790 1.44481
-0.01371 -0.04755 1.44515
-0.01462 -0.03974 1.44388
-0.01419 -0.01829 1.45403
0.00287 -0.02387 1.45769
-0.00811 -0.00742 1.46246
-0.00732 -0.01021 1.47366
-0.00967 -0.01489 1.46999
0.00831 -0.03768 1.47952
0.01448 -0.03933 1.46439
-0.03430 -0.03370 1.47522
-0.04860 -0.05120 1.47213
0.00606 -0.00996 1.47800
0.00614 -0.01152 1.47849
-0.00166 0.00146 1.47102
-0.04803 -0.04268 1.47700
-0.00037 -0.03106 1.47256
0.00597 -0.03034 1.47895
0.01197 -0.02706 1.47747
-0.02616 -0.02184 1.47284
-0.01796 -0.04299 1.48238
-0.01600 -0.03724 1.47301
-0.03212 -0.03895 1.46595
-0.01559 -0.03054 1.46945
-0.01895 -0.01360 1.46680
-0.02042 -0.02545 1.47108
-0.02111 -0.05102 1.46873
-0.04843 -0.05427 1.45999
-0.03509 -0.06243 1.46230
-0.02685 -0.00894 1.46540
0.01229 0.00350 1.46771
-0.01262 -0.02311 1.46921
-0.01574 -0.01842 1.46625
-0.04035 -0.04673 1.46652
-0.01564 -0.02563 1.46438
-0.03944 -0.02787 1.46020
-0.02181 -0.01822 1.45578
-0.00801 -0.01529 1.46113
-0.01974 -0.03273 1.45584
-0.04305 -0.05290 1.45367
-0.05932 -0.02954 1.45426
-0.04819 -0.02083 1.45734
-0.01911 -0.01370 1.45779
-0.00535 0.00080 1.45599
-0.03656 -0.00441 1.46147
-0.04419 -0.04209 1.44634
-0.00240 -0.01799 1.44906
-0.02904 -0.04216 1.45571
-0.01872 -0.00541 1.45730
-0.02543 -0.02380 1.45634
-0.04725 -0.01191 1.43969
-0.00569 -0.05369 1.44088
0.00626 -0.03528 1.44140
-0.01832 -0.03321 1.44617
0.00747 -0.02121 1.44308
-0.02189 -0.03238 1.44613
0.01007 -0.03676 1.44100
-0.02123 -0.02703 1.44363
-0.01682 -0.03922 1.43595
-0.01178 -0.01351 1.44357
-0.06225 -0.02058 1.44556
-0.02290 -0.02343 1.44913
-0.11311 -0.03478 1.44362
-0.01170 -0.03323 1.44817
-0.03105 -0.02665 1.45491
0.03083 -0.01998 1.45197
0.00274 -0.01799 1.45426
-0.03799 -0.03888 1.45280
-0.01822 -0.03166 1.45522
-0.00461 -0.04887 1.45234
-0.04755 -0.05452 1.44945
0.00545 -0.05828 1.45314
0.00159 -0.04431 1.44811
-0.06214 -0.02888 1.45751
-0.04864 -0.03090 1.44834
-0.01234 -0.03250 1.44746
-0.01707 -0.01510 1.44333
-0.01183 -0.02793 1.44889
-0.02932 -0.04487 1.44591
0.00341 -0.05313 1.44831
-0.02675 -0.03341 1.45844
0.01447 -0.04980 1.45473
-0.00187 -0.03171 1.46029
0.01669 -0.04109 1.44717
0.01595 -0.01613 1.44185
0.00551 -0.01572 1.44010
-0.00275 -0.01582 1.44324
-0.00093 -0.02099 1.44012
0.02469 -0.03318 1.43569
0.00961 -0.04484 1.42996
0.00718 -0.04704 1.43238
0.00467 -0.04066 1.42626
-0.01263 -0.02946 1.43429
0.02102 -0.03511 1.42866
-0.01083 -0.02284 1.42540
-0.01216 -0.03280 1.42819
-0.01035 -0.03326 1.42922
-0.02377 -0.04266 1.42852
-0.00881 -0.03396 1.42379
0.00717 -0.03964 1.42859
0.01369 -0.03002 1.43480
0.01052 -0.01856 1.42993
0.00452 -0.03335 1.43256
-0.00626 -0.04487 1.42759
-0.03017 -0.01890 1.42421
0.00406 -0.04690 1.41891
0.01786 -0.05079 1.41701
0.05451 -0.02340 1.41568
0.01527 -0.02766 1.42290
0.00385 -0.02846 1.41901
0.00481 -0.04117 1.41775
-0.00960 -0.02386 1.42482
0.01182 -0.01180 1.42777
0.01991 0.00247 1.43253
0.03331 -0.04871 1.43196
0.02334 -0.03275 1.43075
0.01740 -0.05018 1.42768
-0.00069 -0.01152 1.43358
0.03550 -0.01795 1.43816
0.02202 -0.04621 1.43293
-0.00263 -0.03968 1.43246
-0.01004 -0.04134 1.43626
-0.00070 -0.02566 1.42790
0.04281 -0.03142 1.43602
0.01030 -0.03150 1.43751
0.00601 -0.01720 1.43880
-0.00439 -0.01224 1.44655
-0.02005 -0.03394 1.44489
0.00354 -0.00404 1.44476
0.00406 -0.02151 1.45088
-0.03103 0.00048 1.45638
-0.02590 -0.03900 1.45978
-0.07290 0.04083 1.45454
-0.03452 -0.03745 1.46084
-0.01200 -0.00186 1.45761
-0.01797 -0.00527 1.46564
-0.04191 -0.02851 1.46596
-0.01506 -0.01842 1.46244
-0.04222 -0.00602 1.45844
-0.01475 -0.02090 1.46145
-0.00863 -0.02155 1.46854
-0.00936 -0.03610 1.46785
0.03500 -0.02977 1.47211
-0.01729 -0.03942 1.47143
-0.00633 -0.03557 1.46765
-0.00790 -0.05108 1.47364
-0.00794 -0.02744 1.47365
0.00039 -0.01032 1.47755
-0.01308 -0.03127 1.47833
-0.01782 -0.02921 1.47605
-0.02371 -0.01217 1.48175
-0.02732 -0.01017 1.49018
-0.01555 -0.05095 1.49190
-0.00725 -0.04721 1.49684
-0.02677 -0.02816 1.50615
-0.01656 -0.02765 1.49820
-0.01925 -0.03455 1.49328
-0.01796 -0.03452 1.49495
-0.02476 -0.03269 1.50395
-0.02535 -0.02454 1.51501
-0.03549 -0.03701 1.50596
0.00460 -0.07923 1.48762
-0.01292 -0.04184 1.48223
-0.02314 -0.01517 1.49276
-0.04022 -0.02142 1.50047
0.03508 -0.02896 1.49420
-0.02113 -0.04474 1.49342
-0.03292 -0.04179 1.48954
-0.01915 -0.03853 1.50047
-0.02598 -0.03983 1.50735
-0.02325 -0.03538 1.50823
-0.02842 -0.04091 1.49966
-0.00201 -0.02324 1.49822
0.00035 -0.05254 1.48831
0.00894 -0.02953 1.49004
-0.02479 -0.00688 1.49126
-0.02504 -0.02423 1.49401
-0.02393 -0.04152 1.49214
0.00805 -0.03716 1.48599
-0.01222 -0.04125 1.49312
-0.00285 -0.05083 1.48562
-0.01456 -0.02693 1.48639
-0.00786 -0.03784 1.48682
-0.00862 -0.01582 1.48631
-0.01551 -0.03076 1.48589
-0.04440 -0.04186 1.48609
-0.04252 -0.06096 1.48290
-0.00541 -0.04334 1.47907
-0.02751 -0.02098 1.48295
-0.02112 -0.00803 1.48842
-0.02597 -0.02359 1.48437
-0.02509 -0.04555 1.47999
-0.00639 -0.05197 1.49602
-0.00361 -0.00889 1.49294
-0.05423 -0.01807 1.49863
-0.03734 -0.04831 1.48903
-0.03540 -0.04448 1.50714
-0.03161 -0.04771 1.49378
-0.05768 -0.01485 1.50587
-0.02707 -0.02696 1.49448
-0.02765 -0.02353 1.49534
-0.03065 -0.03285 1.48941
-0.04559 -0.05344 1.48470
-0.03513 -0.02168 1.48614
-0.02023 -0.03437 1.49516
-0.01300 -0.02198 1.49863
-0.02006 -0.02278 1.49048
-0.02529 -0.04401 1.49002
-0.05141 -0.03336 1.48234
-0.03800 -0.04785 1.47807
-0.04100 -0.02500 1.47597
-0.03541 -0.05040 1.47698
-0.03603 -0.05208 1.46470
-0.04041 -0.05798 1.46365
-0.03200 -0.03608 1.46364
-0.03191 -0.03121 1.46943
-0.02647 -0.01438 1.48424
-0.03964 -0.02078 1.46837
-0.04434 -0.03580 1.45844
-0.04032 -0.07481 1.43189
-0.02788 -0.04469 1.42222
-0.03294 -0.03146 1.41437
-0.02478 -0.00872 1.40323
-0.02369 -0.02927 1.38257
0.01137 -0.03114 1.36152
-0.01033 -0.03821 1.34805
-0.02020 -0.04347 1.33165
-0.04330 -0.07185 1.31367
-0.03201 -0.05796 1.28912
-0.02316 -0.03344 1.27583
-0.02422 -0.03537 1.26937
-0.04854 -0.07808 1.22708
-0.00959 -0.05276 1.21171
-0.03683 -0.03228 1.20354
-0.04085 -0.01811 1.18054
-0.02735 -0.05131 1.14518
-0.03058 -0.04306 1.10298
-0.02133 -0.03421 1.07748
0.03013 -0.02180 1.05148
0.01960 -0.00466 1.02355
0.00140 -0.02582 0.98190
-0.01667 -0.02447 0.94646
-0.03321 -0.01749 0.90791
-0.03096 -0.03186 0.88273
-0.04604 -0.01777 0.84527
-0.00934 -0.01048 0.81636
0.01823 -0.00049 0.78925
0.02075 0.01226 0.76027
-0.05586 0.00121 0.73232
-0.01068 0.01348 0.70754
-0.02904 0.00088 0.67577
-0.02065 -0.00591 0.64812
-0.01508 0.00558 0.62082
-0.02736 0.00784 0.60167
0.03687 0.01586 0.59738
0.04762 0.02924 0.58534
0.05373 0.00393 0.57976
0.06107 0.02636 0.56641
0.00125 0.02203 0.56504
0.04657 -0.01372 0.54560
0.01307 0.02740 0.54156
0.04273 0.01977 0.53245
0.06124 0.01177 0.52216
0.01669 -0.00060 0.50664
-0.00061 0.01138 0.50784
0.04044 0.00874 0.50712
0.03771 0.01892 0.50234
0.05242 0.01795 0.50539
0.12236 0.01771 0.48997
0.09852 -0.00164 0.49748
-0.03020 0.04410 0.51733
-0.01414 0.05131 0.51739
0.04594 0.05559 0.52597
0.01041 0.04426 0.53564
0.02410 0.03816 0.54280
0.11693 0.01823 0.54058
0.04315 -0.00344 0.55738
0.08343 -0.00439 0.55858
0.05944 0.01889 0.57449
0.09501 0.00216 0.57578
0.04734 0.00469 0.59150
0.07642 -0.01524 0.60368
0.01886 -0.00553 0.61326
0.03899 -0.00232 0.62702
0.02715 0.00261 0.63343
0.02776 -0.01136 0.65378
0.03080 0.00073 0.65965
0.06096 -0.01312 0.67003
0.04583 0.00050 0.67927
0.01650 -0.00066 0.69467
-0.02987 -0.01117 0.70571
0.00183 -0.00332 0.71766
0.00318 0.00915 0.72902
0.02534 0.01041 0.73459
0.06557 0.03074 0.74543
0.05469 0.01972 0.75493
0.00305 0.01622 0.76819
-0.01799 -0.00451 0.77131
0.00033 -0.00341 0.78355
-0.03283 0.00156 0.79318
-0.01234 0.01277 0.80448
-0.00072 0.01232 0.81446
-0.00995 0.00050 0.82274
-0.00698 0.01452 0.83108
-0.00980 -0.00390 0.84504
0.00017 0.01584 0.85388
-0.00104 0.01396 0.85880
0.00071 0.01046 0.86463
-0.00537 0.00200 0.85827
-0.01360 -0.00992 0.85162
0.01907 -0.00325 0.84187
0.02370 0.00166 0.83830
0.01099 0.00035 0.82896
-0.00089 0.00404 0.82166
-0.01530 -0.00237 0.81082
-0.00684 -0.02187 0.79976
-0.03263 -0.03097 0.78915
-0.03871 -0.03188 0.77705
-0.03528 -0.02783 0.76832
-0.00535 0.01947 0.76551
-0.03654 0.01332 0.76187
0.00049 -0.01331 0.75258
-0.02349 -0.01720 0.73770
-0.01717 -0.01333 0.72725
-0.02131 0.00780 0.72495
-0.03514 0.02899 0.72095
0.00365 0.00132 0.71428
-0.05246 -0.00348 0.70790
-0.02314 -0.00549 0.69976
-0.01633 -0.00781 0.69967
-0.07944 0.01074 0.70165
0.02685 0.00330 0.71235
-0.01143 0.03407 0.71710
-0.02700 0.00703 0.72160
-0.00965 -0.00561 0.71988
-0.03043 -0.01526 0.72062
-0.04931 -0.03480 0.71746
