0.01592 12.50637 7.17030
0.00348 2.43250 1.39375
0.02624 15.93967 9.14246
0.01269 7.10204 4.07003
0.01179 6.10195 3.49670
0.02104 10.10545 5.79246
0.19314 87.78019 52.06756
0.17973 76.75426 45.13496
0.23699 95.30489 56.91730
0.20846 78.58033 46.27034
0.14773 54.63487 31.70649
0.01745 6.25888 3.58666
0.01584 5.37767 3.08155
0.02894 9.46417 5.42460
0.02492 7.83811 4.49205
0.00989 2.97125 1.70246
0.01433 4.13505 2.36938
0.00705 1.92481 1.10285
0.03141 8.19542 4.69694
0.02443 6.03055 3.45578
0.02394 5.60951 3.21443
0.01492 3.32398 1.90459
0.01703 3.60035 2.06296
0.00249 0.50252 0.28792
0.00408 0.78869 0.45189
0.01120 2.06507 1.18322
0.01118 1.96391 1.12526
0.02877 4.84288 2.77504
0.01941 3.11886 1.78705
0.01919 2.96896 1.70115
0.02570 3.82773 2.19326
0.02778 3.98713 2.28461
0.03797 5.30148 3.03788
0.01922 2.60161 1.49066
0.01766 2.33326 1.33689
0.02221 2.86976 1.64431
0.02094 2.64454 1.51526
0.02875 3.59590 2.06041
0.00870 1.07969 0.61862
0.01978 2.44273 1.39961
0.01905 2.35176 1.34749
0.01841 2.25577 1.29249
0.01735 2.11557 1.21216
0.01463 1.77878 1.01918
0.01726 2.08476 1.19450
0.01718 2.07261 1.18754
0.01876 2.24497 1.28630
0.01449 1.73056 0.99155
0.01412 1.68394 0.96484
0.01224 1.45498 0.83365
0.02142 2.54567 1.45860
0.00216 0.25621 0.14680
0.03006 3.56041 2.04008
0.01712 2.03434 1.16561
0.00849 1.00492 0.57578
0.00955 1.12142 0.64253
0.03578 4.23645 2.42749
0.06220 7.44435 4.26628
0.04094 4.93219 2.82622
0.02539 3.07345 1.76103
0.07714 9.26030 5.30766
0.01703 2.04227 1.17015
0.02385 2.85819 1.63768
0.05126 6.14302 3.52025
0.01773 2.13784 1.22491
0.02377 2.89009 1.65596
0.02312 2.84720 1.63138
0.01477 1.83663 1.05233
0.01711 2.13758 1.22476
0.02721 3.38603 1.94014
0.01446 1.79749 1.02990
0.01455 1.79556 1.02879
0.00751 0.91244 0.52279
0.02232 2.66134 1.52488
0.03510 4.09015 2.34364
0.02422 2.76352 1.58343
0.03908 4.38205 2.51093
0.01839 2.02407 1.15973
0.02607 2.81878 1.61509
0.04332 4.59594 2.63351
0.04363 4.53942 2.60112
0.03233 3.31015 1.89666
0.01128 1.13907 0.65264
0.01665 1.66265 0.95264
0.01383 1.35946 0.77892
0.03741 3.63554 2.08313
0.01847 1.78520 1.02286
0.01471 1.41281 0.80949
0.01827 1.75863 1.00763
0.02435 2.34812 1.34541
0.02350 2.27052 1.30094
0.03713 3.58963 2.05682
0.03221 3.12192 1.78880
0.02406 2.34269 1.34229
0.01538 1.49925 0.85901
0.01160 1.13315 0.64925
0.01218 1.19958 0.68731
0.01110 1.09758 0.62887
0.01016 1.00955 0.57843
0.05126 5.08781 2.91541
0.02063 2.05681 1.17849
0.05199 5.22165 2.99213
0.03380 3.42011 1.95968
0.03121 3.17735 1.82056
0.00683 0.69536 0.39841
0.02647 2.71117 1.55343
0.02597 2.66577 1.52742
0.04542 4.63980 2.65865
0.00894 0.91567 0.52464
0.03679 3.79670 2.17548
0.07344 7.70753 4.41718
0.01439 1.51739 0.86941
0.00046 0.04870 0.02790
0.05573 5.85325 3.35414
0.03984 4.18982 2.40076
0.02585 2.72354 1.56052
0.01878 1.97866 1.13371
0.02574 2.73440 1.56675
0.05874 6.24487 3.57863
0.01857 1.98022 1.13460
0.04551 4.87122 2.79128
0.03144 3.37840 1.93577
0.00798 0.85599 0.49045
0.00702 0.75084 0.43020
0.05074 5.46592 3.13213
0.00450 0.48301 0.27674
0.02755 2.96387 1.69824
0.02344 2.54014 1.45543
0.00567 0.61214 0.35073
0.02477 2.69110 1.54194
0.02843 3.10221 1.77751
0.06983 7.68766 4.40579
0.01469 1.61313 0.92427
0.04271 4.65788 2.66901
0.02305 2.51424 1.44059
0.02457 2.70463 1.54968
0.05270 5.84389 3.34878
0.01041 1.15377 0.66107
0.01907 2.10661 1.20702
0.03024 3.33656 1.91179
0.03267 3.61840 2.07330
0.01664 1.83557 1.05172
0.02334 2.56680 1.47071
0.02596 2.87446 1.64700
0.00955 1.06166 0.60829
0.00752 0.83833 0.48033
0.02010 2.25137 1.28997
0.06338 7.08201 4.05854
0.02106 2.34479 1.34350
0.01506 1.66970 0.95668
0.02415 2.67463 1.53250
0.02350 2.62912 1.50642
0.02615 2.92104 1.67369
0.03499 3.90777 2.23913
0.02210 2.45763 1.40815
0.00766 0.85294 0.48870
0.03265 3.64202 2.08684
0.04244 4.73704 2.71438
0.05253 5.86440 3.36054
0.02210 2.46475 1.41223
0.01513 1.68832 0.96735
0.01913 2.13575 1.22372
0.01508 1.68969 0.96813
0.01796 1.99836 1.14499
0.02650 2.95631 1.69390
0.00680 0.76114 0.43610
0.03301 3.70044 2.12032
0.01644 1.85245 1.06139
0.02271 2.55057 1.46141
0.04418 4.96617 2.84570
0.01793 2.01731 1.15585
0.01830 2.04732 1.17305
0.03610 4.08243 2.33922
0.01616 1.84922 1.05954
0.01363 1.56317 0.89564
0.03098 3.54699 2.03238
0.03515 4.02600 2.30688
0.05338 6.13771 3.51720
0.05065 5.87351 3.36576
0.02219 2.58524 1.48128
0.04842 5.67835 3.25389
0.00644 0.75754 0.43404
0.07704 9.11234 5.22279
0.01825 2.18059 1.24941
0.05177 6.14838 3.52332
0.03317 3.98238 2.28189
0.03673 4.38519 2.51273
0.01752 2.12694 1.21867
0.02312 2.83489 1.62433
0.03873 4.77645 2.73696
0.02582 3.19395 1.83008
0.02311 2.84958 1.63275
0.00923 1.14603 0.65663
0.01008 1.26613 0.72545
0.00782 0.98457 0.56412
0.00836 1.05439 0.60412
0.01912 2.44511 1.40098
0.00717 0.92559 0.53033
0.01783 2.33171 1.33600
0.01057 1.38812 0.79534
0.01947 2.53409 1.45197
0.05430 7.03799 4.03330
0.01385 1.81495 1.03990
0.01958 2.61035 1.49566
0.00668 0.89706 0.51398
0.00938 1.25128 0.71694
0.01851 2.43759 1.39667
0.01329 1.75409 1.00503
0.02242 2.96527 1.69904
0.02612 3.48410 1.99634
0.01433 1.91799 1.09894
0.02514 3.33570 1.91130
0.00987 1.31828 0.75532
0.01738 2.32315 1.33110
0.01736 2.32464 1.33195
0.01700 2.31031 1.32374
0.04464 6.09307 3.49161
0.02730 3.74775 2.14743
0.02923 4.04720 2.31903
0.05853 8.17221 4.68363
0.04431 6.14566 3.52176
0.03385 4.71078 2.69933
0.02787 3.92353 2.24816
0.02014 2.87093 1.64498
0.02420 3.46932 1.98787
0.05290 7.62967 4.37254
0.01801 2.61769 1.49987
0.02333 3.40094 1.94869
0.01568 2.30295 1.31952
0.01335 1.97776 1.13319
0.01184 1.77284 1.01578
0.01504 2.28972 1.31194
0.01362 2.07696 1.19003
0.02537 3.97093 2.27532
0.01046 1.63090 0.93445
0.03793 5.96500 3.41820
0.03375 5.30402 3.03934
0.01625 2.57548 1.47568
0.01540 2.47680 1.41914
0.00350 0.56926 0.32616
0.01899 3.12589 1.79107
0.09402 15.40412 8.83466
0.02133 3.46529 1.98556
0.03960 6.29882 3.60956
0.01472 2.33086 1.33552
0.00742 1.17403 0.67268
0.02584 4.15371 2.38007
0.04202 6.78409 3.88774
0.04009 6.46131 3.70270
0.66062 105.75376 63.84461
0.03403 5.41692 3.10405
0.04800 7.50387 4.30041
0.02891 4.49924 2.57809
0.03857 5.96937 3.42071
0.01860 2.86843 1.64354
0.01934 2.99114 1.71386
0.05920 9.15144 5.24522
0.01929 2.97320 1.70358
0.01045 1.59408 0.91335
0.07394 11.08462 6.35427
0.04459 6.59243 3.77787
0.03793 5.62485 3.22323
0.04408 6.53691 3.74604
0.00736 1.07132 0.61382
0.01006 1.45923 0.83609
0.02341 3.32137 1.90309
0.01604 2.24430 1.28591
0.00668 0.94189 0.53966
0.00272 0.37808 0.21662
0.00400 0.54726 0.31356
0.01406 1.88566 1.08042
0.01190 1.59210 0.91221
0.00802 1.06767 0.61173
0.02547 3.39218 1.94367
0.01672 2.21968 1.27181
0.01199 1.59427 0.91346
0.02166 2.89838 1.66071
0.01174 1.56989 0.89949
0.00516 0.69289 0.39700
0.00908 1.21802 0.69788
0.00909 1.21148 0.69413
0.01364 1.82365 1.04489
0.03105 4.15202 2.37910
0.01506 2.01263 1.15317
0.00897 1.20651 0.69128
0.02683 3.59975 2.06262
0.01485 2.01056 1.15199
0.01608 2.16341 1.23957
0.04701 6.32364 3.62378
0.02693 3.60008 2.06280
0.01798 2.40481 1.37789
0.02645 3.56282 2.04146
0.02074 2.78698 1.59687
0.01889 2.53901 1.45479
0.01175 1.56202 0.89498
0.01662 2.21880 1.27130
0.00637 0.84428 0.48374
0.02013 2.64987 1.51831
0.04678 6.14551 3.52167
0.03262 4.27332 2.44862
0.04668 6.09028 3.49001
0.03534 4.56113 2.61356
0.02771 3.57002 2.04558
0.03584 4.57113 2.61929
0.02826 3.61224 2.06977
0.01905 2.42194 1.38770
0.03346 4.24743 2.43378
0.02916 3.69563 2.11756
0.01739 2.19611 1.25830
0.01574 1.97415 1.13112
0.01718 2.16237 1.23897
0.01818 2.27201 1.30179
0.03864 4.82035 2.76212
0.01409 1.76239 1.00979
0.01374 1.72959 0.99099
0.02580 3.27023 1.87378
0.02312 2.92396 1.67536
0.03041 3.82236 2.19018
0.03137 3.96512 2.27199
0.02850 3.65436 2.09391
0.02596 3.32841 1.90713
0.01121 1.42825 0.81833
0.02602 3.27484 1.87643
0.03143 3.92701 2.25016
0.01754 2.18231 1.25040
0.03110 3.86604 2.21522
0.03509 4.38188 2.51084
0.04363 5.52159 3.16404
0.03905 4.93670 2.82881
0.02784 3.51208 2.01237
0.02557 3.22342 1.84696
0.04304 5.43515 3.11449
0.02877 3.60374 2.06490
0.04006 4.97561 2.85111
0.04958 6.14538 3.52160
0.03792 4.67562 2.67918
0.03008 3.70414 2.12244
0.03089 3.77820 2.16488
0.02435 2.99821 1.71791
0.02805 3.51152 2.01206
0.01663 2.08371 1.19390
0.03208 4.03052 2.30947
0.02053 2.52967 1.44943
0.03175 3.88735 2.22743
0.00573 0.70625 0.40465
0.02025 2.49640 1.43037
0.03526 4.31218 2.47089
0.03426 4.17079 2.38986
0.02055 2.51464 1.44082
0.02543 3.11430 1.78444
0.01838 2.25817 1.29386
0.01325 1.62880 0.93324
0.02584 3.16339 1.81257
0.01754 2.14524 1.22915
0.06803 8.30050 4.75720
0.02898 3.54574 2.03166
0.00854 1.04755 0.60020
0.03736 4.58915 2.62962
0.02361 2.91130 1.66811
0.01193 1.45988 0.83646
0.02026 2.47672 1.41909
0.04882 5.95710 3.41367
0.01904 2.33667 1.33885
0.01680 2.04413 1.17122
0.04532 5.49126 3.14665
0.02196 2.66708 1.52817
0.01459 1.77687 1.01809
0.03950 4.83940 2.77304
0.01488 1.82482 1.04556
0.00271 0.32992 0.18903
0.01915 2.33923 1.34031
0.02098 2.57506 1.47544
0.02469 3.04083 1.74233
0.02847 3.50350 2.00746
0.01069 1.30369 0.74696
0.01107 1.35551 0.77666
0.01659 2.03258 1.16460
0.00527 0.64851 0.37157
0.01405 1.73168 0.99219
0.01532 1.87108 1.07206
0.00902 1.10183 0.63130
0.02666 3.23257 1.85220
0.01000 1.20981 0.69317
0.01159 1.39796 0.80098
0.01534 1.86263 1.06722
0.00028 0.03356 0.01923
0.00843 1.03296 0.59185
0.02277 2.76355 1.58345
0.01848 2.21754 1.27058
0.00630 0.74735 0.42820
0.01100 1.30727 0.74902
0.00330 0.38847 0.22258
0.01445 1.69021 0.96843
0.03850 4.48703 2.57109
0.00232 0.26931 0.15431
0.01124 1.29911 0.74434
0.02689 3.09272 1.77207
0.03012 3.48428 1.99645
0.01247 1.43161 0.82026
0.03419 3.92708 2.25020
0.02821 3.21062 1.83963
0.04639 5.23188 2.99799
0.03466 3.88524 2.22622
0.02913 3.23018 1.85084
0.05830 6.41094 3.67383
0.04739 5.22733 2.99538
0.02828 3.13311 1.79521
0.02140 2.38780 1.36814
0.03015 3.38851 1.94157
0.02697 3.02142 1.73121
0.01659 1.85208 1.06118
0.03499 3.86352 2.21377
0.06570 7.15187 4.09860
0.02952 3.19234 1.82915
0.06051 6.53438 3.74459
0.03529 3.81296 2.18480
0.09870 10.02357 5.74549
0.10861 10.77098 6.17430
0.13532 13.39431 7.68012
0.08138 8.24809 4.72715
0.06522 6.65094 3.81141
0.09327 9.50006 5.44518
0.06783 6.92444 3.96820
0.09664 9.80371 5.61937
0.06601 6.70413 3.84190
0.03602 3.66831 2.10191
0.06679 6.92872 3.97066
0.04933 5.05460 2.89638
0.04553 4.69975 2.69301
0.05449 5.59588 3.20662
0.02771 2.87127 1.64518
0.03319 3.42427 1.96206
0.02149 2.23221 1.27899
0.04319 4.48904 2.57225
0.04517 4.70066 2.69353
0.03513 3.69313 2.11613
0.04724 4.93376 2.82712
0.00987 1.03702 0.59417
0.01827 1.91948 1.09980
0.02644 2.79667 1.60242
0.03913 4.12719 2.36487
0.02524 2.65415 1.52076
0.03377 3.55547 2.03724
0.04263 4.49635 2.57644
0.01432 1.50925 0.86474
0.04794 5.09303 2.91841
0.02179 2.31622 1.32712
0.03983 4.26308 2.44275
0.03719 3.95688 2.26728
0.01370 1.44895 0.83020
0.03251 3.42119 1.96029
0.01335 1.39911 0.80164
0.01164 1.22359 0.70107
0.01342 1.41081 0.80834
0.00791 0.83087 0.47605
0.00848 0.88460 0.50684
0.01541 1.59980 0.91663
0.03149 3.26094 1.86846
0.01522 1.56968 0.89937
0.01644 1.68046 0.96285
0.00620 0.63244 0.36236
0.01321 1.36069 0.77962
0.01087 1.12162 0.64264
0.01907 1.95857 1.12220
0.02113 2.15235 1.23323
0.02072 2.09570 1.20077
0.02138 2.16107 1.23822
0.02072 2.08591 1.19516
0.01526 1.53321 0.87847
0.01902 1.90122 1.08934
0.01916 1.91793 1.09891
0.03134 3.12291 1.78937
0.00879 0.87430 0.50094
0.01374 1.36116 0.77989
0.01175 1.16463 0.66729
0.02877 2.82908 1.62100
0.00484 0.47738 0.27352
0.02682 2.64483 1.51542
0.01981 1.95131 1.11803
0.01173 1.16150 0.66550
0.01915 1.89606 1.08638
0.00080 0.07956 0.04559
0.03572 3.51213 2.01241
0.02381 2.33543 1.33813
0.00781 0.76522 0.43844
0.01030 1.01747 0.58297
0.01538 1.52846 0.87575
0.01235 1.22598 0.70244
0.00726 0.71926 0.41210
0.02410 2.36707 1.35626
0.09847 9.69055 5.55445
0.03516 3.45867 1.98177
0.03800 3.73460 2.13989
0.02607 2.57680 1.47644
0.04067 4.01112 2.29836
0.01054 1.04448 0.59845
0.03355 3.30320 1.89268
0.03382 3.32605 1.90578
0.03213 3.17335 1.81827
0.03128 3.08485 1.76756
0.04688 4.63374 2.65518
0.03119 3.07533 1.76210
0.02172 2.14102 1.22674
0.04160 4.11041 2.35526
0.00788 0.77997 0.44689
0.02646 2.62710 1.50526
0.05917 5.90477 3.38368
0.03985 3.98664 2.28433
0.02917 2.92990 1.67877
0.02416 2.43545 1.39544
0.03382 3.44232 1.97240
0.03976 4.08830 2.34259
0.04250 4.41826 2.53168
0.02240 2.35727 1.35065
0.03647 3.89089 2.22946
0.03840 4.15160 2.37886
0.03095 3.39117 1.94309
0.01482 1.65698 0.94939
0.01641 1.86918 1.07098
0.00896 1.04321 0.59772
0.01888 2.24396 1.28572
0.01029 1.24900 0.71563
0.01429 1.77220 1.01541
0.02570 3.23507 1.85364
0.02882 3.67642 2.10655
0.01449 1.87825 1.07617
0.01171 1.54211 0.88357
0.01119 1.49996 0.85942
0.02077 2.81695 1.61405
0.02005 2.77052 1.58744
0.05607 7.91409 4.53562
0.01340 1.91113 1.09502
0.00435 0.62231 0.35656
0.04064 5.78480 3.31491
0.03299 4.61755 2.64590
0.03536 4.91219 2.81476
0.01293 1.78435 1.02237
0.01465 2.00477 1.14867
0.01393 1.91187 1.09544
0.01017 1.38795 0.79524
0.01340 1.83014 1.04861
0.01343 1.82037 1.04301
0.00529 0.70790 0.40560
0.03762 4.97565 2.85113
0.02058 2.65100 1.51896
0.00374 0.47544 0.27241
0.02144 2.71790 1.55729
0.03433 4.35963 2.49808
0.03161 4.00079 2.29243
0.01848 2.32883 1.33435
0.01959 2.43176 1.39333
0.01529 1.89692 1.08687
0.01352 1.67124 0.95756
0.00886 1.10757 0.63459
0.01807 2.28095 1.30692
0.02103 2.66406 1.52644
0.02020 2.57297 1.47424
0.01029 1.32494 0.75914
0.01146 1.48644 0.85168
0.02346 3.08736 1.76899
0.01231 1.63012 0.93400
0.02156 2.89900 1.66106
0.00475 0.65111 0.37306
0.01198 1.66354 0.95315
0.01906 2.66758 1.52845
0.00999 1.40983 0.80778
0.00164 0.22809 0.13069
0.01017 1.44541 0.82816
0.03729 5.24261 3.00414
0.01641 2.29470 1.31479
0.02276 3.21307 1.84103
0.00098 0.13396 0.07675
0.02211 3.03483 1.73890
0.06681 8.92058 5.11281
0.05655 7.48258 4.28820
0.02597 3.44602 1.97452
0.01416 1.86112 1.06636
0.01799 2.35513 1.34942
0.01373 1.78734 1.02409
0.00319 0.41234 0.23625
0.01744 2.27062 1.30100
0.01212 1.59926 0.91632
0.01016 1.34830 0.77253
0.03010 3.98233 2.28186
0.01053 1.35179 0.77452
0.03647 4.59473 2.63282
0.01493 1.89427 1.08535
0.01251 1.63238 0.93529
0.04698 6.33196 3.62855
0.03933 5.22620 2.99473
0.02008 2.62259 1.50268
0.04315 5.60450 3.21156
0.01612 2.13721 1.22455
0.02465 3.36811 1.92987
0.04646 6.48431 3.71589
0.02001 2.80413 1.60670
0.00374 0.52645 0.30163
0.02898 4.14015 2.37230
0.01466 2.13534 1.22349
0.01920 2.83717 1.62563
0.01469 2.20317 1.26235
0.00570 0.86062 0.49310
0.01213 1.85423 1.06241
0.02421 3.72681 2.13543
0.03548 5.59487 3.20604
0.02367 3.77032 2.16036
0.01403 2.34249 1.34218
0.01501 2.60978 1.49533
0.01329 2.38098 1.36423
0.01352 2.53263 1.45113
0.00985 1.90285 1.09027
0.01135 2.30903 1.32300
0.02330 5.10943 2.92780
0.00967 2.24530 1.28649
0.01781 4.38808 2.51439
0.04863 12.85300 7.36931
0.02890 7.86732 4.50881
0.05409 15.37626 8.81865
0.03108 9.22428 5.28700
0.03775 11.71824 6.71790
0.02509 8.23227 4.71808
0.09621 33.55891 19.31923
0.07311 27.54463 15.83223
0.03633 14.69448 8.42691
0.04126 18.28573 10.49160
0.01437 7.11953 4.08005
0.01883 10.62018 6.08778
0.01727 10.82063 6.20279
0.06248 41.26997 23.81706
0.13915 92.43156 55.05287
0.15272 100.00611 60.00404
0.01664 10.57755 6.06332
0.01252 8.17769 4.68678
0.15146 102.44736 61.62588
0.10789 73.41972 43.07358
0.11302 76.79223 45.15852
0.09295 62.00844 36.12355
0.14412 88.63394 52.61259
0.14962 84.34174 49.88502
0.02656 13.56142 7.77609
0.14660 68.20587 39.87920
0.22711 100.34849 60.23069
0.24428 104.13270 62.75354
0.23996 96.77969 57.88065
0.20599 81.80879 48.28958
0.27456 103.83236 62.55209
0.29514 108.86885 65.95973
0.19810 72.78665 42.68390
0.15748 54.26467 31.48606
0.19332 64.09435 37.38291
0.01051 3.48194 1.99511
0.31087 95.02573 56.73546
0.24802 73.20321 42.94025
0.23273 69.10604 40.42833
0.20146 54.99326 31.92001
0.01584 4.36591 2.50168
0.01320 3.35116 1.92016
0.03633 8.88082 5.09001
0.00445 1.08634 0.62243
0.03235 7.33334 4.20264
0.00724 1.57558 0.90275
0.06501 13.86068 7.94796
0.03687 7.42453 4.25492
0.04008 7.91040 4.53351
0.04494 8.43173 4.83246
0.05799 10.50555 6.02201
0.02049 3.67359 2.10493
0.01213 2.10853 1.20812
0.03216 5.40980 3.09996
0.01502 2.48926 1.42628
0.01888 3.00858 1.72385
0.02091 3.27261 1.87515
0.02101 3.13288 1.79508
0.02797 4.06996 2.33208
0.04388 6.23135 3.57088
0.02282 3.17850 1.82123
0.02315 3.16500 1.81349
0.02266 3.03801 1.74072
0.02575 3.38260 1.93818
0.01551 2.00136 1.14671
0.02468 3.12222 1.78897
0.03115 3.87272 2.21904
0.02359 2.87523 1.64744
0.01552 1.86396 1.06799
0.02915 3.44866 1.97603
0.02151 2.51604 1.44162
0.02192 2.54146 1.45619
0.01864 2.12149 1.21555
0.02188 2.47212 1.41645
0.01251 1.39280 0.79802
0.00436 0.47922 0.27458
0.01641 1.77423 1.01657
0.01339 1.42635 0.81724
0.01890 1.99276 1.14179
0.01652 1.72323 0.98735
0.01054 1.08904 0.62398
0.00806 0.82045 0.47008
0.01621 1.63359 0.93599
0.01568 1.55932 0.89343
0.01848 1.81980 1.04268
0.02969 2.89551 1.65907
0.00681 0.65486 0.37521
0.01091 1.04014 0.59596
0.02894 2.75037 1.57590
0.04377 4.17781 2.39388
0.03271 3.09192 1.77161
0.06389 6.01098 3.44456
0.03689 3.42989 1.96528
0.03888 3.61371 2.07062
0.00482 0.44606 0.25557
0.02675 2.47350 1.41725
0.00966 0.89439 0.51245
0.01927 1.76204 1.00959
0.00479 0.43892 0.25148
0.01159 1.06645 0.61103
0.01525 1.39484 0.79919
0.01922 1.75988 1.00835
0.04951 4.45682 2.55378
0.01903 1.71265 0.98129
0.01629 1.49173 0.85471
0.03164 2.85724 1.63713
0.08010 7.34599 4.20989
0.03692 3.33045 1.90830
0.02114 1.90555 1.09182
0.01239 1.14011 0.65324
0.03465 3.11339 1.78391
0.03646 3.33798 1.91261
0.02651 2.38105 1.36427
0.00893 0.79999 0.45836
0.02813 2.53283 1.45124
0.05595 4.95221 2.83770
0.02540 2.25421 1.29159
0.00983 0.87746 0.50275
0.00970 0.85379 0.48919
0.02741 2.41954 1.38633
0.01821 1.59540 0.91411
0.02315 2.02734 1.16160
0.00720 0.62777 0.35968
0.01161 1.01232 0.58002
0.01656 1.43814 0.82400
0.01854 1.60120 0.91743
0.02227 1.90414 1.09101
0.01002 0.84882 0.48634
0.03347 2.80469 1.60702
0.03140 2.61674 1.49932
0.02704 2.24318 1.28528
0.02896 2.40018 1.37524
0.01431 1.17202 0.67152
0.01479 1.20400 0.68985
0.01594 1.28499 0.73625
0.01733 1.38941 0.79608
0.02513 2.00861 1.15087
0.03374 2.67294 1.53153
0.00891 0.69955 0.40081
0.00792 0.62153 0.35611
0.02016 1.56842 0.89865
0.02995 2.31737 1.32778
0.01109 0.85249 0.48844
0.02892 2.20995 1.26623
0.02216 1.65891 0.95050
0.01221 0.90853 0.52055
0.02186 1.61834 0.92725
0.01820 1.34462 0.77042
0.01070 0.78455 0.44951
0.00998 0.72859 0.41745
0.00543 0.39433 0.22593
0.02797 2.02427 1.15984
0.00661 0.47547 0.27242
0.03145 2.25226 1.29048
0.01545 1.09992 0.63021
0.01946 1.37804 0.78956
0.01519 1.07256 0.61453
0.00477 0.33394 0.19133
0.02204 1.53957 0.88212
0.00516 0.35711 0.20461
0.00658 0.45405 0.26015
0.02251 1.54449 0.88494
0.02793 1.91012 1.09444
0.01318 0.89325 0.51180
0.00999 0.67650 0.38761
0.02339 1.57388 0.90177
0.03592 2.40791 1.37966
0.08390 5.56863 3.19100
0.02394 1.59418 0.91341
0.01653 1.10376 0.63241
0.02761 1.83645 1.05223
0.05470 3.63419 2.08235
0.02194 1.45142 0.83161
0.01257 0.82837 0.47462
0.01460 0.96317 0.55186
0.01631 1.07451 0.61565
0.03472 2.28498 1.30923
0.01440 0.94850 0.54345
0.02303 1.50932 0.86479
0.01146 0.75385 0.43192
0.02263 1.49045 0.85397
0.00606 0.39984 0.22909
0.02041 1.34457 0.77039
0.00683 0.45060 0.25817
0.03382 2.23704 1.28175
0.01109 0.73589 0.42163
0.01966 1.30325 0.74671
0.01040 0.68933 0.39496
0.03087 2.04889 1.17395
0.02887 1.92138 1.10089
0.01758 1.17301 0.67209
0.02689 1.78497 1.02273
0.03274 2.17586 1.24670
0.01577 1.04919 0.60115
0.03308 2.20053 1.26083
0.01199 0.79757 0.45697
0.02356 1.56994 0.89952
0.02152 1.43142 0.82015
0.01808 1.20724 0.69170
0.01911 1.27639 0.73132
0.00864 0.57778 0.33105
0.01640 1.09615 0.62805
0.04058 2.73051 1.56452
0.01932 1.30979 0.75046
0.02431 1.64914 0.94490
0.03894 2.66004 1.52414
0.02378 1.63529 0.93696
0.02749 1.90516 1.09159
0.03040 2.11549 1.21211
0.02483 1.73787 0.99574
0.01087 0.76689 0.43940
0.01758 1.24614 0.71399
0.01658 1.18716 0.68019
0.01919 1.39053 0.79672
0.00742 0.54783 0.31389
0.01670 1.25028 0.71636
0.02056 1.57119 0.90023
0.03569 2.78631 1.59649
0.02010 1.61150 0.92333
0.02816 2.29845 1.31694
0.02651 2.20344 1.26250
0.02807 2.40886 1.38021
0.02407 2.12654 1.21844
0.01300 1.18444 0.67864
0.02898 2.72473 1.56121
0.01958 1.91214 1.09559
0.02405 2.43033 1.39251
0.02538 2.69434 1.54379
0.01860 2.06323 1.18217
0.01101 1.27624 0.73124
0.02311 2.83006 1.62156
0.01802 2.31795 1.32812
0.01631 2.20863 1.26548
0.03033 4.36718 2.50241
0.02203 3.29525 1.88813
0.03906 6.05948 3.47235
0.05489 9.26047 5.30775
0.02019 3.22274 1.84658
0.02582 4.62231 2.64862
0.01329 2.15975 1.23747
0.05540 8.98494 5.14972
0.05361 10.19365 5.84306
0.02210 3.70710 2.12413
0.09897 20.11095 11.54223
0.01916 3.34779 1.91823
0.08649 18.02603 10.34219
0.03407 6.32541 3.62480
0.29455 54.74490 31.77203
0.35039 73.10593 42.88037
0.01833 3.47024 1.98840
0.06923 14.03203 8.04637
0.06618 12.56215 7.20232
0.05989 11.36309 6.51408
0.04884 9.44333 5.41264
0.14036 26.55315 15.25889
0.05497 10.11819 5.79977
0.06842 12.51849 7.17726
0.05847 10.55641 6.05119
0.07480 12.69155 7.27661
0.08177 14.63116 8.39053
0.07351 11.91124 6.82868
0.07236 12.69993 7.28142
0.05518 9.37625 5.37417
0.09930 14.90178 8.54601
0.05229 8.47020 4.85452
0.04312 6.75709 3.87226
0.02283 3.25317 1.86401
0.68652 102.79951 61.86095
0.05532 8.03951 4.60754
0.03289 4.49961 2.57830
0.09117 12.59053 7.21861
0.05593 7.53489 4.31819
0.05159 6.80434 3.89935
0.04759 6.29241 3.60588
0.05512 6.97656 3.99808
0.04183 5.30325 3.03890
0.02487 3.14951 1.80461
0.04923 6.06587 3.47602
0.03426 4.23849 2.42866
0.01447 1.77573 1.01743
0.01052 1.26534 0.72499
0.02168 2.65932 1.52372
0.01547 1.84645 1.05795
0.02163 2.62897 1.50633
0.01708 2.03161 1.16404
0.01374 1.60762 0.92111
0.02583 3.05074 1.74801
0.02825 3.30349 1.89284
0.01637 1.86836 1.07051
0.01853 2.09491 1.20032
0.01737 1.94800 1.11614
0.00232 0.25824 0.14796
0.04252 4.74383 2.71827
0.04232 4.64428 2.66122
0.01481 1.61847 0.92733
0.01382 1.48048 0.84826
0.02567 2.72503 1.56137
0.04431 4.67173 2.67695
0.03586 3.76431 2.15692
0.02415 2.51689 1.44211
0.01238 1.26653 0.72567
0.02853 2.89061 1.65625
0.06684 6.68706 3.83212
0.05028 4.97207 2.84908
0.03395 3.33764 1.91242
0.03738 3.67208 2.10407
0.02918 2.87809 1.64908
0.05701 5.62019 3.22056
0.02956 2.91809 1.67200
0.01395 1.37296 0.78666
0.03520 3.47849 1.99313
0.03622 3.60946 2.06818
0.02084 2.07375 1.18819
0.05829 5.83524 3.34382
0.02948 2.98908 1.71268
0.03350 3.41823 1.95860
0.01633 1.68727 0.96675
0.03022 3.11257 1.78344
0.01597 1.65528 0.94842
0.03231 3.37652 1.93469
0.02485 2.61865 1.50042
0.01400 1.49590 0.85709
0.01910 2.05989 1.18025
0.01110 1.21266 0.69481
0.01079 1.18225 0.67738
0.01851 2.06297 1.18202
0.02861 3.23025 1.85088
0.03254 3.75460 2.15135
0.01422 1.67374 0.95900
0.03629 4.34337 2.48877
0.03012 3.70244 2.12146
0.05495 6.96114 3.98924
0.00518 0.67447 0.38644
0.01234 1.65939 0.95077
0.01326 1.84430 1.05672
0.01209 1.74252 0.99840
0.01979 2.98385 1.70968
0.00896 1.41105 0.80848
0.00435 0.72049 0.41281
0.01511 2.64123 1.51336
0.00935 1.75462 1.00534
0.00245 0.48780 0.27949
0.00582 1.23792 0.70928
0.01183 2.71169 1.55373
0.01520 3.70438 2.12257
0.00587 1.57065 0.89993
0.00839 2.42364 1.38868
0.00585 1.84952 1.05971
0.00814 2.82333 1.61770
0.01804 6.84996 3.92551
0.25415 103.63587 62.42041
0.00523 2.34041 1.34099
0.00789 3.63790 2.08448
0.01811 8.58167 4.91844
0.00728 3.51112 2.01183
0.02010 9.68070 5.54880
0.01136 5.44325 3.11914
0.01381 6.78400 3.88769
0.00997 4.92650 2.82296
0.21922 107.62183 65.11002
0.20401 100.99916 60.66214
0.00445 2.15829 1.23663
0.18092 91.63485 54.53871
0.20356 104.81495 63.21195
0.16903 91.50788 54.45688
0.14920 81.86301 48.32363
0.12883 70.66662 41.38264
0.01967 11.08769 6.35604
0.02133 12.38719 7.10188
0.17373 105.72597 63.82585
0.16853 109.02359 66.06545
0.15971 108.55110 65.74283
0.15593 108.36560 65.61633
0.14983 106.19560 64.14312
0.14349 100.96139 60.63707
0.15340 109.98843 66.72609
0.13899 94.51095 56.40052
0.16655 115.16182 70.31263
0.12135 89.86158 53.39858
0.10432 80.40522 47.40981
0.11506 88.53003 52.54619
0.13305 101.55214 61.02957
0.06063 45.09521 26.06175
0.14400 102.73300 61.81652
0.10638 70.76992 41.44591
0.17800 111.79087 67.96703
0.19018 107.04296 64.71696
0.21009 102.98121 61.98235
0.03324 14.30710 8.20437
0.01834 7.03270 4.03027
0.31096 107.03855 64.71397
0.31539 98.64761 59.10727
0.01720 4.96193 2.84327
0.40715 107.97981 65.35353
0.41519 104.88466 63.25886
0.29610 69.06683 40.40439
0.01390 3.09349 1.77251
0.00976 2.06340 1.18226
0.00952 1.94591 1.11494
0.04807 9.33405 5.34996
0.10616 19.54504 11.21638
0.02141 3.79261 2.17314
0.01425 2.46870 1.41449
0.00692 1.15404 0.66122
0.06518 10.47628 6.00522
0.00711 1.12601 0.64516
0.01628 2.48012 1.42104
0.08023 11.91602 6.83142
0.02392 3.45425 1.97924
0.00597 0.83981 0.48118
0.00600 0.82260 0.47132
0.01727 2.33079 1.33547
0.01142 1.50188 0.86052
0.02765 3.56511 2.04277
0.01033 1.29051 0.73942
0.00287 0.35009 0.20059
0.01242 1.49392 0.85596
0.01058 1.24732 0.71467
0.03819 4.44971 2.54971
0.02413 2.72391 1.56073
0.02639 2.94917 1.68981
0.01588 1.75386 1.00490
0.00637 0.69522 0.39833
0.00468 0.50693 0.29045
0.01701 1.84628 1.05786
0.02330 2.53180 1.45065
0.01955 2.12858 1.21961
0.01248 1.36492 0.78204
0.00634 0.69014 0.39542
0.00909 0.99079 0.56768
0.02380 2.59086 1.48449
0.01245 1.35383 0.77570
0.01368 1.47422 0.84467
0.01102 1.18003 0.67611
0.00726 0.77718 0.44529
0.00933 0.99822 0.57194
0.00447 0.47604 0.27275
0.00364 0.38671 0.22157
0.00333 0.35160 0.20145
0.00735 0.77347 0.44316
0.00750 0.79168 0.45360
0.01011 1.06178 0.60836
0.01459 1.52402 0.87321
0.01055 1.10162 0.63119
0.01433 1.48273 0.84955
0.01184 1.22406 0.70134
0.02627 2.71101 1.55334
0.01872 1.92628 1.10369
0.02258 2.30710 1.32190
0.01756 1.78991 1.02556
0.04127 4.22779 2.42253
0.05162 5.29187 3.03237
0.02609 2.68317 1.53739
0.02784 2.85046 1.63325
0.03364 3.45904 1.98198
0.02733 2.80732 1.60853
0.02407 2.49473 1.42941
0.02157 2.23723 1.28187
0.00997 1.03889 0.59524
0.01849 1.93589 1.10920
0.01516 1.59977 0.91661
0.02261 2.39814 1.37406
0.01889 2.00400 1.14823
0.01904 2.02323 1.15925
0.01753 1.86648 1.06943
0.03037 3.26719 1.87205
0.02491 2.71721 1.55689
0.01153 1.25574 0.71949
0.01219 1.33293 0.76372
0.01158 1.27115 0.72832
0.01828 2.02855 1.16229
0.01538 1.73205 0.99240
0.01864 2.11233 1.21030
0.02088 2.40884 1.38019
0.03840 4.49042 2.57304
0.00151 0.18242 0.10452
0.01251 1.55083 0.88857
0.02965 3.74681 2.14689
0.05086 6.56793 3.76382
0.00904 1.19976 0.68741
0.01071 1.49327 0.85559
0.01345 1.95497 1.12013
0.02424 3.70097 2.12062
0.01269 2.02527 1.16042
0.01002 1.65401 0.94769
0.01100 1.89202 1.08407
0.01849 3.31276 1.89816
0.00817 1.52374 0.87305
0.01679 3.24439 1.85898
0.01505 2.96474 1.69873
0.01383 2.78174 1.59387
0.02638 5.41553 3.10325
0.03341 6.98766 4.00445
0.01697 3.65695 2.09540
0.01759 3.88500 2.22608
0.01632 3.67807 2.10749
0.01367 3.14559 1.80236
0.00852 2.00517 1.14890
0.00674 1.62048 0.92847
0.01637 4.06987 2.33202
0.01224 3.16093 1.81115
0.02720 7.26768 4.16499
0.01986 5.52693 3.16710
0.01631 4.66738 2.67445
0.01937 5.79034 3.31809
0.03091 9.55126 5.47455
0.33413 106.81061 64.55943
0.29486 96.46884 57.67724
0.30996 105.44149 63.63393
0.26313 94.26453 56.24038
0.22629 85.52058 50.63106
0.24112 96.28999 57.56029
0.21957 95.01993 56.73168
0.20331 92.84430 55.31970
0.19566 94.97705 56.70376
0.01391 7.08039 4.05761
0.01199 6.62879 3.79871
0.00422 2.47066 1.41562
0.17038 107.02752 64.70649
0.01004 6.71401 3.84757
0.02725 19.18209 11.00745
0.01056 8.02859 4.60128
0.00479 3.84025 2.20043
0.01673 14.35197 8.23015
0.01467 13.83113 7.93099
0.00487 4.85373 2.78125
0.00925 9.72035 5.57155
0.00751 8.23294 4.71846
0.00544 6.37703 3.65439
0.00764 9.93478 5.69455
0.01593 22.03591 12.65133
0.01556 22.50106 12.91951
0.00928 14.87272 8.52931
0.01469 25.00400 14.36382
0.01393 25.00416 14.36391
0.01361 25.99522 14.93642
0.00767 16.09365 9.23097
0.00856 19.53934 11.21311
0.00914 23.76044 13.64596
0.00535 14.87477 8.53049
0.00656 21.24397 12.19490
0.00423 15.91067 9.12578
0.00465 22.19468 12.74286
0.00382 22.23387 12.76546
0.00843 58.26612 33.87527
0.00478 38.23780 22.04436
0.01204 97.07113 58.07155
0.00522 42.94112 24.79651
0.01164 53.06158 30.77050
0.01466 68.29362 39.93269
0.01656 51.27035 29.70740
0.02870 87.77060 52.06144
0.01608 46.09441 26.64973
0.01012 30.52854 17.56021
0.00403 11.75173 6.73713
0.01404 35.90935 20.68672
0.00755 17.43924 10.00466
0.00699 14.58667 8.36498
0.00635 12.38548 7.10090
0.00624 10.74798 6.16110
0.01279 20.93394 12.01628
0.04414 63.90663 37.26939
0.00785 10.92280 6.26142
0.00673 8.66054 4.96368
0.00586 7.13890 4.09116
0.00907 10.31751 5.91412
0.01117 12.21195 7.00128
0.01227 12.84884 7.36692
0.01277 12.52043 7.17837
0.01331 12.83940 7.36150
0.01750 16.54178 9.48858
0.00330 3.07242 1.76043
0.01541 13.56546 7.77841
0.02206 19.16183 10.99579
0.01511 12.93052 7.41381
0.10040 85.60533 50.68478
0.01510 12.96974 7.43633
0.02551 22.79598 13.08958
0.01918 18.05189 10.35707
0.01622 15.92752 9.13547
0.00753 7.74583 4.43915
0.01204 12.98632 7.44585
0.01511 17.64623 10.12371
