-0.00223 -0.00647 0.12712
0.01927 0.00158 0.14174
0.04856 0.00798 0.15709
0.03723 0.01338 0.17430
0.04437 0.01321 0.18757
0.02758 0.00304 0.20635
0.19756 -0.00458 0.09675
0.19542 0.00096 0.12901
0.23185 0.01274 0.08898
0.23272 0.00132 0.12734
0.19385 -0.00033 0.18851
0.04697 0.00570 0.27484
0.06630 0.01067 0.28678
0.05362 0.01925 0.30046
0.05378 0.00732 0.31323
0.06327 -0.00865 0.32659
0.08276 0.00365 0.33660
0.06083 0.00081 0.36134
0.02859 0.00973 0.38213
0.04095 0.01262 0.40290
0.06928 0.01377 0.42095
0.04160 0.00069 0.44704
0.03272 0.00010 0.47201
0.04481 -0.01055 0.49246
0.04934 -0.00899 0.51476
0.04164 0.00597 0.54091
0.04519 -0.00350 0.56747
-0.00199 -0.01170 0.59397
0.00728 0.00844 0.62238
0.01264 0.01213 0.64625
0.02582 0.01270 0.67076
0.02058 0.01666 0.69616
0.03839 0.01425 0.71504
0.01989 0.00612 0.73840
0.00913 0.00844 0.75693
0.02592 0.00579 0.77337
0.02311 0.00660 0.79149
0.01795 0.01780 0.79911
0.01041 -0.00265 0.80534
0.00981 0.00497 0.80962
-0.00731 -0.01612 0.80998
-0.00655 -0.01504 0.81606
-0.00123 -0.02125 0.81982
0.00422 -0.02262 0.82232
0.03695 -0.01184 0.82701
0.03927 -0.00795 0.82815
0.03060 0.00263 0.83498
0.01936 -0.01342 0.83688
0.02175 -0.02476 0.83811
0.02788 -0.00672 0.84058
0.00842 -0.01883 0.84127
0.03690 -0.01806 0.84163
0.06754 -0.00404 0.84154
0.05114 -0.00537 0.83985
0.04007 -0.00853 0.84355
0.05208 -0.01409 0.84986
0.06638 -0.04788 0.84061
0.09896 -0.02736 0.82922
0.07019 -0.01128 0.82704
0.04916 -0.00325 0.82464
0.10555 -0.00117 0.82625
0.04288 -0.02539 0.83219
0.02657 0.00960 0.83390
0.07396 0.00630 0.83116
0.04280 -0.00665 0.82800
0.00080 -0.01766 0.82234
-0.00584 -0.02492 0.81169
-0.00036 -0.01707 0.80402
-0.01229 -0.02564 0.80009
-0.02098 -0.00468 0.80320
0.00808 -0.00419 0.80450
-0.00074 -0.01595 0.81012
0.00242 -0.00883 0.82277
-0.02177 -0.01793 0.83832
-0.03615 0.00036 0.85738
-0.03590 -0.01663 0.87540
0.01869 0.00078 0.89169
-0.00364 -0.00029 0.90859
-0.04188 -0.00345 0.92392
-0.05050 0.01521 0.94120
0.01999 0.00565 0.96099
0.01651 -0.00465 0.97651
-0.00662 -0.00676 0.99042
-0.00924 0.00104 1.00122
0.00221 -0.02354 1.01706
0.02574 -0.00261 1.02864
-0.01810 -0.00179 1.03462
-0.01733 -0.00569 1.04108
-0.00913 -0.00288 1.03872
-0.01904 -0.00111 1.03676
-0.01802 -0.00027 1.03465
-0.03487 0.00507 1.03382
-0.03113 0.00079 1.03139
-0.03212 -0.01380 1.02647
-0.00953 -0.01038 1.02547
-0.00589 -0.03672 1.02278
-0.00113 -0.03696 1.01473
-0.00580 -0.01496 1.01143
-0.00055 -0.01447 1.00599
0.04830 -0.00818 1.00634
0.00015 -0.00656 1.00294
0.04212 -0.00183 0.99483
-0.01395 0.00079 0.98822
-0.00520 0.00340 0.98238
-0.00244 -0.01915 0.98140
-0.00268 0.00145 0.97639
-0.00655 0.00386 0.97416
0.01400 0.02594 0.97849
-0.00058 -0.01367 0.97596
-0.02761 -0.05241 0.96715
0.06643 -0.00027 0.95057
0.00368 -0.03941 0.94782
0.00400 -0.01926 0.95112
-0.05008 -0.04323 0.94975
-0.04366 -0.03121 0.94924
-0.01734 0.00319 0.94913
-0.02755 -0.02621 0.94858
-0.00047 -0.04455 0.94019
-0.07229 -0.04203 0.93696
-0.02269 -0.02119 0.93741
-0.04130 -0.04635 0.93210
-0.03753 -0.02057 0.92969
-0.00726 -0.02254 0.93137
-0.00359 -0.02677 0.93404
0.03270 0.00023 0.92774
-0.02041 -0.01572 0.93039
-0.03681 0.00618 0.92882
0.00116 -0.03021 0.92238
-0.02147 -0.00721 0.92664
0.01060 -0.02233 0.92012
-0.01221 -0.05284 0.91493
0.05601 -0.00896 0.90653
-0.02094 -0.02655 0.91005
-0.05764 0.00364 0.91516
0.00473 -0.02503 0.91631
-0.04173 -0.02334 0.90704
-0.06055 -0.05347 0.89819
-0.02416 -0.01051 0.90199
0.00597 -0.01783 0.90514
0.01808 -0.01374 0.90605
-0.04195 -0.01013 0.90186
0.00399 -0.01601 0.90641
-0.03503 -0.01050 0.90857
-0.00113 -0.00162 0.90310
-0.02444 -0.03181 0.89884
-0.03338 -0.01845 0.89595
-0.02673 -0.03786 0.89151
0.05051 0.00220 0.89354
-0.00076 -0.02865 0.89780
-0.01992 -0.00579 0.90162
0.00940 -0.02637 0.90238
-0.03016 -0.03883 0.89237
-0.04133 -0.01706 0.89405
-0.04243 0.00181 0.89442
-0.03811 -0.02228 0.89820
-0.00275 -0.01600 0.89742
-0.03176 0.00043 0.89586
0.02975 -0.00682 0.89533
0.02525 0.00600 0.89529
-0.01200 0.00186 0.89648
-0.02171 -0.01219 0.89599
-0.02687 -0.02287 0.89478
0.00513 -0.01583 0.89242
-0.01917 -0.01661 0.89839
-0.02255 -0.01095 0.89591
-0.00732 -0.01760 0.89259
-0.03584 -0.04157 0.89040
-0.02273 -0.02551 0.88702
-0.02427 -0.03741 0.88934
-0.04268 -0.04328 0.88762
-0.01605 -0.00901 0.88848
-0.01924 -0.02594 0.89308
-0.03760 -0.02066 0.88333
-0.01499 -0.02833 0.87327
-0.00232 -0.03236 0.87117
-0.02988 -0.03137 0.87222
-0.03798 -0.02410 0.87199
-0.04766 -0.03460 0.86770
-0.04928 -0.02462 0.86066
-0.01234 -0.04554 0.85709
-0.06093 -0.03990 0.84953
0.00017 -0.01678 0.84982
0.07212 -0.00228 0.84232
0.01148 -0.01514 0.83674
-0.04862 -0.01248 0.84046
-0.02967 -0.01739 0.83232
-0.03495 -0.03062 0.83639
-0.00888 -0.00420 0.82383
-0.02652 -0.01372 0.81485
0.02775 -0.00786 0.81034
0.01120 -0.00349 0.80840
-0.02615 0.00408 0.81039
-0.02346 -0.02142 0.80469
-0.01652 -0.01073 0.79607
-0.02420 -0.01113 0.79363
-0.02512 -0.01469 0.79270
-0.03309 -0.01758 0.78106
-0.01974 -0.02984 0.77397
-0.03281 -0.00404 0.76385
-0.02809 -0.00529 0.76095
-0.01713 0.00894 0.76816
0.01822 0.02348 0.77091
-0.01739 -0.02921 0.76237
-0.04449 -0.02388 0.74821
-0.02501 -0.00832 0.74422
-0.03060 -0.00694 0.74882
-0.00596 0.00705 0.75950
-0.00215 -0.00768 0.75740
-0.00270 0.00854 0.75619
0.01179 0.00759 0.74969
0.00073 -0.00235 0.74709
0.01299 -0.00715 0.75365
0.00214 -0.00535 0.74865
0.00038 0.00098 0.74818
-0.00841 -0.00344 0.74663
0.00289 -0.00138 0.73578
0.03685 -0.01734 0.73152
-0.02778 -0.00098 0.72788
0.02060 -0.01064 0.72182
0.04014 0.02721 0.71459
-0.03899 0.01642 0.71976
-0.03629 0.00319 0.71757
-0.03663 -0.00121 0.70948
-0.03133 -0.00626 0.70064
0.00499 -0.01318 0.69728
0.02300 0.01127 0.69282
-0.01773 -0.00340 0.68763
-0.03895 0.00466 0.68496
-0.01840 -0.00117 0.68080
-0.02454 -0.00396 0.67456
-0.03658 -0.01267 0.66677
-0.01499 -0.01055 0.65673
-0.01119 -0.00818 0.65559
-0.00027 -0.00660 0.63887
-0.02427 -0.02309 0.64068
-0.05717 0.00470 0.63327
0.01750 0.00244 0.63603
-0.01244 0.00086 0.63073
-0.02668 -0.03133 0.62044
-0.02596 -0.01277 0.61371
-0.03135 -0.01371 0.60639
-0.09348 0.02420 0.60265
-0.02462 0.01440 0.61488
-0.04883 0.01939 0.62650
-0.01677 0.00541 0.63120
-0.01754 -0.02157 0.63139
-0.02336 -0.00290 0.62176
-0.03921 0.00542 0.61813
-0.03934 0.00095 0.61915
-0.56255 0.02235 0.27065
0.00023 0.02399 0.62769
-0.05329 0.00715 0.63735
0.00718 0.00548 0.64259
-0.03502 0.01703 0.64502
-0.02875 -0.00352 0.64762
-0.03321 -0.01404 0.64559
-0.07310 -0.04066 0.64147
-0.02030 0.00244 0.64850
-0.01643 -0.00459 0.65555
0.04790 0.00671 0.66531
0.00801 0.01880 0.67605
-0.00587 0.01309 0.67410
0.01668 -0.00986 0.67409
-0.02546 -0.00625 0.68675
-0.00901 -0.01115 0.68938
-0.02054 0.00380 0.70459
-0.01184 -0.00616 0.71455
-0.00209 -0.01955 0.70931
0.00317 -0.01227 0.71967
0.00502 -0.01003 0.73072
0.01347 0.00160 0.74567
0.02010 -0.00370 0.74746
0.00740 -0.00711 0.75097
-0.01640 -0.00271 0.75075
-0.00666 0.00027 0.75309
0.00964 -0.00629 0.75169
-0.01970 -0.00871 0.74711
-0.00992 -0.01948 0.74740
0.00386 -0.01394 0.74410
-0.01052 -0.00048 0.74536
-0.00417 0.00442 0.75020
-0.00012 0.00618 0.74789
0.02420 -0.01508 0.74740
0.00637 -0.02266 0.74769
0.00388 -0.00045 0.74376
0.01682 0.01142 0.74493
0.00591 -0.00404 0.73838
0.01392 -0.00400 0.74304
-0.01409 0.02839 0.74276
0.01722 0.01558 0.74757
0.02831 -0.00021 0.74697
0.02337 0.00888 0.74190
-0.01525 0.00464 0.74405
-0.00608 0.00227 0.74381
-0.01170 -0.01382 0.75218
-0.02078 -0.01310 0.74867
-0.01558 -0.01139 0.75463
-0.02319 -0.00800 0.75909
-0.03795 0.00413 0.76017
-0.01521 0.00472 0.76312
-0.03713 -0.00372 0.76561
-0.03150 0.00215 0.77425
-0.02875 -0.00152 0.77566
-0.04985 -0.01065 0.78241
-0.03525 0.00245 0.78143
-0.02609 -0.00623 0.78599
-0.05310 -0.02105 0.78576
-0.04729 -0.00245 0.78770
-0.03085 -0.00303 0.79130
-0.02360 -0.00662 0.79676
-0.03306 -0.02533 0.79326
-0.02515 -0.00650 0.79984
-0.04744 -0.00670 0.80019
-0.01017 -0.00357 0.79965
-0.01386 -0.00182 0.79430
-0.03154 -0.01031 0.78836
-0.03491 -0.00462 0.78985
-0.04544 0.00838 0.79411
-0.04884 -0.00039 0.78954
-0.02907 -0.03015 0.77888
-0.03262 -0.01990 0.77902
-0.01295 0.00818 0.78440
-0.03514 0.01885 0.79360
-0.03783 -0.01515 0.79941
0.00277 0.01047 0.80372
-0.03641 -0.02939 0.80320
-0.04219 -0.03847 0.79869
-0.04566 -0.04168 0.78783
-0.04642 -0.01891 0.78948
-0.02904 -0.03337 0.79151
-0.02626 -0.03340 0.79211
-0.04675 -0.03003 0.79000
-0.03403 0.00879 0.79745
-0.04187 0.01248 0.80401
-0.04397 0.01562 0.80550
-0.03433 0.00825 0.81014
-0.03551 -0.00540 0.81127
-0.03151 -0.00142 0.81692
-0.03270 -0.01927 0.81126
-0.04499 -0.03912 0.79658
-0.02697 -0.02184 0.79741
-0.03372 0.01509 0.79514
-0.01871 0.01694 0.81108
-0.03998 -0.00516 0.81568
-0.01086 -0.01230 0.81167
-0.02229 -0.01067 0.81095
-0.02454 0.00695 0.81733
-0.03400 -0.00010 0.82068
-0.02714 -0.01218 0.81673
-0.03329 -0.01340 0.81569
-0.02419 -0.02254 0.81346
-0.01362 -0.02084 0.81327
-0.02941 -0.00992 0.81618
-0.02273 -0.00873 0.81744
0.05505 0.00225 0.81773
-0.03731 -0.00996 0.81641
-0.01595 -0.01065 0.81461
-0.05442 -0.00596 0.81235
-0.03477 -0.00982 0.81033
-0.01404 -0.01280 0.81671
-0.03078 -0.01098 0.81747
0.02866 -0.03343 0.81837
-0.01527 -0.02114 0.81444
-0.03726 -0.01211 0.82091
0.02325 -0.01375 0.82484
-0.00651 -0.02278 0.82322
-0.02508 -0.02442 0.82054
-0.05686 -0.03117 0.81362
-0.01893 -0.01966 0.81519
-0.01875 -0.00754 0.81985
0.00330 -0.02066 0.81818
-0.00465 -0.02967 0.81432
-0.01466 -0.02458 0.81148
-0.00873 -0.01774 0.81226
0.00183 -0.00387 0.82015
-0.01040 -0.00388 0.81624
-0.00714 -0.00126 0.81624
0.01912 -0.00448 0.81221
-0.00502 -0.00250 0.81144
-0.00921 -0.02092 0.81855
0.00593 0.00194 0.81834
0.02014 0.00768 0.82444
-0.00252 0.00203 0.82654
0.00010 -0.01535 0.82903
-0.00625 -0.02535 0.82313
-0.01007 -0.01221 0.81986
0.00027 -0.01040 0.81565
-0.01790 -0.01157 0.82352
-0.02584 0.00593 0.83298
-0.00663 -0.00846 0.84288
-0.01420 -0.00008 0.84133
-0.00053 -0.00824 0.84910
-0.02259 -0.00275 0.85435
-0.04121 -0.03733 0.85632
-0.01266 -0.01368 0.86077
-0.02390 -0.01143 0.86467
-0.03658 -0.00325 0.86858
-0.04477 -0.01164 0.86326
-0.01436 -0.02612 0.87041
-0.03710 -0.02409 0.86950
-0.03390 -0.02836 0.87764
-0.05143 0.01222 0.88512
-0.04400 0.00748 0.89110
-0.03834 0.00183 0.90088
-0.08016 -0.02146 0.90557
-0.06157 -0.00837 0.90439
-0.03939 -0.03806 0.90096
-0.03296 -0.03223 0.89493
-0.03334 -0.02419 0.88894
-0.02985 -0.01331 0.89210
-0.01132 -0.01765 0.89566
-0.03204 -0.00874 0.90506
-0.04104 0.00852 0.91766
-0.01306 -0.00125 0.92458
-0.03805 0.00498 0.92519
-0.03418 -0.00830 0.92481
-0.06411 -0.04620 0.98148
-0.03463 -0.01184 1.00771
-0.03637 0.00437 1.00961
-0.03179 -0.02630 0.98582
-0.02676 -0.03174 0.97979
-0.03673 -0.00630 0.98106
-0.03961 -0.01469 0.97870
-0.05033 0.02258 0.98419
-0.05115 -0.00451 0.98332
-0.02279 -0.02911 0.98134
-0.06295 -0.01019 0.96191
-0.04989 -0.03797 0.97402
-0.02910 -0.00719 0.96840
-0.04559 -0.02089 0.97242
-0.02230 -0.01968 0.96447
-0.02248 -0.00936 0.96885
-0.00702 -0.01089 0.96278
-0.02475 0.00682 0.96172
-0.04604 -0.00271 0.95974
-0.03817 -0.01665 0.95030
-0.04685 0.00495 0.95640
-0.01218 -0.02008 0.95114
-0.01327 -0.01168 0.95169
-0.03443 -0.02779 0.94421
-0.02742 0.00621 0.94767
-0.02602 -0.00575 0.95042
-0.04198 -0.00938 0.94890
-0.04722 -0.00702 0.94689
-0.00485 -0.00656 0.94855
-0.04767 -0.00956 0.93995
-0.01726 -0.01924 0.94061
-0.01957 -0.05444 0.93243
-0.02931 -0.00145 0.93954
-0.00532 -0.00899 0.94558
0.01519 0.00947 0.95016
-0.00883 -0.01930 0.95419
-0.00652 -0.02296 0.95140
0.01271 -0.03334 0.95035
-0.00143 -0.02555 0.95209
0.00024 -0.02185 0.95813
0.00929 -0.00591 0.96319
-0.02081 -0.03217 0.96486
0.00654 -0.00275 0.96947
-0.00523 -0.00605 0.97854
0.00146 -0.02890 0.97977
-0.00258 -0.03739 0.96987
0.00721 -0.01224 0.96926
0.02619 -0.01419 0.97321
0.00598 0.00244 0.98189
-0.00092 -0.00146 0.98854
-0.00150 -0.00244 0.98948
0.00636 0.00053 0.99329
-0.01338 -0.02180 0.99508
-0.01941 -0.01020 1.00009
0.00832 -0.03888 0.99831
0.02950 -0.02976 1.00270
0.00056 -0.01349 1.00565
0.01123 -0.02222 1.00929
-0.00634 -0.01217 1.00850
0.02283 -0.00302 1.01663
-0.00162 -0.02267 1.01320
-0.00607 0.00561 1.01389
0.00529 -0.00515 1.01534
-0.00462 -0.01451 1.00963
-0.00106 -0.00678 1.00981
-0.00026 -0.02131 1.01119
-0.02025 0.00592 1.01683
-0.01812 -0.02818 1.01890
-0.00364 -0.02672 1.02013
-0.00796 -0.03082 1.01174
-0.00779 -0.03727 1.00563
-0.00690 -0.03057 1.00649
0.00214 -0.02811 1.00845
-0.00273 -0.00410 1.01804
0.10483 0.00704 1.01073
-0.00559 0.00344 1.01641
-0.00181 0.00833 1.01739
-0.01703 -0.02141 1.01141
-0.03344 -0.02015 1.01306
-0.00333 -0.02661 1.00888
-0.02791 -0.01621 1.01530
-0.01509 -0.00231 1.01677
-0.02567 -0.02932 1.01175
-0.02340 -0.03217 1.01323
-0.03964 -0.01382 1.01088
-0.02086 -0.01083 1.01377
-0.00689 -0.00720 1.01429
-0.02788 -0.00050 1.01166
0.00637 -0.01768 1.00956
-0.00714 -0.00164 1.00700
0.05878 0.00454 1.00030
0.04031 0.00146 0.99880
-0.01900 -0.00222 0.99546
-0.02040 -0.01330 0.99176
0.00132 0.00979 0.98249
-0.03407 -0.00609 0.97191
-0.03313 0.00081 0.96127
-0.02046 -0.01535 0.94998
-0.02118 0.00464 0.93713
-0.00847 0.01156 0.92473
-0.00296 0.00657 0.91271
-0.01220 -0.01360 0.89437
-0.00226 -0.01676 0.87787
-0.00981 -0.01748 0.85868
-0.02578 -0.02053 0.84084
0.00197 -0.02152 0.82351
-0.00854 -0.01591 0.80634
-0.02330 -0.03302 0.79347
-0.00871 -0.00194 0.78377
-0.00602 -0.01773 0.77121
0.00425 -0.01728 0.75896
0.00722 -0.01502 0.74592
0.02197 -0.01934 0.73662
0.01187 -0.00956 0.72364
0.06353 -0.04079 0.70445
0.01868 -0.02438 0.70046
0.01115 -0.02359 0.69925
-0.02689 -0.03122 0.70128
0.04573 -0.00711 0.71297
0.02386 0.00960 0.71940
0.02674 -0.02521 0.72394
0.01611 -0.00985 0.73035
0.00732 -0.01172 0.72839
0.01592 -0.01337 0.73251
0.02781 -0.02360 0.73152
0.01302 -0.00469 0.73748
0.01279 -0.00920 0.74711
0.03452 0.02014 0.75510
0.02246 0.00611 0.77600
-0.00120 -0.01272 0.78750
0.01830 -0.02929 0.78827
-0.03225 -0.03158 0.78619
0.01578 0.00173 0.79003
0.01001 -0.00608 0.79347
0.01642 0.00153 0.80525
0.01799 -0.00489 0.80578
0.00049 -0.01644 0.80872
0.00848 -0.01357 0.79944
0.01246 -0.03461 0.79121
0.02190 -0.00875 0.78896
0.02104 -0.01457 0.78458
0.01163 -0.01583 0.77676
0.00399 -0.01018 0.77090
0.01994 -0.00090 0.75966
-0.00278 -0.01604 0.75496
-0.00714 -0.00608 0.74368
0.01480 -0.02358 0.72903
0.01877 -0.02259 0.71981
0.01721 -0.03463 0.71357
0.00669 -0.01807 0.70848
0.01093 -0.02004 0.71801
0.02124 -0.02628 0.70258
-0.00724 -0.03705 0.71032
0.01918 -0.03403 0.71403
0.00913 -0.02614 0.70788
0.03348 -0.02152 0.72993
0.03532 0.00841 0.72747
-0.03825 0.00987 0.74793
-0.03155 0.01565 0.75496
0.00197 -0.03494 0.75287
0.00164 -0.01249 0.76096
-0.01472 -0.02023 0.76339
-0.00359 -0.01228 0.76805
0.00051 -0.01751 0.77404
-0.01313 -0.01631 0.76775
-0.02872 -0.03553 0.75646
-0.02425 -0.02961 0.75279
-0.00176 0.01938 0.75565
-0.02258 -0.01347 0.77880
0.00266 0.01009 0.79365
-0.03047 -0.02735 0.78707
-0.02965 -0.04046 0.76471
-0.06265 -0.01683 0.73915
-0.04875 0.00821 0.75090
-0.03142 0.00727 0.76491
-0.06163 -0.02292 0.76714
-0.02917 -0.03449 0.75270
-0.02775 -0.03678 0.73035
-0.04369 -0.00166 0.71519
-0.01798 -0.03458 0.71264
-0.00573 -0.01499 0.71012
-0.00829 -0.04520 0.69836
-0.00565 -0.03043 0.68591
-0.00392 -0.03068 0.67611
-0.00434 -0.02399 0.66623
-0.01618 -0.01446 0.66211
-0.01558 -0.01341 0.65359
-0.02057 -0.01225 0.64925
-0.02359 -0.01159 0.63352
-0.00257 -0.00110 0.62784
-0.00601 -0.01478 0.59891
-0.00385 -0.01215 0.57497
-0.00588 -0.00663 0.55830
-0.00083 -0.00262 0.53364
-0.00144 -0.00391 0.51785
0.00133 -0.00988 0.49147
-0.01071 -0.02427 0.45525
0.02176 -0.01215 0.42984
0.02587 -0.00217 0.40504
0.04968 0.00850 0.37501
0.02875 0.00043 0.36621
-0.04219 0.02264 0.34848
0.02528 0.02196 0.33526
0.04476 0.01887 0.31843
0.01910 0.02093 0.30347
0.08760 0.02731 0.27160
0.05736 0.01322 0.25882
0.01803 0.01381 0.24622
-0.01938 0.03704 0.22174
0.00516 0.00799 0.20168
-0.00156 0.01073 0.17698
0.00446 0.01021 0.15917
-0.06553 0.02246 0.13461
-0.12643 0.03498 0.07386
-0.13515 0.02941 0.06474
-0.01220 0.01628 0.15601
0.00369 0.01315 0.15253
0.12337 -0.01237 0.08052
-0.11110 0.02523 0.09282
-0.11509 0.02896 0.08705
-0.10190 0.02133 0.10786
-0.13680 0.02515 0.08421
-0.14545 0.02181 0.09919
-0.05227 0.00613 0.18866
-0.16260 0.02142 0.13893
-0.20959 0.01934 0.08319
0.19925 0.01092 0.12332
0.20267 0.01423 0.14213
-0.19569 0.02823 0.15592
0.22200 0.02125 0.14207
0.23569 0.02576 0.13146
-0.20407 0.01160 0.17970
-0.17977 -0.00291 0.22780
-0.21050 -0.00244 0.21602
-0.02646 -0.00306 0.30075
-0.29730 0.00562 0.13640
-0.26559 0.00235 0.21036
-0.24774 -0.00246 0.22810
-0.22356 -0.00443 0.29017
-0.02624 0.00764 0.36184
-0.05436 0.00045 0.39025
-0.08098 -0.00316 0.40100
-0.04152 -0.00042 0.40766
-0.08416 0.00759 0.43291
-0.07560 0.00115 0.45309
-0.01279 0.00068 0.46887
-0.02932 -0.00013 0.49576
-0.02677 -0.00512 0.50592
-0.01362 -0.00283 0.53286
-0.00035 0.00216 0.55199
-0.01803 -0.00016 0.55753
-0.02508 -0.00485 0.57480
0.01156 0.00015 0.59432
-0.03825 0.00152 0.60235
-0.04858 -0.00453 0.62580
-0.04776 -0.01078 0.63703
-0.03404 -0.00848 0.66969
-0.01274 0.00669 0.68701
-0.03088 0.00972 0.70340
-0.01543 0.00017 0.71779
-0.02120 -0.00705 0.73113
-0.03035 -0.00637 0.74533
-0.02544 -0.00304 0.76094
-0.01005 -0.00110 0.77485
-0.02159 -0.00007 0.79023
-0.03751 -0.01637 0.80333
-0.02894 -0.00865 0.81978
-0.02457 -0.00937 0.83232
-0.03722 -0.01937 0.84425
-0.02667 -0.01766 0.85428
-0.02597 -0.00644 0.86199
-0.02501 -0.01015 0.87841
-0.03290 -0.01483 0.88434
-0.01990 -0.01555 0.89809
-0.01395 -0.01013 0.90964
0.00202 -0.00302 0.92504
-0.01427 0.00121 0.93871
-0.01856 0.00080 0.94814
-0.02034 -0.01858 0.95832
-0.01099 -0.00566 0.96765
-0.01104 -0.01893 0.98160
-0.02082 -0.00354 0.99227
-0.02060 -0.00624 1.00547
-0.02027 -0.00047 1.01524
-0.03359 0.00033 1.02468
-0.01567 -0.01776 1.03937
-0.00219 -0.00407 1.04900
-0.01008 0.00223 1.05230
0.01503 -0.00423 1.04757
0.01240 -0.02264 1.05771
0.04528 -0.02936 1.06150
0.02032 -0.02571 1.07506
0.02176 -0.01698 1.07547
-0.01128 -0.00888 1.08134
0.01434 -0.01022 1.08133
-0.00067 -0.00092 1.08025
-0.00068 0.01063 1.09369
-0.00867 -0.01312 1.09195
-0.00944 -0.00557 1.08713
-0.00919 -0.02504 1.09295
-0.01232 -0.00277 1.09200
0.00336 0.01346 1.11069
0.00626 -0.01217 1.11103
0.00489 -0.01967 1.09165
0.03195 -0.02787 1.10662
0.07874 -0.00821 1.08751
-0.02808 -0.03445 1.10763
0.03586 -0.02724 1.10864
0.02546 -0.02073 1.08596
0.03220 -0.05706 1.11110
0.05712 -0.02796 1.09049
0.02264 -0.04938 1.11186
0.01856 -0.01635 1.11542
0.04205 -0.01078 1.10972
-0.02641 -0.06297 1.12771
-0.00738 -0.04069 1.12618
0.00670 -0.02746 1.11952
0.00292 -0.02133 1.13582
0.02910 -0.00172 1.13259
0.01568 -0.02983 1.14101
0.01816 -0.01909 1.14159
-0.00610 -0.01716 1.14623
-0.00486 -0.01221 1.14676
0.00064 -0.02455 1.15142
0.00200 -0.02936 1.15738
0.01336 -0.00868 1.16948
-0.00170 -0.00438 1.18068
0.01778 0.00372 1.19337
-0.00158 0.01762 1.20000
0.00808 -0.00727 1.20527
0.00518 -0.03410 1.20612
-0.02070 -0.02809 1.22069
-0.02776 -0.00923 1.22831
-0.00001 -0.01535 1.24060
-0.00147 -0.02145 1.24715
-0.01396 -0.03837 1.25036
0.00307 0.01535 1.26216
-0.00765 -0.01856 1.27284
-0.01001 -0.00696 1.27347
-0.01974 -0.03250 1.28496
0.01566 -0.00856 1.29213
-0.00297 -0.02371 1.30102
-0.00183 0.01101 1.30841
-0.01943 -0.01113 1.33534
-0.01479 -0.00701 1.34333
-0.01558 -0.01435 1.35086
-0.01743 -0.01848 1.35309
-0.00001 -0.00834 1.36378
-0.01422 -0.01161 1.36960
-0.01152 -0.00830 1.37646
-0.02732 -0.03925 1.38114
-0.01004 -0.01520 1.39004
-0.03424 -0.00972 1.39576
0.00608 -0.00903 1.40450
-0.02320 -0.01997 1.41190
-0.02003 -0.01304 1.41594
-0.00713 -0.02152 1.42914
0.01289 -0.02590 1.43112
-0.00954 -0.02094 1.44413
-0.00290 -0.02149 1.44867
-0.02363 -0.03156 1.45700
-0.02935 -0.03064 1.46169
-0.01776 -0.01337 1.47492
-0.01103 -0.02652 1.47604
-0.02460 -0.03271 1.48544
-0.02749 -0.04890 1.49068
-0.08010 -0.06444 1.50307
0.00690 -0.04029 1.50103
-0.02313 -0.03077 1.49748
-0.03061 -0.03866 1.50265
0.03889 -0.00519 1.50450
-0.03928 -0.04277 1.51037
-0.03398 -0.03445 1.51613
-0.00771 -0.03957 1.51548
-0.03352 -0.03537 1.51723
-0.04908 -0.04679 1.51813
-0.01957 -0.01839 1.51798
-0.03617 -0.02203 1.52501
-0.01559 -0.02174 1.51943
-0.03346 -0.04042 1.51753
-0.02186 -0.03285 1.51578
-0.03133 -0.02316 1.51760
-0.01538 -0.03241 1.51555
-0.04855 -0.02736 1.51079
-0.02004 -0.03315 1.50616
-0.02398 -0.01866 1.50820
-0.00481 -0.01436 1.50822
-0.02217 -0.02928 1.50610
-0.02338 -0.02993 1.50204
-0.01432 -0.03362 1.49817
-0.02700 -0.04156 1.50569
-0.03959 -0.02711 1.50413
-0.02165 -0.03208 1.50251
-0.03197 -0.04000 1.50228
-0.01670 -0.02781 1.50300
-0.02192 -0.02036 1.50063
-0.02478 -0.02340 1.50319
-0.01027 -0.03453 1.49712
-0.01815 -0.01422 1.49729
-0.00741 -0.02020 1.49480
-0.00349 -0.00958 1.49627
-0.04031 -0.03389 1.48514
-0.01991 -0.03342 1.47489
-0.02225 -0.01048 1.47387
-0.04238 -0.02525 1.46289
-0.01243 -0.00757 1.45439
-0.01860 -0.01835 1.44261
-0.02110 -0.01540 1.43697
-0.02058 -0.02903 1.42822
-0.00648 -0.03175 1.41768
-0.00927 -0.01840 1.41070
-0.00533 -0.01860 1.39635
-0.00197 -0.01392 1.38032
-0.00389 -0.02514 1.35497
-0.01647 -0.03205 1.33533
-0.01152 -0.01361 1.30860
-0.02709 -0.04496 1.27998
-0.00672 -0.04342 1.24636
-0.02369 -0.02592 1.22480
-0.02151 -0.03386 1.20231
-0.02260 -0.01819 1.16489
-0.02264 -0.03280 1.13126
-0.01245 -0.02364 1.09727
-0.01958 -0.01122 1.06351
-0.01150 -0.02752 1.02337
-0.02803 -0.02914 0.98858
-0.02020 -0.04404 0.94082
-0.00275 -0.01193 0.90128
-0.00074 -0.02070 0.86238
-0.00948 -0.01098 0.81653
0.00581 -0.00914 0.77730
0.00053 -0.00996 0.73830
-0.00479 -0.01073 0.69434
-0.00088 -0.01517 0.66831
-0.00376 -0.00157 0.64454
-0.00252 -0.01581 0.59247
0.01791 -0.02007 0.62582
0.05586 0.00896 0.55562
0.04610 -0.00616 0.61339
0.07208 0.02085 0.61204
0.03445 0.00907 0.52469
0.02370 0.00423 0.59554
0.01260 -0.00861 0.49191
0.03477 -0.01334 0.57121
0.04978 -0.03007 0.47629
0.05882 0.00813 0.53541
0.31126 -0.02088 0.43838
0.41366 -0.00279 0.24207
0.03242 0.00483 0.52720
0.07532 0.00246 0.48759
0.09560 -0.00258 0.51806
0.08686 -0.01480 0.51965
0.11441 -0.00519 0.50430
0.15538 0.01093 0.50513
0.09923 0.00283 0.53418
0.08127 -0.01596 0.54027
0.06220 -0.00512 0.55035
0.08248 -0.02926 0.58283
0.09572 -0.00780 0.55054
0.08450 -0.03755 0.61022
0.08277 -0.01499 0.56352
0.08505 -0.00697 0.58226
0.04384 -0.00533 0.66493
0.08480 0.00787 0.61139
0.08328 0.00265 0.63270
0.08009 0.00169 0.69704
0.60471 -0.00246 0.28337
-0.01824 0.01378 0.68774
0.08411 -0.00362 0.72599
0.12118 0.01906 0.71366
0.07615 -0.00041 0.73837
-0.01902 -0.02822 0.75748
0.06442 0.00934 0.75352
0.08361 0.01246 0.78553
0.04850 0.00498 0.78723
0.02723 -0.01444 0.78900
0.07079 0.01850 0.80826
-0.00587 -0.02975 0.80778
0.02678 0.00039 0.81436
0.02517 -0.01254 0.83083
0.04447 0.00713 0.81392
0.02627 0.01052 0.83731
0.02055 0.01543 0.82242
0.01759 -0.01707 0.84032
0.01030 -0.00086 0.85432
-0.00837 -0.00341 0.84675
-0.01051 0.01240 0.85487
0.00596 0.00553 0.87634
-0.01380 0.00567 0.88442
-0.01191 -0.00746 0.89176
-0.02763 -0.01783 0.89635
-0.05943 0.00073 0.89432
0.01072 0.01980 0.91099
-0.02237 0.00100 0.91463
-0.01503 0.00178 0.93334
-0.02083 0.00533 0.94165
-0.06545 -0.02069 0.94601
-0.05697 -0.03078 0.95043
-0.02651 -0.03988 0.95813
-0.01560 -0.01099 0.97717
-0.03866 -0.01511 0.98613
0.05902 -0.00833 0.99770
0.04438 -0.00852 1.01015
-0.04303 -0.00692 1.01633
-0.03909 -0.01066 1.01719
-0.03528 -0.02095 1.01301
0.04993 -0.03041 1.01275
-0.03565 -0.01258 1.01212
-0.02835 -0.01861 1.01556
-0.04465 -0.03255 1.01036
-0.03486 0.00275 1.00293
-0.03095 -0.01704 1.00426
0.02604 0.01196 0.99854
-0.03504 -0.02546 0.98537
-0.04016 -0.02049 0.97895
-0.00265 -0.01332 0.96797
0.01294 -0.01361 0.97071
-0.03198 -0.02075 0.96424
0.01967 -0.01837 0.95644
-0.03252 -0.01604 0.94845
-0.02475 -0.01376 0.93560
-0.02901 -0.00870 0.92675
-0.02382 -0.01827 0.91523
-0.02966 -0.00889 0.91241
-0.03179 -0.00228 0.89682
-0.03342 -0.03366 0.88444
-0.03586 -0.03673 0.86512
-0.02998 -0.01187 0.84928
-0.03562 -0.03220 0.83412
-0.03512 -0.02689 0.81237
-0.03165 -0.05038 0.78719
-0.02515 -0.00624 0.76693
-0.02364 -0.01097 0.74319
-0.01963 -0.00228 0.71844
-0.01943 -0.02465 0.69295
-0.03461 -0.00288 0.66234
-0.01349 -0.00640 0.63453
-0.02072 -0.01531 0.60348
-0.02400 -0.02465 0.57114
-0.00743 -0.00735 0.53295
-0.00582 -0.01126 0.50125
-0.00109 -0.00821 0.46980
-0.01399 -0.01575 0.43559
-0.01000 -0.01163 0.40991
0.00393 -0.00287 0.37392
0.01639 -0.00557 0.34584
0.00466 -0.00388 0.31609
-0.00088 0.00525 0.28821
-0.00628 -0.01051 0.26314
-0.21507 -0.01711 0.11658
0.00120 0.00163 0.22345
-0.00883 0.00293 0.21671
0.01044 -0.00551 0.21072
-0.00474 -0.00416 0.20725
-0.00380 -0.00939 0.20739
0.00100 -0.00244 0.20874
0.00258 -0.00961 0.20334
0.00743 0.00252 0.20212
-0.18640 -0.00641 0.08189
0.17357 0.00924 0.10290
0.00269 0.00500 0.20603
0.16121 0.00839 0.11368
0.17337 0.00858 0.08710
0.14948 0.00850 0.10819
0.13119 0.01457 0.12567
0.11629 0.01048 0.14001
0.00950 0.01043 0.17685
-0.00027 0.01554 0.17147
0.14769 0.00383 0.07193
0.13914 0.00219 0.06732
0.13095 0.00474 0.06692
0.12927 0.00732 0.06278
0.12730 0.00680 0.06044
0.12498 0.00684 0.06733
0.12602 0.00453 0.05958
0.11831 0.00317 0.08729
0.13278 0.00239 0.05725
0.10355 0.00610 0.08647
0.09118 0.00838 0.09192
0.09957 0.01019 0.08291
0.11148 0.01115 0.06792
0.05224 0.01375 0.12313
0.12149 0.01066 0.06910
0.09645 0.01526 0.11428
-0.14857 -0.00572 0.05698
0.15893 0.00310 0.07935
-0.18235 -0.00570 0.09129
0.02409 0.00439 0.23100
-0.02578 0.00810 0.25936
-0.26539 0.00414 0.11810
-0.27637 -0.00406 0.16069
-0.01476 0.00048 0.34624
-0.34821 -0.00470 0.14457
-0.35740 0.02588 0.16821
-0.28171 0.01378 0.32287
0.00463 0.00560 0.44930
-0.00412 0.00476 0.47320
-0.02094 0.01339 0.48841
0.02557 -0.01648 0.51413
0.09665 0.04038 0.53297
-0.00911 0.03512 0.56328
-0.01763 0.02137 0.57671
-0.01956 0.01852 0.59863
0.05195 -0.00491 0.62002
-0.01812 -0.00543 0.63150
-0.02677 0.00451 0.65581
0.06486 0.03044 0.66944
-0.02750 -0.00259 0.69188
-0.00154 -0.00440 0.71136
-0.01186 -0.00979 0.72919
-0.01306 -0.02219 0.74033
-0.01041 -0.01335 0.75992
-0.03312 -0.00524 0.77492
-0.00844 0.00685 0.80038
-0.01712 -0.00999 0.81964
-0.01980 -0.00323 0.83138
-0.01028 -0.00594 0.84821
-0.05142 -0.01514 0.85648
-0.04260 -0.01444 0.88489
-0.03698 -0.02042 0.89376
-0.03530 -0.01462 0.90486
-0.01289 -0.00676 0.91575
-0.01478 -0.01910 0.92243
0.00517 -0.02083 0.92118
-0.03591 -0.02289 0.91934
-0.01518 -0.03494 0.91764
-0.01930 -0.01937 0.91427
-0.01410 -0.02271 0.91894
-0.00563 -0.00171 0.91787
-0.01886 -0.02636 0.91798
-0.00795 -0.01178 0.91921
-0.00136 -0.02448 0.92735
0.00787 -0.01185 0.93372
-0.01033 -0.01065 0.93417
0.00473 -0.01964 0.93454
0.00133 -0.00941 0.93990
-0.00313 -0.01495 0.94166
-0.00685 -0.01172 0.94678
0.00363 -0.01564 0.94974
-0.00388 -0.01943 0.94725
-0.00787 -0.01606 0.95170
-0.01856 -0.01034 0.95709
-0.01023 -0.00376 0.95749
-0.02049 -0.01623 0.96594
-0.01953 -0.01790 0.96667
-0.01928 -0.03874 0.96788
-0.02409 -0.02147 0.97150
-0.02980 -0.01839 0.97794
-0.01978 -0.02728 0.98068
0.03086 -0.03030 0.97514
-0.04397 -0.05399 0.97304
-0.02022 0.00293 0.97205
-0.03992 -0.02750 0.97565
-0.03091 0.00526 0.97189
-0.03747 -0.01358 0.97255
-0.02573 -0.00465 0.96467
-0.02289 -0.03007 0.96357
-0.01780 -0.01423 0.95931
-0.02468 -0.02072 0.95440
-0.01955 -0.01581 0.94718
-0.01462 -0.03845 0.94187
-0.02758 -0.00707 0.94195
-0.02458 0.00038 0.94081
-0.02365 -0.02199 0.93861
-0.02338 -0.04648 0.92821
-0.01439 -0.04888 0.91549
-0.00748 -0.03110 0.91795
-0.00185 -0.02460 0.91410
-0.00238 -0.02136 0.91040
-0.00062 -0.03119 0.90067
-0.01206 -0.03116 0.88752
-0.01593 -0.03019 0.88171
-0.01934 -0.03770 0.86572
-0.01794 -0.05890 0.85304
-0.00747 -0.02147 0.82636
-0.01176 -0.03053 0.80623
0.01127 -0.03328 0.79060
0.05074 -0.00552 0.77266
-0.00509 -0.00657 0.75315
-0.00189 -0.02078 0.71659
-0.01020 -0.03103 0.68740
-0.00198 -0.04185 0.65374
-0.01276 -0.02053 0.62605
-0.01606 -0.01552 0.60562
-0.01774 -0.00966 0.58121
-0.01719 -0.00956 0.55784
-0.01449 -0.02759 0.53509
-0.02789 -0.01300 0.51669
-0.01113 -0.03147 0.50658
-0.01182 0.00306 0.49701
-0.01940 0.00683 0.48675
0.02612 -0.00085 0.47745
-0.00377 -0.02997 0.46309
0.01210 -0.00684 0.45247
0.01605 -0.00552 0.44327
-0.01022 -0.01140 0.43418
0.00507 0.00224 0.42465
-0.00289 -0.01145 0.41582
-0.01927 -0.00431 0.40170
-0.00463 0.00183 0.38728
-0.02766 -0.00356 0.37319
-0.01062 -0.00496 0.35922
-0.02229 -0.01343 0.34852
-0.02266 -0.01444 0.33351
-0.02928 -0.01359 0.32198
-0.28101 0.00152 0.13744
-0.25854 0.00134 0.16304
-0.26614 0.00526 0.12474
-0.23661 -0.00217 0.14809
-0.21087 -0.00343 0.15980
-0.21608 0.00011 0.12654
-0.19619 -0.00269 0.12205
-0.18002 -0.00080 0.12467
-0.17317 -0.00048 0.11159
-0.01578 -0.01265 0.19541
-0.01530 -0.01693 0.17939
-0.00987 -0.01228 0.16998
0.14116 -0.01939 0.07099
-0.01019 -0.00711 0.14903
-0.00862 0.02589 0.13943
-0.01460 -0.00871 0.13042
-0.01048 -0.00159 0.12420
-0.01855 0.00530 0.11494
-0.01979 -0.00500 0.10411
-0.01198 -0.00298 0.09952
-0.01409 0.00239 0.09409
-0.00942 -0.00142 0.09078
-0.00080 0.00306 0.08517
-0.00932 -0.00230 0.07634
-0.01664 -0.00403 0.07025
-0.01087 -0.00365 0.06818
-0.00783 -0.00611 0.06162
-0.01207 0.00160 0.05746
-0.01436 -0.00252 0.05378
-0.01498 -0.00294 0.05007
-0.00889 -0.00205 0.04678
-0.00929 -0.00196 0.04275
-0.00988 -0.00236 0.03711
-0.00522 -0.00043 0.03559
-0.00885 -0.00220 0.02948
-0.00602 -0.00160 0.02584
-0.00722 -0.00186 0.01960
-0.00629 -0.00141 0.01591
-0.00939 -0.00392 0.01029
-0.00391 -0.00180 0.01173
-0.00874 -0.00474 0.00742
-0.00266 -0.00177 0.01172
-0.00116 -0.00092 0.02189
-0.00517 -0.00442 0.02036
-0.00267 -0.00024 0.03219
-0.02056 -0.00402 0.02510
-0.00894 -0.00028 0.03371
-0.00634 -0.00145 0.03252
-0.00392 0.00163 0.03404
-0.01324 -0.00256 0.03670
-0.00809 0.00155 0.04250
-0.00875 0.00100 0.04710
-0.00913 0.00043 0.05042
-0.00764 0.00134 0.05757
-0.01339 0.00422 0.05945
0.04116 -0.00496 0.05524
-0.00296 0.00305 0.07173
-0.00639 -0.00210 0.07737
-0.00185 -0.00091 0.08205
-0.00565 -0.00069 0.08777
-0.00804 0.00154 0.09109
0.00222 0.00453 0.09535
-0.00465 0.00398 0.10183
-0.01193 0.00522 0.10285
-0.01617 0.00289 0.10450
-0.00234 -0.00172 0.10745
-0.01429 -0.00209 0.11265
-0.01919 0.00466 0.11340
-0.00819 0.00306 0.11656
-0.08739 0.00936 0.07766
-0.00120 0.00450 0.11634
-0.01573 0.00846 0.11045
-0.01658 0.00313 0.10488
-0.01569 0.00128 0.10062
-0.00687 0.00006 0.09696
-0.00278 0.00306 0.09258
-0.01114 0.00478 0.08478
