0.00506 3.97699 2.27880
0.00266 1.86242 1.06710
0.00322 1.95460 1.11992
0.00434 2.42846 1.39144
0.00807 4.17879 2.39445
0.00785 3.77129 2.16092
0.00523 2.37488 1.36074
0.00351 1.50065 0.85982
0.00610 2.45405 1.40610
0.00996 3.75462 2.15136
0.00271 1.00104 0.57356
0.00635 2.27799 1.30522
0.00640 2.17126 1.24406
0.00175 0.57187 0.32766
0.00732 2.30160 1.31875
0.00658 1.97657 1.13251
0.00387 1.11698 0.63999
0.00511 1.39556 0.79960
0.00665 1.73575 0.99452
0.00892 2.20189 1.26162
0.00887 2.07803 1.19064
0.00913 2.03257 1.16460
0.00954 2.01715 1.15576
0.01087 2.19723 1.25895
0.01092 2.11181 1.21000
0.01054 1.94243 1.11295
0.01024 1.79932 1.03095
0.01266 2.13164 1.22136
0.01540 2.47377 1.41740
0.00534 0.82551 0.47298
0.00437 0.65155 0.37331
0.00685 0.98264 0.56302
0.00601 0.83902 0.48073
0.00778 1.05321 0.60345
0.00821 1.08411 0.62115
0.00673 0.87006 0.49851
0.01525 1.92612 1.10360
0.00534 0.66786 0.38266
0.02136 2.65212 1.51959
0.00833 1.02844 0.58926
0.01078 1.33028 0.76220
0.01090 1.33574 0.76533
0.01021 1.24527 0.71349
0.00814 0.98975 0.56709
0.00892 1.07785 0.61756
0.00972 1.17243 0.67176
0.00661 0.79114 0.45329
0.01222 1.45976 0.83639
0.01101 1.31304 0.75232
0.00781 0.92808 0.53175
0.01233 1.46575 0.83982
0.01248 1.48077 0.84843
0.01396 1.65320 0.94722
0.00606 0.71971 0.41237
0.01277 1.51206 0.86635
0.01176 1.38142 0.79150
0.01933 2.28837 1.31117
0.01295 1.55022 0.88822
0.00953 1.14770 0.65759
0.00976 1.18131 0.67684
0.01242 1.49060 0.85406
0.01044 1.25202 0.71736
0.00781 0.93545 0.53597
0.01055 1.26392 0.72418
0.01702 2.05227 1.17589
0.00917 1.11502 0.63886
0.01645 2.02516 1.16035
0.00752 0.93551 0.53601
0.00695 0.86867 0.49771
0.01433 1.78356 1.02192
0.01131 1.40588 0.80551
0.00644 0.79465 0.45530
0.01734 2.10711 1.20731
0.01677 1.99924 1.14550
0.01214 1.41514 0.81082
0.01826 2.08340 1.19372
0.00722 0.80962 0.46388
0.00736 0.81044 0.46435
0.00916 0.99049 0.56751
0.00381 0.40434 0.23167
0.00563 0.58526 0.33533
0.00240 0.24570 0.14078
0.00562 0.56772 0.32528
0.00349 0.34883 0.19987
0.00975 0.95823 0.54903
0.00694 0.67448 0.38645
0.00891 0.86106 0.49335
0.00492 0.47268 0.27082
0.00652 0.62795 0.35979
0.00941 0.90783 0.52015
0.01104 1.06725 0.61149
0.00600 0.58047 0.33259
0.00455 0.44089 0.25261
0.00736 0.71677 0.41068
0.00718 0.69994 0.40104
0.01106 1.08070 0.61920
0.00444 0.43754 0.25069
0.00642 0.63501 0.36383
0.00557 0.55328 0.31701
0.00946 0.93910 0.53807
0.00938 0.93501 0.53572
0.00626 0.62865 0.36019
0.00799 0.80893 0.46348
0.01550 1.57748 0.90384
0.01803 1.83699 1.05253
0.01121 1.14831 0.65794
0.00848 0.87043 0.49872
0.01517 1.54991 0.88804
0.01304 1.33562 0.76526
0.02794 2.88364 1.65226
0.02023 2.12329 1.21658
0.01281 1.35002 0.77351
0.01362 1.43168 0.82030
0.01535 1.61215 0.92371
0.01001 1.05242 0.60299
0.00936 0.98557 0.56469
0.00806 0.84903 0.48646
0.01960 2.08218 1.19302
0.01302 1.38379 0.79286
0.01548 1.65049 0.94567
0.01713 1.83361 1.05059
0.01717 1.84531 1.05730
0.01233 1.32328 0.75819
0.02370 2.53594 1.45302
0.00954 1.02801 0.58901
0.01009 1.08359 0.62086
0.01721 1.85164 1.06093
0.01947 2.10962 1.20874
0.01120 1.20823 0.69227
0.01319 1.43274 0.82091
0.01830 1.99662 1.14400
0.01266 1.39361 0.79849
0.01140 1.25197 0.71733
0.01716 1.87180 1.07248
0.01434 1.56467 0.89650
0.01032 1.13626 0.65103
0.01579 1.75050 1.00298
0.00861 0.95407 0.54664
0.01454 1.60563 0.91997
0.01076 1.18710 0.68016
0.01352 1.49694 0.85769
0.01598 1.76228 1.00973
0.01666 1.83187 1.04960
0.00873 0.96710 0.55411
0.00668 0.74203 0.42515
0.01132 1.26191 0.72302
0.01570 1.75856 1.00759
0.00628 0.70170 0.40204
0.00804 0.89498 0.51279
0.01351 1.49751 0.85802
0.01102 1.22069 0.69941
0.01158 1.29602 0.74257
0.01128 1.26028 0.72209
0.01551 1.73174 0.99223
0.01961 2.18075 1.24950
0.01405 1.56572 0.89710
0.01387 1.54691 0.88633
0.01321 1.47456 0.84487
0.01258 1.40502 0.80502
0.00451 0.50289 0.28813
0.00760 0.84777 0.48574
0.00767 0.85616 0.49054
0.01524 1.70791 0.97857
0.01565 1.74151 0.99782
0.01070 1.19416 0.68421
0.00752 0.84279 0.48288
0.00753 0.84378 0.48345
0.00941 1.06002 0.60735
0.00932 1.04656 0.59964
0.00909 1.02206 0.58560
0.01075 1.20999 0.69328
0.01674 1.87352 1.07346
0.02102 2.37661 1.36173
0.01292 1.47901 0.84742
0.01428 1.63791 0.93847
0.01845 2.11311 1.21075
0.01419 1.62506 0.93110
0.01922 2.20992 1.26622
0.01332 1.54419 0.88476
0.00692 0.80653 0.46211
0.01256 1.47354 0.84429
0.00539 0.63372 0.36309
0.01784 2.11059 1.20930
0.01502 1.79483 1.02838
0.01222 1.45129 0.83154
0.00965 1.15859 0.66382
0.01711 2.04243 1.17025
0.01089 1.32174 0.75731
0.00910 1.11564 0.63922
0.01559 1.92208 1.10129
0.00655 0.81007 0.46414
0.00717 0.88382 0.50639
0.00624 0.77462 0.44382
0.00484 0.60740 0.34802
0.00558 0.70274 0.40264
0.00570 0.71865 0.41176
0.00570 0.72935 0.41789
0.01563 2.01740 1.15590
0.00985 1.28770 0.73780
0.01414 1.85693 1.06396
0.00570 0.74214 0.42522
0.00802 1.03948 0.59558
0.01110 1.45488 0.83359
0.00886 1.18187 0.67716
0.00277 0.37250 0.21343
0.00358 0.47810 0.27393
0.00416 0.54705 0.31344
0.01492 1.96957 1.12850
0.00391 0.51731 0.29640
0.00762 1.01578 0.58200
0.00291 0.38922 0.22301
0.00926 1.22808 0.70364
0.00537 0.71711 0.41087
0.00092 0.12292 0.07043
0.01174 1.57277 0.90114
0.00637 0.86586 0.49610
0.00400 0.54612 0.31290
0.00854 1.17222 0.67164
0.00520 0.72022 0.41266
0.00190 0.26515 0.15192
0.00328 0.45465 0.26050
0.00609 0.84743 0.48555
0.00804 1.13158 0.64835
0.00607 0.86484 0.49552
0.00363 0.52102 0.29852
0.00459 0.66263 0.37966
0.00799 1.16207 0.66582
0.00339 0.49482 0.28351
0.00666 0.97821 0.56048
0.00210 0.31126 0.17834
0.00496 0.74310 0.42577
0.00795 1.20983 0.69319
0.00464 0.70817 0.40575
0.00740 1.15891 0.66401
0.00417 0.65053 0.37273
0.01582 2.48732 1.42517
0.00829 1.30295 0.74654
0.00331 0.52459 0.30057
0.00905 1.45576 0.83410
0.01366 2.22394 1.27425
0.00374 0.61629 0.35311
0.00144 0.23648 0.13549
0.00457 0.74262 0.42549
0.00559 0.88959 0.50970
0.00768 1.21599 0.69672
0.01733 2.74136 1.57073
0.00880 1.41497 0.81073
0.00845 1.36435 0.78172
0.01048 1.68888 0.96767
0.01358 2.17469 1.24603
0.01240 1.97397 1.13102
0.00697 1.08990 0.62447
0.00671 1.04450 0.59846
0.01022 1.58103 0.90587
0.00107 0.16549 0.09482
0.00899 1.39034 0.79661
0.01062 1.64150 0.94052
0.00507 0.78070 0.44731
0.00748 1.14007 0.65322
0.00581 0.87127 0.49921
0.00225 0.33200 0.19022
0.00586 0.86922 0.49803
0.00272 0.40363 0.23126
0.00823 1.19785 0.68632
0.00560 0.81150 0.46496
0.00745 1.05656 0.60537
0.01405 1.96579 1.12633
0.01275 1.79673 1.02946
0.01694 2.35299 1.34819
0.00865 1.18360 0.67815
0.01774 2.37895 1.36307
0.01536 2.05479 1.17733
0.01295 1.72471 0.98820
0.01427 1.89976 1.08850
0.00964 1.27985 0.73330
0.01172 1.55902 0.89326
0.01681 2.24935 1.28881
0.01456 1.94776 1.11600
0.00789 1.06056 0.60766
0.00879 1.17875 0.67538
0.01309 1.74476 0.99968
0.01887 2.52362 1.44596
0.01714 2.29186 1.31317
0.00836 1.11736 0.64020
0.00381 0.51232 0.29354
0.01633 2.19159 1.25571
0.01869 2.53134 1.45039
0.00446 0.60010 0.34383
0.01624 2.18394 1.25133
0.01384 1.85081 1.06045
0.01313 1.75677 1.00657
0.00936 1.26039 0.72216
0.01636 2.19771 1.25922
0.01030 1.38480 0.79344
0.00481 0.63959 0.36646
0.01303 1.74001 0.99697
0.00603 0.79821 0.45734
0.01225 1.61230 0.92379
0.01578 2.07366 1.18814
0.01415 1.85364 1.06207
0.01607 2.09687 1.20144
0.01067 1.37671 0.78880
0.00708 0.91177 0.52241
0.01005 1.28214 0.73461
0.00781 0.99843 0.57206
0.00399 0.50797 0.29105
0.01554 1.97275 1.13032
0.00883 1.11948 0.64142
0.00373 0.47078 0.26974
0.00506 0.63470 0.36366
0.01230 1.54850 0.88723
0.00398 0.49743 0.28501
0.00584 0.72800 0.41712
0.01064 1.33029 0.76221
0.01367 1.72052 0.98580
0.01462 1.85297 1.06169
0.00776 0.98190 0.56259
0.01855 2.33217 1.33627
0.02509 3.17159 1.81726
0.02317 2.97050 1.70203
0.01949 2.49896 1.43184
0.01224 1.56077 0.89426
0.01111 1.39795 0.80097
0.01794 2.24067 1.28383
0.00738 0.91835 0.52618
0.01780 2.21188 1.26734
0.02093 2.61427 1.49791
0.00877 1.10934 0.63561
0.00580 0.73340 0.42021
0.00788 0.99362 0.56930
0.00990 1.24803 0.71508
0.01242 1.56846 0.89867
0.00711 0.89103 0.51052
0.01488 1.84775 1.05870
0.00379 0.46965 0.26909
0.00386 0.47648 0.27300
0.01027 1.26477 0.72466
0.00713 0.87266 0.50000
0.01713 2.10862 1.20817
0.01502 1.87979 1.07706
0.01978 2.47815 1.41991
0.01407 1.76752 1.01273
0.01819 2.24159 1.28436
0.02475 3.03088 1.73663
0.01501 1.84926 1.05956
0.00954 1.17637 0.67401
0.01215 1.48526 0.85100
0.01633 1.98782 1.13895
0.02785 3.40805 1.95276
0.01301 1.59357 0.91306
0.01298 1.59463 0.91367
0.00598 0.73542 0.42137
0.01494 1.82930 1.04812
0.03497 4.27657 2.45048
0.01248 1.52294 0.87259
0.02975 3.63955 2.08542
0.02041 2.50504 1.43532
0.03906 4.79697 2.74873
0.01215 1.49788 0.85823
0.01738 2.12753 1.21901
0.01537 1.87929 1.07677
0.02516 3.06960 1.75882
0.01891 2.32073 1.32971
0.01475 1.79474 1.02832
0.01901 2.30367 1.31994
0.03019 3.66624 2.10072
0.01501 1.82741 1.04704
0.01595 1.95381 1.11947
0.01516 1.85846 1.06483
0.01938 2.36299 1.35393
0.01303 1.59209 0.91221
0.02461 3.01971 1.73023
0.01061 1.30690 0.74880
0.01217 1.49772 0.85814
0.01982 2.41616 1.38439
0.02139 2.62038 1.50141
0.01875 2.29706 1.31615
0.01339 1.64822 0.94437
0.00759 0.93497 0.53570
0.02534 3.09415 1.77289
0.00839 1.02580 0.58774
0.02133 2.58640 1.48194
0.00643 0.77739 0.44541
0.03490 4.20851 2.41147
0.02062 2.50374 1.43458
0.01233 1.50334 0.86136
0.01600 1.96124 1.12373
0.02608 3.16533 1.81367
0.00853 1.02409 0.58676
0.02844 3.37390 1.93319
0.01289 1.53218 0.87789
0.01820 2.14315 1.22796
0.01124 1.31518 0.75355
0.02427 2.82789 1.62032
0.00248 0.28764 0.16481
0.01570 1.81477 1.03980
0.00776 0.89209 0.51113
0.01746 2.01941 1.15706
0.00797 0.91566 0.52463
0.01836 2.10887 1.20832
0.01553 1.76780 1.01289
0.01259 1.41997 0.81359
0.01127 1.26355 0.72396
0.00985 1.09241 0.62591
0.01666 1.83193 1.04963
0.01458 1.60836 0.92153
0.02072 2.29532 1.31515
0.01117 1.24662 0.71427
0.01975 2.21901 1.27143
0.01774 1.98710 1.13855
0.01727 1.92747 1.10437
0.02722 3.00603 1.72240
0.03388 3.68821 2.11331
0.03182 3.44117 1.97174
0.03023 3.26420 1.87033
0.03177 3.43235 1.96669
0.08048 8.17366 4.68447
0.09907 9.82426 5.63115
0.11299 11.18425 6.41145
0.06663 6.75330 3.87009
0.05701 5.81387 3.33157
0.08185 8.33673 4.77798
0.04614 4.70963 2.69867
0.04630 4.69747 2.69170
0.03282 3.33311 1.90982
0.03364 3.42593 1.96301
0.02911 3.02000 1.73040
0.02705 2.77092 1.58767
0.03208 3.31128 1.89731
0.02167 2.22542 1.27510
0.01500 1.55447 0.89065
0.01673 1.72590 0.98888
0.01954 2.02980 1.16301
0.01849 1.92143 1.10092
0.01502 1.56311 0.89560
0.01570 1.65006 0.94542
0.01335 1.39406 0.79874
0.02033 2.13649 1.22414
0.01630 1.71267 0.98130
0.01599 1.69214 0.96954
0.01585 1.67211 0.95806
0.01208 1.27086 0.72815
0.01970 2.07425 1.18848
0.00898 0.94680 0.54248
0.01514 1.59559 0.91421
0.02922 3.10453 1.77884
0.02767 2.94094 1.68509
0.01931 2.06661 1.18410
0.01415 1.50513 0.86238
0.02149 2.27244 1.30204
0.01085 1.14155 0.65406
0.01815 1.90197 1.08976
0.01443 1.51663 0.86897
0.01427 1.50065 0.85982
0.01812 1.90258 1.09011
0.00857 0.89423 0.51236
0.01443 1.49768 0.85812
0.01950 2.01915 1.15691
0.01155 1.19100 0.68240
0.01560 1.59388 0.91323
0.01810 1.84678 1.05814
0.01900 1.95763 1.12165
0.01531 1.57920 0.90483
0.01171 1.20259 0.68904
0.01362 1.38730 0.79487
0.01466 1.48317 0.84980
0.01169 1.18182 0.67714
0.01365 1.37393 0.78721
0.01227 1.23314 0.70654
0.01122 1.12204 0.64289
0.01479 1.48076 0.84842
0.01402 1.39735 0.80063
0.01434 1.42618 0.81715
0.01583 1.56782 0.89831
0.02014 1.99681 1.14410
0.01117 1.09888 0.62962
0.01687 1.66474 0.95383
0.01406 1.38662 0.79448
0.01481 1.45846 0.83564
0.01645 1.62930 0.93353
0.01544 1.52893 0.87602
0.01207 1.19327 0.68370
0.01013 0.99611 0.57073
0.00985 0.96631 0.55366
0.01568 1.53631 0.88025
0.01945 1.92147 1.10094
0.01535 1.52513 0.87384
0.01586 1.57456 0.90216
0.01714 1.69924 0.97360
0.01744 1.71262 0.98127
0.02135 2.10084 1.20372
0.01793 1.76379 1.01059
0.01875 1.84303 1.05599
0.01852 1.83089 1.04904
0.01744 1.71989 0.98544
0.02081 2.06194 1.18143
0.01631 1.60535 0.91981
0.01957 1.92452 1.10269
0.02134 2.10727 1.20740
0.01915 1.88865 1.08213
0.01615 1.59605 0.91448
0.01902 1.87583 1.07479
0.02045 2.01601 1.15511
0.01776 1.75487 1.00548
0.01499 1.48470 0.85068
0.01715 1.70315 0.97585
0.01541 1.53822 0.88135
0.01771 1.77130 1.01490
0.00919 0.92306 0.52888
0.01445 1.45640 0.83446
0.01441 1.46622 0.84009
0.02226 2.28929 1.31170
0.01190 1.23714 0.70883
0.01300 1.36793 0.78377
0.01005 1.07197 0.61420
0.01398 1.51160 0.86609
0.01112 1.21826 0.69801
0.00729 0.81465 0.46676
0.00882 1.00410 0.57531
0.00845 0.98425 0.56393
0.01033 1.22728 0.70319
0.00805 0.97722 0.55991
0.01226 1.52058 0.87124
0.01026 1.29154 0.74000
0.01096 1.39872 0.80141
0.00949 1.23066 0.70512
0.00934 1.23033 0.70493
0.00884 1.18485 0.67887
0.01128 1.53073 0.87705
0.01010 1.39541 0.79952
0.01013 1.43008 0.81938
0.01288 1.83648 1.05224
0.01791 2.55964 1.46661
0.01206 1.71735 0.98398
0.01644 2.30066 1.31821
0.01911 2.65476 1.52111
0.01230 1.69627 0.97191
0.01296 1.77410 1.01650
0.00969 1.32967 0.76185
0.01430 1.95099 1.11786
0.01595 2.17784 1.24783
0.01216 1.64793 0.94420
0.01252 1.67585 0.96020
0.01022 1.35162 0.77443
0.00990 1.27458 0.73029
0.00300 0.38134 0.21849
0.01966 2.49172 1.42769
0.01587 2.01501 1.15454
0.01683 2.13002 1.22044
0.00914 1.15188 0.65998
0.00761 0.94481 0.54134
0.01397 1.73325 0.99309
0.00937 1.15840 0.66372
0.01114 1.39289 0.79807
0.01156 1.45944 0.83620
0.00185 0.23476 0.13451
0.01010 1.28663 0.73719
0.00768 0.98862 0.56644
0.00717 0.92944 0.53253
0.00737 0.96957 0.55553
0.00186 0.24698 0.14151
0.00697 0.93652 0.53659
0.01330 1.82345 1.04478
0.00511 0.70908 0.40627
0.00396 0.55397 0.31740
0.00718 1.01289 0.58035
0.00629 0.87625 0.50206
0.00353 0.50183 0.28753
0.01151 1.61806 0.92709
0.01271 1.77697 1.01814
0.00911 1.28608 0.73687
0.00849 1.16172 0.66562
0.01139 1.56316 0.89563
0.00945 1.26157 0.72283
0.01039 1.37529 0.78799
0.01824 2.41969 1.38642
0.01118 1.46917 0.84178
0.00527 0.69062 0.39570
0.01405 1.82961 1.04830
0.00847 1.09374 0.62667
0.00402 0.52330 0.29983
0.01379 1.81912 1.04229
0.00941 1.24816 0.71515
0.01059 1.40118 0.80283
0.00387 0.49617 0.28428
0.01218 1.53457 0.87925
0.02074 2.63158 1.50783
0.01313 1.71342 0.98173
0.01140 1.53624 0.88021
0.01829 2.43085 1.39281
0.01101 1.43840 0.82415
0.02322 3.01567 1.72792
0.01178 1.56244 0.89522
0.00689 0.94198 0.53972
0.00413 0.57697 0.33058
0.00359 0.50285 0.28811
0.00620 0.87345 0.50045
0.01403 2.00417 1.14833
0.00706 1.02895 0.58955
0.00640 0.94554 0.54176
0.00527 0.79071 0.45305
0.00627 0.94658 0.54235
0.00886 1.35491 0.77631
0.00384 0.59109 0.33867
0.00350 0.55191 0.31622
0.00381 0.60753 0.34809
0.01205 2.01125 1.15238
0.00649 1.12844 0.64655
0.00754 1.34977 0.77337
0.00732 1.37117 0.78563
0.00645 1.24579 0.71379
0.00968 1.96920 1.12829
0.00891 1.95414 1.11966
0.00858 1.99364 1.14229
0.00717 1.76734 1.01262
0.00705 1.86235 1.06706
0.00491 1.33709 0.76610
0.00645 1.83234 1.04987
0.00463 1.37552 0.78812
0.00972 3.01706 1.72872
0.01017 3.33640 1.91171
0.00739 2.57863 1.47749
0.00447 1.68546 0.96571
0.00372 1.50477 0.86218
0.00362 1.60361 0.91881
0.00568 2.81539 1.61316
0.00418 2.35619 1.35003
0.00412 2.58205 1.47945
0.01176 7.76573 4.45055
0.00210 1.39593 0.79981
0.01752 11.47285 6.57707
0.00508 3.22633 1.84863
0.01253 8.18027 4.68826
0.01129 7.63683 4.37664
0.00939 6.38783 3.66058
0.00718 4.87806 2.79520
0.00495 3.30066 1.89123
0.00630 3.87570 2.22075
0.00778 4.38583 2.51310
0.00844 4.31134 2.47041
0.00655 3.04782 1.74634
0.00631 2.78710 1.59694
0.00546 2.32927 1.33461
0.00763 3.07528 1.76208
0.00615 2.44410 1.40040
0.00637 2.41060 1.38121
0.01335 4.92516 2.82219
0.00596 2.18829 1.25382
0.01096 3.77558 2.16337
0.01432 4.74802 2.72067
0.00866 2.86689 1.64266
0.01294 3.95569 2.26659
0.00622 1.83516 1.05148
0.00768 2.28030 1.30654
0.01071 2.92440 1.67562
0.00772 2.12800 1.21928
0.01020 2.58910 1.48349
0.01175 2.87304 1.64619
0.00872 2.12845 1.21953
0.02198 4.98275 2.85520
0.04431 9.64600 5.52890
0.04730 10.08391 5.78010
0.03856 7.76363 4.44935
0.04142 8.17592 4.68576
0.02820 5.29062 3.03165
0.03075 5.57001 3.19179
0.01289 2.31160 1.32448
0.01556 2.70361 1.54910
0.00340 0.57205 0.32776
0.00914 1.51449 0.86775
0.00695 1.10686 0.63419
0.00553 0.86532 0.49579
0.01937 2.88788 1.65469
0.02352 3.42314 1.96141
0.02360 3.35199 1.92064
0.01755 2.44383 1.40024
0.01866 2.55037 1.46129
0.01017 1.36288 0.78088
0.01325 1.74017 0.99706
0.00623 0.80451 0.46095
0.01071 1.35496 0.77634
0.00873 1.08553 0.62196
0.00798 0.97253 0.55722
0.00505 0.60637 0.34743
0.00495 0.58600 0.33576
0.00938 1.09711 0.62860
0.00382 0.44350 0.25411
0.00965 1.09769 0.62893
0.00718 0.81178 0.46512
0.00590 0.65638 0.37608
0.00695 0.76391 0.43769
0.00701 0.75827 0.43446
0.00581 0.61899 0.35466
0.00827 0.87235 0.49982
0.01608 1.67744 0.96111
0.00678 0.70090 0.40159
0.01069 1.08854 0.62369
0.00777 0.78274 0.44848
0.01361 1.35295 0.77519
0.00798 0.78627 0.45050
0.00922 0.89937 0.51530
0.01894 1.82187 1.04387
0.00886 0.84459 0.48392
0.01066 1.01284 0.58031
0.01189 1.13445 0.65000
0.00846 0.79975 0.45822
0.01209 1.13755 0.65177
0.01277 1.18723 0.68024
0.00534 0.49607 0.28423
0.00346 0.32024 0.18348
0.01994 1.84396 1.05653
0.01881 1.74101 0.99754
0.01072 0.98004 0.56152
0.02633 2.41105 1.38146
0.01503 1.38206 0.79187
0.00716 0.65532 0.37547
0.00710 0.64992 0.37238
0.01787 1.60917 0.92200
0.01091 0.98217 0.56274
0.01696 1.55341 0.89004
0.00889 0.80234 0.45971
0.01778 1.63096 0.93448
0.01697 1.53090 0.87715
0.00883 0.79589 0.45601
0.02275 2.09415 1.19988
0.00949 0.85248 0.48844
0.01255 1.14861 0.65811
0.00506 0.45436 0.26033
0.00317 0.28394 0.16268
0.00845 0.76090 0.43596
0.01598 1.41401 0.81017
0.00789 0.70037 0.40128
0.01261 1.12591 0.64510
0.01126 0.99119 0.56791
0.00753 0.66427 0.38060
0.02095 1.83487 1.05132
0.00166 0.14514 0.08316
0.00741 0.64614 0.37021
0.00730 0.63694 0.36494
0.00887 0.77033 0.44137
0.00770 0.66523 0.38115
0.00418 0.35726 0.20470
0.00696 0.58908 0.33752
0.01865 1.56288 0.89547
0.01073 0.89368 0.51204
0.02648 2.19724 1.25895
0.00055 0.04542 0.02602
0.01080 0.88410 0.50655
0.00425 0.34572 0.19808
0.01597 1.28747 0.73767
0.00141 0.11302 0.06476
0.01990 1.59030 0.91118
0.01297 1.02732 0.58861
0.03010 2.36464 1.35487
0.01225 0.96191 0.55113
0.02493 1.93955 1.11130
0.00582 0.45027 0.25799
0.01821 1.39913 0.80165
0.00541 0.41326 0.23678
0.04038 3.02365 1.73249
0.03027 2.25314 1.29098
0.03329 2.46406 1.41184
0.02328 1.72007 0.98554
0.03252 2.38419 1.36608
0.02427 1.77188 1.01523
0.02020 1.46776 0.84097
0.01349 0.97592 0.55916
0.01656 1.19088 0.68233
0.02066 1.48005 0.84802
0.01155 0.82235 0.47117
0.02446 1.73182 0.99227
0.01073 0.75747 0.43400
0.01775 1.24165 0.71142
0.01582 1.10491 0.63307
0.01389 0.96176 0.55105
0.01311 0.90459 0.51829
0.02106 1.44487 0.82786
0.01216 0.83189 0.47664
0.01704 1.15550 0.66206
0.01190 0.80607 0.46185
0.01186 0.79832 0.45740
0.00696 0.46654 0.26731
0.01850 1.22822 0.70372
0.01669 1.11176 0.63700
0.00831 0.55472 0.31783
0.02563 1.70448 0.97661
0.00822 0.54651 0.31313
0.00418 0.27684 0.15862
0.00441 0.29077 0.16660
0.00322 0.21225 0.12161
0.01036 0.68241 0.39100
0.00527 0.34707 0.19886
0.00621 0.40913 0.23442
0.00416 0.27269 0.15624
0.01321 0.86950 0.49819
0.01839 1.21099 0.69385
0.01244 0.82070 0.47023
0.00771 0.50755 0.29080
0.01423 0.93883 0.53791
0.00885 0.58569 0.33557
0.02010 1.33437 0.76454
0.01672 1.10808 0.63488
0.01593 1.05596 0.60502
0.02958 1.96367 1.12512
0.02710 1.80339 1.03328
0.01745 1.16436 0.66713
0.02482 1.64754 0.94398
0.02509 1.66707 0.95517
0.01859 1.23654 0.70849
0.02185 1.45392 0.83304
0.01715 1.14078 0.65362
0.02985 1.98877 1.13950
0.01845 1.22738 0.70324
0.02560 1.70975 0.97963
0.02131 1.42328 0.81549
0.02108 1.41041 0.80811
0.02327 1.55538 0.89118
0.02360 1.58823 0.91000
0.02060 1.39644 0.80011
0.01694 1.14937 0.65855
0.03320 2.26843 1.29974
0.01731 1.19033 0.68201
0.03388 2.34833 1.34552
0.02046 1.42351 0.81562
0.02634 1.84336 1.05618
0.02604 1.83622 1.05209
0.02095 1.48470 0.85068
0.02558 1.83139 1.04933
0.02267 1.64231 0.94098
0.01948 1.43739 0.82357
0.02443 1.82894 1.04792
0.02064 1.57728 0.90372
0.02997 2.33979 1.34063
0.02363 1.89459 1.08554
0.01602 1.30774 0.74928
0.03671 3.05125 1.74831
0.01964 1.68527 0.96560
0.02212 1.95422 1.11970
0.02177 1.98306 1.13623
0.02380 2.23774 1.28216
0.02112 2.06309 1.18208
0.02196 2.21941 1.27165
0.02300 2.44189 1.39913
0.01489 1.65210 0.94660
0.02481 2.87600 1.64788
0.01637 2.00489 1.14874
0.01598 2.05597 1.17800
0.01453 1.96808 1.12765
0.01295 1.86549 1.06886
0.01711 2.55905 1.46627
0.01213 1.88254 1.07863
0.02368 3.99616 2.28978
0.00372 0.59453 0.34064
0.02296 4.11029 2.35519
0.01259 2.04657 1.17262
0.01862 3.01901 1.72983
0.03974 7.55653 4.33061
0.03460 5.80546 3.32675
0.05809 11.80308 6.76660
0.03961 6.92055 3.96598
0.08272 17.23852 9.88921
0.03265 6.06140 3.47346
0.04280 7.95557 4.55941
0.09083 18.95027 10.87402
0.03782 7.16045 4.10351
0.09244 18.73586 10.75062
0.03925 7.45078 4.26997
0.04265 8.09143 4.63731
0.09845 19.03751 10.92423
0.04430 8.38024 4.80293
0.09066 16.68670 9.57190
0.04692 8.58465 4.92015
0.05522 9.96936 5.71439
0.09250 15.69492 9.00178
0.04827 8.63711 4.95024
0.09476 15.35384 8.80577
0.04289 7.52790 4.31419
0.02512 4.26805 2.44560
0.08201 12.30648 7.05555
0.01556 2.52086 1.44438
0.02169 3.39837 1.94722
0.06276 8.94542 5.12706
0.01282 1.91997 1.10008
0.02134 3.10125 1.77695
0.04554 6.23103 3.57069
0.02529 3.49232 2.00105
0.02423 3.26397 1.87020
0.03977 5.24470 3.00534
0.01456 1.92500 1.10296
0.03341 4.22842 2.42288
0.01760 2.23084 1.27821
0.02348 2.97371 1.70387
0.01672 2.06041 1.18055
0.02258 2.79355 1.60064
0.02061 2.52955 1.44936
0.03857 4.63973 2.65861
0.01566 1.92129 1.10084
0.02244 2.67813 1.53450
0.01648 2.00234 1.14728
0.02768 3.29306 1.88687
0.01300 1.52164 0.87184
0.01553 1.83351 1.05054
0.00454 0.53123 0.30437
0.01227 1.39954 0.80188
0.00536 0.60556 0.34696
0.00446 0.49974 0.28633
0.00845 0.94228 0.53989
0.01104 1.23167 0.70570
0.00661 0.72556 0.41572
0.01314 1.43653 0.82308
0.00719 0.77075 0.44161
0.01161 1.23259 0.70623
0.00372 0.39257 0.22492
0.01112 1.16681 0.66853
0.01594 1.66187 0.95219
0.01451 1.48442 0.85052
0.02165 2.19317 1.25662
0.00854 0.85395 0.48928
0.00913 0.90273 0.51723
0.01343 1.32051 0.75660
0.01737 1.70663 0.97784
0.01678 1.65495 0.94823
0.00929 0.91583 0.52473
0.01421 1.40276 0.80373
0.01686 1.65925 0.95069
0.00654 0.64661 0.37048
0.00575 0.57334 0.32850
0.00606 0.60300 0.34550
0.00401 0.40159 0.23010
0.02151 2.18038 1.24929
0.00903 0.92126 0.52785
0.01758 1.81606 1.04054
0.02735 2.81742 1.61432
0.00438 0.45391 0.26007
0.01666 1.74148 0.99781
0.01596 1.68162 0.96351
0.00380 0.40599 0.23261
0.00750 0.80861 0.46330
0.01296 1.41509 0.81079
0.00847 0.92741 0.53137
0.02164 2.41162 1.38179
0.03339 3.76951 2.15990
0.00637 0.73534 0.42132
0.00950 1.11777 0.64044
0.02955 3.53732 2.02684
0.03125 3.84094 2.20083
0.03557 4.50552 2.58169
0.00386 0.50360 0.28854
0.01697 2.28140 1.30717
0.00831 1.15675 0.66277
0.02565 3.69810 2.11897
0.00788 1.18840 0.68091
0.00475 0.74824 0.42871
0.00528 0.87424 0.50090
0.01424 2.48788 1.42549
0.00230 0.43059 0.24671
0.00780 1.55657 0.89186
0.00311 0.66100 0.37872
0.01019 2.33727 1.33919
0.01947 4.74597 2.71950
0.01291 3.45157 1.97770
0.01283 3.70619 2.12361
0.00575 1.82019 1.04291
0.00727 2.52209 1.44509
0.01533 5.82061 3.33543
0.00657 2.67973 1.53542
0.00872 3.90340 2.23662
0.00357 1.64479 0.94241
0.00914 4.33306 2.48285
0.00835 4.02717 2.30756
0.01628 7.83818 4.49210
0.01305 6.25093 3.58210
0.00727 3.56883 2.04490
0.01336 6.60448 3.78478
0.01083 5.31719 3.04688
0.01085 5.37254 3.07861
0.01351 6.55380 3.75572
0.00342 1.73378 0.99339
0.00264 1.35988 0.77916
0.00406 2.19929 1.26012
0.00171 0.93617 0.53639
0.00424 2.32671 1.33313
0.00475 2.67697 1.53384
0.00332 1.92774 1.10453
0.00542 3.29614 1.88864
0.00871 5.63142 3.22699
0.00058 0.39085 0.22394
0.00363 2.52016 1.44398
0.00540 3.82459 2.19146
0.00240 1.68616 0.96611
0.00262 1.88078 1.07762
0.00695 4.72717 2.70872
0.01007 6.96129 3.98933
0.00585 4.33318 2.48292
0.00104 0.80279 0.45997
0.00445 3.42176 1.96062
0.00286 2.18087 1.24957
0.00438 3.25628 1.86579
0.01015 7.23807 4.14802
0.01314 8.73892 5.00862
0.00612 3.84391 2.20254
0.00139 0.78264 0.44842
0.00229 1.12315 0.64352
0.00695 2.99196 1.71433
0.00493 1.89017 1.08300
0.00566 1.94736 1.11577
0.01276 3.99128 2.28699
0.01263 3.64521 2.08867
0.02335 6.19284 3.54880
0.00963 2.43160 1.39324
0.02446 5.70441 3.26883
0.01842 4.09807 2.34819
0.02564 5.41875 3.10510
0.01914 3.91286 2.24205
0.01639 3.18320 1.82392
0.02208 4.06558 2.32957
0.03065 5.42974 3.11140
0.01499 2.59587 1.48736
0.02528 4.21845 2.41717
0.02780 4.46747 2.55988
0.00412 0.65133 0.37319
0.02335 3.55804 2.03872
0.01985 2.94890 1.68966
0.01652 2.38521 1.36665
0.01623 2.28132 1.30713
0.00857 1.17500 0.67323
0.01400 1.89023 1.08304
0.00748 0.98435 0.56399
0.01122 1.44706 0.82911
0.01041 1.30074 0.74528
0.01710 2.08517 1.19474
0.00584 0.70211 0.40228
0.00738 0.86966 0.49828
0.01284 1.49567 0.85696
0.00731 0.82518 0.47280
0.00560 0.62624 0.35881
0.01076 1.18806 0.68071
0.00524 0.57210 0.32779
0.00597 0.64750 0.37099
0.00379 0.41170 0.23589
0.00355 0.38597 0.22114
0.01130 1.23077 0.70519
0.01450 1.58525 0.90829
0.00750 0.81602 0.46754
0.01028 1.11975 0.64157
0.03507 3.81814 2.18777
0.02018 2.19472 1.25750
0.01353 1.45825 0.83552
0.02010 2.15288 1.23354
0.00797 0.85292 0.48869
0.01494 1.59822 0.91572
0.00327 0.34834 0.19958
0.01770 1.87961 1.07696
0.00918 0.96952 0.55550
0.01061 1.11708 0.64004
0.02026 2.13785 1.22492
0.00974 1.02304 0.58616
0.01610 1.68184 0.96364
0.00767 0.80075 0.45880
0.01315 1.36132 0.77998
0.00876 0.90593 0.51906
0.01650 1.70275 0.97561
0.01029 1.05868 0.60658
0.01478 1.51059 0.86551
0.01903 1.93952 1.11128
0.01615 1.65441 0.94792
0.03226 3.30712 1.89493
0.03652 3.75661 2.15250
0.03284 3.36185 1.92629
0.02145 2.20584 1.26388
0.03453 3.54731 2.03257
0.01240 1.28527 0.73641
0.02275 2.35958 1.35197
0.01036 1.07957 0.61855
0.02268 2.37474 1.36066
0.00767 0.80961 0.46388
0.01879 1.99300 1.14192
0.01253 1.32977 0.76191
0.01339 1.42326 0.81547
0.02756 2.93445 1.68138
0.01111 1.19510 0.68474
0.00519 0.56624 0.32443
0.00590 0.64260 0.36818
0.01423 1.55612 0.89160
0.01760 1.93261 1.10732
0.01616 1.79298 1.02732
0.00838 0.94363 0.54066
0.00493 0.55846 0.31998
0.00680 0.78485 0.44969
0.02265 2.64819 1.51735
0.00744 0.89980 0.51555
0.00759 0.94100 0.53915
0.00846 1.06939 0.61272
0.01230 1.58829 0.91003
0.02728 3.62163 2.07516
0.01184 1.65091 0.94591
0.01334 1.93798 1.11040
0.01075 1.64050 0.93995
0.00766 1.22310 0.70079
0.00532 0.87762 0.50284
0.00592 1.01810 0.58333
0.00234 0.41884 0.23998
0.00349 0.65021 0.37254
0.01101 2.12795 1.21925
0.01018 2.00435 1.14843
0.00529 1.06505 0.61023
0.00731 1.50107 0.86006
0.01040 2.17461 1.24599
0.00635 1.36836 0.78402
0.00305 0.67324 0.38574
0.00854 1.92428 1.10255
0.00347 0.79820 0.45733
0.00867 2.04105 1.16945
0.00914 2.19698 1.25880
0.01191 2.96088 1.69652
0.00280 0.72383 0.41473
0.00624 1.66695 0.95510
0.00738 2.05341 1.17654
0.00346 0.98941 0.56689
0.01135 3.39118 1.94310
0.00884 2.73125 1.56494
0.01221 3.90201 2.23583
0.00493 1.61245 0.92388
0.00603 2.05237 1.17594
0.00659 2.36201 1.35336
0.00347 1.31142 0.75140
0.00083 0.33210 0.19028
0.00249 1.07798 0.61764
0.00361 1.65068 0.94578
0.00132 0.63942 0.36636
0.00384 1.95444 1.11983
0.00126 0.69528 0.39837
0.00454 2.65894 1.52351
0.00173 1.08586 0.62216
0.00278 1.86135 1.06649
0.00536 3.77047 2.16045
0.00296 2.24879 1.28849
0.00316 2.53544 1.45274
0.00218 1.87195 1.07257
0.00136 1.28358 0.73544
0.00115 1.14850 0.65805
0.00257 2.69994 1.54700
0.00400 4.38644 2.51345
0.00364 4.26584 2.44433
0.00117 1.51854 0.87007
0.00504 6.96663 3.99239
0.01073 15.51535 8.89858
0.00283 4.52792 2.59453
0.00558 9.49640 5.44308
0.00348 6.23654 3.57386
0.00083 1.58346 0.90726
0.00294 6.17632 3.53933
0.00177 4.05147 2.32148
0.00166 4.32048 2.47565
0.00306 8.50379 4.87378
0.00227 7.35846 4.21704
0.00184 6.92252 3.96711
0.00160 7.61742 4.36552
0.00054 3.17267 1.81788
0.00136 9.42162 5.40019
0.00319 25.52268 14.66340
0.00443 35.72468 20.57918
0.00452 37.21823 21.44951
0.01250 56.94477 33.08468
0.01050 48.91595 28.31400
0.01711 52.99260 30.72951
0.01290 39.45310 22.75420
0.01025 29.37671 16.89273
0.00590 17.78299 10.20238
0.00408 11.90167 6.82318
0.00388 9.91726 5.68450
0.00315 7.27755 4.17065
0.00385 8.02723 4.60050
0.00309 6.02472 3.45243
0.00253 4.35083 2.49304
0.00088 1.43726 0.82350
0.00359 5.19830 2.97874
0.00385 5.35346 3.06767
0.00413 5.31976 3.04836
0.00440 5.36312 3.07321
0.00715 8.13346 4.66142
0.00692 7.56885 4.33767
0.00481 5.04092 2.88854
0.00685 6.71504 3.84816
0.00690 6.65800 3.81546
0.00835 7.89290 4.52347
0.00226 2.10396 1.20550
0.00306 2.69167 1.54226
0.00418 3.63292 2.08163
0.00947 8.10231 4.64355
0.00685 5.83988 3.34648
0.00548 4.70806 2.69777
0.00935 8.35248 4.78701
0.00705 6.63641 3.80308
0.00925 9.08371 5.20638
0.00513 5.28120 3.02626
0.00786 8.47893 4.85952
0.00649 7.57667 4.34215
