0.01150 -0.00458 0.12670
0.01845 -0.00010 0.14186
0.02479 -0.00152 0.16273
0.03653 -0.00254 0.17494
0.04210 -0.00644 0.18845
0.04792 -0.00638 0.20252
0.04900 -0.00119 0.21450
0.04440 0.00480 0.22987
0.04771 -0.00703 0.24394
0.06906 -0.01467 0.25572
0.06513 -0.00653 0.26235
0.05876 0.00070 0.27262
0.05884 -0.00919 0.28845
0.06965 -0.00675 0.29770
0.06794 -0.01261 0.31030
0.06748 -0.00999 0.32571
0.06911 -0.00681 0.33962
0.06211 -0.00097 0.36112
0.05210 -0.00764 0.37969
0.04857 -0.00985 0.40213
0.04859 -0.00486 0.42403
0.04362 -0.01196 0.44668
0.03777 -0.00945 0.47154
0.03696 -0.01490 0.49300
0.03471 -0.00710 0.51598
0.03213 -0.00935 0.54151
0.02388 -0.00436 0.56876
0.01320 -0.00537 0.59392
0.00523 -0.00719 0.62241
0.00985 -0.00652 0.64638
0.00574 -0.00914 0.67129
0.00096 -0.00975 0.69660
0.00217 -0.00811 0.71616
0.00150 -0.01176 0.73859
0.00218 -0.01218 0.75693
0.00248 -0.00868 0.77377
0.00081 -0.02143 0.79156
0.00156 -0.00868 0.79946
0.00476 -0.03216 0.80475
0.00789 -0.02257 0.80934
0.00252 -0.02257 0.80985
0.00494 -0.02459 0.81584
0.00920 -0.02499 0.81966
0.01245 -0.02417 0.82219
0.01656 -0.02467 0.82738
0.02073 -0.02455 0.82850
0.02435 -0.02019 0.83495
0.02598 -0.02810 0.83633
0.02742 -0.02678 0.83788
0.02484 -0.02199 0.84041
0.02231 -0.02770 0.84077
0.02505 -0.02518 0.84188
0.03351 -0.02857 0.84310
0.03322 -0.01690 0.84059
0.03524 -0.02916 0.84330
0.03385 -0.02502 0.85053
0.03174 -0.04215 0.84294
0.02651 -0.03280 0.83449
0.02264 -0.02622 0.82936
0.01748 -0.01148 0.82585
0.01761 -0.01524 0.83264
0.02064 -0.01854 0.83322
0.02115 -0.01703 0.83393
0.01714 -0.01582 0.83414
0.01770 -0.03066 0.82838
0.01478 -0.02197 0.82210
0.00672 -0.03312 0.81139
0.00841 -0.02290 0.80383
-0.00212 -0.01753 0.80040
-0.01068 -0.02102 0.80315
0.00422 -0.01434 0.80441
0.00817 -0.02182 0.80994
-0.00987 -0.00622 0.82274
-0.01168 -0.02323 0.83839
-0.01283 -0.00465 0.85804
-0.02399 -0.02641 0.87557
-0.02486 -0.00984 0.89149
-0.02418 -0.01560 0.90814
-0.02542 -0.01652 0.92438
-0.02023 -0.01065 0.94240
-0.02051 -0.02109 0.96076
-0.01586 -0.01718 0.97638
-0.01463 -0.02087 0.99014
-0.01251 -0.01419 1.00109
-0.01280 -0.02303 1.01699
-0.01452 -0.01181 1.02880
-0.01214 -0.02554 1.03439
-0.01640 -0.01810 1.04096
-0.01380 -0.02637 1.03834
-0.01943 -0.01991 1.03657
-0.02128 -0.01840 1.03443
-0.01655 -0.02587 1.03397
-0.01496 -0.02761 1.03138
-0.01808 -0.02682 1.02656
-0.01614 -0.02367 1.02517
-0.01663 -0.03326 1.02278
-0.00646 -0.03126 1.01491
-0.01350 -0.02851 1.01107
-0.00899 -0.02742 1.00568
-0.00707 -0.01411 1.00741
-0.00189 -0.03317 1.00242
-0.00858 -0.02671 0.99532
-0.00227 -0.03526 0.98769
-0.00397 -0.01258 0.98231
-0.01205 -0.04114 0.98065
-0.01235 -0.02481 0.97600
-0.00817 -0.02089 0.97393
-0.00642 -0.00448 0.97890
-0.00880 -0.03345 0.97544
-0.01716 -0.04914 0.96756
-0.00665 -0.00948 0.95282
-0.00711 -0.03393 0.94801
-0.00134 -0.00724 0.95129
-0.00221 -0.03932 0.95124
-0.01139 -0.01546 0.95056
-0.01359 -0.01560 0.94907
-0.01690 -0.02418 0.94888
-0.02748 -0.04214 0.93990
-0.02790 -0.01184 0.94020
-0.01471 -0.03253 0.93724
-0.01093 -0.03921 0.93327
-0.01913 -0.01007 0.93042
-0.01534 -0.02138 0.93130
-0.01130 -0.04196 0.93342
-0.02550 -0.01406 0.92786
-0.03125 -0.01559 0.93009
-0.02648 -0.02591 0.92883
-0.02778 -0.03263 0.92188
-0.02705 -0.01875 0.92633
-0.02242 -0.02806 0.91975
-0.02562 -0.04170 0.91522
-0.02166 -0.01215 0.90797
-0.02527 -0.01298 0.91024
-0.03292 -0.02611 0.91601
-0.02851 -0.02828 0.91579
-0.02628 -0.02784 0.90750
-0.02622 -0.03583 0.90072
-0.02666 -0.01724 0.90182
-0.02713 -0.02092 0.90469
-0.02221 -0.02085 0.90582
-0.02196 -0.02119 0.90238
-0.02789 -0.01203 0.90605
-0.02691 -0.03052 0.90840
-0.02369 -0.02367 0.90248
-0.02972 -0.02712 0.89884
-0.03726 -0.01777 0.89581
-0.02445 -0.03409 0.89173
-0.01419 -0.01340 0.89475
-0.02408 -0.01227 0.89785
-0.02496 -0.02395 0.90120
-0.02482 -0.02859 0.90202
-0.02538 -0.02456 0.89303
-0.02694 -0.02171 0.89450
-0.02795 -0.01131 0.89492
-0.03411 -0.02769 0.89821
-0.02329 -0.01802 0.89709
-0.01655 -0.02937 0.89579
-0.02241 -0.02566 0.89520
-0.03264 -0.01801 0.89489
-0.02337 -0.02152 0.89600
-0.01291 -0.02544 0.89588
-0.01301 -0.02617 0.89500
-0.01730 -0.01036 0.89235
-0.00932 -0.02799 0.89826
-0.00598 -0.02190 0.89597
-0.00621 -0.03072 0.89224
-0.01770 -0.02025 0.89169
-0.01671 -0.02187 0.88725
-0.01652 -0.02619 0.88992
-0.01409 -0.02298 0.88929
-0.00871 -0.01042 0.88856
-0.01557 -0.02977 0.89304
-0.01806 -0.03565 0.88347
-0.01246 -0.02302 0.87347
-0.01238 -0.01556 0.87155
-0.01970 -0.02386 0.87274
-0.01700 -0.02493 0.87262
-0.01360 -0.02932 0.86909
-0.01213 -0.02093 0.86208
-0.02430 -0.02006 0.85781
-0.02759 -0.02677 0.85178
-0.01088 -0.01801 0.84972
-0.01885 -0.02698 0.84476
-0.02138 -0.01929 0.83646
-0.00835 -0.01910 0.84170
-0.00585 -0.01889 0.83279
-0.01331 -0.03022 0.83703
-0.01750 -0.02074 0.82344
-0.01365 -0.02961 0.81474
-0.02476 -0.02172 0.81019
-0.01592 -0.00610 0.80831
-0.01978 -0.02325 0.81025
-0.01905 -0.02646 0.80466
-0.01700 -0.01855 0.79592
-0.02223 -0.02048 0.79350
-0.02074 -0.01997 0.79271
-0.01978 -0.02055 0.78144
-0.02839 -0.03374 0.77354
-0.03358 -0.01569 0.76367
-0.03560 -0.01509 0.76050
-0.02060 -0.00552 0.76810
-0.02665 -0.01968 0.77078
-0.02872 -0.02913 0.76203
-0.02208 -0.03020 0.74898
-0.02021 -0.01134 0.74432
-0.01829 -0.00363 0.74924
-0.01268 -0.00688 0.75942
-0.01291 -0.03346 0.75659
-0.00485 -0.01622 0.75606
-0.00125 -0.01540 0.74966
-0.00510 -0.01787 0.74686
-0.01026 -0.02660 0.75326
-0.00413 -0.00766 0.74862
-0.00616 -0.01466 0.74801
-0.00524 -0.03174 0.74600
-0.00208 -0.01081 0.73570
-0.00701 -0.02014 0.73234
-0.01410 -0.02610 0.72781
-0.00951 -0.02387 0.72173
-0.00450 -0.00962 0.71615
-0.00905 -0.01167 0.72085
-0.01062 -0.02292 0.71805
-0.02203 -0.02635 0.70960
-0.02023 -0.01509 0.70091
-0.01897 -0.01636 0.69697
-0.02303 -0.00664 0.69288
-0.03569 -0.01916 0.68667
-0.02560 -0.01304 0.68548
-0.02882 -0.01134 0.68034
-0.02725 -0.01686 0.67426
-0.03190 -0.02246 0.66675
-0.03258 -0.02526 0.65569
-0.02460 -0.01349 0.65513
-0.03054 -0.01719 0.63795
-0.02939 -0.00939 0.64082
-0.02993 -0.02319 0.63474
-0.02002 -0.01610 0.63576
-0.01336 -0.01769 0.63046
-0.02353 -0.02518 0.62085
-0.03141 -0.02724 0.61299
-0.01640 -0.01045 0.60704
-0.00466 -0.00265 0.61031
-0.01084 0.00421 0.61543
-0.02274 -0.00498 0.62827
-0.01555 -0.01676 0.63103
-0.02035 -0.03272 0.63083
-0.00685 -0.02381 0.62171
-0.00734 -0.00744 0.61931
-0.00694 -0.01080 0.62027
-0.01811 0.00114 0.62441
-0.01294 -0.02025 0.62769
-0.01307 -0.02217 0.63910
-0.01444 -0.02260 0.64210
-0.01460 -0.00480 0.64601
-0.01246 -0.01451 0.64799
-0.01827 -0.02125 0.64599
-0.02259 -0.02546 0.64601
-0.02984 -0.01938 0.64785
-0.02574 -0.00629 0.65523
-0.02355 -0.00895 0.66659
-0.02081 -0.01225 0.67593
-0.03138 -0.02164 0.67317
-0.02465 -0.01311 0.67379
-0.02737 -0.01871 0.68645
-0.02289 -0.01132 0.68906
-0.01748 -0.01566 0.70451
-0.00551 -0.02645 0.71416
-0.00547 -0.00563 0.70954
-0.00633 -0.02705 0.71925
-0.00352 -0.01331 0.73067
-0.00127 -0.00200 0.74579
-0.00078 -0.02108 0.74744
-0.00448 -0.01594 0.75086
-0.00783 -0.02498 0.75048
-0.00666 -0.01587 0.75292
-0.01139 -0.01188 0.75159
-0.00999 -0.02908 0.74679
-0.00634 -0.02842 0.74716
-0.00357 -0.01332 0.74411
-0.01119 -0.00538 0.74533
-0.00906 -0.01676 0.74998
-0.01130 -0.02429 0.74743
-0.01205 -0.02967 0.74725
-0.01048 -0.01696 0.74780
0.00419 -0.01322 0.74364
-0.00399 -0.02495 0.74478
0.00233 -0.03368 0.73764
0.00644 -0.01488 0.74300
-0.00185 0.00013 0.74344
0.00162 -0.01831 0.74771
0.01144 -0.02585 0.74697
0.00102 -0.01907 0.74208
-0.01941 -0.02045 0.74369
-0.00589 -0.02035 0.74353
-0.00471 -0.01619 0.75221
-0.00886 -0.02367 0.74864
-0.01485 -0.01274 0.75463
-0.01640 -0.01821 0.75909
-0.01297 -0.01427 0.76088
-0.01088 -0.01779 0.76300
-0.01012 -0.01920 0.76621
-0.01110 -0.01172 0.77473
-0.01535 -0.01797 0.77583
-0.02047 -0.02278 0.78347
-0.01659 -0.02107 0.78177
-0.01134 -0.02392 0.78600
-0.02737 -0.03817 0.78643
-0.01645 -0.00566 0.78893
-0.02149 -0.01346 0.79151
-0.01696 -0.02565 0.79654
-0.01758 -0.03147 0.79354
-0.01511 -0.01727 0.79993
-0.01703 -0.01904 0.80121
-0.01761 -0.02552 0.79912
-0.01405 -0.02531 0.79390
-0.00959 -0.02301 0.78867
-0.01243 -0.01309 0.79043
-0.02511 -0.02344 0.79471
-0.02117 -0.02520 0.79037
-0.01348 -0.03215 0.77923
-0.01110 -0.02478 0.77949
-0.02408 -0.01242 0.78408
-0.02896 -0.00647 0.79404
-0.01592 -0.02118 0.80001
-0.00599 -0.01280 0.80366
-0.01886 -0.02896 0.80382
-0.02112 -0.04134 0.79938
-0.01503 -0.02490 0.78972
-0.01228 -0.01703 0.79079
-0.01569 -0.01822 0.79238
-0.01345 -0.02255 0.79282
-0.01447 -0.01780 0.79162
-0.01109 -0.01368 0.79803
-0.01827 -0.02352 0.80465
-0.01093 -0.01721 0.80660
-0.01019 -0.01832 0.81064
-0.01272 -0.02314 0.81163
-0.01275 -0.01765 0.81723
-0.01465 -0.03370 0.81132
-0.02542 -0.04032 0.79738
-0.02005 -0.03173 0.79728
-0.01623 0.00834 0.79579
-0.01172 -0.01528 0.81125
-0.02027 -0.03258 0.81577
-0.01369 -0.02404 0.81137
-0.01129 -0.01692 0.81108
-0.00539 -0.00743 0.81767
-0.01110 -0.02809 0.82083
-0.02009 -0.03721 0.81617
-0.01694 -0.02314 0.81597
-0.01257 -0.02734 0.81357
-0.01543 -0.00983 0.81344
-0.01035 -0.01508 0.81656
-0.01434 -0.03261 0.81702
-0.01690 -0.02106 0.81914
-0.01454 -0.02998 0.81664
-0.01504 -0.02341 0.81436
-0.02859 -0.03761 0.81282
-0.02176 -0.01314 0.81074
-0.01034 -0.01996 0.81662
-0.01834 -0.01995 0.81767
-0.02273 -0.02778 0.81877
-0.02319 -0.01931 0.81430
-0.03154 -0.01505 0.82110
-0.02561 -0.01921 0.82466
-0.02781 -0.03793 0.82221
-0.03155 -0.02354 0.82034
-0.02976 -0.02391 0.81531
-0.02835 -0.01800 0.81496
-0.02145 -0.02412 0.81947
-0.01577 -0.02770 0.81783
-0.01917 -0.03054 0.81407
-0.00297 -0.01609 0.81182
0.00915 -0.01081 0.81238
0.00904 -0.02098 0.81984
-0.00709 -0.03005 0.81573
-0.00111 -0.02153 0.81598
0.01244 -0.01901 0.81213
0.00396 -0.01461 0.81132
-0.01084 -0.03158 0.81819
-0.00442 -0.01188 0.81826
-0.00667 -0.02353 0.82436
-0.00547 -0.01375 0.82641
-0.00980 -0.03839 0.82823
-0.01473 -0.02898 0.82291
-0.01970 -0.02030 0.81953
-0.01480 -0.02110 0.81531
-0.00857 -0.01827 0.82355
-0.01129 0.00162 0.83332
-0.01781 -0.02945 0.84225
-0.01220 -0.01159 0.84128
-0.00837 -0.02142 0.84883
-0.01566 -0.02008 0.85427
-0.01611 -0.03553 0.85723
-0.01259 -0.01397 0.86077
-0.01301 -0.02865 0.86450
-0.02352 -0.01743 0.86887
-0.02338 -0.03004 0.86366
-0.01083 -0.01390 0.87074
-0.02124 -0.02618 0.86997
-0.02036 -0.01658 0.87836
-0.01987 -0.02419 0.88615
-0.02946 -0.01523 0.89160
-0.02676 -0.01650 0.90115
-0.03016 -0.03171 0.90831
-0.03190 -0.02306 0.90567
-0.02370 -0.04089 0.90139
-0.01700 -0.02714 0.89554
-0.02239 -0.02111 0.88936
-0.01772 -0.01690 0.89236
-0.01510 -0.01484 0.89565
-0.01362 -0.02386 0.90525
-0.01365 -0.01185 0.91843
-0.01598 -0.02867 0.92409
-0.01262 -0.01762 0.92573
-0.02284 -0.03437 0.92456
-0.03313 -0.02883 0.98368
-0.03448 -0.02406 1.00750
-0.02297 -0.01354 1.00993
-0.01994 -0.03515 0.98585
-0.02006 -0.03653 0.97978
-0.01907 -0.00613 0.98156
-0.02068 -0.02531 0.97907
-0.02407 -0.02180 0.98520
-0.03015 -0.04303 0.98326
-0.01829 -0.02699 0.98150
-0.02216 -0.01816 0.96360
-0.02698 -0.03658 0.97497
-0.01171 -0.00810 0.96876
-0.01399 -0.03755 0.97289
-0.01147 -0.02725 0.96448
-0.01305 -0.02569 0.96872
-0.01342 -0.02720 0.96239
-0.01490 -0.01618 0.96181
-0.02396 -0.03202 0.96002
-0.01695 -0.01833 0.95088
-0.01928 -0.01577 0.95723
-0.01455 -0.03570 0.95065
-0.01694 -0.01510 0.95158
-0.02274 -0.03285 0.94440
-0.00873 -0.00890 0.94800
-0.01883 -0.02998 0.95014
-0.03333 -0.02262 0.94902
-0.01557 -0.02486 0.94764
-0.00574 -0.00605 0.94855
-0.01871 -0.05791 0.93924
-0.01665 -0.01055 0.94075
-0.00840 -0.03700 0.93345
-0.00855 -0.01185 0.93989
-0.01744 -0.03326 0.94490
-0.00786 -0.01617 0.95016
-0.01109 -0.03260 0.95381
-0.00909 -0.02127 0.95142
-0.01087 -0.03019 0.95048
-0.01117 -0.01589 0.95224
0.00002 -0.01939 0.95818
-0.00734 -0.01872 0.96305
-0.00948 -0.02824 0.96516
-0.00715 -0.01484 0.96936
-0.00773 -0.01914 0.97836
-0.01142 -0.03496 0.97950
-0.01229 -0.03675 0.96982
-0.00350 -0.01061 0.96930
-0.00402 -0.01909 0.97347
-0.00279 -0.01394 0.98181
-0.00446 -0.02775 0.98814
-0.00642 -0.02602 0.98912
-0.00625 -0.02062 0.99308
-0.00942 -0.01636 0.99523
-0.01518 -0.02176 0.99998
-0.01497 -0.02479 0.99868
-0.01523 -0.02413 1.00317
-0.01376 -0.02797 1.00526
-0.01805 -0.01841 1.00926
-0.01367 -0.03176 1.00801
-0.01174 -0.01742 1.01667
-0.01377 -0.02882 1.01295
-0.01692 -0.02022 1.01358
-0.01718 -0.02771 1.01484
-0.01885 -0.03114 1.00909
-0.01471 -0.02144 1.00950
-0.01227 -0.02533 1.01103
-0.00890 -0.02188 1.01678
-0.00411 -0.02601 1.01911
-0.00837 -0.03387 1.01988
-0.01501 -0.03861 1.01139
-0.00955 -0.02683 1.00595
-0.01059 -0.02406 1.00663
-0.00821 -0.02131 1.00858
-0.00819 -0.02584 1.01769
-0.00824 -0.02639 1.01580
-0.00703 -0.02927 1.01599
-0.00860 -0.02171 1.01716
-0.01108 -0.03003 1.01128
-0.01164 -0.03448 1.01316
-0.01128 -0.01879 1.00900
-0.01170 -0.02340 1.01547
-0.01101 -0.02828 1.01643
-0.01218 -0.03827 1.01171
-0.00991 -0.02418 1.01368
-0.01049 -0.02758 1.01132
-0.01208 -0.02184 1.01374
-0.01376 -0.03671 1.01359
-0.01243 -0.02279 1.01171
-0.00962 -0.02810 1.00930
-0.01147 -0.02755 1.00658
-0.00772 -0.02757 1.00163
-0.00476 -0.03419 0.99902
-0.00548 -0.01705 0.99548
-0.01016 -0.02959 0.99156
-0.01373 -0.01805 0.98228
-0.01560 -0.04038 0.97157
-0.00925 -0.01832 0.96162
-0.01359 -0.02839 0.94981
-0.01142 -0.02491 0.93698
-0.01500 -0.01994 0.92450
-0.01500 -0.03178 0.91206
-0.01871 -0.02986 0.89386
-0.02042 -0.03096 0.87725
-0.02001 -0.02753 0.85824
-0.01871 -0.03010 0.84074
-0.01379 -0.02638 0.82325
-0.01351 -0.03223 0.80579
-0.00763 -0.02312 0.79413
-0.00673 -0.02527 0.78339
-0.00669 -0.02624 0.77096
-0.00792 -0.02718 0.75864
-0.00466 -0.02082 0.74580
-0.00444 -0.01849 0.73695
-0.00107 -0.02594 0.72334
-0.00133 -0.02838 0.70791
-0.00507 -0.03080 0.70043
-0.00420 -0.01536 0.69955
0.00173 -0.01495 0.70233
0.00522 -0.00930 0.71439
-0.00523 -0.01313 0.71972
0.00249 -0.02596 0.72441
0.00267 -0.02659 0.73011
0.00380 -0.02332 0.72813
-0.00033 -0.02118 0.73250
0.00025 -0.03027 0.73181
0.00503 -0.01467 0.73745
0.00384 -0.00862 0.74721
0.00118 -0.00767 0.75611
0.00054 -0.00795 0.77630
-0.00423 -0.01689 0.78741
-0.00886 -0.04013 0.78795
-0.00609 -0.04193 0.78635
-0.00246 -0.00929 0.79014
-0.00563 -0.01507 0.79339
0.00116 -0.02054 0.80516
0.00377 -0.02887 0.80547
0.00380 -0.02365 0.80853
0.00517 -0.03293 0.79891
0.00233 -0.02945 0.79151
0.00169 -0.01942 0.78907
-0.00021 -0.02717 0.78453
-0.00344 -0.02513 0.77659
0.00087 -0.02552 0.77055
0.00462 -0.02636 0.75945
0.00704 -0.02550 0.75467
0.00328 -0.01667 0.74355
0.00899 -0.03614 0.72861
0.00401 -0.02976 0.71978
0.00378 -0.02671 0.71411
-0.00384 -0.01491 0.70858
0.00343 -0.02219 0.71802
0.01843 -0.01940 0.70288
0.01617 -0.02590 0.71066
0.01753 -0.02159 0.71455
0.02216 -0.02157 0.70774
0.02588 -0.02042 0.73027
0.02137 -0.00573 0.72804
0.01504 -0.01353 0.74870
0.00629 -0.01096 0.75568
0.00790 -0.02971 0.75305
0.00008 -0.02169 0.76076
-0.00297 -0.02954 0.76322
-0.00938 -0.01392 0.76798
-0.00468 -0.02445 0.77384
-0.00390 -0.02620 0.76758
-0.02842 -0.04884 0.75573
-0.02340 -0.02946 0.75282
-0.00187 -0.00013 0.75590
-0.01593 -0.00210 0.77908
-0.03595 -0.01821 0.79269
-0.02181 -0.04366 0.78662
-0.02414 -0.05364 0.76409
-0.01785 -0.02132 0.74147
-0.01723 0.00759 0.75229
-0.01947 0.00790 0.76530
-0.03441 -0.03032 0.76859
-0.02330 -0.03522 0.75287
-0.00989 -0.03328 0.73097
-0.00636 -0.02162 0.71618
-0.00896 -0.02068 0.71335
-0.00235 -0.01739 0.71009
-0.00675 -0.03023 0.69919
-0.00462 -0.02079 0.68627
-0.01100 -0.01969 0.67644
-0.01278 -0.01231 0.66644
-0.00617 -0.01711 0.66221
0.00174 -0.02494 0.65344
0.00617 -0.01647 0.64945
0.01413 -0.01673 0.63369
0.01662 -0.02058 0.62729
0.01772 -0.02387 0.59838
0.01571 -0.02082 0.57452
0.01240 -0.01480 0.55803
0.01453 -0.01327 0.53329
0.00724 -0.01170 0.51768
0.01549 -0.02539 0.49067
0.01608 -0.02961 0.45478
0.02276 -0.02634 0.42915
0.01926 -0.01195 0.40523
0.01112 -0.00693 0.37816
0.00443 0.00191 0.36731
0.00271 -0.00309 0.35173
0.00584 -0.00122 0.33688
0.01295 -0.01412 0.32155
0.02245 -0.01012 0.30379
0.00340 -0.00971 0.28650
-0.00861 -0.01072 0.26507
-0.01470 -0.00874 0.24668
-0.00669 0.00095 0.22554
0.00181 -0.00961 0.20167
0.00631 -0.00790 0.17702
0.00431 -0.00430 0.15945
-0.00455 -0.00999 0.15099
-0.01355 -0.00185 0.14992
0.00411 0.00594 0.15254
0.00362 0.00258 0.15727
0.00507 -0.00375 0.15301
-0.00219 -0.00628 0.14769
-0.01256 -0.00616 0.14628
-0.01648 -0.00356 0.14621
-0.01674 0.00074 0.14897
-0.01179 -0.00159 0.16216
-0.01136 -0.00032 0.17703
-0.01836 0.00176 0.19500
-0.03032 0.00213 0.21278
-0.02648 -0.00095 0.22477
-0.01517 -0.01350 0.23370
-0.00507 -0.01112 0.24764
-0.01111 -0.00502 0.25150
-0.01691 -0.00109 0.26388
-0.01244 -0.00743 0.27071
-0.02658 -0.00105 0.27086
-0.02624 -0.01370 0.28869
-0.02215 -0.00819 0.30070
-0.02946 -0.00665 0.30042
-0.03649 0.00164 0.32510
-0.04521 0.00217 0.33577
-0.03302 -0.00310 0.33513
-0.02591 -0.00719 0.36535
-0.02861 -0.01015 0.36160
-0.03213 -0.00388 0.39269
-0.03345 -0.00559 0.40770
-0.03520 -0.00703 0.40819
-0.03277 -0.00542 0.43983
-0.03216 -0.00634 0.45819
-0.03008 -0.00807 0.46801
-0.02711 -0.00451 0.49586
-0.02571 -0.01116 0.50588
-0.03022 -0.00869 0.53211
-0.02710 -0.00728 0.55128
-0.02501 -0.00772 0.55720
-0.02404 -0.01210 0.57474
-0.02164 -0.00554 0.59401
-0.02412 -0.01233 0.60296
-0.02843 -0.01208 0.62694
-0.02713 -0.00859 0.63827
-0.03101 -0.00548 0.66987
-0.02222 -0.00313 0.68679
-0.02527 -0.01487 0.70353
-0.02424 -0.01730 0.71734
-0.01848 -0.01090 0.73115
-0.01591 -0.00782 0.74576
-0.01694 -0.01317 0.76106
-0.01622 -0.01658 0.77457
-0.01420 -0.01624 0.79023
-0.01320 -0.01921 0.80403
-0.01427 -0.01581 0.82006
-0.01489 -0.01576 0.83246
-0.01260 -0.01753 0.84502
-0.01227 -0.02088 0.85454
-0.00907 -0.01457 0.86224
-0.01292 -0.02227 0.87844
-0.01827 -0.01799 0.88470
-0.01035 -0.00936 0.89834
-0.01479 -0.01499 0.90956
-0.01787 -0.01470 0.92476
-0.01611 -0.01300 0.93859
-0.01652 -0.02053 0.94796
-0.01411 -0.02583 0.95826
-0.00951 -0.01021 0.96763
-0.01134 -0.02216 0.98153
-0.01462 -0.01397 0.99229
-0.01498 -0.02364 1.00532
-0.01452 -0.02002 1.01514
-0.01484 -0.01994 1.02492
-0.01927 -0.03053 1.03902
-0.01651 -0.01503 1.04878
-0.01137 -0.01701 1.05215
-0.01496 -0.01940 1.04740
-0.01784 -0.02550 1.05757
-0.00544 -0.01406 1.06276
-0.01305 -0.03005 1.07506
-0.01463 -0.02499 1.07543
-0.00912 -0.01686 1.08126
-0.00256 -0.02207 1.08124
-0.00082 -0.01994 1.08007
0.00206 -0.01668 1.09361
-0.00559 -0.03704 1.09142
0.00761 -0.02586 1.08685
0.00163 -0.01920 1.09310
0.00363 -0.01536 1.09196
0.00192 -0.02149 1.11056
0.01083 -0.03510 1.11051
0.01420 -0.03135 1.09129
0.00105 -0.02196 1.10721
0.01344 -0.01578 1.09019
-0.00412 -0.03445 1.10798
0.01025 -0.01859 1.10936
-0.00102 -0.03730 1.08581
0.00927 -0.03129 1.11255
0.01404 -0.01673 1.09212
0.01241 -0.02440 1.11285
0.01365 -0.02683 1.11529
0.01040 -0.02436 1.11025
0.00385 -0.03679 1.12917
0.00468 -0.02288 1.12670
0.00180 -0.01758 1.11974
0.00480 -0.02739 1.13569
0.00459 -0.02649 1.13264
0.00588 -0.03497 1.14095
-0.00285 -0.01438 1.14180
-0.01410 -0.02268 1.14607
-0.01404 -0.02456 1.14648
-0.01165 -0.02448 1.15137
-0.01294 -0.02292 1.15745
-0.00650 -0.01490 1.16948
-0.00703 -0.01671 1.18055
-0.01265 -0.02811 1.19311
-0.01084 -0.00108 1.20008
-0.01701 -0.04074 1.20451
-0.01711 -0.01477 1.20640
-0.01795 -0.02534 1.22079
-0.01125 -0.01749 1.22848
-0.01789 -0.03123 1.24018
-0.01842 -0.01495 1.24711
-0.01897 -0.03374 1.25043
-0.01455 -0.00027 1.26217
-0.02473 -0.04448 1.27198
-0.00583 -0.00344 1.27351
-0.01352 -0.03914 1.28486
-0.01882 -0.01175 1.29206
-0.01563 -0.03351 1.30072
-0.01819 -0.01246 1.30828
-0.01603 -0.03279 1.33503
-0.01496 -0.02608 1.34310
-0.01816 -0.02562 1.35066
-0.01580 -0.02472 1.35301
-0.01435 -0.02956 1.36341
-0.01588 -0.02799 1.36935
-0.01729 -0.02410 1.37621
-0.01991 -0.02338 1.38162
-0.02253 -0.01924 1.38985
-0.01858 -0.03217 1.39572
-0.01724 -0.01996 1.40429
-0.02019 -0.03679 1.41160
-0.01626 -0.02267 1.41587
-0.01607 -0.03093 1.42889
-0.01752 -0.02805 1.43103
-0.01551 -0.02732 1.44397
-0.01573 -0.02823 1.44847
-0.01742 -0.03582 1.45698
-0.01577 -0.02263 1.46204
-0.01549 -0.02900 1.47473
-0.01752 -0.02343 1.47603
-0.01460 -0.02593 1.48571
-0.01677 -0.01552 1.49156
-0.01773 -0.03783 1.50601
-0.01727 -0.03640 1.50105
-0.01842 -0.01781 1.49775
-0.01994 -0.04272 1.50272
-0.02132 -0.01999 1.50473
-0.02308 -0.03090 1.51100
-0.02421 -0.03595 1.51628
-0.02203 -0.04406 1.51521
-0.02034 -0.02559 1.51766
-0.02167 -0.03562 1.51907
-0.01974 -0.03677 1.51765
-0.01807 -0.02852 1.52523
-0.02224 -0.02063 1.51936
-0.02260 -0.04511 1.51760
-0.02599 -0.03819 1.51559
-0.01811 -0.02405 1.51780
-0.02213 -0.03677 1.51537
-0.02141 -0.03303 1.51130
-0.02797 -0.03801 1.50592
-0.02076 -0.03038 1.50806
-0.01614 -0.01932 1.50808
-0.00815 -0.04499 1.50585
-0.01921 -0.03721 1.50194
-0.01564 -0.02016 1.49839
-0.02777 -0.03704 1.50579
-0.02749 -0.03781 1.50417
-0.02535 -0.03118 1.50247
-0.02499 -0.02960 1.50266
-0.02246 -0.02850 1.50292
-0.02619 -0.03009 1.50039
-0.02172 -0.02271 1.50325
-0.01654 -0.03890 1.49696
-0.01662 -0.03721 1.49692
-0.01727 -0.03194 1.49452
-0.01720 -0.03436 1.49581
-0.01770 -0.04406 1.48531
-0.02148 -0.02934 1.47496
-0.02193 -0.02407 1.47372
-0.03374 -0.04487 1.46265
-0.01731 -0.02651 1.45412
-0.02023 -0.04419 1.44203
-0.01371 -0.02381 1.43694
-0.01826 -0.04618 1.42781
-0.01900 -0.04274 1.41728
-0.01800 -0.02953 1.41042
-0.02107 -0.03889 1.39578
-0.02005 -0.03834 1.37971
-0.01694 -0.02864 1.35480
-0.01966 -0.04368 1.33496
-0.01677 -0.03685 1.30809
-0.01641 -0.05041 1.27995
-0.01349 -0.03679 1.24652
-0.01123 -0.02612 1.22497
-0.01975 -0.05728 1.20145
-0.01571 -0.02451 1.16489
-0.01826 -0.03924 1.13113
-0.02120 -0.02811 1.09703
-0.01866 -0.02944 1.06317
-0.01225 -0.03321 1.02319
-0.02604 -0.03665 0.98839
-0.01441 -0.04791 0.94074
-0.01147 -0.02504 0.90094
-0.01829 -0.03940 0.86154
-0.01017 -0.02980 0.81605
-0.00985 -0.02928 0.77676
-0.00457 -0.02275 0.73800
0.00937 -0.02426 0.69396
0.00850 -0.03116 0.66770
0.02026 -0.01529 0.64405
0.02914 -0.01952 0.59165
0.03956 -0.01722 0.62491
0.03891 -0.01150 0.55701
0.04270 -0.02268 0.61324
0.04573 -0.00832 0.61487
0.04254 -0.01769 0.52387
0.05364 -0.02211 0.59319
0.05266 -0.01961 0.48893
0.05511 -0.01485 0.56957
0.05102 -0.01378 0.47691
0.06156 -0.00096 0.53516
0.07602 -0.01531 0.53243
0.04998 -0.00236 0.47668
0.05632 -0.00897 0.52513
0.05118 -0.01038 0.49060
0.06799 -0.02663 0.52173
0.06667 -0.02228 0.52236
0.06394 -0.01111 0.51306
0.06091 0.00079 0.52508
0.06370 0.00420 0.53956
0.05937 -0.01621 0.54310
0.05895 -0.01383 0.55056
0.06461 -0.01859 0.58552
0.06250 -0.00635 0.55531
0.06289 -0.01234 0.61385
0.05349 -0.01181 0.56713
0.05484 -0.00676 0.58588
0.06115 -0.01199 0.66347
0.04985 -0.00401 0.61527
0.03881 -0.02397 0.63653
0.04031 -0.00933 0.70041
0.02784 -0.00358 0.66723
0.01503 0.00644 0.68792
0.01105 -0.01773 0.73056
0.00854 -0.00801 0.72403
-0.00065 -0.01475 0.74214
-0.00734 -0.02444 0.75781
0.00520 -0.00156 0.75630
0.00332 -0.01187 0.78997
-0.00571 -0.01463 0.78858
-0.00611 -0.02839 0.78906
0.00829 -0.00210 0.81152
0.00238 -0.02130 0.80807
-0.00361 -0.01699 0.81461
-0.00574 -0.03088 0.83071
0.01222 -0.01143 0.81500
0.01372 -0.01111 0.83760
0.01076 -0.01333 0.82264
0.01217 -0.02704 0.84015
0.01553 -0.01904 0.85403
0.01519 -0.02070 0.84641
-0.00118 -0.01308 0.85492
-0.01033 -0.01799 0.87613
-0.01248 -0.01789 0.88428
-0.02663 -0.02192 0.89121
-0.02684 -0.02821 0.89611
-0.02858 -0.02472 0.89549
-0.02178 -0.01287 0.91092
-0.02843 -0.01210 0.91438
-0.01763 -0.01805 0.93312
-0.02541 -0.02169 0.94130
-0.02428 -0.02068 0.94796
-0.02968 -0.02022 0.95196
-0.02043 -0.01720 0.95896
-0.01933 -0.01040 0.97711
-0.03181 -0.01662 0.98635
-0.01305 -0.02304 0.99913
-0.01076 -0.01650 1.01097
-0.02027 -0.03008 1.01661
-0.01908 -0.02610 1.01748
-0.01789 -0.03336 1.01314
-0.01454 -0.01666 1.01419
-0.01690 -0.03050 1.01223
-0.01373 -0.03787 1.01532
-0.01679 -0.02439 1.01144
-0.01607 -0.02273 1.00316
-0.01713 -0.02347 1.00446
-0.01766 -0.02793 0.99840
-0.02161 -0.03624 0.98542
-0.01572 -0.02260 0.97960
-0.01478 -0.00951 0.96790
-0.01622 -0.04564 0.96968
-0.01594 -0.01943 0.96466
-0.01374 -0.02668 0.95634
-0.01571 -0.02610 0.94865
-0.01428 -0.02133 0.93568
-0.01249 -0.02849 0.92672
-0.01324 -0.02763 0.91521
-0.02204 -0.01678 0.91252
-0.01552 -0.03106 0.89672
-0.01503 -0.04615 0.88438
-0.01687 -0.01476 0.86635
-0.01633 -0.01608 0.84958
-0.01716 -0.03131 0.83474
-0.01635 -0.03394 0.81270
-0.01580 -0.03171 0.78864
-0.02253 -0.01126 0.76696
-0.01475 -0.02641 0.74304
-0.00087 -0.00875 0.71866
-0.01589 -0.03854 0.69240
-0.02530 -0.02399 0.66234
-0.00932 -0.01690 0.63441
-0.01382 -0.02141 0.60349
-0.01189 -0.02909 0.57132
-0.00536 -0.01437 0.53283
-0.00782 -0.02059 0.50093
-0.00361 -0.00941 0.46976
-0.01238 -0.01405 0.43570
-0.01485 -0.01462 0.40967
-0.00039 -0.00856 0.37385
0.01125 -0.01759 0.34564
0.00138 -0.00443 0.31611
-0.00846 -0.00814 0.28802
-0.00250 -0.00936 0.26325
0.00064 -0.00976 0.24504
-0.00405 -0.01013 0.22319
-0.00296 0.00196 0.21688
-0.00112 -0.00111 0.21104
-0.00204 -0.00624 0.20724
-0.00312 -0.00562 0.20754
-0.00220 -0.00476 0.20869
-0.00196 -0.00444 0.20353
-0.00337 -0.00667 0.20214
-0.00634 -0.00327 0.20357
-0.00465 -0.00321 0.20191
-0.00275 -0.00875 0.20591
0.00054 -0.00296 0.19741
-0.00113 -0.00354 0.19417
-0.00099 -0.00163 0.18471
-0.00535 -0.00673 0.18205
-0.00642 -0.00566 0.18211
-0.00139 -0.00175 0.17739
0.00100 -0.00243 0.17215
-0.00283 -0.00494 0.16422
-0.00525 -0.00619 0.15437
-0.00706 -0.00535 0.14686
-0.00410 -0.00482 0.14376
0.00145 -0.00015 0.14108
0.00429 -0.00226 0.14204
-0.00241 -0.00167 0.13944
-0.01293 0.00328 0.14646
-0.00961 -0.00382 0.14425
-0.00708 -0.00932 0.13454
-0.00403 -0.00838 0.12942
-0.00142 -0.00470 0.12988
-0.00285 -0.00344 0.13094
-0.00547 -0.00493 0.13426
-0.00533 -0.00513 0.13998
-0.00656 -0.00480 0.15010
-0.00467 -0.00326 0.15912
-0.00454 0.00068 0.17760
-0.00589 -0.00112 0.20392
-0.01085 -0.00656 0.23195
-0.01137 -0.00646 0.26044
-0.00896 -0.00315 0.29036
-0.00948 -0.00127 0.31957
-0.01481 0.00533 0.34620
-0.02245 -0.01118 0.37622
-0.01218 -0.00476 0.39564
-0.00981 -0.00220 0.42860
-0.01178 -0.00187 0.44920
-0.02095 -0.01325 0.47259
-0.02230 -0.00968 0.48844
-0.01614 -0.00113 0.51477
-0.01245 -0.00489 0.54300
-0.00873 -0.01301 0.56423
-0.01529 -0.00228 0.57717
-0.02940 -0.01025 0.59842
-0.02027 -0.01685 0.62165
-0.01548 -0.00401 0.63158
-0.02151 -0.01728 0.65579
-0.02603 -0.00807 0.67271
-0.01311 -0.00978 0.69224
-0.01339 -0.01374 0.71112
-0.01243 -0.01255 0.72914
-0.02114 -0.01922 0.74023
-0.02601 -0.00333 0.75966
-0.01604 -0.00606 0.77545
0.00632 0.00593 0.80041
-0.01977 -0.02409 0.81928
-0.01950 -0.00982 0.83134
-0.01984 -0.02090 0.84781
-0.01373 0.00128 0.85804
-0.01273 -0.01990 0.88572
-0.01016 -0.01508 0.89457
-0.01533 -0.00885 0.90550
-0.01480 -0.01792 0.91557
-0.01103 -0.01769 0.92251
-0.01179 -0.02379 0.92105
-0.01610 -0.02292 0.91990
-0.01170 -0.02659 0.91797
-0.02079 -0.01738 0.91427
-0.01408 -0.01815 0.91904
-0.01382 -0.00825 0.91775
-0.02416 -0.03695 0.91749
-0.01005 -0.02218 0.91899
-0.00052 -0.02452 0.92735
-0.00903 -0.03603 0.93309
-0.00719 -0.00834 0.93422
-0.00743 -0.02751 0.93433
-0.00604 -0.01146 0.93986
-0.01119 -0.02665 0.94134
-0.01203 -0.01586 0.94667
-0.00904 -0.02687 0.94945
-0.00656 -0.03190 0.94690
-0.01074 -0.01223 0.95172
-0.01239 -0.02098 0.95702
-0.01062 -0.01910 0.95730
-0.01700 -0.02514 0.96581
-0.01621 -0.02222 0.96664
-0.01888 -0.02795 0.96826
-0.01896 -0.01287 0.97177
-0.01904 -0.02360 0.97809
-0.01475 -0.03327 0.98058
-0.01826 -0.00561 0.97591
-0.02298 -0.04572 0.97418
-0.00171 0.01637 0.97213
-0.02177 -0.05099 0.97528
-0.01636 -0.00153 0.97226
-0.01852 -0.05275 0.97176
-0.01575 -0.01071 0.96484
-0.01463 -0.03564 0.96354
-0.01525 -0.02026 0.95924
-0.01733 -0.03656 0.95409
-0.01208 -0.01529 0.94732
-0.02231 -0.03071 0.94200
-0.02157 -0.01795 0.94196
-0.01961 -0.01945 0.94072
-0.02256 -0.03850 0.93811
-0.01716 -0.02777 0.92909
-0.01529 -0.02195 0.91651
-0.01282 -0.02092 0.91818
-0.00444 -0.02583 0.91406
-0.00443 -0.02742 0.91023
-0.00389 -0.02717 0.90080
-0.00842 -0.02347 0.88780
-0.00455 -0.01933 0.88215
-0.01039 -0.02677 0.86628
-0.01778 -0.04242 0.85402
-0.01593 -0.01978 0.82628
-0.01269 -0.02456 0.80642
-0.01843 -0.01834 0.79095
-0.00312 -0.01681 0.77416
-0.00600 -0.03228 0.75248
-0.00475 -0.02021 0.71659
-0.01350 -0.02925 0.68742
-0.00020 -0.02835 0.65447
-0.00327 -0.00636 0.62648
-0.01155 -0.01304 0.60578
-0.01420 -0.01626 0.58116
-0.00451 -0.02104 0.55777
-0.00795 -0.03080 0.53505
-0.01364 -0.00948 0.51734
-0.01518 -0.00660 0.50741
-0.00936 -0.00511 0.49704
-0.00587 -0.00815 0.48708
-0.00545 -0.02226 0.47762
-0.01192 -0.01813 0.46357
-0.00847 -0.00831 0.45253
-0.00442 -0.01500 0.44332
0.00064 -0.00889 0.43436
-0.00341 -0.01270 0.42449
-0.00233 -0.01422 0.41574
-0.00581 -0.01552 0.40184
-0.00587 -0.01112 0.38711
-0.00534 -0.00722 0.37413
-0.00582 -0.01663 0.35898
-0.00962 -0.01662 0.34896
-0.00837 -0.01117 0.33430
-0.00260 -0.01028 0.32342
-0.00059 -0.00562 0.31277
-0.00379 -0.01007 0.30547
-0.00667 0.00007 0.29389
-0.01423 -0.00861 0.27865
-0.01285 -0.00302 0.26427
-0.00935 -0.01046 0.25001
-0.00796 -0.00989 0.23073
-0.00354 -0.00520 0.21889
-0.00314 -0.00635 0.20589
-0.00377 -0.01189 0.19605
-0.00535 -0.01180 0.18037
-0.00585 -0.00454 0.17054
-0.00247 -0.00364 0.15913
0.00042 -0.00285 0.14952
-0.00158 -0.00528 0.14197
-0.00750 -0.00469 0.13122
-0.00386 -0.00402 0.12452
-0.00415 -0.00396 0.11641
-0.00389 -0.00502 0.10590
-0.00600 -0.00272 0.10006
-0.00657 -0.00186 0.09493
-0.00521 -0.00327 0.09107
-0.00150 -0.00156 0.08520
-0.00284 -0.00229 0.07685
-0.00478 -0.00386 0.07205
-0.00390 -0.00350 0.06894
-0.00304 -0.00159 0.06232
-0.00232 -0.00083 0.05868
-0.00389 -0.00209 0.05555
-0.00186 -0.00237 0.05226
-0.00417 -0.00193 0.04744
-0.00205 -0.00163 0.04371
-0.00232 -0.00203 0.03836
-0.00270 -0.00133 0.03585
-0.00283 -0.00113 0.03071
-0.00195 -0.00194 0.02643
-0.00173 -0.00069 0.02089
-0.00216 -0.00075 0.01701
-0.00120 -0.00070 0.01441
-0.00147 -0.00092 0.01238
-0.00227 -0.00067 0.01217
-0.00028 -0.00095 0.01211
-0.00242 -0.00128 0.02177
-0.00209 -0.00123 0.02133
-0.00202 -0.00132 0.03221
-0.00181 -0.00150 0.03261
0.00052 -0.00084 0.03486
-0.00172 -0.00021 0.03312
-0.00140 -0.00083 0.03427
-0.00179 -0.00056 0.03905
-0.00136 -0.00024 0.04327
0.00098 0.00042 0.04791
-0.00224 -0.00153 0.05117
-0.00074 -0.00119 0.05807
-0.00143 -0.00198 0.06104
-0.00298 -0.00184 0.06898
-0.00321 -0.00169 0.07177
-0.00205 -0.00266 0.07759
-0.00087 -0.00241 0.08204
-0.00228 -0.00177 0.08791
-0.00356 -0.00093 0.09138
-0.00292 -0.00303 0.09539
-0.00254 -0.00203 0.10196
-0.00221 0.00075 0.10364
-0.00329 -0.00197 0.10571
-0.00240 -0.00292 0.10743
-0.00092 -0.00373 0.11351
-0.00178 -0.00305 0.11505
-0.00277 -0.00039 0.11685
0.00038 -0.00089 0.11728
0.00236 -0.00465 0.11631
-0.00347 -0.00403 0.11176
-0.00343 -0.00450 0.10608
-0.00210 -0.00173 0.10180
-0.00210 -0.00069 0.09718
-0.00392 -0.00111 0.09259
-0.00186 -0.00140 0.08561
