0.00428 4.67368 2.67806
0.00231 2.45285 1.40542
0.00601 6.12600 3.51049
0.00562 5.37883 3.08221
0.00593 5.17357 2.96457
0.00441 3.44816 1.97575
0.00176 1.25209 0.71740
0.00289 1.87303 1.07318
0.00483 2.91113 1.66802
0.00583 3.34510 1.91669
0.00443 2.43599 1.39575
0.00685 3.63001 2.07996
0.00569 2.88991 1.65585
0.00097 0.47251 0.27073
0.00552 2.60576 1.49303
0.00544 2.48805 1.42559
0.00213 0.95441 0.54684
0.00284 1.26604 0.72539
0.00845 3.64755 2.09001
0.01021 4.35596 2.49598
0.00710 3.00318 1.72076
0.00572 2.36563 1.35544
0.00211 0.84078 0.48173
0.01170 4.44362 2.54621
0.00236 0.87974 0.50406
0.00201 0.73040 0.41849
0.00264 0.93715 0.53695
0.00084 0.28714 0.16452
0.00348 1.14432 0.65565
0.00232 0.73147 0.41910
0.00119 0.36293 0.20794
0.00258 0.76558 0.43864
0.00428 1.21156 0.69418
0.00231 0.63075 0.36140
0.00546 1.42690 0.81756
0.00462 1.17760 0.67472
0.00334 0.82654 0.47358
0.00215 0.50921 0.29175
0.00281 0.64339 0.36864
0.00318 0.70585 0.40442
0.00410 0.88271 0.50576
0.00462 0.96845 0.55488
0.00311 0.62730 0.35942
0.00313 0.61397 0.35178
0.00747 1.41052 0.80818
0.00252 0.46239 0.26493
0.01274 2.27800 1.30523
0.01048 1.81608 1.04055
0.00603 1.02197 0.58555
0.00591 0.97282 0.55739
0.00099 0.15835 0.09073
0.00787 1.23136 0.70552
0.01255 1.91568 1.09762
0.00530 0.79561 0.45585
0.00517 0.75610 0.43321
0.00404 0.57648 0.33030
0.00769 1.07227 0.61437
0.02292 3.13291 1.79510
0.01408 1.89824 1.08763
0.01600 2.11706 1.21301
0.01273 1.65962 0.95090
0.01664 2.11321 1.21080
0.01131 1.42444 0.81615
0.01898 2.36545 1.35534
0.01799 2.24079 1.28390
0.01652 2.04518 1.17182
0.01534 1.86531 1.06876
0.01744 2.09671 1.20135
0.02677 3.16613 1.81413
0.01135 1.33611 0.76554
0.01470 1.73149 0.99208
0.01334 1.57187 0.90062
0.01029 1.22008 0.69906
0.00864 1.02803 0.58902
0.01262 1.49273 0.85528
0.01555 1.84685 1.05818
0.01711 2.02630 1.16100
0.00914 1.09493 0.62735
0.01433 1.71261 0.98126
0.01129 1.34549 0.77092
0.01449 1.72548 0.98864
0.00915 1.08567 0.62205
0.00875 1.03656 0.59391
0.02084 2.48883 1.42603
0.00963 1.15326 0.66077
0.01819 2.18314 1.25087
0.01065 1.28331 0.73529
0.00957 1.15224 0.66019
0.01239 1.49325 0.85558
0.02115 2.55901 1.46624
0.01472 1.78228 1.02118
0.01228 1.48824 0.85271
0.01417 1.71769 0.98417
0.01643 1.98645 1.13817
0.01723 2.10452 1.20582
0.01110 1.36496 0.78207
0.01650 2.04653 1.17260
0.01366 1.70489 0.97684
0.01420 1.77369 1.01626
0.01270 1.59037 0.91122
0.01084 1.36024 0.77937
0.01503 1.90198 1.08977
0.01421 1.80725 1.03549
0.01198 1.53020 0.87675
0.01181 1.51739 0.86941
0.01623 2.08962 1.19729
0.01470 1.91500 1.09723
0.01455 1.91536 1.09744
0.01244 1.65646 0.94909
0.00953 1.29352 0.74114
0.00765 1.04820 0.60058
0.00928 1.30265 0.74637
0.00890 1.27446 0.73022
0.00999 1.46254 0.83798
0.01220 1.82745 1.04706
0.00609 0.93503 0.53574
0.00725 1.13907 0.65264
0.00695 1.11971 0.64155
0.00382 0.63446 0.36352
0.00614 1.05092 0.60213
0.00635 1.13059 0.64779
0.01081 1.99951 1.14565
0.00640 1.23954 0.71021
0.00930 1.87161 1.07237
0.01118 2.32740 1.33353
0.00535 1.15871 0.66389
0.00801 1.72743 0.98976
0.01011 2.25173 1.29018
0.00710 1.57491 0.90237
0.00905 2.06644 1.18400
0.00908 2.03840 1.16794
0.01202 2.76114 1.58206
0.01037 2.34992 1.34644
0.00920 2.09150 1.19836
0.01080 2.51172 1.43915
0.00786 1.83842 1.05335
0.01354 3.24495 1.85930
0.00317 0.73430 0.42072
0.01693 3.86508 2.21467
0.00943 2.03287 1.16477
0.01105 2.30222 1.31910
0.02511 5.15975 2.95665
0.01793 3.49757 2.00406
0.02125 4.05591 2.32403
0.01623 2.99741 1.71745
0.01608 2.86348 1.64071
0.02338 4.05463 2.32329
0.01163 1.95526 1.12030
0.01677 2.74567 1.57320
0.01447 2.30201 1.31898
0.02080 3.24107 1.85708
0.02854 4.34252 2.48828
0.02080 3.10078 1.77669
0.02103 3.06524 1.75632
0.01884 2.68701 1.53959
0.02324 3.24203 1.85763
0.01836 2.53312 1.45141
0.02690 3.64289 2.08734
0.01704 2.28254 1.30783
0.02323 3.04522 1.74485
0.01640 2.11428 1.21142
0.01717 2.20272 1.26209
0.02977 3.82952 2.19429
0.01860 2.41791 1.38539
0.01939 2.51759 1.44251
0.01389 1.79599 1.02904
0.01760 2.27801 1.30523
0.02025 2.61855 1.50036
0.02154 2.81614 1.61358
0.02314 3.03434 1.73861
0.01233 1.61820 0.92717
0.01473 1.94117 1.11223
0.01128 1.46610 0.84002
0.00689 0.90495 0.51850
0.00894 1.17457 0.67299
0.00587 0.77718 0.44529
0.00926 1.23408 0.70708
0.01037 1.37563 0.78818
0.01168 1.54786 0.88687
0.01047 1.38339 0.79263
0.00678 0.88672 0.50805
0.00762 0.99179 0.56826
0.00504 0.65274 0.37400
0.00619 0.79557 0.45583
0.00091 0.11538 0.06611
0.00452 0.57283 0.32821
0.00947 1.18588 0.67947
0.01510 1.89462 1.08556
0.02020 2.52400 1.44618
0.02185 2.68635 1.53921
0.01694 2.06228 1.18162
0.01547 1.85670 1.06383
0.01009 1.20336 0.68948
0.01422 1.67989 0.96252
0.01334 1.56255 0.89529
0.01368 1.59590 0.91439
0.00980 1.13492 0.65026
0.00704 0.81523 0.46709
0.00805 0.92879 0.53216
0.00913 1.04790 0.60040
0.01160 1.32865 0.76127
0.00753 0.85656 0.49077
0.00894 1.01694 0.58266
0.00671 0.76658 0.43922
0.01787 2.05419 1.17699
0.00569 0.66126 0.37887
0.00897 1.04061 0.59623
0.01039 1.21425 0.69572
0.00825 0.96374 0.55218
0.01142 1.33666 0.76585
0.03067 3.57094 2.04611
0.02393 2.80224 1.60562
0.02136 2.54972 1.46092
0.00306 0.36811 0.21091
0.01663 1.99822 1.14491
0.01078 1.30425 0.74728
0.00764 0.92915 0.53236
0.01094 1.33777 0.76649
0.01470 1.80931 1.03668
0.02147 2.63972 1.51249
0.01554 1.91297 1.09607
0.01220 1.50344 0.86141
0.02530 3.12633 1.79133
0.01240 1.54720 0.88649
0.01106 1.39199 0.79756
0.00912 1.14456 0.65579
0.01532 1.94439 1.11407
0.00978 1.25180 0.71723
0.01306 1.68085 0.96307
0.00314 0.40724 0.23333
0.01574 2.03523 1.16612
0.01592 2.06412 1.18267
0.01141 1.48052 0.84828
0.00500 0.65496 0.37526
0.01256 1.66142 0.95193
0.00769 1.02353 0.58644
0.00922 1.22426 0.70146
0.00958 1.26598 0.72536
0.01605 2.12250 1.21613
0.00745 0.98116 0.56217
0.02693 3.57991 2.05125
0.01475 1.99234 1.14154
0.01903 2.59780 1.48847
0.01774 2.40485 1.37791
0.01294 1.72227 0.98680
0.02185 2.88802 1.65477
0.02829 3.74100 2.14356
0.01263 1.69023 0.96844
0.01831 2.45385 1.40599
0.02226 2.97985 1.70739
0.01801 2.41031 1.38104
0.01169 1.55279 0.88969
0.01391 1.83976 1.05412
0.02105 2.79889 1.60370
0.00294 0.38636 0.22137
0.00394 0.51571 0.29548
0.02714 3.54578 2.03169
0.03436 4.52916 2.59524
0.00575 0.76424 0.43788
0.00862 1.14068 0.65357
0.00737 0.96551 0.55320
0.01737 2.24294 1.28514
0.01624 2.09752 1.20181
0.02786 3.60616 2.06629
0.00989 1.29307 0.74088
0.00844 1.10197 0.63139
0.00488 0.63551 0.36412
0.01649 2.12320 1.21653
0.00669 0.86566 0.49599
0.01574 2.04793 1.17340
0.01199 1.56821 0.89853
0.00399 0.52393 0.30019
0.00885 1.16389 0.66686
0.00360 0.47461 0.27193
0.01692 2.24346 1.28543
0.00304 0.40877 0.23421
0.00509 0.68712 0.39369
0.00104 0.14123 0.08092
0.00525 0.70694 0.40505
0.00806 1.09346 0.62651
0.01387 1.90205 1.08981
0.01740 2.44445 1.40060
0.01040 1.49492 0.85653
0.00319 0.47198 0.27042
0.00534 0.80713 0.46245
0.01223 1.89044 1.08316
0.00598 0.95423 0.54674
0.01172 1.92098 1.10066
0.00921 1.56354 0.89585
0.00966 1.71577 0.98307
0.00768 1.42451 0.81619
0.01524 2.96198 1.69715
0.01052 2.12984 1.22033
0.00587 1.24657 0.71424
0.00393 0.87085 0.49896
0.00437 1.00150 0.57382
0.00266 0.63991 0.36664
0.00861 2.16114 1.23827
0.00720 1.89518 1.08587
0.00466 1.28631 0.73701
0.01004 2.95450 1.69286
0.00310 0.97870 0.56076
0.00427 1.41416 0.81026
0.00260 0.91322 0.52324
0.00127 0.46925 0.26886
0.00346 1.36258 0.78071
0.01189 4.89443 2.80458
0.00390 1.70806 0.97866
0.00226 1.05004 0.60163
0.00550 2.56747 1.47109
0.00200 0.92204 0.52829
0.01055 4.94111 2.83134
0.00319 1.45293 0.83247
0.00272 1.24513 0.71341
0.00318 1.49402 0.85602
0.00254 1.15917 0.66416
0.00199 0.93548 0.53599
0.00151 0.69461 0.39798
0.00222 1.02409 0.58676
0.00190 0.90046 0.51593
0.00364 1.67720 0.96097
0.00147 0.66755 0.38248
0.00393 1.76183 1.00947
0.00212 0.84186 0.48235
0.00374 1.44143 0.82588
0.00190 0.65656 0.37618
0.00611 2.01173 1.15265
0.00552 1.80425 1.03377
0.00437 1.30607 0.74833
0.00488 1.39004 0.79644
0.00638 1.85374 1.06213
0.00614 1.64052 0.93996
0.01201 3.25063 1.86255
0.00760 1.91201 1.09552
0.00857 2.08931 1.19711
0.00900 2.20175 1.26154
0.01161 2.65434 1.52087
0.01007 2.22777 1.27644
0.01034 2.22025 1.27214
0.00587 1.19852 0.68670
0.00900 1.79456 1.02822
0.00396 0.75404 0.43203
0.00025 0.04544 0.02604
0.00960 1.70537 0.97711
0.00567 0.96617 0.55358
0.01054 1.75916 1.00794
0.00334 0.53728 0.30784
0.00420 0.65712 0.37650
0.00743 1.12655 0.64547
0.00576 0.85124 0.48773
0.00732 1.05830 0.60637
0.00734 1.03863 0.59509
0.00773 1.06959 0.61283
0.00729 0.98407 0.56383
0.00110 0.14614 0.08373
0.00692 0.89467 0.51261
0.01053 1.34128 0.76851
0.01132 1.41004 0.80790
0.01502 1.83219 1.04978
0.00613 0.73397 0.42053
0.00606 0.71632 0.41042
0.01038 1.20458 0.69017
0.01349 1.55466 0.89076
0.00725 0.82263 0.47134
0.00954 1.06688 0.61128
0.01065 1.17012 0.67043
0.01703 1.84398 1.05654
0.01145 1.22885 0.70409
0.01347 1.42895 0.81873
0.01288 1.35135 0.77427
0.01170 1.20969 0.69311
0.01580 1.61494 0.92530
0.01787 1.81061 1.03742
0.01713 1.74012 0.99703
0.02314 2.33880 1.34007
0.01943 1.96673 1.12687
0.01746 1.76447 1.01098
0.01614 1.63240 0.93531
0.01812 1.82846 1.04764
0.02223 2.22685 1.27592
0.01926 1.94196 1.11268
0.01897 1.90888 1.09372
0.01540 1.54102 0.88295
0.02306 2.32954 1.33476
0.02690 2.69697 1.54530
0.02532 2.55621 1.46464
0.01943 1.95929 1.12261
0.01925 1.95039 1.11751
0.02678 2.69353 1.54333
0.02432 2.44298 1.39976
0.02295 2.31660 1.32734
0.02116 2.14254 1.22761
0.02031 2.05925 1.17988
0.01802 1.82008 1.04284
0.01546 1.55612 0.89160
0.01405 1.41795 0.81243
0.01794 1.80176 1.03235
0.02120 2.14929 1.23148
0.01884 1.91740 1.09861
0.01900 1.93598 1.10925
0.01351 1.37325 0.78682
0.01713 1.73460 0.99387
0.02297 2.34062 1.34111
0.01640 1.68003 0.96260
0.01611 1.65250 0.94682
0.01879 1.92825 1.10482
0.01710 1.75565 1.00593
0.02657 2.73712 1.56830
0.01941 2.00215 1.14717
0.01796 1.87074 1.07187
0.01238 1.30019 0.74496
0.00981 1.03071 0.59056
0.01298 1.36689 0.78318
0.00699 0.73667 0.42208
0.01136 1.20055 0.68787
0.01238 1.31117 0.75125
0.01555 1.65156 0.94629
0.01304 1.39132 0.79718
0.01819 1.94328 1.11343
0.01576 1.68671 0.96642
0.01320 1.41599 0.81131
0.01819 1.95887 1.12237
0.01632 1.76589 1.01179
0.02187 2.38191 1.36477
0.01620 1.77994 1.01985
0.02797 3.10752 1.78055
0.01992 2.23965 1.28325
0.02816 3.19363 1.82989
0.02120 2.45181 1.40482
0.02277 2.66505 1.52701
0.02478 2.94923 1.68984
0.02271 2.74568 1.57321
0.02070 2.52853 1.44878
0.02292 2.84063 1.62761
0.02076 2.60013 1.48980
0.02052 2.60200 1.49088
0.01202 1.55385 0.89030
0.01040 1.37231 0.78628
0.01124 1.51266 0.86670
0.00782 1.07580 0.61639
0.00934 1.29972 0.74469
0.00416 0.60012 0.34384
0.00271 0.39475 0.22617
0.00233 0.34699 0.19881
0.00861 1.30277 0.74644
0.00376 0.58039 0.33254
0.00475 0.74496 0.42683
0.00387 0.61729 0.35368
0.00562 0.90927 0.52098
0.00816 1.33487 0.76483
0.00846 1.40848 0.80701
0.00988 1.66866 0.95608
0.00724 1.26188 0.72301
0.00839 1.48522 0.85098
0.01406 2.52900 1.44905
0.01698 3.12819 1.79240
0.01463 2.72432 1.56097
0.01377 2.62614 1.50471
0.01480 2.90319 1.66346
0.01196 2.37314 1.35974
0.01477 2.97347 1.70374
0.01028 2.09002 1.19752
0.01297 2.66140 1.52492
0.01380 2.82730 1.61998
0.00991 2.04932 1.17420
0.01189 2.46628 1.41311
0.00843 1.72537 0.98857
0.01126 2.37752 1.36225
0.01309 2.81784 1.61456
0.01615 3.43707 1.96939
0.00870 1.90382 1.09083
0.01537 3.29950 1.89056
0.00234 0.52263 0.29945
0.01288 2.90590 1.66502
0.01323 2.89078 1.65635
0.00874 1.93776 1.11027
0.00751 1.58651 0.90901
0.01029 2.19498 1.25765
0.00373 0.78930 0.45224
0.00373 0.78042 0.44715
0.00524 1.10402 0.63256
0.00207 0.42682 0.24455
0.00445 0.91337 0.52332
0.00458 0.92526 0.53014
0.00468 0.93403 0.53516
0.00471 0.92377 0.52928
0.00820 1.58392 0.90753
0.00568 1.07856 0.61797
0.00339 0.62851 0.36011
0.00428 0.77963 0.44670
0.01366 2.43476 1.39505
0.00457 0.79943 0.45804
0.00892 1.50466 0.86212
0.00369 0.61387 0.35172
0.00306 0.49461 0.28339
0.01033 1.63216 0.93517
0.01040 1.60806 0.92136
0.00816 1.24196 0.71160
0.01347 1.99398 1.14249
0.01178 1.68518 0.96555
0.00664 0.92941 0.53252
0.00522 0.71402 0.40911
0.00577 0.77239 0.44255
0.01298 1.70404 0.97636
0.01080 1.37505 0.78785
0.00684 0.85311 0.48880
0.01036 1.27023 0.72779
0.01385 1.67625 0.96043
0.01233 1.47532 0.84530
0.00455 0.53210 0.30487
0.01274 1.46618 0.84006
0.01127 1.28401 0.73569
0.00979 1.10495 0.63309
0.00171 0.19025 0.10900
0.00286 0.31609 0.18111
0.01098 1.19827 0.68656
0.01615 1.74261 0.99846
0.01956 2.08645 1.19547
0.01705 1.81388 1.03929
0.01876 1.99487 1.14300
0.01462 1.56460 0.89646
0.02394 2.57050 1.47283
0.01921 2.06040 1.18054
0.01776 1.89408 1.08525
0.03175 3.39965 1.94795
0.01879 2.03029 1.16329
0.01225 1.33428 0.76449
0.01834 2.01601 1.15511
0.01351 1.46548 0.83967
0.01594 1.74073 0.99738
0.00792 0.86457 0.49536
0.00177 0.19208 0.11005
0.01250 1.39598 0.79984
0.00595 0.65833 0.37720
0.01664 1.85041 1.06022
0.01519 1.70521 0.97703
0.02179 2.45683 1.40769
0.02801 3.17457 1.81897
0.03001 3.39973 1.94800
0.01825 2.08997 1.19749
0.01193 1.36787 0.78374
0.02045 2.35816 1.35116
0.03538 4.08478 2.34057
0.01287 1.48751 0.85229
0.02634 3.09969 1.77606
0.03253 3.83871 2.19955
0.01989 2.35326 1.34835
0.01511 1.76558 1.01162
0.02198 2.57029 1.47271
0.02057 2.40137 1.37592
0.01144 1.32789 0.76083
0.01669 1.92380 1.10227
0.02265 2.56548 1.46995
0.01698 1.91929 1.09969
0.01495 1.67967 0.96239
0.01239 1.39031 0.79659
0.01287 1.42345 0.81558
0.02098 2.26269 1.29645
0.02514 2.69157 1.54220
0.01519 1.60202 0.91790
0.00918 0.96838 0.55484
0.01124 1.17753 0.67468
0.01384 1.43719 0.82346
0.01236 1.26111 0.72257
0.01411 1.41576 0.81118
0.01312 1.30584 0.74820
0.01542 1.52417 0.87329
0.01141 1.11131 0.63673
0.02109 2.05318 1.17641
0.00710 0.68405 0.39193
0.01502 1.44266 0.82659
0.01277 1.21707 0.69733
0.00641 0.60777 0.34823
0.01281 1.21142 0.69410
0.00845 0.79798 0.45721
0.01772 1.67540 0.95995
0.00826 0.77964 0.44670
0.01807 1.70444 0.97658
0.01092 1.03345 0.59213
0.02097 1.99752 1.14451
0.02214 2.11481 1.21172
0.01616 1.54391 0.88461
0.01647 1.57737 0.90377
0.01301 1.24402 0.71278
0.02240 2.13810 1.22506
0.02771 2.69526 1.54431
0.01395 1.35150 0.77436
0.02262 2.19768 1.25920
0.01914 1.86155 1.06661
0.01317 1.28620 0.73694
0.02093 2.04919 1.17412
0.00886 0.87139 0.49927
0.00491 0.48467 0.27769
0.00233 0.23029 0.13195
0.00829 0.82620 0.47338
0.00878 0.87177 0.49949
0.02025 2.02555 1.16057
0.00927 0.93194 0.53397
0.00769 0.77591 0.44456
0.02317 2.33800 1.33960
0.01411 1.42782 0.81808
0.01379 1.40032 0.80233
0.00728 0.74081 0.42445
0.01002 1.02691 0.58838
0.00633 0.65172 0.37341
0.01543 1.58777 0.90974
0.01415 1.46227 0.83782
0.01468 1.52632 0.87453
0.01048 1.09143 0.62535
0.00720 0.75445 0.43227
0.02037 2.14089 1.22667
0.01322 1.39787 0.80093
0.01792 1.90680 1.09253
0.01020 1.09287 0.62617
0.01120 1.21434 0.69577
0.01107 1.20833 0.69233
0.01237 1.38142 0.79150
0.00497 0.56297 0.32256
0.00577 0.66438 0.38066
0.01015 1.18934 0.68144
0.00433 0.51970 0.29776
0.00334 0.41094 0.23545
0.00154 0.19480 0.11161
0.00835 1.09243 0.62592
0.00764 1.03364 0.59223
0.01469 2.05652 1.17832
0.00849 1.23695 0.70872
0.00247 0.37543 0.21510
0.00571 0.90072 0.51608
0.00240 0.39486 0.22624
0.00644 1.11193 0.63709
0.00442 0.79340 0.45459
0.00725 1.38074 0.79111
0.00542 1.09368 0.62663
0.01284 2.77000 1.58714
0.00853 1.95511 1.12021
0.00949 2.36208 1.35340
0.42720 115.41521 70.49030
0.38178 112.95797 68.77540
0.01497 4.86191 2.78594
0.01744 6.54306 3.74956
0.01514 6.17741 3.53996
0.00648 2.87508 1.64735
0.01110 5.50245 3.15307
0.00352 1.78524 1.02288
0.01115 5.89311 3.37699
0.00441 2.37792 1.36248
0.00672 3.80048 2.17765
0.00715 4.31109 2.47026
0.00789 5.22721 2.99531
0.00537 3.81582 2.18644
0.00622 4.68258 2.68317
0.00481 3.80674 2.18123
0.00477 3.98524 2.28353
0.00619 5.48137 3.14099
0.00831 7.86175 4.50561
0.00891 9.46886 5.42728
0.00272 3.48474 1.99671
0.01108 17.51503 10.04825
0.00870 17.79892 10.21154
0.01048 28.13400 16.17324
0.00662 24.90262 14.30528
0.00722 41.91931 24.19742
0.00188 19.86532 11.40079
0.00633 102.82073 61.87512
0.00921 121.77694 75.01781
0.00152 73.87501 43.35416
0.00398 91.62330 54.53127
0.00143 23.27606 13.36649
0.00193 45.67434 26.40245
0.00622 129.00772 80.33714
0.00578 104.35299 62.90143
0.00604 115.44850 70.51366
0.00893 134.59699 84.59573
0.00612 131.57958 82.27950
0.00682 128.63162 80.05543
0.00332 136.75155 86.27598
0.00740 82.59148 48.78150
0.00634 114.58208 69.90686
0.00985 140.26027 89.06301
0.00564 126.90954 78.77289
0.00785 128.87965 80.24114
0.00421 103.84379 62.55975
0.00755 125.17972 77.49635
0.00539 98.77007 59.18794
0.00823 108.32638 65.58960
0.00855 101.37816 60.91390
0.00864 122.56654 75.58922
0.00624 129.89015 81.00041
0.00565 123.95653 76.60053
0.00617 113.07621 68.85751
0.00411 99.55429 59.70534
0.00340 116.48547 71.24290
0.00146 84.42918 49.94028
0.00120 54.74716 31.77338
0.00149 85.99468 50.93175
0.00581 135.67793 85.43587
0.00385 135.12138 85.00260
0.00403 136.30631 85.92688
0.00265 115.22653 70.35798
0.00569 107.39521 64.95604
0.00458 115.66884 70.66833
0.00308 132.76465 83.18422
0.00077 106.68870 64.47683
0.00068 109.51113 66.39896
0.00114 121.68903 74.95432
0.00199 131.27273 82.04626
0.00487 76.16638 44.77044
0.00557 116.65002 71.35893
0.00262 78.61872 46.29426
0.00154 98.95776 59.31165
0.00327 92.28164 54.95603
0.00160 98.56187 59.05080
0.00111 115.19771 70.33778
0.00304 124.24984 76.81483
0.07012 134.95390 84.87251
0.02695 76.22741 44.80826
0.03950 124.84262 77.24891
0.04762 137.99367 87.25521
0.03510 121.16397 74.57572
0.05059 138.81571 87.90767
0.04569 137.93821 87.21131
0.05023 132.18342 82.73971
0.01343 37.94465 21.87327
0.03737 90.33069 53.69963
0.04799 112.14054 68.20881
0.00042 0.87813 0.50314
0.00746 14.78850 8.48092
0.00751 13.80191 7.91420
0.00856 13.95068 7.99965
0.01445 20.39711 11.70704
0.00615 7.09761 4.06748
0.01516 14.23272 8.16164
0.01979 16.75522 9.61130
0.01052 7.69690 4.41109
0.00813 5.34147 3.06080
0.00963 5.83917 3.34607
0.00945 5.23520 2.99989
0.01162 6.13581 3.51611
0.00731 3.66694 2.10112
0.01219 5.77787 3.31094
0.00648 2.93912 1.68405
0.01148 4.96479 2.84491
0.00954 3.91496 2.24325
0.00653 2.46160 1.41043
0.01194 4.14440 2.37473
0.00431 1.35079 0.77395
0.02159 6.32906 3.62689
0.01976 5.39041 3.08885
0.00695 1.72540 0.98859
0.02234 5.24957 3.00813
0.02004 4.39545 2.51861
0.00393 0.79930 0.45796
0.01711 3.36477 1.92796
0.00424 0.78123 0.44762
0.01824 3.31519 1.89955
0.01540 2.69132 1.54206
0.00133 0.21827 0.12506
0.02467 4.00775 2.29642
0.00805 1.23156 0.70564
0.01485 2.24736 1.28767
0.01430 2.08092 1.19230
0.00213 0.29599 0.16959
0.01420 1.92967 1.10564
0.00862 1.12564 0.64495
0.01004 1.26979 0.72754
0.01069 1.31495 0.75342
0.01568 1.88225 1.07847
0.01306 1.53171 0.87761
0.01136 1.29831 0.74388
0.01413 1.56835 0.89861
0.01402 1.52192 0.87200
0.02102 2.22776 1.27644
0.01476 1.52840 0.87572
0.01325 1.33870 0.76703
0.02113 2.08233 1.19311
0.01690 1.62772 0.93263
0.00618 0.58564 0.33555
0.01360 1.26305 0.72368
0.01657 1.51253 0.86662
0.01299 1.16666 0.66845
0.00497 0.44154 0.25298
0.00837 0.73165 0.41921
0.00895 0.77118 0.44186
0.01330 1.13377 0.64960
0.00431 0.36307 0.20802
0.01087 0.90541 0.51876
0.00677 0.56120 0.32154
0.01214 1.00257 0.57443
0.00347 0.28785 0.16493
0.00405 0.33746 0.19335
0.00496 0.41358 0.23696
0.02043 1.71357 0.98181
0.00575 0.48219 0.27627
0.00171 0.14322 0.08206
0.01440 1.20739 0.69179
0.01523 1.27835 0.73245
0.01034 0.87112 0.49911
0.00966 0.81831 0.46886
0.01352 1.14743 0.65743
0.00237 0.20134 0.11536
0.00943 0.80141 0.45918
0.01490 1.26934 0.72728
0.01781 1.52624 0.87448
0.01007 0.86668 0.49657
0.01461 1.26039 0.72216
0.02050 1.77104 1.01474
0.01698 1.46817 0.84121
0.01122 0.97362 0.55785
0.01162 1.01275 0.58027
0.00899 0.78835 0.45169
0.01645 1.44677 0.82894
0.01951 1.71067 0.98016
0.00906 0.79929 0.45796
0.01419 1.25344 0.71817
0.01822 1.61919 0.92774
0.00856 0.76324 0.43731
0.01320 1.17316 0.67218
0.01480 1.32281 0.75792
0.01463 1.31115 0.75124
0.01063 0.95564 0.54754
0.01413 1.27138 0.72845
0.01486 1.34245 0.76917
0.01611 1.46014 0.83661
0.01428 1.29911 0.74434
0.01201 1.09287 0.62617
0.01132 1.02990 0.59009
0.01907 1.72790 0.99003
0.01139 1.03530 0.59318
0.01291 1.16738 0.66886
0.01392 1.27977 0.73326
0.00544 0.49480 0.28350
0.00740 0.67541 0.38698
0.01028 0.95217 0.54555
0.00707 0.65748 0.37671
0.00879 0.82358 0.47188
0.00751 0.69440 0.39786
0.00141 0.13059 0.07482
0.00478 0.44281 0.25371
0.00469 0.43501 0.24924
0.00230 0.21360 0.12239
0.01043 0.97686 0.55970
0.00360 0.34172 0.19579
0.00809 0.76842 0.44027
0.00322 0.30626 0.17548
0.00420 0.40124 0.22989
0.01768 1.68238 0.96394
0.00770 0.72446 0.41508
0.02725 2.56603 1.47027
0.00691 0.64702 0.37072
0.03175 2.98326 1.70935
0.00617 0.57846 0.33143
0.01289 1.21969 0.69884
0.01049 0.99154 0.56811
0.01256 1.19237 0.68318
0.00894 0.85060 0.48736
0.01909 1.82858 1.04771
0.01037 0.99835 0.57201
0.01248 1.20416 0.68994
0.00865 0.84066 0.48167
0.01527 1.47593 0.84565
0.00716 0.69381 0.39752
0.02034 1.98194 1.13559
0.02307 2.26236 1.29627
0.01970 1.94638 1.11521
0.00517 0.50920 0.29175
0.02494 2.45971 1.40934
0.01678 1.66579 0.95444
0.01274 1.26738 0.72616
0.01637 1.64072 0.94008
0.01362 1.37004 0.78498
0.01677 1.71158 0.98067
0.01626 1.69767 0.97270
0.00971 1.03292 0.59182
0.01394 1.50712 0.86353
0.01176 1.29885 0.74419
0.01512 1.70989 0.97971
0.00507 0.58995 0.33801
0.01050 1.24694 0.71445
0.01128 1.37847 0.78981
0.00450 0.56252 0.32230
0.00778 0.99031 0.56741
0.01272 1.67066 0.95723
0.00735 0.99266 0.56875
0.00977 1.36250 0.78066
0.00575 0.82346 0.47181
0.00687 1.02328 0.58630
0.01220 1.86740 1.06996
0.00722 1.15891 0.66401
0.00801 1.32050 0.75659
0.01096 1.78286 1.02152
0.01251 2.26720 1.29904
0.01327 2.28596 1.30979
0.00461 0.85425 0.48945
0.00577 1.06543 0.61045
0.00967 1.82365 1.04489
0.00683 1.30688 0.74879
0.00429 0.83656 0.47932
0.00560 1.10112 0.63090
0.00572 1.12125 0.64243
0.00587 1.17149 0.67122
0.01796 3.62195 2.07534
0.01584 3.19612 1.83132
0.01335 2.75764 1.58006
0.00856 1.78372 1.02201
0.00488 1.01039 0.57891
0.00917 1.93204 1.10700
0.00197 0.41285 0.23655
0.00641 1.36548 0.78237
0.00412 0.87206 0.49966
0.00599 1.23943 0.71014
0.01402 2.93546 1.68196
0.00989 2.02341 1.15935
0.00988 2.07310 1.18782
0.00950 1.99338 1.14214
0.01077 2.21018 1.26637
0.02009 4.12717 2.36486
0.00921 1.84827 1.05899
0.00753 1.51384 0.86737
0.01306 2.56911 1.47203
0.00717 1.38548 0.79383
0.01042 1.99289 1.14186
0.01038 1.95390 1.11952
0.00390 0.71965 0.41233
0.00906 1.63056 0.93425
0.00564 0.98335 0.56342
0.00163 0.27767 0.15909
0.00112 0.18571 0.10641
0.00676 1.08693 0.62277
0.00635 0.99542 0.57033
0.00510 0.77891 0.44628
0.00582 0.86876 0.49776
0.00788 1.14606 0.65665
0.00482 0.68211 0.39082
0.00553 0.77056 0.44150
0.00993 1.35310 0.77528
0.01190 1.58970 0.91084
0.01464 1.92975 1.10568
0.00693 0.90828 0.52041
0.01173 1.53256 0.87810
0.00926 1.20858 0.69247
0.00763 0.99948 0.57266
0.01050 1.36875 0.78424
0.00972 1.26768 0.72633
0.01369 1.78066 1.02025
0.01012 1.31857 0.75549
0.00754 0.98105 0.56210
0.01148 1.49709 0.85778
0.01118 1.45303 0.83253
0.01877 2.44893 1.40317
0.02681 3.50229 2.00677
0.01740 2.27474 1.30336
0.01557 2.04572 1.17213
0.01132 1.48935 0.85334
0.01288 1.70389 0.97627
0.01098 1.45751 0.83510
0.00964 1.28354 0.73542
0.00891 1.19472 0.68453
0.01381 1.86151 1.06658
0.01432 1.95697 1.12128
0.01341 1.85544 1.06311
0.01469 2.05958 1.18007
0.00497 0.70747 0.40535
0.01746 2.53290 1.45128
0.01551 2.29301 1.31383
0.01615 2.42758 1.39094
0.02945 4.47016 2.56143
0.01603 2.45332 1.40568
0.00873 1.34522 0.77076
0.01249 1.93301 1.10755
0.00611 0.95752 0.54862
0.00932 1.47027 0.84241
0.01102 1.75153 1.00357
0.00967 1.54618 0.88591
0.01496 2.41295 1.38255
0.01575 2.55415 1.46346
0.01511 2.47073 1.41566
0.01659 2.71750 1.55706
0.01951 3.21350 1.84128
0.02228 3.67858 2.10779
0.02285 3.78761 2.17027
0.01595 2.66110 1.52474
0.01825 3.05159 1.74850
0.01300 2.18133 1.24984
0.01818 3.05980 1.75321
0.02230 3.79344 2.17361
0.01921 3.28316 1.88120
0.01623 2.79720 1.60273
0.01199 2.09033 1.19769
0.01543 2.74096 1.57050
0.00475 0.85679 0.49091
0.01281 2.35562 1.34970
0.01297 2.43784 1.39681
0.01489 2.85585 1.63634
0.01400 2.74833 1.57473
0.01474 2.96775 1.70046
0.01531 3.15741 1.80914
0.01105 2.32251 1.33073
0.00995 2.15338 1.23382
0.01323 2.91859 1.67229
0.01306 2.97789 1.70627
0.00711 1.68251 0.96402
0.00703 1.66513 0.95406
0.00678 1.82618 1.04634
0.00820 2.21734 1.27047
0.00352 1.02689 0.58836
0.00463 1.43845 0.82418
0.00623 2.04571 1.17213
0.00383 1.33240 0.76341
0.00310 1.12408 0.64405
0.00474 1.76113 1.00907
0.00480 1.84209 1.05545
0.00686 2.64313 1.51445
0.00726 2.81301 1.61179
0.01063 4.14507 2.37512
0.01148 4.53231 2.59704
0.00234 0.92535 0.53019
0.00692 2.75369 1.57780
0.00661 2.67244 1.53124
0.00812 3.26357 1.86997
0.00747 3.02169 1.73137
0.00836 3.39174 1.94342
0.00623 2.53975 1.45521
0.01164 4.78115 2.73966
0.00915 3.78929 2.17123
0.00963 3.97804 2.27940
0.00917 3.86576 2.21505
0.00722 3.06520 1.75630
0.00668 2.80542 1.60744
0.00611 2.59627 1.48759
0.00315 1.33948 0.76747
0.00446 1.91500 1.09723
0.00183 0.79323 0.45449
0.00262 1.13659 0.65122
0.00261 1.14251 0.65461
0.00425 1.86473 1.06843
0.00265 1.14562 0.65640
0.00249 1.09440 0.62705
0.00314 1.38980 0.79630
0.00253 1.12764 0.64609
0.00555 2.46509 1.41243
0.00361 1.60980 0.92236
0.00856 3.82137 2.18962
0.00708 3.10985 1.78188
0.00609 2.58297 1.47997
0.00980 3.96268 2.27060
0.00874 3.37049 1.93124
0.01487 5.49196 3.14706
0.01137 4.03489 2.31198
0.01088 3.71410 2.12815
0.00508 1.68184 0.96364
0.00419 1.35433 0.77598
0.00821 2.58964 1.48380
0.01024 3.15303 1.80663
0.00781 2.33618 1.33856
0.00914 2.68255 1.53704
0.01286 3.68023 2.10873
0.00686 1.92507 1.10300
0.00620 1.69612 0.97182
0.00856 2.27251 1.30208
0.00244 0.62875 0.36025
0.02936 7.31333 4.19117
0.05304 12.89648 7.39427
0.03811 9.40612 5.39130
0.04480 11.17695 6.40726
0.03231 8.24989 4.72818
0.03379 8.71517 4.99501
0.02174 5.69287 3.26222
0.02540 6.70475 3.84226
0.03224 8.58379 4.91966
0.02288 6.12410 3.50940
0.01713 4.58377 2.62654
0.02280 6.15815 3.52892
0.01848 5.09890 2.92177
0.02221 6.23877 3.57513
0.01808 5.11617 2.93167
0.01086 3.08250 1.76621
0.00955 2.73022 1.56435
0.00902 2.59239 1.48537
0.01009 2.93325 1.68069
0.00958 2.82992 1.62148
0.01032 3.08737 1.76900
0.01011 3.25905 1.86738
0.01596 5.78938 3.31753
0.00474 2.01862 1.15660
0.00593 2.98606 1.71095
0.00584 3.61489 2.07129
0.00295 2.33109 1.33564
0.00292 3.13253 1.79488
0.00021 0.36490 0.20907
0.00235 9.02474 5.17255
0.00107 96.30297 57.56877
0.01570 86.11724 51.00953
0.00424 43.49360 25.12072
0.00437 105.12111 63.41804
0.00379 77.79968 45.78438
0.00461 99.22036 59.48486
0.00048 31.45211 18.09585
