-0.00887 -0.00214 0.09123
-0.00712 -0.00227 0.09408
-0.01171 -0.00487 0.09723
-0.01341 -0.00317 0.10352
-0.01650 -0.00128 0.11350
-0.01590 -0.00235 0.12695
-0.01625 -0.00166 0.13991
-0.01805 -0.00186 0.15343
-0.01894 -0.00558 0.16477
-0.02596 -0.00669 0.17211
-0.02968 -0.00962 0.17899
-0.03827 -0.00430 0.18482
-0.03717 -0.01131 0.19300
-0.03272 -0.00269 0.20219
-0.03484 -0.00623 0.20900
-0.03741 -0.00578 0.21543
-0.04023 -0.00374 0.21939
-0.04186 -0.00435 0.22016
-0.04471 -0.00376 0.22720
-0.04184 -0.00486 0.23059
-0.04262 -0.00367 0.23244
-0.04218 -0.00528 0.23807
-0.05573 -0.00079 0.24505
-0.07305 -0.01600 0.25241
-0.06839 -0.00742 0.25874
-0.06538 -0.00402 0.26670
-0.05876 -0.00372 0.27587
-0.06027 -0.00255 0.28768
-0.06677 -0.00605 0.29636
-0.06963 -0.00418 0.30961
-0.06790 -0.00341 0.31953
-0.07128 -0.00509 0.32961
-0.07494 -0.00423 0.34551
-0.07041 -0.00401 0.35931
-0.06609 -0.01092 0.37706
-0.06042 -0.01372 0.38773
-0.05533 -0.00848 0.40022
-0.05982 -0.00718 0.41692
-0.05440 -0.00378 0.43366
-0.04923 -0.00649 0.44752
-0.04586 -0.00802 0.46229
-0.03874 -0.01066 0.47582
-0.03472 -0.00916 0.49424
-0.03063 -0.00486 0.50936
-0.02725 0.00123 0.52888
-0.01690 -0.00566 0.54497
-0.01906 -0.01949 0.55858
-0.02073 -0.01742 0.57654
-0.01121 -0.00585 0.58992
-0.00468 -0.00153 0.60789
0.00124 -0.00458 0.62343
-0.00537 -0.01784 0.63908
-0.01258 -0.01951 0.65471
-0.00894 -0.01092 0.66540
-0.00454 -0.00827 0.68374
-0.00284 -0.00193 0.70064
-0.00531 -0.01416 0.71709
-0.00799 -0.03382 0.73092
-0.01349 -0.00727 0.74175
-0.01351 -0.01683 0.75553
-0.01281 -0.01123 0.76713
-0.00846 -0.01417 0.78723
-0.00418 -0.01728 0.79378
-0.01214 -0.02452 0.80203
-0.01407 -0.02725 0.80215
-0.01305 -0.01637 0.80757
-0.00883 -0.01053 0.82218
-0.00957 0.00344 0.83180
-0.01565 -0.03172 0.84470
-0.01423 -0.01331 0.84910
-0.01459 -0.02760 0.84826
-0.01600 -0.03170 0.84764
-0.01344 -0.02739 0.84251
-0.01124 -0.01243 0.84022
-0.01631 -0.01683 0.84478
-0.01446 -0.02971 0.84123
-0.01185 -0.03645 0.84339
-0.01165 -0.02287 0.83400
-0.01471 -0.00941 0.83673
-0.01238 -0.01492 0.83911
-0.01021 -0.02905 0.83925
-0.00928 -0.01636 0.84294
-0.00912 -0.01869 0.84368
-0.00873 -0.04010 0.83638
-0.00915 -0.01878 0.83511
-0.01086 -0.03452 0.83228
-0.01327 -0.01719 0.82944
-0.01666 -0.02078 0.82977
-0.02031 -0.01587 0.82921
-0.01622 -0.03361 0.82568
-0.00799 -0.02713 0.82562
-0.00872 -0.00782 0.82490
-0.01521 -0.01468 0.82477
-0.01306 -0.02675 0.82651
-0.01436 -0.02815 0.81824
-0.01070 -0.02096 0.81260
-0.02141 -0.03251 0.80546
-0.02253 -0.01442 0.80077
-0.02521 -0.01788 0.80014
-0.01934 -0.02353 0.79770
-0.01338 -0.02107 0.79654
-0.02030 -0.01942 0.78962
-0.01816 -0.02261 0.78547
-0.01166 -0.01592 0.78239
-0.01022 -0.01490 0.77842
-0.01628 -0.02882 0.77599
-0.01489 -0.02830 0.76710
-0.01481 -0.02104 0.75907
-0.01151 -0.02723 0.75029
-0.01149 -0.02127 0.73622
-0.00796 -0.02585 0.72946
-0.00956 -0.01712 0.71216
-0.00952 -0.02103 0.69783
-0.00751 -0.02137 0.68235
-0.00294 -0.01335 0.66727
0.00282 -0.02190 0.65125
0.00005 -0.01959 0.63612
0.00162 -0.01970 0.62010
0.00861 -0.01988 0.60156
0.01140 -0.01677 0.58402
0.01626 -0.01586 0.56106
0.02124 -0.02266 0.53964
0.03385 -0.01399 0.51507
0.03615 -0.01607 0.49514
0.03679 -0.01318 0.47860
0.04485 -0.01682 0.45953
0.04868 -0.01347 0.46081
0.05627 -0.02404 0.44491
0.06917 -0.02162 0.44514
0.07042 -0.01855 0.43176
0.06753 -0.00639 0.44034
0.05961 -0.00642 0.43103
0.05703 -0.00887 0.43742
0.06629 -0.01426 0.43477
0.07999 -0.01823 0.42212
0.06150 -0.01613 0.42291
0.05244 -0.02039 0.41332
0.05850 -0.00922 0.42766
0.04955 0.00452 0.43522
0.05233 -0.00363 0.46105
0.05384 0.00155 0.47687
0.04115 0.00196 0.48489
0.04102 -0.01571 0.51072
0.03167 -0.00897 0.52278
0.02436 -0.00541 0.54076
0.02086 0.00113 0.56125
0.01480 -0.01737 0.57623
0.01790 -0.00845 0.59466
0.01019 -0.00768 0.61067
0.00769 -0.01674 0.62845
-0.00705 -0.00200 0.64160
-0.01333 -0.02358 0.65669
0.00023 -0.01298 0.67066
0.00201 -0.01450 0.68588
0.00081 -0.00784 0.70121
-0.00276 -0.01165 0.71687
0.00215 -0.02353 0.72423
-0.00537 -0.02884 0.73771
0.00079 -0.00210 0.74675
-0.00691 0.00493 0.76282
-0.00546 -0.01384 0.77561
-0.01368 -0.02092 0.77892
-0.01212 -0.04030 0.77635
-0.00870 -0.00969 0.76919
-0.01335 -0.01930 0.76996
-0.00651 -0.01205 0.77330
-0.00489 -0.02604 0.77223
-0.00567 -0.02927 0.77265
-0.00732 -0.03146 0.76430
-0.01874 -0.01648 0.76221
-0.01204 -0.01963 0.76180
-0.01145 -0.00288 0.75874
-0.01056 -0.01513 0.76916
-0.01489 -0.01510 0.76140
-0.01600 -0.02329 0.76072
-0.00622 -0.01478 0.75449
-0.00577 -0.02006 0.74990
-0.00545 -0.02660 0.75315
-0.01046 -0.02059 0.75411
-0.00382 -0.01146 0.75691
-0.00403 -0.02143 0.76400
-0.01093 -0.00969 0.76847
-0.01095 -0.01830 0.77171
-0.01087 -0.01563 0.77776
-0.00240 -0.01479 0.78628
-0.00683 -0.01364 0.78815
-0.01571 -0.02835 0.79809
-0.01948 -0.03034 0.79605
-0.01274 0.00477 0.80035
-0.01277 -0.02438 0.81279
-0.02060 -0.01307 0.82101
-0.01011 -0.02562 0.83262
-0.00711 -0.00741 0.83843
-0.01067 -0.01800 0.84632
-0.01365 -0.01815 0.85330
-0.00793 -0.02827 0.85677
-0.01320 -0.01803 0.86280
-0.00589 -0.02256 0.86334
-0.00476 -0.02131 0.86614
-0.00144 -0.01566 0.87078
-0.00383 -0.02305 0.87250
-0.00709 -0.01693 0.87929
-0.00022 -0.02612 0.87916
-0.00464 -0.02433 0.87523
-0.01293 -0.03569 0.86909
-0.01087 -0.02451 0.86066
-0.01148 -0.02616 0.86107
-0.01425 -0.01180 0.85519
-0.01158 -0.01915 0.85590
-0.00804 -0.00121 0.85399
-0.01898 -0.04339 0.85761
-0.02147 -0.04492 0.85236
-0.00264 -0.00401 0.83756
0.00002 -0.02341 0.83138
-0.01540 -0.03247 0.83153
-0.01850 -0.02049 0.82631
-0.01861 -0.02263 0.82125
-0.01378 -0.01428 0.81739
-0.01835 -0.01558 0.81204
-0.02867 -0.02853 0.81247
-0.02149 -0.01245 0.81183
-0.01543 -0.00968 0.81127
-0.02530 -0.03591 0.80820
-0.01794 -0.01710 0.80131
-0.01945 -0.01615 0.79435
-0.01455 -0.02028 0.79648
-0.02115 -0.03055 0.78699
-0.02867 -0.02704 0.78010
-0.03059 -0.02086 0.77628
-0.01532 -0.01653 0.77162
-0.02077 -0.03115 0.77261
-0.01699 -0.00164 0.77105
-0.02029 -0.03006 0.76953
-0.01915 -0.03160 0.76309
-0.02384 -0.02870 0.75498
-0.01924 -0.01182 0.75118
-0.01661 -0.00950 0.75295
-0.02492 -0.02953 0.75599
-0.02073 0.00116 0.75570
-0.02646 -0.02483 0.75846
-0.02925 -0.04384 0.75048
-0.03031 -0.02820 0.73895
-0.03419 -0.01285 0.73157
-0.02674 -0.01156 0.73702
-0.01546 0.00241 0.75133
-0.02496 -0.03082 0.75561
-0.03774 -0.02674 0.75479
-0.01971 -0.02201 0.74692
-0.02621 -0.01258 0.74542
-0.02224 -0.03584 0.74572
-0.01580 -0.00181 0.74683
-0.01873 -0.01389 0.75240
-0.02963 -0.01502 0.75511
-0.02254 -0.02246 0.75140
-0.01232 0.00320 0.76049
-0.01203 -0.00567 0.76437
-0.03180 -0.04013 0.76381
-0.03859 -0.04534 0.75639
-0.01936 -0.00454 0.75254
-0.00992 -0.01180 0.75516
-0.01422 -0.00002 0.76313
-0.02944 -0.01987 0.77355
-0.02349 -0.02338 0.77369
-0.01418 -0.04328 0.77125
-0.02077 -0.01737 0.76407
-0.01961 -0.00547 0.76522
-0.01874 -0.00899 0.76804
-0.02239 -0.02431 0.77580
-0.01939 -0.01546 0.77192
-0.01906 -0.02454 0.76788
-0.01657 -0.02365 0.76421
-0.01137 -0.01529 0.76170
-0.01139 -0.02087 0.76008
-0.01367 -0.01619 0.75911
-0.01627 -0.02888 0.75338
-0.00969 -0.01436 0.74403
-0.01140 -0.01916 0.74006
-0.01231 -0.00841 0.73455
-0.00970 -0.00634 0.74228
-0.01102 -0.01608 0.73659
-0.00815 -0.02740 0.72889
-0.00658 -0.03403 0.71095
-0.00616 -0.02549 0.69506
-0.00894 -0.01404 0.67537
-0.01267 -0.01781 0.66075
-0.00907 -0.02261 0.64643
-0.00911 -0.01048 0.62685
-0.01257 -0.02152 0.60942
-0.01067 -0.02030 0.58871
-0.00851 -0.01760 0.56247
-0.00812 -0.01387 0.53908
-0.00998 -0.02487 0.51368
-0.01725 -0.02436 0.49285
-0.01086 -0.00965 0.47097
-0.00570 -0.01108 0.45147
-0.00682 -0.00759 0.43650
-0.01341 -0.00304 0.41560
-0.02210 -0.01605 0.39758
-0.02019 -0.00221 0.37958
-0.02096 -0.01157 0.36179
-0.01570 -0.01852 0.33900
-0.01179 -0.01077 0.31681
-0.01427 -0.00881 0.30157
-0.01719 -0.00995 0.28410
-0.02302 -0.01123 0.26916
-0.03173 -0.01172 0.25171
-0.02499 -0.02491 0.24045
-0.02694 -0.00720 0.22647
-0.02448 -0.00681 0.21333
-0.03064 0.00177 0.21185
-0.03962 -0.00149 0.21343
-0.03940 0.00705 0.20965
-0.02546 0.00053 0.21818
-0.02523 0.00134 0.21710
-0.03683 -0.00244 0.20975
-0.04325 -0.00174 0.21507
-0.03911 -0.00188 0.20956
-0.03907 -0.00545 0.21335
-0.04397 -0.00670 0.21200
-0.04489 -0.00669 0.20583
-0.04211 -0.01056 0.21263
-0.03932 -0.00990 0.21576
-0.04344 -0.01377 0.21811
-0.04527 -0.00400 0.24742
-0.05206 -0.00235 0.25422
-0.05077 -0.00402 0.28486
-0.05646 -0.00415 0.29823
-0.05725 0.00112 0.30069
-0.05953 -0.00290 0.32888
-0.06322 -0.00139 0.34504
-0.06504 0.00043 0.33818
-0.05836 -0.00277 0.36985
-0.05609 -0.00718 0.36509
-0.06096 -0.00848 0.39290
-0.06211 -0.00740 0.40542
-0.06096 -0.00612 0.40435
-0.06072 -0.00438 0.43301
-0.05514 -0.00473 0.44853
-0.05218 -0.00783 0.46291
-0.05244 -0.00745 0.48726
-0.05195 -0.00233 0.49905
-0.04347 -0.00371 0.52359
-0.04664 -0.00506 0.54671
-0.04114 -0.00817 0.56132
-0.03448 -0.00888 0.58534
-0.02665 -0.00518 0.59828
-0.02733 -0.00581 0.62108
-0.02240 -0.00749 0.63885
-0.02056 -0.00719 0.65891
-0.01759 -0.00845 0.67607
-0.02040 -0.00632 0.69112
-0.01898 -0.00773 0.70680
-0.01660 -0.00943 0.72235
-0.01278 -0.00904 0.74102
-0.00694 -0.01053 0.75211
-0.01102 -0.01223 0.77310
-0.01358 -0.01782 0.78485
-0.01326 -0.01628 0.80269
-0.01783 -0.01412 0.81927
-0.01085 -0.00918 0.83572
-0.01217 -0.01162 0.84550
-0.01333 -0.02064 0.86171
-0.00933 -0.02518 0.86707
-0.01064 -0.01843 0.88116
-0.01195 -0.01738 0.89407
-0.01267 -0.01532 0.91005
-0.00976 -0.02697 0.92310
-0.01428 -0.02211 0.93114
-0.01522 -0.02296 0.94213
-0.01569 -0.01026 0.95262
-0.01768 -0.01661 0.96719
-0.02034 -0.01547 0.97819
-0.01918 -0.02239 0.98666
-0.01544 -0.01991 0.98428
-0.01594 -0.02328 0.98914
-0.01405 -0.02219 0.98777
-0.01407 -0.02467 0.98887
-0.01577 -0.02082 0.98830
-0.01475 -0.02455 0.99085
-0.01677 -0.02135 0.99809
-0.01514 -0.02352 0.99126
-0.01391 -0.03239 0.99338
-0.01186 -0.02285 0.99895
-0.01459 -0.03201 0.98935
-0.01897 -0.02240 0.99690
-0.02107 -0.03154 0.98990
-0.01512 -0.02638 0.99101
-0.01687 -0.02754 0.98632
-0.01835 -0.02274 0.99374
-0.02040 -0.03042 0.99471
-0.01610 -0.03447 0.99007
-0.01552 -0.02566 0.98697
-0.01418 -0.02346 0.98609
-0.00599 -0.01569 0.98996
-0.00556 -0.02864 0.99321
-0.00250 -0.02443 0.99045
-0.00787 -0.02245 0.99561
-0.01044 -0.04069 0.98559
-0.01258 -0.01884 0.98215
-0.01455 -0.01996 0.98127
-0.01065 -0.01851 0.98383
-0.01497 -0.02348 0.98717
-0.01701 -0.03429 0.98063
-0.01141 -0.02295 0.97609
-0.01374 -0.02216 0.97455
-0.01704 -0.01657 0.97392
-0.01497 -0.02586 0.97380
-0.01552 -0.04145 0.96973
-0.01450 -0.02015 0.96900
-0.01429 -0.03279 0.95932
-0.01568 -0.02227 0.95175
-0.01409 -0.02262 0.95180
-0.01723 -0.02935 0.94920
-0.00980 -0.02345 0.94873
-0.01371 -0.02797 0.94557
-0.01508 -0.02139 0.94357
-0.01272 -0.03250 0.94068
-0.01253 -0.02557 0.93695
-0.01624 -0.03157 0.93560
-0.01175 -0.02684 0.93409
-0.00709 -0.02330 0.93175
-0.00941 -0.03641 0.92768
-0.00780 -0.02560 0.92374
-0.00720 -0.02278 0.91791
-0.00648 -0.02231 0.90969
-0.01463 -0.02281 0.89982
-0.01030 -0.02710 0.88899
-0.01342 -0.03079 0.88107
-0.00999 -0.02777 0.86417
-0.00960 -0.02267 0.85401
-0.01510 -0.02385 0.83976
-0.01375 -0.02365 0.82658
-0.01228 -0.02647 0.81799
-0.01138 -0.01363 0.80677
-0.01065 -0.02397 0.79810
-0.01017 -0.01583 0.78843
-0.01164 -0.02461 0.77336
-0.01116 -0.01692 0.75770
-0.01254 -0.01632 0.74301
-0.01397 -0.02375 0.72664
-0.01636 -0.01772 0.71853
-0.01430 -0.02315 0.69323
-0.01417 -0.02282 0.68532
-0.01135 -0.02414 0.67152
-0.02017 -0.01610 0.66053
-0.01640 -0.01548 0.64743
-0.02207 -0.01748 0.63714
-0.02410 -0.01491 0.62615
-0.02723 -0.01956 0.61766
-0.02357 -0.01684 0.61062
-0.03082 -0.01638 0.59942
-0.03805 -0.01377 0.59075
-0.04773 -0.01366 0.57190
-0.05207 -0.01118 0.56247
-0.05806 -0.01738 0.55245
-0.06301 -0.01593 0.53885
-0.06104 -0.01496 0.53321
-0.06773 -0.01461 0.51968
-0.07406 -0.01682 0.50394
-0.08002 -0.01278 0.49744
-0.08026 -0.01436 0.49004
-0.07666 -0.01981 0.48556
-0.06803 -0.00695 0.48267
-0.06263 -0.00807 0.48409
-0.06233 -0.00541 0.47975
-0.07482 -0.00967 0.47599
-0.08629 -0.01189 0.48072
-0.07415 -0.01428 0.46759
-0.05966 -0.00811 0.46060
-0.05221 -0.01362 0.46689
-0.06023 -0.01510 0.45272
-0.06347 -0.01828 0.46104
-0.06618 -0.01015 0.44298
-0.06439 0.00169 0.43838
-0.05362 -0.00358 0.45452
-0.04620 -0.00370 0.44886
-0.06390 -0.00884 0.46897
-0.05804 -0.00919 0.46505
-0.04003 -0.01169 0.47018
-0.03484 -0.01789 0.47598
-0.03554 -0.01213 0.47356
-0.03372 -0.01164 0.48335
-0.02986 -0.00927 0.48586
-0.02600 -0.01137 0.49395
-0.02253 -0.01722 0.50061
-0.02081 -0.01164 0.50932
-0.02185 -0.01467 0.51709
-0.01358 -0.00776 0.52637
-0.01060 -0.00859 0.53859
-0.00463 -0.00936 0.54873
-0.01446 -0.02100 0.56042
-0.02129 -0.00844 0.57124
-0.02233 -0.00613 0.59232
-0.00753 -0.00374 0.60147
0.00092 -0.01255 0.61879
-0.00605 -0.02364 0.63245
-0.01627 -0.01538 0.64624
-0.01184 -0.00724 0.65706
-0.01302 0.00015 0.67545
-0.00837 -0.00984 0.69869
-0.00792 -0.01185 0.71421
-0.01592 -0.00856 0.73069
-0.02111 -0.01820 0.74706
-0.01499 -0.00338 0.76177
-0.01736 -0.01519 0.78534
-0.01275 -0.01526 0.80164
-0.02056 -0.02170 0.81517
-0.02584 -0.02618 0.82569
-0.01130 -0.00009 0.83546
-0.00743 -0.00413 0.85573
-0.01000 -0.02205 0.86882
-0.00355 -0.02167 0.87732
-0.01241 -0.02664 0.88517
-0.01121 -0.01770 0.89750
-0.00661 -0.01459 0.90607
-0.01374 -0.01475 0.91576
-0.02111 -0.01558 0.92643
-0.02307 -0.02702 0.93682
-0.01930 -0.01545 0.93951
-0.01843 -0.02900 0.93969
-0.00768 -0.02599 0.93429
-0.01128 -0.02255 0.93097
-0.01180 -0.02270 0.93216
-0.01394 -0.02128 0.93744
-0.01464 -0.03984 0.93303
-0.01355 -0.03379 0.92457
-0.01538 -0.02802 0.91732
-0.01696 -0.01470 0.90946
-0.01387 -0.01178 0.92171
-0.01438 -0.03088 0.91502
-0.00925 -0.02373 0.91585
-0.00292 -0.02434 0.91864
-0.01636 -0.02146 0.89534
0.00151 -0.01836 0.90393
-0.01019 -0.02834 0.89862
0.00287 -0.03170 0.89019
-0.00095 -0.01784 0.88673
0.00119 -0.01523 0.88214
0.00665 -0.04702 0.88132
0.01806 -0.01934 0.87289
0.02483 -0.02953 0.87115
0.02756 -0.01808 0.86645
0.02069 -0.04299 0.86475
0.02491 -0.01870 0.86445
0.03032 -0.04295 0.84803
0.01387 0.00757 0.84730
0.01969 -0.01771 0.84486
0.01073 -0.01745 0.85561
0.01174 -0.02810 0.85453
0.01409 -0.03003 0.85594
0.01682 -0.00665 0.86131
0.00809 -0.00182 0.86774
-0.00521 -0.02603 0.88231
0.00723 -0.03155 0.88406
0.00420 -0.01616 0.88964
0.00082 -0.01942 0.89113
0.00146 -0.01668 0.90433
0.00234 0.00986 0.92707
0.00168 -0.02922 0.93369
-0.00528 -0.02376 0.94781
-0.00907 -0.02132 0.94816
-0.01706 -0.01386 0.95467
-0.01818 -0.02878 0.96207
-0.03074 -0.01197 0.97979
-0.02306 -0.02402 0.99593
-0.02247 -0.01848 1.00442
-0.02266 -0.02524 1.01092
-0.02120 -0.01742 1.02670
-0.02502 -0.03194 1.02629
-0.01809 -0.02234 1.03754
-0.02067 -0.02938 1.04039
-0.02090 -0.02423 1.04843
-0.01532 -0.02327 1.05486
-0.01922 -0.02520 1.05673
-0.01285 -0.02539 1.05833
-0.02083 -0.03033 1.05724
-0.00935 -0.01872 1.05980
-0.01068 -0.03805 1.05928
-0.00868 -0.02768 1.05588
-0.01663 -0.03778 1.04914
-0.01839 -0.03431 1.04618
-0.01600 -0.02861 1.04609
-0.01722 -0.02585 1.04355
-0.01288 -0.02606 1.04539
-0.02226 -0.02321 1.04706
-0.01925 -0.04038 1.02702
-0.01330 -0.02413 1.03164
-0.01572 -0.03715 1.02860
-0.02238 -0.02304 1.02745
-0.01169 -0.03271 1.02368
-0.01971 -0.03014 1.02066
-0.00709 -0.02710 1.01624
-0.00904 -0.02778 1.01161
-0.00498 -0.02331 1.01214
-0.01036 -0.02776 1.00260
-0.01550 -0.02531 1.00658
-0.02010 -0.03998 0.99872
-0.01496 -0.03100 0.99428
-0.01471 -0.01318 0.99135
-0.00257 -0.03866 0.99011
-0.00637 -0.00604 0.98797
-0.01646 -0.03292 0.98428
-0.01672 -0.02677 0.98221
-0.01910 -0.02315 0.97561
-0.01588 -0.02360 0.97034
-0.02424 -0.02934 0.97083
-0.02338 -0.02802 0.96715
-0.02094 -0.02799 0.96141
-0.01706 -0.02875 0.95969
-0.01829 -0.02491 0.95381
-0.02725 -0.03467 0.95059
-0.01892 -0.02907 0.94503
-0.02509 -0.02104 0.93942
-0.01673 -0.03054 0.93238
-0.01601 -0.02744 0.92190
-0.01519 -0.02852 0.91535
-0.01726 -0.02825 0.89516
-0.00686 -0.02333 0.88298
-0.00903 -0.02481 0.86785
-0.01036 -0.02855 0.85247
-0.00547 -0.02474 0.83275
-0.00221 -0.02155 0.81145
0.00637 -0.02381 0.78808
0.00557 -0.02008 0.76431
0.00988 -0.02502 0.73839
0.00577 -0.01516 0.71414
0.00541 -0.02119 0.68578
-0.00197 -0.02635 0.65868
0.00080 -0.01803 0.63323
-0.00291 -0.01775 0.60648
0.00345 -0.01697 0.57887
0.00110 -0.01847 0.55633
-0.00268 -0.02040 0.52468
0.00127 -0.01470 0.49572
-0.00722 -0.01512 0.46330
0.00464 -0.00800 0.43636
0.00033 -0.01604 0.40133
-0.34694 0.00964 0.12863
-0.31255 0.00438 0.12857
-0.01081 -0.00759 0.30766
-0.01306 -0.00322 0.26616
-0.01298 -0.00571 0.24475
-0.00634 -0.00494 0.22522
-0.00725 -0.01046 0.20140
-0.00041 -0.00752 0.19698
-0.00288 -0.00965 0.18894
-0.00321 -0.00462 0.18531
-0.00852 -0.00180 0.17668
-0.01238 -0.00550 0.16533
-0.01172 -0.00496 0.15045
-0.00465 -0.00525 0.14064
-0.00069 -0.00539 0.13279
-0.00312 -0.00359 0.12623
-0.00879 -0.00335 0.11940
-0.00994 -0.00409 0.11242
-0.00730 -0.00404 0.10539
-0.00837 -0.00122 0.09368
-0.01263 -0.00232 0.07700
-0.00218 -0.00243 0.06318
-0.00222 -0.00353 0.04873
0.00124 0.00032 0.03722
-0.00172 -0.00211 0.02645
-0.00129 -0.00120 0.01714
-0.00671 -0.00009 0.00666
-0.00486 0.00124 0.00357
0.00596 0.00067 -0.00461
-0.00031 -0.00190 -0.00075
-0.00090 0.00046 0.00422
0.00542 0.00062 0.00285
0.00366 -0.00023 -0.00208
0.00288 0.00034 0.00385
0.00495 0.00044 0.00245
0.00462 -0.00045 -0.00241
0.00543 -0.00047 -0.00377
-0.00293 0.00058 0.00357
-0.00301 0.00107 0.00424
-0.00187 0.00028 0.00153
0.00503 0.00129 0.00730
0.00222 -0.00004 0.00507
-0.00584 0.00045 0.00387
-0.00064 0.00000 0.00439
-0.00368 0.00063 0.00481
-0.00386 0.00029 -0.00121
0.00527 0.00150 -0.00250
-0.00474 0.00126 -0.00239
-0.00682 -0.00056 -0.00330
-0.00789 0.00089 -0.00283
-0.00605 0.00145 0.00332
0.00417 -0.00109 -0.00213
-0.00317 0.00013 -0.00326
0.00303 -0.00013 -0.00454
0.00029 0.00027 -0.00411
0.00039 -0.00014 -0.00289
-0.00159 0.00013 -0.00068
0.00109 0.00187 -0.00035
0.00119 0.00056 -0.00114
-0.00328 0.00058 0.00269
0.00202 0.00038 -0.00198
-0.00234 0.00030 0.00179
-0.00171 0.00052 0.00145
-0.00436 0.00013 0.00301
-0.00318 0.00012 0.00235
0.00203 0.00005 -0.00113
0.00064 0.00001 -0.00033
-0.00049 0.00001 0.00038
0.00081 0.00000 -0.00048
0.00124 0.00002 -0.00088
-0.00526 -0.00009 0.00364
-0.00250 0.00013 0.00407
-0.00269 -0.00011 0.00197
-0.00126 -0.00005 0.00090
0.00258 0.00007 -0.00243
0.00097 0.00003 -0.00130
0.00080 0.00005 -0.00054
-0.00122 -0.00001 0.00212
0.02839 0.00134 -0.04349
0.02193 0.00415 0.02743
0.02486 0.00191 -0.01948
-0.02238 -0.00247 0.02615
-0.02160 0.00306 0.01906
-0.03134 0.00214 0.01849
-0.03125 0.00124 0.01091
-0.03570 0.00211 0.01284
-0.01221 0.00352 0.03304
0.03576 0.00166 0.02074
-0.04034 0.00207 0.01413
0.00234 0.00552 0.04775
-0.00897 -0.00190 0.04962
-0.00877 -0.00243 0.05363
-0.01474 -0.00289 0.05947
-0.02573 -0.00355 0.06590
-0.02064 -0.00080 0.08412
-0.02397 -0.00275 0.10372
-0.00512 0.00610 0.11786
-0.02404 0.00009 0.13452
-0.02462 -0.00451 0.15015
-0.03045 -0.00092 0.16216
-0.03189 -0.00205 0.17774
-0.03893 -0.00284 0.18539
-0.03001 -0.00331 0.19707
-0.03762 -0.00434 0.20753
-0.03879 -0.00724 0.21696
-0.04314 -0.00809 0.22694
-0.04556 -0.00568 0.23940
-0.05133 -0.00158 0.26014
-0.06010 -0.00797 0.28167
-0.06831 -0.00794 0.31134
-0.06104 -0.00867 0.33544
-0.05951 -0.00214 0.36178
-0.06266 0.00602 0.39785
-0.06873 0.00030 0.41989
-0.06614 -0.00703 0.45099
-0.06287 0.00065 0.48719
-0.07084 -0.00560 0.50338
-0.06667 -0.00394 0.53918
-0.06236 -0.00185 0.54662
-0.06145 -0.00807 0.56881
-0.06606 -0.00738 0.60552
-0.07109 -0.01113 0.61143
-0.06522 -0.01315 0.65004
-0.05424 -0.00954 0.65850
-0.05275 -0.00907 0.68495
-0.04415 -0.00813 0.71714
-0.04295 -0.01132 0.73462
-0.03147 -0.00868 0.76516
-0.02511 -0.01164 0.78987
-0.02249 -0.01328 0.81263
-0.02479 -0.01854 0.83251
-0.02389 -0.01254 0.85207
-0.02258 -0.00363 0.87479
-0.02982 -0.00888 0.90051
-0.02663 -0.01754 0.92096
-0.02766 -0.02417 0.94263
-0.01446 0.00019 0.96566
-0.01319 -0.00819 0.98937
-0.01832 -0.01667 1.01464
-0.01765 -0.01481 1.03819
-0.00730 -0.01320 1.05564
-0.01531 -0.01778 1.07681
-0.01039 -0.02205 1.09524
-0.01017 -0.00943 1.11320
-0.01719 -0.01369 1.12591
-0.01215 -0.01881 1.14394
-0.01410 -0.02379 1.15992
-0.00252 -0.02433 1.17281
-0.01317 -0.02183 1.18642
-0.00243 -0.01394 1.20039
-0.00821 -0.02212 1.20609
-0.00940 -0.03193 1.21054
-0.00729 -0.02556 1.20433
-0.00340 -0.02778 1.19876
-0.00707 -0.02999 1.19770
-0.02585 -0.04227 1.19129
-0.01572 -0.02690 1.19147
-0.00592 -0.02639 1.19238
0.00457 -0.02707 1.19268
-0.01559 -0.03712 1.19070
-0.01435 -0.03447 1.18666
-0.01406 -0.03081 1.18058
-0.01482 -0.03666 1.17763
-0.00716 -0.02168 1.17760
-0.00988 -0.01366 1.17705
-0.01914 -0.03351 1.17352
-0.02607 -0.03550 1.16640
-0.01396 -0.03247 1.16096
-0.01662 -0.03372 1.15866
-0.02614 -0.01777 1.15697
-0.01757 -0.03526 1.15571
-0.00924 -0.03703 1.15180
-0.01060 -0.03359 1.14637
-0.01069 -0.02479 1.14055
-0.01709 -0.02349 1.13679
-0.02495 -0.02166 1.14022
-0.01403 -0.02951 1.13354
-0.02183 -0.03207 1.13136
-0.02749 -0.03501 1.12452
-0.01559 -0.02432 1.12055
-0.00978 -0.02243 1.12514
-0.01684 -0.03113 1.11842
-0.01392 -0.02665 1.11570
-0.01170 -0.02852 1.11231
-0.01715 -0.03322 1.11114
-0.01816 -0.02719 1.10616
-0.01420 -0.02009 1.10328
-0.01715 -0.03298 1.09896
-0.01104 -0.02155 1.09830
-0.01015 -0.03123 1.09885
-0.01170 -0.03582 1.10297
-0.00641 -0.02785 1.10004
-0.00497 -0.03190 1.10503
-0.01138 -0.01971 1.08735
-0.00484 -0.02915 1.09829
-0.01084 -0.03191 1.09576
-0.00509 -0.02088 1.07994
-0.01276 -0.03440 1.07523
-0.01252 -0.02756 1.06736
-0.01122 -0.03103 1.08085
-0.00708 -0.02446 1.07583
-0.00983 -0.02805 1.07964
-0.01409 -0.02444 1.07803
-0.01398 -0.02471 1.07616
-0.01928 -0.03357 1.06677
-0.01798 -0.02188 1.05201
-0.02164 -0.02983 1.05216
-0.01789 -0.02400 1.05195
-0.02046 -0.02422 1.04681
-0.02475 -0.03591 1.05013
-0.01569 -0.01300 1.06308
-0.02259 -0.03665 1.06126
0.00105 -0.00310 1.06804
-0.01862 -0.04530 1.06302
-0.01056 -0.01951 1.06619
-0.00859 -0.03228 1.05647
-0.00123 -0.01411 1.05829
-0.01553 -0.02895 1.05247
-0.01102 -0.02804 1.05089
-0.01409 -0.03642 1.04318
-0.00861 -0.03079 1.03777
-0.01050 -0.02847 1.03628
-0.00759 -0.01593 1.02825
-0.01135 -0.02998 1.03428
-0.00082 -0.02634 1.03146
-0.01078 -0.03515 1.02556
-0.01396 -0.03186 1.01911
-0.01182 -0.02476 1.01197
-0.00235 -0.01499 1.01493
-0.01731 -0.02683 1.01346
-0.01306 -0.02816 1.00669
-0.00851 -0.02881 1.00499
-0.01446 -0.02949 0.99690
-0.01287 -0.02472 0.99396
-0.01739 -0.02365 0.97915
-0.01599 -0.02827 0.95745
-0.01041 -0.02730 0.93981
-0.01358 -0.01613 0.92457
-0.01617 -0.03346 0.90468
-0.02209 -0.02793 0.88367
-0.01830 -0.02668 0.85849
-0.01920 -0.02786 0.84153
-0.02233 -0.02095 0.81750
-0.02202 -0.03026 0.79918
-0.01932 -0.03599 0.78407
-0.02603 -0.03202 0.76008
-0.01824 -0.02125 0.73987
-0.02565 -0.02238 0.71643
-0.02533 -0.02359 0.69723
-0.02501 -0.02236 0.67016
-0.02380 -0.01388 0.65268
-0.02596 -0.02304 0.62232
-0.02734 -0.02015 0.60542
-0.03077 -0.02172 0.61346
-0.04468 -0.01809 0.54979
-0.02503 -0.01225 0.57978
-0.03736 -0.01407 0.53874
-0.04588 -0.01937 0.53895
-0.03461 -0.01893 0.52880
-0.05335 -0.01754 0.51948
-0.05048 -0.01396 0.50973
-0.05341 -0.00998 0.50578
-0.04730 -0.00475 0.50782
-0.05307 -0.00746 0.49854
-0.07191 -0.01963 0.49010
-0.08764 -0.02105 0.48736
-0.07641 -0.01223 0.47805
-0.06401 -0.01113 0.47568
-0.05331 -0.00571 0.48022
-0.07376 -0.00827 0.46853
-0.08152 -0.01100 0.46981
-0.07681 -0.00177 0.46311
-0.06375 -0.00166 0.46852
-0.06059 -0.00815 0.47974
-0.07039 -0.01485 0.47216
-0.08176 -0.01657 0.48171
-0.07496 -0.01374 0.47055
-0.05344 -0.00715 0.47359
-0.04556 -0.01082 0.48524
-0.04833 -0.01344 0.48421
-0.05589 -0.00613 0.49501
-0.04775 -0.00233 0.49522
-0.03976 -0.01382 0.50663
-0.03081 -0.00988 0.51630
-0.03204 -0.01242 0.52196
-0.01811 -0.01369 0.53054
-0.02229 -0.00899 0.54107
-0.02730 -0.01073 0.55512
-0.02301 -0.01265 0.57297
-0.02006 -0.00766 0.58677
-0.01870 -0.00726 0.60471
-0.01976 -0.01220 0.62131
-0.02172 -0.01213 0.63764
-0.01968 -0.01342 0.65408
-0.01826 -0.01371 0.66916
-0.01639 -0.00872 0.68698
-0.00758 -0.01348 0.70696
-0.00498 -0.01090 0.71705
-0.01559 -0.00735 0.73380
-0.01152 -0.01551 0.74835
-0.01607 -0.01195 0.75813
-0.00795 -0.01590 0.76236
-0.01303 -0.01963 0.76504
-0.00202 -0.02248 0.76548
-0.00378 -0.02155 0.76272
0.00075 -0.02334 0.76690
-0.00616 -0.02153 0.76674
-0.00139 -0.02274 0.76834
-0.00808 -0.02291 0.76714
-0.01150 -0.02017 0.76865
-0.01233 -0.02462 0.76656
-0.01702 -0.02093 0.76875
-0.01906 -0.01721 0.76608
-0.01706 -0.01706 0.76503
-0.01289 -0.01559 0.76486
-0.01403 -0.02089 0.76060
-0.00987 -0.01874 0.75976
-0.01130 -0.01954 0.75546
-0.01168 -0.01941 0.75290
-0.00649 -0.02559 0.75047
-0.00554 -0.01949 0.74529
-0.00885 -0.02064 0.74128
-0.01119 -0.02271 0.73150
-0.00678 -0.01807 0.72244
-0.01022 -0.02141 0.71286
-0.00839 -0.01666 0.70273
-0.01701 -0.02895 0.68858
-0.01097 -0.02225 0.67597
-0.00805 -0.02764 0.66485
-0.02433 -0.00886 0.65834
-0.01322 -0.01500 0.65315
-0.00642 -0.02142 0.64895
-0.00861 -0.02291 0.64543
-0.00307 -0.01671 0.63811
-0.00902 -0.02080 0.63363
-0.01158 -0.02019 0.62845
-0.00955 -0.01773 0.62509
-0.01119 -0.01464 0.61989
-0.01170 -0.01772 0.61625
-0.01130 -0.01923 0.61118
-0.01303 -0.02070 0.60998
-0.01139 -0.01950 0.60664
-0.01605 -0.01524 0.60516
-0.01422 -0.01773 0.60281
-0.00995 -0.01623 0.59917
-0.01118 -0.01980 0.59775
-0.00479 -0.01373 0.59579
-0.00943 -0.01675 0.59375
-0.01483 -0.01213 0.58766
-0.01423 -0.01443 0.58491
-0.01062 -0.01669 0.57994
-0.00658 -0.01678 0.57344
-0.00845 -0.01588 0.56259
-0.00219 -0.01602 0.55472
-0.00440 -0.01724 0.54361
-0.00595 -0.01865 0.53160
-0.00321 -0.01542 0.52132
-0.00269 -0.01629 0.50929
-0.00136 -0.01700 0.49650
-0.00467 -0.01672 0.48471
-0.00205 -0.01291 0.47565
-0.00642 -0.01300 0.46204
-0.01107 -0.01302 0.45306
-0.00998 -0.01031 0.43830
-0.00395 -0.01264 0.42218
-0.00647 -0.01051 0.42203
-0.00786 -0.00856 0.37096
-0.01054 -0.01094 0.36934
-0.00396 -0.01123 0.34236
-0.00001 -0.01162 0.32133
-0.00166 -0.00858 0.30465
0.00190 -0.00910 0.28698
-0.00163 -0.00996 0.27581
-0.00016 -0.01128 0.26908
-0.00010 -0.00982 0.26063
0.00046 -0.00605 0.25932
-0.00103 -0.00860 0.25809
-0.00103 -0.00474 0.25644
-0.00013 -0.00479 0.25329
0.00297 -0.00589 0.25270
-0.00302 -0.00713 0.25117
-0.00372 -0.00413 0.24726
-0.00423 -0.00549 0.24873
-0.00500 -0.00660 0.24710
-0.00604 -0.00729 0.24623
-0.00635 -0.00438 0.24502
-0.01138 -0.00753 0.24316
-0.00877 -0.00725 0.24112
-0.01006 -0.00544 0.24178
-0.01157 -0.00408 0.23695
-0.00747 -0.00701 0.23534
-0.00505 -0.00623 0.23799
-0.00381 -0.00695 0.23534
-0.00421 -0.00469 0.23544
-0.01002 -0.00533 0.23270
-0.00732 -0.00608 0.23101
0.00008 -0.00810 0.23013
0.00073 -0.00545 0.22872
0.00024 -0.00506 0.22764
-0.00041 -0.00751 0.23093
-0.00004 -0.00692 0.22715
-0.00029 -0.00742 0.22549
-0.00002 -0.00716 0.22439
-0.00260 -0.00618 0.22486
0.00118 -0.00683 0.22390
-0.00196 -0.00608 0.22391
-0.00025 -0.00778 0.22758
0.00085 -0.00798 0.23562
0.00234 -0.00865 0.24714
0.00175 -0.00759 0.25910
-0.00355 -0.00545 0.27065
-0.00071 -0.00509 0.28170
0.00333 -0.00667 0.29298
0.00570 -0.00567 0.30165
0.00245 -0.00690 0.30916
-0.00059 -0.00559 0.31700
-0.00106 -0.00434 0.32471
0.00042 -0.00455 0.33437
-0.00155 -0.00521 0.34081
-0.00369 -0.00958 0.34935
0.00657 -0.01125 0.35602
0.00357 -0.01049 0.36539
-0.00504 -0.00763 0.37635
-0.00192 -0.00410 0.38756
-0.00309 -0.00649 0.40137
0.00126 -0.00683 0.41124
0.01206 -0.01193 0.40484
0.01208 -0.02406 0.39995
-0.00926 -0.01954 0.39107
-0.02674 -0.01405 0.38654
-0.03198 -0.00714 0.38052
-0.03904 -0.00091 0.37686
-0.04082 -0.00062 0.37335
-0.02694 0.00089 0.37264
-0.02806 -0.01274 0.37245
-0.04695 -0.01778 0.36683
-0.04572 -0.00731 0.35940
-0.04648 -0.00258 0.35300
-0.03402 -0.01063 0.35151
-0.02504 -0.00724 0.35132
-0.02125 -0.01815 0.34871
-0.02509 -0.00809 0.34703
-0.00762 -0.01578 0.34337
-0.00375 -0.00728 0.33859
0.00607 -0.01076 0.33390
0.01535 -0.01255 0.30949
0.00493 -0.00160 0.27564
0.00487 -0.00850 0.23458
0.00446 -0.00964 0.19835
0.00509 -0.00655 0.16124
0.01043 -0.00590 0.12586
0.00816 -0.00437 0.09276
0.00028 -0.00180 0.05723
-0.00126 -0.00094 0.02594
-0.00079 0.00077 -0.00017
-0.01634 0.00011 -0.00808
-0.00159 -0.00819 -0.00505
-0.00075 -0.00402 0.00074
0.00106 0.00460 -0.00119
0.00155 0.00431 -0.00078
0.00033 -0.00005 0.00149
