0.11552 39.97417 23.05881
0.02658 9.06489 5.19558
0.00747 2.49943 1.43210
0.03231 10.55145 6.04834
0.03144 9.95969 5.70884
0.00727 2.24784 1.28794
0.02453 7.25722 4.15899
0.00439 1.23356 0.70678
0.04983 13.83375 7.93249
0.00810 2.16913 1.24284
0.01090 2.82469 1.61848
0.00993 2.51573 1.44144
0.01464 3.63580 2.08328
0.02861 6.85266 3.92706
0.03057 7.12846 4.08517
0.01925 4.34775 2.49128
0.01979 4.36664 2.50210
0.01496 3.19172 1.82880
0.01953 4.05004 2.32066
0.00673 1.33866 0.76700
0.04126 8.17304 4.68411
0.01364 2.59544 1.48712
0.02869 5.35196 3.06681
0.01906 3.46627 1.98613
0.01936 3.45323 1.97866
0.04093 7.19536 4.12353
0.03506 6.03489 3.45826
0.04006 6.79470 3.89383
0.02891 4.76276 2.72912
0.03702 6.00932 3.44360
0.03818 6.05760 3.47128
0.04301 6.69227 3.83510
0.04709 7.17392 4.11123
0.02257 3.37247 1.93238
0.03378 4.94249 2.83213
0.04060 5.69694 3.26455
0.01988 2.87972 1.65001
0.03067 4.25956 2.44073
0.02399 3.25606 1.86567
0.03355 4.48649 2.57079
0.02414 3.16740 1.81486
0.03416 4.43038 2.53863
0.01685 2.13718 1.22454
0.02417 3.04230 1.74318
0.02285 2.77891 1.59225
0.02074 2.56678 1.47070
0.01639 1.97810 1.13339
0.01616 1.94129 1.11229
0.02098 2.48692 1.42493
0.02647 3.11087 1.78247
0.02615 3.02609 1.73389
0.02520 2.89164 1.65684
0.03622 4.07734 2.33630
0.02140 2.38016 1.36376
0.02251 2.47807 1.41986
0.01753 1.90871 1.09363
0.03373 3.63192 2.08105
0.02378 2.52399 1.44618
0.03121 3.26799 1.87251
0.03676 3.79195 2.17276
0.02315 2.37579 1.36126
0.03496 3.47030 1.98843
0.03956 3.86045 2.21201
0.04926 4.78019 2.73911
0.04504 4.31648 2.47335
0.03932 3.72860 2.13645
0.03525 3.31260 1.89807
0.03509 3.28031 1.87957
0.02681 2.50230 1.43375
0.04097 3.83263 2.19607
0.03197 2.99422 1.71563
0.03552 3.33557 1.91123
0.03070 2.85249 1.63441
0.00912 0.84717 0.48539
0.00758 0.70203 0.40223
0.01275 1.18652 0.67983
0.01523 1.42847 0.81846
0.01977 1.86209 1.06691
0.02551 2.40972 1.38070
0.02465 2.30898 1.32297
0.02992 2.79334 1.60052
0.01808 1.67926 0.96216
0.01926 1.79047 1.02588
0.02638 2.45238 1.40515
0.02655 2.46103 1.41010
0.03256 3.03287 1.73777
0.00569 0.52461 0.30058
0.00740 0.68935 0.39497
0.01242 1.14810 0.65782
0.01041 0.95932 0.54965
0.02004 1.83722 1.05267
0.02344 2.14557 1.22935
0.04515 4.12200 2.36190
0.03193 2.86986 1.64437
0.04737 4.27170 2.44769
0.01461 1.33289 0.76370
0.02232 2.00400 1.14822
0.01011 0.90581 0.51899
0.00235 0.20899 0.11974
0.01723 1.52428 0.87336
0.01363 1.19489 0.68462
0.01721 1.50984 0.86508
0.01810 1.58311 0.90706
0.03730 3.25344 1.86416
0.01867 1.62107 0.92881
0.01507 1.30068 0.74524
0.00388 0.33315 0.19088
0.02507 2.14383 1.22835
0.02625 2.24332 1.28535
0.03346 2.85874 1.63799
0.03036 2.56282 1.46843
0.02853 2.39713 1.37349
0.03391 2.84662 1.63105
0.02747 2.30042 1.31807
0.03279 2.72265 1.56001
0.02955 2.45850 1.40865
0.01869 1.54601 0.88581
0.01928 1.58407 0.90761
0.02327 1.90317 1.09046
0.00500 0.40835 0.23396
0.01192 0.97169 0.55674
0.01138 0.92485 0.52990
0.02608 2.11158 1.20987
0.01584 1.27954 0.73313
0.00699 0.56237 0.32221
0.05018 4.02880 2.30849
0.00664 0.53199 0.30481
0.01488 1.18480 0.67885
0.03640 2.91130 1.66811
0.01158 0.91496 0.52424
0.01352 1.06618 0.61088
0.03564 2.80222 1.60561
0.03640 2.85927 1.63830
0.04234 3.33093 1.90857
0.03565 2.79617 1.60214
0.02945 2.31101 1.32414
0.03999 3.13028 1.79359
0.03064 2.41906 1.38605
0.02725 2.14117 1.22682
0.02212 1.68582 0.96592
0.04005 3.28777 1.88384
0.03935 3.13574 1.79672
0.03646 2.91639 1.67103
0.02797 2.24241 1.28483
0.03896 3.15096 1.80544
0.02768 2.28007 1.30642
0.01820 1.51275 0.86675
0.02433 2.02841 1.16221
0.01699 1.42942 0.81900
0.01980 1.68200 0.96373
0.01279 1.09915 0.62977
0.01441 1.25066 0.71658
0.02444 2.14381 1.22833
0.01689 1.48941 0.85338
0.01059 0.93967 0.53839
0.00464 0.41254 0.23637
0.00480 0.42827 0.24538
0.01513 1.35528 0.77652
0.02369 2.12841 1.21951
0.02260 2.03766 1.16752
0.01094 0.99373 0.56937
0.05562 5.07042 2.90545
0.03847 3.51825 2.01591
0.04969 4.52994 2.59568
0.04824 4.39926 2.52080
0.04533 4.14846 2.37706
0.03988 3.66937 2.10251
0.05579 5.15276 2.95264
0.02652 2.49046 1.42697
0.02917 2.76048 1.58169
0.03706 3.52853 2.02181
0.05573 5.34579 3.06328
0.02828 2.73162 1.56515
0.02824 2.76530 1.58445
0.00911 0.89872 0.51493
0.00374 0.37224 0.21328
0.01524 1.53211 0.87784
0.00810 0.81909 0.46930
0.01424 1.45354 0.83283
0.00555 0.57124 0.32730
0.00194 0.20204 0.11576
0.01472 1.54446 0.88492
0.02148 2.27566 1.30389
0.01373 1.49333 0.85562
0.01482 1.62266 0.92973
0.00590 0.66277 0.37974
0.00298 0.33657 0.19284
0.00398 0.45447 0.26039
0.01026 1.17160 0.67128
0.00077 0.08864 0.05079
0.02137 2.53604 1.45308
0.02415 2.85268 1.63452
0.00838 0.99548 0.57037
0.00685 0.81062 0.46445
0.01377 1.64199 0.94080
0.00476 0.56581 0.32418
0.02245 2.67004 1.52986
0.01727 2.06018 1.18042
0.02262 2.70687 1.55097
0.00754 0.89984 0.51557
0.00247 0.28898 0.16558
0.00625 0.75665 0.43353
0.02066 2.44445 1.40060
0.01460 1.72250 0.98693
0.01801 2.10275 1.20481
0.01139 1.32958 0.76180
0.01683 1.93023 1.10596
0.02041 2.31054 1.32387
0.01373 1.52990 0.87658
0.01530 1.70200 0.97518
0.02677 2.93801 1.68342
0.01723 1.85962 1.06550
0.02042 2.17552 1.24651
0.00466 0.49026 0.28090
0.01663 1.72956 0.99098
0.01482 1.52373 0.87304
0.01389 1.41175 0.80888
0.01952 1.96139 1.12381
0.02559 2.49640 1.43037
0.01771 1.77083 1.01462
0.02386 2.30826 1.32257
0.02906 2.78021 1.59299
0.02961 2.79299 1.60032
0.00893 0.84098 0.48185
0.02149 1.99288 1.14186
0.02597 2.37583 1.36128
0.03315 3.01630 1.72828
0.02703 2.41823 1.38558
0.02785 2.46432 1.41199
0.00133 0.11703 0.06705
0.01518 1.31722 0.75471
0.01519 1.30591 0.74823
0.01484 1.25674 0.72006
0.01684 1.40432 0.80462
0.02249 1.86770 1.07013
0.00638 0.51885 0.29728
0.02501 2.04397 1.17113
0.01973 1.59055 0.91133
0.03569 2.86317 1.64053
0.13897 11.08024 6.35176
0.12739 10.00088 5.73247
0.15413 12.00316 6.88144
0.18898 14.67386 8.41506
0.02182 1.67976 0.96244
0.03475 2.64671 1.51650
0.12494 9.43907 5.41020
0.19616 14.65076 8.40179
0.03067 2.28182 1.30741
0.07673 5.61120 3.21540
0.06029 4.37511 2.50696
0.02888 2.09506 1.20040
0.01967 1.41807 0.81250
0.02275 1.62498 0.93105
0.01247 0.88560 0.50741
0.06375 4.48391 2.56931
0.12069 8.46834 4.85345
0.07050 4.89883 2.80710
0.28096 19.38870 11.12638
0.10534 7.28447 4.17462
0.03048 2.07201 1.18720
0.02078 1.41516 0.81083
0.04243 2.85243 1.63438
0.04185 2.81475 1.61279
0.01992 1.33694 0.76602
0.02246 1.49363 0.85580
0.04366 2.90813 1.66629
0.08904 5.90798 3.38552
0.09221 6.11320 3.50315
0.04945 3.26484 1.87070
0.04926 3.24205 1.85764
0.09952 6.51199 3.73175
0.06016 3.93940 2.25726
0.09670 6.33150 3.62829
0.07474 4.88430 2.79878
0.03650 2.37147 1.35879
0.03505 2.27950 1.30608
0.04507 2.91707 1.67142
0.04283 2.77948 1.59258
0.01366 0.88693 0.50818
0.07911 5.18018 2.96835
0.00251 0.16548 0.09481
0.01379 0.91971 0.52696
0.01626 1.09748 0.62881
0.01294 0.87220 0.49974
0.03849 2.62267 1.50272
0.01038 0.71271 0.40835
0.02758 1.91498 1.09722
0.02942 2.06430 1.18278
0.02052 1.44915 0.83031
0.01115 0.79851 0.45751
0.02010 1.44709 0.82913
0.01865 1.35925 0.77880
0.01790 1.31729 0.75475
0.02643 1.95962 1.12280
0.01685 1.26469 0.72462
0.01690 1.29351 0.74113
0.01447 1.11631 0.63960
0.03129 2.42596 1.39001
0.04078 3.18758 1.82643
0.00907 0.71724 0.41095
0.02586 2.06023 1.18045
0.02109 1.69094 0.96885
0.03214 2.59542 1.48711
0.02799 2.28281 1.30798
0.02074 1.70867 0.97901
0.03314 2.75397 1.57796
0.02457 2.05671 1.17843
0.03097 2.60474 1.49245
0.02661 2.23045 1.27798
0.01084 0.95145 0.54514
0.01801 1.57895 0.90468
0.01328 1.18037 0.67631
0.01531 1.37160 0.78587
0.02085 1.89447 1.08547
0.01506 1.39053 0.79672
0.00990 0.91748 0.52568
0.01652 1.52829 0.87565
0.03221 2.99530 1.71624
0.01796 1.69876 0.97333
0.02757 2.64053 1.51296
0.02904 2.80479 1.60708
0.02705 2.63356 1.50896
0.01438 1.40291 0.80382
0.02114 2.08075 1.19221
0.02495 2.46661 1.41330
0.02024 2.01607 1.15514
0.02779 2.75632 1.57930
0.01634 1.62466 0.93087
0.01684 1.70213 0.97526
0.02190 2.21156 1.26716
0.03283 3.31323 1.89843
0.02408 2.43235 1.39367
0.01936 1.96031 1.12319
0.01982 2.01377 1.15382
0.01694 1.73601 0.99467
0.03725 3.82761 2.19319
0.02278 2.34232 1.34208
0.02732 2.81155 1.61095
0.01662 1.71660 0.98355
0.02613 2.69880 1.54635
0.02597 2.68672 1.53942
0.02586 2.67357 1.53189
0.02291 2.37979 1.36355
0.03537 3.68870 2.11359
0.01795 1.87482 1.07421
0.03348 3.51020 2.01130
0.05009 5.27199 3.02098
0.01612 1.70550 0.97719
0.01209 1.28276 0.73497
0.01732 1.83377 1.05069
0.02039 2.14982 1.23178
0.02340 2.45890 1.40888
0.02887 3.01371 1.72680
0.01617 1.67646 0.96055
0.03603 3.71498 2.12865
0.02529 2.59639 1.48766
0.03280 3.35118 1.92017
0.03326 3.38688 1.94063
0.03145 3.18526 1.82510
0.03216 3.25766 1.86659
0.02362 2.38798 1.36824
0.03065 3.09582 1.77384
0.03320 3.34508 1.91668
0.02848 2.85438 1.63550
0.02749 2.74718 1.57407
0.03559 3.62400 2.07651
0.00657 0.66347 0.38014
0.01613 1.62774 0.93264
0.01669 1.68223 0.96386
0.01770 1.79105 1.02621
0.01271 1.28201 0.73454
0.02364 2.38837 1.36847
0.01994 2.02273 1.15896
0.02158 2.18091 1.24960
0.01988 2.01371 1.15379
0.02122 2.14458 1.22878
0.02231 2.25946 1.29460
0.02098 2.12828 1.21943
0.01146 1.16753 0.66895
0.01308 1.33376 0.76419
0.00899 0.92126 0.52785
0.02225 2.28942 1.31177
0.00964 0.99586 0.57059
0.02097 2.18257 1.25055
0.01562 1.62104 0.92880
0.01324 1.37078 0.78540
0.01455 1.54221 0.88363
0.01756 1.85064 1.06036
0.01227 1.29957 0.74460
0.01009 1.06383 0.60953
0.01163 1.23917 0.71000
0.01176 1.25227 0.71750
0.01209 1.29547 0.74226
0.01277 1.36367 0.78133
0.00909 0.96923 0.55533
0.01580 1.67839 0.96166
0.01881 1.99999 1.14593
0.02533 2.68140 1.53637
0.02089 2.19453 1.25740
0.04112 4.28794 2.45700
0.02305 2.41414 1.38323
0.01988 2.08186 1.19284
0.00794 0.83288 0.47721
0.01279 1.33802 0.76664
0.01441 1.49578 0.85703
0.01538 1.59973 0.91659
0.02499 2.59167 1.48496
0.01503 1.55781 0.89257
0.02768 2.85188 1.63406
0.01049 1.07944 0.61848
0.01853 1.92243 1.10149
0.01427 1.46536 0.83960
0.01673 1.70854 0.97893
0.02554 2.59002 1.48401
0.00368 0.37234 0.21334
0.01753 1.77777 1.01860
0.01839 1.86444 1.06826
0.01996 2.02843 1.16223
0.03688 3.74045 2.14324
0.01966 1.99768 1.14461
0.02610 2.66418 1.52651
0.02443 2.49369 1.42882
0.02644 2.70200 1.54818
0.04607 4.67766 2.68034
0.03294 3.37017 1.93106
0.01888 1.93225 1.10712
0.02085 2.14579 1.22947
0.03667 3.71748 2.13008
0.02488 2.58694 1.48225
0.01914 1.95422 1.11971
0.02571 2.63642 1.51060
0.02132 2.19172 1.25579
0.00309 0.31282 0.17923
0.01660 1.71039 0.97999
0.01838 1.83747 1.05281
0.01812 1.86377 1.06788
0.03788 3.81024 2.18324
0.02047 2.05324 1.17644
0.03729 3.70484 2.12284
0.04624 4.57636 2.62229
0.01565 1.53624 0.88021
0.01689 1.66135 0.95190
0.02065 2.01176 1.15267
0.02101 2.03450 1.16570
0.01812 1.75515 1.00564
0.00540 0.51889 0.29730
0.01787 1.71372 0.98190
0.02139 2.03726 1.16729
0.00985 0.93473 0.53556
0.01522 1.43742 0.82359
0.00275 0.25986 0.14889
0.01842 1.72594 0.98890
0.02392 2.23623 1.28129
0.02735 2.54566 1.45859
0.02018 1.86958 1.07121
0.01577 1.45562 0.83402
0.02492 2.28213 1.30760
0.01257 1.15131 0.65966
0.02376 2.16408 1.23995
0.02357 2.13971 1.22599
0.01813 1.63982 0.93956
0.02667 2.41084 1.38134
0.03968 3.58327 2.05317
0.03088 2.77402 1.58945
0.02304 2.05445 1.17713
0.03537 3.13361 1.79550
0.03118 2.76674 1.58527
0.03494 3.08746 1.76905
0.02768 2.44105 1.39865
0.02563 2.25421 1.29160
0.03355 2.94326 1.68643
0.04169 3.64424 2.08811
0.04074 3.55797 2.03868
0.03196 2.79991 1.60428
0.03754 3.28712 1.88347
0.02604 2.28178 1.30739
0.02867 2.50549 1.43558
0.02306 2.02511 1.16032
0.01217 1.07082 0.61354
0.01794 1.58160 0.90620
0.01230 1.08603 0.62225
0.01394 1.23846 0.70959
0.01873 1.66516 0.95408
0.01392 1.23761 0.70910
0.01673 1.49534 0.85678
0.01276 1.14252 0.65462
0.01368 1.22769 0.70342
0.01869 1.67941 0.96224
0.01876 1.68853 0.96747
0.01981 1.78538 1.02296
0.03342 3.01258 1.72615
0.02175 1.96243 1.12441
0.03754 3.39230 1.94374
0.04542 4.11506 2.35792
0.03765 3.42173 1.96061
0.04215 3.81786 2.18761
0.03290 2.99000 1.71321
0.02700 2.45099 1.40435
0.02915 2.64429 1.51511
0.03210 2.92281 1.67471
0.03039 2.78820 1.59757
0.04868 4.47711 2.56541
0.03073 2.83908 1.62673
0.04397 4.06463 2.32902
0.01550 1.44767 0.82946
0.00520 0.49027 0.28090
0.03151 3.01272 1.72623
0.02489 2.41136 1.38164
0.03895 3.84147 2.20113
0.03155 3.14151 1.80003
0.05520 5.60171 3.20996
0.04244 4.38342 2.51172
0.02722 2.84921 1.63254
0.04670 4.92145 2.82007
0.03373 3.55228 2.03542
0.04172 4.40654 2.52497
0.02685 2.85515 1.63594
0.02041 2.16979 1.24322
0.01728 1.84407 1.05659
0.01962 2.10547 1.20637
0.01650 1.77256 1.01562
0.02884 3.13741 1.79768
0.02070 2.23552 1.28089
0.02711 2.94059 1.68489
0.03293 3.62488 2.07702
0.03705 4.02492 2.30627
0.00818 0.88501 0.50707
0.01582 1.73711 0.99530
0.00999 1.08000 0.61879
0.01492 1.64027 0.93981
0.01115 1.20445 0.69010
0.00899 0.96868 0.55501
0.01037 1.12917 0.64697
0.00932 0.99924 0.57252
0.02261 2.39695 1.37338
0.00693 0.73137 0.41905
0.00455 0.47921 0.27457
0.00886 0.93248 0.53428
0.02088 2.16899 1.24277
0.01320 1.35515 0.77645
0.00597 0.60563 0.34700
0.00410 0.41353 0.23693
0.01550 1.55326 0.88996
0.02132 2.11401 1.21126
0.02251 2.20793 1.26508
0.01039 1.00674 0.57682
0.01069 1.01861 0.58363
0.00382 0.36038 0.20649
0.00978 0.91214 0.52262
0.00888 0.82157 0.47073
0.01743 1.59813 0.91567
0.01499 1.36732 0.78342
0.02019 1.83136 1.04931
0.02506 2.25508 1.29209
0.02122 1.90255 1.09010
0.02203 1.96242 1.12440
0.01660 1.47657 0.84602
0.03511 3.13091 1.79395
0.01468 1.30673 0.74870
0.02366 2.10934 1.20859
0.02132 1.90283 1.09026
0.01440 1.28224 0.73467
0.01771 1.57573 0.90284
0.02099 1.87322 1.07329
0.02430 2.17659 1.24712
0.02203 1.98236 1.13583
0.03191 2.88645 1.65387
0.03687 3.33204 1.90921
0.02791 2.53415 1.45200
0.02964 2.70243 1.54842
0.02885 2.63020 1.50703
0.04502 4.11996 2.36073
0.03112 2.84527 1.63028
0.02055 1.87190 1.07254
0.02042 1.85414 1.06236
0.03483 3.16155 1.81151
0.02223 2.01493 1.15449
0.03371 3.04812 1.74651
0.02985 2.69281 1.54291
0.02693 2.42312 1.38838
0.02011 1.81427 1.03951
0.02139 1.92982 1.10572
0.02814 2.52316 1.44570
0.03572 3.19991 1.83349
0.02448 2.18931 1.25441
0.02265 2.02519 1.16037
0.01695 1.50961 0.86495
0.02326 2.06739 1.18455
0.02142 1.90835 1.09342
0.01405 1.25400 0.71849
0.01825 1.63138 0.93472
0.01248 1.12015 0.64180
0.00550 0.49388 0.28298
0.01063 0.95378 0.54648
0.02174 1.95861 1.12222
0.02575 2.32441 1.33182
0.01958 1.76548 1.01156
0.01813 1.64031 0.93984
0.01306 1.18822 0.68080
0.00940 0.86062 0.49310
0.01513 1.39087 0.79691
0.02472 2.26408 1.29725
0.02736 2.52687 1.44783
0.02518 2.33351 1.33703
0.01284 1.19897 0.68696
0.01258 1.18322 0.67794
0.01317 1.23531 0.70779
0.02887 2.73501 1.56710
0.01527 1.45649 0.83451
0.02764 2.64450 1.51523
0.02295 2.20279 1.26213
0.02776 2.67797 1.53441
0.03164 3.08028 1.76494
0.01931 1.89302 1.08464
0.02646 2.61599 1.49890
0.03806 3.75837 2.15351
0.02421 2.40376 1.37729
0.03222 3.22531 1.84805
0.02192 2.20935 1.26589
0.01809 1.83053 1.04883
0.01126 1.14123 0.65388
0.00597 0.60835 0.34856
0.00876 0.89870 0.51492
0.00966 0.99464 0.56989
0.00492 0.51015 0.29229
0.02065 2.13921 1.22570
0.01279 1.33259 0.76352
0.01862 1.93835 1.11061
0.01852 1.94204 1.11273
0.01269 1.34686 0.77170
0.01639 1.73365 0.99332
0.01653 1.76078 1.00887
0.02141 2.29249 1.31353
0.02306 2.49073 1.42712
0.01582 1.72836 0.99029
0.01721 1.89378 1.08507
0.01453 1.61911 0.92769
0.01267 1.42961 0.81911
0.01641 1.87009 1.07150
0.00563 0.65535 0.37549
0.00674 0.79666 0.45646
0.01637 1.96992 1.12870
0.00838 1.02328 0.58630
0.01853 2.28227 1.30767
0.01725 2.13908 1.22563
0.02059 2.56842 1.47164
0.00295 0.36993 0.21196
0.01764 2.21605 1.26973
0.01524 1.91933 1.09971
0.02182 2.74156 1.57085
0.00881 1.10990 0.63593
0.03426 4.32395 2.47763
0.02720 3.39498 1.94527
0.02213 2.81930 1.61540
0.04140 5.23254 2.99837
0.01742 2.19612 1.25831
0.02368 3.04055 1.74217
0.03598 4.53549 2.59887
0.00856 1.10517 0.63322
0.02577 3.23796 1.85530
0.01866 2.35445 1.34903
0.00995 1.28093 0.73392
0.00508 0.63752 0.36527
0.00236 0.29668 0.16998
0.00372 0.47281 0.27090
0.00823 1.02349 0.58642
0.00924 1.16835 0.66942
0.00196 0.24180 0.13854
0.01833 2.24734 1.28766
0.00271 0.33661 0.19286
0.00657 0.79948 0.45807
0.01171 1.44400 0.82736
0.02128 2.56392 1.46906
0.01306 1.56056 0.89414
0.02204 2.66110 1.52474
0.02767 3.28590 1.88276
0.02265 2.67621 1.53340
0.01652 1.96106 1.12362
0.02316 2.70695 1.55102
0.02825 3.30956 1.89633
0.01474 1.70512 0.97697
0.01355 1.56624 0.89740
0.01693 1.97282 1.13036
0.00716 0.82498 0.47268
0.02329 2.66725 1.52827
0.01502 1.73993 0.99692
0.01351 1.53603 0.88009
0.04689 5.32560 3.05170
0.00393 0.44807 0.25673
0.00750 0.84657 0.48505
0.00853 0.97843 0.56060
0.00869 0.98451 0.56408
0.01501 1.69926 0.97361
0.01048 1.21217 0.69453
0.01576 1.80210 1.03254
0.01319 1.51516 0.86813
0.01310 1.53651 0.88036
0.01197 1.37902 0.79013
0.02998 3.49221 2.00099
0.01963 2.24922 1.28874
0.02186 2.49809 1.43134
0.02269 2.61048 1.49573
0.01644 1.87556 1.07463
0.01687 1.91032 1.09455
0.03232 3.65529 2.09444
0.01372 1.52899 0.87606
0.02029 2.28603 1.30983
0.00256 0.28450 0.16301
0.01738 1.92427 1.10254
0.01594 1.78025 1.02002
0.00330 0.36247 0.20768
0.00662 0.72392 0.41478
0.00445 0.48876 0.28004
0.00892 0.96386 0.55226
0.01760 1.90737 1.09286
0.01767 1.88731 1.08136
0.01876 1.99328 1.14209
0.00144 0.15289 0.08760
0.00880 0.92281 0.52873
0.01551 1.61458 0.92509
0.01430 1.49478 0.85645
0.01308 1.34613 0.77128
0.01145 1.17892 0.67547
0.00360 0.36649 0.20998
0.00943 0.95276 0.54589
0.02909 2.95185 1.69135
0.00439 0.43938 0.25175
0.01596 1.58722 0.90942
0.00421 0.41590 0.23829
0.00624 0.60970 0.34933
0.00471 0.45999 0.26356
0.01670 1.62341 0.93016
0.00959 0.92507 0.53003
0.01521 1.46575 0.83982
0.00438 0.41816 0.23959
0.00643 0.61316 0.35132
0.00743 0.69934 0.40069
0.02852 2.68027 1.53573
0.01481 1.39024 0.79655
0.02047 1.90892 1.09375
0.00691 0.63925 0.36626
0.01044 0.95672 0.54816
0.00099 0.09120 0.05225
0.01953 1.78459 1.02251
0.01529 1.38765 0.79507
0.01285 1.16116 0.66530
0.02946 2.64907 1.51785
0.03285 2.93779 1.68329
0.03617 3.22669 1.84883
0.02479 2.20719 1.26465
0.01016 0.89832 0.51470
0.02433 2.14083 1.22663
0.01837 1.60775 0.92118
0.01631 1.42231 0.81493
0.01088 0.94234 0.53993
0.00976 0.84030 0.48146
0.00909 0.77640 0.44484
0.00097 0.08239 0.04720
0.01412 1.18935 0.68145
0.00559 0.47506 0.27219
0.01586 1.33559 0.76524
0.02597 2.06205 1.18149
0.01751 1.54039 0.88259
0.01515 1.25496 0.71904
0.02480 2.03825 1.16785
0.02464 2.01053 1.15197
0.01952 1.58702 0.90931
0.01495 1.21182 0.69433
0.01222 0.98522 0.56449
0.02119 1.69998 0.97403
0.02366 1.89302 1.08464
0.01737 1.38463 0.79334
0.02329 1.83973 1.05410
0.01864 1.46069 0.83692
0.01297 1.01560 0.58190
0.03321 2.58688 1.48222
0.02390 1.85204 1.06116
0.02140 1.65020 0.94551
0.01568 1.19469 0.68451
0.02811 2.11876 1.21398
0.01064 0.80285 0.46000
0.02481 1.86409 1.06806
0.01770 1.32176 0.75732
0.01104 0.82001 0.46983
0.02133 1.57178 0.90058
0.02778 2.04047 1.16912
0.01952 1.42710 0.81767
0.01194 0.86830 0.49750
0.01677 1.21492 0.69610
0.00905 0.65158 0.37333
0.00983 0.70515 0.40402
0.02236 1.60000 0.91674
0.01280 0.91270 0.52294
0.00932 0.66406 0.38048
0.02064 1.46357 0.83857
0.02235 1.58741 0.90953
0.02503 1.77231 1.01547
0.01879 1.33276 0.76362
0.01266 0.89622 0.51350
0.01855 1.31312 0.75237
0.01501 1.06314 0.60914
0.02186 1.54982 0.88799
0.02192 1.55622 0.89166
0.00998 0.70716 0.40518
0.02400 1.70052 0.97434
0.02567 1.82404 1.04511
0.02564 1.81516 1.04002
0.01510 1.06597 0.61076
0.03189 2.26749 1.29920
0.01496 1.06647 0.61104
0.03175 2.27089 1.30115
0.02686 1.92688 1.10404
0.02428 1.74612 1.00047
0.02078 1.48933 0.85333
0.02345 1.68360 0.96465
0.02231 1.60639 0.92040
0.01687 1.21648 0.69700
0.03647 2.63810 1.51156
0.02174 1.56774 0.89826
0.02671 1.94067 1.11194
0.00499 0.36298 0.20797
0.01221 0.89179 0.51096
0.01695 1.24036 0.71068
0.00944 0.69132 0.39610
0.01436 1.05978 0.60721
0.05059 3.74274 2.14456
0.01222 0.90625 0.51924
0.01195 0.88812 0.50885
0.00328 0.24478 0.14025
0.01044 0.78268 0.44844
0.00848 0.64171 0.36767
0.00276 0.21237 0.12168
0.01174 0.91077 0.52183
0.01395 1.09820 0.62923
0.00374 0.29999 0.17188
0.01935 1.57757 0.90389
0.01171 0.97134 0.55654
0.01625 1.36363 0.78131
0.01556 1.33307 0.76380
0.01245 1.08526 0.62181
0.02369 2.10999 1.20896
0.03158 2.86311 1.64050
0.03273 3.01536 1.72774
0.01888 1.76552 1.01158
0.02940 2.76781 1.58589
0.01600 1.52361 0.87297
0.01041 1.00173 0.57395
0.00230 0.22222 0.12732
0.01263 1.23879 0.70978
0.02931 2.89163 1.65684
0.00952 0.94515 0.54153
0.01918 1.89762 1.08727
0.00638 0.63188 0.36204
0.01143 1.12716 0.64582
0.02672 2.64743 1.51691
0.03892 3.84433 2.20278
0.02543 2.51130 1.43891
0.05390 5.38023 3.08302
0.01290 1.28906 0.73858
0.01789 1.78272 1.02144
0.04874 4.85138 2.77991
0.03606 3.56445 2.04239
0.04771 4.75692 2.72577
0.02529 2.49969 1.43225
0.01893 1.85126 1.06071
0.04523 4.44237 2.54550
0.02377 2.29869 1.31708
0.01977 1.89687 1.08684
0.03691 3.55330 2.03600
0.01158 1.09660 0.62831
0.01617 1.52457 0.87352
0.04892 4.67204 2.67713
0.02094 1.96408 1.12535
0.03561 3.36924 1.93052
0.00694 0.64472 0.36940
0.02072 1.91545 1.09749
0.01655 1.52898 0.87605
0.02635 2.39525 1.37241
0.01334 1.20843 0.69239
0.03179 2.91474 1.67008
0.02510 2.26692 1.29888
0.04260 3.85533 2.20908
0.04487 3.99050 2.28654
0.02694 2.38183 1.36472
0.02657 2.37481 1.36070
0.01690 1.48054 0.84829
0.02671 2.34591 1.34414
0.03372 2.97764 1.70612
0.01460 1.27423 0.73009
0.01965 1.72631 0.98911
0.00760 0.65659 0.37620
0.01073 0.92679 0.53101
0.01474 1.27678 0.73155
0.01275 1.09355 0.62656
0.03115 2.67654 1.53359
0.02376 2.02792 1.16193
0.03219 2.73987 1.56988
0.02285 1.93565 1.10906
0.03478 2.93692 1.68279
0.03712 3.15866 1.80986
0.04006 3.41089 1.95439
0.03426 2.92848 1.67795
0.03190 2.72316 1.56030
0.01991 1.70462 0.97669
0.02710 2.32997 1.33501
0.02878 2.47788 1.41976
0.01570 1.35968 0.77905
0.01749 1.52026 0.87105
0.00882 0.77789 0.44570
0.00969 0.86105 0.49335
0.00830 0.74686 0.42792
0.00247 0.22371 0.12818
0.00615 0.56915 0.32610
0.02293 2.16454 1.24021
0.02251 2.15021 1.23200
0.01834 1.79269 1.02715
0.01604 1.58411 0.90764
0.01943 1.95503 1.12017
0.02733 2.82322 1.61764
0.02676 2.79107 1.59922
0.05072 5.41868 3.10506
0.03594 3.94534 2.26066
0.02685 3.01786 1.72917
0.02251 2.64617 1.51619
0.02017 2.39003 1.36942
0.02395 2.93451 1.68141
0.02776 3.39868 1.94739
0.01381 1.70381 0.97623
0.00772 0.99463 0.56988
0.02862 3.63858 2.08487
0.03721 4.98481 2.85638
0.01807 2.39433 1.37188
0.01844 2.43073 1.39274
0.03212 4.47848 2.56619
0.01309 1.73499 0.99409
0.04338 6.06090 3.47317
0.01918 2.52665 1.44770
0.01787 2.34914 1.34599
0.05084 6.99516 4.00875
0.01776 2.38108 1.36429
0.06368 8.93050 5.11850
0.03668 5.00782 2.86957
0.02811 3.86535 2.21482
0.06414 8.99107 5.15324
0.02802 3.82251 2.19027
0.05740 7.97568 4.57094
0.03261 4.46356 2.55764
0.01750 2.38675 1.36754
0.04463 6.12313 3.50884
0.04240 5.77855 3.31133
0.04161 5.64445 3.23446
0.04377 5.91710 3.39075
0.04252 5.71696 3.27602
0.05741 7.66137 4.39072
0.03165 4.22213 2.41928
0.01626 2.16346 1.23959
0.03565 4.74767 2.72047
0.01126 1.49583 0.85705
0.04178 5.59479 3.20599
0.03668 4.89161 2.80296
0.00856 1.13739 0.65168
0.07899 10.43469 5.98135
0.03820 5.06164 2.90042
0.05970 7.89600 4.52525
0.01420 1.90798 1.09321
0.10763 14.62554 8.38730
0.06764 9.07532 5.20156
0.00900 1.24481 0.71323
0.07668 10.49042 6.01333
0.01520 2.16861 1.24255
0.03843 5.56658 3.18983
0.04623 6.63152 3.80028
0.01240 1.81246 1.03848
0.02608 3.79983 2.17727
0.00627 0.89910 0.51515
0.01653 2.39439 1.37192
0.01397 1.98972 1.14004
0.02052 2.95770 1.69470
0.03302 4.78037 2.73921
0.00644 0.90666 0.51948
0.02740 3.93706 2.25592
0.02701 3.90123 2.23538
0.01907 2.67102 1.53043
0.00654 0.94696 0.54257
0.02433 3.33740 1.91228
0.00742 1.04912 0.60110
0.01072 1.52009 0.87096
0.02171 2.96485 1.69880
0.01888 2.65530 1.52142
0.02593 3.58564 2.05453
0.04087 5.41809 3.10472
0.00620 0.84163 0.48222
0.02465 3.23407 1.85306
0.01793 2.38247 1.36509
0.01538 2.01695 1.15565
0.02849 3.65063 2.09177
0.02775 3.54195 2.02950
0.02440 3.07182 1.76009
0.01858 2.30323 1.31968
0.00563 0.69291 0.39701
0.01608 1.94291 1.11322
0.01677 2.00182 1.14698
0.01304 1.54066 0.88274
0.00994 1.15890 0.66400
0.01410 1.63014 0.93401
0.00952 1.09494 0.62735
0.01545 1.73428 0.99368
0.00945 1.05190 0.60269
0.00170 0.18745 0.10740
0.01009 1.10303 0.63200
0.00394 0.42679 0.24453
0.03046 3.25722 1.86633
0.01765 1.86844 1.07055
0.02578 2.69318 1.54313
0.01156 1.20611 0.69106
0.00449 0.46230 0.26488
0.00546 0.55697 0.31912
0.00852 0.86433 0.49522
0.00856 0.86051 0.49304
0.00381 0.38014 0.21780
0.00604 0.60222 0.34505
0.00772 0.76687 0.43938
0.02030 2.01203 1.15283
0.00836 0.82553 0.47299
0.02185 2.15701 1.23590
0.02977 2.93464 1.68149
0.02841 2.77940 1.59253
0.03654 3.57245 2.04697
0.00858 0.84315 0.48309
0.03038 2.98482 1.71024
0.01170 1.14786 0.65768
0.07222 7.07875 4.05667
0.03069 3.00717 1.72305
0.00634 0.62142 0.35605
0.04434 4.36471 2.50099
0.01424 1.39740 0.80066
0.02447 2.41008 1.38091
0.03610 3.53558 2.02584
0.02460 2.41920 1.38613
0.01947 1.91767 1.09876
0.02926 2.86529 1.64175
0.02254 2.23082 1.27819
0.00958 0.95119 0.54499
0.02970 2.94414 1.68693
0.04432 4.40088 2.52172
0.05057 5.02504 2.87944
0.02932 2.90138 1.66243
0.02785 2.76378 1.58358
0.00466 0.46471 0.26626
0.00875 0.86732 0.49694
0.01728 1.72347 0.98749
0.00578 0.57323 0.32843
0.01385 1.37935 0.79032
0.02756 2.75552 1.57885
0.01346 1.33882 0.76709
0.02118 2.11684 1.21288
0.01148 1.14005 0.65320
0.01412 1.40403 0.80446
0.01586 1.56483 0.89659
0.00335 0.33609 0.19257
0.01401 1.40036 0.80236
0.02476 2.47489 1.41805
0.03182 3.17237 1.81771
0.02594 2.58953 1.48374
0.02455 2.43903 1.39750
0.02914 2.89261 1.65740
0.03375 3.36135 1.92600
0.03335 3.32779 1.90677
0.02621 2.61633 1.49909
0.02328 2.32370 1.33141
0.02448 2.45297 1.40549
0.02160 2.17229 1.24465
0.03197 3.21975 1.84486
0.01271 1.28410 0.73574
0.01592 1.61343 0.92443
0.01967 1.99749 1.14449
0.01571 1.59980 0.91663
0.01470 1.50697 0.86344
0.02104 2.15046 1.23215
0.02847 2.92163 1.67403
0.02772 2.86241 1.64009
0.03811 3.89501 2.23182
0.03849 4.13271 2.36803
0.06055 6.41771 3.67771
0.03943 4.23732 2.42799
0.06533 7.09778 4.06758
0.04706 5.20543 2.98283
0.01168 1.32219 0.75757
0.04699 5.43700 3.11556
0.02606 3.12576 1.79100
0.03748 4.64207 2.65995
0.05599 7.07153 4.05253
0.07152 9.37227 5.37188
0.05031 6.80591 3.90025
0.03939 5.48856 3.14511
0.02880 4.11304 2.35676
0.04511 6.49208 3.72034
0.04123 5.91581 3.39000
0.00834 1.20196 0.68868
0.01748 2.55718 1.46520
0.03751 5.57153 3.19267
0.04952 7.38807 4.23402
0.04397 6.63665 3.80322
0.01559 2.37764 1.36232
0.00585 0.87827 0.50322
0.00741 1.15832 0.66367
0.03683 5.62349 3.22244
0.00823 1.31493 0.75341
0.04000 6.08089 3.48463
0.02523 4.04920 2.32018
0.01519 2.46320 1.41135
0.05263 8.00479 4.58763
0.01565 2.53302 1.45135
0.03879 5.82427 3.33753
0.01731 2.73476 1.56695
0.01688 2.63542 1.51003
0.03468 5.06946 2.90490
0.03016 4.66885 2.67530
0.03807 5.49304 3.14768
0.03565 5.40790 3.09887
0.02497 3.79905 2.17683
0.04703 6.70145 3.84037
0.03423 5.09907 2.92187
0.04573 6.47087 3.70818
0.04060 5.84114 3.34720
0.03186 4.50105 2.57913
0.02698 3.65272 2.09297
0.03755 5.09914 2.92191
0.04285 5.67659 3.25289
0.03048 3.96188 2.27014
0.03799 4.88740 2.80055
0.03186 3.95224 2.26461
0.03156 3.91108 2.24103
0.02785 3.35875 1.92451
0.01564 1.85566 1.06323
0.01672 1.94138 1.11235
0.01633 1.86289 1.06737
0.02673 2.99370 1.71533
0.03945 4.33511 2.48403
0.03228 3.50249 2.00688
0.03180 3.39654 1.94617
0.03047 3.23772 1.85516
0.03751 3.91352 2.24242
0.04448 4.58525 2.62739
0.01445 1.48017 0.84808
0.02742 2.76295 1.58311
0.02855 2.86009 1.63877
0.02972 2.95287 1.69193
0.02561 2.51405 1.44049
0.04427 4.30370 2.46603
0.01820 1.76247 1.00983
0.03174 3.04766 1.74625
0.03428 3.29557 1.88831
0.01540 1.46452 0.83911
0.01838 1.75300 1.00441
0.01112 1.05607 0.60509
0.01894 1.79518 1.02857
0.03090 2.91101 1.66795
0.02018 1.90384 1.09084
0.02072 1.95469 1.11997
0.01849 1.73316 0.99304
0.02897 2.70828 1.55178
0.02481 2.32183 1.33034
0.01344 1.26330 0.72382
0.01225 1.14213 0.65439
0.02818 2.66084 1.52460
0.01733 1.62230 0.92952
0.00622 0.57993 0.33227
0.01371 1.28413 0.73576
0.03017 2.81490 1.61287
0.01053 0.98590 0.56488
0.02193 2.06158 1.18122
0.00428 0.39790 0.22798
0.01225 1.14043 0.65342
0.02262 2.09685 1.20143
0.01746 1.60648 0.92046
0.01285 1.18382 0.67828
0.00791 0.72185 0.41359
0.01841 1.67738 0.96108
0.04693 4.23353 2.42582
0.02865 2.57826 1.47728
0.04111 3.68614 2.11212
0.03237 2.89400 1.65820
0.02861 2.55221 1.46235
0.03573 3.17734 1.82056
0.03922 3.46582 1.98587
0.03962 3.48687 1.99793
0.04173 3.65523 2.09441
0.01970 1.71823 0.98449
0.03036 2.61809 1.50010
0.04009 3.46566 1.98577
0.03872 3.32777 1.90676
0.02343 2.00549 1.14908
0.03086 2.61850 1.50033
0.03339 2.81416 1.61245
0.02532 2.12043 1.21494
0.04310 3.58735 2.05551
0.05078 4.23098 2.42435
0.02574 2.12478 1.21743
0.02150 1.76653 1.01216
0.01276 1.04063 0.59624
0.01647 1.34156 0.76866
0.01344 1.08800 0.62338
0.01597 1.28206 0.73457
0.02089 1.66351 0.95313
0.02953 2.35089 1.34699
0.03049 2.42337 1.38852
0.02513 1.99168 1.14117
0.02459 1.93685 1.10975
0.01569 1.23243 0.70614
0.03270 2.55321 1.46292
0.03306 2.57042 1.47278
0.03176 2.47555 1.41842
0.00633 0.49077 0.28119
0.01519 1.16960 0.67014
0.02430 1.86155 1.06660
0.01827 1.40170 0.80312
0.03493 2.67673 1.53370
0.00896 0.69206 0.39652
0.02148 1.65235 0.94674
0.02378 1.82459 1.04543
0.02367 1.80647 1.03505
0.00959 0.72647 0.41624
0.03376 2.55309 1.46285
0.01964 1.47799 0.84684
0.04247 3.19098 1.82837
0.02319 1.74567 1.00021
0.02974 2.23172 1.27871
0.03115 2.31501 1.32643
0.01538 1.13956 0.65293
0.02559 1.88605 1.08064
0.02901 2.13080 1.22088
0.03399 2.48891 1.42608
0.02783 2.04103 1.16944
0.03463 2.53348 1.45161
0.02733 1.99641 1.14388
0.02320 1.69761 0.97267
0.02079 1.51173 0.86616
0.03414 2.48366 1.42307
0.01896 1.37391 0.78720
0.01645 1.19238 0.68319
0.01351 0.97741 0.56001
0.01309 0.93708 0.53691
0.02622 1.87839 1.07625
0.04789 3.41473 1.95659
0.02190 1.55583 0.89144
0.03055 2.15372 1.23401
0.02210 1.55153 0.88897
0.04265 2.97067 1.70213
0.02416 1.68488 0.96538
0.03808 2.64613 1.51616
0.04526 3.13195 1.79455
0.05636 3.89792 2.23349
0.04588 3.17593 1.81975
0.04652 3.19919 1.83308
0.03835 2.63021 1.50705
0.02364 1.61650 0.92620
0.03539 2.40126 1.37585
0.05412 3.68127 2.10933
0.04874 3.29289 1.88677
0.02575 1.75778 1.00715
0.05127 3.47332 1.99017
0.03387 2.29819 1.31679
0.02786 1.88503 1.08006
0.02394 1.61910 0.92769
0.03252 2.21060 1.26661
0.03673 2.48417 1.42336
0.03624 2.46024 1.40965
0.03153 2.13152 1.22130
0.02736 1.85161 1.06091
0.03455 2.34546 1.34388
0.03200 2.15743 1.23614
0.02073 1.40662 0.80594
0.02837 1.93392 1.10807
0.01957 1.33136 0.76282
0.03759 2.56250 1.46824
0.01576 1.07080 0.61352
0.03085 2.09892 1.20262
0.03350 2.29202 1.31326
0.03654 2.49586 1.43006
0.03482 2.37553 1.36111
0.03246 2.21122 1.26696
0.04514 3.07168 1.76001
0.04904 3.34386 1.91598
0.04185 2.85094 1.63352
0.03488 2.38129 1.36441
0.05226 3.57679 2.04946
0.07159 4.91657 2.81727
0.03656 2.50177 1.43345
0.03716 2.55167 1.46204
0.06749 4.63796 2.65759
0.05777 3.96858 2.27398
0.05430 3.72357 2.13357
0.04416 3.02871 1.73539
0.04194 2.88050 1.65046
0.04220 2.88665 1.65399
0.04767 3.29308 1.88688
0.03108 2.14438 1.22866
0.05330 3.65926 2.09672
0.02782 1.90873 1.09364
0.01726 1.18511 0.67902
0.03913 2.71613 1.55628
0.03345 2.31958 1.32905
0.01843 1.27855 0.73256
0.02195 1.51745 0.86945
0.01369 0.94876 0.54360
0.02657 1.83692 1.05249
0.04137 2.87002 1.64445
0.03457 2.39372 1.37153
0.03591 2.49977 1.43230
0.02838 1.96606 1.12649
0.02664 1.84129 1.05500
0.03421 2.35998 1.35220
0.04710 3.25177 1.86321
0.01914 1.32134 0.75708
0.02919 2.00553 1.14911
0.01243 0.85554 0.49019
0.02811 1.93295 1.10752
0.03486 2.39750 1.37370
0.03270 2.24651 1.28719
0.02538 1.74640 1.00063
0.04029 2.77650 1.59087
0.02769 1.90416 1.09102
0.03387 2.33784 1.33951
0.02702 1.85199 1.06113
0.03126 2.15648 1.23560
0.01797 1.24097 0.71103
0.02492 1.72616 0.98903
0.02862 1.97520 1.13173
0.01581 1.09271 0.62608
0.01757 1.21228 0.69459
0.01919 1.31550 0.75373
0.00890 0.61148 0.35035
0.01718 1.17613 0.67388
0.01495 1.03285 0.59178
0.02887 2.00216 1.14717
0.03991 2.77105 1.58775
0.02841 1.96852 1.12790
0.04106 2.85053 1.63329
0.02577 1.79387 1.02783
0.01072 0.74909 0.42920
0.01058 0.73799 0.42284
0.01616 1.13247 0.64886
0.01433 0.99865 0.57219
0.02005 1.40262 0.80365
0.01590 1.11554 0.63916
0.03665 2.56527 1.46983
0.03038 2.12529 1.21772
0.04052 2.83487 1.62431
0.03566 2.50401 1.43473
0.03642 2.54825 1.46008
0.01839 1.28157 0.73429
0.03160 2.20968 1.26608
0.03348 2.33677 1.33890
0.05056 3.53984 2.02829
0.03157 2.21582 1.26960
0.02815 1.98248 1.13589
0.02232 1.57390 0.90179
0.00314 0.22187 0.12712
0.02703 1.89901 1.08807
0.01868 1.31648 0.75430
0.01763 1.24310 0.71225
0.00899 0.63052 0.36126
0.00972 0.68085 0.39010
0.01336 0.93246 0.53426
0.01776 1.23950 0.71018
0.00898 0.62731 0.35942
0.00587 0.41104 0.23551
0.02005 1.39868 0.80139
0.00824 0.57299 0.32830
0.01079 0.75227 0.43102
0.02288 1.59637 0.91466
0.01875 1.30464 0.74751
0.00584 0.40887 0.23427
0.00830 0.57776 0.33103
0.00904 0.62837 0.36003
0.01120 0.77862 0.44612
0.01159 0.80123 0.45907
0.01034 0.71552 0.40997
0.01599 1.10689 0.63420
0.01644 1.13286 0.64909
0.02238 1.53607 0.88011
0.01324 0.90631 0.51928
0.00740 0.50775 0.29092
0.03589 2.45499 1.40664
0.02740 1.87957 1.07693
0.02798 1.90899 1.09379
0.02269 1.54681 0.88627
0.02239 1.53079 0.87709
0.03258 2.23289 1.27938
0.02216 1.51625 0.86876
0.01838 1.25155 0.71709
0.01833 1.24858 0.71539
0.01484 1.00775 0.57740
0.01691 1.14874 0.65819
0.01523 1.03732 0.59434
0.01462 0.99120 0.56792
0.01514 1.02738 0.58865
0.01707 1.15555 0.66209
0.01497 1.01263 0.58019
0.01220 0.82647 0.47353
0.02123 1.43255 0.82080
0.01119 0.75100 0.43029
0.03043 2.03847 1.16798
0.02603 1.73800 0.99582
0.03157 2.09547 1.20064
0.01903 1.27023 0.72779
0.01834 1.22767 0.70341
0.00501 0.33529 0.19211
0.00584 0.38794 0.22227
0.00992 0.65466 0.37509
0.03804 2.52417 1.44628
0.03802 2.55209 1.46228
0.02244 1.51319 0.86700
0.00737 0.49383 0.28295
0.01914 1.27521 0.73065
0.01946 1.30157 0.74575
0.02281 1.52626 0.87449
0.01821 1.22187 0.70009
0.01903 1.26745 0.72620
0.03188 2.11386 1.21117
0.03330 2.20689 1.26448
0.03808 2.53813 1.45428
0.02737 1.82680 1.04670
0.04099 2.75241 1.57707
0.01521 1.02024 0.58455
0.02306 1.54584 0.88571
0.04745 3.17507 1.81926
0.04431 2.96809 1.70065
0.04114 2.76729 1.58559
0.03591 2.40435 1.37762
0.04313 2.90133 1.66240
0.03835 2.57983 1.47818
0.03209 2.15786 1.23639
0.01935 1.30165 0.74580
0.03095 2.08235 1.19312
0.02652 1.78305 1.02163
0.02721 1.83248 1.04995
0.02116 1.42995 0.81931
0.00573 0.38616 0.22125
0.01302 0.87478 0.50121
0.01810 1.21882 0.69833
0.03182 2.14866 1.23112
0.03972 2.65344 1.52036
0.01867 1.25076 0.71664
0.02855 1.90400 1.09093
0.03477 2.33313 1.33682
0.05404 3.58285 2.05293
0.03737 2.49988 1.43236
0.03982 2.64220 1.51391
0.02888 1.93163 1.10676
0.03782 2.52867 1.44886
0.03428 2.30028 1.31799
0.04677 3.14682 1.80307
0.05599 3.76625 2.15803
0.05129 3.42943 1.96501
0.03436 2.29252 1.31355
0.02598 1.74289 0.99861
0.05055 3.39086 1.94291
0.02441 1.64563 0.94289
0.03232 2.18451 1.25165
0.02636 1.78485 1.02266
0.04332 2.93056 1.67915
0.02798 1.90823 1.09335
0.03798 2.59175 1.48500
0.01602 1.09416 0.62691
0.02121 1.44276 0.82665
0.01825 1.22939 0.70439
0.04162 2.83321 1.62336
0.04486 3.07325 1.76091
0.06815 4.75099 2.72238
0.03778 2.65433 1.52086
0.03829 2.70550 1.55019
0.03070 2.18762 1.25344
0.02275 1.64453 0.94225
0.01336 0.98099 0.56207
0.01342 0.99477 0.56996
0.01289 0.96722 0.55418
0.04037 3.06647 1.75702
0.04616 3.57626 2.04916
0.01904 1.49126 0.85444
0.02462 1.93881 1.11088
0.02016 1.63865 0.93889
0.02122 1.74988 1.00262
0.00895 0.74339 0.42593
0.01922 1.62726 0.93236
0.02185 1.90528 1.09166
0.00907 0.82146 0.47066
0.00548 0.50847 0.29133
0.01496 1.42147 0.81445
0.01841 1.79785 1.03011
0.02104 2.14237 1.22751
0.01126 1.18929 0.68142
0.05911 6.50484 3.72765
0.01108 1.25328 0.71808
0.04129 4.87604 2.79404
0.04788 5.86399 3.36030
0.03130 3.96519 2.27203
0.02190 2.87852 1.64933
0.04577 6.23172 3.57109
0.06547 9.25000 5.30175
0.06927 10.24143 5.87047
0.04447 6.85838 3.93033
0.06195 9.97535 5.71783
0.03279 5.44343 3.11924
0.01917 3.20251 1.83498
0.01462 2.48560 1.42418
0.01260 2.16431 1.24008
0.02735 4.79492 2.74755
0.02439 4.31359 2.47169
0.03680 6.71762 3.84964
0.04260 7.85306 4.50063
0.02857 5.34577 3.06327
0.03794 7.21547 4.13506
0.05448 10.74749 6.16083
0.05527 10.88127 6.23759
0.04942 9.71350 5.56762
0.04366 8.66120 4.96405
0.03160 6.21448 3.56121
0.02264 4.47951 2.56678
0.01926 3.79751 2.17594
0.01570 3.01913 1.72990
0.01204 2.31420 1.32597
0.01813 3.41565 1.95712
0.01058 1.96762 1.12738
0.01788 3.28321 1.88122
0.01826 3.29916 1.89036
0.03638 6.50696 3.72887
0.04011 7.10163 4.06979
0.03269 5.65619 3.24119
0.02673 4.58056 2.62470
0.01217 2.05061 1.17493
0.02414 3.96649 2.27278
0.01721 2.80542 1.60744
0.02752 4.38117 2.51042
0.02431 3.83378 2.19673
0.03290 5.02745 2.88082
0.02805 4.24687 2.43346
0.02415 3.58924 2.05659
0.01082 1.58951 0.91073
0.01935 2.78492 1.59569
0.04145 5.86769 3.36242
0.03802 5.29731 3.03549
0.02989 4.09916 2.34881
0.00123 0.16695 0.09566
0.02101 2.80552 1.60750
0.01217 1.60716 0.92085
0.02714 3.53165 2.02359
0.00996 1.29097 0.73967
0.01012 1.29142 0.73993
0.02176 2.74129 1.57069
0.02598 3.22861 1.84994
0.02038 2.50245 1.43383
0.00943 1.14653 0.65691
0.02405 2.89308 1.65767
0.00541 0.64000 0.36670
0.02089 2.44619 1.40160
0.01873 2.18097 1.24963
0.03954 4.57292 2.62032
0.02395 2.78997 1.59859
0.04068 4.77615 2.73679
0.00745 0.88469 0.50689
0.03772 4.49721 2.57693
0.03217 3.88028 2.22338
0.02920 3.55379 2.03628
0.02322 2.86359 1.64077
0.03350 4.18762 2.39950
0.06013 7.60690 4.35948
0.02474 3.17734 1.82056
0.02330 3.02717 1.73451
0.01440 1.88050 1.07746
0.00755 0.99031 0.56741
0.01515 2.01325 1.15352
0.01126 1.52486 0.87369
0.02604 3.57841 2.05039
0.00483 0.66555 0.38133
0.01776 2.45860 1.40871
0.02493 3.49068 2.00011
0.00755 1.06313 0.60913
0.02518 3.59619 2.06058
0.03392 4.84662 2.77718
0.02880 4.07874 2.33711
0.02386 3.34748 1.91805
0.03755 5.23031 2.99709
0.03534 4.89384 2.80424
0.03054 4.24180 2.43055
0.03688 5.11274 2.92970
0.03050 4.23606 2.42726
