-0.09230 0.00621 0.27378
-0.01260 -0.00825 0.29287
0.00347 -0.00938 0.29877
-0.02755 -0.00764 0.30487
-0.03123 -0.01066 0.31399
-0.00193 -0.01123 0.32332
0.01221 -0.00444 0.33773
-0.02003 -0.01218 0.35491
-0.06602 -0.02273 0.35341
-0.01587 0.00250 0.37295
-0.02245 -0.00119 0.38509
-0.00574 -0.00044 0.39464
-0.01172 0.00068 0.40254
0.00513 -0.00270 0.41743
0.00979 -0.01033 0.42861
0.00533 -0.00481 0.44274
-0.01975 -0.02202 0.45220
-0.02068 -0.01329 0.46821
-0.02806 -0.01627 0.48108
-0.00496 -0.01177 0.50250
-0.04124 -0.01871 0.50283
0.00860 0.00596 0.52532
-0.02257 -0.02859 0.53480
-0.03144 -0.00964 0.54902
-0.02790 -0.01470 0.55971
-0.03762 -0.02302 0.56719
-0.02821 -0.02377 0.57972
-0.03365 -0.02983 0.58791
-0.02950 -0.02250 0.60576
-0.02673 -0.03335 0.61457
-0.02483 -0.03250 0.62896
-0.03026 -0.02633 0.64146
-0.04073 -0.02507 0.65465
-0.01868 -0.01266 0.66877
-0.02997 -0.01983 0.68245
-0.04488 -0.02754 0.71073
-0.02731 -0.02075 0.68933
-0.03509 -0.02977 0.71863
-0.03407 -0.01797 0.73582
-0.04357 -0.01687 0.74627
-0.03110 -0.00054 0.76159
-0.03737 0.01116 0.77001
-0.02335 0.00190 0.78788
-0.02441 0.01017 0.79391
-0.02809 0.00683 0.82167
-0.03177 0.00267 0.80747
-0.02544 -0.00228 0.82812
-0.03132 -0.00692 0.83160
-0.03796 -0.01079 0.84257
-0.03886 -0.00202 0.85007
-0.04182 -0.00418 0.86325
-0.03346 -0.00165 0.87070
-0.04344 0.00504 0.88727
-0.02990 0.00221 0.89844
-0.03103 -0.00742 0.90795
-0.02436 -0.00718 0.91811
-0.04059 -0.00661 0.92784
-0.02821 0.00465 0.94162
-0.03591 -0.00663 0.95420
-0.04141 -0.01178 0.96834
-0.02686 -0.01259 0.97413
-0.03082 -0.01454 1.00681
-0.02823 -0.00410 1.02423
-0.03383 -0.00378 1.02995
-0.03306 -0.00868 1.04281
-0.03571 -0.02090 1.05379
-0.03486 -0.01712 1.06338
-0.03414 -0.00101 1.06914
-0.02930 -0.00932 1.07106
-0.04111 -0.00559 1.06824
-0.03730 -0.01761 1.06702
-0.04147 -0.03135 1.06368
-0.03707 -0.03592 1.07509
-0.02482 -0.00200 1.07591
-0.03167 0.00038 1.07877
-0.03442 -0.01528 1.07425
-0.02117 -0.02744 1.06557
-0.03474 -0.03612 1.06055
-0.04269 -0.03568 1.05737
-0.03215 -0.03046 1.06666
-0.03611 0.00785 1.07050
-0.03223 -0.01043 1.07615
-0.02523 0.00239 1.07555
-0.03566 -0.02205 1.07500
-0.03275 -0.02711 1.07798
-0.04337 -0.02797 1.07233
-0.01703 -0.01442 1.08515
-0.02900 -0.01817 1.07300
-0.02945 -0.02700 1.08141
-0.02764 -0.02940 1.08418
-0.03484 -0.02955 1.08985
-0.04040 -0.02808 1.09140
-0.05838 -0.03768 1.09319
-0.04566 -0.03342 1.11104
-0.05826 -0.03730 1.10666
-0.03028 -0.01833 1.09517
-0.04979 -0.03283 1.11224
-0.03210 -0.03281 1.11525
-0.03653 -0.02888 1.12515
-0.04445 -0.01801 1.12907
-0.03845 -0.01518 1.14009
-0.03593 -0.02680 1.13885
-0.03651 -0.02491 1.14257
-0.05318 -0.04109 1.14442
-0.03320 -0.03538 1.15060
-0.03518 -0.01944 1.15799
-0.02645 -0.01428 1.16403
-0.03628 -0.01447 1.16869
-0.03936 -0.02556 1.16934
-0.04698 -0.01852 1.16938
-0.04151 -0.01864 1.18365
-0.03751 -0.02146 1.18958
-0.03792 -0.03224 1.19033
-0.03615 -0.03535 1.19293
-0.04094 -0.01930 1.20347
-0.03441 -0.01454 1.20124
-0.02923 -0.02370 1.20830
-0.02657 -0.00953 1.21685
-0.03664 -0.00928 1.22205
-0.02410 -0.02664 1.22438
-0.02982 -0.01503 1.22605
-0.02171 -0.03172 1.22962
-0.04348 -0.02391 1.23404
-0.01460 -0.00814 1.23747
-0.01893 -0.02359 1.24337
-0.06054 -0.04562 1.24321
-0.02191 -0.02460 1.24760
-0.03242 -0.02823 1.25493
-0.04609 -0.04543 1.24877
-0.02756 -0.01724 1.26558
-0.01824 -0.00799 1.26821
-0.04695 -0.01318 1.27102
-0.04850 -0.02395 1.27184
-0.04703 -0.04361 1.26954
-0.03976 -0.03629 1.27387
-0.03303 -0.03942 1.27311
-0.04282 -0.03949 1.27612
-0.03365 -0.03016 1.26579
-0.02284 -0.00287 1.27241
-0.02254 -0.01646 1.31183
-0.04219 -0.01836 1.21738
-0.04205 -0.02007 1.25391
-0.03862 -0.02245 1.24925
-0.02931 -0.01665 1.24703
-0.03597 -0.02787 1.23545
-0.02732 -0.01494 1.21347
-0.01521 -0.01831 1.20277
-0.02816 -0.01645 1.19883
-0.02895 -0.02991 1.18781
-0.02805 -0.02567 1.17632
-0.02073 -0.03470 1.16267
-0.01101 -0.03569 1.15190
0.00191 -0.02302 1.13966
0.00189 -0.02549 1.13351
-0.00437 -0.03139 1.12698
-0.00474 -0.01843 1.12573
-0.00305 -0.02023 1.12103
-0.01314 -0.02344 1.11578
-0.02081 -0.02180 1.11264
-0.01948 -0.01946 1.10868
-0.00859 -0.01927 1.10099
-0.04834 -0.01793 1.09574
-0.01727 -0.02970 1.09287
-0.03156 -0.00437 1.09650
-0.02974 -0.00762 1.09614
-0.02593 -0.00026 1.09238
-0.01951 -0.02133 1.08639
-0.04322 -0.01089 1.08185
-0.00437 -0.02161 1.06473
-0.01359 -0.02071 1.05649
-0.02381 -0.01449 1.05000
-0.04747 0.00237 1.04139
-0.01938 -0.00212 1.03528
-0.02258 -0.01021 1.02082
0.01252 -0.01560 1.01379
0.00223 -0.01838 1.00344
0.01956 -0.01507 0.99436
0.00194 -0.00875 0.98842
0.00561 -0.00680 0.97991
-0.00211 -0.01793 0.97059
-0.00586 -0.01457 0.96147
0.00551 -0.00947 0.95307
0.01315 -0.00306 0.94378
-0.00202 -0.01712 0.91939
0.00024 -0.02416 0.91330
-0.01055 -0.01841 0.89004
-0.00774 -0.01047 0.88612
-0.00652 -0.01070 0.87568
0.00561 -0.00223 0.87604
0.00318 -0.01473 0.86904
0.01607 -0.02989 0.84195
0.02405 -0.02599 0.84599
0.01489 -0.01032 0.84191
-0.00208 -0.01076 0.84494
0.01153 0.00146 0.83865
0.00290 -0.00773 0.84073
0.01069 0.00643 0.84087
0.00692 -0.00098 0.83806
-0.00061 -0.00977 0.83569
0.01184 -0.01133 0.83823
0.00933 -0.01605 0.85284
-0.00000 -0.01381 0.82602
-0.01259 -0.01111 0.84483
-0.00584 -0.01535 0.84765
-0.00196 -0.02157 0.85619
0.01045 -0.01137 0.85640
0.01676 -0.00335 0.87167
0.02032 0.00829 0.88288
0.00524 0.00447 0.89760
0.01153 -0.00712 0.89867
0.02124 0.00044 0.91094
0.01598 -0.00508 0.92630
0.01766 -0.00117 0.93855
0.00370 -0.00940 0.95008
0.01580 -0.00984 0.96155
0.01570 -0.01074 0.97212
0.00751 -0.02121 0.98349
-0.00201 -0.02728 0.99478
0.01004 -0.03469 1.02452
0.01778 -0.02214 0.99967
-0.00392 -0.00480 1.03365
-0.00871 -0.00062 1.04530
-0.00234 -0.00241 1.06019
0.00968 -0.01318 1.06152
0.01600 -0.00295 1.07825
0.01230 0.00270 1.09292
-0.00036 -0.00158 1.09892
0.01027 0.00720 1.11748
0.00324 -0.00733 1.13030
0.02189 -0.02139 1.13779
0.01612 -0.03187 1.15214
0.01174 -0.01625 1.16335
0.00724 -0.00569 1.18050
0.00690 -0.01346 1.19879
0.00059 -0.01139 1.20391
0.01837 -0.01795 1.22880
-0.00688 -0.02223 1.22333
-0.00275 -0.01703 1.24036
-0.01975 -0.03194 1.24598
-0.11066 -0.07341 1.24717
-0.10105 -0.07086 1.26782
-0.13226 -0.06381 1.27563
-0.16174 -0.07944 1.27520
-0.00627 -0.03195 1.29834
-0.01647 -0.03149 1.31252
-0.10676 -0.06089 1.31793
-0.17024 -0.09292 1.32476
-0.01438 -0.04061 1.34354
-0.06164 -0.00793 1.36601
-0.04667 -0.03497 1.37671
0.00647 -0.05937 1.37697
-0.00509 -0.03844 1.38685
-0.01634 -0.01757 1.39992
-0.00787 -0.01291 1.40808
-0.06113 -0.03557 1.42008
-0.10691 -0.05927 1.41989
-0.06202 -0.03954 1.43716
-0.25575 -0.12377 1.42096
-0.08863 -0.06373 1.44202
-0.02028 -0.04186 1.47035
0.02037 -0.04239 1.46728
-0.03713 -0.04240 1.48656
-0.02306 -0.05803 1.48563
-0.00606 -0.04277 1.48908
-0.00042 -0.04421 1.50324
0.03949 -0.06106 1.49963
0.08379 -0.08170 1.50250
0.08102 -0.08754 1.50368
-0.03364 -0.03483 1.51398
-0.03846 -0.04139 1.51846
-0.08972 -0.05078 1.52481
-0.04644 -0.03364 1.52614
-0.08609 -0.04689 1.52413
-0.05941 -0.04289 1.52853
-0.02764 -0.03442 1.53833
-0.01778 -0.04947 1.53657
-0.02971 -0.01043 1.54481
-0.03442 -0.01635 1.54040
-0.01110 -0.02384 1.54002
-0.07461 -0.02965 1.52500
0.00031 -0.03006 1.51435
0.00758 -0.04846 1.49811
-0.01034 -0.02213 1.48145
-0.00870 -0.02726 1.48364
-0.02289 -0.01346 1.46722
0.00803 -0.02051 1.45567
0.00219 -0.00620 1.44039
-0.01133 -0.01509 1.42500
0.00821 -0.01227 1.41613
-0.00059 -0.03448 1.39568
-0.00164 -0.04019 1.38822
-0.00408 -0.02824 1.37184
-0.00017 -0.02288 1.35850
-0.01611 -0.03595 1.34823
-0.00424 -0.04625 1.33118
-0.00491 -0.04263 1.30549
-0.00827 -0.03239 1.29614
-0.01563 -0.05110 1.28850
-0.03313 -0.03700 1.27838
0.00478 -0.03603 1.26427
-0.01838 -0.03343 1.25485
-0.00876 -0.01464 1.24701
-0.02452 -0.03474 1.23777
-0.01426 -0.02171 1.22590
-0.01653 -0.02411 1.21348
-0.02711 -0.03099 1.20252
-0.01185 -0.00629 1.19446
-0.01704 -0.00886 1.18867
-0.01449 -0.01104 1.19307
0.00156 -0.01771 1.13941
-0.01183 -0.03863 1.14004
-0.01087 -0.03637 1.12463
0.00074 -0.03849 1.11589
-0.00113 -0.04901 1.09948
-0.00402 -0.04607 1.08176
-0.00433 -0.00768 1.07952
-0.00789 0.00223 1.08076
-0.02403 -0.03868 1.07444
-0.01281 -0.00304 1.05690
-0.02360 -0.04427 1.04304
-0.03377 -0.03683 1.03415
-0.03427 -0.03732 1.02574
-0.02783 -0.02435 1.02422
-0.03193 -0.02767 1.01496
-0.04073 -0.02707 1.01013
-0.03736 -0.02224 1.00318
-0.04407 -0.01147 1.00724
-0.02902 -0.02469 1.00503
-0.02871 -0.01607 0.98863
-0.03545 -0.02589 0.98914
-0.04677 -0.02620 0.98955
-0.04074 -0.01815 0.98883
-0.03412 -0.01319 0.98688
-0.03509 -0.02510 0.98342
-0.03294 -0.01961 0.97515
-0.04919 -0.03628 0.97117
-0.03655 -0.02455 0.97146
-0.03530 -0.04041 0.97034
-0.03510 -0.01774 0.96721
-0.04256 -0.02423 0.96699
-0.04194 -0.01038 0.96557
-0.04377 -0.02212 0.96612
-0.04147 -0.01657 0.96169
-0.05145 -0.02591 0.95722
-0.03425 -0.01580 0.95643
-0.05006 -0.02543 0.95202
-0.06683 -0.02946 0.94736
-0.03289 -0.02029 0.94413
-0.03121 -0.00949 0.94206
-0.03682 -0.01111 0.94391
-0.03239 -0.02763 0.94772
-0.03561 -0.02063 0.95091
-0.03429 -0.02807 0.95703
-0.02577 -0.01673 0.96406
-0.03762 -0.03219 0.96862
-0.03460 -0.01713 0.97329
-0.03981 -0.02166 0.97762
-0.04471 -0.00850 0.98111
-0.03714 -0.00122 0.98672
-0.03867 -0.01615 0.98639
-0.03167 -0.01574 0.98857
-0.03424 -0.02630 0.98906
-0.03682 -0.00703 0.99180
-0.03737 -0.02168 0.99666
-0.03593 -0.01009 0.99997
-0.04473 -0.03109 0.98068
-0.01858 -0.01338 0.98937
-0.02262 -0.02669 0.99017
-0.02024 -0.00051 0.99220
-0.03373 -0.02676 0.98723
-0.03140 -0.01947 0.99067
-0.03394 -0.03729 0.98853
-0.03637 -0.01220 0.98528
-0.03388 -0.00436 0.98911
-0.03193 -0.00876 0.98649
-0.03098 -0.00550 0.98875
-0.03703 -0.01207 0.98672
-0.03380 -0.00720 0.98520
-0.02771 -0.02032 0.98075
-0.02629 -0.03189 0.97976
-0.02359 -0.01809 0.97588
-0.03789 -0.01046 0.97111
-0.02390 -0.01199 0.96791
-0.01924 0.00197 0.96041
-0.02068 -0.00350 0.96335
-0.02059 -0.00557 0.96542
-0.00873 -0.01142 0.94324
-0.02927 -0.00520 0.94853
-0.02824 -0.02401 0.94342
-0.02301 -0.01038 0.94854
-0.03101 -0.01704 0.93754
-0.02762 -0.01895 0.93813
-0.01414 -0.02621 0.93261
-0.02991 -0.00955 0.93587
-0.02227 -0.00704 0.93770
-0.03016 -0.00494 0.94076
-0.03480 -0.01433 0.93977
-0.03695 -0.00144 0.94391
-0.03704 -0.00520 0.95124
-0.03323 0.00447 0.95847
-0.02174 -0.01010 0.95439
-0.01954 -0.02376 0.95438
-0.02289 -0.01992 0.95283
-0.02224 -0.01530 0.95582
-0.01404 -0.00861 0.96305
-0.02373 -0.01150 0.96132
-0.01974 0.00158 0.96412
-0.02343 -0.00703 0.96450
-0.00896 0.00718 0.97055
-0.02291 -0.01470 0.97163
-0.01400 -0.00123 0.96391
-0.02707 -0.01835 0.97359
-0.01240 -0.00508 0.97922
-0.01484 0.00427 0.98595
-0.01024 -0.02096 0.98693
-0.01818 -0.00849 0.98583
-0.01903 -0.00967 0.98602
-0.02101 -0.00829 0.98398
-0.03863 -0.01187 0.98506
-0.02223 -0.01370 0.98357
-0.03133 -0.01799 0.97897
-0.02769 -0.01090 0.97904
-0.02501 -0.00352 0.97828
-0.04766 -0.01156 0.98374
-0.03627 -0.02310 0.97652
-0.02378 -0.01584 0.97689
-0.03069 -0.01820 0.97122
-0.04663 -0.01961 0.98512
-0.02733 -0.00034 0.96121
-0.02493 -0.01447 0.97902
-0.02428 -0.00182 0.97503
-0.02623 -0.01593 0.97232
-0.01211 -0.01659 0.98683
-0.02530 -0.01916 0.96980
-0.02297 -0.00003 1.00015
-0.02552 -0.00297 0.97214
-0.04948 -0.00349 0.99292
-0.03317 -0.01252 0.99657
-0.05026 -0.01357 1.00524
-0.05395 0.00436 1.00905
-0.02771 -0.01148 1.01857
-0.02244 -0.00881 1.01614
-0.02655 -0.02999 1.02591
-0.03313 -0.01537 1.03195
-0.03054 -0.01083 1.03188
-0.02113 -0.01943 1.04007
-0.03382 -0.01327 1.04241
-0.03576 -0.02624 1.04882
-0.02242 -0.01121 1.05330
-0.02991 -0.02793 1.05832
-0.01591 -0.01741 1.05894
-0.03218 -0.02905 1.06621
-0.04154 -0.02541 1.06851
-0.03446 -0.04139 1.07289
-0.03267 -0.03186 1.07824
-0.02973 -0.00953 1.08300
-0.04159 -0.02822 1.09084
-0.03282 -0.01672 1.09134
-0.04137 -0.02642 1.09692
-0.04216 -0.01785 1.10045
-0.03322 -0.02697 1.10491
-0.03239 -0.04023 1.10501
-0.04570 -0.04146 1.10565
-0.03634 -0.03129 1.11217
-0.03007 -0.02762 1.12074
-0.03834 -0.01475 1.12801
-0.03561 -0.02345 1.12615
-0.03616 -0.02820 1.13089
-0.02891 -0.02885 1.13304
-0.02781 -0.02780 1.13615
-0.03291 -0.02820 1.13900
-0.04283 -0.01744 1.14318
-0.04484 -0.02464 1.14400
-0.03773 -0.03534 1.14020
-0.04469 -0.03545 1.14051
-0.03407 -0.02593 1.14020
-0.04146 -0.03069 1.14321
-0.03719 -0.03007 1.13753
-0.02647 -0.01997 1.13580
-0.02522 -0.00983 1.13395
-0.02834 -0.02219 1.13186
-0.02715 -0.02853 1.12510
-0.03375 -0.02843 1.12374
-0.03075 -0.02925 1.12414
-0.03424 -0.03522 1.11752
-0.03063 -0.03733 1.11582
-0.01143 -0.03144 1.11382
-0.03962 -0.02541 1.11168
-0.03421 -0.03198 1.11001
-0.02823 -0.02776 1.10878
-0.03731 -0.02355 1.10849
-0.02317 -0.02119 1.10763
-0.03929 -0.02603 1.10547
-0.04777 -0.03238 1.10220
-0.04098 -0.02844 1.09927
-0.04773 -0.02531 1.10259
-0.04173 -0.02887 1.09903
-0.02831 -0.00992 1.10130
-0.03823 -0.01655 1.10171
-0.04292 -0.02308 1.09731
-0.03778 -0.02705 1.08881
-0.00544 -0.07896 1.08445
-0.02923 -0.02135 1.08184
-0.03944 -0.04004 1.08027
-0.00844 -0.01340 1.07054
-0.00689 -0.02525 1.06068
-0.02616 -0.03978 1.04481
-0.01792 -0.02734 1.03171
-0.02991 -0.03280 1.01287
-0.02051 -0.01895 1.00384
-0.04533 -0.03613 0.98374
-0.03433 -0.04173 0.96663
-0.02284 -0.03731 0.95428
-0.04485 -0.03257 0.94736
-0.03948 -0.02057 0.94839
-0.05027 -0.02586 0.94507
-0.03806 -0.02800 0.93920
-0.03405 -0.02801 0.93973
-0.03733 -0.02306 0.93584
-0.04144 -0.02496 0.93071
-0.03942 -0.01669 0.92973
-0.05270 -0.02781 0.91723
-0.05075 -0.02461 0.92441
-0.06221 -0.02744 0.91926
-0.06298 -0.03525 0.90558
-0.07078 -0.03869 0.91698
-0.04893 -0.01981 0.92270
-0.05478 -0.02562 0.90891
-0.05139 -0.01699 0.92368
-0.05357 -0.02756 0.90753
-0.05172 -0.02541 0.92383
-0.04740 -0.02177 0.92618
-0.04346 -0.02870 0.91659
-0.02627 -0.01666 0.93242
-0.04285 0.01194 0.94220
-0.03790 -0.01338 0.94648
-0.01478 -0.01843 0.94926
-0.01316 -0.02233 0.94993
-0.00594 -0.03046 0.96223
-0.01190 -0.02462 0.97365
0.00167 -0.01489 0.98524
0.00388 -0.01333 0.99137
0.00042 -0.03171 0.99737
-0.00413 -0.03666 1.00786
0.00208 -0.03539 1.01907
-0.00350 -0.02008 1.03206
-0.01227 -0.01229 1.04960
-0.01015 -0.01277 1.06067
-0.01671 -0.01531 1.07147
-0.01551 -0.01782 1.08085
-0.02668 -0.02078 1.08982
-0.02254 -0.02234 1.09588
-0.02671 -0.02683 1.10171
-0.03102 -0.01925 1.11083
-0.02580 -0.01789 1.11504
-0.02498 -0.01345 1.12242
-0.02139 -0.01658 1.12388
-0.04367 -0.01543 1.12052
-0.01836 -0.03552 1.12260
-0.03441 -0.02886 1.12071
-0.03373 -0.02205 1.11989
-0.02618 -0.01633 1.12278
-0.03080 -0.02207 1.12347
-0.03374 -0.02546 1.11952
-0.03592 -0.03512 1.11534
-0.03785 -0.02856 1.11016
-0.04353 -0.03558 1.10420
-0.04778 -0.02765 1.10518
-0.03482 -0.02653 1.10053
-0.03501 -0.02975 1.09599
-0.03099 -0.02545 1.09606
-0.04441 -0.04422 1.09086
-0.03524 -0.02456 1.09298
-0.02642 -0.01839 1.09724
-0.02749 -0.01103 1.10100
-0.04086 -0.00779 1.10086
-0.03002 -0.02114 1.10244
-0.03437 -0.00232 1.10541
-0.03353 -0.01846 1.10767
-0.03072 -0.01979 1.11071
-0.01667 -0.00698 1.10820
-0.01931 -0.02116 1.10777
-0.02259 -0.00635 1.11497
-0.03234 -0.02594 1.11565
-0.02391 -0.01385 1.11797
-0.02415 -0.01589 1.11815
-0.01685 -0.00684 1.12237
-0.02755 -0.00928 1.12467
-0.02499 -0.00840 1.12204
-0.01475 -0.00840 1.12064
-0.02051 -0.00718 1.11857
-0.01598 -0.01449 1.11387
-0.00589 -0.01721 1.11330
-0.00620 -0.01024 1.11438
-0.00825 -0.00450 1.10980
-0.02238 -0.01734 1.10750
-0.01394 -0.00904 1.10903
-0.01783 -0.02157 1.10495
-0.01018 -0.02721 1.09879
-0.00341 -0.02744 1.09196
-0.00581 -0.01342 1.08770
-0.01199 -0.01163 1.09183
-0.00968 -0.00428 1.08289
-0.01664 -0.01514 1.07901
-0.00892 -0.02280 1.07085
-0.00437 -0.02278 1.06270
-0.00967 -0.02675 1.06550
-0.01396 -0.00743 1.05543
-0.00630 -0.03490 1.04776
-0.01303 -0.00678 1.04504
-0.01565 -0.02465 1.04131
-0.00887 -0.00282 1.03643
-0.02648 -0.03154 1.02635
-0.01393 -0.01875 1.01970
-0.01604 -0.04288 1.01043
-0.02684 -0.00091 1.01221
-0.01868 -0.01630 1.00671
-0.02363 -0.00828 0.99861
-0.01937 -0.02028 0.99179
-0.01804 -0.01847 0.98799
-0.00599 -0.02385 0.98644
-0.00370 -0.01715 0.98182
-0.00711 -0.01396 0.97517
-0.01781 -0.01787 0.97126
-0.00815 -0.01322 0.96403
-0.02613 -0.01871 0.96466
-0.01852 -0.01313 0.95933
-0.02318 -0.01808 0.96027
-0.02284 -0.01501 0.95344
-0.01532 -0.02020 0.94222
-0.01578 -0.01502 0.94497
-0.01150 -0.00856 0.93874
-0.02239 -0.02221 0.93319
-0.01675 -0.00427 0.92563
-0.02006 -0.02298 0.91480
-0.01801 -0.01953 0.90833
-0.00117 -0.03498 0.89697
-0.00935 -0.01528 0.88614
-0.01695 -0.02069 0.87701
-0.00320 -0.02840 0.85923
0.00013 -0.02727 0.84583
-0.00859 -0.03370 0.83043
-0.01006 -0.02374 0.81901
-0.01106 -0.03439 0.81100
-0.01389 -0.03070 0.80550
-0.00205 -0.03649 0.80077
-0.00380 -0.01600 0.79813
0.00434 -0.03345 0.79534
0.01323 -0.02928 0.79321
0.01936 -0.03526 0.79501
0.01531 -0.01272 0.79385
-0.02196 0.00468 0.79208
-0.01264 -0.00336 0.80101
-0.00915 -0.01483 0.78463
-0.01932 -0.00903 0.79099
0.00281 -0.00971 0.79315
0.03814 -0.00202 0.77796
-0.00383 -0.00334 0.79325
0.03658 -0.01530 0.77334
0.05079 -0.03879 0.79331
0.04951 -0.03021 0.79061
0.02201 -0.02483 0.77588
0.03389 -0.01594 0.79573
0.03060 -0.02105 0.79616
0.02834 -0.01451 0.78534
0.02620 -0.02141 0.80331
0.02301 -0.02414 0.79028
0.03354 -0.02150 0.80915
0.01903 -0.03121 0.81494
0.03093 -0.02298 0.80380
0.02844 -0.02610 0.82146
0.01944 -0.02216 0.81051
0.00543 -0.02478 0.82947
0.01350 -0.02768 0.83611
0.00173 -0.02837 0.82762
-0.00723 -0.02397 0.84170
0.00126 -0.02632 0.84610
0.00801 -0.02555 0.84186
-0.00073 -0.01748 0.85528
-0.00041 -0.01731 0.85335
0.01240 -0.01774 0.86415
0.01268 -0.03576 0.86412
0.01154 -0.02999 0.85750
0.02871 -0.02531 0.86736
0.01391 -0.04060 0.87205
0.00401 -0.01788 0.86327
0.00677 -0.01867 0.87917
-0.02046 -0.01246 0.88006
0.02909 -0.02192 0.87708
0.03488 -0.02703 0.88537
0.04514 -0.02762 0.87011
0.04144 -0.02587 0.88147
0.01899 -0.02866 0.88295
0.03452 -0.02620 0.86365
0.04442 -0.03448 0.87279
0.04742 -0.02745 0.86910
0.02893 -0.01789 0.85201
0.01946 -0.03356 0.86722
0.00486 -0.02001 0.85836
0.01276 -0.01010 0.87238
0.02428 -0.00074 0.87483
0.00359 -0.02276 0.86892
0.01085 -0.03758 0.87570
0.00762 -0.02634 0.88250
0.00405 0.00398 0.88431
0.01193 -0.00992 0.89726
0.01558 -0.00836 0.88725
0.02130 -0.02718 0.89985
0.00998 -0.03327 0.90243
0.04254 -0.03459 0.89344
0.02852 -0.02125 0.90947
0.03610 -0.02687 0.91345
0.04400 -0.02425 0.90844
0.01758 -0.02321 0.92530
0.02330 -0.03269 0.92172
0.03442 -0.03825 0.93496
0.03541 -0.03704 0.93952
0.03700 -0.02378 0.94027
0.02341 -0.03291 0.95228
0.01281 -0.01293 0.96057
0.03434 -0.03701 0.95535
0.03378 -0.03461 0.97068
0.03310 -0.02038 0.97050
0.02370 -0.02462 0.98241
0.02888 -0.02819 0.98865
0.01966 -0.04311 0.98441
0.02708 -0.02241 0.99899
0.01071 -0.03351 1.00477
0.03836 -0.01793 1.01046
0.02531 -0.02081 1.02246
0.01610 -0.02509 1.02355
0.03101 -0.04325 1.02717
0.02446 -0.03248 1.03538
0.01942 -0.03294 1.03679
0.02064 -0.02983 1.04797
0.02730 -0.02702 1.04789
0.02418 -0.02623 1.06222
-0.00665 -0.02062 1.06371
0.00516 -0.03540 1.06479
0.00810 -0.03419 1.07171
0.00865 -0.02853 1.08052
0.02365 -0.04104 1.09010
0.01335 -0.02866 1.08700
0.00274 -0.04408 1.09373
0.01762 -0.01136 1.10145
0.00415 -0.02001 1.10657
-0.01511 -0.02161 1.11178
-0.01352 -0.01760 1.11808
-0.02279 -0.01964 1.12042
-0.01406 -0.02650 1.12295
0.00360 -0.01881 1.13038
-0.01308 -0.01897 1.13635
0.01700 -0.00541 1.14215
-0.00436 -0.01269 1.14679
0.00616 -0.01203 1.15405
-0.01052 -0.02508 1.16105
-0.01325 -0.02784 1.16976
-0.00680 -0.02345 1.17291
-0.00271 -0.01260 1.18694
-0.00561 -0.02536 1.17597
-0.01797 -0.03621 1.18678
-0.02580 -0.03500 1.25860
0.00423 -0.04385 1.13597
-0.01340 -0.02132 1.20691
-0.01897 -0.01104 1.21657
0.00542 -0.00499 1.22550
0.00917 -0.01439 1.22962
-0.01582 -0.01931 1.23340
-0.01409 -0.03014 1.23941
-0.02437 -0.03254 1.24560
-0.02057 -0.04433 1.24884
-0.01319 -0.04076 1.25361
-0.02813 -0.02952 1.26507
-0.02460 -0.03301 1.27548
-0.01382 -0.02187 1.27644
-0.02193 -0.06116 1.28195
-0.02272 -0.05111 1.28942
-0.02598 -0.03625 1.29628
-0.01965 -0.01739 1.31181
-0.01881 -0.00645 1.32635
-0.01685 -0.03438 1.32471
-0.02943 -0.04374 1.32973
-0.02477 -0.03807 1.33861
-0.01873 -0.02683 1.34639
-0.02671 -0.04320 1.35585
-0.03066 -0.04543 1.36020
-0.02530 -0.03899 1.36732
-0.01651 -0.04010 1.37442
-0.02379 -0.03024 1.38019
-0.01997 -0.02890 1.38872
-0.01562 -0.04179 1.39362
-0.02141 -0.05210 1.39631
-0.01621 -0.04236 1.40141
-0.02951 -0.03169 1.40209
-0.02855 -0.04323 1.40962
-0.02906 -0.03916 1.40679
-0.02866 -0.03983 1.41121
-0.02374 -0.02812 1.40919
-0.01701 -0.03726 1.41175
-0.02176 -0.02293 1.41230
-0.02022 -0.03234 1.41119
-0.03036 -0.04203 1.40964
-0.02358 -0.04723 1.40736
-0.01297 -0.03878 1.41073
-0.02729 -0.04518 1.41063
-0.03248 -0.03214 1.40650
-0.03013 -0.00882 1.41218
-0.03129 -0.02896 1.41583
-0.04216 -0.05460 1.40486
-0.02549 -0.03659 1.40163
-0.02699 -0.06164 1.39639
-0.02927 -0.05122 1.39281
-0.02419 -0.05468 1.38924
-0.02677 -0.02779 1.39478
-0.02886 -0.03902 1.39217
-0.02619 -0.03508 1.38833
-0.01573 -0.04619 1.38632
-0.02843 -0.05776 1.38076
-0.01867 -0.04729 1.38577
-0.01740 -0.05321 1.37532
-0.00427 -0.02786 1.37550
-0.01311 -0.03809 1.36866
-0.02006 -0.02044 1.36628
-0.00868 -0.04025 1.36517
-0.01299 -0.04331 1.35452
0.01414 -0.08149 1.34927
-0.00931 -0.04254 1.34748
-0.01069 -0.04323 1.34466
-0.00509 -0.02679 1.33906
-0.01679 -0.03190 1.33280
-0.00187 -0.02518 1.32148
-0.00568 -0.03748 1.30082
0.00101 -0.02448 1.28853
-0.00797 -0.04835 1.26924
-0.00244 -0.03661 1.24675
-0.01323 -0.05467 1.22507
-0.01699 -0.04489 1.20500
-0.02427 -0.04067 1.19098
-0.02068 -0.04607 1.16647
-0.02150 -0.04070 1.14636
-0.03485 -0.04151 1.12158
-0.04064 -0.04542 1.10115
-0.04646 -0.04398 1.08358
-0.03683 -0.03850 1.06781
-0.04424 -0.04124 1.06044
-0.03520 -0.04252 1.04878
-0.01839 -0.03825 1.03844
-0.03271 -0.02518 1.03249
-0.04596 -0.03360 1.01799
-0.03041 -0.05285 1.01177
-0.03555 -0.01555 1.00600
-0.02859 -0.03926 1.00944
-0.02371 -0.01933 1.00936
-0.03293 -0.02914 1.01315
-0.04234 -0.00673 1.00855
-0.06682 -0.03517 1.00966
-0.06064 -0.02142 1.01061
-0.07495 -0.03567 0.99843
-0.04455 -0.03350 0.99927
-0.06036 -0.03083 1.00125
-0.06873 -0.04370 1.00125
-0.07340 -0.04161 1.00804
-0.06590 -0.03181 1.00028
-0.06333 -0.03404 1.00932
-0.06009 -0.03514 1.02019
-0.07121 -0.03247 1.01524
-0.07036 -0.03470 1.03107
-0.06156 -0.04179 1.03983
-0.06920 -0.02855 1.03617
-0.06762 -0.02705 1.05369
-0.06889 -0.02022 1.05825
-0.07402 -0.05535 1.04304
-0.07543 -0.02031 1.06318
-0.05929 -0.04653 1.05416
-0.06402 -0.02807 1.07481
-0.06802 -0.04539 1.07889
-0.05099 -0.02340 1.08065
-0.07617 -0.03330 1.09684
-0.05951 -0.02701 1.10176
-0.06661 -0.04489 1.08765
-0.06369 -0.04079 1.10447
-0.07080 -0.04714 1.10176
-0.08491 -0.01291 1.12124
-0.06730 -0.01826 1.12871
-0.05373 -0.02475 1.11720
-0.05228 -0.02855 1.13988
-0.05788 -0.03990 1.13638
-0.05548 -0.03697 1.13051
-0.04007 -0.01607 1.14484
-0.02945 -0.04226 1.13720
-0.02800 -0.03220 1.15674
-0.02941 -0.03427 1.15701
-0.03421 -0.03011 1.15371
-0.03285 -0.01942 1.16534
-0.04394 -0.04064 1.16215
-0.02574 -0.04991 1.17052
-0.04367 -0.04097 1.17347
-0.03443 -0.03024 1.17963
-0.03831 -0.02730 1.18336
-0.04220 -0.02036 1.17417
-0.04617 -0.02485 1.17319
-0.03980 -0.04275 1.16845
-0.03798 -0.03088 1.17053
-0.02591 -0.03299 1.16731
-0.02703 -0.04977 1.16186
-0.02629 -0.04507 1.16023
-0.01865 -0.04119 1.15386
-0.02234 -0.04173 1.14945
-0.00855 -0.02380 1.13408
-0.00021 -0.02262 1.12480
-0.00579 -0.02407 1.11168
-0.00375 -0.03118 1.10314
-0.00083 -0.03529 1.07942
0.00505 -0.05630 1.05792
-0.00317 -0.05411 1.04538
-0.00686 -0.04113 1.02220
0.00963 -0.04636 1.01166
-0.00076 -0.04376 0.99311
-0.00114 -0.04704 0.96675
-0.01018 -0.03390 0.95817
-0.02444 -0.05060 0.93429
-0.00447 -0.05216 0.90951
0.00602 -0.04682 0.88837
0.00647 -0.01875 0.85029
-0.00263 -0.01558 0.84396
-0.00610 -0.01273 0.81615
0.01964 -0.03672 0.81572
0.01739 -0.03323 0.80994
0.02471 -0.01235 0.77535
0.04345 0.00602 0.78538
0.01971 -0.03464 0.74547
0.02532 -0.02578 0.75379
0.03750 -0.04116 0.75656
0.04415 -0.01878 0.71563
0.04354 -0.02823 0.75259
0.02696 -0.02233 0.71491
0.01928 -0.01041 0.75891
0.03066 -0.00021 0.75993
0.01714 -0.01286 0.72654
0.03129 -0.03161 0.74452
0.01877 -0.01014 0.71278
0.02521 -0.03069 0.73132
0.01608 -0.02533 0.72663
0.02945 -0.05103 0.71095
0.04650 -0.03779 0.73052
0.01510 -0.01530 0.71933
-0.00048 -0.00873 0.73044
0.01437 -0.00807 0.73282
0.00463 -0.01206 0.72869
-0.00227 -0.02276 0.73335
-0.00517 -0.01514 0.73699
-0.00023 -0.00891 0.73969
-0.00430 -0.00975 0.74361
-0.01434 -0.02287 0.74888
0.00869 -0.02199 0.74919
0.01338 -0.01290 0.75139
0.01990 -0.03015 0.75010
0.02228 -0.02624 0.75225
0.02461 -0.02751 0.74592
0.00515 -0.01944 0.74952
0.02794 -0.01203 0.75175
0.00750 -0.00754 0.75687
0.00753 -0.02614 0.75422
0.03330 -0.02106 0.75499
0.02494 -0.01875 0.74382
-0.05837 -0.04027 0.73245
0.02706 -0.00652 0.74483
0.04323 0.00158 0.72164
0.01811 -0.01160 0.73066
0.04127 -0.01636 0.69935
0.01098 -0.02137 0.68995
0.02619 -0.03225 0.69590
0.02725 -0.02312 0.68303
0.04046 -0.04067 0.68399
0.03521 -0.01695 0.69656
0.01944 -0.00463 0.69023
0.03811 -0.00905 0.70098
0.04211 -0.02369 0.69195
0.04937 -0.00865 0.68895
0.04147 -0.00872 0.70882
0.05373 -0.03608 0.69285
0.04616 -0.04390 0.68933
0.03877 -0.03466 0.71199
0.03672 -0.00441 0.68998
0.03760 -0.00219 0.72807
0.03216 -0.02662 0.70598
0.01743 -0.02751 0.70452
0.02989 -0.02205 0.73142
0.03135 -0.03508 0.70955
0.02982 -0.03544 0.72155
0.01799 -0.03183 0.75351
0.04235 -0.02173 0.73541
0.03473 -0.03826 0.76031
0.03444 -0.02903 0.75108
0.03481 -0.02376 0.76121
0.02078 -0.03383 0.77931
0.01073 -0.03619 0.78244
0.00387 -0.03150 0.79380
0.00260 -0.01647 0.80648
0.01499 -0.02212 0.81206
-0.00030 -0.01907 0.82742
0.00218 -0.00951 0.83788
0.01202 -0.00287 0.84640
0.02098 -0.02812 0.85719
0.00439 -0.03142 0.86442
0.01043 -0.02183 0.86951
0.00421 -0.02108 0.89042
0.01088 -0.00010 0.89869
0.00310 -0.00757 0.90710
-0.00698 -0.01225 0.91442
0.00299 -0.01821 0.92238
-0.01358 -0.02803 0.93466
0.00795 -0.02198 0.94438
-0.00469 -0.02612 0.95675
-0.00409 -0.01930 0.95805
0.00692 -0.01540 0.97143
-0.00302 -0.01963 0.97971
-0.00487 -0.02366 0.98558
0.00010 -0.01843 0.99450
0.00573 -0.01675 1.00221
-0.00393 -0.02292 1.00250
-0.00383 -0.01624 1.00623
-0.02347 -0.02341 1.00819
-0.00903 -0.01598 1.01312
-0.00210 -0.03938 1.01229
0.00352 0.00942 1.01446
-0.01361 -0.03637 1.02137
0.00374 0.01565 1.02280
-0.00853 -0.02883 1.01696
-0.03065 -0.01098 1.01723
-0.01567 -0.03492 1.01894
-0.08420 -0.03484 1.01620
-0.03461 -0.03720 1.01917
-0.01817 -0.02492 1.01926
-0.05164 -0.04861 1.01344
-0.00593 -0.03918 1.01806
-0.04231 -0.02655 1.01426
-0.05754 -0.03693 1.01864
-0.02281 -0.00594 1.01657
-0.02675 -0.01558 1.01502
-0.02886 -0.00290 1.02065
-0.02934 -0.01670 1.00997
-0.01515 -0.02549 1.00643
-0.03395 -0.05955 1.00632
-0.06153 -0.03411 1.00472
-0.06866 -0.04245 1.00320
-0.00465 0.00079 1.01065
-0.03227 -0.00360 1.00702
-0.02091 -0.02628 1.00166
-0.00627 -0.02412 1.00873
-0.01316 -0.01246 1.00255
-0.01548 -0.02299 1.00866
-0.03121 -0.01794 1.00319
-0.04580 -0.03090 0.99876
-0.02037 -0.01825 1.00531
-0.04295 -0.03429 0.99905
-0.01943 -0.00925 1.00631
-0.00432 -0.01143 1.00566
-0.03803 -0.01155 1.01246
-0.01984 -0.02542 0.99540
-0.01135 -0.01476 1.00010
-0.03243 -0.04515 0.99870
-0.03510 -0.03943 1.00165
-0.01384 -0.04215 1.00075
-0.03380 -0.02602 1.00557
-0.03781 -0.02701 1.00640
-0.04286 -0.03632 1.00239
-0.03872 -0.03692 1.00059
-0.03907 -0.02360 1.00083
-0.03530 -0.02872 1.00096
-0.03564 -0.01698 0.99736
-0.03253 -0.00961 0.99380
-0.05039 -0.01834 0.99140
-0.02657 -0.02625 0.98901
-0.02559 -0.02280 0.98585
-0.03006 -0.02051 0.98406
-0.03196 -0.02808 0.98109
-0.02872 -0.01833 0.97462
-0.03177 -0.02577 0.97761
-0.03801 -0.01816 0.97359
-0.04077 -0.02941 0.96711
-0.04159 -0.03793 0.97683
-0.04136 -0.03139 0.92995
-0.04984 -0.04458 0.94107
-0.03609 -0.03356 0.92917
-0.05744 -0.04564 0.91745
-0.04832 -0.03394 0.90217
-0.01194 -0.02801 0.88322
-0.04808 -0.05149 0.86142
-0.03764 -0.03967 0.83192
-0.04231 -0.03120 0.80573
-0.05601 -0.02443 0.78938
-0.06939 -0.02906 0.75934
-0.00717 -0.06350 0.73638
-0.02582 -0.04434 0.71590
-0.02419 -0.02504 0.69923
-0.01792 -0.03201 0.69388
-0.01888 -0.00073 0.69677
0.02416 0.00009 0.69374
0.02553 -0.02134 0.68276
0.00918 -0.02228 0.67274
-0.00793 -0.01336 0.67014
0.00328 0.00189 0.66247
0.05619 -0.00660 0.65335
0.05170 -0.00292 0.66358
0.04737 -0.00753 0.63800
0.03366 -0.01148 0.65398
0.03942 -0.01350 0.62454
0.04431 -0.00370 0.65634
0.03095 -0.00611 0.62232
0.03879 -0.01581 0.61523
0.03391 -0.01434 0.65649
0.03416 -0.00196 0.61694
0.04776 0.01050 0.66417
0.04647 -0.00593 0.63106
0.05050 -0.00804 0.63837
0.04493 -0.01202 0.68260
0.04200 -0.01842 0.64438
0.05177 -0.02961 0.69057
0.04224 -0.02112 0.65753
0.05593 -0.02154 0.65443
0.02260 -0.00233 0.70144
0.02677 -0.02771 0.67023
0.01395 -0.02260 0.70616
0.04298 -0.03578 0.69290
0.02952 -0.01900 0.70703
0.03379 -0.02230 0.73757
0.01204 -0.02959 0.73569
-0.00509 -0.01706 0.75470
-0.00310 -0.01799 0.76904
-0.01159 -0.01766 0.77709
-0.00361 -0.01948 0.80582
-0.00103 -0.02473 0.80662
-0.00587 -0.01454 0.82917
0.00559 -0.01942 0.84269
-0.00403 -0.01185 0.86106
-0.01222 -0.00494 0.87652
-0.02604 -0.01230 0.89234
-0.02978 -0.02902 0.90896
-0.01523 -0.02418 0.92128
-0.02277 -0.01666 0.93580
-0.01854 -0.01808 0.94085
-0.02327 -0.02702 0.95784
-0.02487 -0.02612 0.96943
-0.00721 -0.01406 0.97625
-0.01674 -0.02271 0.99213
-0.02464 -0.02647 0.99749
-0.02503 -0.03066 1.00555
-0.02346 -0.02158 1.01807
-0.02202 -0.04795 1.02718
-0.01967 -0.01550 1.03226
-0.02763 -0.03248 1.04069
-0.03958 -0.01005 1.03926
-0.02144 -0.01212 1.05139
-0.01863 -0.00908 1.04809
-0.01975 -0.01789 1.05291
-0.02210 -0.00770 1.05497
-0.04400 -0.02262 1.06035
-0.03349 -0.02693 1.05905
-0.03339 -0.03180 1.05888
-0.02786 -0.02841 1.06625
-0.03866 -0.02770 1.06861
-0.03051 -0.03546 1.06760
-0.02308 -0.03184 1.06289
-0.00471 -0.02655 1.07241
-0.00026 -0.01740 1.05879
-0.03011 -0.03922 1.06698
-0.03020 -0.01940 1.07227
-0.01538 -0.03328 1.06728
-0.04205 -0.00201 1.07080
-0.03874 -0.03711 1.06657
-0.01488 -0.01518 1.06365
-0.01704 -0.03184 1.07437
-0.03025 -0.02376 1.07373
-0.04273 -0.02942 1.07753
-0.03431 -0.02394 1.08589
-0.02992 -0.02851 1.08502
-0.01793 -0.01698 1.09520
-0.02768 -0.01687 1.09736
-0.05486 -0.01180 1.10708
-0.03556 -0.01524 1.11068
-0.04849 -0.01603 1.11403
-0.04086 -0.01220 1.11778
-0.03710 -0.03073 1.12006
-0.03755 -0.03166 1.12339
-0.03951 -0.03653 1.13040
-0.04222 -0.02869 1.13513
-0.04114 -0.02700 1.14058
-0.01361 -0.00146 1.14623
-0.02647 -0.02043 1.15919
-0.02704 -0.04502 1.15560
-0.02440 -0.03906 1.16269
-0.01857 -0.02509 1.16790
-0.02688 -0.01253 1.17833
-0.02814 -0.01271 1.18597
-0.01151 -0.00204 1.19414
-0.01738 -0.02951 1.20100
-0.01774 -0.04163 1.19934
0.00346 -0.02638 1.21102
-0.00357 -0.02433 1.21676
0.00383 -0.00646 1.22644
0.00032 -0.02912 1.22746
-0.00838 -0.01612 1.23496
-0.00607 -0.02333 1.24554
0.00232 -0.02741 1.25543
-0.00119 -0.04212 1.25541
-0.01042 -0.03723 1.25751
-0.01107 -0.03002 1.26121
-0.00709 -0.02989 1.26904
0.01692 -0.00059 1.27328
-0.00174 -0.03531 1.28023
-0.00132 -0.03827 1.28572
0.01556 -0.05262 1.28176
0.00693 -0.02986 1.28847
-0.00237 -0.00770 1.29860
-0.01759 -0.01963 1.30531
-0.00432 -0.00506 1.30371
-0.00476 -0.04970 1.30417
0.00109 -0.03253 1.29429
-0.00891 -0.03767 1.29937
-0.03047 -0.03670 1.30266
-0.02346 -0.03360 1.30973
-0.00537 -0.01739 1.32012
-0.03073 -0.02264 1.32192
-0.01721 -0.00669 1.32854
-0.03363 -0.02222 1.33040
-0.02058 -0.03528 1.32788
-0.02826 -0.02724 1.33196
-0.02878 -0.03259 1.34499
-0.01579 -0.02426 1.34909
-0.01698 -0.02869 1.35627
-0.01909 -0.01971 1.36118
-0.02055 -0.02761 1.36505
-0.01245 -0.03180 1.36289
-0.02100 -0.04014 1.36605
-0.02812 -0.02924 1.36817
-0.02530 -0.01923 1.36597
-0.02032 -0.03607 1.37457
-0.03514 -0.03590 1.37362
-0.02072 -0.04555 1.37942
-0.01932 -0.02986 1.37932
-0.01899 -0.03304 1.38124
-0.01676 -0.02916 1.39687
-0.02333 -0.02879 1.39557
-0.04089 -0.03013 1.40155
-0.01442 -0.03137 1.40734
-0.01462 -0.04297 1.41783
-0.01156 -0.03148 1.42399
-0.02248 -0.03020 1.43512
-0.00816 -0.02980 1.43380
-0.00781 -0.03136 1.43865
-0.01700 -0.03376 1.44473
-0.01872 -0.04791 1.44508
-0.01985 -0.03873 1.44384
-0.02277 -0.03159 1.45370
-0.00574 -0.03273 1.45751
-0.00941 -0.02075 1.46233
-0.01629 -0.02014 1.47348
-0.02948 -0.03303 1.46943
-0.02133 -0.03693 1.47941
-0.00600 -0.03649 1.46452
-0.03409 -0.03758 1.47513
-0.00706 -0.04634 1.47308
-0.01546 -0.01842 1.47785
-0.01169 -0.02338 1.47832
-0.01631 -0.01542 1.47085
-0.02214 -0.02579 1.47801
-0.02450 -0.03196 1.47234
-0.01937 -0.01785 1.47904
-0.01624 -0.03523 1.47726
-0.02327 -0.03272 1.47269
-0.01902 -0.05159 1.48210
-0.01286 -0.03076 1.47319
-0.02431 -0.04094 1.46605
-0.01583 -0.03664 1.46931
-0.03220 -0.02466 1.46642
-0.00921 -0.03150 1.47108
-0.02147 -0.04998 1.46876
-0.02799 -0.05513 1.46050
-0.03588 -0.04875 1.46280
-0.03800 -0.02999 1.46487
-0.03632 -0.02721 1.46707
-0.04389 -0.02134 1.46864
-0.04890 -0.03427 1.46523
-0.03793 -0.04219 1.46672
-0.03751 -0.02964 1.46391
-0.05160 -0.04933 1.45926
-0.07087 -0.04740 1.45356
-0.04058 -0.02897 1.46038
-0.04049 -0.03680 1.45531
-0.05663 -0.07071 1.45245
-0.06731 -0.02808 1.45394
-0.05960 -0.04078 1.45649
-0.04650 -0.02137 1.45709
-0.04352 -0.02285 1.45517
-0.03981 -0.02197 1.46123
-0.05024 -0.05275 1.44580
-0.02740 -0.01999 1.44877
-0.03791 -0.05337 1.45514
-0.01823 -0.01683 1.45722
-0.00691 -0.02508 1.45652
-0.03098 -0.03444 1.43977
-0.01969 -0.05563 1.44069
-0.01471 -0.04602 1.44104
-0.02206 -0.03809 1.44599
-0.02393 -0.03177 1.44271
-0.03538 -0.03056 1.44590
-0.05643 -0.04072 1.43982
-0.04259 -0.03361 1.44302
-0.04830 -0.04493 1.43506
-0.03506 -0.03003 1.44294
-0.02366 -0.04618 1.44612
-0.02641 -0.05313 1.44829
-0.04617 -0.05588 1.44665
-0.02866 -0.02380 1.44812
-0.04204 -0.02745 1.45461
-0.02272 -0.02367 1.45207
-0.03200 -0.03855 1.45351
-0.03870 -0.04042 1.45274
-0.03233 -0.04063 1.45475
-0.02595 -0.04638 1.45220
-0.03840 -0.04859 1.44993
-0.03032 -0.04098 1.45342
-0.03747 -0.03749 1.44782
-0.02708 -0.03569 1.45843
-0.03722 -0.03190 1.44866
-0.02393 -0.02870 1.44739
-0.03394 -0.02438 1.44291
-0.03654 -0.03158 1.44840
-0.02757 -0.03819 1.44614
-0.02471 -0.04090 1.44850
-0.02163 -0.03310 1.45853
-0.00922 -0.03081 1.45530
-0.00781 -0.04538 1.45991
-0.01487 -0.03200 1.44742
-0.02182 -0.02945 1.44156
-0.03407 -0.02390 1.43960
-0.02216 -0.02419 1.44296
-0.01541 -0.01906 1.44006
-0.00562 -0.02831 1.43600
-0.00911 -0.05135 1.42974
-0.00944 -0.04313 1.43249
-0.01753 -0.04220 1.42611
-0.01548 -0.03680 1.43409
-0.01165 -0.03977 1.42864
-0.00916 -0.02898 1.42530
-0.01823 -0.04315 1.42785
-0.00845 -0.04122 1.42902
-0.01520 -0.04617 1.42853
-0.01788 -0.04092 1.42352
-0.01028 -0.04476 1.42842
0.00645 -0.03101 1.43483
-0.00135 -0.04449 1.42940
0.00268 -0.04203 1.43233
0.00047 -0.06605 1.42678
-0.00631 -0.04765 1.42385
-0.00334 -0.05063 1.41879
-0.00952 -0.04327 1.41734
0.01071 -0.02490 1.41667
-0.01862 -0.04858 1.42230
0.00207 -0.04246 1.41866
0.01545 -0.02469 1.41805
-0.00945 -0.03957 1.42447
0.00289 -0.03116 1.42752
-0.00268 -0.00961 1.43263
0.00566 -0.03990 1.43261
-0.00644 -0.03067 1.43098
-0.00012 -0.04225 1.42804
-0.00172 -0.01546 1.43354
-0.00278 -0.02930 1.43841
0.00454 -0.03678 1.43337
-0.00955 -0.03789 1.43248
-0.00894 -0.03628 1.43640
-0.00035 -0.04068 1.42755
-0.00227 -0.02998 1.43668
-0.00665 -0.03444 1.43746
-0.01291 -0.02619 1.43862
-0.01957 -0.03284 1.44610
-0.02077 -0.02831 1.44501
-0.01834 -0.02055 1.44451
-0.01675 -0.02129 1.45079
-0.03170 -0.02771 1.45610
-0.02387 -0.03709 1.45987
-0.01230 -0.02226 1.45672
-0.02941 -0.04265 1.46081
-0.02878 -0.02048 1.45723
-0.01733 -0.01181 1.46561
-0.01685 -0.03839 1.46624
-0.01814 -0.03308 1.46214
-0.02135 -0.04818 1.45812
-0.01295 -0.03678 1.46116
-0.01672 -0.02608 1.46839
-0.01450 -0.03037 1.46794
-0.01356 -0.02740 1.47250
-0.01517 -0.02070 1.47184
-0.01051 -0.03813 1.46756
-0.01348 -0.04009 1.47394
-0.01629 -0.03073 1.47351
-0.01506 -0.01929 1.47738
-0.01631 -0.02742 1.47838
-0.01731 -0.03236 1.47599
-0.02572 -0.02409 1.48157
-0.01653 -0.03219 1.49002
-0.02181 -0.05540 1.49167
-0.01745 -0.04806 1.49672
-0.01649 -0.04726 1.50582
-0.02178 -0.02919 1.49810
-0.02333 -0.03422 1.49323
-0.01788 -0.03917 1.49484
-0.01974 -0.04458 1.50372
-0.02524 -0.03381 1.51484
-0.03439 -0.04418 1.50580
-0.03016 -0.06166 1.48815
-0.02665 -0.03372 1.48225
-0.01767 -0.02640 1.49267
-0.03080 -0.02328 1.50066
-0.02328 -0.01883 1.49459
-0.01881 -0.04233 1.49353
-0.01638 -0.04136 1.48983
-0.01336 -0.04123 1.50046
-0.02528 -0.03976 1.50736
-0.01399 -0.04820 1.50798
-0.03710 -0.03926 1.49951
-0.03054 -0.01541 1.49801
-0.05068 -0.03370 1.48800
-0.02063 -0.03407 1.48982
-0.02990 -0.02984 1.49088
-0.05137 -0.02839 1.49327
-0.03834 -0.04533 1.49173
-0.01653 -0.05320 1.48544
-0.01988 -0.03730 1.49314
-0.02617 -0.05193 1.48536
-0.03476 -0.03703 1.48584
-0.02791 -0.03958 1.48654
-0.01786 -0.02807 1.48604
-0.02954 -0.04221 1.48539
-0.02074 -0.03421 1.48680
-0.02789 -0.04641 1.48377
-0.01569 -0.04293 1.47901
-0.01855 -0.02666 1.48300
-0.02369 -0.02286 1.48822
-0.01928 -0.03347 1.48428
-0.03326 -0.04308 1.47990
-0.01447 -0.04251 1.49627
-0.02049 -0.03186 1.49249
-0.02289 -0.03467 1.49914
-0.02304 -0.05054 1.48925
-0.01887 -0.05539 1.50708
-0.02205 -0.04208 1.49412
-0.02154 -0.03571 1.50647
-0.02597 -0.02766 1.49449
-0.02607 -0.04216 1.49496
-0.02806 -0.04646 1.48910
-0.03385 -0.06017 1.48476
-0.05315 -0.04895 1.48496
-0.02653 -0.06224 1.49416
-0.02464 -0.03884 1.49814
-0.02532 -0.02884 1.49029
-0.03393 -0.05529 1.48947
-0.02903 -0.03424 1.48292
-0.03154 -0.04908 1.47819
-0.03452 -0.03073 1.47603
-0.02943 -0.06475 1.47655
-0.03005 -0.05159 1.46485
-0.03868 -0.05819 1.46369
-0.02927 -0.04233 1.46353
-0.03103 -0.05086 1.46890
-0.03844 -0.03209 1.48370
-0.03614 -0.04082 1.46804
-0.04312 -0.03746 1.45844
-0.03998 -0.08149 1.43154
-0.02983 -0.03672 1.42240
-0.03152 -0.03244 1.41438
-0.02481 -0.02108 1.40310
-0.02372 -0.03044 1.38254
-0.02556 -0.02785 1.36140
-0.03175 -0.03904 1.34769
-0.03114 -0.04227 1.33148
-0.03904 -0.06346 1.31423
-0.03900 -0.06450 1.28861
-0.02722 -0.03466 1.27572
-0.03436 -0.03800 1.26906
-0.04010 -0.04250 1.22913
-0.03573 -0.04644 1.21148
-0.03761 -0.02245 1.20374
-0.03925 -0.02587 1.18045
-0.03579 -0.04162 1.14534
-0.03158 -0.04362 1.10292
-0.03457 -0.03648 1.07706
-0.02557 -0.03360 1.05129
-0.01851 -0.02633 1.02324
-0.01408 -0.03023 0.98167
-0.02676 -0.04164 0.94563
-0.06441 -0.06187 0.90428
-0.01237 -0.03159 0.88319
-0.03976 -0.02969 0.84526
-0.02668 -0.05317 0.81431
-0.00935 -0.04205 0.78829
-0.00911 -0.00790 0.76055
-0.01615 -0.01431 0.73414
-0.02862 -0.00959 0.70711
-0.02536 -0.04050 0.67471
-0.00503 -0.02545 0.64795
-0.02097 -0.01515 0.62048
0.04201 0.02086 0.60052
0.03966 0.00742 0.59736
0.07234 0.00242 0.58353
0.06075 -0.00369 0.57907
0.04375 -0.00095 0.56862
0.04681 -0.00568 0.56350
0.04424 -0.01016 0.54587
0.04170 -0.00924 0.54073
0.04387 -0.00407 0.53271
0.02959 0.00403 0.52502
0.02351 0.00590 0.50633
0.00730 -0.00738 0.50786
0.02321 -0.00952 0.50818
0.02252 -0.00845 0.50353
0.03549 -0.01161 0.50705
0.03679 -0.01281 0.50382
0.03751 -0.00340 0.50575
0.05015 0.00377 0.51765
0.04970 0.00773 0.51769
0.04502 0.00491 0.52895
0.05730 -0.00392 0.53449
0.05262 -0.00419 0.54211
0.04603 -0.00380 0.55145
0.03532 -0.00887 0.55787
0.02641 -0.01082 0.56407
0.03079 -0.00598 0.57701
0.03377 -0.00341 0.58258
0.05907 -0.00065 0.59047
0.04220 -0.00985 0.60715
0.05281 -0.00630 0.61127
0.02574 -0.00267 0.62770
0.02258 -0.00588 0.63359
0.01586 -0.00683 0.65424
0.01507 -0.00338 0.66019
0.05695 -0.03518 0.66959
0.03117 -0.02014 0.67980
0.01282 -0.01079 0.69467
0.00053 -0.00068 0.70643
-0.00105 0.00280 0.71766
-0.00277 -0.00104 0.72908
0.01539 -0.01432 0.73480
0.00139 0.00326 0.74894
0.00199 -0.00192 0.75716
-0.00100 0.00022 0.76837
0.00014 -0.00675 0.77150
-0.00311 -0.01562 0.78340
-0.00751 -0.00677 0.79380
-0.00634 -0.00837 0.80460
-0.00441 -0.00023 0.81454
-0.00156 -0.01511 0.82266
-0.00724 -0.00139 0.83120
0.00637 -0.01501 0.84495
-0.00660 -0.00328 0.85399
-0.00331 0.00368 0.85890
-0.01779 -0.00568 0.86449
0.00419 -0.00519 0.85826
-0.01468 -0.01725 0.85148
0.01182 -0.01998 0.84177
-0.01129 0.00030 0.83856
-0.01469 -0.00516 0.82889
-0.00517 -0.00306 0.82165
-0.01853 -0.01865 0.81054
-0.02633 -0.02564 0.79924
-0.04852 -0.04643 0.78757
-0.02537 -0.02794 0.77776
-0.01813 -0.01526 0.76927
-0.03064 0.00580 0.76514
-0.01721 0.00493 0.76265
-0.02915 -0.00459 0.75212
-0.01230 -0.02744 0.73766
-0.00533 -0.02710 0.72705
-0.02397 0.00261 0.72491
-0.02638 0.00817 0.72186
-0.03581 -0.00663 0.71336
-0.02569 -0.01969 0.70911
-0.02375 -0.02806 0.69920
-0.02700 -0.02412 0.69897
-0.02495 -0.02519 0.70532
-0.01737 -0.01738 0.71244
0.01128 0.00696 0.71788
0.00050 -0.00268 0.72213
-0.00167 -0.01290 0.71985
-0.01229 -0.02749 0.72079
-0.02888 -0.03346 0.71864
